31-2601,aHR0cDovL3RzaG9wLnIxMHMuanAvbW95b3VnYWVob25wby9jYWJpbmV0L3NoZWV0L3JlYXRlYy9yZWF0ZWNfaXRlbS9pbWdyYzAwNjMzMzE5NjQuanBnP2ZpdGluPTcwMDo3MDA=,MjkxLjIwMDA=,,6Iqx44O744Ks44O844OH44Oz44O7RElZID4g5L2P5a6F5bu65p2Q44O76Kit5YKZID4g5aOB5p2QID4g44Gd44Gu5LuW,44K344Oz44Kw44Or44Kr44Op44O877yI5Y2Y6Imy77yJIOOAkOOCouOCpOODnOODquODvC/osaHniZkv44OZ44O844K444Ol44CRIOOCteODs+OCsuODhC/jg6rjgqLjg4bjg4Pjgq8v44Kr44OD44OG44Kj44Oz44Kw44K344O844OIL+WvkuiJsi/lsYvlpJbkvb/nlKjlj68v5oqX6I+M44O76Ziy44Kr44OTL+OCqOODs+ODnOOCuS/ljJbnsqfjgrfjg7zjg4gv5aGp44OT44K344O844OIL+eymOedgC/jgrfjg7zjg6svRElZL+ODquODleOCqeODvOODoC/jg6rjg6HjgqTjgq8v44CQ44Oh44O844Kr44O855u06YCB4oeS6YCB5paZ54Sh5paZ44CRIFRBL+ODquOCouODhuODg+OCr+OCt+ODvOODiA==,44CQ6YCB5paZ54Sh5paZ44CR44K144Oz44Ky44OEL+ODquOCouODhuODg+OCry/jgqvjg4Pjg4bjgqPjg7PjgrDjgrfjg7zjg4gv,PHN0eWxlIHR5cGU9InRleHQvY3NzIj48IS0tCnNwYW4udW5pdCB7YmFja2dyb3VuZDogdXJsKCJodHRwOi8vaW1hZ2UucmFrdXRlbi5jby5qcC9tb3lvdWdhZWhvbnBvL2NhYmluZXQvaW1ncmMwMDY4NDk3NjQ1LmpwZyIpIG5vLXJlcGVhdCBsZWZ0IHRvcDsKdGV4dC1pbmRlbnQ6LTk5OTk7CmRpc3BsYXk6IGJsb2NrOwp3aWR0aDogNDAwcHg7IGhlaWdodDogMTAwcHg7Cm1hcmdpbjoxNXB4IDA7IH0KLS0+PC9zdHlsZT4KCgo8ZGl2IHN0eWxlPSIgd2lkdGg6ODAwcHg7IGZvbnQtZmFtaWx5Oifjg5Ljg6njgq7jg47op5LjgrQgUHJvIFczJywgJ0hpcmFnaW5vIEtha3UgR290aGljIFBybycsICfjg6HjgqTjg6rjgqonLCBNZWlyeW8sIE9zYWthLCAn77yt77yzIO+8sOOCtOOCt+ODg+OCrycsICdNUyBQR290aGljJywgc2Fucy1zZXJpZjsgbWFyZ2luOjAgYXV0bzsiIGFsaWduPSJjZW50ZXIiICA+Cgo8IS0t44K/44Kk44OI44Or6YOo5YiGLS0+CjxjZW50ZXI+PGgxIHN0eWxlPSJjb2xvcjojNjY2NjY2OyBmb250LXNpemU6MjBweDsiPuOCteODs+OCsuODhOOAgOODquOCouODhuODg+OCr+OAgOOCq+ODg+ODhuOCo+ODs+OCsOOCt+ODvOODiDxicj4K44K344Oz44Kw44Or44Kr44Op44O8L+eEoeWcsOOAkOOCqOODs+ODnOOCuS/jg5Xjg6njg4Pjg4gv44Kw44Ot44K544CRCjwvaDE+PC9jZW50ZXI+CjxpbWcgc3JjPSJodHRwOi8vaW1hZ2UucmFrdXRlbi5jby5qcC9tb3lvdWdhZWhvbnBvL2NhYmluZXQvc2hlZXQvcmVhdGVjLzA0MTYyMTM0L2ltZ3JjMDA2MzI2MTQxMy5qcGciPgo8aHI+CjxpbWcgc3JjPSJodHRwOi8vaW1hZ2UucmFrdXRlbi5jby5qcC9tb3lvdWdhZWhvbnBvL2NhYmluZXQvc2hlZXQvcmVhdGVjLzA0MTYyMTM0L2ltZ3JjMDA2MzMzMjIxMS5qcGciPgo8IS0t44GT44GT44G+44Gn44K/44Kk44OI44Or6YOo5YiGLS0+Cgo8IS0t5pa95bel5LqL5L6LLS0+CjxoMj7lvZPlupfjga7mlr3lt6Xkuovkvos8L2gyPgoKPGltZyBzcmM9Imh0dHA6Ly9pbWFnZS5yYWt1dGVuLmNvLmpwL21veW91Z2FlaG9ucG8vY2FiaW5ldC9zaGVldC9yZWF0ZWMvMDQxNjIxMzQvaW1ncmMwMDYzMjYxNDE1LmpwZyI+PGJyPgo8IS0t44GT44GT44G+44Gn5pa95bel5LqL5L6LLS0+Cgo8IS0t44Ko44Ki44K544Or44O844Gr44Gk44GE44GmLS0+CjxoMj7nvo7jgZfjgYTku5XkuIrjgYzjgorjgajlt6XmnJ/jga7nn63nuK7jgpLkuKHnq4s8L2gyPgo8cD48aW1nIHNyYz0iaHR0cDovL2ltYWdlLnJha3V0ZW4uY28uanAvbW95b3VnYWVob25wby9jYWJpbmV0L3NoZWV0L3JlYXRlYy9pbWdyYzAwNjI2NjQyNDMuanBnIj4KPC9wPgo8IS0t44GT44GT44G+44Gn44Ko44Ki44K544Or44O844Gr44Gk44GE44GmLS0+Cgo8IS0t44Kr44Op44O844OQ44Oq44Ko44O844K344On44OzLS0+CjxoMj7osYrlr4zjgarjgqvjg6njg7zjg5Djg6rjgqjjg7zjgrfjg6fjg7M8L2gyPgo8cD48aW1nIHNyYz0iaHR0cDovL2ltYWdlLnJha3V0ZW4uY28uanAvbW95b3VnYWVob25wby9jYWJpbmV0L3NoZWV0L3JlYXRlYy9yZWF0ZWNfaXRlbS9pbWdyYzAwNjMzMzE5NzQuanBnIj48IS0t44GT44GT44G+44Gn44Kr44Op44O844OQ44Oq44Ko44O844K344On44OzLS0+Cgo8IS0t6LK844KK5pa544O76YGT5YW3LS0+Cjxocj4KPHA+PGltZyBzcmM9Imh0dHA6Ly9pbWFnZS5yYWt1dGVuLmNvLmpwL21veW91Z2FlaG9ucG8vY2FiaW5ldC9oYXJpa2F0YS9pbWdyYzAwNjMxMzk0OTUuanBnIiBhbHQ9IuOCt+ODvOODiOOBruiyvOOCiuaWueOAgOOCt+ODvOODiOOBruW8teOCiuaWueOAgOiyvOOCiuOBi+OBn+OAgOW8teOCiuOBi+OBn+OAgOOCq+ODg+ODhuOCo+ODs+OCsOOCt+ODvOODiCIgPjwvcD4KPGhyPgo8cD48aW1nIHNyYz0iaHR0cDovL2ltYWdlLnJha3V0ZW4uY28uanAvbW95b3VnYWVob25wby9jYWJpbmV0L3NoZWV0L3NlYXRfZG91Z3UvaW1nNTc0ODUxMTQuZ2lmIj48L3A+Cgo8ZGl2IHN0eWxlPSJ3aWR0aDo4MDBweDsiIGNsYXNzPSJjc19pdGVtIj4KPGEgaHJlZj0iaHR0cDovL2l0ZW0ucmFrdXRlbi5jby5qcC9tb3lvdWdhZWhvbnBvL2tvdWd1LWRpbm9jcHVyYWltYS0vIj48aW1nIAoKc3JjPSJodHRwOi8vaW1hZ2UucmFrdXRlbi5jby5qcC9tb3lvdWdhZWhvbnBvL2NhYmluZXQvc2hlZXQvc2VhdF9kb3VndS9pbWc1NzQ4NTExNi5naWYiIHdpZHRoPSIxNTAiIAp0aXRsZT0i44K344O844OI44Gu57KY552A5Yqb44KS6auY44KB44G+44GZCuWfuuacrOeahOOBq+OBr+Whl+W4g+OCkuOBiuOBmeOBmeOCgeOBl+OBvuOBmSI+PC9hPgoKPGEgaHJlZj0iaHR0cDovL2l0ZW0ucmFrdXRlbi5jby5qcC9tb3lvdWdhZWhvbnBvL2RvdWd1LWt5b2t1dG91LXBpdGF0dG9rdW5uMTBtYWkvIj4KPGltZyBzcmM9Imh0dHA6Ly9pbWFnZS5yYWt1dGVuLmNvLmpwL21veW91Z2FlaG9ucG8vY2FiaW5ldC9zaGVldC9zZWF0X2RvdWd1L2ltZzU3NDg1MTE1LmdpZiIgd2lkdGg9IjE1MCIgCnRpdGxlPSLjgrnjgq3jg7zjgrjjg7zvvIbjg5Tjgr/jg4PjgajjgY/jgpMK6LK844KK44KE44GZ44GV44GM44Kw44OD44Go5aSJ44KP44KK44G+44GZIj48L2E+Cgo8YSBocmVmPSJodHRwOi8vaXRlbS5yYWt1dGVuLmNvLmpwL21veW91Z2FlaG9ucG8vb3J1ZmEtY3V0dGVyLyI+CjxpbWcgc3JjPSJodHRwOi8vaW1hZ2UucmFrdXRlbi5jby5qcC9tb3lvdWdhZWhvbnBvL2NhYmluZXQvc2hlZXQvc2VhdF9kb3VndS9pbWc1NzQ4NTExMi5naWYiIHdpZHRoPSIxNTAiIAp0aXRsZT0i6IG35Lq644KC5L2/55So44GZ44KL44Kr44OD44K/44O8CuWIh+OCjOWRs+OBjOOCiOOBhOOBqOS7leS4iuOBjOOCiuOCgumBleOBhOOBvuOBmSI+PC9hPgoKPGEgaHJlZj0iaHR0cDovL2l0ZW0ucmFrdXRlbi5jby5qcC9tb3lvdWdhZWhvbnBvL2R1b3RlY2stdHJpbWFyLyI+CjxpbWcgc3JjPSJodHRwOi8vaW1hZ2UucmFrdXRlbi5jby5qcC9tb3lvdWdhZWhvbnBvL2NhYmluZXQvc2hlZXQvc2VhdF9kb3VndS9pbWc1NzQ4NTExNy5naWYiIHdpZHRoPSIxNTAiIAp0aXRsZT0i6KOP57SZ44Gg44GR44KS5YiH44KL44Kr44OD44K/44O844CACuOCuOODp+OCpOODs+ODiOaWveW3peOBruOBqOOBjeOBq+OBr+W/hemgiCI+PC9hPgoKPGEgaHJlZj0iaHR0cDovL2l0ZW0ucmFrdXRlbi5jby5qcC9tb3lvdWdhZWhvbnBvL3N0ZW5yZXMtamliZXJhLTVzdW5uLyI+CjxpbWcgc3JjPSJodHRwOi8vaW1hZ2UucmFrdXRlbi5jby5qcC9tb3lvdWdhZWhvbnBvL2NhYmluZXQvc2hlZXQvc2VhdF9kb3VndS9pbWc1NzQ4NTExMy5naWYiIHdpZHRoPSIxNTAiIAp0aXRsZT0i5Zyw44OZ44Op44CACuODl+ODqeOCpOODnuODvOOCkuWhl+OCi+OBqOOBjeOChArpmoXjgpLliIfjgovjgqvjg4Pjgr/jg7zjgqzjgqTjg4njgajjgZfjgabjgoIiPjwvYT4KPGJyPgo8YnI+Cgo8aDI+44GU6LO85YWl44Gr44Gk44GE44Gm77yI5b+F44Ga44GK6Kqt44G/44GP44Gg44GV44GE77yJPC9oMj4KPElNRyBzcmM9Imh0dHA6Ly9pbWFnZS5yYWt1dGVuLmNvLmpwL21veW91Z2FlaG9ucG8vY2FiaW5ldC9vcmRlcl9tZXRob2QvaG93dG9fb3JkZXIvaW1nNTc0ODUwOTAuZ2lmIiB3aWR0aD0iNzYwIiBzdHlsZT0ibWFyZ2luOjBweDsiPgo8cCBhbGlnbj0ibGVmdCIgc3R5bGU9Im1hcmdpbjowcHg7IHdpZHRoOjcyMHB4OyI+44GU6LO85YWl44Gu6Zqb44GvPGI+44K344O844OI5bmFMTIyY23Dl+mVt+OBlTEwY23jgacx5YCL44Gu44GU5rOo5paHPC9iPuOBqOOBquOCiuOBvuOBmeOAgjxicj4KICA8Yj48Zm9udCBjb2xvcj0iI0ZGMDAwMCI+44GU5rOo5paH44GvMTDlgIvku6XkuIrvvIjplbfjgZXvvJHvvY3ku6XkuIrvvInjgYvjgok8L2ZvbnQ+PC9iPuOBqOOBquOCiuOBvuOBmeOAgjxicj4KICDjgarjgYrjgIHlkIzkuIDlk4HnlarjgafopIfmlbDjgavliIbjgZHjgZ/jgqvjg4Pjg4jjgpLmib/jgovjgZPjgajjga/jgafjgY3jgb7jgZvjgpPjga7jgafjgIHjgZTkuobmib/jgY/jgaDjgZXjgYTjgII8L3A+Cjxocj4KPElNRyBzcmM9Imh0dHA6Ly9pbWFnZS5yYWt1dGVuLmNvLmpwL21veW91Z2FlaG9ucG8vY2FiaW5ldC9zaGVldC9yZWF0ZWMvaW1nNTkxODUxNDQuZ2lmIiB3aWR0aD0iNzYwIiBib3JkZXI9IjAiPgoKPHAgYWxpZ249ImxlZnQiIHN0eWxlPSJtYXJnaW46OHB4IDAgMCAwOyB3aWR0aDo3MjBweDsiPjxzcGFuIHN0eWxlPSJmb250LXdlaWdodDpib2xkOyBjb2xvcjpyZWQ7Ij7ku6Pph5HlvJXmj5vjga7loLTlkIjjga/lvZPlupfjgojjgornmbrpgIHjgajjgarjgovjgZ/jgoHpgIHmlpnjg7vku6PlvJXmiYvmlbDmlpnjgYzliKXpgJTlv4XopoHjgajjgarjgorjgb7jgZnjgII8L3NwYW4+PGJyPgogIOOBlOazqOaWh+W+jOOBq+OAgeW9k+W6l+OBp+mAgeaWmeOCkuS/ruato+OBruOBhuOBiOaKmOOCiui/lOOBl+OBlOmAo+e1oeOBhOOBn+OBl+OBvuOBmeOAgjxicj4KICDpioDooYzmjK/ovrzjga7loLTlkIjjga/jgIHpgIHmlpnkv67mraPlvozjga7ph5HpoY3jgpLjgZTnorroqo3jga7jgYbjgYjjgYrmjK/ovrzjgYTjgZ/jgaDjgY3jgb7jgZnjgojjgYbjgIHjgojjgo3jgZfjgY/jgYrpoZjjgYTjgYTjgZ/jgZfjgb7jgZnjgII8L3A+Cgo8cCBhbGlnbj0icmlnaHQiPgo8SU1HIHNyYz0iaHR0cDovL2ltYWdlLnJha3V0ZW4uY28uanAvbW95b3VnYWVob25wby9jYWJpbmV0L3NoZWV0L3Bhcm9pL21hc3Rlci9pbWc1NzIzNTY4MS5qcGciPjxicj4KPElNRyBzcmM9Imh0dHA6Ly9pbWFnZS5yYWt1dGVuLmNvLmpwL21veW91Z2FlaG9ucG8vY2FiaW5ldC9zaGVldC9wYXJvaS9tYXN0ZXIvaW1nNTcyMzU2ODUuanBnIiB3aWR0aD0iMTQ0IiBoZWlnaHQ9IjI2IiBib3JkZXI9IjAiIHZzcGFjZT0iMTUiIGhzcGFjZT0iNSI+CjxJTUcgc3JjPSJodHRwOi8vaW1hZ2UucmFrdXRlbi5jby5qcC9tb3lvdWdhZWhvbnBvL2NhYmluZXQvc2hlZXQvcGFyb2kvbWFzdGVyL2ltZzU3MjM1Njg3LmpwZyIgd2lkdGg9IjE0NCIgaGVpZ2h0PSIyNiIgYm9yZGVyPSIwIiB2c3BhY2U9IjE1IiBoc3BhY2U9IjUiPgo8SU1HIHNyYz0iaHR0cDovL2ltYWdlLnJha3V0ZW4uY28uanAvbW95b3VnYWVob25wby9jYWJpbmV0L3NoZWV0L3Bhcm9pL21hc3Rlci9pbWc1NzIzNTcwNC5qcGciIHdpZHRoPSIyMTkiIGhlaWdodD0iMjYiIGJvcmRlcj0iMCIgdnNwYWNlPSIxNSIgaHNwYWNlPSI1Ij4KPElNRyBzcmM9Imh0dHA6Ly9pbWFnZS5yYWt1dGVuLmNvLmpwL21veW91Z2FlaG9ucG8vY2FiaW5ldC9zaGVldC9wYXJvaS9tYXN0ZXIvaW1nNTcyMzU2ODYuanBnIiB2c3BhY2U9IjE1IiBoc3BhY2U9IjUiPjwvcD4KCgo8L2Rpdj4KPC9kaXY+CjwhLS3plqLpgKPllYbmnZDjg6rjg7Pjgq8g44GT44GT44GL44KJLS0+CjxzdHlsZSB0eXBlPSJ0ZXh0L2NzcyI+Ci5rYW5yZW4gaW1newptYXJnaW4tYm90dG9tOjFweDt9Ci5rYW5yZW4gaDN7IApmb250LWZhbWlseToi44OS44Op44Ku44OO6KeS44K0IFBybyBXMyIsICJIaXJhZ2lubyBLYWt1IEdvdGhpYyBQcm8iLCAi44Oh44Kk44Oq44KqIiwgTWVpcnlvLCBPc2FrYSwgIu+8re+8syDvvLDjgrTjgrfjg4Pjgq8iLCAiTVMgUEdvdGhpYyIsIHNhbnMtc2VyaWY7IGNvbG9yOiMzOyBmb250LXNpemU6MTJweDsgZm9udC13ZWlnaHQ6Ym9sZDsgbWFyZ2luLWJvdHRvbTo0cHg7fQoua2FucmVuIHB7Cm1hcmdpbi1ib3R0b206MnB4O30KPC9zdHlsZT4KPGRpdiBjbGFzcz0iZ29vZHMtdGJsIiBzdHlsZT0icGFkZGluZy1ib3R0b206MHB4OyI+CjxkaXYgY2xhc3M9ImthbnJlbiI+CjxwIHN0eWxlPSJmb250LXdlaWdodDpib2xkOyB0ZXh0LWFsaWduOmNlbnRlcjsiPu+9niDlo4HjgajluorjgpLkuIDnt5Ljgavjg6rjg47jg5njg7zjgrfjg6fjg7PjgZfjgb7jgZvjgpPjgYvvvJ8g772ePC9wPgo8cD48aW1nIHNyYz0iaHR0cDovL2ltYWdlLnJha3V0ZW4uY28uanAvbW95b3VnYWVob25wby9jYWJpbmV0L2Jhbm5lci9pbWdyYzAwNjI2NTM3NzYuanBnIiB3aWR0aD0iNDIwIj48YnIgLz4K57Ch5Y2Y44Kr44OD44OI44Gu44OR44ON44Or5LiL5Zyw44Gn44OX44Ot44Gu5LuV5LiK44GM44KKPC9wPgo8cD48aW1nIHNyYz0iaHR0cDovL2ltYWdlLnJha3V0ZW4uY28uanAvbW95b3VnYWVob25wby9jYWJpbmV0L2tlbnphaS9vZnVyb2EvaW1ncmMwMDYyNjM0NjczLmpwZyIgd2lkdGg9IjQyMCI+PGJyIC8+CuOCteODs+OCsuODhCDjgYrpoqjlkYLjga7luormnZAg44Kq44OV44Ot44KiIOWkp+S6uuawlzwvcD4KPHA+PGltZyBzcmM9Imh0dHA6Ly9pbWFnZS5yYWt1dGVuLmNvLmpwL21veW91Z2FlaG9ucG8vY2FiaW5ldC9iYW5uZXIvaW1nNjEwMjU4MTAuanBnIiB3aWR0aD0iNDIwIj48YnIgLz4K5Ya344Gf44GEIOa7keOBo+OBpuaAluOBhCDjgpLop6Pmsbog5rW05a6k5bqK5p2QIOaPg+OBo+OBpuOBhOOBvuOBmTwvcD4KPHAgY2xhc3M9Imdvb2RzLW5leHQiIHN0eWxlPSJtYXJnaW46MHB4OyI+PC9wPgo8L2Rpdj4KPC9kaXY+CjwhLS3plqLpgKPllYbmnZDjg6rjg7Pjgq8g44GT44GT44G+44GnLS0+CjxESVYgY2xhc3M9Imdvb2RzLXRibCI+Cgo8aDIgY2xhc3M9Imdvb2RzLXRpdGxlIj4K5ZWG5ZOB6Kqs5piOCjwvaDI+Cgo8aDMgY2xhc3M9Imdvb2RzLWxlZnQiPuWTgeeVqjwvaDM+CjxkaXYgY2xhc3M9Imdvb2RzLXJpZ2h0Ij4KICA8cD7jgrfjg7PjgrDjg6vjgqvjg6njg7wg5Y2Y6Imy44CA5YWoMTHngrk8QlI+PC9wPgogICAg77yI44CA77yJ44Gv5pen5ZOB55Wq44Go44Gq44KK44G+44GZ44CCPGJyPgogICAg44CA44O7VEEtODMwOCAoNzMxNik8YnI+CiAgICDjgIDjg7tUQS04MzA5ICg3MzE3KTxicj4KICAgIOOAgOODu1RBLTgzMTAgKDczMTgpPGJyPgogICAg44CA44O7VEEtODMxMSAoNzMxOSk8YnI+CiAgICDjgIDjg7tUQS04MzEyICg3MzIwKTxicj4KICAgIOOAgOODu1RBLTgzMTUgKDczMDgpPGJyPgogICAg44CA44O7VEEtODMxNiAoNzMwOSk8YnI+CiAgICDjgIDjg7tUQS04MzE3ICg3MzEwKTxicj4KICAgIOOAgOODu1RBLTgzMTggKOaWsOiJsik8YnI+CiAgICDjgIDjg7tUQS04MzE5ICjmlrDoibIpPGJyPgogICAg44CA44O7VEEtODMyMCAo5paw6ImyKTxicj4KCiAgICAtLS0tLS0tLS0tLS0tLS0tLS0tLS0tLS0tLS0tLS0tLS0tLS0tLS0tPGJyPgogICAgCiAgICAKPEZPTlQgY29sb3I9IiNmZjAwMDAiPuKAu+OBiuS9v+OBhOOBruODkeOCveOCs+ODs+eSsOWig+OBq+OCiOOCiuOAgeWVhuWTgeOBruiJsuOBjOimi+acrOOBqOWkmuWwkeeVsOOBquOCi+WgtOWQiOOBjOOBguOCiuOBvuOBmeOAgjwvRk9OVD48L3A+CjwvZGl2PgoKPHAgY2xhc3M9Imdvb2RzLW5leHQiPjwvcD4KCjxIMyBjbGFzcz0iZ29vZHMtbGVmdCI+5ZWG5ZOB44K144Kk44K6PC9oMz4KPFAgY2xhc3M9Imdvb2RzLXJpZ2h0Ij7llYblk4Hlt77jgIAxMjJjbS/ljprjgb/jgIDntIQwLjJtbTxicj4K6ZW344GV44GvMW3ku6XkuIoxMGNt5Y2Y5L2N44Gu44Kr44OD44OI6LKp5aOyPEJSPgo8Rk9OVCBjb2xvcj0iI2ZmMDAwMCI+4oC744GU5rOo5paH44GvMTDlgIvvvIgx772N77yJ5Lul5LiK44GL44KJ44Go44Gq44KK44G+44GZ44CCPC9GT05UPjxCUj4KMe+9jeOBlOazqOaWh+KGkjEw5YCL77yPM++9jTIw772D772N44GU5rOo5paH4oaSMzLlgIs8L3A+Cgo8cCBjbGFzcz0iZ29vZHMtbmV4dCI+PC9wPgoKPGgzIGNsYXNzPSJnb29kcy1sZWZ0Ij7ov5Tlk4Hjg7vkuqTmj5vjgavjgaTjgYTjgaY8L2gzPgo8cCBjbGFzcz0iZ29vZHMtcmlnaHQiPuOBk+OBoeOCieOBruWVhuWTgeOBr+OBiuWuouanmOmDveWQiOOBq+OCiOOCi+i/lOWTgeODu+S6pOaPm+OBr+aJv+OCi+S6i+OBjOOBp+OBjeOBvuOBm+OCkzwvcD4KPHAgY2xhc3M9Imdvb2RzLXJpZ2h0Ij4K6L+U5ZOB44O75Lqk5o+b44Gu6Kmz57Sw44Gv44GT44Gh44KJ44KS44GU6Kan44GP44Gg44GV44GEPC9wPgoKPHAgY2xhc3M9Imdvb2RzLW5leHQiPjwvcD4KCjxoMyBjbGFzcz0iZ29vZHMtbGVmdCI+5pa95bel44Gr6Zai44GX44Gm44Gu44GU55WZ5oSP54K577yI44Oh44O844Kr44O86LOH5paZ77yJPC9oMz4KPHAgY2xhc3M9Imdvb2RzLXJpZ2h0Ij4K5pa95bel44Gr6Zai44GZ44KL6LOH5paZ44Gv44GT44Gh44KJ44KS44GU6Kan5LiL44GV44GEIDwvcD4KCjxwIGNsYXNzPSJnb29kcy1uZXh0Ij48L3A+Cgo8aDMgY2xhc3M9Imdvb2RzLWxlZnQiPuijveWTgeaDheWgsS/pmLLngavoqo3lrprnlarlj7fvvIjjg6Hjg7zjgqvjg7zos4fmlpnvvIk8L2gzPgo8cCBjbGFzcz0iZ29vZHMtcmlnaHQiPgroo73lk4HjgavplqLjgZnjgovos4fmlpnjga/jgZPjgaHjgonjgpLjgZTopqfkuIvjgZXjgYQgPC9wPgoKPHAgY2xhc3M9Imdvb2RzLW5leHQiPjwvcD4KCjxoMyBjbGFzcz0iZ29vZHMtbGVmdCI+44Kr44OD44OG44Kj44Oz44Kw55So44K344O844OI77yI5aGp44OT44K344O844OI77yJ44Go44Gv77yfPC9oMz4KPHAgY2xhc3M9Imdvb2RzLXJpZ2h0Ij4K44Kr44OD44OG44Kj44Oz44Kw55So44K344O844OI77yI44OV44Kj44Or44Og44CB44Kk44Oz44OG44Oq44Ki44K344O844OI44CB5YyW57Kn44K344O844OI44CB57KY552A44K344O844OI77yJ44Gv5YSq44KM44Gf5by35bqm44Go576O44GX44GE44OH44K244Kk44Oz44GM5pa944GV44KM44Gf5aOB6KOF55So44Gu44K344O844Or44Gn44GZ44CCPEJSPgrpgJrluLjjgIHjgrfjg7zjg4jjga7oo4/jga/jgrfjg7zjg6vnirbjgavjgarjgaPjgabjgYrjgorjgIHjgZ3jga7nspjnnYDmgKfjgoLpq5jjgY/jgIHluYXluoPjgYTkuIvlnLDjgbjjga7osrzjgorku5jjgZHjgYzlj6/og73jgafjgZnjgII8QlI+Cui/keW5tOOBp+OBr+eUqOmAlOOCguWkmuWykOOBq+a4oeOCiuOAgeODnuODs+OCt+ODp+ODs+OChOaIuOW7uuS9j+WuheOBruWGheijheOBi+OCieOAgeOCquODleOCo+OCueOAgeODm+ODhuODq+OChOS4gOiIrOW6l+iIl+OAgeeXhemZouOAgeS7i+itt+aWveioreOAgeOBleOCieOBq+OBr+a4qea1tOaWveioreOChOODkeODgeODs+OCs+W6l+OBquOBqeOBrumBiuaIr+aWveioreOBrueuoeeQhuiAheOAgeOCquODvOODiuODvOOBrueahuanmOOBq+WlveipleOCkuWNmuOBl+OBpuOBhOOBvuOBmeOAgjxCUj4K44GT44Gu44KI44GG44Gr5Yip5L6/5oCn44GM6auY44GE5bu65p2Q44Gu44Gf44KB44CBM03vvIjjgrnjg6rjg7zjgqjjg6Djg7vjg4DjgqTjg47jg4Pjgq/jg7tESS1OT0PvvInjgIHjgrXjg7PjgrLjg4TvvIjjg6rjgqLjg4bjg4Pjgq/jg7tSRUFURUPvvInjgIHjg6rjg7Pjg4bjg4Pjgq/jgrXjgqTjg7Pjgrfjgrnjg4bjg6DvvIjjg5Hjg63jgqLjg7tQQVJPSSnjgIHjgqLjgqTjgqvvvIjjgqrjg6vjg4bjgqPjg47jg7tBbHR5bm/vvInjgIHjgrfjg7zjgqLjgqTljJbmiJDvvIjjg5njg6vjg5PjgqLjg7Pjg7tiZWxiaWVu77yJ44Gq44Gp44Gu5pyJ5ZCN44Oh44O844Kr44O844GM5aSa5b2p44Gq44Op44Kk44Oz44OK44OD44OX44KS5bGV6ZaL44GX44Gm44GE44G+44GZ44CCPEJSPgrjgb7jgZ/jgIHoh6rli5Xou4rjgavmioDooZPnmoTjgavpoZ7kvLzjga7jg6njg4Pjg5Tjg7PjgrDjg5XjgqPjg6vjg6DvvIjjg6njg4Pjg5fjg5XjgqPjg6vjg6DvvInjgpLosrzjgorku5jjgZHjgabjgIHloZfoo4XjgpLlpInmm7TjgZnjgovjgZPjgajjgarjgY/jgIHjgq/jg6vjg57jga7jgqTjg6Hjg7zjgrjjgpLlpInmm7TjgafjgY3jgovjgqvjg7zjg6njg4Pjg5Tjg7PjgrDjgoLlhajkuJbnlYznmoTjgavkurrmsJfjgYzjgYLjgorjgb7jgZnjgII8QlI+CuOBk+OBoeOCieOBr+S9j+WPizNN77yI44K544Kz44OD44OB44OX44Oq44Oz44OI44O7U2NvdGNocHJpbnQp44KE44Oq44Oz44OG44OD44Kv44K144Kk44Oz44K344K544OG44Og77yI44O044Kn44Op44OD44OX44K544O7VmV3cmFwc++8ieOAgea1t+WkluOBq+ebruOCkuOCgOOBkeOCi+OBqEF2ZXJ5IERlbm5pc29uIFN1cHJlbWUgV3JhcHBpbmcgRmlsbSDjgarjganlpJrjgY/jga7jg5bjg6njg7Pjg4njgafjgqvjg7zjg6njg4Pjg5Tjg7PjgrDjga7mpb3jgZfjgZXjgpLmj5DmoYjjgZfjgabjgYTjgb7jgZnjgII8QlI+CjwvcD4KCjxwIGNsYXNzPSJnb29kcy1uZXh0Ij48L3A+Cgo8L2Rpdj4KPCEtLeODquOCouODhuODg+OCr+axjueUqOODquODs+OCryDjgZPjgZPjgYvjgoktLT4KPHN0eWxlIHR5cGU9InRleHQvY3NzIj4KLmdvb2RzLW5hdmkgaW1newp3aWR0aDoyMTJweDsKdGV4dC1hbGlnbjpjZW50ZXI7fQo8L3N0eWxlPgoKPGRpdiBjbGFzcz0iZ29vZHMtdGJsIiBzdHlsZT0icGFkZGluZy1ib3R0b206MHB4OyI+CjxkaXYgY2xhc3M9Imdvb2RzLW5hdmkiPgogPGltZyBzcmM9Imh0dHA6Ly9pbWFnZS5yYWt1dGVuLmNvLmpwL21veW91Z2FlaG9ucG8vY2FiaW5ldC9zaGVldC9kaS1ub2Mvb3RoZXJfaW1hZ2VzL2ltZzYxMjc3MTY2LmpwZyIgLz4KICA8aW1nIHNyYz0iaHR0cDovL2ltYWdlLnJha3V0ZW4uY28uanAvbW95b3VnYWVob25wby9jYWJpbmV0L3NoZWV0L2RpLW5vYy9vdGhlcl9pbWFnZXMvaW1nNjEyNjA4ODguanBnIiAvPgogIDxpbWcgc3JjPSJodHRwOi8vaW1hZ2UucmFrdXRlbi5jby5qcC9tb3lvdWdhZWhvbnBvL2NhYmluZXQvc2hlZXQvZGktbm9jL290aGVyX2ltYWdlcy9pbWc2MTI2MDg4NS5qcGciIC8+CjxpbWcgc3JjPSJodHRwOi8vaW1hZ2UucmFrdXRlbi5jby5qcC9tb3lvdWdhZWhvbnBvL2NhYmluZXQvc2hlZXQvZGktbm9jL290aGVyX2ltYWdlcy9pbWc2MTI3NzE2Ny5qcGciIC8+CjxpbWcgc3JjPSJodHRwOi8vaW1hZ2UucmFrdXRlbi5jby5qcC9tb3lvdWdhZWhvbnBvL2NhYmluZXQvc2hlZXQvZGktbm9jL290aGVyX2ltYWdlcy9pbWc2MTI2MDg4Ni5qcGciIC8+CjxpbWcgc3JjPSJodHRwOi8vaW1hZ2UucmFrdXRlbi5jby5qcC9tb3lvdWdhZWhvbnBvL2NhYmluZXQvc2hlZXQvZGktbm9jL290aGVyX2ltYWdlcy9pbWc2MTI2MDg4OS5qcGciIC8+CjxpbWcgc3JjPSJodHRwOi8vaW1hZ2UucmFrdXRlbi5jby5qcC9tb3lvdWdhZWhvbnBvL2NhYmluZXQvc2hlZXQvZGktbm9jL290aGVyX2ltYWdlcy9pbWc2MTI2MDg4Ny5qcGciIC8+CjxpbWcgc3JjPSJodHRwOi8vaW1hZ2UucmFrdXRlbi5jby5qcC9tb3lvdWdhZWhvbnBvL2NhYmluZXQvc2hlZXQvZGktbm9jL290aGVyX2ltYWdlcy9pbWc2MTI2MDg5MC5qcGciIC8+CjwvZGl2Pgo8cCBjbGFzcz0iZ29vZHMtbmV4dCIgc3R5bGU9Im1hcmdpbjowcHg7Ij48L3A+CjwvZGl2Pgo8IS0t44Oq44Ki44OG44OD44Kv5rGO55So44Oq44Oz44KvIOOBk+OBk+OBvuOBpy0tPjxzdHlsZSB0eXBlPSJ0ZXh0L2NzcyI+CjwhLS0KCi8q5ZWG5ZOB5ZCN44Gu44OV44Kp44Oz44OI5oOF5aCxKi8KLml0ZW1fbmFtZSB7CglkaXNwbGF5OmJsb2NrOwoJbWFyZ2luOjAgMCA4cHggMDsKCWZvbnQtZmFtaWx5OiLjg5Ljg6njgq7jg47op5LjgrQgUHJvIFczIiwgIkhpcmFnaW5vIEtha3UgR290aGljIFBybyIsICLjg6HjgqTjg6rjgqoiLCBNZWlyeW8sIE9zYWthLCAi77yt77yzIO+8sOOCtOOCt+ODg+OCryIsICJNUyBQR290aGljIiwgc2Fucy1zZXJpZjsKCWZvbnQ6Ym9sZCAxNnB4OwoJY29sb3I6IzMzMzsKCWxpbmUtaGVpZ2h0OjEyMCU7Cgp9Ci8q44Kt44Oj44OD44OB44Kz44OU44O844Gu44OV44Kp44Oz44OI5oOF5aCxKi8KLmNhdGNoX2NvcHkgewoJZGlzcGxheTpibG9jazsKCW1hcmdpbjowIDAgOHB4IDAgOwoJZm9udC1mYW1pbHk6IuODkuODqeOCruODjuinkuOCtCBQcm8gVzMiLCAiSGlyYWdpbm8gS2FrdSBHb3RoaWMgUHJvIiwgIuODoeOCpOODquOCqiIsIE1laXJ5bywgT3Nha2EsICLvvK3vvLMg77yw44K044K344OD44KvIiwgIk1TIFBHb3RoaWMiLCBzYW5zLXNlcmlmOwoJZm9udC1zaXplOjE0cHg7Cgljb2xvcjojMzMzOwp9CgovKuebrueOieWVhuWTgeOBruaWh+WtlyovCmEubG9zc2xlYWRlcl9pdGVtX25hbWU6bGluayB7Cgljb2xvcjojNTU1OwoJZm9udC1zaXplOjEzcHg7Cn0KCnNwYW4ubG9zc2xlYWRlcl9wcmljZTJ7Cgljb2xvcjojRkYwMDAwOwoJZm9udC1zaXplOjEycHg7Cn0KCi8q44Oa44O844K45bem5LiK44Gu44Kt44O844Ov44O844OJ6KGo56S65qyEKi8KZGl2I0hlYWRlcktleXdvcmQgewoJcG9zaXRpb246YWJzb2x1dGU7Cgl0b3A6NDhweDsvKuS4gOeVquS4iuOBi+OCieOBruS9jee9riovCglsZWZ0OjgwcHg7Lyrlt6bnq6/jgYvjgonjga7kvY3nva4qLwoJZm9udDoxNHB4ICLjg5Ljg6njgq7jg47op5LjgrQgUHJvIFczIiwgIkhpcmFnaW5vIEtha3UgR290aGljIFBybyIsICLjg6HjgqTjg6rjgqoiLCBNZWlyeW8sIE9zYWthLCAi77yt77yzIO+8sOOCtOOCt+ODg+OCryIsICJNUyBQR290aGljIiwgc2Fucy1zZXJpZjsKCXdpZHRoOjQyMHB4Owp9CgpkaXYjSGVhZGVyS2V5d29yZCBzcGFuIHsKCWJhY2tncm91bmQ6ICNiZjAwMDA7Cgljb2xvcjojZmZmOwoJZm9udC13ZWlnaHQ6Ym9sZDsKCXBhZGRpbmc6MnB4IDVweDsKfQoKZGl2I0hlYWRlcktleXdvcmQgYSB7Cgljb2xvcjojMDA0NENDOwp9CgoKLyog5YCL5pWw5YWl5Yqb5qyE44Gu5aSn44GN44GVICovCmlucHV0I3VuaXRzIHsKCXBhZGRpbmc6IDRweDsKfQoKLyog44GK6LK344GE54mp44GL44GU44Oc44K/44Oz44Gu5aSn44GN44GVICovCnRkID4gaW5wdXQgewoJZm9udC1zaXplOiAxMnB4OwoJcGFkZGluZzo4cHggMTJweCA4cHggMTJweDsKCXdpZHRoOiBhdXRvOwp9CgovKiDjgIzllYblk4HjgavjgaTjgYTjgabjga7llY/jgYTlkIjjgo/jgZvjgI3jg5zjgr/jg7Pjga7lpKfjgY3jgZUqLwpmb250IGlucHV0IHsKCWZvbnQtc2l6ZTogMTJweDsKCXBhZGRpbmc6MnB4OwoJd2lkdGg6IDE1MHB4Owp9CgoKLS0+Cjwvc3R5bGU+CgoKPGRpdiBpZD0iSGVhZGVyS2V5d29yZCI+CjxzcGFuPuazqOebruOBruOCreODvOODr+ODvOODiTwvc3Bhbj4K44Ks44Op44K544OV44Kj44Or44OgCuacqOebrgrmtbTlrqQg5bqKCuODquOCouODhuODg+OCrwoKPC9kaXY+,44K344Oz44Kw44Or44Kr44Op44O877yI5Y2Y6Imy77yJIOOAkOOCouOCpOODnOODquODvC/osaHniZkv44OZ44O844K444Ol44CRIOOCteODs+OCsuODhC/jg6rjgqLjg4bjg4Pjgq8v44Kr44OD44OG44Kj44Oz44Kw44K344O844OIL+WvkuiJsi/lsYvlpJbkvb/nlKjlj68v5oqX6I+M44O76Ziy44Kr44OTL+OCqOODs+ODnOOCuS/ljJbnsqfjgrfjg7zjg4gv5aGp44OT44K344O844OIL+eymOedgC/jgrfjg7zjg6svRElZL+ODquODleOCqeODvOODoC/jg6rjg6HjgqTjgq8v44CQ44Oh44O844Kr44O855u06YCBJnJBcnI76YCB5paZ54Sh5paZ44CRIFRBL+ODquOCouODhuODg+OCr+OCt+ODvOODiO+8muaooeanmOabv+OBiOOCt+ODp+ODg+ODl+OAgOODh+OCsw==,44Kr44OD44OG44Kj44Oz44Kw44K344O844OI44OV44Kj44Or44Og44Kr44OD44OG44Kj44Oz44Kw44K344O844Or5aOB57SZ57KY552A44K344O844OI5qih5qeY5pu/44GI44K344O844OI5YyW57Kn44K344O844OI5aOB57SZ44K344O844OI44OA44Kk44OO44OD44Kv44OZ44Or44OT44Ki44Oz44Oq44Ki44OG44OD44Kv44OR44Ot44Ki44Kq44Or44OG44Kj44OO44OT44Ol44O844Kr44Or44ON44Kq44OD44Kv44K544ON44Kq44K/44Kk44Or44ON44Kq44OV44Ot44Ki44Oq44OV44Kp44O844Og44K344O844OI44K144Oz44Ky44OE44Oq44Oq44Kr44Op44Or44OO44Oz77yT77yt44K544Oq44O844Ko44Og44Ki44Kk44Kr44Oq44Oz44OG44OD44Kv44K144Kk44Oz44K344K544OG44Og44K744Kt44K544Kk5qGc5LqV5p2x44Oq44Ok44Oo44Kk5qW15p2x6YOo5bGL5aSn5a6256m65a6k44Kq44O844OK44O85oi45bu66LOD6LK454mp5Lu25LiN5YuV55Sj566h55CG5Lya56S+44Ob44OG44Or44Oe44Oz44K344On44Oz44Ki44OR44O844OI5bqX6IiX44GK5bqX5rW05a6k6aKo5ZGC44Om44OL44OD44OI44OQ44K544OQ44K544Or44O844Og44Kt44OD44OB44Oz44OI44Kk44Os5rC05bu744KK44Kz44O844Kt44Oz44Kw5rSX6Z2i5oqX6I+M6Ziy44Kr44OT5rGa44KM6Ziy5q2i6Ziy5rGa77yk77yp77y55pel5puc5aSn5bel5qih5qeY5pu/44GI44OR44ON44Or5bel5rOV44K744Or44OV44Oq44OV44Kp44O844Og5pa95bel6IG35Lq65bCC6ZaA6Ieq5L2c44OX44Ot6LK844KK5pa55r+A5a6J6LKp5aOy5bqX5qWt6LKp6YCa6LKp5Y246LKp5aOy6YCa5L+h6LKp5aOy56aP5bKh55yM56aP5bKh5biC5aSn6YeO5Z+O5biC5aSq5a6w5bqc5biC5pil5pel5biC562R57Sr6YeO5biC44Kr44Op44O855m944Ob44Ov44Kk44OI6buS44OW44Op44OD44Kv44Oe44OD44OI44OW44Op44OD44Kv6LWk44Os44OD44OJ44Oe44OD44OI5YWJ5rKi6Im25raI44GX5ZKM57SZ5ZKM5p+E5ZKM6aKo5p+E5pyo55uu5pyo55uu5p+E5pyo55uu44K344O844OIV09PROeEoeWcsOOCq+ODvOODnOODs+ODoeOCv+ODquODg+OCr+ODn+ODqeODvOmPoemdouODqeODoeODoeODg+OCremdqea8huWFieayouODrOOCtuODvOearuefs+ebruWkp+eQhuefs+ODh+OCtuOCpOODs+OCq+ODvOODqeODg+ODlOODs+OCsOODqeODg+ODlOODs+OCsOOCq+ODvOOCueOCs+ODg+ODgeODl+ODquODs+ODiOODqeODg+ODl+ODleOCo+ODq+ODoDEwODDjg7Tjgqfjg6njg4Pjg5fjgrnjg4DjgqTjg47jg4Pjgq/jgqvjg7zjg5zjg7Pjg57jg4Pjg4jjg5bjg6njg4Pjgq/ou4rjg5DjgqTjgq/jg5jjg6vjg6Hjg4Pjg4jjgqjjgqLjg63jgqvjg7zjg6njg4Pjg5Tjg7PjgrDjgqvjgrnjgr/jg6DlhoXoo4XlpJboo4Xjg4njg6zjgrnjgqLjg4Pjg5fjgqTjg7Pjg4bjg6rjgqLjg6rjg5Xjgqnjg7zjg6Djg6rjg47jg5njg7zjgrfjg6fjg7Posrzmm7/jgYjmlr3lt6Xlt6Xkuovkv67nkIbmlLnoo4Xkv67nuZXljp/nirblm57lvqnluorlt6XkuovlhoXoo4Xlt6XkuovlrqTlhoXoo4Xpo77lo4HntJnjgq/jg63jgrnnlbPopZbjgqvjg7zjg5rjg4Pjg4jjgqvjg7zjg4bjg7Pjg5bjg6njgqTjg7Pjg4nnnIvmnb/jgrXjgqTjg7PjgrDjg6njg5XjgqPjg4Pjgq/jgqTjg7Pjgq/jgrjjgqfjg4Pjg4jlsYvlpJblsYvlhoXjg57jg7zjgq3jg7PjgrDjgr/jg4Pjgq/jg5rjgqTjg7Pjg4jjg5Hjg43jg6vmtbTlrqTjg5Hjg43jg6vjgrPjg7Pjg5Xjgqnjg7zjg4jjg5Hjg43jg6vjg5Djgrnjg5Hjg43jg6vkvY7nmbrnoLLloanjg5Pmnb/loanjg5Pmnb/jg5Xjgqnjg7zjg6zjg4Pjgq/jgrnopIflkIjmnb/jgqLjg6vjg5/opIflkIjmnb/jgqLjg6vjg53jg6rjg4Pjgq/jgr3jg6zjgqTjgr/jgqzjg6njgrnjg5XjgqPjg6vjg6DnqpPjg5XjgqPjg6vjg6BVVue0q+Wklue3muOCq+ODg+ODiOmjm+aVo+mYsuatoumYsuiZq+OBmeOCiuOCrOODqeOCuemBrueGseODleOCo+ODq+ODoOmAj+aYjuODl+ODqeOCpOODkOOCt+ODvOODh+OCtuOCpOODs+ebrumaoOOBl+aXpeeEvOOBkeatouOCgeeqk+mjvuOCiuepuuWupOWvvuetluilv+aXpeWvvuetluaXpeWwhOmBruiUveevgOmbu+Wvvuetlueqk+aWreeGseeBveWus+WvvuetluWPsOmiqOernOW3u+OCreODg+ODgeODs+aJieOCq+ODqeODvOODnOODg+OCr+OCueeOhOmWouaJieODieOCouWutuWFt+WGt+iUteW6q+ODkeOCveOCs+ODs+ODh+OCueOCr+OCq+OCpuODs+OCv+ODvOajmuacuuODqeODg+OCr+ODhuODvOODluODq+ODgeOCp+OCueODiOOCqOODrOODmeODvOOCv+ODvOWGheeqk+alveeqk+S6jOmHjeeqk+aWreeGseaWreeGseS6jOmHjeeqk+evgOmbu+evgOe0hOOCqOOCs+ecgeOCqOODjeWKueaenOWGt+aIv+aaluaIv+mYsueKr+mYsumfs+e1kOmcsumBk+WFt+ODl+ODqeOCpOODnuODvOODkeODhuOCueOCreODvOOCuOODvOOCv+OCpOODq+Whl+ijheOCv+OCpOODq+OCq+ODvOODmuODg+ODiOS8uOe4ruabsumdojNE5rm+5puy5Ly444Gz44KL6ZuR6LKo44K344Oz44Kw44Or44Kr44Op44O877yI5Y2Y6Imy77yJIOOAkOOCouOCpOODnOODquODvC/osaHniZkv44OZ44O844K444Ol44CRIOOCteODs+OCsuODhC/jg6rjgqLjg4bjg4Pjgq8v44Kr44OD44OG44Kj44Oz44Kw44K344O844OIL+WvkuiJsi/lsYvlpJbkvb/nlKjlj68v5oqX6I+M44O76Ziy44Kr44OTL+OCqOODs+ODnOOCuS/ljJbnsqfjgrfjg7zjg4gv5aGp44OT44K344O844OIL+eymOedgC/jgrfjg7zjg6svRElZL+ODquODleOCqeODvOODoC/jg6rjg6HjgqTjgq8v44CQ44Oh44O844Kr44O855u06YCBJnJBcnI76YCB5paZ54Sh5paZ44CRIFRBL+ODquOCouODhuODg+OCr+OCt+ODvOODiA==,44CQ6YCB5paZ54Sh5paZ44CR44K144Oz44Ky44OEL+ODquOCouODhuODg+OCry/jgqvjg4Pjg4bjgqPjg7PjgrDjgrfjg7zjg4gv44CC44K344Oz44Kw44Or44Kr44Op44O877yI5Y2Y6Imy77yJIOOAkOOCouOCpOODnOODquODvC/osaHniZkv44OZ44O844K444Ol44CRIOOCteODs+OCsuODhC/jg6rjgqLjg4bjg4Pjgq8v44Kr44OD44OG44Kj44Oz44Kw44K344O844OIL+WvkuiJsi/lsYvlpJbkvb/nlKjlj68v5oqX6I+M44O76Ziy44Kr44OTL+OCqOODs+ODnOOCuS/ljJbnsqfjgrfjg7zjg4gv5aGp44OT44K344O844OIL+eymOedgC/jgrfjg7zjg6svRElZL+ODquODleOCqeODvOODoC/jg6rjg6HjgqTjgq8v44CQ44Oh44O844Kr44O855u06YCBJnJBcnI76YCB5paZ54Sh5paZ44CRIFRBL+ODquOCouODhuODg+OCr+OCt+ODvOODiA==[rn]
31-2602,aHR0cDovL3RzaG9wLnIxMHMuanAvbW95b3VnYWVob25wby9jYWJpbmV0L3NoZWV0L3JlYXRlYy9yZWF0ZWNfaXRlbS9pbWdyYzAwNjMzMzE5NjUuanBnP2ZpdGluPTcwMDo3MDA=,MjkxLjIwMDA=,,6Iqx44O744Ks44O844OH44Oz44O7RElZID4g5L2P5a6F5bu65p2Q44O76Kit5YKZID4g5aOB5p2QID4g44Gd44Gu5LuW,44K344Oz44Kw44Or44Kr44Op44O877yI5Y2Y6Imy77yJIOOAkOi1pC/moYMv44Os44OD44OJL+ODlOODs+OCr+OAkSDjgrXjg7PjgrLjg4Qv44Oq44Ki44OG44OD44KvL+OCq+ODg+ODhuOCo+ODs+OCsOOCt+ODvOODiC/mmpboibIv5bGL5aSW5L2/55So5Y+vL+aKl+iPjOODu+mYsuOCq+ODky/jgqjjg7Pjg5zjgrkv5YyW57Kn44K344O844OIL+WhqeODk+OCt+ODvOODiC/nspjnnYAv44K344O844OrL0RJWS/jg6rjg5Xjgqnjg7zjg6Av44Oq44Oh44Kk44KvL+OAkOODoeODvOOCq+ODvOebtOmAgeKHkumAgeaWmeeEoeaWmeOAkSBUQS/jg6rjgqLjg4bjg4Pjgq/jgrfjg7zjg4g=,44CQ6YCB5paZ54Sh5paZ44CR44K144Oz44Ky44OEL+ODquOCouODhuODg+OCry/jgqvjg4Pjg4bjgqPjg7PjgrDjgrfjg7zjg4gv,PHN0eWxlIHR5cGU9InRleHQvY3NzIj4KPCEtLQpzcGFuLnVuaXQgewpiYWNrZ3JvdW5kOiB1cmwoImh0dHA6Ly9pbWFnZS5yYWt1dGVuLmNvLmpwL21veW91Z2FlaG9ucG8vY2FiaW5ldC9pbWdyYzAwNjg0OTc2NDUuanBnIikgbm8tcmVwZWF0IGxlZnQgdG9wOwp0ZXh0LWluZGVudDotOTk5OTsKZGlzcGxheTogYmxvY2s7CndpZHRoOiA0MDBweDsKaGVpZ2h0OiAxMDBweDsKbWFyZ2luOjE1cHggMDsgfQotLT4KPC9zdHlsZT4KCgo8ZGl2IHN0eWxlPSIgd2lkdGg6ODAwcHg7IGZvbnQtZmFtaWx5Oifjg5Ljg6njgq7jg47op5LjgrQgUHJvIFczJywgJ0hpcmFnaW5vIEtha3UgR290aGljIFBybycsICfjg6HjgqTjg6rjgqonLCBNZWlyeW8sIE9zYWthLCAn77yt77yzIO+8sOOCtOOCt+ODg+OCrycsICdNUyBQR290aGljJywgc2Fucy1zZXJpZjsgbWFyZ2luOjAgYXV0bzsiIGFsaWduPSJjZW50ZXIiICA+Cgo8IS0t44K/44Kk44OI44Or6YOo5YiGLS0+CjxjZW50ZXI+PGgxIHN0eWxlPSJjb2xvcjojNjY2NjY2OyBmb250LXNpemU6MjBweDsiPuOCteODs+OCsuODhOOAgOODquOCouODhuODg+OCr+OAgOOCq+ODg+ODhuOCo+ODs+OCsOOCt+ODvOODiDxicj4K44K344Oz44Kw44Or44Kr44Op44O8L+eEoeWcsOOAkOOCqOODs+ODnOOCuS/jg5Xjg6njg4Pjg4gv44Kw44Ot44K544CRCjwvaDE+PC9jZW50ZXI+CjxpbWcgc3JjPSJodHRwOi8vaW1hZ2UucmFrdXRlbi5jby5qcC9tb3lvdWdhZWhvbnBvL2NhYmluZXQvc2hlZXQvcmVhdGVjLzA0MTYyMTM0L2ltZ3JjMDA2MzI2MTQxMy5qcGciPgo8aHI+CjxpbWcgc3JjPSJodHRwOi8vaW1hZ2UucmFrdXRlbi5jby5qcC9tb3lvdWdhZWhvbnBvL2NhYmluZXQvc2hlZXQvcmVhdGVjLzA0MTYyMTM0L2ltZ3JjMDA2MzMzMjIxMS5qcGciPgo8IS0t44GT44GT44G+44Gn44K/44Kk44OI44Or6YOo5YiGLS0+Cgo8IS0t5pa95bel5LqL5L6LLS0+CjxoMj7lvZPlupfjga7mlr3lt6Xkuovkvos8L2gyPgoKPGltZyBzcmM9Imh0dHA6Ly9pbWFnZS5yYWt1dGVuLmNvLmpwL21veW91Z2FlaG9ucG8vY2FiaW5ldC9zaGVldC9yZWF0ZWMvMDQxNjIxMzQvaW1ncmMwMDYzMjYxNDE1LmpwZyI+PGJyPgo8IS0t44GT44GT44G+44Gn5pa95bel5LqL5L6LLS0+Cgo8IS0t44Ko44Ki44K544Or44O844Gr44Gk44GE44GmLS0+CjxoMj7nvo7jgZfjgYTku5XkuIrjgYzjgorjgajlt6XmnJ/jga7nn63nuK7jgpLkuKHnq4s8L2gyPgo8cD48aW1nIHNyYz0iaHR0cDovL2ltYWdlLnJha3V0ZW4uY28uanAvbW95b3VnYWVob25wby9jYWJpbmV0L3NoZWV0L3JlYXRlYy9pbWdyYzAwNjI2NjQyNDMuanBnIj4KPC9wPgo8IS0t44GT44GT44G+44Gn44Ko44Ki44K544Or44O844Gr44Gk44GE44GmLS0+Cgo8IS0t44Kr44Op44O844OQ44Oq44Ko44O844K344On44OzLS0+CjxoMj7osYrlr4zjgarjgqvjg6njg7zjg5Djg6rjgqjjg7zjgrfjg6fjg7M8L2gyPgo8cD48aW1nIHNyYz0iaHR0cDovL2ltYWdlLnJha3V0ZW4uY28uanAvbW95b3VnYWVob25wby9jYWJpbmV0L3NoZWV0L3JlYXRlYy9yZWF0ZWNfaXRlbS9pbWdyYzAwNjMzMzE5NzUuanBnIj48IS0t44GT44GT44G+44Gn44Kr44Op44O844OQ44Oq44Ko44O844K344On44OzLS0+Cgo8IS0t6LK844KK5pa544O76YGT5YW3LS0+Cjxocj4KPHA+PGltZyBzcmM9Imh0dHA6Ly9pbWFnZS5yYWt1dGVuLmNvLmpwL21veW91Z2FlaG9ucG8vY2FiaW5ldC9oYXJpa2F0YS9pbWdyYzAwNjMxMzk0OTUuanBnIiBhbHQ9IuOCt+ODvOODiOOBruiyvOOCiuaWueOAgOOCt+ODvOODiOOBruW8teOCiuaWueOAgOiyvOOCiuOBi+OBn+OAgOW8teOCiuOBi+OBn+OAgOOCq+ODg+ODhuOCo+ODs+OCsOOCt+ODvOODiCIgPjwvcD4KPGhyPgo8cD48aW1nIHNyYz0iaHR0cDovL2ltYWdlLnJha3V0ZW4uY28uanAvbW95b3VnYWVob25wby9jYWJpbmV0L3NoZWV0L3NlYXRfZG91Z3UvaW1nNTc0ODUxMTQuZ2lmIj48L3A+Cgo8ZGl2IHN0eWxlPSJ3aWR0aDo4MDBweDsiIGNsYXNzPSJjc19pdGVtIj4KPGEgaHJlZj0iaHR0cDovL2l0ZW0ucmFrdXRlbi5jby5qcC9tb3lvdWdhZWhvbnBvL2tvdWd1LWRpbm9jcHVyYWltYS0vIj48aW1nIAoKc3JjPSJodHRwOi8vaW1hZ2UucmFrdXRlbi5jby5qcC9tb3lvdWdhZWhvbnBvL2NhYmluZXQvc2hlZXQvc2VhdF9kb3VndS9pbWc1NzQ4NTExNi5naWYiIHdpZHRoPSIxNTAiIAp0aXRsZT0i44K344O844OI44Gu57KY552A5Yqb44KS6auY44KB44G+44GZCuWfuuacrOeahOOBq+OBr+Whl+W4g+OCkuOBiuOBmeOBmeOCgeOBl+OBvuOBmSI+PC9hPgoKPGEgaHJlZj0iaHR0cDovL2l0ZW0ucmFrdXRlbi5jby5qcC9tb3lvdWdhZWhvbnBvL2RvdWd1LWt5b2t1dG91LXBpdGF0dG9rdW5uMTBtYWkvIj4KPGltZyBzcmM9Imh0dHA6Ly9pbWFnZS5yYWt1dGVuLmNvLmpwL21veW91Z2FlaG9ucG8vY2FiaW5ldC9zaGVldC9zZWF0X2RvdWd1L2ltZzU3NDg1MTE1LmdpZiIgd2lkdGg9IjE1MCIgCnRpdGxlPSLjgrnjgq3jg7zjgrjjg7zvvIbjg5Tjgr/jg4PjgajjgY/jgpMK6LK844KK44KE44GZ44GV44GM44Kw44OD44Go5aSJ44KP44KK44G+44GZIj48L2E+Cgo8YSBocmVmPSJodHRwOi8vaXRlbS5yYWt1dGVuLmNvLmpwL21veW91Z2FlaG9ucG8vb3J1ZmEtY3V0dGVyLyI+CjxpbWcgc3JjPSJodHRwOi8vaW1hZ2UucmFrdXRlbi5jby5qcC9tb3lvdWdhZWhvbnBvL2NhYmluZXQvc2hlZXQvc2VhdF9kb3VndS9pbWc1NzQ4NTExMi5naWYiIHdpZHRoPSIxNTAiIAp0aXRsZT0i6IG35Lq644KC5L2/55So44GZ44KL44Kr44OD44K/44O8CuWIh+OCjOWRs+OBjOOCiOOBhOOBqOS7leS4iuOBjOOCiuOCgumBleOBhOOBvuOBmSI+PC9hPgoKPGEgaHJlZj0iaHR0cDovL2l0ZW0ucmFrdXRlbi5jby5qcC9tb3lvdWdhZWhvbnBvL2R1b3RlY2stdHJpbWFyLyI+CjxpbWcgc3JjPSJodHRwOi8vaW1hZ2UucmFrdXRlbi5jby5qcC9tb3lvdWdhZWhvbnBvL2NhYmluZXQvc2hlZXQvc2VhdF9kb3VndS9pbWc1NzQ4NTExNy5naWYiIHdpZHRoPSIxNTAiIAp0aXRsZT0i6KOP57SZ44Gg44GR44KS5YiH44KL44Kr44OD44K/44O844CACuOCuOODp+OCpOODs+ODiOaWveW3peOBruOBqOOBjeOBq+OBr+W/hemgiCI+PC9hPgoKPGEgaHJlZj0iaHR0cDovL2l0ZW0ucmFrdXRlbi5jby5qcC9tb3lvdWdhZWhvbnBvL3N0ZW5yZXMtamliZXJhLTVzdW5uLyI+CjxpbWcgc3JjPSJodHRwOi8vaW1hZ2UucmFrdXRlbi5jby5qcC9tb3lvdWdhZWhvbnBvL2NhYmluZXQvc2hlZXQvc2VhdF9kb3VndS9pbWc1NzQ4NTExMy5naWYiIHdpZHRoPSIxNTAiIAp0aXRsZT0i5Zyw44OZ44Op44CACuODl+ODqeOCpOODnuODvOOCkuWhl+OCi+OBqOOBjeOChArpmoXjgpLliIfjgovjgqvjg4Pjgr/jg7zjgqzjgqTjg4njgajjgZfjgabjgoIiPjwvYT4KPGJyPgo8YnI+Cgo8aDI+44GU6LO85YWl44Gr44Gk44GE44Gm77yI5b+F44Ga44GK6Kqt44G/44GP44Gg44GV44GE77yJPC9oMj4KPElNRyBzcmM9Imh0dHA6Ly9pbWFnZS5yYWt1dGVuLmNvLmpwL21veW91Z2FlaG9ucG8vY2FiaW5ldC9vcmRlcl9tZXRob2QvaG93dG9fb3JkZXIvaW1nNTc0ODUwOTAuZ2lmIiB3aWR0aD0iNzYwIiBzdHlsZT0ibWFyZ2luOjBweDsiPgo8cCBhbGlnbj0ibGVmdCIgc3R5bGU9Im1hcmdpbjowcHg7IHdpZHRoOjcyMHB4OyI+44GU6LO85YWl44Gu6Zqb44GvPGI+44K344O844OI5bmFMTIyY23Dl+mVt+OBlTEwY23jgacx5YCL44Gu44GU5rOo5paHPC9iPuOBqOOBquOCiuOBvuOBmeOAgjxicj4KICA8Yj48Zm9udCBjb2xvcj0iI0ZGMDAwMCI+44GU5rOo5paH44GvMTDlgIvku6XkuIrvvIjplbfjgZXvvJHvvY3ku6XkuIrvvInjgYvjgok8L2ZvbnQ+PC9iPuOBqOOBquOCiuOBvuOBmeOAgjxicj4KICDjgarjgYrjgIHlkIzkuIDlk4HnlarjgafopIfmlbDjgavliIbjgZHjgZ/jgqvjg4Pjg4jjgpLmib/jgovjgZPjgajjga/jgafjgY3jgb7jgZvjgpPjga7jgafjgIHjgZTkuobmib/jgY/jgaDjgZXjgYTjgII8L3A+Cjxocj4KPElNRyBzcmM9Imh0dHA6Ly9pbWFnZS5yYWt1dGVuLmNvLmpwL21veW91Z2FlaG9ucG8vY2FiaW5ldC9zaGVldC9yZWF0ZWMvaW1nNTkxODUxNDQuZ2lmIiB3aWR0aD0iNzYwIiBib3JkZXI9IjAiPgoKPHAgYWxpZ249ImxlZnQiIHN0eWxlPSJtYXJnaW46OHB4IDAgMCAwOyB3aWR0aDo3MjBweDsiPjxzcGFuIHN0eWxlPSJmb250LXdlaWdodDpib2xkOyBjb2xvcjpyZWQ7Ij7ku6Pph5HlvJXmj5vjga7loLTlkIjjga/lvZPlupfjgojjgornmbrpgIHjgajjgarjgovjgZ/jgoHpgIHmlpnjg7vku6PlvJXmiYvmlbDmlpnjgYzliKXpgJTlv4XopoHjgajjgarjgorjgb7jgZnjgII8L3NwYW4+PGJyPgogIOOBlOazqOaWh+W+jOOBq+OAgeW9k+W6l+OBp+mAgeaWmeOCkuS/ruato+OBruOBhuOBiOaKmOOCiui/lOOBl+OBlOmAo+e1oeOBhOOBn+OBl+OBvuOBmeOAgjxicj4KICDpioDooYzmjK/ovrzjga7loLTlkIjjga/jgIHpgIHmlpnkv67mraPlvozjga7ph5HpoY3jgpLjgZTnorroqo3jga7jgYbjgYjjgYrmjK/ovrzjgYTjgZ/jgaDjgY3jgb7jgZnjgojjgYbjgIHjgojjgo3jgZfjgY/jgYrpoZjjgYTjgYTjgZ/jgZfjgb7jgZnjgII8L3A+Cgo8cCBhbGlnbj0icmlnaHQiPgo8SU1HIHNyYz0iaHR0cDovL2ltYWdlLnJha3V0ZW4uY28uanAvbW95b3VnYWVob25wby9jYWJpbmV0L3NoZWV0L3Bhcm9pL21hc3Rlci9pbWc1NzIzNTY4MS5qcGciPjxicj4KPElNRyBzcmM9Imh0dHA6Ly9pbWFnZS5yYWt1dGVuLmNvLmpwL21veW91Z2FlaG9ucG8vY2FiaW5ldC9zaGVldC9wYXJvaS9tYXN0ZXIvaW1nNTcyMzU2ODUuanBnIiB3aWR0aD0iMTQ0IiBoZWlnaHQ9IjI2IiBib3JkZXI9IjAiIHZzcGFjZT0iMTUiIGhzcGFjZT0iNSI+CjxJTUcgc3JjPSJodHRwOi8vaW1hZ2UucmFrdXRlbi5jby5qcC9tb3lvdWdhZWhvbnBvL2NhYmluZXQvc2hlZXQvcGFyb2kvbWFzdGVyL2ltZzU3MjM1Njg3LmpwZyIgd2lkdGg9IjE0NCIgaGVpZ2h0PSIyNiIgYm9yZGVyPSIwIiB2c3BhY2U9IjE1IiBoc3BhY2U9IjUiPgo8SU1HIHNyYz0iaHR0cDovL2ltYWdlLnJha3V0ZW4uY28uanAvbW95b3VnYWVob25wby9jYWJpbmV0L3NoZWV0L3Bhcm9pL21hc3Rlci9pbWc1NzIzNTcwNC5qcGciIHdpZHRoPSIyMTkiIGhlaWdodD0iMjYiIGJvcmRlcj0iMCIgdnNwYWNlPSIxNSIgaHNwYWNlPSI1Ij4KPElNRyBzcmM9Imh0dHA6Ly9pbWFnZS5yYWt1dGVuLmNvLmpwL21veW91Z2FlaG9ucG8vY2FiaW5ldC9zaGVldC9wYXJvaS9tYXN0ZXIvaW1nNTcyMzU2ODYuanBnIiB2c3BhY2U9IjE1IiBoc3BhY2U9IjUiPjwvcD4KCgo8L2Rpdj4KPC9kaXY+CjwhLS3plqLpgKPllYbmnZDjg6rjg7Pjgq8g44GT44GT44GL44KJLS0+CjxzdHlsZSB0eXBlPSJ0ZXh0L2NzcyI+Ci5rYW5yZW4gaW1newptYXJnaW4tYm90dG9tOjFweDt9Ci5rYW5yZW4gaDN7IApmb250LWZhbWlseToi44OS44Op44Ku44OO6KeS44K0IFBybyBXMyIsICJIaXJhZ2lubyBLYWt1IEdvdGhpYyBQcm8iLCAi44Oh44Kk44Oq44KqIiwgTWVpcnlvLCBPc2FrYSwgIu+8re+8syDvvLDjgrTjgrfjg4Pjgq8iLCAiTVMgUEdvdGhpYyIsIHNhbnMtc2VyaWY7IGNvbG9yOiMzOyBmb250LXNpemU6MTJweDsgZm9udC13ZWlnaHQ6Ym9sZDsgbWFyZ2luLWJvdHRvbTo0cHg7fQoua2FucmVuIHB7Cm1hcmdpbi1ib3R0b206MnB4O30KPC9zdHlsZT4KPGRpdiBjbGFzcz0iZ29vZHMtdGJsIiBzdHlsZT0icGFkZGluZy1ib3R0b206MHB4OyI+CjxkaXYgY2xhc3M9ImthbnJlbiI+CjxwIHN0eWxlPSJmb250LXdlaWdodDpib2xkOyB0ZXh0LWFsaWduOmNlbnRlcjsiPu+9niDlo4HjgajluorjgpLkuIDnt5Ljgavjg6rjg47jg5njg7zjgrfjg6fjg7PjgZfjgb7jgZvjgpPjgYvvvJ8g772ePC9wPgo8cD48aW1nIHNyYz0iaHR0cDovL2ltYWdlLnJha3V0ZW4uY28uanAvbW95b3VnYWVob25wby9jYWJpbmV0L2Jhbm5lci9pbWdyYzAwNjI2NTM3NzYuanBnIiB3aWR0aD0iNDIwIj48YnIgLz4K57Ch5Y2Y44Kr44OD44OI44Gu44OR44ON44Or5LiL5Zyw44Gn44OX44Ot44Gu5LuV5LiK44GM44KKPC9wPgo8cD48aW1nIHNyYz0iaHR0cDovL2ltYWdlLnJha3V0ZW4uY28uanAvbW95b3VnYWVob25wby9jYWJpbmV0L2tlbnphaS9vZnVyb2EvaW1ncmMwMDYyNjM0NjczLmpwZyIgd2lkdGg9IjQyMCI+PGJyIC8+CuOCteODs+OCsuODhCDjgYrpoqjlkYLjga7luormnZAg44Kq44OV44Ot44KiIOWkp+S6uuawlzwvcD4KPHA+PGltZyBzcmM9Imh0dHA6Ly9pbWFnZS5yYWt1dGVuLmNvLmpwL21veW91Z2FlaG9ucG8vY2FiaW5ldC9iYW5uZXIvaW1nNjEwMjU4MTAuanBnIiB3aWR0aD0iNDIwIj48YnIgLz4K5Ya344Gf44GEIOa7keOBo+OBpuaAluOBhCDjgpLop6Pmsbog5rW05a6k5bqK5p2QIOaPg+OBo+OBpuOBhOOBvuOBmTwvcD4KPHAgY2xhc3M9Imdvb2RzLW5leHQiIHN0eWxlPSJtYXJnaW46MHB4OyI+PC9wPgo8L2Rpdj4KPC9kaXY+CjwhLS3plqLpgKPllYbmnZDjg6rjg7Pjgq8g44GT44GT44G+44GnLS0+CjxESVYgY2xhc3M9Imdvb2RzLXRibCI+Cgo8aDIgY2xhc3M9Imdvb2RzLXRpdGxlIj4K5ZWG5ZOB6Kqs5piOCjwvaDI+Cgo8aDMgY2xhc3M9Imdvb2RzLWxlZnQiPuWTgeeVqjwvaDM+CjxkaXYgY2xhc3M9Imdvb2RzLXJpZ2h0Ij4KICA8cD7jgrfjg7PjgrDjg6vjgqvjg6njg7wg5Y2Y6Imy44CA5YWoMTHngrk8QlI+CiAgICDvvIjjgIDvvInjga/ml6flk4Hnlarjgajjgarjgorjgb7jgZnjgII8YnI+CiAgICDjgIDjg7tUQS04MzQxICg3MzQxKTxicj4KICAgIOOAgOODu1RBLTgzNDIgKDczNDIpPGJyPgogICAg44CA44O7VEEtODM0MyAo5paw6ImyKTxicj4KICAgIOOAgOODu1RBLTgzNDQgKDczNDQpPGJyPgogICAg44CA44O7VEEtODM0NSAoNzM0NSk8YnI+CiAgICDjgIDjg7tUQS04MzY5ICg3MzQ2KTxicj4KICAgIOOAgOODu1RBLTgzNzAgKDczNDcpPGJyPgogICAg44CA44O7VEEtODM3MSAoNzM0OCk8YnI+CiAgICDjgIDjg7tUQS04MzcyICg3MzQ5KTxicj4KICAgIOOAgOODu1RBLTgzNzMgKOaWsOiJsik8YnI+CiAgICDjgIDjg7tUQS04Mzc0ICjmlrDoibIpPGJyPgoKICAgIC0tLS0tLS0tLS0tLS0tLS0tLS0tLS0tLS0tLS0tLS0tLS0tLS0tLS08YnI+CiAgICAKICAgIAo8Rk9OVCBjb2xvcj0iI2ZmMDAwMCI+4oC744GK5L2/44GE44Gu44OR44K944Kz44Oz55Kw5aKD44Gr44KI44KK44CB5ZWG5ZOB44Gu6Imy44GM6KaL5pys44Go5aSa5bCR55Ww44Gq44KL5aC05ZCI44GM44GC44KK44G+44GZ44CCPC9GT05UPjwvcD4KPC9kaXY+Cgo8cCBjbGFzcz0iZ29vZHMtbmV4dCI+PC9wPgoKPEgzIGNsYXNzPSJnb29kcy1sZWZ0Ij7llYblk4HjgrXjgqTjgro8L2gzPgo8UCBjbGFzcz0iZ29vZHMtcmlnaHQiPuWVhuWTgeW3vuOAgDEyMmNtL+WOmuOBv+OAgOe0hDAuMm1tPGJyPgrplbfjgZXjga8xbeS7peS4ijEwY23ljZjkvY3jga7jgqvjg4Pjg4josqnlo7I8QlI+CjxGT05UIGNvbG9yPSIjZmYwMDAwIj7igLvjgZTms6jmlofjga8xMOWAi++8iDHvvY3vvInku6XkuIrjgYvjgonjgajjgarjgorjgb7jgZnjgII8L0ZPTlQ+PEJSPgox772N44GU5rOo5paH4oaSMTDlgIvvvI8z772NMjDvvYPvvY3jgZTms6jmlofihpIzMuWAizwvcD4KCjxwIGNsYXNzPSJnb29kcy1uZXh0Ij48L3A+Cgo8aDMgY2xhc3M9Imdvb2RzLWxlZnQiPui/lOWTgeODu+S6pOaPm+OBq+OBpOOBhOOBpjwvaDM+CjxwIGNsYXNzPSJnb29kcy1yaWdodCI+44GT44Gh44KJ44Gu5ZWG5ZOB44Gv44GK5a6i5qeY6YO95ZCI44Gr44KI44KL6L+U5ZOB44O75Lqk5o+b44Gv5om/44KL5LqL44GM44Gn44GN44G+44Gb44KTPC9wPgo8cCBjbGFzcz0iZ29vZHMtcmlnaHQiPgrov5Tlk4Hjg7vkuqTmj5vjga7oqbPntLDjga/jgZPjgaHjgonjgpLjgZTopqfjgY/jgaDjgZXjgYQ8L3A+Cgo8cCBjbGFzcz0iZ29vZHMtbmV4dCI+PC9wPgoKPGgzIGNsYXNzPSJnb29kcy1sZWZ0Ij7mlr3lt6XjgavplqLjgZfjgabjga7jgZTnlZnmhI/ngrnvvIjjg6Hjg7zjgqvjg7zos4fmlpnvvIk8L2gzPgo8cCBjbGFzcz0iZ29vZHMtcmlnaHQiPgrmlr3lt6XjgavplqLjgZnjgovos4fmlpnjga/jgZPjgaHjgonjgpLjgZTopqfkuIvjgZXjgYQgPC9wPgoKPHAgY2xhc3M9Imdvb2RzLW5leHQiPjwvcD4KCjxoMyBjbGFzcz0iZ29vZHMtbGVmdCI+6KO95ZOB5oOF5aCxL+mYsueBq+iqjeWumueVquWPt++8iOODoeODvOOCq+ODvOizh+aWme+8iTwvaDM+CjxwIGNsYXNzPSJnb29kcy1yaWdodCI+CuijveWTgeOBq+mWouOBmeOCi+izh+aWmeOBr+OBk+OBoeOCieOCkuOBlOimp+S4i+OBleOBhCA8L3A+Cgo8cCBjbGFzcz0iZ29vZHMtbmV4dCI+PC9wPgoKPGgzIGNsYXNzPSJnb29kcy1sZWZ0Ij7jgqvjg4Pjg4bjgqPjg7PjgrDnlKjjgrfjg7zjg4jvvIjloanjg5Pjgrfjg7zjg4jvvInjgajjga/vvJ88L2gzPgo8cCBjbGFzcz0iZ29vZHMtcmlnaHQiPgrjgqvjg4Pjg4bjgqPjg7PjgrDnlKjjgrfjg7zjg4jvvIjjg5XjgqPjg6vjg6DjgIHjgqTjg7Pjg4bjg6rjgqLjgrfjg7zjg4jjgIHljJbnsqfjgrfjg7zjg4jjgIHnspjnnYDjgrfjg7zjg4jvvInjga/lhKrjgozjgZ/lvLfluqbjgajnvo7jgZfjgYTjg4fjgrbjgqTjg7PjgYzmlr3jgZXjgozjgZ/lo4Hoo4XnlKjjga7jgrfjg7zjg6vjgafjgZnjgII8QlI+CumAmuW4uOOAgeOCt+ODvOODiOOBruijj+OBr+OCt+ODvOODq+eKtuOBq+OBquOBo+OBpuOBiuOCiuOAgeOBneOBrueymOedgOaAp+OCgumrmOOBj+OAgeW5heW6g+OBhOS4i+WcsOOBuOOBruiyvOOCiuS7mOOBkeOBjOWPr+iDveOBp+OBmeOAgjxCUj4K6L+R5bm044Gn44Gv55So6YCU44KC5aSa5bKQ44Gr5rih44KK44CB44Oe44Oz44K344On44Oz44KE5oi45bu65L2P5a6F44Gu5YaF6KOF44GL44KJ44CB44Kq44OV44Kj44K544CB44Ob44OG44Or44KE5LiA6Iis5bqX6IiX44CB55eF6Zmi44CB5LuL6K235pa96Kit44CB44GV44KJ44Gr44Gv5rip5rW05pa96Kit44KE44OR44OB44Oz44Kz5bqX44Gq44Gp44Gu6YGK5oiv5pa96Kit44Gu566h55CG6ICF44CB44Kq44O844OK44O844Gu55qG5qeY44Gr5aW96KmV44KS5Y2a44GX44Gm44GE44G+44GZ44CCPEJSPgrjgZPjga7jgojjgYbjgavliKnkvr/mgKfjgYzpq5jjgYTlu7rmnZDjga7jgZ/jgoHjgIEzTe+8iOOCueODquODvOOCqOODoOODu+ODgOOCpOODjuODg+OCr+ODu0RJLU5PQ++8ieOAgeOCteODs+OCsuODhO+8iOODquOCouODhuODg+OCr+ODu1JFQVRFQ++8ieOAgeODquODs+ODhuODg+OCr+OCteOCpOODs+OCt+OCueODhuODoO+8iOODkeODreOCouODu1BBUk9JKeOAgeOCouOCpOOCq++8iOOCquODq+ODhuOCo+ODjuODu0FsdHlub++8ieOAgeOCt+ODvOOCouOCpOWMluaIkO+8iOODmeODq+ODk+OCouODs+ODu2JlbGJpZW7vvInjgarjganjga7mnInlkI3jg6Hjg7zjgqvjg7zjgYzlpJrlvanjgarjg6njgqTjg7Pjg4rjg4Pjg5fjgpLlsZXplovjgZfjgabjgYTjgb7jgZnjgII8QlI+CuOBvuOBn+OAgeiHquWLlei7iuOBq+aKgOihk+eahOOBq+mhnuS8vOOBruODqeODg+ODlOODs+OCsOODleOCo+ODq+ODoO+8iOODqeODg+ODl+ODleOCo+ODq+ODoO+8ieOCkuiyvOOCiuS7mOOBkeOBpuOAgeWhl+ijheOCkuWkieabtOOBmeOCi+OBk+OBqOOBquOBj+OAgeOCr+ODq+ODnuOBruOCpOODoeODvOOCuOOCkuWkieabtOOBp+OBjeOCi+OCq+ODvOODqeODg+ODlOODs+OCsOOCguWFqOS4lueVjOeahOOBq+S6uuawl+OBjOOBguOCiuOBvuOBmeOAgjxCUj4K44GT44Gh44KJ44Gv5L2P5Y+LM03vvIjjgrnjgrPjg4Pjg4Hjg5fjg6rjg7Pjg4jjg7tTY290Y2hwcmludCnjgoTjg6rjg7Pjg4bjg4Pjgq/jgrXjgqTjg7Pjgrfjgrnjg4bjg6DvvIjjg7Tjgqfjg6njg4Pjg5fjgrnjg7tWZXdyYXBz77yJ44CB5rW35aSW44Gr55uu44KS44KA44GR44KL44GoQXZlcnkgRGVubmlzb24gU3VwcmVtZSBXcmFwcGluZyBGaWxtIOOBquOBqeWkmuOBj+OBruODluODqeODs+ODieOBp+OCq+ODvOODqeODg+ODlOODs+OCsOOBrualveOBl+OBleOCkuaPkOahiOOBl+OBpuOBhOOBvuOBmeOAgjxCUj4KPC9wPgoKPHAgY2xhc3M9Imdvb2RzLW5leHQiPjwvcD4KCjwvZGl2Pgo8IS0t44Oq44Ki44OG44OD44Kv5rGO55So44Oq44Oz44KvIOOBk+OBk+OBi+OCiS0tPgo8c3R5bGUgdHlwZT0idGV4dC9jc3MiPgouZ29vZHMtbmF2aSBpbWd7CndpZHRoOjIxMnB4Owp0ZXh0LWFsaWduOmNlbnRlcjt9Cjwvc3R5bGU+Cgo8ZGl2IGNsYXNzPSJnb29kcy10YmwiIHN0eWxlPSJwYWRkaW5nLWJvdHRvbTowcHg7Ij4KPGRpdiBjbGFzcz0iZ29vZHMtbmF2aSI+CiA8aW1nIHNyYz0iaHR0cDovL2ltYWdlLnJha3V0ZW4uY28uanAvbW95b3VnYWVob25wby9jYWJpbmV0L3NoZWV0L2RpLW5vYy9vdGhlcl9pbWFnZXMvaW1nNjEyNzcxNjYuanBnIiAvPgogIDxpbWcgc3JjPSJodHRwOi8vaW1hZ2UucmFrdXRlbi5jby5qcC9tb3lvdWdhZWhvbnBvL2NhYmluZXQvc2hlZXQvZGktbm9jL290aGVyX2ltYWdlcy9pbWc2MTI2MDg4OC5qcGciIC8+CiAgPGltZyBzcmM9Imh0dHA6Ly9pbWFnZS5yYWt1dGVuLmNvLmpwL21veW91Z2FlaG9ucG8vY2FiaW5ldC9zaGVldC9kaS1ub2Mvb3RoZXJfaW1hZ2VzL2ltZzYxMjYwODg1LmpwZyIgLz4KPGltZyBzcmM9Imh0dHA6Ly9pbWFnZS5yYWt1dGVuLmNvLmpwL21veW91Z2FlaG9ucG8vY2FiaW5ldC9zaGVldC9kaS1ub2Mvb3RoZXJfaW1hZ2VzL2ltZzYxMjc3MTY3LmpwZyIgLz4KPGltZyBzcmM9Imh0dHA6Ly9pbWFnZS5yYWt1dGVuLmNvLmpwL21veW91Z2FlaG9ucG8vY2FiaW5ldC9zaGVldC9kaS1ub2Mvb3RoZXJfaW1hZ2VzL2ltZzYxMjYwODg2LmpwZyIgLz4KPGltZyBzcmM9Imh0dHA6Ly9pbWFnZS5yYWt1dGVuLmNvLmpwL21veW91Z2FlaG9ucG8vY2FiaW5ldC9zaGVldC9kaS1ub2Mvb3RoZXJfaW1hZ2VzL2ltZzYxMjYwODg5LmpwZyIgLz4KPGltZyBzcmM9Imh0dHA6Ly9pbWFnZS5yYWt1dGVuLmNvLmpwL21veW91Z2FlaG9ucG8vY2FiaW5ldC9zaGVldC9kaS1ub2Mvb3RoZXJfaW1hZ2VzL2ltZzYxMjYwODg3LmpwZyIgLz4KPGltZyBzcmM9Imh0dHA6Ly9pbWFnZS5yYWt1dGVuLmNvLmpwL21veW91Z2FlaG9ucG8vY2FiaW5ldC9zaGVldC9kaS1ub2Mvb3RoZXJfaW1hZ2VzL2ltZzYxMjYwODkwLmpwZyIgLz4KPC9kaXY+CjxwIGNsYXNzPSJnb29kcy1uZXh0IiBzdHlsZT0ibWFyZ2luOjBweDsiPjwvcD4KPC9kaXY+CjwhLS3jg6rjgqLjg4bjg4Pjgq/msY7nlKjjg6rjg7Pjgq8g44GT44GT44G+44GnLS0+PHN0eWxlIHR5cGU9InRleHQvY3NzIj4KPCEtLQoKLyrllYblk4HlkI3jga7jg5Xjgqnjg7Pjg4jmg4XloLEqLwouaXRlbV9uYW1lIHsKCWRpc3BsYXk6YmxvY2s7CgltYXJnaW46MCAwIDhweCAwOwoJZm9udC1mYW1pbHk6IuODkuODqeOCruODjuinkuOCtCBQcm8gVzMiLCAiSGlyYWdpbm8gS2FrdSBHb3RoaWMgUHJvIiwgIuODoeOCpOODquOCqiIsIE1laXJ5bywgT3Nha2EsICLvvK3vvLMg77yw44K044K344OD44KvIiwgIk1TIFBHb3RoaWMiLCBzYW5zLXNlcmlmOwoJZm9udDpib2xkIDE2cHg7Cgljb2xvcjojMzMzOwoJbGluZS1oZWlnaHQ6MTIwJTsKCn0KLyrjgq3jg6Pjg4Pjg4HjgrPjg5Tjg7zjga7jg5Xjgqnjg7Pjg4jmg4XloLEqLwouY2F0Y2hfY29weSB7CglkaXNwbGF5OmJsb2NrOwoJbWFyZ2luOjAgMCA4cHggMCA7Cglmb250LWZhbWlseToi44OS44Op44Ku44OO6KeS44K0IFBybyBXMyIsICJIaXJhZ2lubyBLYWt1IEdvdGhpYyBQcm8iLCAi44Oh44Kk44Oq44KqIiwgTWVpcnlvLCBPc2FrYSwgIu+8re+8syDvvLDjgrTjgrfjg4Pjgq8iLCAiTVMgUEdvdGhpYyIsIHNhbnMtc2VyaWY7Cglmb250LXNpemU6MTRweDsKCWNvbG9yOiMzMzM7Cn0KCi8q55uu546J5ZWG5ZOB44Gu5paH5a2XKi8KYS5sb3NzbGVhZGVyX2l0ZW1fbmFtZTpsaW5rIHsKCWNvbG9yOiM1NTU7Cglmb250LXNpemU6MTNweDsKfQoKc3Bhbi5sb3NzbGVhZGVyX3ByaWNlMnsKCWNvbG9yOiNGRjAwMDA7Cglmb250LXNpemU6MTJweDsKfQoKLyrjg5rjg7zjgrjlt6bkuIrjga7jgq3jg7zjg6/jg7zjg4nooajnpLrmrIQqLwpkaXYjSGVhZGVyS2V5d29yZCB7Cglwb3NpdGlvbjphYnNvbHV0ZTsKCXRvcDo0OHB4Oy8q5LiA55Wq5LiK44GL44KJ44Gu5L2N572uKi8KCWxlZnQ6ODBweDsvKuW3puerr+OBi+OCieOBruS9jee9riovCglmb250OjE0cHggIuODkuODqeOCruODjuinkuOCtCBQcm8gVzMiLCAiSGlyYWdpbm8gS2FrdSBHb3RoaWMgUHJvIiwgIuODoeOCpOODquOCqiIsIE1laXJ5bywgT3Nha2EsICLvvK3vvLMg77yw44K044K344OD44KvIiwgIk1TIFBHb3RoaWMiLCBzYW5zLXNlcmlmOwoJd2lkdGg6NDIwcHg7Cn0KCmRpdiNIZWFkZXJLZXl3b3JkIHNwYW4gewoJYmFja2dyb3VuZDogI2JmMDAwMDsKCWNvbG9yOiNmZmY7Cglmb250LXdlaWdodDpib2xkOwoJcGFkZGluZzoycHggNXB4Owp9CgpkaXYjSGVhZGVyS2V5d29yZCBhIHsKCWNvbG9yOiMwMDQ0Q0M7Cn0KCgovKiDlgIvmlbDlhaXlipvmrITjga7lpKfjgY3jgZUgKi8KaW5wdXQjdW5pdHMgewoJcGFkZGluZzogNHB4Owp9CgovKiDjgYrosrfjgYTnianjgYvjgZTjg5zjgr/jg7Pjga7lpKfjgY3jgZUgKi8KdGQgPiBpbnB1dCB7Cglmb250LXNpemU6IDEycHg7CglwYWRkaW5nOjhweCAxMnB4IDhweCAxMnB4OwoJd2lkdGg6IGF1dG87Cn0KCi8qIOOAjOWVhuWTgeOBq+OBpOOBhOOBpuOBruWVj+OBhOWQiOOCj+OBm+OAjeODnOOCv+ODs+OBruWkp+OBjeOBlSovCmZvbnQgaW5wdXQgewoJZm9udC1zaXplOiAxMnB4OwoJcGFkZGluZzoycHg7Cgl3aWR0aDogMTUwcHg7Cn0KCgotLT4KPC9zdHlsZT4KCgo8ZGl2IGlkPSJIZWFkZXJLZXl3b3JkIj4KPHNwYW4+5rOo55uu44Gu44Kt44O844Ov44O844OJPC9zcGFuPgrjgqzjg6njgrnjg5XjgqPjg6vjg6AK5pyo55uuCua1tOWupCDluooK44Oq44Ki44OG44OD44KvCgo8L2Rpdj4=,44K344Oz44Kw44Or44Kr44Op44O877yI5Y2Y6Imy77yJIOOAkOi1pC/moYMv44Os44OD44OJL+ODlOODs+OCr+OAkSDjgrXjg7PjgrLjg4Qv44Oq44Ki44OG44OD44KvL+OCq+ODg+ODhuOCo+ODs+OCsOOCt+ODvOODiC/mmpboibIv5bGL5aSW5L2/55So5Y+vL+aKl+iPjOODu+mYsuOCq+ODky/jgqjjg7Pjg5zjgrkv5YyW57Kn44K344O844OIL+WhqeODk+OCt+ODvOODiC/nspjnnYAv44K344O844OrL0RJWS/jg6rjg5Xjgqnjg7zjg6Av44Oq44Oh44Kk44KvL+OAkOODoeODvOOCq+ODvOebtOmAgSZyQXJyO+mAgeaWmeeEoeaWmeOAkSBUQS/jg6rjgqLjg4bjg4Pjgq/jgrfjg7zjg4jvvJrmqKHmp5jmm7/jgYjjgrfjg6fjg4Pjg5fjgIDjg4fjgrM=,44Kr44OD44OG44Kj44Oz44Kw44K344O844OI44OV44Kj44Or44Og44Kr44OD44OG44Kj44Oz44Kw44K344O844Or5aOB57SZ57KY552A44K344O844OI5qih5qeY5pu/44GI44K344O844OI5YyW57Kn44K344O844OI5aOB57SZ44K344O844OI44OA44Kk44OO44OD44Kv44OZ44Or44OT44Ki44Oz44Oq44Ki44OG44OD44Kv44OR44Ot44Ki44Kq44Or44OG44Kj44OO44OT44Ol44O844Kr44Or44ON44Kq44OD44Kv44K544ON44Kq44K/44Kk44Or44ON44Kq44OV44Ot44Ki44Oq44OV44Kp44O844Og44K344O844OI44K144Oz44Ky44OE44Oq44Oq44Kr44Op44Or44OO44Oz77yT77yt44K544Oq44O844Ko44Og44Ki44Kk44Kr44Oq44Oz44OG44OD44Kv44K144Kk44Oz44K344K544OG44Og44K744Kt44K544Kk5qGc5LqV5p2x44Oq44Ok44Oo44Kk5qW15p2x6YOo5bGL5aSn5a6256m65a6k44Kq44O844OK44O85oi45bu66LOD6LK454mp5Lu25LiN5YuV55Sj566h55CG5Lya56S+44Ob44OG44Or44Oe44Oz44K344On44Oz44Ki44OR44O844OI5bqX6IiX44GK5bqX5rW05a6k6aKo5ZGC44Om44OL44OD44OI44OQ44K544OQ44K544Or44O844Og44Kt44OD44OB44Oz44OI44Kk44Os5rC05bu744KK44Kz44O844Kt44Oz44Kw5rSX6Z2i5oqX6I+M6Ziy44Kr44OT5rGa44KM6Ziy5q2i6Ziy5rGa77yk77yp77y55pel5puc5aSn5bel5qih5qeY5pu/44GI44OR44ON44Or5bel5rOV44K744Or44OV44Oq44OV44Kp44O844Og5pa95bel6IG35Lq65bCC6ZaA6Ieq5L2c44OX44Ot6LK844KK5pa55r+A5a6J6LKp5aOy5bqX5qWt6LKp6YCa6LKp5Y246LKp5aOy6YCa5L+h6LKp5aOy56aP5bKh55yM56aP5bKh5biC5aSn6YeO5Z+O5biC5aSq5a6w5bqc5biC5pil5pel5biC562R57Sr6YeO5biC44Kr44Op44O855m944Ob44Ov44Kk44OI6buS44OW44Op44OD44Kv44Oe44OD44OI44OW44Op44OD44Kv6LWk44Os44OD44OJ44Oe44OD44OI5YWJ5rKi6Im25raI44GX5ZKM57SZ5ZKM5p+E5ZKM6aKo5p+E5pyo55uu5pyo55uu5p+E5pyo55uu44K344O844OIV09PROeEoeWcsOOCq+ODvOODnOODs+ODoeOCv+ODquODg+OCr+ODn+ODqeODvOmPoemdouODqeODoeODoeODg+OCremdqea8huWFieayouODrOOCtuODvOearuefs+ebruWkp+eQhuefs+ODh+OCtuOCpOODs+OCq+ODvOODqeODg+ODlOODs+OCsOODqeODg+ODlOODs+OCsOOCq+ODvOOCueOCs+ODg+ODgeODl+ODquODs+ODiOODqeODg+ODl+ODleOCo+ODq+ODoDEwODDjg7Tjgqfjg6njg4Pjg5fjgrnjg4DjgqTjg47jg4Pjgq/jgqvjg7zjg5zjg7Pjg57jg4Pjg4jjg5bjg6njg4Pjgq/ou4rjg5DjgqTjgq/jg5jjg6vjg6Hjg4Pjg4jjgqjjgqLjg63jgqvjg7zjg6njg4Pjg5Tjg7PjgrDjgqvjgrnjgr/jg6DlhoXoo4XlpJboo4Xjg4njg6zjgrnjgqLjg4Pjg5fjgqTjg7Pjg4bjg6rjgqLjg6rjg5Xjgqnjg7zjg6Djg6rjg47jg5njg7zjgrfjg6fjg7Posrzmm7/jgYjmlr3lt6Xlt6Xkuovkv67nkIbmlLnoo4Xkv67nuZXljp/nirblm57lvqnluorlt6XkuovlhoXoo4Xlt6XkuovlrqTlhoXoo4Xpo77lo4HntJnjgq/jg63jgrnnlbPopZbjgqvjg7zjg5rjg4Pjg4jjgqvjg7zjg4bjg7Pjg5bjg6njgqTjg7Pjg4nnnIvmnb/jgrXjgqTjg7PjgrDjg6njg5XjgqPjg4Pjgq/jgqTjg7Pjgq/jgrjjgqfjg4Pjg4jlsYvlpJblsYvlhoXjg57jg7zjgq3jg7PjgrDjgr/jg4Pjgq/jg5rjgqTjg7Pjg4jjg5Hjg43jg6vmtbTlrqTjg5Hjg43jg6vjgrPjg7Pjg5Xjgqnjg7zjg4jjg5Hjg43jg6vjg5Djgrnjg5Hjg43jg6vkvY7nmbrnoLLloanjg5Pmnb/loanjg5Pmnb/jg5Xjgqnjg7zjg6zjg4Pjgq/jgrnopIflkIjmnb/jgqLjg6vjg5/opIflkIjmnb/jgqLjg6vjg53jg6rjg4Pjgq/jgr3jg6zjgqTjgr/jgqzjg6njgrnjg5XjgqPjg6vjg6DnqpPjg5XjgqPjg6vjg6BVVue0q+Wklue3muOCq+ODg+ODiOmjm+aVo+mYsuatoumYsuiZq+OBmeOCiuOCrOODqeOCuemBrueGseODleOCo+ODq+ODoOmAj+aYjuODl+ODqeOCpOODkOOCt+ODvOODh+OCtuOCpOODs+ebrumaoOOBl+aXpeeEvOOBkeatouOCgeeqk+mjvuOCiuepuuWupOWvvuetluilv+aXpeWvvuetluaXpeWwhOmBruiUveevgOmbu+Wvvuetlueqk+aWreeGseeBveWus+WvvuetluWPsOmiqOernOW3u+OCreODg+ODgeODs+aJieOCq+ODqeODvOODnOODg+OCr+OCueeOhOmWouaJieODieOCouWutuWFt+WGt+iUteW6q+ODkeOCveOCs+ODs+ODh+OCueOCr+OCq+OCpuODs+OCv+ODvOajmuacuuODqeODg+OCr+ODhuODvOODluODq+ODgeOCp+OCueODiOOCqOODrOODmeODvOOCv+ODvOWGheeqk+alveeqk+S6jOmHjeeqk+aWreeGseaWreeGseS6jOmHjeeqk+evgOmbu+evgOe0hOOCqOOCs+ecgeOCqOODjeWKueaenOWGt+aIv+aaluaIv+mYsueKr+mYsumfs+e1kOmcsumBk+WFt+ODl+ODqeOCpOODnuODvOODkeODhuOCueOCreODvOOCuOODvOOCv+OCpOODq+Whl+ijheOCv+OCpOODq+OCq+ODvOODmuODg+ODiOS8uOe4ruabsumdojNE5rm+5puy5Ly444Gz44KL6ZuR6LKo44K344Oz44Kw44Or44Kr44Op44O877yI5Y2Y6Imy77yJIOOAkOi1pC/moYMv44Os44OD44OJL+ODlOODs+OCr+OAkSDjgrXjg7PjgrLjg4Qv44Oq44Ki44OG44OD44KvL+OCq+ODg+ODhuOCo+ODs+OCsOOCt+ODvOODiC/mmpboibIv5bGL5aSW5L2/55So5Y+vL+aKl+iPjOODu+mYsuOCq+ODky/jgqjjg7Pjg5zjgrkv5YyW57Kn44K344O844OIL+WhqeODk+OCt+ODvOODiC/nspjnnYAv44K344O844OrL0RJWS/jg6rjg5Xjgqnjg7zjg6Av44Oq44Oh44Kk44KvL+OAkOODoeODvOOCq+ODvOebtOmAgSZyQXJyO+mAgeaWmeeEoeaWmeOAkSBUQS/jg6rjgqLjg4bjg4Pjgq/jgrfjg7zjg4g=,44CQ6YCB5paZ54Sh5paZ44CR44K144Oz44Ky44OEL+ODquOCouODhuODg+OCry/jgqvjg4Pjg4bjgqPjg7PjgrDjgrfjg7zjg4gv44CC44K344Oz44Kw44Or44Kr44Op44O877yI5Y2Y6Imy77yJIOOAkOi1pC/moYMv44Os44OD44OJL+ODlOODs+OCr+OAkSDjgrXjg7PjgrLjg4Qv44Oq44Ki44OG44OD44KvL+OCq+ODg+ODhuOCo+ODs+OCsOOCt+ODvOODiC/mmpboibIv5bGL5aSW5L2/55So5Y+vL+aKl+iPjOODu+mYsuOCq+ODky/jgqjjg7Pjg5zjgrkv5YyW57Kn44K344O844OIL+WhqeODk+OCt+ODvOODiC/nspjnnYAv44K344O844OrL0RJWS/jg6rjg5Xjgqnjg7zjg6Av44Oq44Oh44Kk44KvL+OAkOODoeODvOOCq+ODvOebtOmAgSZyQXJyO+mAgeaWmeeEoeaWmeOAkSBUQS/jg6rjgqLjg4bjg4Pjgq/jgrfjg7zjg4g=[rn]
31-2603,aHR0cDovL3RzaG9wLnIxMHMuanAvbW95b3VnYWVob25wby9jYWJpbmV0L210L2ltZzU3MTUwODEwLmpwZz9maXRpbj03MDA6NzAw,MjQxMy42MDAw,,6Iqx44O744Ks44O844OH44Oz44O7RElZID4g5L2P5a6F5bu65p2Q44O76Kit5YKZID4g5aOB5p2QID4g44Gd44Gu5LuW,6Ieq5Zyo44OI44Oq44OgIFNJTkNPTMOXbXQg44Oe44K544Kt44Oz44Kw44OG44O844OXIOmAj+OBkeOCi+ODu+mHjeOBreOCi+WjgeijheadkC/moLzlrZDmn4Qv44K/44Kk44OrL+OCueOCr+OCqOOCoi/luILmnb7mqKHmp5gv5be+MTVjbcOX6ZW344GVMTVt5be7MeacrOWjsuOCig==,44K344Oz44Kz44O844OrIOmHjeOBreOBpuS9v+OBiOOCi+OBiuOBl+OCg+OCjOOBquWjgeijheadkOOBp+OBmeKZqi8=,PEJPRFk+CjxQPgo8SDEgc3R5bGU9ImNvbG9yOiM2NjY2NjY7IiBhbGlnbj0iY2VudGVyIj7oh6rlnKjjg4jjg6rjg6DjgIDvvLPvvKnvvK7vvKPvvK/vvKzDl++9je+9lDxCUj4K6LK844Gj44Gm44Gv44GM44Gb44KL5bmF5bqD44Oe44K544Kt44Oz44Kw44OG44O844OXPEJSPgo8L0gxPgoKPGNlbnRlcj4KPFRBQkxFIHdpZHRoPSI4MDYiIGhlaWdodD0iNDA0IiBzdHlsZT0iYmFja2dyb3VuZC1pbWFnZSA6IHVybChodHRwczovL2ltYWdlLnJha3V0ZW4uY28uanAvbW95b3VnYWVob25wby9jYWJpbmV0L210L2ltZzU3MTUzOTg4LmpwZyk7Ij4KPFRCT0RZPgo8VFI+CjxURCBhbGlnbj0iY2VudGVyIiBoZWlnaHQ9IjUwIiB3aWR0aD0iMjY1Ij48L1REPgo8VEQgYWxpZ249ImNlbnRlciIgaGVpZ2h0PSI1MCIgd2lkdGg9IjI2NSI+PC9URD4KPFREIGFsaWduPSJsZWZ0IiBoZWlnaHQ9IjUwIiB3aWR0aD0iMjY1Ij48Rk9OVCBjb2xvcj0iIzc5M2QwMCIgc2l6ZT0iLTEiPuKWoOeCueOBjOe3muOBq+OBquOCiuaooeanmOOCkuaPj+OBj+ODh+OCtuOCpOODszwvRk9OVD48L1REPgo8L1RSPgo8VFI+CjxURCBhbGlnbj0iY2VudGVyIiBoZWlnaHQ9IjMwMSIgd2lkdGg9IjI2NSI+PC9URD4KPFREIGFsaWduPSJjZW50ZXIiIGhlaWdodD0iMzAxIiB3aWR0aD0iMjY1Ij48L1REPgo8VEQgYWxpZ249ImNlbnRlciIgaGVpZ2h0PSIzMDEiIHdpZHRoPSIyNjUiPjwvVEQ+CjwvVFI+CjxUUj4KPFREIGhlaWdodD0iMzkiIGFsaWduPSJjZW50ZXIiIHZhbGlnbj0idG9wIiB3aWR0aD0iMjY1Ij48Rk9OVCBzaXplPSItMSIgY29sb3I9IiM3OTNkMDAiPuOAgOKWoOOCv+OCpOODq+OBv+OBn+OBhOOBq+S4puOBueOBn+ODh+OCtuOCpOODszwvRk9OVD48L1REPgo8VEQgdmFsaWduPSJ0b3AiIGhlaWdodD0iMzkiIGFsaWduPSJjZW50ZXIiIHdpZHRoPSIyNjUiPjxGT05UIHNpemU9Ii0xIiBjb2xvcj0iIzk5MzMwMCI+4pag5aWl6KGM44GN44KS5oSf44GY44GV44Gb44KL6YCP5piO5oSf44Gu44GC44KL44OH44K244Kk44OzPC9GT05UPjwvVEQ+CjxURCBhbGlnbj0iY2VudGVyIiB2YWxpZ249InRvcCIgaGVpZ2h0PSIzOSIgd2lkdGg9IjI2NSI+PC9URD4KPC9UUj4KPC9UQk9EWT4KPC9UQUJMRT4KPEJSPgo8QlI+CjxCUj4KPC9DRU5URVI+CgoKPGNlbnRlcj48VEFCTEUgc3R5bGU9ImJvcmRlci1ib3R0b206NXB4ICBkb3R0ZWQgICM4RkMzMUY7ICI+CiAgICA8VFI+PHRkPjxoMiBzdHlsZT0iZGlzcGxheTogaW5saW5lOyBmb250LXNpemU6MjBweDsgY29sb3I6IzY2NjY2NjsiPuWjgeODu+WutuWFt+ODu+OCrOODqeOCueODu+mPoeOBquOBqeOCkuODh+OCs+ODrOODvOOCt+ODp+ODszwvaDI+PC90ZD48L1RSPjwvdGFibGU+PC9jZW50ZXI+CjxjZW50ZXI+PFRBQkxFIHN0eWxlPSJib3JkZXItYm90dG9tOjVweCAgZG90dGVkICAjOEZDMzFGOyAiPgogICAgPFRSPjx0ZD48aDMgc3R5bGU9ImRpc3BsYXk6IGlubGluZTsgZm9udC1zaXplOjIwcHg7IGNvbG9yOiM2NjY2NjY7Ij5tdCDjg57jgrnjgq3jg7PjgrDjg4bjg7zjg5fjgJDmoLzlrZAv44K/44Kk44Or5p+E44CRPC9oMz48L3RkPjwvVFI+PC90YWJsZT48L2NlbnRlcj4KCjxDRU5URVI+CjxQIHN0eWxlPSJmb250LXNpemUgOiAxOHB4OyI+PEI+PEZPTlQgY29sb3I9IiM2NjY2NjYiPjxCUj4K44Oe44K544Kt44Oz44Kw44OG44O844OX5Lim44G544Gf44KK44CB6YeN44Gt44Gf44KK44CB44GE44KN44GE44KN44Gq44OH44Kz44Os44O844K344On44Oz44GM5qW944GX44KB44G+44GZ77yBPEJSPgrnmb3jgYTlo4HjgaDjgZHjgafjgarjgY/jgIHoibLmn4Tjga7jgYLjgovlo4HntJnjgajjgrPjg7zjg4fjgqPjg43jgqTjg4jjgoLjgafjgY3jgIHjg4fjgrbjgqTjg7Pjga7luYXjgoLjgZXjgonjgavluoPjgYzjgorjgb7jgZnjgII8QlI+CuOAjuOBiuW6l+OBruOCpOODoeODvOOCuOOCkuWkieOBiOOBn+OBhOOAj+OAjuODquODk+ODs+OCsOOChOWtkOS+m+mDqOWxi+OBrumbsOWbsuawl+OCkuaYjuOCi+OBj+OBl+OBn+OBhOOAj+OBquOBqTxCUj4K44GC44Gq44Gf44Gu44Ki44Kk44OH44Ki5qyh56ys44Gn5bm+6YCa44KK44KC44Gu44OH44K244Kk44Oz44GM5Ye65p2l44Gh44KD44GE44G+44GZ77yBPEJSPgo8QlI+CuODneODg+ODl+OCq+ODqeODvOOCkuS9v+OBo+OBpuWFg+awl+OBp+aYjuOCi+OBhOODh+OCtuOCpOODs+OAgeWjgeOBruOCteOCpOOCuuOBq+WQiOOCj+OBm+OBpuODnOODvOODgOODvOOChOOCueODiOODqeOCpOODl+afhOOAgTxCUj4K44Oq44Oc44Oz44KS44GL44GR44KL44KI44GG44Gq44OH44K244Kk44Oz44KC5Ye65p2l44Gh44KD44GE44G+44GZ44CCPEJSPgrph43jga3lkIjjgo/jgZvjgovjgajjgb7jgZ/jgIHpgZXjgYboibLjgoTmn4Tjgavjg7vjg7vjg7vjg7vjgYLjgarjgZ/jgarjgonjganjgpPjgarjg4fjgrbjgqTjg7Pjg7vjgqLjg6zjg7PjgrjjgavjgZfjgaHjgoPjgYbvvJ/vvIE8L0ZPTlQ+PC9CPjwvcD4KPEJSPgo8QlI+CjxCUj4KPENFTlRFUj4KPFRBQkxFIHdpZHRoPSI4MDAiIGhlaWdodD0iNDgxIj4KPFRCT0RZPgo8VFI+CjxURCBjb2xzcGFuPSI1IiB3aWR0aD0iNzk4IiBiZ2NvbG9yPSIjOTljYzAwIiBhbGlnbj0iY2VudGVyIiBoZWlnaHQ9IjI5Ij48Qj48Rk9OVCBjb2xvcj0iI2ZmZmZmZiI+44GL44KP44GE44GE44O744Kr44Op44OV44Or44O744Kq44K344Oj44Os44Gq44Oe44K544Kt44Oz44Kw44OG44O844OX44CA44G+44Gg44G+44Gg44GC44KK44G+44GZ77yB77yBPC9GT05UPjwvQj48L1REPgo8L1RSPgo8VFI+CjxURCBhbGlnbj0iY2VudGVyIiBoZWlnaHQ9IjEzOCI+PEEgaHJlZj0iaHR0cHM6Ly9pdGVtLnJha3V0ZW4uY28uanAvbW95b3VnYWVob25wby9qaXphaXRvcmltdS0wMS8iPjxpbWcgc3JjPSJodHRwczovL2ltYWdlLnJha3V0ZW4uY28uanAvbW95b3VnYWVob25wby9jYWJpbmV0L210L2ltZzU3MTUwOTA5LmpwZyI+PC9BPjwvVEQ+CjxURCBhbGlnbj0iY2VudGVyIiBoZWlnaHQ9IjEzOCI+PEEgaHJlZj0iaHR0cHM6Ly9pdGVtLnJha3V0ZW4uY28uanAvbW95b3VnYWVob25wby9qaXphaXRvcmltdS0wMi8iPjxpbWcgc3JjPSJodHRwczovL2ltYWdlLnJha3V0ZW4uY28uanAvbW95b3VnYWVob25wby9jYWJpbmV0L210L2ltZzU3MTUwOTE0LmpwZyI+PC9BPjwvVEQ+CjxURCBhbGlnbj0iY2VudGVyIiBoZWlnaHQ9IjEzOCI+PEEgaHJlZj0iaHR0cHM6Ly9pdGVtLnJha3V0ZW4uY28uanAvbW95b3VnYWVob25wby9qaXphaXRvcmltdS0wMy8iPjxpbWcgc3JjPSJodHRwczovL2ltYWdlLnJha3V0ZW4uY28uanAvbW95b3VnYWVob25wby9jYWJpbmV0L210L2ltZzU3MTUwOTEzLmpwZyI+PC9BPjwvVEQ+CjxURCBhbGlnbj0iY2VudGVyIiBoZWlnaHQ9IjEzOCI+PEEgaHJlZj0iaHR0cHM6Ly9pdGVtLnJha3V0ZW4uY28uanAvbW95b3VnYWVob25wby9qaXphaXRvcmltdS0wNC8iPjxpbWcgc3JjPSJodHRwczovL2ltYWdlLnJha3V0ZW4uY28uanAvbW95b3VnYWVob25wby9jYWJpbmV0L210L2ltZzU3MTUwOTEyLmpwZyI+PC9BPjwvVEQ+CjxURCBhbGlnbj0iY2VudGVyIiBoZWlnaHQ9IjEzOCI+PEEgaHJlZj0iaHR0cHM6Ly9pdGVtLnJha3V0ZW4uY28uanAvbW95b3VnYWVob25wby9qaXphaXRvcmltdS0wNi8iPjxpbWcgc3JjPSJodHRwczovL2ltYWdlLnJha3V0ZW4uY28uanAvbW95b3VnYWVob25wby9jYWJpbmV0L210L2ltZzU3MTUwOTExLmpwZyI+PC9BPjwvVEQ+CjwvVFI+CjxUUj4KPFREIGFsaWduPSJjZW50ZXIiIGhlaWdodD0iNjEiPjxCPjxGT05UIHNpemU9Ii0xIiBjb2xvcj0iIzAwOTljYyI+44OW44Or44O857O75Y2Y6Imy44Kr44Op44O8PC9GT05UPjwvQj48QlI+CjxBIGhyZWY9Imh0dHBzOi8vaXRlbS5yYWt1dGVuLmNvLmpwL21veW91Z2FlaG9ucG8vaml6YWl0b3JpbXUtMDEvIj48Qj48Rk9OVCBzaXplPSItMSI+5be+MTXvvYPvvY3DlzE1772N5be7PC9mb250PjwvQj48L2E+PEJSPgo8QSBocmVmPSJodHRwczovL2l0ZW0ucmFrdXRlbi5jby5qcC9tb3lvdWdhZWhvbnBvL2ppemFpdG9yaW11LTA3LyI+PGI+PEZPTlQgc2l6ZT0iLTEiPuW3vjMw772D772Nw5cxNe+9jeW3uzwvRk9OVD48L0I+PEJSPgo8L0E+PC9URD4KPFREIGFsaWduPSJjZW50ZXIiIGhlaWdodD0iNjEiPjxCPjxGT05UIHNpemU9Ii0xIiBjb2xvcj0iI2ZmNjZjYyI+44OU44Oz44Kv57O75Y2Y6Imy44Kr44Op44O8PC9GT05UPjwvQj48QlI+CjxBIGhyZWY9Imh0dHBzOi8vaXRlbS5yYWt1dGVuLmNvLmpwL21veW91Z2FlaG9ucG8vaml6YWl0b3JpbXUtMDIiPjxCPjxGT05UIHNpemU9Ii0xIj7lt74xNe+9g++9jcOXMTXvvY3lt7s8L2ZvbnQ+PC9CPjwvYT48QlI+CjxBIGhyZWY9Imh0dHBzOi8vaXRlbS5yYWt1dGVuLmNvLmpwL21veW91Z2FlaG9ucG8vaml6YWl0b3JpbXUtMDgvIj48Yj48Rk9OVCBzaXplPSItMSI+5be+MzDvvYPvvY3DlzE1772N5be7PC9GT05UPjwvQj48QlI+CjwvQT48L1REPgo8VEQgYWxpZ249ImNlbnRlciIgaGVpZ2h0PSI2MSI+PEZPTlQgc2l6ZT0iLTEiIGNvbG9yPSIjOTkzMzAwIj48Qj7jg5bjg6njgqbjg7Pns7vljZjoibLjgqvjg6njg7w8QlI+CjwvQj48L0ZPTlQ+CjxBIGhyZWY9Imh0dHBzOi8vaXRlbS5yYWt1dGVuLmNvLmpwL21veW91Z2FlaG9ucG8vaml6YWl0b3JpbXUtMDMvIj48Qj48Rk9OVCBzaXplPSItMSI+5be+MTXvvYPvvY3DlzE1772N5be7PC9mb250PjwvQj48L2E+PEJSPgo8QSBocmVmPSJodHRwczovL2l0ZW0ucmFrdXRlbi5jby5qcC9tb3lvdWdhZWhvbnBvL2ppemFpdG9yaW11LTA5LyI+PGI+PEZPTlQgc2l6ZT0iLTEiPuW3vjMw772D772Nw5cxNe+9jeW3uzwvRk9OVD48L0I+PEJSPgo8L0E+PC9URD4KCjxURCBhbGlnbj0iY2VudGVyIiBoZWlnaHQ9IjYxIj48Rk9OVCBzaXplPSItMSIgY29sb3I9IiM5OTk5MDAiPjxGT05UIGNvbG9yPSIjOTk5OTAwIj48Qj7jgrfjg6vjg5Djg7zjg7vjgrTjg7zjg6vjg4k8QlI+CjwvQj48L0ZPTlQ+PC9GT05UPgo8QSBocmVmPSJodHRwczovL2l0ZW0ucmFrdXRlbi5jby5qcC9tb3lvdWdhZWhvbnBvL2ppemFpdG9yaW11LTA0LyI+PEI+PEZPTlQgc2l6ZT0iLTEiPuW3vjE1772D772Nw5cxNe+9jeW3uzwvZm9udD48L0I+PC9hPjxCUj4KPEEgaHJlZj0iaHR0cHM6Ly9pdGVtLnJha3V0ZW4uY28uanAvbW95b3VnYWVob25wby9qaXphaXRvcmltdS0xMC8iPjxiPjxGT05UIHNpemU9Ii0xIj7lt74zMO+9g++9jcOXMTXvvY3lt7s8L0ZPTlQ+PC9CPjxCUj4KPC9BPjwvVEQ+CjxURCBhbGlnbj0iY2VudGVyIiBoZWlnaHQ9IjYxIj48Qj48Rk9OVCBzaXplPSItMSIgY29sb3I9IiNmZjk5MDAiPuOCueODiOODqeOCpOODl+afhDwvRk9OVD48L0I+PGJyPgo8QSBocmVmPSJodHRwczovL2l0ZW0ucmFrdXRlbi5jby5qcC9tb3lvdWdhZWhvbnBvL2ppemFpdG9yaW11LTA2LyI+PEI+PEZPTlQgc2l6ZT0iLTEiPuW3vjE1772D772Nw5cxNe+9jeW3uzwvZm9udD48L0I+PC9hPjxCUj4KPEEgaHJlZj0iaHR0cHM6Ly9pdGVtLnJha3V0ZW4uY28uanAvbW95b3VnYWVob25wby9qaXphaXRvcmltdS0xMi8iPjxiPjxGT05UIHNpemU9Ii0xIj7lt74zMO+9g++9jcOXMTXvvY3lt7s8L0ZPTlQ+PC9CPjxCUj4KPC9BPjwvVEQ+CjwvVFI+CjxUUj4KPFREIGFsaWduPSJjZW50ZXIiIGhlaWdodD0iMTQ0Ij48QSBocmVmPSJodHRwczovL2l0ZW0ucmFrdXRlbi5jby5qcC9tb3lvdWdhZWhvbnBvL2ppemFpdG9yaW11LTA1LyI+PGltZyBzcmM9Imh0dHBzOi8vaW1hZ2UucmFrdXRlbi5jby5qcC9tb3lvdWdhZWhvbnBvL2NhYmluZXQvbXQvaW1nNTcxNTA5MTAuanBnIj48L0E+PC9URD4KPFREIGFsaWduPSJjZW50ZXIiIGhlaWdodD0iMTYwIj48QSBocmVmPSJodHRwczovL2l0ZW0ucmFrdXRlbi5jby5qcC9tb3lvdWdhZWhvbnBvL2ppemFpdG9yaW11LTEzLyI+PGltZyBzcmM9Imh0dHBzOi8vaW1hZ2UucmFrdXRlbi5jby5qcC9tb3lvdWdhZWhvbnBvL2NhYmluZXQvbXQvaW1nNTcxNTA5MDguanBnIj48L0E+PC9URD4KPFREIGFsaWduPSJjZW50ZXIiIGhlaWdodD0iMTQ0Ij48QSBocmVmPSJodHRwczovL2l0ZW0ucmFrdXRlbi5jby5qcC9tb3lvdWdhZWhvbnBvL2ppemFpdG9yaW11LTE0LyI+PGltZyBzcmM9Imh0dHBzOi8vaW1hZ2UucmFrdXRlbi5jby5qcC9tb3lvdWdhZWhvbnBvL2NhYmluZXQvbXQvaW1nNTcxNTA5MDQuanBnIj48L0E+PC9URD4KPFREIGFsaWduPSJjZW50ZXIiIGhlaWdodD0iMTQ0Ij48QSBocmVmPSJodHRwczovL2l0ZW0ucmFrdXRlbi5jby5qcC9tb3lvdWdhZWhvbnBvL2ppemFpdG9yaW11LTE1LyI+PGltZyBzcmM9Imh0dHBzOi8vaW1hZ2UucmFrdXRlbi5jby5qcC9tb3lvdWdhZWhvbnBvL2NhYmluZXQvbXQvaW1nNTcxNTA5MDcuanBnIj48L0E+PC9URD4KPFREIGFsaWduPSJjZW50ZXIiIGhlaWdodD0iMTQ0Ij48QSBocmVmPSJodHRwczovL2l0ZW0ucmFrdXRlbi5jby5qcC9tb3lvdWdhZWhvbnBvL2ppemFpdG9yaW11LTE2LyI+PGltZyBzcmM9Imh0dHBzOi8vaW1hZ2UucmFrdXRlbi5jby5qcC9tb3lvdWdhZWhvbnBvL2NhYmluZXQvbXQvaW1nNTcxNTA5MDYuanBnIj48L0E+PC9URD4KPC9UUj4KPFRSPgo8VEQgYWxpZ249ImNlbnRlciIgaGVpZ2h0PSI1NyI+PEI+PEZPTlQgc2l6ZT0iLTEiIGNvbG9yPSIjMDBjYzk5Ij7lsI/jgZXjgarmsLTnjokv44OJ44OD44OI5p+EPC9GT05UPjwvQj4KPGJyPgo8QSBocmVmPSJodHRwczovL2l0ZW0ucmFrdXRlbi5jby5qcC9tb3lvdWdhZWhvbnBvL2ppemFpdG9yaW11LTA1LyI+PEI+PEZPTlQgc2l6ZT0iLTEiPuW3vjE1772D772Nw5cxNe+9jeW3uzwvZm9udD48L0I+PC9hPjxCUj4KPEEgaHJlZj0iaHR0cHM6Ly9pdGVtLnJha3V0ZW4uY28uanAvbW95b3VnYWVob25wby9qaXphaXRvcmltdS0xMS8iPjxiPjxGT05UIHNpemU9Ii0xIj7lt74zMO+9g++9jcOXMTXvvY3lt7s8L0ZPTlQ+PC9CPjxCUj4KPC9BPjwvVEQ+CjxURCBhbGlnbj0iY2VudGVyIiBoZWlnaHQ9IjUyIj48Rk9OVCBjb2xvcj0iIzk5OTlmZiI+PEZPTlQgY29sb3I9IiM5OTk5ZmYiPjxBIGhyZWY9Imh0dHBzOi8vaXRlbS5yYWt1dGVuLmNvLmpwL21veW91Z2FlaG9ucG8vaml6YWl0b3JpbXUtMTMvIj48Rk9OVCBzaXplPSItMSIgY29sb3I9IiM5OTk5ZmYiPjxGT05UIGNvbG9yPSIjOTk5OWZmIj48Qj7jg5Djg5bjg6vmn4Q8L0I+PC9GT05UPjwvRk9OVD48L0E+PC9GT05UPjwvRk9OVD48L1REPgo8VEQgYWxpZ249ImNlbnRlciIgaGVpZ2h0PSI1NyI+PEEgaHJlZj0iaHR0cHM6Ly9pdGVtLnJha3V0ZW4uY28uanAvbW95b3VnYWVob25wby9qaXphaXRvcmltdS0xNC8iPjxCPjxGT05UIHNpemU9Ii0xIiBjb2xvcj0iI2NjNjZjYyI+44OV44Op44Ov44O8L+iKsS/oirHjgbPjgonmn4Q8L0ZPTlQ+PC9CPjwvQT48L1REPgo8VEQgYWxpZ249ImNlbnRlciIgaGVpZ2h0PSI1NyI+PEEgaHJlZj0iaHR0cHM6Ly9pdGVtLnJha3V0ZW4uY28uanAvbW95b3VnYWVob25wby9qaXphaXRvcmltdS0xNS8iPjxGT05UIGNvbG9yPSIjMDA2NjAwIj48Qj48Rk9OVCBzaXplPSItMSI+5qSN54mpL+iKsS/jg6rjg7zjg5Xmn4Q8L0ZPTlQ+PC9CPjwvRk9OVD48L0E+PC9URD4KPFREIGFsaWduPSJjZW50ZXIiIGhlaWdodD0iNTciPjxBIGhyZWY9Imh0dHBzOi8vaXRlbS5yYWt1dGVuLmNvLmpwL21veW91Z2FlaG9ucG8vaml6YWl0b3JpbXUtMTYvIj48Rk9OVCBzaXplPSItMSIgY29sb3I9IiNmZjMzMzMiPjxCPuWkp+OBjeOBhOawtOeOiS/jg4njg4Pjg4jmn4Q8L0I+PC9GT05UPjwvQT48L1REPgo8L1RSPgo8L1RCT0RZPgo8L1RBQkxFPgo8L0NFTlRFUj4KPENFTlRFUj48QlI+CjxCUj4KCgoKPCEtLSDilrzpgIHmlpnjg5Djg4rjg7wgLS0+CjxwPjxpbWcgc3JjPSJodHRwczovL2ltYWdlLnJha3V0ZW4uY28uanAvbW95b3VnYWVob25wby9jYWJpbmV0L210L2ltZzYwNzc4OTc1LmpwZyI+PC9wPgoKPGRpdiBjbGFzcz0iYm94Ij4KPGEgbmFtZT0iY19iIiBpZD0iY19iIj48L2E+CjwhLS0g4pa85ZWG5ZOB6Kmz57Sw44CA5bCP44Ki44Kk44Kz44Oz44CA4oC75LiN6KaB44Gq44KC44Gu44Gv5raI44GZIC0tPgo8aDQ+PElNRyBzcmM9Imh0dHBzOi8vaW1hZ2UucmFrdXRlbi5jby5qcC9tb3lvdWdhZWhvbnBvL2NhYmluZXQvc2hlZXQvcGFyb2kvbWFzdGVyL2ltZzU3MjM1NjgxLmpwZyI+PC9oND4KPGRpdiBjbGFzcz0iY19pY29uIj4KPGltZyBzcmM9Imh0dHBzOi8vaW1hZ2UucmFrdXRlbi5jby5qcC9tb3lvdWdhZWhvbnBvL2NhYmluZXQvY29tbW9uX2ltZy9kZXRhaWxzX2ljb24vaW1nNTcyNTg0NDQuanBnIiB0aXRsZT0i5Luj6YeR5byV5o+b5Y+v6IO977yI5omL5pWw5paZ77yJIj4KPGltZyBzcmM9Imh0dHBzOi8vaW1hZ2UucmFrdXRlbi5jby5qcC9tb3lvdWdhZWhvbnBvL2NhYmluZXQvY29tbW9uX2ltZy9kZXRhaWxzX2ljb24vaW1nNTcyNTg0NDEuanBnIiB0aXRsZT0i6YCB5paZ5Yil6YCU5b+F6KaBIj4KPGltZyBzcmM9Imh0dHBzOi8vaW1hZ2UucmFrdXRlbi5jby5qcC9tb3lvdWdhZWhvbnBvL2NhYmluZXQvY29tbW9uX2ltZy9kZXRhaWxzX2ljb24vaW1nNTcyNTg0MzkuanBnIiB0aXRsZT0i44Oh44O844Or5L6/5LiN5Y+vIj4KPGltZyBzcmM9Imh0dHBzOi8vaW1hZ2UucmFrdXRlbi5jby5qcC9tb3lvdWdhZWhvbnBvL2NhYmluZXQvY29tbW9uX2ltZy9kZXRhaWxzX2ljb24vaW1nNTcyNTg1NzQuanBnIiB0aXRsZT0i5b2T5bqX55m66YCBIj4KPC9kaXY+CjwvZGl2Pgo8RElWIGNsYXNzPSJnb29kcy10YmwiPgoKPGRpdiBjbGFzcz0iZ29vZHMtdGl0bGUiPgrllYblk4HoqqzmmI4KPC9kaXY+Cgo8ZGl2IGNsYXNzPSJnb29kcy1sZWZ0Ij4K5ZOB55WqPC9kaXY+CjxkaXYgY2xhc3M9Imdvb2RzLXJpZ2h0Ij4KPGJyPgpCQlQ4MDgzPEJSPgpCQlQ4MDg0PEJSPgpCQlQ4MDg1PEJSPgoKCjwvZGl2PgoKPGRpdiBjbGFzcz0iZ29vZHMtbmV4dCI+CjwvZGl2PgoKPGRpdiBjbGFzcz0iZ29vZHMtbGVmdCI+CuOCteOCpOOCujwvZGl2Pgo8ZGl2IGNsYXNzPSJnb29kcy1yaWdodCI+Cjxicj4K5be+MTVjbcOX6ZW344GVMTVt5be777yIMeacrO+8iTxicj4K57im44Oq44OU44O844OI77yaNjBjbTxicj4KPC9kaXY+CjxkaXYgY2xhc3M9Imdvb2RzLW5leHQiPgo8L2Rpdj4KCjxkaXYgY2xhc3M9Imdvb2RzLWxlZnQiPgrllYblk4HoqqzmmI48L2Rpdj4KPGRpdiBjbGFzcz0iZ29vZHMtcmlnaHQiPgo8QlI+CuWVhuWTgeOBruijj+mdouOBq+eziuWKoOW3peOBleOCjOOBpuOBiuOCiuOBvuOBmeOAgjxicj4K5Z+65p2Q77ya5ZKM57SZL+aOpeedgOWJpO+8muOCouOCr+ODquODq+ezuzxicj4K6Z2e6Ziy54GrL+ODm+ODq+ODoOOCouODq+ODh+ODkuODieetiee0mu+8puKYhuKYhuKYhuKYhjxCUj4KPC9kaXY+Cgo8ZGl2IGNsYXNzPSJnb29kcy1uZXh0Ij4KPC9kaXY+CjxkaXYgY2xhc3M9Imdvb2RzLWxlZnQiPgrjgZ3jga7ku5bms6jmhI/ngrk8L2Rpdj4KPGRpdiBjbGFzcz0iZ29vZHMtcmlnaHQiPgo8QlI+CuOAkOawtOWhl+OCjOazqOaEj+OAkTxicj4K5rC044Gr44Gs44KM44Gf44KK5by344GP5pOm44Gj44Gf44KK44GZ44KL44Go6Imy6JC944Gh44GZ44KL5aC05ZCI44GM44GU44GW44GE44G+44GZ44CC54m544Gr5r+D44GE6Imy44Gu44KC44Gu44Gv6Imy56e744KK44GZ44KL5LqL44KC44GC44KK44G+44GZ44CCPGJyPgrjgJDnm7TlsITml6XlhYnjga/pgb/jgZHjgovjgJE8YnI+CueSsOWig+OBq+OCiOOBo+OBpuOBr+mVt+aZgumWk+iyvOOCiuOBpOOBkeOBn+OBvuOBvuaUvue9ruOBl+OBn+OCiuOAgeebtOWwhOaXpeWFieOBquOBqeOBq+OBleOCieOBleOCjOOCi+aJgOOChOmrmOa4qeOBq+OBquOCi+aJgOOBp+S9v+eUqOOBleOCjOOBn+WgtOWQiOOBq+OBr+WJpeOBjOOBl+OBn+W+jOOBq+aOpeedgOWJpOOBjOaui+OBo+OBn+OCiuiJsuOBjOOBguOBm+OCi+S6i+OBjOOBguOCiuOBvuOBmeOAgjxicj4K44CQ5L+d566h44Gv44KE44GV44GX44GP44CRPGJyPgrpgYvmkKzjg7vkv53nrqHjga7pmpvjga/jgIHnm7TlsITml6XlhYnjg7vpq5jmuKnjgavjgarjgovmiYDjgpLpgb/jgZHjgablhrfmmpfmiYDjgavkv53nrqHjgZfjgabjgY/jgaDjgZXjgYTjgII8QlI+CuihqOmdoue0oOadkOOBq+ODgOODoeODvOOCuOOCkuWPl+OBkeOCi+WgtOWQiOOBjOOBguOCiuOBvuOBmeOBruOBp+WkmumHj+OBq+epjeOBv+mHjeOBreOBquOBhOOBp+OBj+OBoOOBleOBhOOAgjxCUj48YnI+CjwvZGl2PgoKPGRpdiBjbGFzcz0iZ29vZHMtbmV4dCI+CjwvZGl2PgoKCjxkaXYgY2xhc3M9Imdvb2RzLWxlZnQiPgrov5Tlk4Hjg7vkuqTmj5vjgavjgaTjgYTjgaY8L2Rpdj4KPGRpdiBjbGFzcz0iZ29vZHMtcmlnaHQiPgo8YnI+CuOBiuWuouanmOmDveWQiOOBq+OCiOOCi+i/lOWTgeODu+S6pOaPm+OBr+aJv+OCi+S6i+OBjOOBp+OBjeOBvuOBm+OCk+OAggo8YnI+CuS4jeiJr+WTgeOBq+OBpOOBjeOBvuOBl+OBpuOBr+OAgeOBiuWxiuOBkeaXpeOCkuWQq+OCgTfml6Xku6XlhoXjgavlvZPlupfjgbjjgZTpgKPntaHjgY/jgaDjgZXjgYTjgIIK44Gd44Gu5aC05ZCI44Gv5Lqk5o+b44Go44Gq44KK44G+44GZ44Gu44Gn5LiN6Imv5ZOB44Gv5o2o44Gm44Ga44Gr5L+d566h44GX44Gm44GP44Gg44GV44GE44CC5b2T5bqX44Gr44Gm5LiN6Imv5YCL5omA44KS56K66KqN44GV44Gb44Gm44GE44Gf44Gg44GE44Gf5b6M44CB6Imv5ZOB44Go5Y+W44KK5o+b44GI44GV44Gb44Gm44GE44Gf44Gg44GN44G+44GZ44CCIDxicj4K6Kmz44GX44GE6Kmz57Sw44Gv44GT44Gh44KJ44KS44GU6Kan44GP44Gg44GV44GE44CCCjxCUj4KPEJSPgo8Zm9udCBjb2xvcj1ibHVlPuKAu+OBiuS9v+OBhOOBruODkeOCveOCs+ODs+eSsOWig+OBq+OCiOOCiuOAgeWVhuWTgeOBruiJsuOBjOimi+acrOOBqOWkmuWwkeeVsOOBquOCi+WgtOWQiOOBjOOBguOCiuOBvuOBmeOAgjwvZm9udD48YnI+CjwvZGl2Pgo8ZGl2IGNsYXNzPSJnb29kcy1uZXh0Ij4KPC9kaXY+CjwvZGl2PgoKPGRpdiBjbGFzcz0iZ29vZHMtbmV4dCI+PC9kaXY+Cgo8L0RJVj48c3R5bGUgdHlwZT0idGV4dC9jc3MiPgo8IS0tCgovKuWVhuWTgeWQjeOBruODleOCqeODs+ODiOaDheWgsSovCi5pdGVtX25hbWUgewoJZGlzcGxheTpibG9jazsKCW1hcmdpbjowIDAgOHB4IDA7Cglmb250LWZhbWlseToi44OS44Op44Ku44OO6KeS44K0IFBybyBXMyIsICJIaXJhZ2lubyBLYWt1IEdvdGhpYyBQcm8iLCAi44Oh44Kk44Oq44KqIiwgTWVpcnlvLCBPc2FrYSwgIu+8re+8syDvvLDjgrTjgrfjg4Pjgq8iLCAiTVMgUEdvdGhpYyIsIHNhbnMtc2VyaWY7Cglmb250OmJvbGQgMTZweDsKCWNvbG9yOiMzMzM7CglsaW5lLWhlaWdodDoxMjAlOwoKfQovKuOCreODo+ODg+ODgeOCs+ODlOODvOOBruODleOCqeODs+ODiOaDheWgsSovCi5jYXRjaF9jb3B5IHsKCWRpc3BsYXk6YmxvY2s7CgltYXJnaW46MCAwIDhweCAwIDsKCWZvbnQtZmFtaWx5OiLjg5Ljg6njgq7jg47op5LjgrQgUHJvIFczIiwgIkhpcmFnaW5vIEtha3UgR290aGljIFBybyIsICLjg6HjgqTjg6rjgqoiLCBNZWlyeW8sIE9zYWthLCAi77yt77yzIO+8sOOCtOOCt+ODg+OCryIsICJNUyBQR290aGljIiwgc2Fucy1zZXJpZjsKCWZvbnQtc2l6ZToxNHB4OwoJY29sb3I6IzMzMzsKfQoKLyrnm67njonllYblk4Hjga7mloflrZcqLwphLmxvc3NsZWFkZXJfaXRlbV9uYW1lOmxpbmsgewoJY29sb3I6IzU1NTsKCWZvbnQtc2l6ZToxM3B4Owp9CgpzcGFuLmxvc3NsZWFkZXJfcHJpY2UyewoJY29sb3I6I0ZGMDAwMDsKCWZvbnQtc2l6ZToxMnB4Owp9CgovKuODmuODvOOCuOW3puS4iuOBruOCreODvOODr+ODvOODieihqOekuuashCovCmRpdiNIZWFkZXJLZXl3b3JkIHsKCXBvc2l0aW9uOmFic29sdXRlOwoJdG9wOjQ4cHg7LyrkuIDnlarkuIrjgYvjgonjga7kvY3nva4qLwoJbGVmdDo4MHB4Oy8q5bem56uv44GL44KJ44Gu5L2N572uKi8KCWZvbnQ6MTRweCAi44OS44Op44Ku44OO6KeS44K0IFBybyBXMyIsICJIaXJhZ2lubyBLYWt1IEdvdGhpYyBQcm8iLCAi44Oh44Kk44Oq44KqIiwgTWVpcnlvLCBPc2FrYSwgIu+8re+8syDvvLDjgrTjgrfjg4Pjgq8iLCAiTVMgUEdvdGhpYyIsIHNhbnMtc2VyaWY7Cgl3aWR0aDo0MjBweDsKfQoKZGl2I0hlYWRlcktleXdvcmQgc3BhbiB7CgliYWNrZ3JvdW5kOiAjYmYwMDAwOwoJY29sb3I6I2ZmZjsKCWZvbnQtd2VpZ2h0OmJvbGQ7CglwYWRkaW5nOjJweCA1cHg7Cn0KCmRpdiNIZWFkZXJLZXl3b3JkIGEgewoJY29sb3I6IzAwNDRDQzsKfQoKCi8qIOWAi+aVsOWFpeWKm+ashOOBruWkp+OBjeOBlSAqLwppbnB1dCN1bml0cyB7CglwYWRkaW5nOiA0cHg7Cn0KCi8qIOOBiuiyt+OBhOeJqeOBi+OBlOODnOOCv+ODs+OBruWkp+OBjeOBlSAqLwp0ZCA+IGlucHV0IHsKCWZvbnQtc2l6ZTogMTJweDsKCXBhZGRpbmc6OHB4IDEycHggOHB4IDEycHg7Cgl3aWR0aDogYXV0bzsKfQoKLyog44CM5ZWG5ZOB44Gr44Gk44GE44Gm44Gu5ZWP44GE5ZCI44KP44Gb44CN44Oc44K/44Oz44Gu5aSn44GN44GVKi8KZm9udCBpbnB1dCB7Cglmb250LXNpemU6IDEycHg7CglwYWRkaW5nOjJweDsKCXdpZHRoOiAxNTBweDsKfQoKCi0tPgo8L3N0eWxlPgoKCjxkaXYgaWQ9IkhlYWRlcktleXdvcmQiPgo8c3Bhbj7ms6jnm67jga7jgq3jg7zjg6/jg7zjg4k8L3NwYW4+CuOCrOODqeOCueODleOCo+ODq+ODoArmnKjnm64K5rW05a6kIOW6igrjg6rjgqLjg4bjg4Pjgq8KCjwvZGl2Pg==,6Ieq5Zyo44OI44Oq44OgIFNJTkNPTCZ0aW1lczttdCDjg57jgrnjgq3jg7PjgrDjg4bjg7zjg5cg6YCP44GR44KL44O76YeN44Gt44KL5aOB6KOF5p2QL+agvOWtkOafhC/jgr/jgqTjg6sv44K544Kv44Ko44KiL+W4guadvuaooeanmC/lt74xNWNtJnRpbWVzO+mVt+OBlTE1beW3uzHmnKzlo7LjgorvvJrmqKHmp5jmm7/jgYjjgrfjg6fjg4Pjg5fjgIDjg4fjgrM=,44Kr44OD44OG44Kj44Oz44Kw44K344O844OI44OV44Kj44Or44Og44Kr44OD44OG44Kj44Oz44Kw44K344O844Or5aOB57SZ57KY552A44K344O844OI5qih5qeY5pu/44GI44K344O844OI5YyW57Kn44K344O844OI5aOB57SZ44K344O844OI44OA44Kk44OO44OD44Kv44OZ44Or44OT44Ki44Oz44Oq44Ki44OG44OD44Kv44OR44Ot44Ki44Kq44Or44OG44Kj44OO44OT44Ol44O844Kr44Or44ON44Kq44OD44Kv44K544ON44Kq44K/44Kk44Or44ON44Kq44OV44Ot44Ki44Oq44OV44Kp44O844Og44K344O844OI44K144Oz44Ky44OE44Oq44Oq44Kr44Op44Or44OO44Oz77yT77yt44K544Oq44O844Ko44Og44Ki44Kk44Kr44Oq44Oz44OG44OD44Kv44K144Kk44Oz44K344K544OG44Og44K744Kt44K544Kk5qGc5LqV5p2x44Oq44Ok44Oo44Kk5qW15p2x6YOo5bGL5aSn5a6256m65a6k44Kq44O844OK44O85oi45bu66LOD6LK454mp5Lu25LiN5YuV55Sj566h55CG5Lya56S+44Ob44OG44Or44Oe44Oz44K344On44Oz44Ki44OR44O844OI5bqX6IiX44GK5bqX5rW05a6k6aKo5ZGC44Om44OL44OD44OI44OQ44K544OQ44K544Or44O844Og44Kt44OD44OB44Oz44OI44Kk44Os5rC05bu744KK44Kz44O844Kt44Oz44Kw5rSX6Z2i5oqX6I+M6Ziy44Kr44OT5rGa44KM6Ziy5q2i6Ziy5rGa77yk77yp77y55pel5puc5aSn5bel5qih5qeY5pu/44GI44OR44ON44Or5bel5rOV44K744Or44OV44Oq44OV44Kp44O844Og5pa95bel6IG35Lq65bCC6ZaA6Ieq5L2c44OX44Ot6LK844KK5pa55r+A5a6J6LKp5aOy5bqX5qWt6LKp6YCa6LKp5Y246LKp5aOy6YCa5L+h6LKp5aOy56aP5bKh55yM56aP5bKh5biC5aSn6YeO5Z+O5biC5aSq5a6w5bqc5biC5pil5pel5biC562R57Sr6YeO5biC44Kr44Op44O855m944Ob44Ov44Kk44OI6buS44OW44Op44OD44Kv44Oe44OD44OI44OW44Op44OD44Kv6LWk44Os44OD44OJ44Oe44OD44OI5YWJ5rKi6Im25raI44GX5ZKM57SZ5ZKM5p+E5ZKM6aKo5p+E5pyo55uu5pyo55uu5p+E5pyo55uu44K344O844OIV09PROeEoeWcsOOCq+ODvOODnOODs+ODoeOCv+ODquODg+OCr+ODn+ODqeODvOmPoemdouODqeODoeODoeODg+OCremdqea8huWFieayouODrOOCtuODvOearuefs+ebruWkp+eQhuefs+ODh+OCtuOCpOODs+OCq+ODvOODqeODg+ODlOODs+OCsOODqeODg+ODlOODs+OCsOOCq+ODvOOCueOCs+ODg+ODgeODl+ODquODs+ODiOODqeODg+ODl+ODleOCo+ODq+ODoDEwODDjg7Tjgqfjg6njg4Pjg5fjgrnjg4DjgqTjg47jg4Pjgq/jgqvjg7zjg5zjg7Pjg57jg4Pjg4jjg5bjg6njg4Pjgq/ou4rjg5DjgqTjgq/jg5jjg6vjg6Hjg4Pjg4jjgqjjgqLjg63jgqvjg7zjg6njg4Pjg5Tjg7PjgrDjgqvjgrnjgr/jg6DlhoXoo4XlpJboo4Xjg4njg6zjgrnjgqLjg4Pjg5fjgqTjg7Pjg4bjg6rjgqLjg6rjg5Xjgqnjg7zjg6Djg6rjg47jg5njg7zjgrfjg6fjg7Posrzmm7/jgYjmlr3lt6Xlt6Xkuovkv67nkIbmlLnoo4Xkv67nuZXljp/nirblm57lvqnluorlt6XkuovlhoXoo4Xlt6XkuovlrqTlhoXoo4Xpo77lo4HntJnjgq/jg63jgrnnlbPopZbjgqvjg7zjg5rjg4Pjg4jjgqvjg7zjg4bjg7Pjg5bjg6njgqTjg7Pjg4nnnIvmnb/jgrXjgqTjg7PjgrDjg6njg5XjgqPjg4Pjgq/jgqTjg7Pjgq/jgrjjgqfjg4Pjg4jlsYvlpJblsYvlhoXjg57jg7zjgq3jg7PjgrDjgr/jg4Pjgq/jg5rjgqTjg7Pjg4jjg5Hjg43jg6vmtbTlrqTjg5Hjg43jg6vjgrPjg7Pjg5Xjgqnjg7zjg4jjg5Hjg43jg6vjg5Djgrnjg5Hjg43jg6vkvY7nmbrnoLLloanjg5Pmnb/loanjg5Pmnb/jg5Xjgqnjg7zjg6zjg4Pjgq/jgrnopIflkIjmnb/jgqLjg6vjg5/opIflkIjmnb/jgqLjg6vjg53jg6rjg4Pjgq/jgr3jg6zjgqTjgr/jgqzjg6njgrnjg5XjgqPjg6vjg6DnqpPjg5XjgqPjg6vjg6BVVue0q+Wklue3muOCq+ODg+ODiOmjm+aVo+mYsuatoumYsuiZq+OBmeOCiuOCrOODqeOCuemBrueGseODleOCo+ODq+ODoOmAj+aYjuODl+ODqeOCpOODkOOCt+ODvOODh+OCtuOCpOODs+ebrumaoOOBl+aXpeeEvOOBkeatouOCgeeqk+mjvuOCiuepuuWupOWvvuetluilv+aXpeWvvuetluaXpeWwhOmBruiUveevgOmbu+Wvvuetlueqk+aWreeGseeBveWus+WvvuetluWPsOmiqOernOW3u+OCreODg+ODgeODs+aJieOCq+ODqeODvOODnOODg+OCr+OCueeOhOmWouaJieODieOCouWutuWFt+WGt+iUteW6q+ODkeOCveOCs+ODs+ODh+OCueOCr+OCq+OCpuODs+OCv+ODvOajmuacuuODqeODg+OCr+ODhuODvOODluODq+ODgeOCp+OCueODiOOCqOODrOODmeODvOOCv+ODvOWGheeqk+alveeqk+S6jOmHjeeqk+aWreeGseaWreeGseS6jOmHjeeqk+evgOmbu+evgOe0hOOCqOOCs+ecgeOCqOODjeWKueaenOWGt+aIv+aaluaIv+mYsueKr+mYsumfs+e1kOmcsumBk+WFt+ODl+ODqeOCpOODnuODvOODkeODhuOCueOCreODvOOCuOODvOOCv+OCpOODq+Whl+ijheOCv+OCpOODq+OCq+ODvOODmuODg+ODiOS8uOe4ruabsumdojNE5rm+5puy5Ly444Gz44KL6ZuR6LKo6Ieq5Zyo44OI44Oq44OgIFNJTkNPTCZ0aW1lczttdCDjg57jgrnjgq3jg7PjgrDjg4bjg7zjg5cg6YCP44GR44KL44O76YeN44Gt44KL5aOB6KOF5p2QL+agvOWtkOafhC/jgr/jgqTjg6sv44K544Kv44Ko44KiL+W4guadvuaooeanmC/lt74xNWNtJnRpbWVzO+mVt+OBlTE1beW3uzHmnKzlo7Ljgoo=,44K344Oz44Kz44O844OrIOmHjeOBreOBpuS9v+OBiOOCi+OBiuOBl+OCg+OCjOOBquWjgeijheadkOOBp+OBmeKZqi/jgILoh6rlnKjjg4jjg6rjg6AgU0lOQ09MJnRpbWVzO210IOODnuOCueOCreODs+OCsOODhuODvOODlyDpgI/jgZHjgovjg7vph43jga3jgovlo4Hoo4XmnZAv5qC85a2Q5p+EL+OCv+OCpOODqy/jgrnjgq/jgqjjgqIv5biC5p2+5qih5qeYL+W3vjE1Y20mdGltZXM76ZW344GVMTVt5be7MeacrOWjsuOCig==[rn]
31-2604,aHR0cDovL3RzaG9wLnIxMHMuanAvbW95b3VnYWVob25wby9jYWJpbmV0L210L2ltZzU3MTUyMjY1LmpwZz9maXRpbj03MDA6NzAw,NDgyNi40MDAw,,6Iqx44O744Ks44O844OH44Oz44O7RElZID4g5L2P5a6F5bu65p2Q44O76Kit5YKZID4g5aOB5p2QID4g44Gd44Gu5LuW,6Ieq5Zyo44OI44Oq44OgIFNJTkNPTMOXbXQg44Oe44K544Kt44Oz44Kw44OG44O844OXIOmAj+OBkeOCi+ODu+mHjeOBreOCi+WjgeijheadkC/ljZjoibLjgqvjg6njg7wv44K344Or44OQ44O8L+OCtOODvOODq+ODiS/lt74zMGNtw5fplbfjgZUxNW3lt7sx5pys5aOy44KK,44K344Oz44Kz44O844OrIOmHjeOBreOBpuS9v+OBiOOCi+OBiuOBl+OCg+OCjOOBquWjgeijheadkOOBp+OBmeKZqi8=,PEJPRFk+CjxQPgo8SDEgc3R5bGU9ImNvbG9yOiM2NjY2NjY7IiBhbGlnbj0iY2VudGVyIj7oh6rlnKjjg4jjg6rjg6DjgIDvvLPvvKnvvK7vvKPvvK/vvKzDl++9je+9lDxCUj4K6LK844Gj44Gm44Gv44GM44Gb44KL5bmF5bqD44Oe44K544Kt44Oz44Kw44OG44O844OXPEJSPgo8L0gxPgo8Y2VudGVyPgo8aW1nIHNyYz0iaHR0cHM6Ly9pbWFnZS5yYWt1dGVuLmNvLmpwL21veW91Z2FlaG9ucG8vY2FiaW5ldC9tdC9pbWc1NzE1Mzg2Mi5qcGciPgo8YnI+PGJyPgoKPFRBQkxFIHN0eWxlPSJib3JkZXItYm90dG9tOjVweCAgZG90dGVkICAjOEZDMzFGOyAiPgogICAgPFRSPjx0ZD48aDIgc3R5bGU9ImRpc3BsYXk6IGlubGluZTsgZm9udC1zaXplOjIwcHg7IGNvbG9yOiM2NjY2NjY7Ij7lo4Hjg7vlrrblhbfjg7vjgqzjg6njgrnjg7vpj6HjgarjganjgpLjg4fjgrPjg6zjg7zjgrfjg6fjg7M8L2gyPjwvdGQ+PC9UUj48L3RhYmxlPjwvY2VudGVyPgo8Y2VudGVyPjxUQUJMRSBzdHlsZT0iYm9yZGVyLWJvdHRvbTo1cHggIGRvdHRlZCAgIzhGQzMxRjsgIj4KICAgIDxUUj48dGQ+PGgzIHN0eWxlPSJkaXNwbGF5OiBpbmxpbmU7IGZvbnQtc2l6ZToyMHB4OyBjb2xvcjojNjY2NjY2OyI+bXQg44Oe44K544Kt44Oz44Kw44OG44O844OX44CQ44K344Or44OQ44O844O744K044O844Or44OJIOWNmOiJsuOCq+ODqeODvOOAkTwvaDM+PC90ZD48L1RSPjwvdGFibGU+PC9jZW50ZXI+Cgo8Q0VOVEVSPgo8UCBzdHlsZT0iZm9udC1zaXplIDogMThweDsiPjxCPjxGT05UIGNvbG9yPSIjNjY2NjY2Ij48QlI+CuODnuOCueOCreODs+OCsOODhuODvOODl+S4puOBueOBn+OCiuOAgemHjeOBreOBn+OCiuOAgeOBhOOCjeOBhOOCjeOBquODh+OCs+ODrOODvOOCt+ODp+ODs+OBjOalveOBl+OCgeOBvuOBme+8gTxCUj4K55m944GE5aOB44Gg44GR44Gn44Gq44GP44CB6Imy5p+E44Gu44GC44KL5aOB57SZ44Go44Kz44O844OH44Kj44ON44Kk44OI44KC44Gn44GN44CB44OH44K244Kk44Oz44Gu5bmF44KC44GV44KJ44Gr5bqD44GM44KK44G+44GZ44CCPEJSPgrjgI7jgYrlupfjga7jgqTjg6Hjg7zjgrjjgpLlpInjgYjjgZ/jgYTjgI/jgI7jg6rjg5Pjg7PjgrDjgoTlrZDkvpvpg6jlsYvjga7pm7Dlm7LmsJfjgpLmmI7jgovjgY/jgZfjgZ/jgYTjgI/jgarjgak8QlI+CuOBguOBquOBn+OBruOCouOCpOODh+OCouasoeesrOOBp+W5vumAmuOCiuOCguOBruODh+OCtuOCpOODs+OBjOWHuuadpeOBoeOCg+OBhOOBvuOBme+8gTxCUj4KPEJSPgrjg53jg4Pjg5fjgqvjg6njg7zjgpLkvb/jgaPjgablhYPmsJfjgafmmI7jgovjgYTjg4fjgrbjgqTjg7PjgIHlo4Hjga7jgrXjgqTjgrrjgavlkIjjgo/jgZvjgabjg5zjg7zjg4Djg7zjgoTjgrnjg4jjg6njgqTjg5fmn4TjgIE8QlI+CuODquODnOODs+OCkuOBi+OBkeOCi+OCiOOBhuOBquODh+OCtuOCpOODs+OCguWHuuadpeOBoeOCg+OBhOOBvuOBmeOAgjxCUj4K6YeN44Gt5ZCI44KP44Gb44KL44Go44G+44Gf44CB6YGV44GG6Imy44KE5p+E44Gr44O744O744O744O744GC44Gq44Gf44Gq44KJ44Gp44KT44Gq44OH44K244Kk44Oz44O744Ki44Os44Oz44K444Gr44GX44Gh44KD44GG77yf77yBPC9GT05UPjwvQj48L3A+CjxCUj4KPEJSPgo8Y2VudGVyPgo8VEFCTEUgd2lkdGg9IjgwNiIgaGVpZ2h0PSI0MDQiIHN0eWxlPSJiYWNrZ3JvdW5kLWltYWdlIDogdXJsKGh0dHBzOi8vaW1hZ2UucmFrdXRlbi5jby5qcC9tb3lvdWdhZWhvbnBvL2NhYmluZXQvbXQvaW1nNTcxNTQwMTEuanBnKTsiPgo8VEJPRFk+CjxUUj4KPFREIGFsaWduPSJjZW50ZXIiIGhlaWdodD0iNTAiIHdpZHRoPSIyNjUiPjwvVEQ+CjxURCBhbGlnbj0iY2VudGVyIiBoZWlnaHQ9IjUwIiB3aWR0aD0iMjY1Ij48L1REPgo8VEQgYWxpZ249ImxlZnQiIGhlaWdodD0iNTAiIHdpZHRoPSIyNjUiPjxGT05UIGNvbG9yPSIjZmY2NjAwIiBzaXplPSItMSI+PEZPTlQgY29sb3I9IiNmZjY2MDAiPjxGT05UIGNvbG9yPSIjMDBjYzY2IiBzaXplPSItMSI+4pag44K344Oz44OX44Or44Gn44Kq44K344Oj44Os44Gq44Oc44O844OA44O844OH44K244Kk44OzPC9GT05UPjwvRk9OVD48L0ZPTlQ+PC9URD4KPC9UUj4KPFRSPgo8VEQgYWxpZ249ImNlbnRlciIgaGVpZ2h0PSIzMDEiIHdpZHRoPSIyNjUiPjwvVEQ+CjxURCBhbGlnbj0iY2VudGVyIiBoZWlnaHQ9IjMwMSIgd2lkdGg9IjI2NSI+PC9URD4KPFREIGFsaWduPSJjZW50ZXIiIGhlaWdodD0iMzAxIiB3aWR0aD0iMjY1Ij48L1REPgo8L1RSPgo8VFI+CjxURCBoZWlnaHQ9IjM5IiBhbGlnbj0iY2VudGVyIiB2YWxpZ249InRvcCIgd2lkdGg9IjI2NSI+PEZPTlQgc2l6ZT0iLTEiIGNvbG9yPSIjNzkzZDAwIj7jgIA8L0ZPTlQ+PEZPTlQgc2l6ZT0iLTEiIGNvbG9yPSIjZmY2NjAwIj48Rk9OVCBjb2xvcj0iI2ZmNjYwMCI+PEZPTlQgY29sb3I9IiNmZjAwNjYiIHNpemU9Ii0xIj7ilqDlhYPmsJfjgafjg53jg4Pjg5fjgarjg4fjgrbjgqTjg7M8L0ZPTlQ+PC9GT05UPjwvRk9OVD48L1REPgo8VEQgdmFsaWduPSJ0b3AiIGhlaWdodD0iMzkiIGFsaWduPSJjZW50ZXIiIHdpZHRoPSIyNjUiPjxGT05UIHNpemU9Ii0xIiBjb2xvcj0iIzk5MzMwMCI+PEZPTlQgY29sb3I9IiMwMDY2MzMiPjxGT05UIGNvbG9yPSIjY2M2NmNjIiBzaXplPSItMSI+4pag5aW944GN44Gq5b2i44Gr44Gh44GO44Gj44Gm6LK844KL44Gg44GR57Ch5Y2Y44OH44K244Kk44OzPC9GT05UPjwvRk9OVD48L0ZPTlQ+PC9URD4KPFREIGFsaWduPSJjZW50ZXIiIHZhbGlnbj0idG9wIiBoZWlnaHQ9IjM5IiB3aWR0aD0iMjY1Ij48L1REPgo8L1RSPgo8L1RCT0RZPgo8L1RBQkxFPgo8QlI+CjxCUj4KPC9DRU5URVI+Cgo8Q0VOVEVSPgo8VEFCTEUgd2lkdGg9IjgwMCIgaGVpZ2h0PSI0ODEiPgo8VEJPRFk+CjxUUj4KPFREIGNvbHNwYW49IjUiIHdpZHRoPSI3OTgiIGJnY29sb3I9IiM5OWNjMDAiIGFsaWduPSJjZW50ZXIiIGhlaWdodD0iMjkiPjxCPjxGT05UIGNvbG9yPSIjZmZmZmZmIj7jgYvjgo/jgYTjgYTjg7vjgqvjg6njg5Xjg6vjg7vjgqrjgrfjg6Pjg6zjgarjg57jgrnjgq3jg7PjgrDjg4bjg7zjg5fjgIDjgb7jgaDjgb7jgaDjgYLjgorjgb7jgZnvvIHvvIE8L0ZPTlQ+PC9CPjwvVEQ+CjwvVFI+CjxUUj4KPFREIGFsaWduPSJjZW50ZXIiIGhlaWdodD0iMTM4Ij48QSBocmVmPSJodHRwczovL2l0ZW0ucmFrdXRlbi5jby5qcC9tb3lvdWdhZWhvbnBvL2ppemFpdG9yaW11LTA1LyI+PGltZyBzcmM9Imh0dHBzOi8vaW1hZ2UucmFrdXRlbi5jby5qcC9tb3lvdWdhZWhvbnBvL2NhYmluZXQvbXQvaW1nNTcxNTA5MTAuanBnIj48L0E+PC9URD4KPFREIGFsaWduPSJjZW50ZXIiIGhlaWdodD0iMTM4Ij48QSBocmVmPSJodHRwczovL2l0ZW0ucmFrdXRlbi5jby5qcC9tb3lvdWdhZWhvbnBvL2ppemFpdG9yaW11LTAxLyI+PGltZyBzcmM9Imh0dHBzOi8vaW1hZ2UucmFrdXRlbi5jby5qcC9tb3lvdWdhZWhvbnBvL2NhYmluZXQvbXQvaW1nNTcxNTA5MDkuanBnIj48L0E+PC9URD4KPFREIGFsaWduPSJjZW50ZXIiIGhlaWdodD0iMTM4Ij48QSBocmVmPSJodHRwczovL2l0ZW0ucmFrdXRlbi5jby5qcC9tb3lvdWdhZWhvbnBvL2ppemFpdG9yaW11LTAyLyI+PGltZyBzcmM9Imh0dHBzOi8vaW1hZ2UucmFrdXRlbi5jby5qcC9tb3lvdWdhZWhvbnBvL2NhYmluZXQvbXQvaW1nNTcxNTA5MTQuanBnIj48L0E+PC9URD4KPFREIGFsaWduPSJjZW50ZXIiIGhlaWdodD0iMTM4Ij48QSBocmVmPSJodHRwczovL2l0ZW0ucmFrdXRlbi5jby5qcC9tb3lvdWdhZWhvbnBvL2ppemFpdG9yaW11LTAzLyI+PGltZyBzcmM9Imh0dHBzOi8vaW1hZ2UucmFrdXRlbi5jby5qcC9tb3lvdWdhZWhvbnBvL2NhYmluZXQvbXQvaW1nNTcxNTA5MTMuanBnIj48L0E+PC9URD4KPFREIGFsaWduPSJjZW50ZXIiIGhlaWdodD0iMTM4Ij48QSBocmVmPSJodHRwczovL2l0ZW0ucmFrdXRlbi5jby5qcC9tb3lvdWdhZWhvbnBvL2ppemFpdG9yaW11LTA2LyI+PGltZyBzcmM9Imh0dHBzOi8vaW1hZ2UucmFrdXRlbi5jby5qcC9tb3lvdWdhZWhvbnBvL2NhYmluZXQvbXQvaW1nNTcxNTA5MTEuanBnIj48L0E+PC9URD4KPC9UUj4KPFRSPgo8VEQgYWxpZ249ImNlbnRlciIgaGVpZ2h0PSI2MSI+PEI+PEZPTlQgc2l6ZT0iLTEiIGNvbG9yPSIjOTkzMzAwIj7lsI/jgZXjgarmsLTnjokv44OJ44OD44OI5p+EPC9GT05UPjwvQj48QlI+CjxBIGhyZWY9Imh0dHBzOi8vaXRlbS5yYWt1dGVuLmNvLmpwL21veW91Z2FlaG9ucG8vaml6YWl0b3JpbXUtMDUvIj48Qj48Rk9OVCBzaXplPSItMSI+5be+MTXvvYPvvY3DlzE1772N5be7PC9mb250PjwvQj48L2E+PEJSPgo8QSBocmVmPSJodHRwczovL2l0ZW0ucmFrdXRlbi5jby5qcC9tb3lvdWdhZWhvbnBvL2ppemFpdG9yaW11LTExLyI+PGI+PEZPTlQgc2l6ZT0iLTEiPuW3vjMw772D772Nw5cxNe+9jeW3uzwvRk9OVD48L0I+PEJSPgo8L0E+PC9URD4KPFREIGFsaWduPSJjZW50ZXIiIGhlaWdodD0iNjEiPjxCPjxGT05UIHNpemU9Ii0xIiBjb2xvcj0iIzAwY2NmZiI+44OW44Or44O857O75Y2Y6Imy44Kr44Op44O8PC9GT05UPjwvQj48QlI+CjxBIGhyZWY9Imh0dHBzOi8vaXRlbS5yYWt1dGVuLmNvLmpwL21veW91Z2FlaG9ucG8vaml6YWl0b3JpbXUtMDEvIj48Qj48Rk9OVCBzaXplPSItMSI+5be+MTXvvYPvvY3DlzE1772N5be7PC9mb250PjwvQj48L2E+PEJSPgo8QSBocmVmPSJodHRwczovL2l0ZW0ucmFrdXRlbi5jby5qcC9tb3lvdWdhZWhvbnBvL2ppemFpdG9yaW11LTA3LyI+PGI+PEZPTlQgc2l6ZT0iLTEiPuW3vjMw772D772Nw5cxNe+9jeW3uzwvRk9OVD48L0I+PEJSPgo8L0E+PC9URD4KPFREIGFsaWduPSJjZW50ZXIiIGhlaWdodD0iNjEiPjxGT05UIHNpemU9Ii0xIiBjb2xvcj0iI2ZmNjZjYyI+PEZPTlQgY29sb3I9IiNmZjY2Y2MiPjxCPuODlOODs+OCr+ezu+WNmOiJsuOCq+ODqeODvDxCUj4KPC9CPjwvRk9OVD48L0ZPTlQ+CjxBIGhyZWY9Imh0dHBzOi8vaXRlbS5yYWt1dGVuLmNvLmpwL21veW91Z2FlaG9ucG8vaml6YWl0b3JpbXUtMDIvIj48Qj48Rk9OVCBzaXplPSItMSI+5be+MTXvvYPvvY3DlzE1772N5be7PC9mb250PjwvQj48L2E+PEJSPgo8QSBocmVmPSJodHRwczovL2l0ZW0ucmFrdXRlbi5jby5qcC9tb3lvdWdhZWhvbnBvL2ppemFpdG9yaW11LTA4LyI+PGI+PEZPTlQgc2l6ZT0iLTEiPuW3vjMw772D772Nw5cxNe+9jeW3uzwvRk9OVD48L0I+PEJSPgo8L0E+PC9URD4KCjxURCBhbGlnbj0iY2VudGVyIiBoZWlnaHQ9IjYxIj48Rk9OVCBzaXplPSItMSIgY29sb3I9IiM5OTk5MDAiPjxGT05UIGNvbG9yPSIjOTk5OTAwIj48Qj7jg5bjg6njgqbjg7Pns7vljZjoibLjgqvjg6njg7w8QlI+CjwvQj48L0ZPTlQ+PC9GT05UPgo8QSBocmVmPSJodHRwczovL2l0ZW0ucmFrdXRlbi5jby5qcC9tb3lvdWdhZWhvbnBvL2ppemFpdG9yaW11LTAzLyI+PEI+PEZPTlQgc2l6ZT0iLTEiPuW3vjE1772D772Nw5cxNe+9jeW3uzwvZm9udD48L0I+PC9hPjxCUj4KPEEgaHJlZj0iaHR0cHM6Ly9pdGVtLnJha3V0ZW4uY28uanAvbW95b3VnYWVob25wby9qaXphaXRvcmltdS0wOS8iPjxiPjxGT05UIHNpemU9Ii0xIj7lt74zMO+9g++9jcOXMTXvvY3lt7s8L0ZPTlQ+PC9CPjxCUj4KPC9BPjwvVEQ+CjxURCBhbGlnbj0iY2VudGVyIiBoZWlnaHQ9IjYxIj48Qj48Rk9OVCBzaXplPSItMSIgY29sb3I9IiNmZjk5MDAiPuOCueODiOODqeOCpOODl+afhDwvRk9OVD48L0I+PGJyPgo8QSBocmVmPSJodHRwczovL2l0ZW0ucmFrdXRlbi5jby5qcC9tb3lvdWdhZWhvbnBvL2ppemFpdG9yaW11LTA2LyI+PEI+PEZPTlQgc2l6ZT0iLTEiPuW3vjE1772D772Nw5cxNe+9jeW3uzwvZm9udD48L0I+PC9hPjxCUj4KPEEgaHJlZj0iaHR0cHM6Ly9pdGVtLnJha3V0ZW4uY28uanAvbW95b3VnYWVob25wby9qaXphaXRvcmltdS0xMi8iPjxiPjxGT05UIHNpemU9Ii0xIj7lt74zMO+9g++9jcOXMTXvvY3lt7s8L0ZPTlQ+PC9CPjxCUj4KPC9BPjwvVEQ+CjwvVFI+CjxUUj4KPFREIGFsaWduPSJjZW50ZXIiIGhlaWdodD0iMTQ0Ij48QSBocmVmPSJodHRwczovL2l0ZW0ucmFrdXRlbi5jby5qcC9tb3lvdWdhZWhvbnBvL2ppemFpdG9yaW11LTEzLyI+PGltZyBzcmM9Imh0dHBzOi8vaW1hZ2UucmFrdXRlbi5jby5qcC9tb3lvdWdhZWhvbnBvL2NhYmluZXQvbXQvaW1nNTcxNTA5MDguanBnIj48L0E+PC9URD4KPFREIGFsaWduPSJjZW50ZXIiIGhlaWdodD0iMTYwIj48QSBocmVmPSJodHRwczovL2l0ZW0ucmFrdXRlbi5jby5qcC9tb3lvdWdhZWhvbnBvL2ppemFpdG9yaW11LTE3LyI+PGltZyBzcmM9Imh0dHBzOi8vaW1hZ2UucmFrdXRlbi5jby5qcC9tb3lvdWdhZWhvbnBvL2NhYmluZXQvbXQvaW1nNTcxNTA5MDUuanBnIj48L0E+PC9URD4KPFREIGFsaWduPSJjZW50ZXIiIGhlaWdodD0iMTQ0Ij48QSBocmVmPSJodHRwczovL2l0ZW0ucmFrdXRlbi5jby5qcC9tb3lvdWdhZWhvbnBvL2ppemFpdG9yaW11LTE0LyI+PGltZyBzcmM9Imh0dHBzOi8vaW1hZ2UucmFrdXRlbi5jby5qcC9tb3lvdWdhZWhvbnBvL2NhYmluZXQvbXQvaW1nNTcxNTA5MDQuanBnIj48L0E+PC9URD4KPFREIGFsaWduPSJjZW50ZXIiIGhlaWdodD0iMTQ0Ij48QSBocmVmPSJodHRwczovL2l0ZW0ucmFrdXRlbi5jby5qcC9tb3lvdWdhZWhvbnBvL2ppemFpdG9yaW11LTE1LyI+PGltZyBzcmM9Imh0dHBzOi8vaW1hZ2UucmFrdXRlbi5jby5qcC9tb3lvdWdhZWhvbnBvL2NhYmluZXQvbXQvaW1nNTcxNTA5MDcuanBnIj48L0E+PC9URD4KPFREIGFsaWduPSJjZW50ZXIiIGhlaWdodD0iMTQ0Ij48QSBocmVmPSJodHRwczovL2l0ZW0ucmFrdXRlbi5jby5qcC9tb3lvdWdhZWhvbnBvL2ppemFpdG9yaW11LTE2LyI+PGltZyBzcmM9Imh0dHBzOi8vaW1hZ2UucmFrdXRlbi5jby5qcC9tb3lvdWdhZWhvbnBvL2NhYmluZXQvbXQvaW1nNTcxNTA5MDYuanBnIj48L0E+PC9URD4KPC9UUj4KPFRSPgo8VEQgYWxpZ249ImNlbnRlciIgaGVpZ2h0PSI1NyI+PEEgaHJlZj0iaHR0cHM6Ly9pdGVtLnJha3V0ZW4uY28uanAvbW95b3VnYWVob25wby9qaXphaXRvcmltdS0xMy8iPjxCPjxGT05UIHNpemU9Ii0xIiBjb2xvcj0iIzAwY2M5OSI+5rOhL+OCt+ODo+ODnOODsy/jg5Djg5bjg6vmn4Q8L0ZPTlQ+PC9CPjwvYT4KCjwvVEQ+CjxURCBhbGlnbj0iY2VudGVyIiBoZWlnaHQ9IjUyIj48Rk9OVCBjb2xvcj0iIzY2NjZmZiI+PEZPTlQgY29sb3I9IiM2NjY2ZmYiPjxBIGhyZWY9Imh0dHBzOi8vaXRlbS5yYWt1dGVuLmNvLmpwL21veW91Z2FlaG9ucG8vaml6YWl0b3JpbXUtMTcvIj48Rk9OVCBzaXplPSItMSIgY29sb3I9IiM2NjY2ZmYiPjxGT05UIGNvbG9yPSIjNjY2NmZmIj48Qj7jgr/jgqTjg6sv5qC85a2Q5p+EPC9CPjwvRk9OVD48L0ZPTlQ+PC9BPjwvRk9OVD48L0ZPTlQ+PC9URD4KPFREIGFsaWduPSJjZW50ZXIiIGhlaWdodD0iNTciPjxBIGhyZWY9Imh0dHBzOi8vaXRlbS5yYWt1dGVuLmNvLmpwL21veW91Z2FlaG9ucG8vaml6YWl0b3JpbXUtMTQvIj48Qj48Rk9OVCBzaXplPSItMSIgY29sb3I9IiNjYzY2Y2MiPuODleODqeODr+ODvC/oirEv6Iqx44Gz44KJ5p+EPC9GT05UPjwvQj48L0E+PC9URD4KPFREIGFsaWduPSJjZW50ZXIiIGhlaWdodD0iNTciPjxBIGhyZWY9Imh0dHBzOi8vaXRlbS5yYWt1dGVuLmNvLmpwL21veW91Z2FlaG9ucG8vaml6YWl0b3JpbXUtMTUvIj48Rk9OVCBjb2xvcj0iIzAwNjYwMCI+PEI+PEZPTlQgc2l6ZT0iLTEiPuakjeeJqS/oirEv44Oq44O844OV5p+EPC9GT05UPjwvQj48L0ZPTlQ+PC9BPjwvVEQ+CjxURCBhbGlnbj0iY2VudGVyIiBoZWlnaHQ9IjU3Ij48QSBocmVmPSJodHRwczovL2l0ZW0ucmFrdXRlbi5jby5qcC9tb3lvdWdhZWhvbnBvL2ppemFpdG9yaW11LTE2LyI+PEZPTlQgc2l6ZT0iLTEiIGNvbG9yPSIjZmYzMzMzIj48Qj7lpKfjgY3jgYTmsLTnjokv44OJ44OD44OI5p+EPC9CPjwvRk9OVD48L0E+PC9URD4KPC9UUj4KPC9UQk9EWT4KPC9UQUJMRT4KPC9DRU5URVI+CjxDRU5URVI+PEJSPgo8QlI+CgoKCjwhLS0g4pa86YCB5paZ44OQ44OK44O8IC0tPgo8cD48aW1nIHNyYz0iaHR0cHM6Ly9pbWFnZS5yYWt1dGVuLmNvLmpwL21veW91Z2FlaG9ucG8vY2FiaW5ldC9tdC9pbWc2MDc3ODk3NS5qcGciPjwvcD4KCjxkaXYgY2xhc3M9ImJveCI+CjxhIG5hbWU9ImNfYiIgaWQ9ImNfYiI+PC9hPgo8IS0tIOKWvOWVhuWTgeips+e0sOOAgOWwj+OCouOCpOOCs+ODs+OAgOKAu+S4jeimgeOBquOCguOBruOBr+a2iOOBmSAtLT4KPGg0PjxJTUcgc3JjPSJodHRwczovL2ltYWdlLnJha3V0ZW4uY28uanAvbW95b3VnYWVob25wby9jYWJpbmV0L3NoZWV0L3Bhcm9pL21hc3Rlci9pbWc1NzIzNTY4MS5qcGciPjwvaDQ+CjxkaXYgY2xhc3M9ImNfaWNvbiI+CjxpbWcgc3JjPSJodHRwczovL2ltYWdlLnJha3V0ZW4uY28uanAvbW95b3VnYWVob25wby9jYWJpbmV0L2NvbW1vbl9pbWcvZGV0YWlsc19pY29uL2ltZzU3MjU4NDQ0LmpwZyIgdGl0bGU9IuS7o+mHkeW8leaPm+WPr+iDve+8iOaJi+aVsOaWme+8iSI+CjxpbWcgc3JjPSJodHRwczovL2ltYWdlLnJha3V0ZW4uY28uanAvbW95b3VnYWVob25wby9jYWJpbmV0L2NvbW1vbl9pbWcvZGV0YWlsc19pY29uL2ltZzU3MjU4NDQxLmpwZyIgdGl0bGU9IumAgeaWmeWIpemAlOW/heimgSI+CjxpbWcgc3JjPSJodHRwczovL2ltYWdlLnJha3V0ZW4uY28uanAvbW95b3VnYWVob25wby9jYWJpbmV0L2NvbW1vbl9pbWcvZGV0YWlsc19pY29uL2ltZzU3MjU4NDM5LmpwZyIgdGl0bGU9IuODoeODvOODq+S+v+S4jeWPryI+CjxpbWcgc3JjPSJodHRwczovL2ltYWdlLnJha3V0ZW4uY28uanAvbW95b3VnYWVob25wby9jYWJpbmV0L2NvbW1vbl9pbWcvZGV0YWlsc19pY29uL2ltZzU3MjU4NTc0LmpwZyIgdGl0bGU9IuW9k+W6l+eZuumAgSI+CjwvZGl2Pgo8L2Rpdj4KPGltZyBzcmM9Imh0dHBzOi8vaW1hZ2UucmFrdXRlbi5jby5qcC9tb3lvdWdhZWhvbnBvL2NhYmluZXQvZ2F0dHVfaWNvbi5qcGciPgo8Qj48YmlnPuWQjOOBmOiJsuODu+afhOOBrumBleOBhuOCteOCpOOCujwvYmlnPjwvQj7jga/jgZPjgaHjgok8YnI+PGJyPgoKCgo8RElWIGNsYXNzPSJnb29kcy10YmwiPgoKPGRpdiBjbGFzcz0iZ29vZHMtdGl0bGUiPgrllYblk4HoqqzmmI4KPC9kaXY+Cgo8ZGl2IGNsYXNzPSJnb29kcy1sZWZ0Ij4K5ZOB55WqPC9kaXY+CjxkaXYgY2xhc3M9Imdvb2RzLXJpZ2h0Ij4KPGJyPgpCQlQ4MDU5IHNpbHZlcu+8iOOCt+ODq+ODkOODvC/pioDoibLvvIk8QlI+CkJCVDgwNjEgZ29sZO+8iOOCtOODvOODq+ODiS/ph5HoibLvvIk8QlI+Cgo8L2Rpdj4KCjxkaXYgY2xhc3M9Imdvb2RzLW5leHQiPgo8L2Rpdj4KCjxkaXYgY2xhc3M9Imdvb2RzLWxlZnQiPgrjgrXjgqTjgro8L2Rpdj4KPGRpdiBjbGFzcz0iZ29vZHMtcmlnaHQiPgo8YnI+CuW3vjMwY23Dl+mVt+OBlTE1beW3u++8iDHmnKzvvIk8YnI+CjwvZGl2Pgo8ZGl2IGNsYXNzPSJnb29kcy1uZXh0Ij4KPC9kaXY+Cgo8ZGl2IGNsYXNzPSJnb29kcy1sZWZ0Ij4K5ZWG5ZOB6Kqs5piOPC9kaXY+CjxkaXYgY2xhc3M9Imdvb2RzLXJpZ2h0Ij4KPEJSPgrllYblk4Hjga7oo4/pnaLjgavns4rliqDlt6XjgZXjgozjgabjgYrjgorjgb7jgZnjgII8YnI+CuWfuuadkO+8muWSjOe0mS/mjqXnnYDliaTvvJrjgqLjgq/jg6rjg6vns7s8YnI+CumdnumYsueBqy/jg5vjg6vjg6DjgqLjg6vjg4fjg5Ljg4nnrYnntJrvvKbimIbimIbimIbimIY8QlI+CjwvZGl2PgoKPGRpdiBjbGFzcz0iZ29vZHMtbmV4dCI+CjwvZGl2Pgo8ZGl2IGNsYXNzPSJnb29kcy1sZWZ0Ij4K44Gd44Gu5LuW5rOo5oSP54K5PC9kaXY+CjxkaXYgY2xhc3M9Imdvb2RzLXJpZ2h0Ij4KPEJSPgrjgJDmsLTloZfjgozms6jmhI/jgJE8YnI+CuawtOOBq+OBrOOCjOOBn+OCiuW8t+OBj+aTpuOBo+OBn+OCiuOBmeOCi+OBqOiJsuiQveOBoeOBmeOCi+WgtOWQiOOBjOOBlOOBluOBhOOBvuOBmeOAgueJueOBq+a/g+OBhOiJsuOBruOCguOBruOBr+iJsuenu+OCiuOBmeOCi+S6i+OCguOBguOCiuOBvuOBmeOAgjxicj4K44CQ55u05bCE5pel5YWJ44Gv6YG/44GR44KL44CRPGJyPgrnkrDlooPjgavjgojjgaPjgabjga/plbfmmYLplpPosrzjgorjgaTjgZHjgZ/jgb7jgb7mlL7nva7jgZfjgZ/jgorjgIHnm7TlsITml6XlhYnjgarjganjgavjgZXjgonjgZXjgozjgovmiYDjgoTpq5jmuKnjgavjgarjgovmiYDjgafkvb/nlKjjgZXjgozjgZ/loLTlkIjjgavjga/liaXjgYzjgZfjgZ/lvozjgavmjqXnnYDliaTjgYzmrovjgaPjgZ/jgoroibLjgYzjgYLjgZvjgovkuovjgYzjgYLjgorjgb7jgZnjgII8YnI+CuOAkOS/neeuoeOBr+OChOOBleOBl+OBj+OAkTxicj4K6YGL5pCs44O75L+d566h44Gu6Zqb44Gv44CB55u05bCE5pel5YWJ44O76auY5rip44Gr44Gq44KL5omA44KS6YG/44GR44Gm5Ya35pqX5omA44Gr5L+d566h44GX44Gm44GP44Gg44GV44GE44CCPEJSPgrooajpnaLntKDmnZDjgavjg4Djg6Hjg7zjgrjjgpLlj5fjgZHjgovloLTlkIjjgYzjgYLjgorjgb7jgZnjga7jgaflpJrph4/jgavnqY3jgb/ph43jga3jgarjgYTjgafjgY/jgaDjgZXjgYTjgII8QlI+PGJyPgo8L2Rpdj4KCjxkaXYgY2xhc3M9Imdvb2RzLW5leHQiPgo8L2Rpdj4KCgo8ZGl2IGNsYXNzPSJnb29kcy1sZWZ0Ij4K6L+U5ZOB44O75Lqk5o+b44Gr44Gk44GE44GmPC9kaXY+CjxkaXYgY2xhc3M9Imdvb2RzLXJpZ2h0Ij4KPGJyPgrjgYrlrqLmp5jpg73lkIjjgavjgojjgovov5Tlk4Hjg7vkuqTmj5vjga/mib/jgovkuovjgYzjgafjgY3jgb7jgZvjgpPjgIIKPGJyPgrkuI3oia/lk4HjgavjgaTjgY3jgb7jgZfjgabjga/jgIHjgYrlsYrjgZHml6XjgpLlkKvjgoE35pel5Lul5YaF44Gr5b2T5bqX44G444GU6YCj57Wh44GP44Gg44GV44GE44CCCuOBneOBruWgtOWQiOOBr+S6pOaPm+OBqOOBquOCiuOBvuOBmeOBruOBp+S4jeiJr+WTgeOBr+aNqOOBpuOBmuOBq+S/neeuoeOBl+OBpuOBj+OBoOOBleOBhOOAguW9k+W6l+OBq+OBpuS4jeiJr+WAi+aJgOOCkueiuuiqjeOBleOBm+OBpuOBhOOBn+OBoOOBhOOBn+W+jOOAgeiJr+WTgeOBqOWPluOCiuaPm+OBiOOBleOBm+OBpuOBhOOBn+OBoOOBjeOBvuOBmeOAgiA8YnI+Cuips+OBl+OBhOips+e0sOOBr+OBk+OBoeOCieOCkuOBlOimp+OBj+OBoOOBleOBhOOAggo8QlI+CjxCUj4KPGZvbnQgY29sb3I9Ymx1ZT7igLvjgYrkvb/jgYTjga7jg5Hjgr3jgrPjg7PnkrDlooPjgavjgojjgorjgIHllYblk4Hjga7oibLjgYzopovmnKzjgajlpJrlsJHnlbDjgarjgovloLTlkIjjgYzjgYLjgorjgb7jgZnjgII8L2ZvbnQ+PGJyPgo8L2Rpdj4KPGRpdiBjbGFzcz0iZ29vZHMtbmV4dCI+CjwvZGl2Pgo8L2Rpdj4KCjxkaXYgY2xhc3M9Imdvb2RzLW5leHQiPjwvZGl2PgoKPC9ESVY+PHN0eWxlIHR5cGU9InRleHQvY3NzIj4KPCEtLQoKLyrllYblk4HlkI3jga7jg5Xjgqnjg7Pjg4jmg4XloLEqLwouaXRlbV9uYW1lIHsKCWRpc3BsYXk6YmxvY2s7CgltYXJnaW46MCAwIDhweCAwOwoJZm9udC1mYW1pbHk6IuODkuODqeOCruODjuinkuOCtCBQcm8gVzMiLCAiSGlyYWdpbm8gS2FrdSBHb3RoaWMgUHJvIiwgIuODoeOCpOODquOCqiIsIE1laXJ5bywgT3Nha2EsICLvvK3vvLMg77yw44K044K344OD44KvIiwgIk1TIFBHb3RoaWMiLCBzYW5zLXNlcmlmOwoJZm9udDpib2xkIDE2cHg7Cgljb2xvcjojMzMzOwoJbGluZS1oZWlnaHQ6MTIwJTsKCn0KLyrjgq3jg6Pjg4Pjg4HjgrPjg5Tjg7zjga7jg5Xjgqnjg7Pjg4jmg4XloLEqLwouY2F0Y2hfY29weSB7CglkaXNwbGF5OmJsb2NrOwoJbWFyZ2luOjAgMCA4cHggMCA7Cglmb250LWZhbWlseToi44OS44Op44Ku44OO6KeS44K0IFBybyBXMyIsICJIaXJhZ2lubyBLYWt1IEdvdGhpYyBQcm8iLCAi44Oh44Kk44Oq44KqIiwgTWVpcnlvLCBPc2FrYSwgIu+8re+8syDvvLDjgrTjgrfjg4Pjgq8iLCAiTVMgUEdvdGhpYyIsIHNhbnMtc2VyaWY7Cglmb250LXNpemU6MTRweDsKCWNvbG9yOiMzMzM7Cn0KCi8q55uu546J5ZWG5ZOB44Gu5paH5a2XKi8KYS5sb3NzbGVhZGVyX2l0ZW1fbmFtZTpsaW5rIHsKCWNvbG9yOiM1NTU7Cglmb250LXNpemU6MTNweDsKfQoKc3Bhbi5sb3NzbGVhZGVyX3ByaWNlMnsKCWNvbG9yOiNGRjAwMDA7Cglmb250LXNpemU6MTJweDsKfQoKLyrjg5rjg7zjgrjlt6bkuIrjga7jgq3jg7zjg6/jg7zjg4nooajnpLrmrIQqLwpkaXYjSGVhZGVyS2V5d29yZCB7Cglwb3NpdGlvbjphYnNvbHV0ZTsKCXRvcDo0OHB4Oy8q5LiA55Wq5LiK44GL44KJ44Gu5L2N572uKi8KCWxlZnQ6ODBweDsvKuW3puerr+OBi+OCieOBruS9jee9riovCglmb250OjE0cHggIuODkuODqeOCruODjuinkuOCtCBQcm8gVzMiLCAiSGlyYWdpbm8gS2FrdSBHb3RoaWMgUHJvIiwgIuODoeOCpOODquOCqiIsIE1laXJ5bywgT3Nha2EsICLvvK3vvLMg77yw44K044K344OD44KvIiwgIk1TIFBHb3RoaWMiLCBzYW5zLXNlcmlmOwoJd2lkdGg6NDIwcHg7Cn0KCmRpdiNIZWFkZXJLZXl3b3JkIHNwYW4gewoJYmFja2dyb3VuZDogI2JmMDAwMDsKCWNvbG9yOiNmZmY7Cglmb250LXdlaWdodDpib2xkOwoJcGFkZGluZzoycHggNXB4Owp9CgpkaXYjSGVhZGVyS2V5d29yZCBhIHsKCWNvbG9yOiMwMDQ0Q0M7Cn0KCgovKiDlgIvmlbDlhaXlipvmrITjga7lpKfjgY3jgZUgKi8KaW5wdXQjdW5pdHMgewoJcGFkZGluZzogNHB4Owp9CgovKiDjgYrosrfjgYTnianjgYvjgZTjg5zjgr/jg7Pjga7lpKfjgY3jgZUgKi8KdGQgPiBpbnB1dCB7Cglmb250LXNpemU6IDEycHg7CglwYWRkaW5nOjhweCAxMnB4IDhweCAxMnB4OwoJd2lkdGg6IGF1dG87Cn0KCi8qIOOAjOWVhuWTgeOBq+OBpOOBhOOBpuOBruWVj+OBhOWQiOOCj+OBm+OAjeODnOOCv+ODs+OBruWkp+OBjeOBlSovCmZvbnQgaW5wdXQgewoJZm9udC1zaXplOiAxMnB4OwoJcGFkZGluZzoycHg7Cgl3aWR0aDogMTUwcHg7Cn0KCgotLT4KPC9zdHlsZT4KCgo8ZGl2IGlkPSJIZWFkZXJLZXl3b3JkIj4KPHNwYW4+5rOo55uu44Gu44Kt44O844Ov44O844OJPC9zcGFuPgrjgqzjg6njgrnjg5XjgqPjg6vjg6AK5pyo55uuCua1tOWupCDluooK44Oq44Ki44OG44OD44KvCgo8L2Rpdj4=,6Ieq5Zyo44OI44Oq44OgIFNJTkNPTCZ0aW1lczttdCDjg57jgrnjgq3jg7PjgrDjg4bjg7zjg5cg6YCP44GR44KL44O76YeN44Gt44KL5aOB6KOF5p2QL+WNmOiJsuOCq+ODqeODvC/jgrfjg6vjg5Djg7wv44K044O844Or44OJL+W3vjMwY20mdGltZXM76ZW344GVMTVt5be7MeacrOWjsuOCiu+8muaooeanmOabv+OBiOOCt+ODp+ODg+ODl+OAgOODh+OCsw==,44Kr44OD44OG44Kj44Oz44Kw44K344O844OI44OV44Kj44Or44Og44Kr44OD44OG44Kj44Oz44Kw44K344O844Or5aOB57SZ57KY552A44K344O844OI5qih5qeY5pu/44GI44K344O844OI5YyW57Kn44K344O844OI5aOB57SZ44K344O844OI44OA44Kk44OO44OD44Kv44OZ44Or44OT44Ki44Oz44Oq44Ki44OG44OD44Kv44OR44Ot44Ki44Kq44Or44OG44Kj44OO44OT44Ol44O844Kr44Or44ON44Kq44OD44Kv44K544ON44Kq44K/44Kk44Or44ON44Kq44OV44Ot44Ki44Oq44OV44Kp44O844Og44K344O844OI44K144Oz44Ky44OE44Oq44Oq44Kr44Op44Or44OO44Oz77yT77yt44K544Oq44O844Ko44Og44Ki44Kk44Kr44Oq44Oz44OG44OD44Kv44K144Kk44Oz44K344K544OG44Og44K744Kt44K544Kk5qGc5LqV5p2x44Oq44Ok44Oo44Kk5qW15p2x6YOo5bGL5aSn5a6256m65a6k44Kq44O844OK44O85oi45bu66LOD6LK454mp5Lu25LiN5YuV55Sj566h55CG5Lya56S+44Ob44OG44Or44Oe44Oz44K344On44Oz44Ki44OR44O844OI5bqX6IiX44GK5bqX5rW05a6k6aKo5ZGC44Om44OL44OD44OI44OQ44K544OQ44K544Or44O844Og44Kt44OD44OB44Oz44OI44Kk44Os5rC05bu744KK44Kz44O844Kt44Oz44Kw5rSX6Z2i5oqX6I+M6Ziy44Kr44OT5rGa44KM6Ziy5q2i6Ziy5rGa77yk77yp77y55pel5puc5aSn5bel5qih5qeY5pu/44GI44OR44ON44Or5bel5rOV44K744Or44OV44Oq44OV44Kp44O844Og5pa95bel6IG35Lq65bCC6ZaA6Ieq5L2c44OX44Ot6LK844KK5pa55r+A5a6J6LKp5aOy5bqX5qWt6LKp6YCa6LKp5Y246LKp5aOy6YCa5L+h6LKp5aOy56aP5bKh55yM56aP5bKh5biC5aSn6YeO5Z+O5biC5aSq5a6w5bqc5biC5pil5pel5biC562R57Sr6YeO5biC44Kr44Op44O855m944Ob44Ov44Kk44OI6buS44OW44Op44OD44Kv44Oe44OD44OI44OW44Op44OD44Kv6LWk44Os44OD44OJ44Oe44OD44OI5YWJ5rKi6Im25raI44GX5ZKM57SZ5ZKM5p+E5ZKM6aKo5p+E5pyo55uu5pyo55uu5p+E5pyo55uu44K344O844OIV09PROeEoeWcsOOCq+ODvOODnOODs+ODoeOCv+ODquODg+OCr+ODn+ODqeODvOmPoemdouODqeODoeODoeODg+OCremdqea8huWFieayouODrOOCtuODvOearuefs+ebruWkp+eQhuefs+ODh+OCtuOCpOODs+OCq+ODvOODqeODg+ODlOODs+OCsOODqeODg+ODlOODs+OCsOOCq+ODvOOCueOCs+ODg+ODgeODl+ODquODs+ODiOODqeODg+ODl+ODleOCo+ODq+ODoDEwODDjg7Tjgqfjg6njg4Pjg5fjgrnjg4DjgqTjg47jg4Pjgq/jgqvjg7zjg5zjg7Pjg57jg4Pjg4jjg5bjg6njg4Pjgq/ou4rjg5DjgqTjgq/jg5jjg6vjg6Hjg4Pjg4jjgqjjgqLjg63jgqvjg7zjg6njg4Pjg5Tjg7PjgrDjgqvjgrnjgr/jg6DlhoXoo4XlpJboo4Xjg4njg6zjgrnjgqLjg4Pjg5fjgqTjg7Pjg4bjg6rjgqLjg6rjg5Xjgqnjg7zjg6Djg6rjg47jg5njg7zjgrfjg6fjg7Posrzmm7/jgYjmlr3lt6Xlt6Xkuovkv67nkIbmlLnoo4Xkv67nuZXljp/nirblm57lvqnluorlt6XkuovlhoXoo4Xlt6XkuovlrqTlhoXoo4Xpo77lo4HntJnjgq/jg63jgrnnlbPopZbjgqvjg7zjg5rjg4Pjg4jjgqvjg7zjg4bjg7Pjg5bjg6njgqTjg7Pjg4nnnIvmnb/jgrXjgqTjg7PjgrDjg6njg5XjgqPjg4Pjgq/jgqTjg7Pjgq/jgrjjgqfjg4Pjg4jlsYvlpJblsYvlhoXjg57jg7zjgq3jg7PjgrDjgr/jg4Pjgq/jg5rjgqTjg7Pjg4jjg5Hjg43jg6vmtbTlrqTjg5Hjg43jg6vjgrPjg7Pjg5Xjgqnjg7zjg4jjg5Hjg43jg6vjg5Djgrnjg5Hjg43jg6vkvY7nmbrnoLLloanjg5Pmnb/loanjg5Pmnb/jg5Xjgqnjg7zjg6zjg4Pjgq/jgrnopIflkIjmnb/jgqLjg6vjg5/opIflkIjmnb/jgqLjg6vjg53jg6rjg4Pjgq/jgr3jg6zjgqTjgr/jgqzjg6njgrnjg5XjgqPjg6vjg6DnqpPjg5XjgqPjg6vjg6BVVue0q+Wklue3muOCq+ODg+ODiOmjm+aVo+mYsuatoumYsuiZq+OBmeOCiuOCrOODqeOCuemBrueGseODleOCo+ODq+ODoOmAj+aYjuODl+ODqeOCpOODkOOCt+ODvOODh+OCtuOCpOODs+ebrumaoOOBl+aXpeeEvOOBkeatouOCgeeqk+mjvuOCiuepuuWupOWvvuetluilv+aXpeWvvuetluaXpeWwhOmBruiUveevgOmbu+Wvvuetlueqk+aWreeGseeBveWus+WvvuetluWPsOmiqOernOW3u+OCreODg+ODgeODs+aJieOCq+ODqeODvOODnOODg+OCr+OCueeOhOmWouaJieODieOCouWutuWFt+WGt+iUteW6q+ODkeOCveOCs+ODs+ODh+OCueOCr+OCq+OCpuODs+OCv+ODvOajmuacuuODqeODg+OCr+ODhuODvOODluODq+ODgeOCp+OCueODiOOCqOODrOODmeODvOOCv+ODvOWGheeqk+alveeqk+S6jOmHjeeqk+aWreeGseaWreeGseS6jOmHjeeqk+evgOmbu+evgOe0hOOCqOOCs+ecgeOCqOODjeWKueaenOWGt+aIv+aaluaIv+mYsueKr+mYsumfs+e1kOmcsumBk+WFt+ODl+ODqeOCpOODnuODvOODkeODhuOCueOCreODvOOCuOODvOOCv+OCpOODq+Whl+ijheOCv+OCpOODq+OCq+ODvOODmuODg+ODiOS8uOe4ruabsumdojNE5rm+5puy5Ly444Gz44KL6ZuR6LKo6Ieq5Zyo44OI44Oq44OgIFNJTkNPTCZ0aW1lczttdCDjg57jgrnjgq3jg7PjgrDjg4bjg7zjg5cg6YCP44GR44KL44O76YeN44Gt44KL5aOB6KOF5p2QL+WNmOiJsuOCq+ODqeODvC/jgrfjg6vjg5Djg7wv44K044O844Or44OJL+W3vjMwY20mdGltZXM76ZW344GVMTVt5be7MeacrOWjsuOCig==,44K344Oz44Kz44O844OrIOmHjeOBreOBpuS9v+OBiOOCi+OBiuOBl+OCg+OCjOOBquWjgeijheadkOOBp+OBmeKZqi/jgILoh6rlnKjjg4jjg6rjg6AgU0lOQ09MJnRpbWVzO210IOODnuOCueOCreODs+OCsOODhuODvOODlyDpgI/jgZHjgovjg7vph43jga3jgovlo4Hoo4XmnZAv5Y2Y6Imy44Kr44Op44O8L+OCt+ODq+ODkOODvC/jgrTjg7zjg6vjg4kv5be+MzBjbSZ0aW1lczvplbfjgZUxNW3lt7sx5pys5aOy44KK[rn]
31-2605,aHR0cDovL3RzaG9wLnIxMHMuanAvbW95b3VnYWVob25wby9jYWJpbmV0L3NoZWV0L3JlYXRlYy9yZWF0ZWNfaXRlbS9pbWdyYzAwNjMzMzE5NjYuanBnP2ZpdGluPTcwMDo3MDA=,MjkxLjIwMDA=,,6Iqx44O744Ks44O844OH44Oz44O7RElZID4g5L2P5a6F5bu65p2Q44O76Kit5YKZID4g5aOB5p2QID4g44Gd44Gu5LuW,44K344Oz44Kw44Or44Kr44Op44O877yI5Y2Y6Imy77yJIOOAkOeZvS/ngbAv6buSL+ODm+ODr+OCpOODiC/jg5bjg6njg4Pjgq/jgJEg44Oi44OO44OI44O844OzL+OCteODs+OCsuODhC/jg6rjgqLjg4bjg4Pjgq8v44Kr44OD44OG44Kj44Oz44Kw44K344O844OIL+Wxi+WkluS9v+eUqOWPry/mipfoj4zjg7vpmLLjgqvjg5Mv44Ko44Oz44Oc44K5L+WMlueyp+OCt+ODvOODiC/loanjg5Pjgrfjg7zjg4gv57KY552AL+OCt+ODvOODqy9ESVkv44Oq44OV44Kp44O844OgL+ODquODoeOCpOOCry/jgJDjg6Hjg7zjgqvjg7znm7TpgIHih5LpgIHmlpnnhKHmlpnjgJEgVEEv44Oq44Ki44OG44OD44Kv44K344O844OI,44CQ6YCB5paZ54Sh5paZ44CR44K144Oz44Ky44OEL+ODquOCouODhuODg+OCry/jgqvjg4Pjg4bjgqPjg7PjgrDjgrfjg7zjg4gv,PHN0eWxlIHR5cGU9InRleHQvY3NzIj48IS0tCnNwYW4udW5pdCB7YmFja2dyb3VuZDogdXJsKCJodHRwOi8vaW1hZ2UucmFrdXRlbi5jby5qcC9tb3lvdWdhZWhvbnBvL2NhYmluZXQvaW1ncmMwMDY4NDk3NjQ1LmpwZyIpIG5vLXJlcGVhdCBsZWZ0IHRvcDsKdGV4dC1pbmRlbnQ6LTk5OTk7CmRpc3BsYXk6IGJsb2NrOwp3aWR0aDogNDAwcHg7IGhlaWdodDogMTAwcHg7Cm1hcmdpbjoxNXB4IDA7IH0KLS0+PC9zdHlsZT4KCgo8ZGl2IHN0eWxlPSIgd2lkdGg6ODAwcHg7IGZvbnQtZmFtaWx5Oifjg5Ljg6njgq7jg47op5LjgrQgUHJvIFczJywgJ0hpcmFnaW5vIEtha3UgR290aGljIFBybycsICfjg6HjgqTjg6rjgqonLCBNZWlyeW8sIE9zYWthLCAn77yt77yzIO+8sOOCtOOCt+ODg+OCrycsICdNUyBQR290aGljJywgc2Fucy1zZXJpZjsgbWFyZ2luOjAgYXV0bzsiIGFsaWduPSJjZW50ZXIiICA+Cgo8IS0t44K/44Kk44OI44Or6YOo5YiGLS0+CjxjZW50ZXI+PGgxIHN0eWxlPSJjb2xvcjojNjY2NjY2OyBmb250LXNpemU6MjBweDsiPuOCteODs+OCsuODhOOAgOODquOCouODhuODg+OCr+OAgOOCq+ODg+ODhuOCo+ODs+OCsOOCt+ODvOODiDxicj4K44K344Oz44Kw44Or44Kr44Op44O8L+eEoeWcsOOAkOOCqOODs+ODnOOCuS/jg5Xjg6njg4Pjg4gv44Kw44Ot44K544CRCjwvaDE+PC9jZW50ZXI+CjxpbWcgc3JjPSJodHRwOi8vaW1hZ2UucmFrdXRlbi5jby5qcC9tb3lvdWdhZWhvbnBvL2NhYmluZXQvc2hlZXQvcmVhdGVjLzA0MTYyMTM0L2ltZ3JjMDA2MzI2MTQxMy5qcGciPgo8aHI+CjxpbWcgc3JjPSJodHRwOi8vaW1hZ2UucmFrdXRlbi5jby5qcC9tb3lvdWdhZWhvbnBvL2NhYmluZXQvc2hlZXQvcmVhdGVjLzA0MTYyMTM0L2ltZ3JjMDA2MzMzMjIxMS5qcGciPgo8IS0t44GT44GT44G+44Gn44K/44Kk44OI44Or6YOo5YiGLS0+Cgo8IS0t5pa95bel5LqL5L6LLS0+CjxoMj7lvZPlupfjga7mlr3lt6Xkuovkvos8L2gyPgoKPGltZyBzcmM9Imh0dHA6Ly9pbWFnZS5yYWt1dGVuLmNvLmpwL21veW91Z2FlaG9ucG8vY2FiaW5ldC9zaGVldC9yZWF0ZWMvMDQxNjIxMzQvaW1ncmMwMDYzMjYxNDE1LmpwZyI+PGJyPgo8IS0t44GT44GT44G+44Gn5pa95bel5LqL5L6LLS0+Cgo8IS0t44Ko44Ki44K544Or44O844Gr44Gk44GE44GmLS0+CjxoMj7nvo7jgZfjgYTku5XkuIrjgYzjgorjgajlt6XmnJ/jga7nn63nuK7jgpLkuKHnq4s8L2gyPgo8cD48aW1nIHNyYz0iaHR0cDovL2ltYWdlLnJha3V0ZW4uY28uanAvbW95b3VnYWVob25wby9jYWJpbmV0L3NoZWV0L3JlYXRlYy9pbWdyYzAwNjI2NjQyNDMuanBnIj4KPC9wPgo8IS0t44GT44GT44G+44Gn44Ko44Ki44K544Or44O844Gr44Gk44GE44GmLS0+Cgo8IS0t44Kr44Op44O844OQ44Oq44Ko44O844K344On44OzLS0+CjxoMj7osYrlr4zjgarjgqvjg6njg7zjg5Djg6rjgqjjg7zjgrfjg6fjg7M8L2gyPgo8cD48IS0t44GT44GT44G+44Gn44Kr44Op44O844OQ44Oq44Ko44O844K344On44OzLS0+PGltZyBzcmM9Imh0dHA6Ly9pbWFnZS5yYWt1dGVuLmNvLmpwL21veW91Z2FlaG9ucG8vY2FiaW5ldC9zaGVldC9yZWF0ZWMvcmVhdGVjX2l0ZW0vaW1ncmMwMDYzMzMxOTc2LmpwZyIgLz4KCjwhLS3osrzjgormlrnjg7vpgZPlhbctLT4KPGhyPgo8cD48aW1nIHNyYz0iaHR0cDovL2ltYWdlLnJha3V0ZW4uY28uanAvbW95b3VnYWVob25wby9jYWJpbmV0L2hhcmlrYXRhL2ltZ3JjMDA2MzEzOTQ5NS5qcGciIGFsdD0i44K344O844OI44Gu6LK844KK5pa544CA44K344O844OI44Gu5by144KK5pa544CA6LK844KK44GL44Gf44CA5by144KK44GL44Gf44CA44Kr44OD44OG44Kj44Oz44Kw44K344O844OIIiA+PC9wPgo8aHI+CjxwPjxpbWcgc3JjPSJodHRwOi8vaW1hZ2UucmFrdXRlbi5jby5qcC9tb3lvdWdhZWhvbnBvL2NhYmluZXQvc2hlZXQvc2VhdF9kb3VndS9pbWc1NzQ4NTExNC5naWYiPjwvcD4KCjxkaXYgc3R5bGU9IndpZHRoOjgwMHB4OyIgY2xhc3M9ImNzX2l0ZW0iPgo8YSBocmVmPSJodHRwOi8vaXRlbS5yYWt1dGVuLmNvLmpwL21veW91Z2FlaG9ucG8va291Z3UtZGlub2NwdXJhaW1hLS8iPjxpbWcgCgpzcmM9Imh0dHA6Ly9pbWFnZS5yYWt1dGVuLmNvLmpwL21veW91Z2FlaG9ucG8vY2FiaW5ldC9zaGVldC9zZWF0X2RvdWd1L2ltZzU3NDg1MTE2LmdpZiIgd2lkdGg9IjE1MCIgCnRpdGxlPSLjgrfjg7zjg4jjga7nspjnnYDlipvjgpLpq5jjgoHjgb7jgZkK5Z+65pys55qE44Gr44Gv5aGX5biD44KS44GK44GZ44GZ44KB44GX44G+44GZIj48L2E+Cgo8YSBocmVmPSJodHRwOi8vaXRlbS5yYWt1dGVuLmNvLmpwL21veW91Z2FlaG9ucG8vZG91Z3Uta3lva3V0b3UtcGl0YXR0b2t1bm4xMG1haS8iPgo8aW1nIHNyYz0iaHR0cDovL2ltYWdlLnJha3V0ZW4uY28uanAvbW95b3VnYWVob25wby9jYWJpbmV0L3NoZWV0L3NlYXRfZG91Z3UvaW1nNTc0ODUxMTUuZ2lmIiB3aWR0aD0iMTUwIiAKdGl0bGU9IuOCueOCreODvOOCuOODvO+8huODlOOCv+ODg+OBqOOBj+OCkwrosrzjgorjgoTjgZnjgZXjgYzjgrDjg4PjgajlpInjgo/jgorjgb7jgZkiPjwvYT4KCjxhIGhyZWY9Imh0dHA6Ly9pdGVtLnJha3V0ZW4uY28uanAvbW95b3VnYWVob25wby9vcnVmYS1jdXR0ZXIvIj4KPGltZyBzcmM9Imh0dHA6Ly9pbWFnZS5yYWt1dGVuLmNvLmpwL21veW91Z2FlaG9ucG8vY2FiaW5ldC9zaGVldC9zZWF0X2RvdWd1L2ltZzU3NDg1MTEyLmdpZiIgd2lkdGg9IjE1MCIgCnRpdGxlPSLogbfkurrjgoLkvb/nlKjjgZnjgovjgqvjg4Pjgr/jg7wK5YiH44KM5ZGz44GM44KI44GE44Go5LuV5LiK44GM44KK44KC6YGV44GE44G+44GZIj48L2E+Cgo8YSBocmVmPSJodHRwOi8vaXRlbS5yYWt1dGVuLmNvLmpwL21veW91Z2FlaG9ucG8vZHVvdGVjay10cmltYXIvIj4KPGltZyBzcmM9Imh0dHA6Ly9pbWFnZS5yYWt1dGVuLmNvLmpwL21veW91Z2FlaG9ucG8vY2FiaW5ldC9zaGVldC9zZWF0X2RvdWd1L2ltZzU3NDg1MTE3LmdpZiIgd2lkdGg9IjE1MCIgCnRpdGxlPSLoo4/ntJnjgaDjgZHjgpLliIfjgovjgqvjg4Pjgr/jg7zjgIAK44K444On44Kk44Oz44OI5pa95bel44Gu44Go44GN44Gr44Gv5b+F6aCIIj48L2E+Cgo8YSBocmVmPSJodHRwOi8vaXRlbS5yYWt1dGVuLmNvLmpwL21veW91Z2FlaG9ucG8vc3RlbnJlcy1qaWJlcmEtNXN1bm4vIj4KPGltZyBzcmM9Imh0dHA6Ly9pbWFnZS5yYWt1dGVuLmNvLmpwL21veW91Z2FlaG9ucG8vY2FiaW5ldC9zaGVldC9zZWF0X2RvdWd1L2ltZzU3NDg1MTEzLmdpZiIgd2lkdGg9IjE1MCIgCnRpdGxlPSLlnLDjg5njg6njgIAK44OX44Op44Kk44Oe44O844KS5aGX44KL44Go44GN44KECumaheOCkuWIh+OCi+OCq+ODg+OCv+ODvOOCrOOCpOODieOBqOOBl+OBpuOCgiI+PC9hPgo8YnI+Cjxicj4KCjxoMj7jgZTos7zlhaXjgavjgaTjgYTjgabvvIjlv4XjgZrjgYroqq3jgb/jgY/jgaDjgZXjgYTvvIk8L2gyPgo8SU1HIHNyYz0iaHR0cDovL2ltYWdlLnJha3V0ZW4uY28uanAvbW95b3VnYWVob25wby9jYWJpbmV0L29yZGVyX21ldGhvZC9ob3d0b19vcmRlci9pbWc1NzQ4NTA5MC5naWYiIHdpZHRoPSI3NjAiIHN0eWxlPSJtYXJnaW46MHB4OyI+CjxwIGFsaWduPSJsZWZ0IiBzdHlsZT0ibWFyZ2luOjBweDsgd2lkdGg6NzIwcHg7Ij7jgZTos7zlhaXjga7pmpvjga88Yj7jgrfjg7zjg4jluYUxMjJjbcOX6ZW344GVMTBjbeOBpzHlgIvjga7jgZTms6jmloc8L2I+44Go44Gq44KK44G+44GZ44CCPGJyPgogIDxiPjxmb250IGNvbG9yPSIjRkYwMDAwIj7jgZTms6jmlofjga8xMOWAi+S7peS4iu+8iOmVt+OBle+8ke+9jeS7peS4iu+8ieOBi+OCiTwvZm9udD48L2I+44Go44Gq44KK44G+44GZ44CCPGJyPgogIOOBquOBiuOAgeWQjOS4gOWTgeeVquOBp+ikh+aVsOOBq+WIhuOBkeOBn+OCq+ODg+ODiOOCkuaJv+OCi+OBk+OBqOOBr+OBp+OBjeOBvuOBm+OCk+OBruOBp+OAgeOBlOS6huaJv+OBj+OBoOOBleOBhOOAgjwvcD4KPGhyPgo8SU1HIHNyYz0iaHR0cDovL2ltYWdlLnJha3V0ZW4uY28uanAvbW95b3VnYWVob25wby9jYWJpbmV0L3NoZWV0L3JlYXRlYy9pbWc1OTE4NTE0NC5naWYiIHdpZHRoPSI3NjAiIGJvcmRlcj0iMCI+Cgo8cCBhbGlnbj0ibGVmdCIgc3R5bGU9Im1hcmdpbjo4cHggMCAwIDA7IHdpZHRoOjcyMHB4OyI+PHNwYW4gc3R5bGU9ImZvbnQtd2VpZ2h0OmJvbGQ7IGNvbG9yOnJlZDsiPuS7o+mHkeW8leaPm+OBruWgtOWQiOOBr+W9k+W6l+OCiOOCiueZuumAgeOBqOOBquOCi+OBn+OCgemAgeaWmeODu+S7o+W8leaJi+aVsOaWmeOBjOWIpemAlOW/heimgeOBqOOBquOCiuOBvuOBmeOAgjwvc3Bhbj48YnI+CiAg44GU5rOo5paH5b6M44Gr44CB5b2T5bqX44Gn6YCB5paZ44KS5L+u5q2j44Gu44GG44GI5oqY44KK6L+U44GX44GU6YCj57Wh44GE44Gf44GX44G+44GZ44CCPGJyPgogIOmKgOihjOaMr+i+vOOBruWgtOWQiOOBr+OAgemAgeaWmeS/ruato+W+jOOBrumHkemhjeOCkuOBlOeiuuiqjeOBruOBhuOBiOOBiuaMr+i+vOOBhOOBn+OBoOOBjeOBvuOBmeOCiOOBhuOAgeOCiOOCjeOBl+OBj+OBiumhmOOBhOOBhOOBn+OBl+OBvuOBmeOAgjwvcD4KCjxwIGFsaWduPSJyaWdodCI+CjxJTUcgc3JjPSJodHRwOi8vaW1hZ2UucmFrdXRlbi5jby5qcC9tb3lvdWdhZWhvbnBvL2NhYmluZXQvc2hlZXQvcGFyb2kvbWFzdGVyL2ltZzU3MjM1NjgxLmpwZyI+PGJyPgo8SU1HIHNyYz0iaHR0cDovL2ltYWdlLnJha3V0ZW4uY28uanAvbW95b3VnYWVob25wby9jYWJpbmV0L3NoZWV0L3Bhcm9pL21hc3Rlci9pbWc1NzIzNTY4NS5qcGciIHdpZHRoPSIxNDQiIGhlaWdodD0iMjYiIGJvcmRlcj0iMCIgdnNwYWNlPSIxNSIgaHNwYWNlPSI1Ij4KPElNRyBzcmM9Imh0dHA6Ly9pbWFnZS5yYWt1dGVuLmNvLmpwL21veW91Z2FlaG9ucG8vY2FiaW5ldC9zaGVldC9wYXJvaS9tYXN0ZXIvaW1nNTcyMzU2ODcuanBnIiB3aWR0aD0iMTQ0IiBoZWlnaHQ9IjI2IiBib3JkZXI9IjAiIHZzcGFjZT0iMTUiIGhzcGFjZT0iNSI+CjxJTUcgc3JjPSJodHRwOi8vaW1hZ2UucmFrdXRlbi5jby5qcC9tb3lvdWdhZWhvbnBvL2NhYmluZXQvc2hlZXQvcGFyb2kvbWFzdGVyL2ltZzU3MjM1NzA0LmpwZyIgd2lkdGg9IjIxOSIgaGVpZ2h0PSIyNiIgYm9yZGVyPSIwIiB2c3BhY2U9IjE1IiBoc3BhY2U9IjUiPgo8SU1HIHNyYz0iaHR0cDovL2ltYWdlLnJha3V0ZW4uY28uanAvbW95b3VnYWVob25wby9jYWJpbmV0L3NoZWV0L3Bhcm9pL21hc3Rlci9pbWc1NzIzNTY4Ni5qcGciIHZzcGFjZT0iMTUiIGhzcGFjZT0iNSI+PC9wPgoKCjwvZGl2Pgo8L2Rpdj4KPCEtLemWoumAo+WVhuadkOODquODs+OCryDjgZPjgZPjgYvjgoktLT4KPHN0eWxlIHR5cGU9InRleHQvY3NzIj4KLmthbnJlbiBpbWd7Cm1hcmdpbi1ib3R0b206MXB4O30KLmthbnJlbiBoM3sgCmZvbnQtZmFtaWx5OiLjg5Ljg6njgq7jg47op5LjgrQgUHJvIFczIiwgIkhpcmFnaW5vIEtha3UgR290aGljIFBybyIsICLjg6HjgqTjg6rjgqoiLCBNZWlyeW8sIE9zYWthLCAi77yt77yzIO+8sOOCtOOCt+ODg+OCryIsICJNUyBQR290aGljIiwgc2Fucy1zZXJpZjsgY29sb3I6IzM7IGZvbnQtc2l6ZToxMnB4OyBmb250LXdlaWdodDpib2xkOyBtYXJnaW4tYm90dG9tOjRweDt9Ci5rYW5yZW4gcHsKbWFyZ2luLWJvdHRvbToycHg7fQo8L3N0eWxlPgo8ZGl2IGNsYXNzPSJnb29kcy10YmwiIHN0eWxlPSJwYWRkaW5nLWJvdHRvbTowcHg7Ij4KPGRpdiBjbGFzcz0ia2FucmVuIj4KPHAgc3R5bGU9ImZvbnQtd2VpZ2h0OmJvbGQ7IHRleHQtYWxpZ246Y2VudGVyOyI+772eIOWjgeOBqOW6iuOCkuS4gOe3kuOBq+ODquODjuODmeODvOOCt+ODp+ODs+OBl+OBvuOBm+OCk+OBi++8nyDvvZ48L3A+CjxwPjxpbWcgc3JjPSJodHRwOi8vaW1hZ2UucmFrdXRlbi5jby5qcC9tb3lvdWdhZWhvbnBvL2NhYmluZXQvYmFubmVyL2ltZ3JjMDA2MjY1Mzc3Ni5qcGciIHdpZHRoPSI0MjAiPjxiciAvPgrnsKHljZjjgqvjg4Pjg4jjga7jg5Hjg43jg6vkuIvlnLDjgafjg5fjg63jga7ku5XkuIrjgYzjgoo8L3A+CjxwPjxpbWcgc3JjPSJodHRwOi8vaW1hZ2UucmFrdXRlbi5jby5qcC9tb3lvdWdhZWhvbnBvL2NhYmluZXQva2VuemFpL29mdXJvYS9pbWdyYzAwNjI2MzQ2NzMuanBnIiB3aWR0aD0iNDIwIj48YnIgLz4K44K144Oz44Ky44OEIOOBiumiqOWRguOBruW6iuadkCDjgqrjg5Xjg63jgqIg5aSn5Lq65rCXPC9wPgo8cD48aW1nIHNyYz0iaHR0cDovL2ltYWdlLnJha3V0ZW4uY28uanAvbW95b3VnYWVob25wby9jYWJpbmV0L2Jhbm5lci9pbWc2MTAyNTgxMC5qcGciIHdpZHRoPSI0MjAiPjxiciAvPgrlhrfjgZ/jgYQg5ruR44Gj44Gm5oCW44GEIOOCkuino+axuiDmtbTlrqTluormnZAg5o+D44Gj44Gm44GE44G+44GZPC9wPgo8cCBjbGFzcz0iZ29vZHMtbmV4dCIgc3R5bGU9Im1hcmdpbjowcHg7Ij48L3A+CjwvZGl2Pgo8L2Rpdj4KPCEtLemWoumAo+WVhuadkOODquODs+OCryDjgZPjgZPjgb7jgactLT4KPERJViBjbGFzcz0iZ29vZHMtdGJsIj4KCjxoMiBjbGFzcz0iZ29vZHMtdGl0bGUiPgrllYblk4HoqqzmmI4KPC9oMj4KCjxoMyBjbGFzcz0iZ29vZHMtbGVmdCI+5ZOB55WqPC9oMz4KPGRpdiBjbGFzcz0iZ29vZHMtcmlnaHQiPuOCq+ODqeODvOOAgOODouODjuODiOODvOODs+OAgOWFqDnngrk8QlI+Cu+8iOOAgO+8ieOBr+aXp+WTgeeVquOBqOOBquOCiuOBvuOBmeOAgjxicj4K44CAVEEtODMzMu+8iDczMzLvvIkgPGJyPgrjgIBUQS04MzMz77yINzMzM++8iSA8YnI+CuOAgFRBLTgzMzTvvIjmlrDoibLvvIkgPGJyPgrjgIBUQS04MzM177yINzMzNO+8iSA8YnI+CuOAgFRBLTgzMzbvvIg3MzM177yJIDxicj4K44CAVEEtODMzN++8iDczMjjvvIkgPGJyPgrjgIBUQS04MzM477yINzMzMO+8iSA8YnI+CuOAgFRBLTgzMznvvIg3MzMx77yJIDxicj4K44CAVEEtODM0MO+8iDczNDDvvIkgPGJyPgotLS0tLS0tLS0tLS0tLS0tLS0tLS0tLS0tLS0tLS0tLS0tLS0tLS0tPGJyPgogICAgCjxGT05UIGNvbG9yPSIjZmYwMDAwIj7igLvjgYrkvb/jgYTjga7jg5Hjgr3jgrPjg7PnkrDlooPjgavjgojjgorjgIHllYblk4Hjga7oibLjgYzopovmnKzjgajlpJrlsJHnlbDjgarjgovloLTlkIjjgYzjgYLjgorjgb7jgZnjgII8L0ZPTlQ+PC9wPgo8L2Rpdj4KCjxwIGNsYXNzPSJnb29kcy1uZXh0Ij48L3A+Cgo8SDMgY2xhc3M9Imdvb2RzLWxlZnQiPuWVhuWTgeOCteOCpOOCujwvaDM+CjxQIGNsYXNzPSJnb29kcy1yaWdodCI+5ZWG5ZOB5be+44CAMTIyY20v5Y6a44G/44CA57SEMC4ybW08YnI+CumVt+OBleOBrzFt5Lul5LiKMTBjbeWNmOS9jeOBruOCq+ODg+ODiOiyqeWjsjxCUj4KPEZPTlQgY29sb3I9IiNmZjAwMDAiPuKAu+OBlOazqOaWh+OBrzEw5YCL77yIMe+9je+8ieS7peS4iuOBi+OCieOBqOOBquOCiuOBvuOBmeOAgjwvRk9OVD48QlI+CjHvvY3jgZTms6jmlofihpIxMOWAi++8jzPvvY0yMO+9g++9jeOBlOazqOaWh+KGkjMy5YCLPC9wPgoKPHAgY2xhc3M9Imdvb2RzLW5leHQiPjwvcD4KCjxoMyBjbGFzcz0iZ29vZHMtbGVmdCI+6L+U5ZOB44O75Lqk5o+b44Gr44Gk44GE44GmPC9oMz4KPHAgY2xhc3M9Imdvb2RzLXJpZ2h0Ij7jgZPjgaHjgonjga7llYblk4Hjga/jgYrlrqLmp5jpg73lkIjjgavjgojjgovov5Tlk4Hjg7vkuqTmj5vjga/mib/jgovkuovjgYzjgafjgY3jgb7jgZvjgpM8L3A+CjxwIGNsYXNzPSJnb29kcy1yaWdodCI+Cui/lOWTgeODu+S6pOaPm+OBruips+e0sOOBr+OBk+OBoeOCieOCkuOBlOimp+OBj+OBoOOBleOBhDwvcD4KCjxwIGNsYXNzPSJnb29kcy1uZXh0Ij48L3A+Cgo8aDMgY2xhc3M9Imdvb2RzLWxlZnQiPuaWveW3peOBq+mWouOBl+OBpuOBruOBlOeVmeaEj+eCue+8iOODoeODvOOCq+ODvOizh+aWme+8iTwvaDM+CjxwIGNsYXNzPSJnb29kcy1yaWdodCI+CuaWveW3peOBq+mWouOBmeOCi+izh+aWmeOBr+OBk+OBoeOCieOCkuOBlOimp+S4i+OBleOBhCA8L3A+Cgo8cCBjbGFzcz0iZ29vZHMtbmV4dCI+PC9wPgoKPGgzIGNsYXNzPSJnb29kcy1sZWZ0Ij7oo73lk4Hmg4XloLEv6Ziy54Gr6KqN5a6a55Wq5Y+377yI44Oh44O844Kr44O86LOH5paZ77yJPC9oMz4KPHAgY2xhc3M9Imdvb2RzLXJpZ2h0Ij4K6KO95ZOB44Gr6Zai44GZ44KL6LOH5paZ44Gv44GT44Gh44KJ44KS44GU6Kan5LiL44GV44GEIDwvcD4KCjxwIGNsYXNzPSJnb29kcy1uZXh0Ij48L3A+Cgo8aDMgY2xhc3M9Imdvb2RzLWxlZnQiPuOCq+ODg+ODhuOCo+ODs+OCsOeUqOOCt+ODvOODiO+8iOWhqeODk+OCt+ODvOODiO+8ieOBqOOBr++8nzwvaDM+CjxwIGNsYXNzPSJnb29kcy1yaWdodCI+CuOCq+ODg+ODhuOCo+ODs+OCsOeUqOOCt+ODvOODiO+8iOODleOCo+ODq+ODoOOAgeOCpOODs+ODhuODquOCouOCt+ODvOODiOOAgeWMlueyp+OCt+ODvOODiOOAgeeymOedgOOCt+ODvOODiO+8ieOBr+WEquOCjOOBn+W8t+W6puOBqOe+juOBl+OBhOODh+OCtuOCpOODs+OBjOaWveOBleOCjOOBn+WjgeijheeUqOOBruOCt+ODvOODq+OBp+OBmeOAgjxCUj4K6YCa5bi444CB44K344O844OI44Gu6KOP44Gv44K344O844Or54q244Gr44Gq44Gj44Gm44GK44KK44CB44Gd44Gu57KY552A5oCn44KC6auY44GP44CB5bmF5bqD44GE5LiL5Zyw44G444Gu6LK844KK5LuY44GR44GM5Y+v6IO944Gn44GZ44CCPEJSPgrov5HlubTjgafjga/nlKjpgJTjgoLlpJrlspDjgavmuKHjgorjgIHjg57jg7Pjgrfjg6fjg7PjgoTmiLjlu7rkvY/lroXjga7lhoXoo4XjgYvjgonjgIHjgqrjg5XjgqPjgrnjgIHjg5vjg4bjg6vjgoTkuIDoiKzlupfoiJfjgIHnl4XpmaLjgIHku4vorbfmlr3oqK3jgIHjgZXjgonjgavjga/muKnmtbTmlr3oqK3jgoTjg5Hjg4Hjg7PjgrPlupfjgarjganjga7pgYrmiK/mlr3oqK3jga7nrqHnkIbogIXjgIHjgqrjg7zjg4rjg7zjga7nmobmp5jjgavlpb3oqZXjgpLljZrjgZfjgabjgYTjgb7jgZnjgII8QlI+CuOBk+OBruOCiOOBhuOBq+WIqeS+v+aAp+OBjOmrmOOBhOW7uuadkOOBruOBn+OCgeOAgTNN77yI44K544Oq44O844Ko44Og44O744OA44Kk44OO44OD44Kv44O7REktTk9D77yJ44CB44K144Oz44Ky44OE77yI44Oq44Ki44OG44OD44Kv44O7UkVBVEVD77yJ44CB44Oq44Oz44OG44OD44Kv44K144Kk44Oz44K344K544OG44Og77yI44OR44Ot44Ki44O7UEFST0kp44CB44Ki44Kk44Kr77yI44Kq44Or44OG44Kj44OO44O7QWx0eW5v77yJ44CB44K344O844Ki44Kk5YyW5oiQ77yI44OZ44Or44OT44Ki44Oz44O7YmVsYmllbu+8ieOBquOBqeOBruacieWQjeODoeODvOOCq+ODvOOBjOWkmuW9qeOBquODqeOCpOODs+ODiuODg+ODl+OCkuWxlemWi+OBl+OBpuOBhOOBvuOBmeOAgjxCUj4K44G+44Gf44CB6Ieq5YuV6LuK44Gr5oqA6KGT55qE44Gr6aGe5Ly844Gu44Op44OD44OU44Oz44Kw44OV44Kj44Or44Og77yI44Op44OD44OX44OV44Kj44Or44Og77yJ44KS6LK844KK5LuY44GR44Gm44CB5aGX6KOF44KS5aSJ5pu044GZ44KL44GT44Go44Gq44GP44CB44Kv44Or44Oe44Gu44Kk44Oh44O844K444KS5aSJ5pu044Gn44GN44KL44Kr44O844Op44OD44OU44Oz44Kw44KC5YWo5LiW55WM55qE44Gr5Lq65rCX44GM44GC44KK44G+44GZ44CCPEJSPgrjgZPjgaHjgonjga/kvY/lj4szTe+8iOOCueOCs+ODg+ODgeODl+ODquODs+ODiOODu1Njb3RjaHByaW50KeOChOODquODs+ODhuODg+OCr+OCteOCpOODs+OCt+OCueODhuODoO+8iOODtOOCp+ODqeODg+ODl+OCueODu1Zld3JhcHPvvInjgIHmtbflpJbjgavnm67jgpLjgoDjgZHjgovjgahBdmVyeSBEZW5uaXNvbiBTdXByZW1lIFdyYXBwaW5nIEZpbG0g44Gq44Gp5aSa44GP44Gu44OW44Op44Oz44OJ44Gn44Kr44O844Op44OD44OU44Oz44Kw44Gu5qW944GX44GV44KS5o+Q5qGI44GX44Gm44GE44G+44GZ44CCPEJSPgo8L3A+Cgo8cCBjbGFzcz0iZ29vZHMtbmV4dCI+PC9wPgoKPC9kaXY+CjwhLS3jg6rjgqLjg4bjg4Pjgq/msY7nlKjjg6rjg7Pjgq8g44GT44GT44GL44KJLS0+CjxzdHlsZSB0eXBlPSJ0ZXh0L2NzcyI+Ci5nb29kcy1uYXZpIGltZ3sKd2lkdGg6MjEycHg7CnRleHQtYWxpZ246Y2VudGVyO30KPC9zdHlsZT4KCjxkaXYgY2xhc3M9Imdvb2RzLXRibCIgc3R5bGU9InBhZGRpbmctYm90dG9tOjBweDsiPgo8ZGl2IGNsYXNzPSJnb29kcy1uYXZpIj4KIDxpbWcgc3JjPSJodHRwOi8vaW1hZ2UucmFrdXRlbi5jby5qcC9tb3lvdWdhZWhvbnBvL2NhYmluZXQvc2hlZXQvZGktbm9jL290aGVyX2ltYWdlcy9pbWc2MTI3NzE2Ni5qcGciIC8+CiAgPGltZyBzcmM9Imh0dHA6Ly9pbWFnZS5yYWt1dGVuLmNvLmpwL21veW91Z2FlaG9ucG8vY2FiaW5ldC9zaGVldC9kaS1ub2Mvb3RoZXJfaW1hZ2VzL2ltZzYxMjYwODg4LmpwZyIgLz4KICA8aW1nIHNyYz0iaHR0cDovL2ltYWdlLnJha3V0ZW4uY28uanAvbW95b3VnYWVob25wby9jYWJpbmV0L3NoZWV0L2RpLW5vYy9vdGhlcl9pbWFnZXMvaW1nNjEyNjA4ODUuanBnIiAvPgo8aW1nIHNyYz0iaHR0cDovL2ltYWdlLnJha3V0ZW4uY28uanAvbW95b3VnYWVob25wby9jYWJpbmV0L3NoZWV0L2RpLW5vYy9vdGhlcl9pbWFnZXMvaW1nNjEyNzcxNjcuanBnIiAvPgo8aW1nIHNyYz0iaHR0cDovL2ltYWdlLnJha3V0ZW4uY28uanAvbW95b3VnYWVob25wby9jYWJpbmV0L3NoZWV0L2RpLW5vYy9vdGhlcl9pbWFnZXMvaW1nNjEyNjA4ODYuanBnIiAvPgo8aW1nIHNyYz0iaHR0cDovL2ltYWdlLnJha3V0ZW4uY28uanAvbW95b3VnYWVob25wby9jYWJpbmV0L3NoZWV0L2RpLW5vYy9vdGhlcl9pbWFnZXMvaW1nNjEyNjA4ODkuanBnIiAvPgo8aW1nIHNyYz0iaHR0cDovL2ltYWdlLnJha3V0ZW4uY28uanAvbW95b3VnYWVob25wby9jYWJpbmV0L3NoZWV0L2RpLW5vYy9vdGhlcl9pbWFnZXMvaW1nNjEyNjA4ODcuanBnIiAvPgo8aW1nIHNyYz0iaHR0cDovL2ltYWdlLnJha3V0ZW4uY28uanAvbW95b3VnYWVob25wby9jYWJpbmV0L3NoZWV0L2RpLW5vYy9vdGhlcl9pbWFnZXMvaW1nNjEyNjA4OTAuanBnIiAvPgo8L2Rpdj4KPHAgY2xhc3M9Imdvb2RzLW5leHQiIHN0eWxlPSJtYXJnaW46MHB4OyI+PC9wPgo8L2Rpdj4KPCEtLeODquOCouODhuODg+OCr+axjueUqOODquODs+OCryDjgZPjgZPjgb7jgactLT48c3R5bGUgdHlwZT0idGV4dC9jc3MiPgo8IS0tCgovKuWVhuWTgeWQjeOBruODleOCqeODs+ODiOaDheWgsSovCi5pdGVtX25hbWUgewoJZGlzcGxheTpibG9jazsKCW1hcmdpbjowIDAgOHB4IDA7Cglmb250LWZhbWlseToi44OS44Op44Ku44OO6KeS44K0IFBybyBXMyIsICJIaXJhZ2lubyBLYWt1IEdvdGhpYyBQcm8iLCAi44Oh44Kk44Oq44KqIiwgTWVpcnlvLCBPc2FrYSwgIu+8re+8syDvvLDjgrTjgrfjg4Pjgq8iLCAiTVMgUEdvdGhpYyIsIHNhbnMtc2VyaWY7Cglmb250OmJvbGQgMTZweDsKCWNvbG9yOiMzMzM7CglsaW5lLWhlaWdodDoxMjAlOwoKfQovKuOCreODo+ODg+ODgeOCs+ODlOODvOOBruODleOCqeODs+ODiOaDheWgsSovCi5jYXRjaF9jb3B5IHsKCWRpc3BsYXk6YmxvY2s7CgltYXJnaW46MCAwIDhweCAwIDsKCWZvbnQtZmFtaWx5OiLjg5Ljg6njgq7jg47op5LjgrQgUHJvIFczIiwgIkhpcmFnaW5vIEtha3UgR290aGljIFBybyIsICLjg6HjgqTjg6rjgqoiLCBNZWlyeW8sIE9zYWthLCAi77yt77yzIO+8sOOCtOOCt+ODg+OCryIsICJNUyBQR290aGljIiwgc2Fucy1zZXJpZjsKCWZvbnQtc2l6ZToxNHB4OwoJY29sb3I6IzMzMzsKfQoKLyrnm67njonllYblk4Hjga7mloflrZcqLwphLmxvc3NsZWFkZXJfaXRlbV9uYW1lOmxpbmsgewoJY29sb3I6IzU1NTsKCWZvbnQtc2l6ZToxM3B4Owp9CgpzcGFuLmxvc3NsZWFkZXJfcHJpY2UyewoJY29sb3I6I0ZGMDAwMDsKCWZvbnQtc2l6ZToxMnB4Owp9CgovKuODmuODvOOCuOW3puS4iuOBruOCreODvOODr+ODvOODieihqOekuuashCovCmRpdiNIZWFkZXJLZXl3b3JkIHsKCXBvc2l0aW9uOmFic29sdXRlOwoJdG9wOjQ4cHg7LyrkuIDnlarkuIrjgYvjgonjga7kvY3nva4qLwoJbGVmdDo4MHB4Oy8q5bem56uv44GL44KJ44Gu5L2N572uKi8KCWZvbnQ6MTRweCAi44OS44Op44Ku44OO6KeS44K0IFBybyBXMyIsICJIaXJhZ2lubyBLYWt1IEdvdGhpYyBQcm8iLCAi44Oh44Kk44Oq44KqIiwgTWVpcnlvLCBPc2FrYSwgIu+8re+8syDvvLDjgrTjgrfjg4Pjgq8iLCAiTVMgUEdvdGhpYyIsIHNhbnMtc2VyaWY7Cgl3aWR0aDo0MjBweDsKfQoKZGl2I0hlYWRlcktleXdvcmQgc3BhbiB7CgliYWNrZ3JvdW5kOiAjYmYwMDAwOwoJY29sb3I6I2ZmZjsKCWZvbnQtd2VpZ2h0OmJvbGQ7CglwYWRkaW5nOjJweCA1cHg7Cn0KCmRpdiNIZWFkZXJLZXl3b3JkIGEgewoJY29sb3I6IzAwNDRDQzsKfQoKCi8qIOWAi+aVsOWFpeWKm+ashOOBruWkp+OBjeOBlSAqLwppbnB1dCN1bml0cyB7CglwYWRkaW5nOiA0cHg7Cn0KCi8qIOOBiuiyt+OBhOeJqeOBi+OBlOODnOOCv+ODs+OBruWkp+OBjeOBlSAqLwp0ZCA+IGlucHV0IHsKCWZvbnQtc2l6ZTogMTJweDsKCXBhZGRpbmc6OHB4IDEycHggOHB4IDEycHg7Cgl3aWR0aDogYXV0bzsKfQoKLyog44CM5ZWG5ZOB44Gr44Gk44GE44Gm44Gu5ZWP44GE5ZCI44KP44Gb44CN44Oc44K/44Oz44Gu5aSn44GN44GVKi8KZm9udCBpbnB1dCB7Cglmb250LXNpemU6IDEycHg7CglwYWRkaW5nOjJweDsKCXdpZHRoOiAxNTBweDsKfQoKCi0tPgo8L3N0eWxlPgoKCjxkaXYgaWQ9IkhlYWRlcktleXdvcmQiPgo8c3Bhbj7ms6jnm67jga7jgq3jg7zjg6/jg7zjg4k8L3NwYW4+CuOCrOODqeOCueODleOCo+ODq+ODoArmnKjnm64K5rW05a6kIOW6igrjg6rjgqLjg4bjg4Pjgq8KCjwvZGl2Pg==,44K344Oz44Kw44Or44Kr44Op44O877yI5Y2Y6Imy77yJIOOAkOeZvS/ngbAv6buSL+ODm+ODr+OCpOODiC/jg5bjg6njg4Pjgq/jgJEg44Oi44OO44OI44O844OzL+OCteODs+OCsuODhC/jg6rjgqLjg4bjg4Pjgq8v44Kr44OD44OG44Kj44Oz44Kw44K344O844OIL+Wxi+WkluS9v+eUqOWPry/mipfoj4zjg7vpmLLjgqvjg5Mv44Ko44Oz44Oc44K5L+WMlueyp+OCt+ODvOODiC/loanjg5Pjgrfjg7zjg4gv57KY552AL+OCt+ODvOODqy9ESVkv44Oq44OV44Kp44O844OgL+ODquODoeOCpOOCry/jgJDjg6Hjg7zjgqvjg7znm7TpgIEmckFycjvpgIHmlpnnhKHmlpnjgJEgVEEv44Oq44Ki44OG44OD44Kv44K344O844OI77ya5qih5qeY5pu/44GI44K344On44OD44OX44CA44OH44Kz,44Kr44OD44OG44Kj44Oz44Kw44K344O844OI44OV44Kj44Or44Og44Kr44OD44OG44Kj44Oz44Kw44K344O844Or5aOB57SZ57KY552A44K344O844OI5qih5qeY5pu/44GI44K344O844OI5YyW57Kn44K344O844OI5aOB57SZ44K344O844OI44OA44Kk44OO44OD44Kv44OZ44Or44OT44Ki44Oz44Oq44Ki44OG44OD44Kv44OR44Ot44Ki44Kq44Or44OG44Kj44OO44OT44Ol44O844Kr44Or44ON44Kq44OD44Kv44K544ON44Kq44K/44Kk44Or44ON44Kq44OV44Ot44Ki44Oq44OV44Kp44O844Og44K344O844OI44K144Oz44Ky44OE44Oq44Oq44Kr44Op44Or44OO44Oz77yT77yt44K544Oq44O844Ko44Og44Ki44Kk44Kr44Oq44Oz44OG44OD44Kv44K144Kk44Oz44K344K544OG44Og44K744Kt44K544Kk5qGc5LqV5p2x44Oq44Ok44Oo44Kk5qW15p2x6YOo5bGL5aSn5a6256m65a6k44Kq44O844OK44O85oi45bu66LOD6LK454mp5Lu25LiN5YuV55Sj566h55CG5Lya56S+44Ob44OG44Or44Oe44Oz44K344On44Oz44Ki44OR44O844OI5bqX6IiX44GK5bqX5rW05a6k6aKo5ZGC44Om44OL44OD44OI44OQ44K544OQ44K544Or44O844Og44Kt44OD44OB44Oz44OI44Kk44Os5rC05bu744KK44Kz44O844Kt44Oz44Kw5rSX6Z2i5oqX6I+M6Ziy44Kr44OT5rGa44KM6Ziy5q2i6Ziy5rGa77yk77yp77y55pel5puc5aSn5bel5qih5qeY5pu/44GI44OR44ON44Or5bel5rOV44K744Or44OV44Oq44OV44Kp44O844Og5pa95bel6IG35Lq65bCC6ZaA6Ieq5L2c44OX44Ot6LK844KK5pa55r+A5a6J6LKp5aOy5bqX5qWt6LKp6YCa6LKp5Y246LKp5aOy6YCa5L+h6LKp5aOy56aP5bKh55yM56aP5bKh5biC5aSn6YeO5Z+O5biC5aSq5a6w5bqc5biC5pil5pel5biC562R57Sr6YeO5biC44Kr44Op44O855m944Ob44Ov44Kk44OI6buS44OW44Op44OD44Kv44Oe44OD44OI44OW44Op44OD44Kv6LWk44Os44OD44OJ44Oe44OD44OI5YWJ5rKi6Im25raI44GX5ZKM57SZ5ZKM5p+E5ZKM6aKo5p+E5pyo55uu5pyo55uu5p+E5pyo55uu44K344O844OIV09PROeEoeWcsOOCq+ODvOODnOODs+ODoeOCv+ODquODg+OCr+ODn+ODqeODvOmPoemdouODqeODoeODoeODg+OCremdqea8huWFieayouODrOOCtuODvOearuefs+ebruWkp+eQhuefs+ODh+OCtuOCpOODs+OCq+ODvOODqeODg+ODlOODs+OCsOODqeODg+ODlOODs+OCsOOCq+ODvOOCueOCs+ODg+ODgeODl+ODquODs+ODiOODqeODg+ODl+ODleOCo+ODq+ODoDEwODDjg7Tjgqfjg6njg4Pjg5fjgrnjg4DjgqTjg47jg4Pjgq/jgqvjg7zjg5zjg7Pjg57jg4Pjg4jjg5bjg6njg4Pjgq/ou4rjg5DjgqTjgq/jg5jjg6vjg6Hjg4Pjg4jjgqjjgqLjg63jgqvjg7zjg6njg4Pjg5Tjg7PjgrDjgqvjgrnjgr/jg6DlhoXoo4XlpJboo4Xjg4njg6zjgrnjgqLjg4Pjg5fjgqTjg7Pjg4bjg6rjgqLjg6rjg5Xjgqnjg7zjg6Djg6rjg47jg5njg7zjgrfjg6fjg7Posrzmm7/jgYjmlr3lt6Xlt6Xkuovkv67nkIbmlLnoo4Xkv67nuZXljp/nirblm57lvqnluorlt6XkuovlhoXoo4Xlt6XkuovlrqTlhoXoo4Xpo77lo4HntJnjgq/jg63jgrnnlbPopZbjgqvjg7zjg5rjg4Pjg4jjgqvjg7zjg4bjg7Pjg5bjg6njgqTjg7Pjg4nnnIvmnb/jgrXjgqTjg7PjgrDjg6njg5XjgqPjg4Pjgq/jgqTjg7Pjgq/jgrjjgqfjg4Pjg4jlsYvlpJblsYvlhoXjg57jg7zjgq3jg7PjgrDjgr/jg4Pjgq/jg5rjgqTjg7Pjg4jjg5Hjg43jg6vmtbTlrqTjg5Hjg43jg6vjgrPjg7Pjg5Xjgqnjg7zjg4jjg5Hjg43jg6vjg5Djgrnjg5Hjg43jg6vkvY7nmbrnoLLloanjg5Pmnb/loanjg5Pmnb/jg5Xjgqnjg7zjg6zjg4Pjgq/jgrnopIflkIjmnb/jgqLjg6vjg5/opIflkIjmnb/jgqLjg6vjg53jg6rjg4Pjgq/jgr3jg6zjgqTjgr/jgqzjg6njgrnjg5XjgqPjg6vjg6DnqpPjg5XjgqPjg6vjg6BVVue0q+Wklue3muOCq+ODg+ODiOmjm+aVo+mYsuatoumYsuiZq+OBmeOCiuOCrOODqeOCuemBrueGseODleOCo+ODq+ODoOmAj+aYjuODl+ODqeOCpOODkOOCt+ODvOODh+OCtuOCpOODs+ebrumaoOOBl+aXpeeEvOOBkeatouOCgeeqk+mjvuOCiuepuuWupOWvvuetluilv+aXpeWvvuetluaXpeWwhOmBruiUveevgOmbu+Wvvuetlueqk+aWreeGseeBveWus+WvvuetluWPsOmiqOernOW3u+OCreODg+ODgeODs+aJieOCq+ODqeODvOODnOODg+OCr+OCueeOhOmWouaJieODieOCouWutuWFt+WGt+iUteW6q+ODkeOCveOCs+ODs+ODh+OCueOCr+OCq+OCpuODs+OCv+ODvOajmuacuuODqeODg+OCr+ODhuODvOODluODq+ODgeOCp+OCueODiOOCqOODrOODmeODvOOCv+ODvOWGheeqk+alveeqk+S6jOmHjeeqk+aWreeGseaWreeGseS6jOmHjeeqk+evgOmbu+evgOe0hOOCqOOCs+ecgeOCqOODjeWKueaenOWGt+aIv+aaluaIv+mYsueKr+mYsumfs+e1kOmcsumBk+WFt+ODl+ODqeOCpOODnuODvOODkeODhuOCueOCreODvOOCuOODvOOCv+OCpOODq+Whl+ijheOCv+OCpOODq+OCq+ODvOODmuODg+ODiOS8uOe4ruabsumdojNE5rm+5puy5Ly444Gz44KL6ZuR6LKo44K344Oz44Kw44Or44Kr44Op44O877yI5Y2Y6Imy77yJIOOAkOeZvS/ngbAv6buSL+ODm+ODr+OCpOODiC/jg5bjg6njg4Pjgq/jgJEg44Oi44OO44OI44O844OzL+OCteODs+OCsuODhC/jg6rjgqLjg4bjg4Pjgq8v44Kr44OD44OG44Kj44Oz44Kw44K344O844OIL+Wxi+WkluS9v+eUqOWPry/mipfoj4zjg7vpmLLjgqvjg5Mv44Ko44Oz44Oc44K5L+WMlueyp+OCt+ODvOODiC/loanjg5Pjgrfjg7zjg4gv57KY552AL+OCt+ODvOODqy9ESVkv44Oq44OV44Kp44O844OgL+ODquODoeOCpOOCry/jgJDjg6Hjg7zjgqvjg7znm7TpgIEmckFycjvpgIHmlpnnhKHmlpnjgJEgVEEv44Oq44Ki44OG44OD44Kv44K344O844OI,44CQ6YCB5paZ54Sh5paZ44CR44K144Oz44Ky44OEL+ODquOCouODhuODg+OCry/jgqvjg4Pjg4bjgqPjg7PjgrDjgrfjg7zjg4gv44CC44K344Oz44Kw44Or44Kr44Op44O877yI5Y2Y6Imy77yJIOOAkOeZvS/ngbAv6buSL+ODm+ODr+OCpOODiC/jg5bjg6njg4Pjgq/jgJEg44Oi44OO44OI44O844OzL+OCteODs+OCsuODhC/jg6rjgqLjg4bjg4Pjgq8v44Kr44OD44OG44Kj44Oz44Kw44K344O844OIL+Wxi+WkluS9v+eUqOWPry/mipfoj4zjg7vpmLLjgqvjg5Mv44Ko44Oz44Oc44K5L+WMlueyp+OCt+ODvOODiC/loanjg5Pjgrfjg7zjg4gv57KY552AL+OCt+ODvOODqy9ESVkv44Oq44OV44Kp44O844OgL+ODquODoeOCpOOCry/jgJDjg6Hjg7zjgqvjg7znm7TpgIEmckFycjvpgIHmlpnnhKHmlpnjgJEgVEEv44Oq44Ki44OG44OD44Kv44K344O844OI[rn]
31-2606,aHR0cDovL3RzaG9wLnIxMHMuanAvbW95b3VnYWVob25wby9jYWJpbmV0L210L2ltZzU3MTUwODE0LmpwZz9maXRpbj03MDA6NzAw,MjQxMy42MDAw,,6Iqx44O744Ks44O844OH44Oz44O7RElZID4g5L2P5a6F5bu65p2Q44O76Kit5YKZID4g5aOB5p2QID4g44Gd44Gu5LuW,6Ieq5Zyo44OI44Oq44OgIFNJTkNPTMOXbXQg44Oe44K544Kt44Oz44Kw44OG44O844OXIOmAj+OBkeOCi+ODu+mHjeOBreOCi+WjgeijheadkC/msLTnjonmqKHmp5gv44OJ44OD44OIL+ODrOODg+ODiS/jgrDjg6rjg7zjg7Mv5be+MTVjbcOX6ZW344GVMTVt5be7MeacrOWjsuOCig==,44K344Oz44Kz44O844OrIOmHjeOBreOBpuS9v+OBiOOCi+OBiuOBl+OCg+OCjOOBquWjgeijheadkOOBp+OBmeKZqi8=,PEJPRFk+CjxQPgo8SDEgc3R5bGU9ImNvbG9yOiM2NjY2NjY7IiBhbGlnbj0iY2VudGVyIj7oh6rlnKjjg4jjg6rjg6DjgIDvvLPvvKnvvK7vvKPvvK/vvKzDl++9je+9lDxCUj4K6LK844Gj44Gm44Gv44GM44Gb44KL5bmF5bqD44Oe44K544Kt44Oz44Kw44OG44O844OXPEJSPgo8L0gxPgoKPGNlbnRlcj4KPFRBQkxFIHdpZHRoPSI4MDYiIGhlaWdodD0iNDA0IiBzdHlsZT0iYmFja2dyb3VuZC1pbWFnZSA6IHVybChodHRwczovL2ltYWdlLnJha3V0ZW4uY28uanAvbW95b3VnYWVob25wby9jYWJpbmV0L210L2ltZzU3MTU0MDAzLmpwZyk7Ij4KPFRCT0RZPgo8VFI+CjxURCBhbGlnbj0iY2VudGVyIiBoZWlnaHQ9IjUwIiB3aWR0aD0iMjY1Ij48L1REPgo8VEQgYWxpZ249ImNlbnRlciIgaGVpZ2h0PSI1MCIgd2lkdGg9IjI2NSI+PC9URD4KPFREIGFsaWduPSJsZWZ0IiBoZWlnaHQ9IjUwIiB3aWR0aD0iMjY1Ij48Rk9OVCBjb2xvcj0iI2ZmNjYwMCIgc2l6ZT0iLTEiPjxGT05UIGNvbG9yPSIjZmY2NjAwIj7ilqDli5XjgY3jga7jgYLjgovkuI3mj4PjgYTjgarjg4njg4Pjg4jjg4fjgrbjgqTjg7M8L0ZPTlQ+PC9GT05UPjwvVEQ+CjwvVFI+CjxUUj4KPFREIGFsaWduPSJjZW50ZXIiIGhlaWdodD0iMzAxIiB3aWR0aD0iMjY1Ij48L1REPgo8VEQgYWxpZ249ImNlbnRlciIgaGVpZ2h0PSIzMDEiIHdpZHRoPSIyNjUiPjwvVEQ+CjxURCBhbGlnbj0iY2VudGVyIiBoZWlnaHQ9IjMwMSIgd2lkdGg9IjI2NSI+PC9URD4KPC9UUj4KPFRSPgo8VEQgaGVpZ2h0PSIzOSIgYWxpZ249ImNlbnRlciIgdmFsaWduPSJ0b3AiIHdpZHRoPSIyNjUiPjxGT05UIHNpemU9Ii0xIiBjb2xvcj0iIzc5M2QwMCI+44CAPC9GT05UPjxGT05UIHNpemU9Ii0xIiBjb2xvcj0iI2ZmNjYwMCI+PEZPTlQgY29sb3I9IiNmZjY2MDAiPuKWoOeCueOCkumbhuOCgeOBpumdouOCkuihqOePvuOBl+OBn+ODh+OCtuOCpOODszwvRk9OVD48L0ZPTlQ+PC9URD4KPFREIHZhbGlnbj0idG9wIiBoZWlnaHQ9IjM5IiBhbGlnbj0iY2VudGVyIiB3aWR0aD0iMjY1Ij48Rk9OVCBzaXplPSItMSIgY29sb3I9IiM5OTMzMDAiPjxGT05UIGNvbG9yPSIjMDA2NjMzIj7ilqDnqbrplpPjgpLmmI7jgovjgY/nhafjgonjgZnjg4fjgrbjgqTjg7M8L0ZPTlQ+PC9GT05UPjwvVEQ+CjxURCBhbGlnbj0iY2VudGVyIiB2YWxpZ249InRvcCIgaGVpZ2h0PSIzOSIgd2lkdGg9IjI2NSI+PC9URD4KPC9UUj4KPC9UQk9EWT4KPC9UQUJMRT4KPEJSPgo8QlI+CjwvQ0VOVEVSPgoKCjxjZW50ZXI+PFRBQkxFIHN0eWxlPSJib3JkZXItYm90dG9tOjVweCAgZG90dGVkICAjOEZDMzFGOyAiPgogICAgPFRSPjx0ZD48aDIgc3R5bGU9ImRpc3BsYXk6IGlubGluZTsgZm9udC1zaXplOjIwcHg7IGNvbG9yOiM2NjY2NjY7Ij7lo4Hjg7vlrrblhbfjg7vjgqzjg6njgrnjg7vpj6HjgarjganjgpLjg4fjgrPjg6zjg7zjgrfjg6fjg7M8L2gyPjwvdGQ+PC9UUj48L3RhYmxlPjwvY2VudGVyPgo8Y2VudGVyPjxUQUJMRSBzdHlsZT0iYm9yZGVyLWJvdHRvbTo1cHggIGRvdHRlZCAgIzhGQzMxRjsgIj4KICAgIDxUUj48dGQ+PGgzIHN0eWxlPSJkaXNwbGF5OiBpbmxpbmU7IGZvbnQtc2l6ZToyMHB4OyBjb2xvcjojNjY2NjY2OyI+bXQg44Oe44K544Kt44Oz44Kw44OG44O844OX44CQ44OJ44OD44OIL+awtOeOieaooeanmOOAkTwvaDM+PC90ZD48L1RSPjwvdGFibGU+PC9jZW50ZXI+Cgo8Q0VOVEVSPgo8UCBzdHlsZT0iZm9udC1zaXplIDogMThweDsiPjxCPjxGT05UIGNvbG9yPSIjNjY2NjY2Ij48QlI+CuODnuOCueOCreODs+OCsOODhuODvOODl+S4puOBueOBn+OCiuOAgemHjeOBreOBn+OCiuOAgeOBhOOCjeOBhOOCjeOBquODh+OCs+ODrOODvOOCt+ODp+ODs+OBjOalveOBl+OCgeOBvuOBme+8gTxCUj4K55m944GE5aOB44Gg44GR44Gn44Gq44GP44CB6Imy5p+E44Gu44GC44KL5aOB57SZ44Go44Kz44O844OH44Kj44ON44Kk44OI44KC44Gn44GN44CB44OH44K244Kk44Oz44Gu5bmF44KC44GV44KJ44Gr5bqD44GM44KK44G+44GZ44CCPEJSPgrjgI7jgYrlupfjga7jgqTjg6Hjg7zjgrjjgpLlpInjgYjjgZ/jgYTjgI/jgI7jg6rjg5Pjg7PjgrDjgoTlrZDkvpvpg6jlsYvjga7pm7Dlm7LmsJfjgpLmmI7jgovjgY/jgZfjgZ/jgYTjgI/jgarjgak8QlI+CuOBguOBquOBn+OBruOCouOCpOODh+OCouasoeesrOOBp+W5vumAmuOCiuOCguOBruODh+OCtuOCpOODs+OBjOWHuuadpeOBoeOCg+OBhOOBvuOBme+8gTxCUj4KPEJSPgrjg53jg4Pjg5fjgqvjg6njg7zjgpLkvb/jgaPjgablhYPmsJfjgafmmI7jgovjgYTjg4fjgrbjgqTjg7PjgIHlo4Hjga7jgrXjgqTjgrrjgavlkIjjgo/jgZvjgabjg5zjg7zjg4Djg7zjgoTjgrnjg4jjg6njgqTjg5fmn4TjgIE8QlI+CuODquODnOODs+OCkuOBi+OBkeOCi+OCiOOBhuOBquODh+OCtuOCpOODs+OCguWHuuadpeOBoeOCg+OBhOOBvuOBmeOAgjxCUj4K6YeN44Gt5ZCI44KP44Gb44KL44Go44G+44Gf44CB6YGV44GG6Imy44KE5p+E44Gr44O744O744O744O744GC44Gq44Gf44Gq44KJ44Gp44KT44Gq44OH44K244Kk44Oz44O744Ki44Os44Oz44K444Gr44GX44Gh44KD44GG77yf77yBPC9GT05UPjwvQj48L3A+CjxCUj4KPEJSPgo8Q0VOVEVSPgo8VEFCTEUgd2lkdGg9IjgwMCIgaGVpZ2h0PSI0ODEiPgo8VEJPRFk+CjxUUj4KPFREIGNvbHNwYW49IjUiIHdpZHRoPSI3OTgiIGJnY29sb3I9IiM5OWNjMDAiIGFsaWduPSJjZW50ZXIiIGhlaWdodD0iMjkiPjxCPjxGT05UIGNvbG9yPSIjZmZmZmZmIj7jgYvjgo/jgYTjgYTjg7vjgqvjg6njg5Xjg6vjg7vjgqrjgrfjg6Pjg6zjgarjg57jgrnjgq3jg7PjgrDjg4bjg7zjg5fjgIDjgb7jgaDjgb7jgaDjgYLjgorjgb7jgZnvvIHvvIE8L0ZPTlQ+PC9CPjwvVEQ+CjwvVFI+CjxUUj4KPFREIGFsaWduPSJjZW50ZXIiIGhlaWdodD0iMTM4Ij48QSBocmVmPSJodHRwczovL2l0ZW0ucmFrdXRlbi5jby5qcC9tb3lvdWdhZWhvbnBvL2ppemFpdG9yaW11LTAxLyI+PGltZyBzcmM9Imh0dHBzOi8vaW1hZ2UucmFrdXRlbi5jby5qcC9tb3lvdWdhZWhvbnBvL2NhYmluZXQvbXQvaW1nNTcxNTA5MDkuanBnIj48L0E+PC9URD4KPFREIGFsaWduPSJjZW50ZXIiIGhlaWdodD0iMTM4Ij48QSBocmVmPSJodHRwczovL2l0ZW0ucmFrdXRlbi5jby5qcC9tb3lvdWdhZWhvbnBvL2ppemFpdG9yaW11LTAyLyI+PGltZyBzcmM9Imh0dHBzOi8vaW1hZ2UucmFrdXRlbi5jby5qcC9tb3lvdWdhZWhvbnBvL2NhYmluZXQvbXQvaW1nNTcxNTA5MTQuanBnIj48L0E+PC9URD4KPFREIGFsaWduPSJjZW50ZXIiIGhlaWdodD0iMTM4Ij48QSBocmVmPSJodHRwczovL2l0ZW0ucmFrdXRlbi5jby5qcC9tb3lvdWdhZWhvbnBvL2ppemFpdG9yaW11LTAzLyI+PGltZyBzcmM9Imh0dHBzOi8vaW1hZ2UucmFrdXRlbi5jby5qcC9tb3lvdWdhZWhvbnBvL2NhYmluZXQvbXQvaW1nNTcxNTA5MTMuanBnIj48L0E+PC9URD4KPFREIGFsaWduPSJjZW50ZXIiIGhlaWdodD0iMTM4Ij48QSBocmVmPSJodHRwczovL2l0ZW0ucmFrdXRlbi5jby5qcC9tb3lvdWdhZWhvbnBvL2ppemFpdG9yaW11LTA0LyI+PGltZyBzcmM9Imh0dHBzOi8vaW1hZ2UucmFrdXRlbi5jby5qcC9tb3lvdWdhZWhvbnBvL2NhYmluZXQvbXQvaW1nNTcxNTA5MTIuanBnIj48L0E+PC9URD4KPFREIGFsaWduPSJjZW50ZXIiIGhlaWdodD0iMTM4Ij48QSBocmVmPSJodHRwczovL2l0ZW0ucmFrdXRlbi5jby5qcC9tb3lvdWdhZWhvbnBvL2ppemFpdG9yaW11LTA2LyI+PGltZyBzcmM9Imh0dHBzOi8vaW1hZ2UucmFrdXRlbi5jby5qcC9tb3lvdWdhZWhvbnBvL2NhYmluZXQvbXQvaW1nNTcxNTA5MTEuanBnIj48L0E+PC9URD4KPC9UUj4KPFRSPgo8VEQgYWxpZ249ImNlbnRlciIgaGVpZ2h0PSI2MSI+PEI+PEZPTlQgc2l6ZT0iLTEiIGNvbG9yPSIjMDA5OWNjIj7jg5bjg6vjg7zns7vljZjoibLjgqvjg6njg7w8L0ZPTlQ+PC9CPjxCUj4KPEEgaHJlZj0iaHR0cHM6Ly9pdGVtLnJha3V0ZW4uY28uanAvbW95b3VnYWVob25wby9qaXphaXRvcmltdS0wMS8iPjxCPjxGT05UIHNpemU9Ii0xIj7lt74xNe+9g++9jcOXMTXvvY3lt7s8L2ZvbnQ+PC9CPjwvYT48QlI+CjxBIGhyZWY9Imh0dHBzOi8vaXRlbS5yYWt1dGVuLmNvLmpwL21veW91Z2FlaG9ucG8vaml6YWl0b3JpbXUtMDcvIj48Yj48Rk9OVCBzaXplPSItMSI+5be+MzDvvYPvvY3DlzE1772N5be7PC9GT05UPjwvQj48QlI+CjwvQT48L1REPgo8VEQgYWxpZ249ImNlbnRlciIgaGVpZ2h0PSI2MSI+PEI+PEZPTlQgc2l6ZT0iLTEiIGNvbG9yPSIjZmY2NmNjIj7jg5Tjg7Pjgq/ns7vljZjoibLjgqvjg6njg7w8L0ZPTlQ+PC9CPjxCUj4KPEEgaHJlZj0iaHR0cHM6Ly9pdGVtLnJha3V0ZW4uY28uanAvbW95b3VnYWVob25wby9qaXphaXRvcmltdS0wMiI+PEI+PEZPTlQgc2l6ZT0iLTEiPuW3vjE1772D772Nw5cxNe+9jeW3uzwvZm9udD48L0I+PC9hPjxCUj4KPEEgaHJlZj0iaHR0cHM6Ly9pdGVtLnJha3V0ZW4uY28uanAvbW95b3VnYWVob25wby9qaXphaXRvcmltdS0wOC8iPjxiPjxGT05UIHNpemU9Ii0xIj7lt74zMO+9g++9jcOXMTXvvY3lt7s8L0ZPTlQ+PC9CPjxCUj4KPC9BPjwvVEQ+CjxURCBhbGlnbj0iY2VudGVyIiBoZWlnaHQ9IjYxIj48Rk9OVCBzaXplPSItMSIgY29sb3I9IiM5OTMzMDAiPjxCPuODluODqeOCpuODs+ezu+WNmOiJsuOCq+ODqeODvDxCUj4KPC9CPjwvRk9OVD4KPEEgaHJlZj0iaHR0cHM6Ly9pdGVtLnJha3V0ZW4uY28uanAvbW95b3VnYWVob25wby9qaXphaXRvcmltdS0wMy8iPjxCPjxGT05UIHNpemU9Ii0xIj7lt74xNe+9g++9jcOXMTXvvY3lt7s8L2ZvbnQ+PC9CPjwvYT48QlI+CjxBIGhyZWY9Imh0dHBzOi8vaXRlbS5yYWt1dGVuLmNvLmpwL21veW91Z2FlaG9ucG8vaml6YWl0b3JpbXUtMDkvIj48Yj48Rk9OVCBzaXplPSItMSI+5be+MzDvvYPvvY3DlzE1772N5be7PC9GT05UPjwvQj48QlI+CjwvQT48L1REPgoKPFREIGFsaWduPSJjZW50ZXIiIGhlaWdodD0iNjEiPjxGT05UIHNpemU9Ii0xIiBjb2xvcj0iIzk5OTkwMCI+PEZPTlQgY29sb3I9IiM5OTk5MDAiPjxCPuOCt+ODq+ODkOODvOODu+OCtOODvOODq+ODiTxCUj4KPC9CPjwvRk9OVD48L0ZPTlQ+CjxBIGhyZWY9Imh0dHBzOi8vaXRlbS5yYWt1dGVuLmNvLmpwL21veW91Z2FlaG9ucG8vaml6YWl0b3JpbXUtMDQvIj48Qj48Rk9OVCBzaXplPSItMSI+5be+MTXvvYPvvY3DlzE1772N5be7PC9mb250PjwvQj48L2E+PEJSPgo8QSBocmVmPSJodHRwczovL2l0ZW0ucmFrdXRlbi5jby5qcC9tb3lvdWdhZWhvbnBvL2ppemFpdG9yaW11LTEwLyI+PGI+PEZPTlQgc2l6ZT0iLTEiPuW3vjMw772D772Nw5cxNe+9jeW3uzwvRk9OVD48L0I+PEJSPgo8L0E+PC9URD4KPFREIGFsaWduPSJjZW50ZXIiIGhlaWdodD0iNjEiPjxCPjxGT05UIHNpemU9Ii0xIiBjb2xvcj0iI2ZmOTkwMCI+44K544OI44Op44Kk44OX5p+EPC9GT05UPjwvQj48YnI+CjxBIGhyZWY9Imh0dHBzOi8vaXRlbS5yYWt1dGVuLmNvLmpwL21veW91Z2FlaG9ucG8vaml6YWl0b3JpbXUtMDYvIj48Qj48Rk9OVCBzaXplPSItMSI+5be+MTXvvYPvvY3DlzE1772N5be7PC9mb250PjwvQj48L2E+PEJSPgo8QSBocmVmPSJodHRwczovL2l0ZW0ucmFrdXRlbi5jby5qcC9tb3lvdWdhZWhvbnBvL2ppemFpdG9yaW11LTEyLyI+PGI+PEZPTlQgc2l6ZT0iLTEiPuW3vjMw772D772Nw5cxNe+9jeW3uzwvRk9OVD48L0I+PEJSPgo8L0E+PC9URD4KPC9UUj4KPFRSPgo8VEQgYWxpZ249ImNlbnRlciIgaGVpZ2h0PSIxNDQiPjxBIGhyZWY9Imh0dHBzOi8vaXRlbS5yYWt1dGVuLmNvLmpwL21veW91Z2FlaG9ucG8vaml6YWl0b3JpbXUtMDUvIj48aW1nIHNyYz0iaHR0cHM6Ly9pbWFnZS5yYWt1dGVuLmNvLmpwL21veW91Z2FlaG9ucG8vY2FiaW5ldC9tdC9pbWc1NzE1MDkxMC5qcGciPjwvQT48L1REPgo8VEQgYWxpZ249ImNlbnRlciIgaGVpZ2h0PSIxNjAiPjxBIGhyZWY9Imh0dHBzOi8vaXRlbS5yYWt1dGVuLmNvLmpwL21veW91Z2FlaG9ucG8vaml6YWl0b3JpbXUtMTcvIj48aW1nIHNyYz0iaHR0cHM6Ly9pbWFnZS5yYWt1dGVuLmNvLmpwL21veW91Z2FlaG9ucG8vY2FiaW5ldC9tdC9pbWc1NzE1MDkwNS5qcGciPjwvQT48L1REPgo8VEQgYWxpZ249ImNlbnRlciIgaGVpZ2h0PSIxNDQiPjxBIGhyZWY9Imh0dHBzOi8vaXRlbS5yYWt1dGVuLmNvLmpwL21veW91Z2FlaG9ucG8vaml6YWl0b3JpbXUtMTQvIj48aW1nIHNyYz0iaHR0cHM6Ly9pbWFnZS5yYWt1dGVuLmNvLmpwL21veW91Z2FlaG9ucG8vY2FiaW5ldC9tdC9pbWc1NzE1MDkwNC5qcGciPjwvQT48L1REPgo8VEQgYWxpZ249ImNlbnRlciIgaGVpZ2h0PSIxNDQiPjxBIGhyZWY9Imh0dHBzOi8vaXRlbS5yYWt1dGVuLmNvLmpwL21veW91Z2FlaG9ucG8vaml6YWl0b3JpbXUtMTUvIj48aW1nIHNyYz0iaHR0cHM6Ly9pbWFnZS5yYWt1dGVuLmNvLmpwL21veW91Z2FlaG9ucG8vY2FiaW5ldC9tdC9pbWc1NzE1MDkwNy5qcGciPjwvQT48L1REPgo8VEQgYWxpZ249ImNlbnRlciIgaGVpZ2h0PSIxNDQiPjxBIGhyZWY9Imh0dHBzOi8vaXRlbS5yYWt1dGVuLmNvLmpwL21veW91Z2FlaG9ucG8vaml6YWl0b3JpbXUtMTMvIj48aW1nIHNyYz0iaHR0cHM6Ly9pbWFnZS5yYWt1dGVuLmNvLmpwL21veW91Z2FlaG9ucG8vY2FiaW5ldC9tdC9pbWc1NzE1MDkwOC5qcGciPjwvQT48L1REPgo8L1RSPgo8VFI+CjxURCBhbGlnbj0iY2VudGVyIiBoZWlnaHQ9IjU3Ij48Qj48Rk9OVCBzaXplPSItMSIgY29sb3I9IiMwMGNjOTkiPuWwj+OBleOBquawtOeOiS/jg4njg4Pjg4jmn4Q8L0ZPTlQ+PC9CPgo8YnI+CjxBIGhyZWY9Imh0dHBzOi8vaXRlbS5yYWt1dGVuLmNvLmpwL21veW91Z2FlaG9ucG8vaml6YWl0b3JpbXUtMDUvIj48Qj48Rk9OVCBzaXplPSItMSI+5be+MTXvvYPvvY3DlzE1772N5be7PC9mb250PjwvQj48L2E+PEJSPgo8QSBocmVmPSJodHRwczovL2l0ZW0ucmFrdXRlbi5jby5qcC9tb3lvdWdhZWhvbnBvL2ppemFpdG9yaW11LTExLyI+PGI+PEZPTlQgc2l6ZT0iLTEiPuW3vjMw772D772Nw5cxNe+9jeW3uzwvRk9OVD48L0I+PEJSPgo8L0E+PC9URD4KPFREIGFsaWduPSJjZW50ZXIiIGhlaWdodD0iNTIiPjxGT05UIGNvbG9yPSIjNjY2NmZmIj48Rk9OVCBjb2xvcj0iIzY2NjZmZiI+PEEgaHJlZj0iaHR0cHM6Ly9pdGVtLnJha3V0ZW4uY28uanAvbW95b3VnYWVob25wby9qaXphaXRvcmltdS0xNy8iPjxGT05UIHNpemU9Ii0xIiBjb2xvcj0iIzY2NjZmZiI+PEZPTlQgY29sb3I9IiM2NjY2ZmYiPjxCPuOCv+OCpOODqy/moLzlrZDmn4Q8L0I+PC9GT05UPjwvRk9OVD48L0E+PC9GT05UPjwvRk9OVD48L1REPgo8VEQgYWxpZ249ImNlbnRlciIgaGVpZ2h0PSI1NyI+PEEgaHJlZj0iaHR0cHM6Ly9pdGVtLnJha3V0ZW4uY28uanAvbW95b3VnYWVob25wby9qaXphaXRvcmltdS0xNC8iPjxCPjxGT05UIHNpemU9Ii0xIiBjb2xvcj0iI2NjNjZjYyI+44OV44Op44Ov44O8L+iKsS/oirHjgbPjgonmn4Q8L0ZPTlQ+PC9CPjwvQT48L1REPgo8VEQgYWxpZ249ImNlbnRlciIgaGVpZ2h0PSI1NyI+PEEgaHJlZj0iaHR0cHM6Ly9pdGVtLnJha3V0ZW4uY28uanAvbW95b3VnYWVob25wby9qaXphaXRvcmltdS0xNS8iPjxGT05UIGNvbG9yPSIjMDA2NjAwIj48Qj48Rk9OVCBzaXplPSItMSI+5qSN54mpL+iKsS/jg6rjg7zjg5Xmn4Q8L0ZPTlQ+PC9CPjwvRk9OVD48L0E+PC9URD4KPFREIGFsaWduPSJjZW50ZXIiIGhlaWdodD0iNTciPjxBIGhyZWY9Imh0dHBzOi8vaXRlbS5yYWt1dGVuLmNvLmpwL21veW91Z2FlaG9ucG8vaml6YWl0b3JpbXUtMTMvIj48Rk9OVCBzaXplPSItMSIgY29sb3I9IiNmZjMzMzMiPjxCPuazoS/jg5Djg5bjg6vmn4Q8L0I+PC9GT05UPjwvQT48L1REPgo8L1RSPgo8L1RCT0RZPgo8L1RBQkxFPgo8L0NFTlRFUj4KPENFTlRFUj48QlI+CjxCUj4KCgoKPCEtLSDilrzpgIHmlpnjg5Djg4rjg7wgLS0+CjxwPjxpbWcgc3JjPSJodHRwczovL2ltYWdlLnJha3V0ZW4uY28uanAvbW95b3VnYWVob25wby9jYWJpbmV0L210L2ltZzYwNzc4OTc1LmpwZyI+PC9wPgoKPGRpdiBjbGFzcz0iYm94Ij4KPGEgbmFtZT0iY19iIiBpZD0iY19iIj48L2E+CjwhLS0g4pa85ZWG5ZOB6Kmz57Sw44CA5bCP44Ki44Kk44Kz44Oz44CA4oC75LiN6KaB44Gq44KC44Gu44Gv5raI44GZIC0tPgo8aDQ+PElNRyBzcmM9Imh0dHBzOi8vaW1hZ2UucmFrdXRlbi5jby5qcC9tb3lvdWdhZWhvbnBvL2NhYmluZXQvc2hlZXQvcGFyb2kvbWFzdGVyL2ltZzU3MjM1NjgxLmpwZyI+PC9oND4KPGRpdiBjbGFzcz0iY19pY29uIj4KPGltZyBzcmM9Imh0dHBzOi8vaW1hZ2UucmFrdXRlbi5jby5qcC9tb3lvdWdhZWhvbnBvL2NhYmluZXQvY29tbW9uX2ltZy9kZXRhaWxzX2ljb24vaW1nNTcyNTg0NDQuanBnIiB0aXRsZT0i5Luj6YeR5byV5o+b5Y+v6IO977yI5omL5pWw5paZ77yJIj4KPGltZyBzcmM9Imh0dHBzOi8vaW1hZ2UucmFrdXRlbi5jby5qcC9tb3lvdWdhZWhvbnBvL2NhYmluZXQvY29tbW9uX2ltZy9kZXRhaWxzX2ljb24vaW1nNTcyNTg0NDEuanBnIiB0aXRsZT0i6YCB5paZ5Yil6YCU5b+F6KaBIj4KPGltZyBzcmM9Imh0dHBzOi8vaW1hZ2UucmFrdXRlbi5jby5qcC9tb3lvdWdhZWhvbnBvL2NhYmluZXQvY29tbW9uX2ltZy9kZXRhaWxzX2ljb24vaW1nNTcyNTg0MzkuanBnIiB0aXRsZT0i44Oh44O844Or5L6/5LiN5Y+vIj4KPGltZyBzcmM9Imh0dHBzOi8vaW1hZ2UucmFrdXRlbi5jby5qcC9tb3lvdWdhZWhvbnBvL2NhYmluZXQvY29tbW9uX2ltZy9kZXRhaWxzX2ljb24vaW1nNTcyNTg1NzQuanBnIiB0aXRsZT0i5b2T5bqX55m66YCBIj4KPC9kaXY+CjwvZGl2PgoKPERJViBjbGFzcz0iZ29vZHMtdGJsIj4KCjxkaXYgY2xhc3M9Imdvb2RzLXRpdGxlIj4K5ZWG5ZOB6Kqs5piOCjwvZGl2PgoKPGRpdiBjbGFzcz0iZ29vZHMtbGVmdCI+CuWTgeeVqjwvZGl2Pgo8ZGl2IGNsYXNzPSJnb29kcy1yaWdodCI+Cjxicj4KQkJUODA4MSByZWTvvIjotaTvvIk8QlI+CkJCVDgwODIgZ3JlZW7vvIjnt5HvvIk8QlI+Cgo8L2Rpdj4KCjxkaXYgY2xhc3M9Imdvb2RzLW5leHQiPgo8L2Rpdj4KCjxkaXYgY2xhc3M9Imdvb2RzLWxlZnQiPgrjgrXjgqTjgro8L2Rpdj4KPGRpdiBjbGFzcz0iZ29vZHMtcmlnaHQiPgo8YnI+CuW3vjE1Y23Dl+mVt+OBlTE1beW3u++8iDHmnKzvvIk8YnI+Cue4puODquODlOODvOODiO+8mjcwY208YnI+CjwvZGl2Pgo8ZGl2IGNsYXNzPSJnb29kcy1uZXh0Ij4KPC9kaXY+Cgo8ZGl2IGNsYXNzPSJnb29kcy1sZWZ0Ij4K5ZWG5ZOB6Kqs5piOPC9kaXY+CjxkaXYgY2xhc3M9Imdvb2RzLXJpZ2h0Ij4KPEJSPgrllYblk4Hjga7oo4/pnaLjgavns4rliqDlt6XjgZXjgozjgabjgYrjgorjgb7jgZnjgII8YnI+CuWfuuadkO+8muWSjOe0mS/mjqXnnYDliaTvvJrjgqLjgq/jg6rjg6vns7s8YnI+CumdnumYsueBqy/jg5vjg6vjg6DjgqLjg6vjg4fjg5Ljg4nnrYnntJrvvKbimIbimIbimIbimIY8QlI+CjwvZGl2PgoKPGRpdiBjbGFzcz0iZ29vZHMtbmV4dCI+CjwvZGl2Pgo8ZGl2IGNsYXNzPSJnb29kcy1sZWZ0Ij4K44Gd44Gu5LuW5rOo5oSP54K5PC9kaXY+CjxkaXYgY2xhc3M9Imdvb2RzLXJpZ2h0Ij4KPEJSPgrjgJDmsLTloZfjgozms6jmhI/jgJE8YnI+CuawtOOBq+OBrOOCjOOBn+OCiuW8t+OBj+aTpuOBo+OBn+OCiuOBmeOCi+OBqOiJsuiQveOBoeOBmeOCi+WgtOWQiOOBjOOBlOOBluOBhOOBvuOBmeOAgueJueOBq+a/g+OBhOiJsuOBruOCguOBruOBr+iJsuenu+OCiuOBmeOCi+S6i+OCguOBguOCiuOBvuOBmeOAgjxicj4K44CQ55u05bCE5pel5YWJ44Gv6YG/44GR44KL44CRPGJyPgrnkrDlooPjgavjgojjgaPjgabjga/plbfmmYLplpPosrzjgorjgaTjgZHjgZ/jgb7jgb7mlL7nva7jgZfjgZ/jgorjgIHnm7TlsITml6XlhYnjgarjganjgavjgZXjgonjgZXjgozjgovmiYDjgoTpq5jmuKnjgavjgarjgovmiYDjgafkvb/nlKjjgZXjgozjgZ/loLTlkIjjgavjga/liaXjgYzjgZfjgZ/lvozjgavmjqXnnYDliaTjgYzmrovjgaPjgZ/jgoroibLjgYzjgYLjgZvjgovkuovjgYzjgYLjgorjgb7jgZnjgII8YnI+CuOAkOS/neeuoeOBr+OChOOBleOBl+OBj+OAkTxicj4K6YGL5pCs44O75L+d566h44Gu6Zqb44Gv44CB55u05bCE5pel5YWJ44O76auY5rip44Gr44Gq44KL5omA44KS6YG/44GR44Gm5Ya35pqX5omA44Gr5L+d566h44GX44Gm44GP44Gg44GV44GE44CCPEJSPgrooajpnaLntKDmnZDjgavjg4Djg6Hjg7zjgrjjgpLlj5fjgZHjgovloLTlkIjjgYzjgYLjgorjgb7jgZnjga7jgaflpJrph4/jgavnqY3jgb/ph43jga3jgarjgYTjgafjgY/jgaDjgZXjgYTjgII8QlI+PGJyPgo8L2Rpdj4KCjxkaXYgY2xhc3M9Imdvb2RzLW5leHQiPgo8L2Rpdj4KCgo8ZGl2IGNsYXNzPSJnb29kcy1sZWZ0Ij4K6L+U5ZOB44O75Lqk5o+b44Gr44Gk44GE44GmPC9kaXY+CjxkaXYgY2xhc3M9Imdvb2RzLXJpZ2h0Ij4KPGJyPgrjgYrlrqLmp5jpg73lkIjjgavjgojjgovov5Tlk4Hjg7vkuqTmj5vjga/mib/jgovkuovjgYzjgafjgY3jgb7jgZvjgpPjgIIKPGJyPgrkuI3oia/lk4HjgavjgaTjgY3jgb7jgZfjgabjga/jgIHjgYrlsYrjgZHml6XjgpLlkKvjgoE35pel5Lul5YaF44Gr5b2T5bqX44G444GU6YCj57Wh44GP44Gg44GV44GE44CCCuOBneOBruWgtOWQiOOBr+S6pOaPm+OBqOOBquOCiuOBvuOBmeOBruOBp+S4jeiJr+WTgeOBr+aNqOOBpuOBmuOBq+S/neeuoeOBl+OBpuOBj+OBoOOBleOBhOOAguW9k+W6l+OBq+OBpuS4jeiJr+WAi+aJgOOCkueiuuiqjeOBleOBm+OBpuOBhOOBn+OBoOOBhOOBn+W+jOOAgeiJr+WTgeOBqOWPluOCiuaPm+OBiOOBleOBm+OBpuOBhOOBn+OBoOOBjeOBvuOBmeOAgiA8YnI+Cuips+OBl+OBhOips+e0sOOBr+OBk+OBoeOCieOCkuOBlOimp+OBj+OBoOOBleOBhOOAggo8QlI+CjxCUj4KPGZvbnQgY29sb3I9Ymx1ZT7igLvjgYrkvb/jgYTjga7jg5Hjgr3jgrPjg7PnkrDlooPjgavjgojjgorjgIHllYblk4Hjga7oibLjgYzopovmnKzjgajlpJrlsJHnlbDjgarjgovloLTlkIjjgYzjgYLjgorjgb7jgZnjgII8L2ZvbnQ+PGJyPgo8L2Rpdj4KPGRpdiBjbGFzcz0iZ29vZHMtbmV4dCI+CjwvZGl2Pgo8L2Rpdj4KCjxkaXYgY2xhc3M9Imdvb2RzLW5leHQiPjwvZGl2PgoKPC9ESVY+PHN0eWxlIHR5cGU9InRleHQvY3NzIj4KPCEtLQoKLyrllYblk4HlkI3jga7jg5Xjgqnjg7Pjg4jmg4XloLEqLwouaXRlbV9uYW1lIHsKCWRpc3BsYXk6YmxvY2s7CgltYXJnaW46MCAwIDhweCAwOwoJZm9udC1mYW1pbHk6IuODkuODqeOCruODjuinkuOCtCBQcm8gVzMiLCAiSGlyYWdpbm8gS2FrdSBHb3RoaWMgUHJvIiwgIuODoeOCpOODquOCqiIsIE1laXJ5bywgT3Nha2EsICLvvK3vvLMg77yw44K044K344OD44KvIiwgIk1TIFBHb3RoaWMiLCBzYW5zLXNlcmlmOwoJZm9udDpib2xkIDE2cHg7Cgljb2xvcjojMzMzOwoJbGluZS1oZWlnaHQ6MTIwJTsKCn0KLyrjgq3jg6Pjg4Pjg4HjgrPjg5Tjg7zjga7jg5Xjgqnjg7Pjg4jmg4XloLEqLwouY2F0Y2hfY29weSB7CglkaXNwbGF5OmJsb2NrOwoJbWFyZ2luOjAgMCA4cHggMCA7Cglmb250LWZhbWlseToi44OS44Op44Ku44OO6KeS44K0IFBybyBXMyIsICJIaXJhZ2lubyBLYWt1IEdvdGhpYyBQcm8iLCAi44Oh44Kk44Oq44KqIiwgTWVpcnlvLCBPc2FrYSwgIu+8re+8syDvvLDjgrTjgrfjg4Pjgq8iLCAiTVMgUEdvdGhpYyIsIHNhbnMtc2VyaWY7Cglmb250LXNpemU6MTRweDsKCWNvbG9yOiMzMzM7Cn0KCi8q55uu546J5ZWG5ZOB44Gu5paH5a2XKi8KYS5sb3NzbGVhZGVyX2l0ZW1fbmFtZTpsaW5rIHsKCWNvbG9yOiM1NTU7Cglmb250LXNpemU6MTNweDsKfQoKc3Bhbi5sb3NzbGVhZGVyX3ByaWNlMnsKCWNvbG9yOiNGRjAwMDA7Cglmb250LXNpemU6MTJweDsKfQoKLyrjg5rjg7zjgrjlt6bkuIrjga7jgq3jg7zjg6/jg7zjg4nooajnpLrmrIQqLwpkaXYjSGVhZGVyS2V5d29yZCB7Cglwb3NpdGlvbjphYnNvbHV0ZTsKCXRvcDo0OHB4Oy8q5LiA55Wq5LiK44GL44KJ44Gu5L2N572uKi8KCWxlZnQ6ODBweDsvKuW3puerr+OBi+OCieOBruS9jee9riovCglmb250OjE0cHggIuODkuODqeOCruODjuinkuOCtCBQcm8gVzMiLCAiSGlyYWdpbm8gS2FrdSBHb3RoaWMgUHJvIiwgIuODoeOCpOODquOCqiIsIE1laXJ5bywgT3Nha2EsICLvvK3vvLMg77yw44K044K344OD44KvIiwgIk1TIFBHb3RoaWMiLCBzYW5zLXNlcmlmOwoJd2lkdGg6NDIwcHg7Cn0KCmRpdiNIZWFkZXJLZXl3b3JkIHNwYW4gewoJYmFja2dyb3VuZDogI2JmMDAwMDsKCWNvbG9yOiNmZmY7Cglmb250LXdlaWdodDpib2xkOwoJcGFkZGluZzoycHggNXB4Owp9CgpkaXYjSGVhZGVyS2V5d29yZCBhIHsKCWNvbG9yOiMwMDQ0Q0M7Cn0KCgovKiDlgIvmlbDlhaXlipvmrITjga7lpKfjgY3jgZUgKi8KaW5wdXQjdW5pdHMgewoJcGFkZGluZzogNHB4Owp9CgovKiDjgYrosrfjgYTnianjgYvjgZTjg5zjgr/jg7Pjga7lpKfjgY3jgZUgKi8KdGQgPiBpbnB1dCB7Cglmb250LXNpemU6IDEycHg7CglwYWRkaW5nOjhweCAxMnB4IDhweCAxMnB4OwoJd2lkdGg6IGF1dG87Cn0KCi8qIOOAjOWVhuWTgeOBq+OBpOOBhOOBpuOBruWVj+OBhOWQiOOCj+OBm+OAjeODnOOCv+ODs+OBruWkp+OBjeOBlSovCmZvbnQgaW5wdXQgewoJZm9udC1zaXplOiAxMnB4OwoJcGFkZGluZzoycHg7Cgl3aWR0aDogMTUwcHg7Cn0KCgotLT4KPC9zdHlsZT4KCgo8ZGl2IGlkPSJIZWFkZXJLZXl3b3JkIj4KPHNwYW4+5rOo55uu44Gu44Kt44O844Ov44O844OJPC9zcGFuPgrjgqzjg6njgrnjg5XjgqPjg6vjg6AK5pyo55uuCua1tOWupCDluooK44Oq44Ki44OG44OD44KvCgo8L2Rpdj4=,6Ieq5Zyo44OI44Oq44OgIFNJTkNPTCZ0aW1lczttdCDjg57jgrnjgq3jg7PjgrDjg4bjg7zjg5cg6YCP44GR44KL44O76YeN44Gt44KL5aOB6KOF5p2QL+awtOeOieaooeanmC/jg4njg4Pjg4gv44Os44OD44OJL+OCsOODquODvOODsy/lt74xNWNtJnRpbWVzO+mVt+OBlTE1beW3uzHmnKzlo7LjgorvvJrmqKHmp5jmm7/jgYjjgrfjg6fjg4Pjg5fjgIDjg4fjgrM=,44Kr44OD44OG44Kj44Oz44Kw44K344O844OI44OV44Kj44Or44Og44Kr44OD44OG44Kj44Oz44Kw44K344O844Or5aOB57SZ57KY552A44K344O844OI5qih5qeY5pu/44GI44K344O844OI5YyW57Kn44K344O844OI5aOB57SZ44K344O844OI44OA44Kk44OO44OD44Kv44OZ44Or44OT44Ki44Oz44Oq44Ki44OG44OD44Kv44OR44Ot44Ki44Kq44Or44OG44Kj44OO44OT44Ol44O844Kr44Or44ON44Kq44OD44Kv44K544ON44Kq44K/44Kk44Or44ON44Kq44OV44Ot44Ki44Oq44OV44Kp44O844Og44K344O844OI44K144Oz44Ky44OE44Oq44Oq44Kr44Op44Or44OO44Oz77yT77yt44K544Oq44O844Ko44Og44Ki44Kk44Kr44Oq44Oz44OG44OD44Kv44K144Kk44Oz44K344K544OG44Og44K744Kt44K544Kk5qGc5LqV5p2x44Oq44Ok44Oo44Kk5qW15p2x6YOo5bGL5aSn5a6256m65a6k44Kq44O844OK44O85oi45bu66LOD6LK454mp5Lu25LiN5YuV55Sj566h55CG5Lya56S+44Ob44OG44Or44Oe44Oz44K344On44Oz44Ki44OR44O844OI5bqX6IiX44GK5bqX5rW05a6k6aKo5ZGC44Om44OL44OD44OI44OQ44K544OQ44K544Or44O844Og44Kt44OD44OB44Oz44OI44Kk44Os5rC05bu744KK44Kz44O844Kt44Oz44Kw5rSX6Z2i5oqX6I+M6Ziy44Kr44OT5rGa44KM6Ziy5q2i6Ziy5rGa77yk77yp77y55pel5puc5aSn5bel5qih5qeY5pu/44GI44OR44ON44Or5bel5rOV44K744Or44OV44Oq44OV44Kp44O844Og5pa95bel6IG35Lq65bCC6ZaA6Ieq5L2c44OX44Ot6LK844KK5pa55r+A5a6J6LKp5aOy5bqX5qWt6LKp6YCa6LKp5Y246LKp5aOy6YCa5L+h6LKp5aOy56aP5bKh55yM56aP5bKh5biC5aSn6YeO5Z+O5biC5aSq5a6w5bqc5biC5pil5pel5biC562R57Sr6YeO5biC44Kr44Op44O855m944Ob44Ov44Kk44OI6buS44OW44Op44OD44Kv44Oe44OD44OI44OW44Op44OD44Kv6LWk44Os44OD44OJ44Oe44OD44OI5YWJ5rKi6Im25raI44GX5ZKM57SZ5ZKM5p+E5ZKM6aKo5p+E5pyo55uu5pyo55uu5p+E5pyo55uu44K344O844OIV09PROeEoeWcsOOCq+ODvOODnOODs+ODoeOCv+ODquODg+OCr+ODn+ODqeODvOmPoemdouODqeODoeODoeODg+OCremdqea8huWFieayouODrOOCtuODvOearuefs+ebruWkp+eQhuefs+ODh+OCtuOCpOODs+OCq+ODvOODqeODg+ODlOODs+OCsOODqeODg+ODlOODs+OCsOOCq+ODvOOCueOCs+ODg+ODgeODl+ODquODs+ODiOODqeODg+ODl+ODleOCo+ODq+ODoDEwODDjg7Tjgqfjg6njg4Pjg5fjgrnjg4DjgqTjg47jg4Pjgq/jgqvjg7zjg5zjg7Pjg57jg4Pjg4jjg5bjg6njg4Pjgq/ou4rjg5DjgqTjgq/jg5jjg6vjg6Hjg4Pjg4jjgqjjgqLjg63jgqvjg7zjg6njg4Pjg5Tjg7PjgrDjgqvjgrnjgr/jg6DlhoXoo4XlpJboo4Xjg4njg6zjgrnjgqLjg4Pjg5fjgqTjg7Pjg4bjg6rjgqLjg6rjg5Xjgqnjg7zjg6Djg6rjg47jg5njg7zjgrfjg6fjg7Posrzmm7/jgYjmlr3lt6Xlt6Xkuovkv67nkIbmlLnoo4Xkv67nuZXljp/nirblm57lvqnluorlt6XkuovlhoXoo4Xlt6XkuovlrqTlhoXoo4Xpo77lo4HntJnjgq/jg63jgrnnlbPopZbjgqvjg7zjg5rjg4Pjg4jjgqvjg7zjg4bjg7Pjg5bjg6njgqTjg7Pjg4nnnIvmnb/jgrXjgqTjg7PjgrDjg6njg5XjgqPjg4Pjgq/jgqTjg7Pjgq/jgrjjgqfjg4Pjg4jlsYvlpJblsYvlhoXjg57jg7zjgq3jg7PjgrDjgr/jg4Pjgq/jg5rjgqTjg7Pjg4jjg5Hjg43jg6vmtbTlrqTjg5Hjg43jg6vjgrPjg7Pjg5Xjgqnjg7zjg4jjg5Hjg43jg6vjg5Djgrnjg5Hjg43jg6vkvY7nmbrnoLLloanjg5Pmnb/loanjg5Pmnb/jg5Xjgqnjg7zjg6zjg4Pjgq/jgrnopIflkIjmnb/jgqLjg6vjg5/opIflkIjmnb/jgqLjg6vjg53jg6rjg4Pjgq/jgr3jg6zjgqTjgr/jgqzjg6njgrnjg5XjgqPjg6vjg6DnqpPjg5XjgqPjg6vjg6BVVue0q+Wklue3muOCq+ODg+ODiOmjm+aVo+mYsuatoumYsuiZq+OBmeOCiuOCrOODqeOCuemBrueGseODleOCo+ODq+ODoOmAj+aYjuODl+ODqeOCpOODkOOCt+ODvOODh+OCtuOCpOODs+ebrumaoOOBl+aXpeeEvOOBkeatouOCgeeqk+mjvuOCiuepuuWupOWvvuetluilv+aXpeWvvuetluaXpeWwhOmBruiUveevgOmbu+Wvvuetlueqk+aWreeGseeBveWus+WvvuetluWPsOmiqOernOW3u+OCreODg+ODgeODs+aJieOCq+ODqeODvOODnOODg+OCr+OCueeOhOmWouaJieODieOCouWutuWFt+WGt+iUteW6q+ODkeOCveOCs+ODs+ODh+OCueOCr+OCq+OCpuODs+OCv+ODvOajmuacuuODqeODg+OCr+ODhuODvOODluODq+ODgeOCp+OCueODiOOCqOODrOODmeODvOOCv+ODvOWGheeqk+alveeqk+S6jOmHjeeqk+aWreeGseaWreeGseS6jOmHjeeqk+evgOmbu+evgOe0hOOCqOOCs+ecgeOCqOODjeWKueaenOWGt+aIv+aaluaIv+mYsueKr+mYsumfs+e1kOmcsumBk+WFt+ODl+ODqeOCpOODnuODvOODkeODhuOCueOCreODvOOCuOODvOOCv+OCpOODq+Whl+ijheOCv+OCpOODq+OCq+ODvOODmuODg+ODiOS8uOe4ruabsumdojNE5rm+5puy5Ly444Gz44KL6ZuR6LKo6Ieq5Zyo44OI44Oq44OgIFNJTkNPTCZ0aW1lczttdCDjg57jgrnjgq3jg7PjgrDjg4bjg7zjg5cg6YCP44GR44KL44O76YeN44Gt44KL5aOB6KOF5p2QL+awtOeOieaooeanmC/jg4njg4Pjg4gv44Os44OD44OJL+OCsOODquODvOODsy/lt74xNWNtJnRpbWVzO+mVt+OBlTE1beW3uzHmnKzlo7Ljgoo=,44K344Oz44Kz44O844OrIOmHjeOBreOBpuS9v+OBiOOCi+OBiuOBl+OCg+OCjOOBquWjgeijheadkOOBp+OBmeKZqi/jgILoh6rlnKjjg4jjg6rjg6AgU0lOQ09MJnRpbWVzO210IOODnuOCueOCreODs+OCsOODhuODvOODlyDpgI/jgZHjgovjg7vph43jga3jgovlo4Hoo4XmnZAv5rC0546J5qih5qeYL+ODieODg+ODiC/jg6zjg4Pjg4kv44Kw44Oq44O844OzL+W3vjE1Y20mdGltZXM76ZW344GVMTVt5be7MeacrOWjsuOCig==[rn]
31-2607,aHR0cDovL3RzaG9wLnIxMHMuanAvbW95b3VnYWVob25wby9jYWJpbmV0L3NoZWV0L3JlYXRlYy9yZWF0ZWNfaXRlbS9pbWdyYzAwNjMzMzE5NjcuanBnP2ZpdGluPTcwMDo3MDA=,MjkxLjIwMDA=,,6Iqx44O744Ks44O844OH44Oz44O7RElZID4g5L2P5a6F5bu65p2Q44O76Kit5YKZID4g5aOB5p2QID4g44Gd44Gu5LuW,44K344Oz44Kw44Or44Kr44Op44O877yI5Y2Y6Imy77yJIOOAkOeZvS/ngbAv44OA44O844Kv44Kw44Os44O844CRIOODouODjuODiOODvOODsy/jgrXjg7PjgrLjg4Qv44Oq44Ki44OG44OD44KvL+OCq+ODg+ODhuOCo+ODs+OCsOOCt+ODvOODiC/lsYvlpJbkvb/nlKjlj68v5oqX6I+M44O76Ziy44Kr44OTL+OCqOODs+ODnOOCuS/ljJbnsqfjgrfjg7zjg4gv5aGp44OT44K344O844OIL+eymOedgC/jgrfjg7zjg6svRElZL+ODquODleOCqeODvOODoC/jg6rjg6HjgqTjgq8v44CQ44Oh44O844Kr44O855u06YCB4oeS6YCB5paZ54Sh5paZ44CRIFRBL+ODquOCouODhuODg+OCr+OCt+ODvOODiA==,44CQ6YCB5paZ54Sh5paZ44CR44K144Oz44Ky44OEL+ODquOCouODhuODg+OCry/jgqvjg4Pjg4bjgqPjg7PjgrDjgrfjg7zjg4gv,PHN0eWxlIHR5cGU9InRleHQvY3NzIj48IS0tCnNwYW4udW5pdCB7YmFja2dyb3VuZDogdXJsKCJodHRwOi8vaW1hZ2UucmFrdXRlbi5jby5qcC9tb3lvdWdhZWhvbnBvL2NhYmluZXQvaW1ncmMwMDY4NDk3NjQ1LmpwZyIpIG5vLXJlcGVhdCBsZWZ0IHRvcDsKdGV4dC1pbmRlbnQ6LTk5OTk7CmRpc3BsYXk6IGJsb2NrOwp3aWR0aDogNDAwcHg7IGhlaWdodDogMTAwcHg7Cm1hcmdpbjoxNXB4IDA7IH0KLS0+PC9zdHlsZT4KCjxkaXYgc3R5bGU9IiB3aWR0aDo4MDBweDsgZm9udC1mYW1pbHk6J+ODkuODqeOCruODjuinkuOCtCBQcm8gVzMnLCAnSGlyYWdpbm8gS2FrdSBHb3RoaWMgUHJvJywgJ+ODoeOCpOODquOCqicsIE1laXJ5bywgT3Nha2EsICfvvK3vvLMg77yw44K044K344OD44KvJywgJ01TIFBHb3RoaWMnLCBzYW5zLXNlcmlmOyBtYXJnaW46MCBhdXRvOyIgYWxpZ249ImNlbnRlciIgID4KCjwhLS3jgr/jgqTjg4jjg6vpg6jliIYtLT4KPGNlbnRlcj48aDEgc3R5bGU9ImNvbG9yOiM2NjY2NjY7IGZvbnQtc2l6ZToyMHB4OyI+44K144Oz44Ky44OE44CA44Oq44Ki44OG44OD44Kv44CA44Kr44OD44OG44Kj44Oz44Kw44K344O844OIPGJyPgrjgrfjg7PjgrDjg6vjgqvjg6njg7wv54Sh5Zyw44CQ44Ko44Oz44Oc44K5L+ODleODqeODg+ODiC/jgrDjg63jgrnjgJEKPC9oMT48L2NlbnRlcj4KPGltZyBzcmM9Imh0dHA6Ly9pbWFnZS5yYWt1dGVuLmNvLmpwL21veW91Z2FlaG9ucG8vY2FiaW5ldC9zaGVldC9yZWF0ZWMvMDQxNjIxMzQvaW1ncmMwMDYzMjYxNDEzLmpwZyI+Cjxocj4KPGltZyBzcmM9Imh0dHA6Ly9pbWFnZS5yYWt1dGVuLmNvLmpwL21veW91Z2FlaG9ucG8vY2FiaW5ldC9zaGVldC9yZWF0ZWMvMDQxNjIxMzQvaW1ncmMwMDYzMzMyMjExLmpwZyI+CjwhLS3jgZPjgZPjgb7jgafjgr/jgqTjg4jjg6vpg6jliIYtLT4KCjwhLS3mlr3lt6XkuovkvostLT4KPGgyPuW9k+W6l+OBruaWveW3peS6i+S+izwvaDI+Cgo8aW1nIHNyYz0iaHR0cDovL2ltYWdlLnJha3V0ZW4uY28uanAvbW95b3VnYWVob25wby9jYWJpbmV0L3NoZWV0L3JlYXRlYy8wNDE2MjEzNC9pbWdyYzAwNjMyNjE0MTUuanBnIj48YnI+CjwhLS3jgZPjgZPjgb7jgafmlr3lt6XkuovkvostLT4KCjwhLS3jgqjjgqLjgrnjg6vjg7zjgavjgaTjgYTjgaYtLT4KPGgyPue+juOBl+OBhOS7leS4iuOBjOOCiuOBqOW3peacn+OBruefree4ruOCkuS4oeerizwvaDI+CjxwPjxpbWcgc3JjPSJodHRwOi8vaW1hZ2UucmFrdXRlbi5jby5qcC9tb3lvdWdhZWhvbnBvL2NhYmluZXQvc2hlZXQvcmVhdGVjL2ltZ3JjMDA2MjY2NDI0My5qcGciPgo8L3A+CjwhLS3jgZPjgZPjgb7jgafjgqjjgqLjgrnjg6vjg7zjgavjgaTjgYTjgaYtLT4KCjwhLS3jgqvjg6njg7zjg5Djg6rjgqjjg7zjgrfjg6fjg7MtLT4KPGgyPuixiuWvjOOBquOCq+ODqeODvOODkOODquOCqOODvOOCt+ODp+ODszwvaDI+CjxwPjxpbWcgc3JjPSJodHRwOi8vaW1hZ2UucmFrdXRlbi5jby5qcC9tb3lvdWdhZWhvbnBvL2NhYmluZXQvc2hlZXQvcmVhdGVjL3JlYXRlY19pdGVtL2ltZ3JjMDA2MzMzMTk3Ny5qcGciPjwhLS3jgZPjgZPjgb7jgafjgqvjg6njg7zjg5Djg6rjgqjjg7zjgrfjg6fjg7MtLT4KCjwhLS3osrzjgormlrnjg7vpgZPlhbctLT4KPGhyPgo8cD48aW1nIHNyYz0iaHR0cDovL2ltYWdlLnJha3V0ZW4uY28uanAvbW95b3VnYWVob25wby9jYWJpbmV0L2hhcmlrYXRhL2ltZ3JjMDA2MzEzOTQ5NS5qcGciIGFsdD0i44K344O844OI44Gu6LK844KK5pa544CA44K344O844OI44Gu5by144KK5pa544CA6LK844KK44GL44Gf44CA5by144KK44GL44Gf44CA44Kr44OD44OG44Kj44Oz44Kw44K344O844OIIiA+PC9wPgo8aHI+CjxwPjxpbWcgc3JjPSJodHRwOi8vaW1hZ2UucmFrdXRlbi5jby5qcC9tb3lvdWdhZWhvbnBvL2NhYmluZXQvc2hlZXQvc2VhdF9kb3VndS9pbWc1NzQ4NTExNC5naWYiPjwvcD4KCjxkaXYgc3R5bGU9IndpZHRoOjgwMHB4OyIgY2xhc3M9ImNzX2l0ZW0iPgo8YSBocmVmPSJodHRwOi8vaXRlbS5yYWt1dGVuLmNvLmpwL21veW91Z2FlaG9ucG8va291Z3UtZGlub2NwdXJhaW1hLS8iPjxpbWcgCgpzcmM9Imh0dHA6Ly9pbWFnZS5yYWt1dGVuLmNvLmpwL21veW91Z2FlaG9ucG8vY2FiaW5ldC9zaGVldC9zZWF0X2RvdWd1L2ltZzU3NDg1MTE2LmdpZiIgd2lkdGg9IjE1MCIgCnRpdGxlPSLjgrfjg7zjg4jjga7nspjnnYDlipvjgpLpq5jjgoHjgb7jgZkK5Z+65pys55qE44Gr44Gv5aGX5biD44KS44GK44GZ44GZ44KB44GX44G+44GZIj48L2E+Cgo8YSBocmVmPSJodHRwOi8vaXRlbS5yYWt1dGVuLmNvLmpwL21veW91Z2FlaG9ucG8vZG91Z3Uta3lva3V0b3UtcGl0YXR0b2t1bm4xMG1haS8iPgo8aW1nIHNyYz0iaHR0cDovL2ltYWdlLnJha3V0ZW4uY28uanAvbW95b3VnYWVob25wby9jYWJpbmV0L3NoZWV0L3NlYXRfZG91Z3UvaW1nNTc0ODUxMTUuZ2lmIiB3aWR0aD0iMTUwIiAKdGl0bGU9IuOCueOCreODvOOCuOODvO+8huODlOOCv+ODg+OBqOOBj+OCkwrosrzjgorjgoTjgZnjgZXjgYzjgrDjg4PjgajlpInjgo/jgorjgb7jgZkiPjwvYT4KCjxhIGhyZWY9Imh0dHA6Ly9pdGVtLnJha3V0ZW4uY28uanAvbW95b3VnYWVob25wby9vcnVmYS1jdXR0ZXIvIj4KPGltZyBzcmM9Imh0dHA6Ly9pbWFnZS5yYWt1dGVuLmNvLmpwL21veW91Z2FlaG9ucG8vY2FiaW5ldC9zaGVldC9zZWF0X2RvdWd1L2ltZzU3NDg1MTEyLmdpZiIgd2lkdGg9IjE1MCIgCnRpdGxlPSLogbfkurrjgoLkvb/nlKjjgZnjgovjgqvjg4Pjgr/jg7wK5YiH44KM5ZGz44GM44KI44GE44Go5LuV5LiK44GM44KK44KC6YGV44GE44G+44GZIj48L2E+Cgo8YSBocmVmPSJodHRwOi8vaXRlbS5yYWt1dGVuLmNvLmpwL21veW91Z2FlaG9ucG8vZHVvdGVjay10cmltYXIvIj4KPGltZyBzcmM9Imh0dHA6Ly9pbWFnZS5yYWt1dGVuLmNvLmpwL21veW91Z2FlaG9ucG8vY2FiaW5ldC9zaGVldC9zZWF0X2RvdWd1L2ltZzU3NDg1MTE3LmdpZiIgd2lkdGg9IjE1MCIgCnRpdGxlPSLoo4/ntJnjgaDjgZHjgpLliIfjgovjgqvjg4Pjgr/jg7zjgIAK44K444On44Kk44Oz44OI5pa95bel44Gu44Go44GN44Gr44Gv5b+F6aCIIj48L2E+Cgo8YSBocmVmPSJodHRwOi8vaXRlbS5yYWt1dGVuLmNvLmpwL21veW91Z2FlaG9ucG8vc3RlbnJlcy1qaWJlcmEtNXN1bm4vIj4KPGltZyBzcmM9Imh0dHA6Ly9pbWFnZS5yYWt1dGVuLmNvLmpwL21veW91Z2FlaG9ucG8vY2FiaW5ldC9zaGVldC9zZWF0X2RvdWd1L2ltZzU3NDg1MTEzLmdpZiIgd2lkdGg9IjE1MCIgCnRpdGxlPSLlnLDjg5njg6njgIAK44OX44Op44Kk44Oe44O844KS5aGX44KL44Go44GN44KECumaheOCkuWIh+OCi+OCq+ODg+OCv+ODvOOCrOOCpOODieOBqOOBl+OBpuOCgiI+PC9hPgo8YnI+Cjxicj4KCjxoMj7jgZTos7zlhaXjgavjgaTjgYTjgabvvIjlv4XjgZrjgYroqq3jgb/jgY/jgaDjgZXjgYTvvIk8L2gyPgo8SU1HIHNyYz0iaHR0cDovL2ltYWdlLnJha3V0ZW4uY28uanAvbW95b3VnYWVob25wby9jYWJpbmV0L29yZGVyX21ldGhvZC9ob3d0b19vcmRlci9pbWc1NzQ4NTA5MC5naWYiIHdpZHRoPSI3NjAiIHN0eWxlPSJtYXJnaW46MHB4OyI+CjxwIGFsaWduPSJsZWZ0IiBzdHlsZT0ibWFyZ2luOjBweDsgd2lkdGg6NzIwcHg7Ij7jgZTos7zlhaXjga7pmpvjga88Yj7jgrfjg7zjg4jluYUxMjJjbcOX6ZW344GVMTBjbeOBpzHlgIvjga7jgZTms6jmloc8L2I+44Go44Gq44KK44G+44GZ44CCPGJyPgogIDxiPjxmb250IGNvbG9yPSIjRkYwMDAwIj7jgZTms6jmlofjga8xMOWAi+S7peS4iu+8iOmVt+OBle+8ke+9jeS7peS4iu+8ieOBi+OCiTwvZm9udD48L2I+44Go44Gq44KK44G+44GZ44CCPGJyPgogIOOBquOBiuOAgeWQjOS4gOWTgeeVquOBp+ikh+aVsOOBq+WIhuOBkeOBn+OCq+ODg+ODiOOCkuaJv+OCi+OBk+OBqOOBr+OBp+OBjeOBvuOBm+OCk+OBruOBp+OAgeOBlOS6huaJv+OBj+OBoOOBleOBhOOAgjwvcD4KPGhyPgo8SU1HIHNyYz0iaHR0cDovL2ltYWdlLnJha3V0ZW4uY28uanAvbW95b3VnYWVob25wby9jYWJpbmV0L3NoZWV0L3JlYXRlYy9pbWc1OTE4NTE0NC5naWYiIHdpZHRoPSI3NjAiIGJvcmRlcj0iMCI+Cgo8cCBhbGlnbj0ibGVmdCIgc3R5bGU9Im1hcmdpbjo4cHggMCAwIDA7IHdpZHRoOjcyMHB4OyI+PHNwYW4gc3R5bGU9ImZvbnQtd2VpZ2h0OmJvbGQ7IGNvbG9yOnJlZDsiPuS7o+mHkeW8leaPm+OBruWgtOWQiOOBr+W9k+W6l+OCiOOCiueZuumAgeOBqOOBquOCi+OBn+OCgemAgeaWmeODu+S7o+W8leaJi+aVsOaWmeOBjOWIpemAlOW/heimgeOBqOOBquOCiuOBvuOBmeOAgjwvc3Bhbj48YnI+CiAg44GU5rOo5paH5b6M44Gr44CB5b2T5bqX44Gn6YCB5paZ44KS5L+u5q2j44Gu44GG44GI5oqY44KK6L+U44GX44GU6YCj57Wh44GE44Gf44GX44G+44GZ44CCPGJyPgogIOmKgOihjOaMr+i+vOOBruWgtOWQiOOBr+OAgemAgeaWmeS/ruato+W+jOOBrumHkemhjeOCkuOBlOeiuuiqjeOBruOBhuOBiOOBiuaMr+i+vOOBhOOBn+OBoOOBjeOBvuOBmeOCiOOBhuOAgeOCiOOCjeOBl+OBj+OBiumhmOOBhOOBhOOBn+OBl+OBvuOBmeOAgjwvcD4KCjxwIGFsaWduPSJyaWdodCI+CjxJTUcgc3JjPSJodHRwOi8vaW1hZ2UucmFrdXRlbi5jby5qcC9tb3lvdWdhZWhvbnBvL2NhYmluZXQvc2hlZXQvcGFyb2kvbWFzdGVyL2ltZzU3MjM1NjgxLmpwZyI+PGJyPgo8SU1HIHNyYz0iaHR0cDovL2ltYWdlLnJha3V0ZW4uY28uanAvbW95b3VnYWVob25wby9jYWJpbmV0L3NoZWV0L3Bhcm9pL21hc3Rlci9pbWc1NzIzNTY4NS5qcGciIHdpZHRoPSIxNDQiIGhlaWdodD0iMjYiIGJvcmRlcj0iMCIgdnNwYWNlPSIxNSIgaHNwYWNlPSI1Ij4KPElNRyBzcmM9Imh0dHA6Ly9pbWFnZS5yYWt1dGVuLmNvLmpwL21veW91Z2FlaG9ucG8vY2FiaW5ldC9zaGVldC9wYXJvaS9tYXN0ZXIvaW1nNTcyMzU2ODcuanBnIiB3aWR0aD0iMTQ0IiBoZWlnaHQ9IjI2IiBib3JkZXI9IjAiIHZzcGFjZT0iMTUiIGhzcGFjZT0iNSI+CjxJTUcgc3JjPSJodHRwOi8vaW1hZ2UucmFrdXRlbi5jby5qcC9tb3lvdWdhZWhvbnBvL2NhYmluZXQvc2hlZXQvcGFyb2kvbWFzdGVyL2ltZzU3MjM1NzA0LmpwZyIgd2lkdGg9IjIxOSIgaGVpZ2h0PSIyNiIgYm9yZGVyPSIwIiB2c3BhY2U9IjE1IiBoc3BhY2U9IjUiPgo8SU1HIHNyYz0iaHR0cDovL2ltYWdlLnJha3V0ZW4uY28uanAvbW95b3VnYWVob25wby9jYWJpbmV0L3NoZWV0L3Bhcm9pL21hc3Rlci9pbWc1NzIzNTY4Ni5qcGciIHZzcGFjZT0iMTUiIGhzcGFjZT0iNSI+PC9wPgoKCjwvZGl2Pgo8L2Rpdj4KPCEtLemWoumAo+WVhuadkOODquODs+OCryDjgZPjgZPjgYvjgoktLT4KPHN0eWxlIHR5cGU9InRleHQvY3NzIj4KLmthbnJlbiBpbWd7Cm1hcmdpbi1ib3R0b206MXB4O30KLmthbnJlbiBoM3sgCmZvbnQtZmFtaWx5OiLjg5Ljg6njgq7jg47op5LjgrQgUHJvIFczIiwgIkhpcmFnaW5vIEtha3UgR290aGljIFBybyIsICLjg6HjgqTjg6rjgqoiLCBNZWlyeW8sIE9zYWthLCAi77yt77yzIO+8sOOCtOOCt+ODg+OCryIsICJNUyBQR290aGljIiwgc2Fucy1zZXJpZjsgY29sb3I6IzM7IGZvbnQtc2l6ZToxMnB4OyBmb250LXdlaWdodDpib2xkOyBtYXJnaW4tYm90dG9tOjRweDt9Ci5rYW5yZW4gcHsKbWFyZ2luLWJvdHRvbToycHg7fQo8L3N0eWxlPgo8ZGl2IGNsYXNzPSJnb29kcy10YmwiIHN0eWxlPSJwYWRkaW5nLWJvdHRvbTowcHg7Ij4KPGRpdiBjbGFzcz0ia2FucmVuIj4KPHAgc3R5bGU9ImZvbnQtd2VpZ2h0OmJvbGQ7IHRleHQtYWxpZ246Y2VudGVyOyI+772eIOWjgeOBqOW6iuOCkuS4gOe3kuOBq+ODquODjuODmeODvOOCt+ODp+ODs+OBl+OBvuOBm+OCk+OBi++8nyDvvZ48L3A+CjxwPjxpbWcgc3JjPSJodHRwOi8vaW1hZ2UucmFrdXRlbi5jby5qcC9tb3lvdWdhZWhvbnBvL2NhYmluZXQvYmFubmVyL2ltZ3JjMDA2MjY1Mzc3Ni5qcGciIHdpZHRoPSI0MjAiPjxiciAvPgrnsKHljZjjgqvjg4Pjg4jjga7jg5Hjg43jg6vkuIvlnLDjgafjg5fjg63jga7ku5XkuIrjgYzjgoo8L3A+CjxwPjxpbWcgc3JjPSJodHRwOi8vaW1hZ2UucmFrdXRlbi5jby5qcC9tb3lvdWdhZWhvbnBvL2NhYmluZXQva2VuemFpL29mdXJvYS9pbWdyYzAwNjI2MzQ2NzMuanBnIiB3aWR0aD0iNDIwIj48YnIgLz4K44K144Oz44Ky44OEIOOBiumiqOWRguOBruW6iuadkCDjgqrjg5Xjg63jgqIg5aSn5Lq65rCXPC9wPgo8cD48aW1nIHNyYz0iaHR0cDovL2ltYWdlLnJha3V0ZW4uY28uanAvbW95b3VnYWVob25wby9jYWJpbmV0L2Jhbm5lci9pbWc2MTAyNTgxMC5qcGciIHdpZHRoPSI0MjAiPjxiciAvPgrlhrfjgZ/jgYQg5ruR44Gj44Gm5oCW44GEIOOCkuino+axuiDmtbTlrqTluormnZAg5o+D44Gj44Gm44GE44G+44GZPC9wPgo8cCBjbGFzcz0iZ29vZHMtbmV4dCIgc3R5bGU9Im1hcmdpbjowcHg7Ij48L3A+CjwvZGl2Pgo8L2Rpdj4KPCEtLemWoumAo+WVhuadkOODquODs+OCryDjgZPjgZPjgb7jgactLT4KPERJViBjbGFzcz0iZ29vZHMtdGJsIj4KCjxoMiBjbGFzcz0iZ29vZHMtdGl0bGUiPgrllYblk4HoqqzmmI4KPC9oMj4KCjxoMyBjbGFzcz0iZ29vZHMtbGVmdCI+5ZOB55WqPC9oMz4KPGRpdiBjbGFzcz0iZ29vZHMtcmlnaHQiPgogIDxwPuOCt+ODs+OCsOODq+OCq+ODqeODvCDljZjoibLjgIDlhag554K5PEJSPgogICAg77yI44CA77yJ44Gv5pen5ZOB55Wq44Go44Gq44KK44G+44GZ44CCPGJyPgogICAg44CA44O7VEEtODMyMyAoNzMyMyk8YnI+CiAgICDjgIDjg7tUQS04MzI0ICg3MzI0KTxicj4KICAgIOOAgOODu1RBLTgzMjUgKDczMjUpPGJyPgogICAg44CA44O7VEEtODMyNiAoNzMyNik8YnI+CiAgICDjgIDjg7tUQS04MzI3ICg3MzI3KTxicj4KICAgIOOAgOODu1RBLTgzMjggKDczMzYpPGJyPgogICAg44CA44O7VEEtODMyOSAoNzMzOCk8YnI+CiAgICDjgIDjg7tUQS04MzMwICg3MzM5KTxicj4KICAgIOOAgOODu1RBLTgzMzEgKOaWsOiJsik8YnI+CgogICAgLS0tLS0tLS0tLS0tLS0tLS0tLS0tLS0tLS0tLS0tLS0tLS0tLS0tLTxicj4KICAgIAogICAgCjxGT05UIGNvbG9yPSIjZmYwMDAwIj7igLvjgYrkvb/jgYTjga7jg5Hjgr3jgrPjg7PnkrDlooPjgavjgojjgorjgIHllYblk4Hjga7oibLjgYzopovmnKzjgajlpJrlsJHnlbDjgarjgovloLTlkIjjgYzjgYLjgorjgb7jgZnjgII8L0ZPTlQ+PC9wPgo8L2Rpdj4KCjxwIGNsYXNzPSJnb29kcy1uZXh0Ij48L3A+Cgo8SDMgY2xhc3M9Imdvb2RzLWxlZnQiPuWVhuWTgeOCteOCpOOCujwvaDM+CjxQIGNsYXNzPSJnb29kcy1yaWdodCI+5ZWG5ZOB5be+44CAMTIyY20v5Y6a44G/44CA57SEMC4ybW08YnI+CumVt+OBleOBrzFt5Lul5LiKMTBjbeWNmOS9jeOBruOCq+ODg+ODiOiyqeWjsjxCUj4KPEZPTlQgY29sb3I9IiNmZjAwMDAiPuKAu+OBlOazqOaWh+OBrzEw5YCL77yIMe+9je+8ieS7peS4iuOBi+OCieOBqOOBquOCiuOBvuOBmeOAgjwvRk9OVD48QlI+CjHvvY3jgZTms6jmlofihpIxMOWAi++8jzPvvY0yMO+9g++9jeOBlOazqOaWh+KGkjMy5YCLPC9wPgoKPHAgY2xhc3M9Imdvb2RzLW5leHQiPjwvcD4KCjxoMyBjbGFzcz0iZ29vZHMtbGVmdCI+6L+U5ZOB44O75Lqk5o+b44Gr44Gk44GE44GmPC9oMz4KPHAgY2xhc3M9Imdvb2RzLXJpZ2h0Ij7jgZPjgaHjgonjga7llYblk4Hjga/jgYrlrqLmp5jpg73lkIjjgavjgojjgovov5Tlk4Hjg7vkuqTmj5vjga/mib/jgovkuovjgYzjgafjgY3jgb7jgZvjgpM8L3A+CjxwIGNsYXNzPSJnb29kcy1yaWdodCI+Cui/lOWTgeODu+S6pOaPm+OBruips+e0sOOBr+OBk+OBoeOCieOCkuOBlOimp+OBj+OBoOOBleOBhDwvcD4KCjxwIGNsYXNzPSJnb29kcy1uZXh0Ij48L3A+Cgo8aDMgY2xhc3M9Imdvb2RzLWxlZnQiPuaWveW3peOBq+mWouOBl+OBpuOBruOBlOeVmeaEj+eCue+8iOODoeODvOOCq+ODvOizh+aWme+8iTwvaDM+CjxwIGNsYXNzPSJnb29kcy1yaWdodCI+CuaWveW3peOBq+mWouOBmeOCi+izh+aWmeOBr+OBk+OBoeOCieOCkuOBlOimp+S4i+OBleOBhCA8L3A+Cgo8cCBjbGFzcz0iZ29vZHMtbmV4dCI+PC9wPgoKPGgzIGNsYXNzPSJnb29kcy1sZWZ0Ij7oo73lk4Hmg4XloLEv6Ziy54Gr6KqN5a6a55Wq5Y+377yI44Oh44O844Kr44O86LOH5paZ77yJPC9oMz4KPHAgY2xhc3M9Imdvb2RzLXJpZ2h0Ij4K6KO95ZOB44Gr6Zai44GZ44KL6LOH5paZ44Gv44GT44Gh44KJ44KS44GU6Kan5LiL44GV44GEIDwvcD4KCjxwIGNsYXNzPSJnb29kcy1uZXh0Ij48L3A+Cgo8aDMgY2xhc3M9Imdvb2RzLWxlZnQiPuOCq+ODg+ODhuOCo+ODs+OCsOeUqOOCt+ODvOODiO+8iOWhqeODk+OCt+ODvOODiO+8ieOBqOOBr++8nzwvaDM+CjxwIGNsYXNzPSJnb29kcy1yaWdodCI+CuOCq+ODg+ODhuOCo+ODs+OCsOeUqOOCt+ODvOODiO+8iOODleOCo+ODq+ODoOOAgeOCpOODs+ODhuODquOCouOCt+ODvOODiOOAgeWMlueyp+OCt+ODvOODiOOAgeeymOedgOOCt+ODvOODiO+8ieOBr+WEquOCjOOBn+W8t+W6puOBqOe+juOBl+OBhOODh+OCtuOCpOODs+OBjOaWveOBleOCjOOBn+WjgeijheeUqOOBruOCt+ODvOODq+OBp+OBmeOAgjxCUj4K6YCa5bi444CB44K344O844OI44Gu6KOP44Gv44K344O844Or54q244Gr44Gq44Gj44Gm44GK44KK44CB44Gd44Gu57KY552A5oCn44KC6auY44GP44CB5bmF5bqD44GE5LiL5Zyw44G444Gu6LK844KK5LuY44GR44GM5Y+v6IO944Gn44GZ44CCPEJSPgrov5HlubTjgafjga/nlKjpgJTjgoLlpJrlspDjgavmuKHjgorjgIHjg57jg7Pjgrfjg6fjg7PjgoTmiLjlu7rkvY/lroXjga7lhoXoo4XjgYvjgonjgIHjgqrjg5XjgqPjgrnjgIHjg5vjg4bjg6vjgoTkuIDoiKzlupfoiJfjgIHnl4XpmaLjgIHku4vorbfmlr3oqK3jgIHjgZXjgonjgavjga/muKnmtbTmlr3oqK3jgoTjg5Hjg4Hjg7PjgrPlupfjgarjganjga7pgYrmiK/mlr3oqK3jga7nrqHnkIbogIXjgIHjgqrjg7zjg4rjg7zjga7nmobmp5jjgavlpb3oqZXjgpLljZrjgZfjgabjgYTjgb7jgZnjgII8QlI+CuOBk+OBruOCiOOBhuOBq+WIqeS+v+aAp+OBjOmrmOOBhOW7uuadkOOBruOBn+OCgeOAgTNN77yI44K544Oq44O844Ko44Og44O744OA44Kk44OO44OD44Kv44O7REktTk9D77yJ44CB44K144Oz44Ky44OE77yI44Oq44Ki44OG44OD44Kv44O7UkVBVEVD77yJ44CB44Oq44Oz44OG44OD44Kv44K144Kk44Oz44K344K544OG44Og77yI44OR44Ot44Ki44O7UEFST0kp44CB44Ki44Kk44Kr77yI44Kq44Or44OG44Kj44OO44O7QWx0eW5v77yJ44CB44K344O844Ki44Kk5YyW5oiQ77yI44OZ44Or44OT44Ki44Oz44O7YmVsYmllbu+8ieOBquOBqeOBruacieWQjeODoeODvOOCq+ODvOOBjOWkmuW9qeOBquODqeOCpOODs+ODiuODg+ODl+OCkuWxlemWi+OBl+OBpuOBhOOBvuOBmeOAgjxCUj4K44G+44Gf44CB6Ieq5YuV6LuK44Gr5oqA6KGT55qE44Gr6aGe5Ly844Gu44Op44OD44OU44Oz44Kw44OV44Kj44Or44Og77yI44Op44OD44OX44OV44Kj44Or44Og77yJ44KS6LK844KK5LuY44GR44Gm44CB5aGX6KOF44KS5aSJ5pu044GZ44KL44GT44Go44Gq44GP44CB44Kv44Or44Oe44Gu44Kk44Oh44O844K444KS5aSJ5pu044Gn44GN44KL44Kr44O844Op44OD44OU44Oz44Kw44KC5YWo5LiW55WM55qE44Gr5Lq65rCX44GM44GC44KK44G+44GZ44CCPEJSPgrjgZPjgaHjgonjga/kvY/lj4szTe+8iOOCueOCs+ODg+ODgeODl+ODquODs+ODiOODu1Njb3RjaHByaW50KeOChOODquODs+ODhuODg+OCr+OCteOCpOODs+OCt+OCueODhuODoO+8iOODtOOCp+ODqeODg+ODl+OCueODu1Zld3JhcHPvvInjgIHmtbflpJbjgavnm67jgpLjgoDjgZHjgovjgahBdmVyeSBEZW5uaXNvbiBTdXByZW1lIFdyYXBwaW5nIEZpbG0g44Gq44Gp5aSa44GP44Gu44OW44Op44Oz44OJ44Gn44Kr44O844Op44OD44OU44Oz44Kw44Gu5qW944GX44GV44KS5o+Q5qGI44GX44Gm44GE44G+44GZ44CCPEJSPgo8L3A+Cgo8cCBjbGFzcz0iZ29vZHMtbmV4dCI+PC9wPgoKPC9kaXY+CjwhLS3jg6rjgqLjg4bjg4Pjgq/msY7nlKjjg6rjg7Pjgq8g44GT44GT44GL44KJLS0+CjxzdHlsZSB0eXBlPSJ0ZXh0L2NzcyI+Ci5nb29kcy1uYXZpIGltZ3sKd2lkdGg6MjEycHg7CnRleHQtYWxpZ246Y2VudGVyO30KPC9zdHlsZT4KCjxkaXYgY2xhc3M9Imdvb2RzLXRibCIgc3R5bGU9InBhZGRpbmctYm90dG9tOjBweDsiPgo8ZGl2IGNsYXNzPSJnb29kcy1uYXZpIj4KIDxpbWcgc3JjPSJodHRwOi8vaW1hZ2UucmFrdXRlbi5jby5qcC9tb3lvdWdhZWhvbnBvL2NhYmluZXQvc2hlZXQvZGktbm9jL290aGVyX2ltYWdlcy9pbWc2MTI3NzE2Ni5qcGciIC8+CiAgPGltZyBzcmM9Imh0dHA6Ly9pbWFnZS5yYWt1dGVuLmNvLmpwL21veW91Z2FlaG9ucG8vY2FiaW5ldC9zaGVldC9kaS1ub2Mvb3RoZXJfaW1hZ2VzL2ltZzYxMjYwODg4LmpwZyIgLz4KICA8aW1nIHNyYz0iaHR0cDovL2ltYWdlLnJha3V0ZW4uY28uanAvbW95b3VnYWVob25wby9jYWJpbmV0L3NoZWV0L2RpLW5vYy9vdGhlcl9pbWFnZXMvaW1nNjEyNjA4ODUuanBnIiAvPgo8aW1nIHNyYz0iaHR0cDovL2ltYWdlLnJha3V0ZW4uY28uanAvbW95b3VnYWVob25wby9jYWJpbmV0L3NoZWV0L2RpLW5vYy9vdGhlcl9pbWFnZXMvaW1nNjEyNzcxNjcuanBnIiAvPgo8aW1nIHNyYz0iaHR0cDovL2ltYWdlLnJha3V0ZW4uY28uanAvbW95b3VnYWVob25wby9jYWJpbmV0L3NoZWV0L2RpLW5vYy9vdGhlcl9pbWFnZXMvaW1nNjEyNjA4ODYuanBnIiAvPgo8aW1nIHNyYz0iaHR0cDovL2ltYWdlLnJha3V0ZW4uY28uanAvbW95b3VnYWVob25wby9jYWJpbmV0L3NoZWV0L2RpLW5vYy9vdGhlcl9pbWFnZXMvaW1nNjEyNjA4ODkuanBnIiAvPgo8aW1nIHNyYz0iaHR0cDovL2ltYWdlLnJha3V0ZW4uY28uanAvbW95b3VnYWVob25wby9jYWJpbmV0L3NoZWV0L2RpLW5vYy9vdGhlcl9pbWFnZXMvaW1nNjEyNjA4ODcuanBnIiAvPgo8aW1nIHNyYz0iaHR0cDovL2ltYWdlLnJha3V0ZW4uY28uanAvbW95b3VnYWVob25wby9jYWJpbmV0L3NoZWV0L2RpLW5vYy9vdGhlcl9pbWFnZXMvaW1nNjEyNjA4OTAuanBnIiAvPgo8L2Rpdj4KPHAgY2xhc3M9Imdvb2RzLW5leHQiIHN0eWxlPSJtYXJnaW46MHB4OyI+PC9wPgo8L2Rpdj4KPCEtLeODquOCouODhuODg+OCr+axjueUqOODquODs+OCryDjgZPjgZPjgb7jgactLT48c3R5bGUgdHlwZT0idGV4dC9jc3MiPgo8IS0tCgovKuWVhuWTgeWQjeOBruODleOCqeODs+ODiOaDheWgsSovCi5pdGVtX25hbWUgewoJZGlzcGxheTpibG9jazsKCW1hcmdpbjowIDAgOHB4IDA7Cglmb250LWZhbWlseToi44OS44Op44Ku44OO6KeS44K0IFBybyBXMyIsICJIaXJhZ2lubyBLYWt1IEdvdGhpYyBQcm8iLCAi44Oh44Kk44Oq44KqIiwgTWVpcnlvLCBPc2FrYSwgIu+8re+8syDvvLDjgrTjgrfjg4Pjgq8iLCAiTVMgUEdvdGhpYyIsIHNhbnMtc2VyaWY7Cglmb250OmJvbGQgMTZweDsKCWNvbG9yOiMzMzM7CglsaW5lLWhlaWdodDoxMjAlOwoKfQovKuOCreODo+ODg+ODgeOCs+ODlOODvOOBruODleOCqeODs+ODiOaDheWgsSovCi5jYXRjaF9jb3B5IHsKCWRpc3BsYXk6YmxvY2s7CgltYXJnaW46MCAwIDhweCAwIDsKCWZvbnQtZmFtaWx5OiLjg5Ljg6njgq7jg47op5LjgrQgUHJvIFczIiwgIkhpcmFnaW5vIEtha3UgR290aGljIFBybyIsICLjg6HjgqTjg6rjgqoiLCBNZWlyeW8sIE9zYWthLCAi77yt77yzIO+8sOOCtOOCt+ODg+OCryIsICJNUyBQR290aGljIiwgc2Fucy1zZXJpZjsKCWZvbnQtc2l6ZToxNHB4OwoJY29sb3I6IzMzMzsKfQoKLyrnm67njonllYblk4Hjga7mloflrZcqLwphLmxvc3NsZWFkZXJfaXRlbV9uYW1lOmxpbmsgewoJY29sb3I6IzU1NTsKCWZvbnQtc2l6ZToxM3B4Owp9CgpzcGFuLmxvc3NsZWFkZXJfcHJpY2UyewoJY29sb3I6I0ZGMDAwMDsKCWZvbnQtc2l6ZToxMnB4Owp9CgovKuODmuODvOOCuOW3puS4iuOBruOCreODvOODr+ODvOODieihqOekuuashCovCmRpdiNIZWFkZXJLZXl3b3JkIHsKCXBvc2l0aW9uOmFic29sdXRlOwoJdG9wOjQ4cHg7LyrkuIDnlarkuIrjgYvjgonjga7kvY3nva4qLwoJbGVmdDo4MHB4Oy8q5bem56uv44GL44KJ44Gu5L2N572uKi8KCWZvbnQ6MTRweCAi44OS44Op44Ku44OO6KeS44K0IFBybyBXMyIsICJIaXJhZ2lubyBLYWt1IEdvdGhpYyBQcm8iLCAi44Oh44Kk44Oq44KqIiwgTWVpcnlvLCBPc2FrYSwgIu+8re+8syDvvLDjgrTjgrfjg4Pjgq8iLCAiTVMgUEdvdGhpYyIsIHNhbnMtc2VyaWY7Cgl3aWR0aDo0MjBweDsKfQoKZGl2I0hlYWRlcktleXdvcmQgc3BhbiB7CgliYWNrZ3JvdW5kOiAjYmYwMDAwOwoJY29sb3I6I2ZmZjsKCWZvbnQtd2VpZ2h0OmJvbGQ7CglwYWRkaW5nOjJweCA1cHg7Cn0KCmRpdiNIZWFkZXJLZXl3b3JkIGEgewoJY29sb3I6IzAwNDRDQzsKfQoKCi8qIOWAi+aVsOWFpeWKm+ashOOBruWkp+OBjeOBlSAqLwppbnB1dCN1bml0cyB7CglwYWRkaW5nOiA0cHg7Cn0KCi8qIOOBiuiyt+OBhOeJqeOBi+OBlOODnOOCv+ODs+OBruWkp+OBjeOBlSAqLwp0ZCA+IGlucHV0IHsKCWZvbnQtc2l6ZTogMTJweDsKCXBhZGRpbmc6OHB4IDEycHggOHB4IDEycHg7Cgl3aWR0aDogYXV0bzsKfQoKLyog44CM5ZWG5ZOB44Gr44Gk44GE44Gm44Gu5ZWP44GE5ZCI44KP44Gb44CN44Oc44K/44Oz44Gu5aSn44GN44GVKi8KZm9udCBpbnB1dCB7Cglmb250LXNpemU6IDEycHg7CglwYWRkaW5nOjJweDsKCXdpZHRoOiAxNTBweDsKfQoKCi0tPgo8L3N0eWxlPgoKCjxkaXYgaWQ9IkhlYWRlcktleXdvcmQiPgo8c3Bhbj7ms6jnm67jga7jgq3jg7zjg6/jg7zjg4k8L3NwYW4+CuOCrOODqeOCueODleOCo+ODq+ODoArmnKjnm64K5rW05a6kIOW6igrjg6rjgqLjg4bjg4Pjgq8KCjwvZGl2Pg==,44K344Oz44Kw44Or44Kr44Op44O877yI5Y2Y6Imy77yJIOOAkOeZvS/ngbAv44OA44O844Kv44Kw44Os44O844CRIOODouODjuODiOODvOODsy/jgrXjg7PjgrLjg4Qv44Oq44Ki44OG44OD44KvL+OCq+ODg+ODhuOCo+ODs+OCsOOCt+ODvOODiC/lsYvlpJbkvb/nlKjlj68v5oqX6I+M44O76Ziy44Kr44OTL+OCqOODs+ODnOOCuS/ljJbnsqfjgrfjg7zjg4gv5aGp44OT44K344O844OIL+eymOedgC/jgrfjg7zjg6svRElZL+ODquODleOCqeODvOODoC/jg6rjg6HjgqTjgq8v44CQ44Oh44O844Kr44O855u06YCBJnJBcnI76YCB5paZ54Sh5paZ44CRIFRBL+ODquOCouODhuODg+OCr+OCt+ODvOODiO+8muaooeanmOabv+OBiOOCt+ODp+ODg+ODl+OAgOODh+OCsw==,44Kr44OD44OG44Kj44Oz44Kw44K344O844OI44OV44Kj44Or44Og44Kr44OD44OG44Kj44Oz44Kw44K344O844Or5aOB57SZ57KY552A44K344O844OI5qih5qeY5pu/44GI44K344O844OI5YyW57Kn44K344O844OI5aOB57SZ44K344O844OI44OA44Kk44OO44OD44Kv44OZ44Or44OT44Ki44Oz44Oq44Ki44OG44OD44Kv44OR44Ot44Ki44Kq44Or44OG44Kj44OO44OT44Ol44O844Kr44Or44ON44Kq44OD44Kv44K544ON44Kq44K/44Kk44Or44ON44Kq44OV44Ot44Ki44Oq44OV44Kp44O844Og44K344O844OI44K144Oz44Ky44OE44Oq44Oq44Kr44Op44Or44OO44Oz77yT77yt44K544Oq44O844Ko44Og44Ki44Kk44Kr44Oq44Oz44OG44OD44Kv44K144Kk44Oz44K344K544OG44Og44K744Kt44K544Kk5qGc5LqV5p2x44Oq44Ok44Oo44Kk5qW15p2x6YOo5bGL5aSn5a6256m65a6k44Kq44O844OK44O85oi45bu66LOD6LK454mp5Lu25LiN5YuV55Sj566h55CG5Lya56S+44Ob44OG44Or44Oe44Oz44K344On44Oz44Ki44OR44O844OI5bqX6IiX44GK5bqX5rW05a6k6aKo5ZGC44Om44OL44OD44OI44OQ44K544OQ44K544Or44O844Og44Kt44OD44OB44Oz44OI44Kk44Os5rC05bu744KK44Kz44O844Kt44Oz44Kw5rSX6Z2i5oqX6I+M6Ziy44Kr44OT5rGa44KM6Ziy5q2i6Ziy5rGa77yk77yp77y55pel5puc5aSn5bel5qih5qeY5pu/44GI44OR44ON44Or5bel5rOV44K744Or44OV44Oq44OV44Kp44O844Og5pa95bel6IG35Lq65bCC6ZaA6Ieq5L2c44OX44Ot6LK844KK5pa55r+A5a6J6LKp5aOy5bqX5qWt6LKp6YCa6LKp5Y246LKp5aOy6YCa5L+h6LKp5aOy56aP5bKh55yM56aP5bKh5biC5aSn6YeO5Z+O5biC5aSq5a6w5bqc5biC5pil5pel5biC562R57Sr6YeO5biC44Kr44Op44O855m944Ob44Ov44Kk44OI6buS44OW44Op44OD44Kv44Oe44OD44OI44OW44Op44OD44Kv6LWk44Os44OD44OJ44Oe44OD44OI5YWJ5rKi6Im25raI44GX5ZKM57SZ5ZKM5p+E5ZKM6aKo5p+E5pyo55uu5pyo55uu5p+E5pyo55uu44K344O844OIV09PROeEoeWcsOOCq+ODvOODnOODs+ODoeOCv+ODquODg+OCr+ODn+ODqeODvOmPoemdouODqeODoeODoeODg+OCremdqea8huWFieayouODrOOCtuODvOearuefs+ebruWkp+eQhuefs+ODh+OCtuOCpOODs+OCq+ODvOODqeODg+ODlOODs+OCsOODqeODg+ODlOODs+OCsOOCq+ODvOOCueOCs+ODg+ODgeODl+ODquODs+ODiOODqeODg+ODl+ODleOCo+ODq+ODoDEwODDjg7Tjgqfjg6njg4Pjg5fjgrnjg4DjgqTjg47jg4Pjgq/jgqvjg7zjg5zjg7Pjg57jg4Pjg4jjg5bjg6njg4Pjgq/ou4rjg5DjgqTjgq/jg5jjg6vjg6Hjg4Pjg4jjgqjjgqLjg63jgqvjg7zjg6njg4Pjg5Tjg7PjgrDjgqvjgrnjgr/jg6DlhoXoo4XlpJboo4Xjg4njg6zjgrnjgqLjg4Pjg5fjgqTjg7Pjg4bjg6rjgqLjg6rjg5Xjgqnjg7zjg6Djg6rjg47jg5njg7zjgrfjg6fjg7Posrzmm7/jgYjmlr3lt6Xlt6Xkuovkv67nkIbmlLnoo4Xkv67nuZXljp/nirblm57lvqnluorlt6XkuovlhoXoo4Xlt6XkuovlrqTlhoXoo4Xpo77lo4HntJnjgq/jg63jgrnnlbPopZbjgqvjg7zjg5rjg4Pjg4jjgqvjg7zjg4bjg7Pjg5bjg6njgqTjg7Pjg4nnnIvmnb/jgrXjgqTjg7PjgrDjg6njg5XjgqPjg4Pjgq/jgqTjg7Pjgq/jgrjjgqfjg4Pjg4jlsYvlpJblsYvlhoXjg57jg7zjgq3jg7PjgrDjgr/jg4Pjgq/jg5rjgqTjg7Pjg4jjg5Hjg43jg6vmtbTlrqTjg5Hjg43jg6vjgrPjg7Pjg5Xjgqnjg7zjg4jjg5Hjg43jg6vjg5Djgrnjg5Hjg43jg6vkvY7nmbrnoLLloanjg5Pmnb/loanjg5Pmnb/jg5Xjgqnjg7zjg6zjg4Pjgq/jgrnopIflkIjmnb/jgqLjg6vjg5/opIflkIjmnb/jgqLjg6vjg53jg6rjg4Pjgq/jgr3jg6zjgqTjgr/jgqzjg6njgrnjg5XjgqPjg6vjg6DnqpPjg5XjgqPjg6vjg6BVVue0q+Wklue3muOCq+ODg+ODiOmjm+aVo+mYsuatoumYsuiZq+OBmeOCiuOCrOODqeOCuemBrueGseODleOCo+ODq+ODoOmAj+aYjuODl+ODqeOCpOODkOOCt+ODvOODh+OCtuOCpOODs+ebrumaoOOBl+aXpeeEvOOBkeatouOCgeeqk+mjvuOCiuepuuWupOWvvuetluilv+aXpeWvvuetluaXpeWwhOmBruiUveevgOmbu+Wvvuetlueqk+aWreeGseeBveWus+WvvuetluWPsOmiqOernOW3u+OCreODg+ODgeODs+aJieOCq+ODqeODvOODnOODg+OCr+OCueeOhOmWouaJieODieOCouWutuWFt+WGt+iUteW6q+ODkeOCveOCs+ODs+ODh+OCueOCr+OCq+OCpuODs+OCv+ODvOajmuacuuODqeODg+OCr+ODhuODvOODluODq+ODgeOCp+OCueODiOOCqOODrOODmeODvOOCv+ODvOWGheeqk+alveeqk+S6jOmHjeeqk+aWreeGseaWreeGseS6jOmHjeeqk+evgOmbu+evgOe0hOOCqOOCs+ecgeOCqOODjeWKueaenOWGt+aIv+aaluaIv+mYsueKr+mYsumfs+e1kOmcsumBk+WFt+ODl+ODqeOCpOODnuODvOODkeODhuOCueOCreODvOOCuOODvOOCv+OCpOODq+Whl+ijheOCv+OCpOODq+OCq+ODvOODmuODg+ODiOS8uOe4ruabsumdojNE5rm+5puy5Ly444Gz44KL6ZuR6LKo44K344Oz44Kw44Or44Kr44Op44O877yI5Y2Y6Imy77yJIOOAkOeZvS/ngbAv44OA44O844Kv44Kw44Os44O844CRIOODouODjuODiOODvOODsy/jgrXjg7PjgrLjg4Qv44Oq44Ki44OG44OD44KvL+OCq+ODg+ODhuOCo+ODs+OCsOOCt+ODvOODiC/lsYvlpJbkvb/nlKjlj68v5oqX6I+M44O76Ziy44Kr44OTL+OCqOODs+ODnOOCuS/ljJbnsqfjgrfjg7zjg4gv5aGp44OT44K344O844OIL+eymOedgC/jgrfjg7zjg6svRElZL+ODquODleOCqeODvOODoC/jg6rjg6HjgqTjgq8v44CQ44Oh44O844Kr44O855u06YCBJnJBcnI76YCB5paZ54Sh5paZ44CRIFRBL+ODquOCouODhuODg+OCr+OCt+ODvOODiA==,44CQ6YCB5paZ54Sh5paZ44CR44K144Oz44Ky44OEL+ODquOCouODhuODg+OCry/jgqvjg4Pjg4bjgqPjg7PjgrDjgrfjg7zjg4gv44CC44K344Oz44Kw44Or44Kr44Op44O877yI5Y2Y6Imy77yJIOOAkOeZvS/ngbAv44OA44O844Kv44Kw44Os44O844CRIOODouODjuODiOODvOODsy/jgrXjg7PjgrLjg4Qv44Oq44Ki44OG44OD44KvL+OCq+ODg+ODhuOCo+ODs+OCsOOCt+ODvOODiC/lsYvlpJbkvb/nlKjlj68v5oqX6I+M44O76Ziy44Kr44OTL+OCqOODs+ODnOOCuS/ljJbnsqfjgrfjg7zjg4gv5aGp44OT44K344O844OIL+eymOedgC/jgrfjg7zjg6svRElZL+ODquODleOCqeODvOODoC/jg6rjg6HjgqTjgq8v44CQ44Oh44O844Kr44O855u06YCBJnJBcnI76YCB5paZ54Sh5paZ44CRIFRBL+ODquOCouODhuODg+OCr+OCt+ODvOODiA==[rn]
31-2608,aHR0cDovL3RzaG9wLnIxMHMuanAvbW95b3VnYWVob25wby9jYWJpbmV0L3NoZWV0L3JlYXRlYy9yZWF0ZWNfaXRlbS9pbWdyYzAwNjMzMzE5NjguanBnP2ZpdGluPTcwMDo3MDA=,MjkxLjIwMDA=,,6Iqx44O744Ks44O844OH44Oz44O7RElZID4g5L2P5a6F5bu65p2Q44O76Kit5YKZID4g5aOB5p2QID4g44Gd44Gu5LuW,44K344Oz44Kw44Or44Kr44Op44O877yI5Y2Y6Imy77yJIOOAkOOCpOOCqOODreODvC/jgqrjg6zjg7Pjgrgv6buEL+apmeOAkSDjgqvjg6njg5Xjg6sv44K144Oz44Ky44OEL+ODquOCouODhuODg+OCry/jgqvjg4Pjg4bjgqPjg7PjgrDjgrfjg7zjg4gv5bGL5aSW5L2/55So5Y+vL+aKl+iPjOODu+mYsuOCq+ODky/jgqjjg7Pjg5zjgrkv5YyW57Kn44K344O844OIL+WhqeODk+OCt+ODvOODiC/nspjnnYAv44K344O844OrL0RJWS/jg6rjg5Xjgqnjg7zjg6Av44Oq44Oh44Kk44KvL+OAkOODoeODvOOCq+ODvOebtOmAgeKHkumAgeaWmeeEoeaWmeOAkSBUQS/jg6rjgqLjg4bjg4Pjgq/jgrfjg7zjg4g=,44CQ6YCB5paZ54Sh5paZ44CR44K144Oz44Ky44OEL+ODquOCouODhuODg+OCry/jgqvjg4Pjg4bjgqPjg7PjgrDjgrfjg7zjg4gv,PHN0eWxlIHR5cGU9InRleHQvY3NzIj48IS0tCnNwYW4udW5pdCB7YmFja2dyb3VuZDogdXJsKCJodHRwOi8vaW1hZ2UucmFrdXRlbi5jby5qcC9tb3lvdWdhZWhvbnBvL2NhYmluZXQvaW1ncmMwMDY4NDk3NjQ1LmpwZyIpIG5vLXJlcGVhdCBsZWZ0IHRvcDsKdGV4dC1pbmRlbnQ6LTk5OTk7CmRpc3BsYXk6IGJsb2NrOwp3aWR0aDogNDAwcHg7IGhlaWdodDogMTAwcHg7Cm1hcmdpbjoxNXB4IDA7IH0KLS0+PC9zdHlsZT4KCgoKPGRpdiBzdHlsZT0iIHdpZHRoOjgwMHB4OyBmb250LWZhbWlseTon44OS44Op44Ku44OO6KeS44K0IFBybyBXMycsICdIaXJhZ2lubyBLYWt1IEdvdGhpYyBQcm8nLCAn44Oh44Kk44Oq44KqJywgTWVpcnlvLCBPc2FrYSwgJ++8re+8syDvvLDjgrTjgrfjg4Pjgq8nLCAnTVMgUEdvdGhpYycsIHNhbnMtc2VyaWY7IG1hcmdpbjowIGF1dG87IiBhbGlnbj0iY2VudGVyIiAgPgoKPCEtLeOCv+OCpOODiOODq+mDqOWIhi0tPgo8Y2VudGVyPjxoMSBzdHlsZT0iY29sb3I6IzY2NjY2NjsgZm9udC1zaXplOjIwcHg7Ij7jgrXjg7PjgrLjg4TjgIDjg6rjgqLjg4bjg4Pjgq/jgIDjgqvjg4Pjg4bjgqPjg7PjgrDjgrfjg7zjg4g8YnI+CuOCt+ODs+OCsOODq+OCq+ODqeODvC/nhKHlnLDjgJDjgqjjg7Pjg5zjgrkv44OV44Op44OD44OIL+OCsOODreOCueOAkQo8L2gxPjwvY2VudGVyPgo8aW1nIHNyYz0iaHR0cDovL2ltYWdlLnJha3V0ZW4uY28uanAvbW95b3VnYWVob25wby9jYWJpbmV0L3NoZWV0L3JlYXRlYy8wNDE2MjEzNC9pbWdyYzAwNjMyNjE0MTMuanBnIj4KPGhyPgo8aW1nIHNyYz0iaHR0cDovL2ltYWdlLnJha3V0ZW4uY28uanAvbW95b3VnYWVob25wby9jYWJpbmV0L3NoZWV0L3JlYXRlYy8wNDE2MjEzNC9pbWdyYzAwNjMzMzIyMTEuanBnIj4KPCEtLeOBk+OBk+OBvuOBp+OCv+OCpOODiOODq+mDqOWIhi0tPgoKPCEtLeaWveW3peS6i+S+iy0tPgo8aDI+5b2T5bqX44Gu5pa95bel5LqL5L6LPC9oMj4KCjxpbWcgc3JjPSJodHRwOi8vaW1hZ2UucmFrdXRlbi5jby5qcC9tb3lvdWdhZWhvbnBvL2NhYmluZXQvc2hlZXQvcmVhdGVjLzA0MTYyMTM0L2ltZ3JjMDA2MzI2MTQxNS5qcGciPjxicj4KPCEtLeOBk+OBk+OBvuOBp+aWveW3peS6i+S+iy0tPgoKPCEtLeOCqOOCouOCueODq+ODvOOBq+OBpOOBhOOBpi0tPgo8aDI+576O44GX44GE5LuV5LiK44GM44KK44Go5bel5pyf44Gu55+t57iu44KS5Lih56uLPC9oMj4KPHA+PGltZyBzcmM9Imh0dHA6Ly9pbWFnZS5yYWt1dGVuLmNvLmpwL21veW91Z2FlaG9ucG8vY2FiaW5ldC9zaGVldC9yZWF0ZWMvaW1ncmMwMDYyNjY0MjQzLmpwZyI+CjwvcD4KPCEtLeOBk+OBk+OBvuOBp+OCqOOCouOCueODq+ODvOOBq+OBpOOBhOOBpi0tPgoKPCEtLeOCq+ODqeODvOODkOODquOCqOODvOOCt+ODp+ODsy0tPgo8aDI+6LGK5a+M44Gq44Kr44Op44O844OQ44Oq44Ko44O844K344On44OzPC9oMj4KPHA+PGltZyBzcmM9Imh0dHA6Ly9pbWFnZS5yYWt1dGVuLmNvLmpwL21veW91Z2FlaG9ucG8vY2FiaW5ldC9zaGVldC9yZWF0ZWMvcmVhdGVjX2l0ZW0vaW1ncmMwMDYzMzMxOTc4LmpwZyI+PCEtLeOBk+OBk+OBvuOBp+OCq+ODqeODvOODkOODquOCqOODvOOCt+ODp+ODsy0tPgoKPCEtLeiyvOOCiuaWueODu+mBk+WFty0tPgo8aHI+CjxwPjxpbWcgc3JjPSJodHRwOi8vaW1hZ2UucmFrdXRlbi5jby5qcC9tb3lvdWdhZWhvbnBvL2NhYmluZXQvaGFyaWthdGEvaW1ncmMwMDYzMTM5NDk1LmpwZyIgYWx0PSLjgrfjg7zjg4jjga7osrzjgormlrnjgIDjgrfjg7zjg4jjga7lvLXjgormlrnjgIDosrzjgorjgYvjgZ/jgIDlvLXjgorjgYvjgZ/jgIDjgqvjg4Pjg4bjgqPjg7PjgrDjgrfjg7zjg4giID48L3A+Cjxocj4KPHA+PGltZyBzcmM9Imh0dHA6Ly9pbWFnZS5yYWt1dGVuLmNvLmpwL21veW91Z2FlaG9ucG8vY2FiaW5ldC9zaGVldC9zZWF0X2RvdWd1L2ltZzU3NDg1MTE0LmdpZiI+PC9wPgoKPGRpdiBzdHlsZT0id2lkdGg6ODAwcHg7IiBjbGFzcz0iY3NfaXRlbSI+CjxhIGhyZWY9Imh0dHA6Ly9pdGVtLnJha3V0ZW4uY28uanAvbW95b3VnYWVob25wby9rb3VndS1kaW5vY3B1cmFpbWEtLyI+PGltZyAKCnNyYz0iaHR0cDovL2ltYWdlLnJha3V0ZW4uY28uanAvbW95b3VnYWVob25wby9jYWJpbmV0L3NoZWV0L3NlYXRfZG91Z3UvaW1nNTc0ODUxMTYuZ2lmIiB3aWR0aD0iMTUwIiAKdGl0bGU9IuOCt+ODvOODiOOBrueymOedgOWKm+OCkumrmOOCgeOBvuOBmQrln7rmnKznmoTjgavjga/loZfluIPjgpLjgYrjgZnjgZnjgoHjgZfjgb7jgZkiPjwvYT4KCjxhIGhyZWY9Imh0dHA6Ly9pdGVtLnJha3V0ZW4uY28uanAvbW95b3VnYWVob25wby9kb3VndS1reW9rdXRvdS1waXRhdHRva3VubjEwbWFpLyI+CjxpbWcgc3JjPSJodHRwOi8vaW1hZ2UucmFrdXRlbi5jby5qcC9tb3lvdWdhZWhvbnBvL2NhYmluZXQvc2hlZXQvc2VhdF9kb3VndS9pbWc1NzQ4NTExNS5naWYiIHdpZHRoPSIxNTAiIAp0aXRsZT0i44K544Kt44O844K444O877yG44OU44K/44OD44Go44GP44KTCuiyvOOCiuOChOOBmeOBleOBjOOCsOODg+OBqOWkieOCj+OCiuOBvuOBmSI+PC9hPgoKPGEgaHJlZj0iaHR0cDovL2l0ZW0ucmFrdXRlbi5jby5qcC9tb3lvdWdhZWhvbnBvL29ydWZhLWN1dHRlci8iPgo8aW1nIHNyYz0iaHR0cDovL2ltYWdlLnJha3V0ZW4uY28uanAvbW95b3VnYWVob25wby9jYWJpbmV0L3NoZWV0L3NlYXRfZG91Z3UvaW1nNTc0ODUxMTIuZ2lmIiB3aWR0aD0iMTUwIiAKdGl0bGU9IuiBt+S6uuOCguS9v+eUqOOBmeOCi+OCq+ODg+OCv+ODvArliIfjgozlkbPjgYzjgojjgYTjgajku5XkuIrjgYzjgorjgoLpgZXjgYTjgb7jgZkiPjwvYT4KCjxhIGhyZWY9Imh0dHA6Ly9pdGVtLnJha3V0ZW4uY28uanAvbW95b3VnYWVob25wby9kdW90ZWNrLXRyaW1hci8iPgo8aW1nIHNyYz0iaHR0cDovL2ltYWdlLnJha3V0ZW4uY28uanAvbW95b3VnYWVob25wby9jYWJpbmV0L3NoZWV0L3NlYXRfZG91Z3UvaW1nNTc0ODUxMTcuZ2lmIiB3aWR0aD0iMTUwIiAKdGl0bGU9Iuijj+e0meOBoOOBkeOCkuWIh+OCi+OCq+ODg+OCv+ODvOOAgArjgrjjg6fjgqTjg7Pjg4jmlr3lt6Xjga7jgajjgY3jgavjga/lv4XpoIgiPjwvYT4KCjxhIGhyZWY9Imh0dHA6Ly9pdGVtLnJha3V0ZW4uY28uanAvbW95b3VnYWVob25wby9zdGVucmVzLWppYmVyYS01c3Vubi8iPgo8aW1nIHNyYz0iaHR0cDovL2ltYWdlLnJha3V0ZW4uY28uanAvbW95b3VnYWVob25wby9jYWJpbmV0L3NoZWV0L3NlYXRfZG91Z3UvaW1nNTc0ODUxMTMuZ2lmIiB3aWR0aD0iMTUwIiAKdGl0bGU9IuWcsOODmeODqeOAgArjg5fjg6njgqTjg57jg7zjgpLloZfjgovjgajjgY3jgoQK6ZqF44KS5YiH44KL44Kr44OD44K/44O844Ks44Kk44OJ44Go44GX44Gm44KCIj48L2E+Cjxicj4KPGJyPgoKPGgyPuOBlOizvOWFpeOBq+OBpOOBhOOBpu+8iOW/heOBmuOBiuiqreOBv+OBj+OBoOOBleOBhO+8iTwvaDI+CjxJTUcgc3JjPSJodHRwOi8vaW1hZ2UucmFrdXRlbi5jby5qcC9tb3lvdWdhZWhvbnBvL2NhYmluZXQvb3JkZXJfbWV0aG9kL2hvd3RvX29yZGVyL2ltZzU3NDg1MDkwLmdpZiIgd2lkdGg9Ijc2MCIgc3R5bGU9Im1hcmdpbjowcHg7Ij4KPHAgYWxpZ249ImxlZnQiIHN0eWxlPSJtYXJnaW46MHB4OyB3aWR0aDo3MjBweDsiPuOBlOizvOWFpeOBrumam+OBrzxiPuOCt+ODvOODiOW5hTEyMmNtw5fplbfjgZUxMGNt44GnMeWAi+OBruOBlOazqOaWhzwvYj7jgajjgarjgorjgb7jgZnjgII8YnI+CiAgPGI+PGZvbnQgY29sb3I9IiNGRjAwMDAiPuOBlOazqOaWh+OBrzEw5YCL5Lul5LiK77yI6ZW344GV77yR772N5Lul5LiK77yJ44GL44KJPC9mb250PjwvYj7jgajjgarjgorjgb7jgZnjgII8YnI+CiAg44Gq44GK44CB5ZCM5LiA5ZOB55Wq44Gn6KSH5pWw44Gr5YiG44GR44Gf44Kr44OD44OI44KS5om/44KL44GT44Go44Gv44Gn44GN44G+44Gb44KT44Gu44Gn44CB44GU5LqG5om/44GP44Gg44GV44GE44CCPC9wPgo8aHI+CjxJTUcgc3JjPSJodHRwOi8vaW1hZ2UucmFrdXRlbi5jby5qcC9tb3lvdWdhZWhvbnBvL2NhYmluZXQvc2hlZXQvcmVhdGVjL2ltZzU5MTg1MTQ0LmdpZiIgd2lkdGg9Ijc2MCIgYm9yZGVyPSIwIj4KCjxwIGFsaWduPSJsZWZ0IiBzdHlsZT0ibWFyZ2luOjhweCAwIDAgMDsgd2lkdGg6NzIwcHg7Ij48c3BhbiBzdHlsZT0iZm9udC13ZWlnaHQ6Ym9sZDsgY29sb3I6cmVkOyI+5Luj6YeR5byV5o+b44Gu5aC05ZCI44Gv5b2T5bqX44KI44KK55m66YCB44Go44Gq44KL44Gf44KB6YCB5paZ44O75Luj5byV5omL5pWw5paZ44GM5Yil6YCU5b+F6KaB44Go44Gq44KK44G+44GZ44CCPC9zcGFuPjxicj4KICDjgZTms6jmloflvozjgavjgIHlvZPlupfjgafpgIHmlpnjgpLkv67mraPjga7jgYbjgYjmipjjgorov5TjgZfjgZTpgKPntaHjgYTjgZ/jgZfjgb7jgZnjgII8YnI+CiAg6YqA6KGM5oyv6L6844Gu5aC05ZCI44Gv44CB6YCB5paZ5L+u5q2j5b6M44Gu6YeR6aGN44KS44GU56K66KqN44Gu44GG44GI44GK5oyv6L6844GE44Gf44Gg44GN44G+44GZ44KI44GG44CB44KI44KN44GX44GP44GK6aGY44GE44GE44Gf44GX44G+44GZ44CCPC9wPgoKPHAgYWxpZ249InJpZ2h0Ij4KPElNRyBzcmM9Imh0dHA6Ly9pbWFnZS5yYWt1dGVuLmNvLmpwL21veW91Z2FlaG9ucG8vY2FiaW5ldC9zaGVldC9wYXJvaS9tYXN0ZXIvaW1nNTcyMzU2ODEuanBnIj48YnI+CjxJTUcgc3JjPSJodHRwOi8vaW1hZ2UucmFrdXRlbi5jby5qcC9tb3lvdWdhZWhvbnBvL2NhYmluZXQvc2hlZXQvcGFyb2kvbWFzdGVyL2ltZzU3MjM1Njg1LmpwZyIgd2lkdGg9IjE0NCIgaGVpZ2h0PSIyNiIgYm9yZGVyPSIwIiB2c3BhY2U9IjE1IiBoc3BhY2U9IjUiPgo8SU1HIHNyYz0iaHR0cDovL2ltYWdlLnJha3V0ZW4uY28uanAvbW95b3VnYWVob25wby9jYWJpbmV0L3NoZWV0L3Bhcm9pL21hc3Rlci9pbWc1NzIzNTY4Ny5qcGciIHdpZHRoPSIxNDQiIGhlaWdodD0iMjYiIGJvcmRlcj0iMCIgdnNwYWNlPSIxNSIgaHNwYWNlPSI1Ij4KPElNRyBzcmM9Imh0dHA6Ly9pbWFnZS5yYWt1dGVuLmNvLmpwL21veW91Z2FlaG9ucG8vY2FiaW5ldC9zaGVldC9wYXJvaS9tYXN0ZXIvaW1nNTcyMzU3MDQuanBnIiB3aWR0aD0iMjE5IiBoZWlnaHQ9IjI2IiBib3JkZXI9IjAiIHZzcGFjZT0iMTUiIGhzcGFjZT0iNSI+CjxJTUcgc3JjPSJodHRwOi8vaW1hZ2UucmFrdXRlbi5jby5qcC9tb3lvdWdhZWhvbnBvL2NhYmluZXQvc2hlZXQvcGFyb2kvbWFzdGVyL2ltZzU3MjM1Njg2LmpwZyIgdnNwYWNlPSIxNSIgaHNwYWNlPSI1Ij48L3A+CgoKPC9kaXY+CjwvZGl2Pgo8IS0t6Zai6YCj5ZWG5p2Q44Oq44Oz44KvIOOBk+OBk+OBi+OCiS0tPgo8c3R5bGUgdHlwZT0idGV4dC9jc3MiPgoua2FucmVuIGltZ3sKbWFyZ2luLWJvdHRvbToxcHg7fQoua2FucmVuIGgzeyAKZm9udC1mYW1pbHk6IuODkuODqeOCruODjuinkuOCtCBQcm8gVzMiLCAiSGlyYWdpbm8gS2FrdSBHb3RoaWMgUHJvIiwgIuODoeOCpOODquOCqiIsIE1laXJ5bywgT3Nha2EsICLvvK3vvLMg77yw44K044K344OD44KvIiwgIk1TIFBHb3RoaWMiLCBzYW5zLXNlcmlmOyBjb2xvcjojMzsgZm9udC1zaXplOjEycHg7IGZvbnQtd2VpZ2h0OmJvbGQ7IG1hcmdpbi1ib3R0b206NHB4O30KLmthbnJlbiBwewptYXJnaW4tYm90dG9tOjJweDt9Cjwvc3R5bGU+CjxkaXYgY2xhc3M9Imdvb2RzLXRibCIgc3R5bGU9InBhZGRpbmctYm90dG9tOjBweDsiPgo8ZGl2IGNsYXNzPSJrYW5yZW4iPgo8cCBzdHlsZT0iZm9udC13ZWlnaHQ6Ym9sZDsgdGV4dC1hbGlnbjpjZW50ZXI7Ij7vvZ4g5aOB44Go5bqK44KS5LiA57eS44Gr44Oq44OO44OZ44O844K344On44Oz44GX44G+44Gb44KT44GL77yfIO+9njwvcD4KPHA+PGltZyBzcmM9Imh0dHA6Ly9pbWFnZS5yYWt1dGVuLmNvLmpwL21veW91Z2FlaG9ucG8vY2FiaW5ldC9iYW5uZXIvaW1ncmMwMDYyNjUzNzc2LmpwZyIgd2lkdGg9IjQyMCI+PGJyIC8+CuewoeWNmOOCq+ODg+ODiOOBruODkeODjeODq+S4i+WcsOOBp+ODl+ODreOBruS7leS4iuOBjOOCijwvcD4KPHA+PGltZyBzcmM9Imh0dHA6Ly9pbWFnZS5yYWt1dGVuLmNvLmpwL21veW91Z2FlaG9ucG8vY2FiaW5ldC9rZW56YWkvb2Z1cm9hL2ltZ3JjMDA2MjYzNDY3My5qcGciIHdpZHRoPSI0MjAiPjxiciAvPgrjgrXjg7PjgrLjg4Qg44GK6aKo5ZGC44Gu5bqK5p2QIOOCquODleODreOCoiDlpKfkurrmsJc8L3A+CjxwPjxpbWcgc3JjPSJodHRwOi8vaW1hZ2UucmFrdXRlbi5jby5qcC9tb3lvdWdhZWhvbnBvL2NhYmluZXQvYmFubmVyL2ltZzYxMDI1ODEwLmpwZyIgd2lkdGg9IjQyMCI+PGJyIC8+CuWGt+OBn+OBhCDmu5HjgaPjgabmgJbjgYQg44KS6Kej5rG6IOa1tOWupOW6iuadkCDmj4PjgaPjgabjgYTjgb7jgZk8L3A+CjxwIGNsYXNzPSJnb29kcy1uZXh0IiBzdHlsZT0ibWFyZ2luOjBweDsiPjwvcD4KPC9kaXY+CjwvZGl2Pgo8IS0t6Zai6YCj5ZWG5p2Q44Oq44Oz44KvIOOBk+OBk+OBvuOBpy0tPgo8RElWIGNsYXNzPSJnb29kcy10YmwiPgoKPGgyIGNsYXNzPSJnb29kcy10aXRsZSI+CuWVhuWTgeiqrOaYjgo8L2gyPgoKPGgzIGNsYXNzPSJnb29kcy1sZWZ0Ij7lk4Hnlao8L2gzPgo8ZGl2IGNsYXNzPSJnb29kcy1yaWdodCI+CiAgPHA+44K344Oz44Kw44Or44Kr44Op44O8IOWNmOiJsuOAgOWFqDjngrk8QlI+CiAgICDvvIjjgIDvvInjga/ml6flk4Hnlarjgajjgarjgorjgb7jgZnjgII8YnI+CiAgICDjgIDjg7tUQS04MzQ2ICg3MzUxKTxicj4KICAgIOOAgOODu1RBLTgzNDcgKDczNTIpPGJyPgogICAg44CA44O7VEEtODM0OCAoNzM1Myk8YnI+CiAgICDjgIDjg7tUQS04MzQ5ICg3MzU0KTxicj4KICAgIOOAgOODu1RBLTgzNTAgKDczNTUpPGJyPgogICAg44CA44O7VEEtODM1MSAoNzM1Nik8YnI+CiAgICDjgIDjg7tUQS04MzUyICg3MzU3KTxicj4KICAgIOOAgOODu1RBLTgzNTMgKOaWsOiJsik8YnI+CiAgICAtLS0tLS0tLS0tLS0tLS0tLS0tLS0tLS0tLS0tLS0tLS0tLS0tLS0tPGJyPgogICAgCiAgICAKPEZPTlQgY29sb3I9IiNmZjAwMDAiPuKAu+OBiuS9v+OBhOOBruODkeOCveOCs+ODs+eSsOWig+OBq+OCiOOCiuOAgeWVhuWTgeOBruiJsuOBjOimi+acrOOBqOWkmuWwkeeVsOOBquOCi+WgtOWQiOOBjOOBguOCiuOBvuOBmeOAgjwvRk9OVD48L3A+CjwvZGl2PgoKPHAgY2xhc3M9Imdvb2RzLW5leHQiPjwvcD4KCjxIMyBjbGFzcz0iZ29vZHMtbGVmdCI+5ZWG5ZOB44K144Kk44K6PC9oMz4KPFAgY2xhc3M9Imdvb2RzLXJpZ2h0Ij7llYblk4Hlt77jgIAxMjJjbS/ljprjgb/jgIDntIQwLjJtbTxicj4K6ZW344GV44GvMW3ku6XkuIoxMGNt5Y2Y5L2N44Gu44Kr44OD44OI6LKp5aOyPEJSPgo8Rk9OVCBjb2xvcj0iI2ZmMDAwMCI+4oC744GU5rOo5paH44GvMTDlgIvvvIgx772N77yJ5Lul5LiK44GL44KJ44Go44Gq44KK44G+44GZ44CCPC9GT05UPjxCUj4KMe+9jeOBlOazqOaWh+KGkjEw5YCL77yPM++9jTIw772D772N44GU5rOo5paH4oaSMzLlgIs8L3A+Cgo8cCBjbGFzcz0iZ29vZHMtbmV4dCI+PC9wPgoKPGgzIGNsYXNzPSJnb29kcy1sZWZ0Ij7ov5Tlk4Hjg7vkuqTmj5vjgavjgaTjgYTjgaY8L2gzPgo8cCBjbGFzcz0iZ29vZHMtcmlnaHQiPuOBk+OBoeOCieOBruWVhuWTgeOBr+OBiuWuouanmOmDveWQiOOBq+OCiOOCi+i/lOWTgeODu+S6pOaPm+OBr+aJv+OCi+S6i+OBjOOBp+OBjeOBvuOBm+OCkzwvcD4KPHAgY2xhc3M9Imdvb2RzLXJpZ2h0Ij4K6L+U5ZOB44O75Lqk5o+b44Gu6Kmz57Sw44Gv44GT44Gh44KJ44KS44GU6Kan44GP44Gg44GV44GEPC9wPgoKPHAgY2xhc3M9Imdvb2RzLW5leHQiPjwvcD4KCjxoMyBjbGFzcz0iZ29vZHMtbGVmdCI+5pa95bel44Gr6Zai44GX44Gm44Gu44GU55WZ5oSP54K577yI44Oh44O844Kr44O86LOH5paZ77yJPC9oMz4KPHAgY2xhc3M9Imdvb2RzLXJpZ2h0Ij4K5pa95bel44Gr6Zai44GZ44KL6LOH5paZ44Gv44GT44Gh44KJ44KS44GU6Kan5LiL44GV44GEIDwvcD4KCjxwIGNsYXNzPSJnb29kcy1uZXh0Ij48L3A+Cgo8aDMgY2xhc3M9Imdvb2RzLWxlZnQiPuijveWTgeaDheWgsS/pmLLngavoqo3lrprnlarlj7fvvIjjg6Hjg7zjgqvjg7zos4fmlpnvvIk8L2gzPgo8cCBjbGFzcz0iZ29vZHMtcmlnaHQiPgroo73lk4HjgavplqLjgZnjgovos4fmlpnjga/jgZPjgaHjgonjgpLjgZTopqfkuIvjgZXjgYQgPC9wPgoKPHAgY2xhc3M9Imdvb2RzLW5leHQiPjwvcD4KCjxoMyBjbGFzcz0iZ29vZHMtbGVmdCI+44Kr44OD44OG44Kj44Oz44Kw55So44K344O844OI77yI5aGp44OT44K344O844OI77yJ44Go44Gv77yfPC9oMz4KPHAgY2xhc3M9Imdvb2RzLXJpZ2h0Ij4K44Kr44OD44OG44Kj44Oz44Kw55So44K344O844OI77yI44OV44Kj44Or44Og44CB44Kk44Oz44OG44Oq44Ki44K344O844OI44CB5YyW57Kn44K344O844OI44CB57KY552A44K344O844OI77yJ44Gv5YSq44KM44Gf5by35bqm44Go576O44GX44GE44OH44K244Kk44Oz44GM5pa944GV44KM44Gf5aOB6KOF55So44Gu44K344O844Or44Gn44GZ44CCPEJSPgrpgJrluLjjgIHjgrfjg7zjg4jjga7oo4/jga/jgrfjg7zjg6vnirbjgavjgarjgaPjgabjgYrjgorjgIHjgZ3jga7nspjnnYDmgKfjgoLpq5jjgY/jgIHluYXluoPjgYTkuIvlnLDjgbjjga7osrzjgorku5jjgZHjgYzlj6/og73jgafjgZnjgII8QlI+Cui/keW5tOOBp+OBr+eUqOmAlOOCguWkmuWykOOBq+a4oeOCiuOAgeODnuODs+OCt+ODp+ODs+OChOaIuOW7uuS9j+WuheOBruWGheijheOBi+OCieOAgeOCquODleOCo+OCueOAgeODm+ODhuODq+OChOS4gOiIrOW6l+iIl+OAgeeXhemZouOAgeS7i+itt+aWveioreOAgeOBleOCieOBq+OBr+a4qea1tOaWveioreOChOODkeODgeODs+OCs+W6l+OBquOBqeOBrumBiuaIr+aWveioreOBrueuoeeQhuiAheOAgeOCquODvOODiuODvOOBrueahuanmOOBq+WlveipleOCkuWNmuOBl+OBpuOBhOOBvuOBmeOAgjxCUj4K44GT44Gu44KI44GG44Gr5Yip5L6/5oCn44GM6auY44GE5bu65p2Q44Gu44Gf44KB44CBM03vvIjjgrnjg6rjg7zjgqjjg6Djg7vjg4DjgqTjg47jg4Pjgq/jg7tESS1OT0PvvInjgIHjgrXjg7PjgrLjg4TvvIjjg6rjgqLjg4bjg4Pjgq/jg7tSRUFURUPvvInjgIHjg6rjg7Pjg4bjg4Pjgq/jgrXjgqTjg7Pjgrfjgrnjg4bjg6DvvIjjg5Hjg63jgqLjg7tQQVJPSSnjgIHjgqLjgqTjgqvvvIjjgqrjg6vjg4bjgqPjg47jg7tBbHR5bm/vvInjgIHjgrfjg7zjgqLjgqTljJbmiJDvvIjjg5njg6vjg5PjgqLjg7Pjg7tiZWxiaWVu77yJ44Gq44Gp44Gu5pyJ5ZCN44Oh44O844Kr44O844GM5aSa5b2p44Gq44Op44Kk44Oz44OK44OD44OX44KS5bGV6ZaL44GX44Gm44GE44G+44GZ44CCPEJSPgrjgb7jgZ/jgIHoh6rli5Xou4rjgavmioDooZPnmoTjgavpoZ7kvLzjga7jg6njg4Pjg5Tjg7PjgrDjg5XjgqPjg6vjg6DvvIjjg6njg4Pjg5fjg5XjgqPjg6vjg6DvvInjgpLosrzjgorku5jjgZHjgabjgIHloZfoo4XjgpLlpInmm7TjgZnjgovjgZPjgajjgarjgY/jgIHjgq/jg6vjg57jga7jgqTjg6Hjg7zjgrjjgpLlpInmm7TjgafjgY3jgovjgqvjg7zjg6njg4Pjg5Tjg7PjgrDjgoLlhajkuJbnlYznmoTjgavkurrmsJfjgYzjgYLjgorjgb7jgZnjgII8QlI+CuOBk+OBoeOCieOBr+S9j+WPizNN77yI44K544Kz44OD44OB44OX44Oq44Oz44OI44O7U2NvdGNocHJpbnQp44KE44Oq44Oz44OG44OD44Kv44K144Kk44Oz44K344K544OG44Og77yI44O044Kn44Op44OD44OX44K544O7VmV3cmFwc++8ieOAgea1t+WkluOBq+ebruOCkuOCgOOBkeOCi+OBqEF2ZXJ5IERlbm5pc29uIFN1cHJlbWUgV3JhcHBpbmcgRmlsbSDjgarjganlpJrjgY/jga7jg5bjg6njg7Pjg4njgafjgqvjg7zjg6njg4Pjg5Tjg7PjgrDjga7mpb3jgZfjgZXjgpLmj5DmoYjjgZfjgabjgYTjgb7jgZnjgII8QlI+CjwvcD4KCjxwIGNsYXNzPSJnb29kcy1uZXh0Ij48L3A+Cgo8L2Rpdj4KPCEtLeODquOCouODhuODg+OCr+axjueUqOODquODs+OCryDjgZPjgZPjgYvjgoktLT4KPHN0eWxlIHR5cGU9InRleHQvY3NzIj4KLmdvb2RzLW5hdmkgaW1newp3aWR0aDoyMTJweDsKdGV4dC1hbGlnbjpjZW50ZXI7fQo8L3N0eWxlPgoKPGRpdiBjbGFzcz0iZ29vZHMtdGJsIiBzdHlsZT0icGFkZGluZy1ib3R0b206MHB4OyI+CjxkaXYgY2xhc3M9Imdvb2RzLW5hdmkiPgogPGltZyBzcmM9Imh0dHA6Ly9pbWFnZS5yYWt1dGVuLmNvLmpwL21veW91Z2FlaG9ucG8vY2FiaW5ldC9zaGVldC9kaS1ub2Mvb3RoZXJfaW1hZ2VzL2ltZzYxMjc3MTY2LmpwZyIgLz4KICA8aW1nIHNyYz0iaHR0cDovL2ltYWdlLnJha3V0ZW4uY28uanAvbW95b3VnYWVob25wby9jYWJpbmV0L3NoZWV0L2RpLW5vYy9vdGhlcl9pbWFnZXMvaW1nNjEyNjA4ODguanBnIiAvPgogIDxpbWcgc3JjPSJodHRwOi8vaW1hZ2UucmFrdXRlbi5jby5qcC9tb3lvdWdhZWhvbnBvL2NhYmluZXQvc2hlZXQvZGktbm9jL290aGVyX2ltYWdlcy9pbWc2MTI2MDg4NS5qcGciIC8+CjxpbWcgc3JjPSJodHRwOi8vaW1hZ2UucmFrdXRlbi5jby5qcC9tb3lvdWdhZWhvbnBvL2NhYmluZXQvc2hlZXQvZGktbm9jL290aGVyX2ltYWdlcy9pbWc2MTI3NzE2Ny5qcGciIC8+CjxpbWcgc3JjPSJodHRwOi8vaW1hZ2UucmFrdXRlbi5jby5qcC9tb3lvdWdhZWhvbnBvL2NhYmluZXQvc2hlZXQvZGktbm9jL290aGVyX2ltYWdlcy9pbWc2MTI2MDg4Ni5qcGciIC8+CjxpbWcgc3JjPSJodHRwOi8vaW1hZ2UucmFrdXRlbi5jby5qcC9tb3lvdWdhZWhvbnBvL2NhYmluZXQvc2hlZXQvZGktbm9jL290aGVyX2ltYWdlcy9pbWc2MTI2MDg4OS5qcGciIC8+CjxpbWcgc3JjPSJodHRwOi8vaW1hZ2UucmFrdXRlbi5jby5qcC9tb3lvdWdhZWhvbnBvL2NhYmluZXQvc2hlZXQvZGktbm9jL290aGVyX2ltYWdlcy9pbWc2MTI2MDg4Ny5qcGciIC8+CjxpbWcgc3JjPSJodHRwOi8vaW1hZ2UucmFrdXRlbi5jby5qcC9tb3lvdWdhZWhvbnBvL2NhYmluZXQvc2hlZXQvZGktbm9jL290aGVyX2ltYWdlcy9pbWc2MTI2MDg5MC5qcGciIC8+CjwvZGl2Pgo8cCBjbGFzcz0iZ29vZHMtbmV4dCIgc3R5bGU9Im1hcmdpbjowcHg7Ij48L3A+CjwvZGl2Pgo8IS0t44Oq44Ki44OG44OD44Kv5rGO55So44Oq44Oz44KvIOOBk+OBk+OBvuOBpy0tPjxzdHlsZSB0eXBlPSJ0ZXh0L2NzcyI+CjwhLS0KCi8q5ZWG5ZOB5ZCN44Gu44OV44Kp44Oz44OI5oOF5aCxKi8KLml0ZW1fbmFtZSB7CglkaXNwbGF5OmJsb2NrOwoJbWFyZ2luOjAgMCA4cHggMDsKCWZvbnQtZmFtaWx5OiLjg5Ljg6njgq7jg47op5LjgrQgUHJvIFczIiwgIkhpcmFnaW5vIEtha3UgR290aGljIFBybyIsICLjg6HjgqTjg6rjgqoiLCBNZWlyeW8sIE9zYWthLCAi77yt77yzIO+8sOOCtOOCt+ODg+OCryIsICJNUyBQR290aGljIiwgc2Fucy1zZXJpZjsKCWZvbnQ6Ym9sZCAxNnB4OwoJY29sb3I6IzMzMzsKCWxpbmUtaGVpZ2h0OjEyMCU7Cgp9Ci8q44Kt44Oj44OD44OB44Kz44OU44O844Gu44OV44Kp44Oz44OI5oOF5aCxKi8KLmNhdGNoX2NvcHkgewoJZGlzcGxheTpibG9jazsKCW1hcmdpbjowIDAgOHB4IDAgOwoJZm9udC1mYW1pbHk6IuODkuODqeOCruODjuinkuOCtCBQcm8gVzMiLCAiSGlyYWdpbm8gS2FrdSBHb3RoaWMgUHJvIiwgIuODoeOCpOODquOCqiIsIE1laXJ5bywgT3Nha2EsICLvvK3vvLMg77yw44K044K344OD44KvIiwgIk1TIFBHb3RoaWMiLCBzYW5zLXNlcmlmOwoJZm9udC1zaXplOjE0cHg7Cgljb2xvcjojMzMzOwp9CgovKuebrueOieWVhuWTgeOBruaWh+WtlyovCmEubG9zc2xlYWRlcl9pdGVtX25hbWU6bGluayB7Cgljb2xvcjojNTU1OwoJZm9udC1zaXplOjEzcHg7Cn0KCnNwYW4ubG9zc2xlYWRlcl9wcmljZTJ7Cgljb2xvcjojRkYwMDAwOwoJZm9udC1zaXplOjEycHg7Cn0KCi8q44Oa44O844K45bem5LiK44Gu44Kt44O844Ov44O844OJ6KGo56S65qyEKi8KZGl2I0hlYWRlcktleXdvcmQgewoJcG9zaXRpb246YWJzb2x1dGU7Cgl0b3A6NDhweDsvKuS4gOeVquS4iuOBi+OCieOBruS9jee9riovCglsZWZ0OjgwcHg7Lyrlt6bnq6/jgYvjgonjga7kvY3nva4qLwoJZm9udDoxNHB4ICLjg5Ljg6njgq7jg47op5LjgrQgUHJvIFczIiwgIkhpcmFnaW5vIEtha3UgR290aGljIFBybyIsICLjg6HjgqTjg6rjgqoiLCBNZWlyeW8sIE9zYWthLCAi77yt77yzIO+8sOOCtOOCt+ODg+OCryIsICJNUyBQR290aGljIiwgc2Fucy1zZXJpZjsKCXdpZHRoOjQyMHB4Owp9CgpkaXYjSGVhZGVyS2V5d29yZCBzcGFuIHsKCWJhY2tncm91bmQ6ICNiZjAwMDA7Cgljb2xvcjojZmZmOwoJZm9udC13ZWlnaHQ6Ym9sZDsKCXBhZGRpbmc6MnB4IDVweDsKfQoKZGl2I0hlYWRlcktleXdvcmQgYSB7Cgljb2xvcjojMDA0NENDOwp9CgoKLyog5YCL5pWw5YWl5Yqb5qyE44Gu5aSn44GN44GVICovCmlucHV0I3VuaXRzIHsKCXBhZGRpbmc6IDRweDsKfQoKLyog44GK6LK344GE54mp44GL44GU44Oc44K/44Oz44Gu5aSn44GN44GVICovCnRkID4gaW5wdXQgewoJZm9udC1zaXplOiAxMnB4OwoJcGFkZGluZzo4cHggMTJweCA4cHggMTJweDsKCXdpZHRoOiBhdXRvOwp9CgovKiDjgIzllYblk4HjgavjgaTjgYTjgabjga7llY/jgYTlkIjjgo/jgZvjgI3jg5zjgr/jg7Pjga7lpKfjgY3jgZUqLwpmb250IGlucHV0IHsKCWZvbnQtc2l6ZTogMTJweDsKCXBhZGRpbmc6MnB4OwoJd2lkdGg6IDE1MHB4Owp9CgoKLS0+Cjwvc3R5bGU+CgoKPGRpdiBpZD0iSGVhZGVyS2V5d29yZCI+CjxzcGFuPuazqOebruOBruOCreODvOODr+ODvOODiTwvc3Bhbj4K44Ks44Op44K544OV44Kj44Or44OgCuacqOebrgrmtbTlrqQg5bqKCuODquOCouODhuODg+OCrwoKPC9kaXY+,44K344Oz44Kw44Or44Kr44Op44O877yI5Y2Y6Imy77yJIOOAkOOCpOOCqOODreODvC/jgqrjg6zjg7Pjgrgv6buEL+apmeOAkSDjgqvjg6njg5Xjg6sv44K144Oz44Ky44OEL+ODquOCouODhuODg+OCry/jgqvjg4Pjg4bjgqPjg7PjgrDjgrfjg7zjg4gv5bGL5aSW5L2/55So5Y+vL+aKl+iPjOODu+mYsuOCq+ODky/jgqjjg7Pjg5zjgrkv5YyW57Kn44K344O844OIL+WhqeODk+OCt+ODvOODiC/nspjnnYAv44K344O844OrL0RJWS/jg6rjg5Xjgqnjg7zjg6Av44Oq44Oh44Kk44KvL+OAkOODoeODvOOCq+ODvOebtOmAgSZyQXJyO+mAgeaWmeeEoeaWmeOAkSBUQS/jg6rjgqLjg4bjg4Pjgq/jgrfjg7zjg4jvvJrmqKHmp5jmm7/jgYjjgrfjg6fjg4Pjg5fjgIDjg4fjgrM=,44Kr44OD44OG44Kj44Oz44Kw44K344O844OI44OV44Kj44Or44Og44Kr44OD44OG44Kj44Oz44Kw44K344O844Or5aOB57SZ57KY552A44K344O844OI5qih5qeY5pu/44GI44K344O844OI5YyW57Kn44K344O844OI5aOB57SZ44K344O844OI44OA44Kk44OO44OD44Kv44OZ44Or44OT44Ki44Oz44Oq44Ki44OG44OD44Kv44OR44Ot44Ki44Kq44Or44OG44Kj44OO44OT44Ol44O844Kr44Or44ON44Kq44OD44Kv44K544ON44Kq44K/44Kk44Or44ON44Kq44OV44Ot44Ki44Oq44OV44Kp44O844Og44K344O844OI44K144Oz44Ky44OE44Oq44Oq44Kr44Op44Or44OO44Oz77yT77yt44K544Oq44O844Ko44Og44Ki44Kk44Kr44Oq44Oz44OG44OD44Kv44K144Kk44Oz44K344K544OG44Og44K744Kt44K544Kk5qGc5LqV5p2x44Oq44Ok44Oo44Kk5qW15p2x6YOo5bGL5aSn5a6256m65a6k44Kq44O844OK44O85oi45bu66LOD6LK454mp5Lu25LiN5YuV55Sj566h55CG5Lya56S+44Ob44OG44Or44Oe44Oz44K344On44Oz44Ki44OR44O844OI5bqX6IiX44GK5bqX5rW05a6k6aKo5ZGC44Om44OL44OD44OI44OQ44K544OQ44K544Or44O844Og44Kt44OD44OB44Oz44OI44Kk44Os5rC05bu744KK44Kz44O844Kt44Oz44Kw5rSX6Z2i5oqX6I+M6Ziy44Kr44OT5rGa44KM6Ziy5q2i6Ziy5rGa77yk77yp77y55pel5puc5aSn5bel5qih5qeY5pu/44GI44OR44ON44Or5bel5rOV44K744Or44OV44Oq44OV44Kp44O844Og5pa95bel6IG35Lq65bCC6ZaA6Ieq5L2c44OX44Ot6LK844KK5pa55r+A5a6J6LKp5aOy5bqX5qWt6LKp6YCa6LKp5Y246LKp5aOy6YCa5L+h6LKp5aOy56aP5bKh55yM56aP5bKh5biC5aSn6YeO5Z+O5biC5aSq5a6w5bqc5biC5pil5pel5biC562R57Sr6YeO5biC44Kr44Op44O855m944Ob44Ov44Kk44OI6buS44OW44Op44OD44Kv44Oe44OD44OI44OW44Op44OD44Kv6LWk44Os44OD44OJ44Oe44OD44OI5YWJ5rKi6Im25raI44GX5ZKM57SZ5ZKM5p+E5ZKM6aKo5p+E5pyo55uu5pyo55uu5p+E5pyo55uu44K344O844OIV09PROeEoeWcsOOCq+ODvOODnOODs+ODoeOCv+ODquODg+OCr+ODn+ODqeODvOmPoemdouODqeODoeODoeODg+OCremdqea8huWFieayouODrOOCtuODvOearuefs+ebruWkp+eQhuefs+ODh+OCtuOCpOODs+OCq+ODvOODqeODg+ODlOODs+OCsOODqeODg+ODlOODs+OCsOOCq+ODvOOCueOCs+ODg+ODgeODl+ODquODs+ODiOODqeODg+ODl+ODleOCo+ODq+ODoDEwODDjg7Tjgqfjg6njg4Pjg5fjgrnjg4DjgqTjg47jg4Pjgq/jgqvjg7zjg5zjg7Pjg57jg4Pjg4jjg5bjg6njg4Pjgq/ou4rjg5DjgqTjgq/jg5jjg6vjg6Hjg4Pjg4jjgqjjgqLjg63jgqvjg7zjg6njg4Pjg5Tjg7PjgrDjgqvjgrnjgr/jg6DlhoXoo4XlpJboo4Xjg4njg6zjgrnjgqLjg4Pjg5fjgqTjg7Pjg4bjg6rjgqLjg6rjg5Xjgqnjg7zjg6Djg6rjg47jg5njg7zjgrfjg6fjg7Posrzmm7/jgYjmlr3lt6Xlt6Xkuovkv67nkIbmlLnoo4Xkv67nuZXljp/nirblm57lvqnluorlt6XkuovlhoXoo4Xlt6XkuovlrqTlhoXoo4Xpo77lo4HntJnjgq/jg63jgrnnlbPopZbjgqvjg7zjg5rjg4Pjg4jjgqvjg7zjg4bjg7Pjg5bjg6njgqTjg7Pjg4nnnIvmnb/jgrXjgqTjg7PjgrDjg6njg5XjgqPjg4Pjgq/jgqTjg7Pjgq/jgrjjgqfjg4Pjg4jlsYvlpJblsYvlhoXjg57jg7zjgq3jg7PjgrDjgr/jg4Pjgq/jg5rjgqTjg7Pjg4jjg5Hjg43jg6vmtbTlrqTjg5Hjg43jg6vjgrPjg7Pjg5Xjgqnjg7zjg4jjg5Hjg43jg6vjg5Djgrnjg5Hjg43jg6vkvY7nmbrnoLLloanjg5Pmnb/loanjg5Pmnb/jg5Xjgqnjg7zjg6zjg4Pjgq/jgrnopIflkIjmnb/jgqLjg6vjg5/opIflkIjmnb/jgqLjg6vjg53jg6rjg4Pjgq/jgr3jg6zjgqTjgr/jgqzjg6njgrnjg5XjgqPjg6vjg6DnqpPjg5XjgqPjg6vjg6BVVue0q+Wklue3muOCq+ODg+ODiOmjm+aVo+mYsuatoumYsuiZq+OBmeOCiuOCrOODqeOCuemBrueGseODleOCo+ODq+ODoOmAj+aYjuODl+ODqeOCpOODkOOCt+ODvOODh+OCtuOCpOODs+ebrumaoOOBl+aXpeeEvOOBkeatouOCgeeqk+mjvuOCiuepuuWupOWvvuetluilv+aXpeWvvuetluaXpeWwhOmBruiUveevgOmbu+Wvvuetlueqk+aWreeGseeBveWus+WvvuetluWPsOmiqOernOW3u+OCreODg+ODgeODs+aJieOCq+ODqeODvOODnOODg+OCr+OCueeOhOmWouaJieODieOCouWutuWFt+WGt+iUteW6q+ODkeOCveOCs+ODs+ODh+OCueOCr+OCq+OCpuODs+OCv+ODvOajmuacuuODqeODg+OCr+ODhuODvOODluODq+ODgeOCp+OCueODiOOCqOODrOODmeODvOOCv+ODvOWGheeqk+alveeqk+S6jOmHjeeqk+aWreeGseaWreeGseS6jOmHjeeqk+evgOmbu+evgOe0hOOCqOOCs+ecgeOCqOODjeWKueaenOWGt+aIv+aaluaIv+mYsueKr+mYsumfs+e1kOmcsumBk+WFt+ODl+ODqeOCpOODnuODvOODkeODhuOCueOCreODvOOCuOODvOOCv+OCpOODq+Whl+ijheOCv+OCpOODq+OCq+ODvOODmuODg+ODiOS8uOe4ruabsumdojNE5rm+5puy5Ly444Gz44KL6ZuR6LKo44K344Oz44Kw44Or44Kr44Op44O877yI5Y2Y6Imy77yJIOOAkOOCpOOCqOODreODvC/jgqrjg6zjg7Pjgrgv6buEL+apmeOAkSDjgqvjg6njg5Xjg6sv44K144Oz44Ky44OEL+ODquOCouODhuODg+OCry/jgqvjg4Pjg4bjgqPjg7PjgrDjgrfjg7zjg4gv5bGL5aSW5L2/55So5Y+vL+aKl+iPjOODu+mYsuOCq+ODky/jgqjjg7Pjg5zjgrkv5YyW57Kn44K344O844OIL+WhqeODk+OCt+ODvOODiC/nspjnnYAv44K344O844OrL0RJWS/jg6rjg5Xjgqnjg7zjg6Av44Oq44Oh44Kk44KvL+OAkOODoeODvOOCq+ODvOebtOmAgSZyQXJyO+mAgeaWmeeEoeaWmeOAkSBUQS/jg6rjgqLjg4bjg4Pjgq/jgrfjg7zjg4g=,44CQ6YCB5paZ54Sh5paZ44CR44K144Oz44Ky44OEL+ODquOCouODhuODg+OCry/jgqvjg4Pjg4bjgqPjg7PjgrDjgrfjg7zjg4gv44CC44K344Oz44Kw44Or44Kr44Op44O877yI5Y2Y6Imy77yJIOOAkOOCpOOCqOODreODvC/jgqrjg6zjg7Pjgrgv6buEL+apmeOAkSDjgqvjg6njg5Xjg6sv44K144Oz44Ky44OEL+ODquOCouODhuODg+OCry/jgqvjg4Pjg4bjgqPjg7PjgrDjgrfjg7zjg4gv5bGL5aSW5L2/55So5Y+vL+aKl+iPjOODu+mYsuOCq+ODky/jgqjjg7Pjg5zjgrkv5YyW57Kn44K344O844OIL+WhqeODk+OCt+ODvOODiC/nspjnnYAv44K344O844OrL0RJWS/jg6rjg5Xjgqnjg7zjg6Av44Oq44Oh44Kk44KvL+OAkOODoeODvOOCq+ODvOebtOmAgSZyQXJyO+mAgeaWmeeEoeaWmeOAkSBUQS/jg6rjgqLjg4bjg4Pjgq/jgrfjg7zjg4g=[rn]
31-2609,aHR0cDovL3RzaG9wLnIxMHMuanAvbW95b3VnYWVob25wby9jYWJpbmV0L3NoZWV0L3JlYXRlYy9yZWF0ZWNfaXRlbS9pbWdyYzAwNjMzMzE5NjkuanBnP2ZpdGluPTcwMDo3MDA=,MjkxLjIwMDA=,,6Iqx44O744Ks44O844OH44Oz44O7RElZID4g5L2P5a6F5bu65p2Q44O76Kit5YKZID4g5aOB5p2QID4g44Gd44Gu5LuW,44K344Oz44Kw44Or44Kr44Op44O877yI5Y2Y6Imy77yJIOOAkOmdki/msLToibIv57S6L+e0q+OAkSDjgqvjg6njg5Xjg6sv44K144Oz44Ky44OEL+ODquOCouODhuODg+OCry/jgqvjg4Pjg4bjgqPjg7PjgrDjgrfjg7zjg4gv5bGL5aSW5L2/55So5Y+vL+aKl+iPjOODu+mYsuOCq+ODky/jgqjjg7Pjg5zjgrkv5YyW57Kn44K344O844OIL+WhqeODk+OCt+ODvOODiC/nspjnnYAv44K344O844OrL0RJWS/jg6rjg5Xjgqnjg7zjg6Av44Oq44Oh44Kk44KvL+OAkOODoeODvOOCq+ODvOebtOmAgeKHkumAgeaWmeeEoeaWmeOAkSBUQS/jg6rjgqLjg4bjg4Pjgq/jgrfjg7zjg4g=,44CQ6YCB5paZ54Sh5paZ44CR44K144Oz44Ky44OEL+ODquOCouODhuODg+OCry/jgqvjg4Pjg4bjgqPjg7PjgrDjgrfjg7zjg4gv,PHN0eWxlIHR5cGU9InRleHQvY3NzIj48IS0tCnNwYW4udW5pdCB7YmFja2dyb3VuZDogdXJsKCJodHRwOi8vaW1hZ2UucmFrdXRlbi5jby5qcC9tb3lvdWdhZWhvbnBvL2NhYmluZXQvaW1ncmMwMDY4NDk3NjQ1LmpwZyIpIG5vLXJlcGVhdCBsZWZ0IHRvcDsKdGV4dC1pbmRlbnQ6LTk5OTk7CmRpc3BsYXk6IGJsb2NrOwp3aWR0aDogNDAwcHg7IGhlaWdodDogMTAwcHg7Cm1hcmdpbjoxNXB4IDA7IH0KLS0+PC9zdHlsZT4KCgo8ZGl2IHN0eWxlPSIgd2lkdGg6ODAwcHg7IGZvbnQtZmFtaWx5Oifjg5Ljg6njgq7jg47op5LjgrQgUHJvIFczJywgJ0hpcmFnaW5vIEtha3UgR290aGljIFBybycsICfjg6HjgqTjg6rjgqonLCBNZWlyeW8sIE9zYWthLCAn77yt77yzIO+8sOOCtOOCt+ODg+OCrycsICdNUyBQR290aGljJywgc2Fucy1zZXJpZjsgbWFyZ2luOjAgYXV0bzsiIGFsaWduPSJjZW50ZXIiICA+Cgo8IS0t44K/44Kk44OI44Or6YOo5YiGLS0+CjxjZW50ZXI+PGgxIHN0eWxlPSJjb2xvcjojNjY2NjY2OyBmb250LXNpemU6MjBweDsiPuOCteODs+OCsuODhOOAgOODquOCouODhuODg+OCr+OAgOOCq+ODg+ODhuOCo+ODs+OCsOOCt+ODvOODiDxicj4K44K344Oz44Kw44Or44Kr44Op44O8L+eEoeWcsOOAkOOCqOODs+ODnOOCuS/jg5Xjg6njg4Pjg4gv44Kw44Ot44K544CRCjwvaDE+PC9jZW50ZXI+CjxpbWcgc3JjPSJodHRwOi8vaW1hZ2UucmFrdXRlbi5jby5qcC9tb3lvdWdhZWhvbnBvL2NhYmluZXQvc2hlZXQvcmVhdGVjLzA0MTYyMTM0L2ltZ3JjMDA2MzI2MTQxMy5qcGciPgo8aHI+CjxpbWcgc3JjPSJodHRwOi8vaW1hZ2UucmFrdXRlbi5jby5qcC9tb3lvdWdhZWhvbnBvL2NhYmluZXQvc2hlZXQvcmVhdGVjLzA0MTYyMTM0L2ltZ3JjMDA2MzMzMjIxMS5qcGciPgo8IS0t44GT44GT44G+44Gn44K/44Kk44OI44Or6YOo5YiGLS0+Cgo8IS0t5pa95bel5LqL5L6LLS0+CjxoMj7lvZPlupfjga7mlr3lt6Xkuovkvos8L2gyPgoKPGltZyBzcmM9Imh0dHA6Ly9pbWFnZS5yYWt1dGVuLmNvLmpwL21veW91Z2FlaG9ucG8vY2FiaW5ldC9zaGVldC9yZWF0ZWMvMDQxNjIxMzQvaW1ncmMwMDYzMjYxNDE1LmpwZyI+PGJyPgo8IS0t44GT44GT44G+44Gn5pa95bel5LqL5L6LLS0+Cgo8IS0t44Ko44Ki44K544Or44O844Gr44Gk44GE44GmLS0+CjxoMj7nvo7jgZfjgYTku5XkuIrjgYzjgorjgajlt6XmnJ/jga7nn63nuK7jgpLkuKHnq4s8L2gyPgo8cD48aW1nIHNyYz0iaHR0cDovL2ltYWdlLnJha3V0ZW4uY28uanAvbW95b3VnYWVob25wby9jYWJpbmV0L3NoZWV0L3JlYXRlYy9pbWdyYzAwNjI2NjQyNDMuanBnIj4KPC9wPgo8IS0t44GT44GT44G+44Gn44Ko44Ki44K544Or44O844Gr44Gk44GE44GmLS0+Cgo8IS0t44Kr44Op44O844OQ44Oq44Ko44O844K344On44OzLS0+CjxoMj7osYrlr4zjgarjgqvjg6njg7zjg5Djg6rjgqjjg7zjgrfjg6fjg7M8L2gyPgo8cD48IS0t44GT44GT44G+44Gn44Kr44Op44O844OQ44Oq44Ko44O844K344On44OzLS0+PGltZyBzcmM9Imh0dHA6Ly9pbWFnZS5yYWt1dGVuLmNvLmpwL21veW91Z2FlaG9ucG8vY2FiaW5ldC9zaGVldC9yZWF0ZWMvcmVhdGVjX2l0ZW0vaW1ncmMwMDYzMzMxOTc5LmpwZyIgLz4KCjwhLS3osrzjgormlrnjg7vpgZPlhbctLT4KPGhyPgo8cD48aW1nIHNyYz0iaHR0cDovL2ltYWdlLnJha3V0ZW4uY28uanAvbW95b3VnYWVob25wby9jYWJpbmV0L2hhcmlrYXRhL2ltZ3JjMDA2MzEzOTQ5NS5qcGciIGFsdD0i44K344O844OI44Gu6LK844KK5pa544CA44K344O844OI44Gu5by144KK5pa544CA6LK844KK44GL44Gf44CA5by144KK44GL44Gf44CA44Kr44OD44OG44Kj44Oz44Kw44K344O844OIIiA+PC9wPgo8aHI+CjxwPjxpbWcgc3JjPSJodHRwOi8vaW1hZ2UucmFrdXRlbi5jby5qcC9tb3lvdWdhZWhvbnBvL2NhYmluZXQvc2hlZXQvc2VhdF9kb3VndS9pbWc1NzQ4NTExNC5naWYiPjwvcD4KCjxkaXYgc3R5bGU9IndpZHRoOjgwMHB4OyIgY2xhc3M9ImNzX2l0ZW0iPgo8YSBocmVmPSJodHRwOi8vaXRlbS5yYWt1dGVuLmNvLmpwL21veW91Z2FlaG9ucG8va291Z3UtZGlub2NwdXJhaW1hLS8iPjxpbWcgCgpzcmM9Imh0dHA6Ly9pbWFnZS5yYWt1dGVuLmNvLmpwL21veW91Z2FlaG9ucG8vY2FiaW5ldC9zaGVldC9zZWF0X2RvdWd1L2ltZzU3NDg1MTE2LmdpZiIgd2lkdGg9IjE1MCIgCnRpdGxlPSLjgrfjg7zjg4jjga7nspjnnYDlipvjgpLpq5jjgoHjgb7jgZkK5Z+65pys55qE44Gr44Gv5aGX5biD44KS44GK44GZ44GZ44KB44GX44G+44GZIj48L2E+Cgo8YSBocmVmPSJodHRwOi8vaXRlbS5yYWt1dGVuLmNvLmpwL21veW91Z2FlaG9ucG8vZG91Z3Uta3lva3V0b3UtcGl0YXR0b2t1bm4xMG1haS8iPgo8aW1nIHNyYz0iaHR0cDovL2ltYWdlLnJha3V0ZW4uY28uanAvbW95b3VnYWVob25wby9jYWJpbmV0L3NoZWV0L3NlYXRfZG91Z3UvaW1nNTc0ODUxMTUuZ2lmIiB3aWR0aD0iMTUwIiAKdGl0bGU9IuOCueOCreODvOOCuOODvO+8huODlOOCv+ODg+OBqOOBj+OCkwrosrzjgorjgoTjgZnjgZXjgYzjgrDjg4PjgajlpInjgo/jgorjgb7jgZkiPjwvYT4KCjxhIGhyZWY9Imh0dHA6Ly9pdGVtLnJha3V0ZW4uY28uanAvbW95b3VnYWVob25wby9vcnVmYS1jdXR0ZXIvIj4KPGltZyBzcmM9Imh0dHA6Ly9pbWFnZS5yYWt1dGVuLmNvLmpwL21veW91Z2FlaG9ucG8vY2FiaW5ldC9zaGVldC9zZWF0X2RvdWd1L2ltZzU3NDg1MTEyLmdpZiIgd2lkdGg9IjE1MCIgCnRpdGxlPSLogbfkurrjgoLkvb/nlKjjgZnjgovjgqvjg4Pjgr/jg7wK5YiH44KM5ZGz44GM44KI44GE44Go5LuV5LiK44GM44KK44KC6YGV44GE44G+44GZIj48L2E+Cgo8YSBocmVmPSJodHRwOi8vaXRlbS5yYWt1dGVuLmNvLmpwL21veW91Z2FlaG9ucG8vZHVvdGVjay10cmltYXIvIj4KPGltZyBzcmM9Imh0dHA6Ly9pbWFnZS5yYWt1dGVuLmNvLmpwL21veW91Z2FlaG9ucG8vY2FiaW5ldC9zaGVldC9zZWF0X2RvdWd1L2ltZzU3NDg1MTE3LmdpZiIgd2lkdGg9IjE1MCIgCnRpdGxlPSLoo4/ntJnjgaDjgZHjgpLliIfjgovjgqvjg4Pjgr/jg7zjgIAK44K444On44Kk44Oz44OI5pa95bel44Gu44Go44GN44Gr44Gv5b+F6aCIIj48L2E+Cgo8YSBocmVmPSJodHRwOi8vaXRlbS5yYWt1dGVuLmNvLmpwL21veW91Z2FlaG9ucG8vc3RlbnJlcy1qaWJlcmEtNXN1bm4vIj4KPGltZyBzcmM9Imh0dHA6Ly9pbWFnZS5yYWt1dGVuLmNvLmpwL21veW91Z2FlaG9ucG8vY2FiaW5ldC9zaGVldC9zZWF0X2RvdWd1L2ltZzU3NDg1MTEzLmdpZiIgd2lkdGg9IjE1MCIgCnRpdGxlPSLlnLDjg5njg6njgIAK44OX44Op44Kk44Oe44O844KS5aGX44KL44Go44GN44KECumaheOCkuWIh+OCi+OCq+ODg+OCv+ODvOOCrOOCpOODieOBqOOBl+OBpuOCgiI+PC9hPgo8YnI+Cjxicj4KCjxoMj7jgZTos7zlhaXjgavjgaTjgYTjgabvvIjlv4XjgZrjgYroqq3jgb/jgY/jgaDjgZXjgYTvvIk8L2gyPgo8SU1HIHNyYz0iaHR0cDovL2ltYWdlLnJha3V0ZW4uY28uanAvbW95b3VnYWVob25wby9jYWJpbmV0L29yZGVyX21ldGhvZC9ob3d0b19vcmRlci9pbWc1NzQ4NTA5MC5naWYiIHdpZHRoPSI3NjAiIHN0eWxlPSJtYXJnaW46MHB4OyI+CjxwIGFsaWduPSJsZWZ0IiBzdHlsZT0ibWFyZ2luOjBweDsgd2lkdGg6NzIwcHg7Ij7jgZTos7zlhaXjga7pmpvjga88Yj7jgrfjg7zjg4jluYUxMjJjbcOX6ZW344GVMTBjbeOBpzHlgIvjga7jgZTms6jmloc8L2I+44Go44Gq44KK44G+44GZ44CCPGJyPgogIDxiPjxmb250IGNvbG9yPSIjRkYwMDAwIj7jgZTms6jmlofjga8xMOWAi+S7peS4iu+8iOmVt+OBle+8ke+9jeS7peS4iu+8ieOBi+OCiTwvZm9udD48L2I+44Go44Gq44KK44G+44GZ44CCPGJyPgogIOOBquOBiuOAgeWQjOS4gOWTgeeVquOBp+ikh+aVsOOBq+WIhuOBkeOBn+OCq+ODg+ODiOOCkuaJv+OCi+OBk+OBqOOBr+OBp+OBjeOBvuOBm+OCk+OBruOBp+OAgeOBlOS6huaJv+OBj+OBoOOBleOBhOOAgjwvcD4KPGhyPgo8SU1HIHNyYz0iaHR0cDovL2ltYWdlLnJha3V0ZW4uY28uanAvbW95b3VnYWVob25wby9jYWJpbmV0L3NoZWV0L3JlYXRlYy9pbWc1OTE4NTE0NC5naWYiIHdpZHRoPSI3NjAiIGJvcmRlcj0iMCI+Cgo8cCBhbGlnbj0ibGVmdCIgc3R5bGU9Im1hcmdpbjo4cHggMCAwIDA7IHdpZHRoOjcyMHB4OyI+PHNwYW4gc3R5bGU9ImZvbnQtd2VpZ2h0OmJvbGQ7IGNvbG9yOnJlZDsiPuS7o+mHkeW8leaPm+OBruWgtOWQiOOBr+W9k+W6l+OCiOOCiueZuumAgeOBqOOBquOCi+OBn+OCgemAgeaWmeODu+S7o+W8leaJi+aVsOaWmeOBjOWIpemAlOW/heimgeOBqOOBquOCiuOBvuOBmeOAgjwvc3Bhbj48YnI+CiAg44GU5rOo5paH5b6M44Gr44CB5b2T5bqX44Gn6YCB5paZ44KS5L+u5q2j44Gu44GG44GI5oqY44KK6L+U44GX44GU6YCj57Wh44GE44Gf44GX44G+44GZ44CCPGJyPgogIOmKgOihjOaMr+i+vOOBruWgtOWQiOOBr+OAgemAgeaWmeS/ruato+W+jOOBrumHkemhjeOCkuOBlOeiuuiqjeOBruOBhuOBiOOBiuaMr+i+vOOBhOOBn+OBoOOBjeOBvuOBmeOCiOOBhuOAgeOCiOOCjeOBl+OBj+OBiumhmOOBhOOBhOOBn+OBl+OBvuOBmeOAgjwvcD4KCjxwIGFsaWduPSJyaWdodCI+CjxJTUcgc3JjPSJodHRwOi8vaW1hZ2UucmFrdXRlbi5jby5qcC9tb3lvdWdhZWhvbnBvL2NhYmluZXQvc2hlZXQvcGFyb2kvbWFzdGVyL2ltZzU3MjM1NjgxLmpwZyI+PGJyPgo8SU1HIHNyYz0iaHR0cDovL2ltYWdlLnJha3V0ZW4uY28uanAvbW95b3VnYWVob25wby9jYWJpbmV0L3NoZWV0L3Bhcm9pL21hc3Rlci9pbWc1NzIzNTY4NS5qcGciIHdpZHRoPSIxNDQiIGhlaWdodD0iMjYiIGJvcmRlcj0iMCIgdnNwYWNlPSIxNSIgaHNwYWNlPSI1Ij4KPElNRyBzcmM9Imh0dHA6Ly9pbWFnZS5yYWt1dGVuLmNvLmpwL21veW91Z2FlaG9ucG8vY2FiaW5ldC9zaGVldC9wYXJvaS9tYXN0ZXIvaW1nNTcyMzU2ODcuanBnIiB3aWR0aD0iMTQ0IiBoZWlnaHQ9IjI2IiBib3JkZXI9IjAiIHZzcGFjZT0iMTUiIGhzcGFjZT0iNSI+CjxJTUcgc3JjPSJodHRwOi8vaW1hZ2UucmFrdXRlbi5jby5qcC9tb3lvdWdhZWhvbnBvL2NhYmluZXQvc2hlZXQvcGFyb2kvbWFzdGVyL2ltZzU3MjM1NzA0LmpwZyIgd2lkdGg9IjIxOSIgaGVpZ2h0PSIyNiIgYm9yZGVyPSIwIiB2c3BhY2U9IjE1IiBoc3BhY2U9IjUiPgo8SU1HIHNyYz0iaHR0cDovL2ltYWdlLnJha3V0ZW4uY28uanAvbW95b3VnYWVob25wby9jYWJpbmV0L3NoZWV0L3Bhcm9pL21hc3Rlci9pbWc1NzIzNTY4Ni5qcGciIHZzcGFjZT0iMTUiIGhzcGFjZT0iNSI+PC9wPgoKCjwvZGl2Pgo8L2Rpdj4KPCEtLemWoumAo+WVhuadkOODquODs+OCryDjgZPjgZPjgYvjgoktLT4KPHN0eWxlIHR5cGU9InRleHQvY3NzIj4KLmthbnJlbiBpbWd7Cm1hcmdpbi1ib3R0b206MXB4O30KLmthbnJlbiBoM3sgCmZvbnQtZmFtaWx5OiLjg5Ljg6njgq7jg47op5LjgrQgUHJvIFczIiwgIkhpcmFnaW5vIEtha3UgR290aGljIFBybyIsICLjg6HjgqTjg6rjgqoiLCBNZWlyeW8sIE9zYWthLCAi77yt77yzIO+8sOOCtOOCt+ODg+OCryIsICJNUyBQR290aGljIiwgc2Fucy1zZXJpZjsgY29sb3I6IzM7IGZvbnQtc2l6ZToxMnB4OyBmb250LXdlaWdodDpib2xkOyBtYXJnaW4tYm90dG9tOjRweDt9Ci5rYW5yZW4gcHsKbWFyZ2luLWJvdHRvbToycHg7fQo8L3N0eWxlPgo8ZGl2IGNsYXNzPSJnb29kcy10YmwiIHN0eWxlPSJwYWRkaW5nLWJvdHRvbTowcHg7Ij4KPGRpdiBjbGFzcz0ia2FucmVuIj4KPHAgc3R5bGU9ImZvbnQtd2VpZ2h0OmJvbGQ7IHRleHQtYWxpZ246Y2VudGVyOyI+772eIOWjgeOBqOW6iuOCkuS4gOe3kuOBq+ODquODjuODmeODvOOCt+ODp+ODs+OBl+OBvuOBm+OCk+OBi++8nyDvvZ48L3A+CjxwPjxpbWcgc3JjPSJodHRwOi8vaW1hZ2UucmFrdXRlbi5jby5qcC9tb3lvdWdhZWhvbnBvL2NhYmluZXQvYmFubmVyL2ltZ3JjMDA2MjY1Mzc3Ni5qcGciIHdpZHRoPSI0MjAiPjxiciAvPgrnsKHljZjjgqvjg4Pjg4jjga7jg5Hjg43jg6vkuIvlnLDjgafjg5fjg63jga7ku5XkuIrjgYzjgoo8L3A+CjxwPjxpbWcgc3JjPSJodHRwOi8vaW1hZ2UucmFrdXRlbi5jby5qcC9tb3lvdWdhZWhvbnBvL2NhYmluZXQva2VuemFpL29mdXJvYS9pbWdyYzAwNjI2MzQ2NzMuanBnIiB3aWR0aD0iNDIwIj48YnIgLz4K44K144Oz44Ky44OEIOOBiumiqOWRguOBruW6iuadkCDjgqrjg5Xjg63jgqIg5aSn5Lq65rCXPC9wPgo8cD48aW1nIHNyYz0iaHR0cDovL2ltYWdlLnJha3V0ZW4uY28uanAvbW95b3VnYWVob25wby9jYWJpbmV0L2Jhbm5lci9pbWc2MTAyNTgxMC5qcGciIHdpZHRoPSI0MjAiPjxiciAvPgrlhrfjgZ/jgYQg5ruR44Gj44Gm5oCW44GEIOOCkuino+axuiDmtbTlrqTluormnZAg5o+D44Gj44Gm44GE44G+44GZPC9wPgo8cCBjbGFzcz0iZ29vZHMtbmV4dCIgc3R5bGU9Im1hcmdpbjowcHg7Ij48L3A+CjwvZGl2Pgo8L2Rpdj4KPCEtLemWoumAo+WVhuadkOODquODs+OCryDjgZPjgZPjgb7jgactLT4KPERJViBjbGFzcz0iZ29vZHMtdGJsIj4KCjxoMiBjbGFzcz0iZ29vZHMtdGl0bGUiPgrllYblk4HoqqzmmI4KPC9oMj4KCjxoMyBjbGFzcz0iZ29vZHMtbGVmdCI+5ZOB55WqPC9oMz4KPGRpdiBjbGFzcz0iZ29vZHMtcmlnaHQiPgogIDxwPuOCt+ODs+OCsOODq+OCq+ODqeODvCDljZjoibLjgIDlhag454K5PEJSPgogICAg77yI44CA77yJ44Gv5pen5ZOB55Wq44Go44Gq44KK44G+44GZ44CCPGJyPgogICAg44CA44O7VEEtODM2MSAo5paw6ImyKTxicj4KICAgIOOAgOODu1RBLTgzNjIgKDczNjYpPGJyPgogICAg44CA44O7VEEtODM2MyAoNzM2Myk8YnI+CiAgICDjgIDjg7tUQS04MzY0ICg3MzY4KTxicj4KICAgIOOAgOODu1RBLTgzNjUgKDczNjkpPGJyPgogICAg44CA44O7VEEtODM2NiAoNzM3MCk8YnI+CiAgICDjgIDjg7tUQS04MzY3ICg3MzcxKTxicj4KICAgIOOAgOODu1RBLTgzNjggKOaWsOiJsik8YnI+CiAgICAtLS0tLS0tLS0tLS0tLS0tLS0tLS0tLS0tLS0tLS0tLS0tLS0tLS0tPGJyPgogICAgCiAgICAKPEZPTlQgY29sb3I9IiNmZjAwMDAiPuKAu+OBiuS9v+OBhOOBruODkeOCveOCs+ODs+eSsOWig+OBq+OCiOOCiuOAgeWVhuWTgeOBruiJsuOBjOimi+acrOOBqOWkmuWwkeeVsOOBquOCi+WgtOWQiOOBjOOBguOCiuOBvuOBmeOAgjwvRk9OVD48L3A+CjwvZGl2PgoKPHAgY2xhc3M9Imdvb2RzLW5leHQiPjwvcD4KCjxIMyBjbGFzcz0iZ29vZHMtbGVmdCI+5ZWG5ZOB44K144Kk44K6PC9oMz4KPFAgY2xhc3M9Imdvb2RzLXJpZ2h0Ij7llYblk4Hlt77jgIAxMjJjbS/ljprjgb/jgIDntIQwLjJtbTxicj4K6ZW344GV44GvMW3ku6XkuIoxMGNt5Y2Y5L2N44Gu44Kr44OD44OI6LKp5aOyPEJSPgo8Rk9OVCBjb2xvcj0iI2ZmMDAwMCI+4oC744GU5rOo5paH44GvMTDlgIvvvIgx772N77yJ5Lul5LiK44GL44KJ44Go44Gq44KK44G+44GZ44CCPC9GT05UPjxCUj4KMe+9jeOBlOazqOaWh+KGkjEw5YCL77yPM++9jTIw772D772N44GU5rOo5paH4oaSMzLlgIs8L3A+Cgo8cCBjbGFzcz0iZ29vZHMtbmV4dCI+PC9wPgoKPGgzIGNsYXNzPSJnb29kcy1sZWZ0Ij7ov5Tlk4Hjg7vkuqTmj5vjgavjgaTjgYTjgaY8L2gzPgo8cCBjbGFzcz0iZ29vZHMtcmlnaHQiPuOBk+OBoeOCieOBruWVhuWTgeOBr+OBiuWuouanmOmDveWQiOOBq+OCiOOCi+i/lOWTgeODu+S6pOaPm+OBr+aJv+OCi+S6i+OBjOOBp+OBjeOBvuOBm+OCkzwvcD4KPHAgY2xhc3M9Imdvb2RzLXJpZ2h0Ij4K6L+U5ZOB44O75Lqk5o+b44Gu6Kmz57Sw44Gv44GT44Gh44KJ44KS44GU6Kan44GP44Gg44GV44GEPC9wPgoKPHAgY2xhc3M9Imdvb2RzLW5leHQiPjwvcD4KCjxoMyBjbGFzcz0iZ29vZHMtbGVmdCI+5pa95bel44Gr6Zai44GX44Gm44Gu44GU55WZ5oSP54K577yI44Oh44O844Kr44O86LOH5paZ77yJPC9oMz4KPHAgY2xhc3M9Imdvb2RzLXJpZ2h0Ij4K5pa95bel44Gr6Zai44GZ44KL6LOH5paZ44Gv44GT44Gh44KJ44KS44GU6Kan5LiL44GV44GEIDwvcD4KCjxwIGNsYXNzPSJnb29kcy1uZXh0Ij48L3A+Cgo8aDMgY2xhc3M9Imdvb2RzLWxlZnQiPuijveWTgeaDheWgsS/pmLLngavoqo3lrprnlarlj7fvvIjjg6Hjg7zjgqvjg7zos4fmlpnvvIk8L2gzPgo8cCBjbGFzcz0iZ29vZHMtcmlnaHQiPgroo73lk4HjgavplqLjgZnjgovos4fmlpnjga/jgZPjgaHjgonjgpLjgZTopqfkuIvjgZXjgYQgPC9wPgoKPHAgY2xhc3M9Imdvb2RzLW5leHQiPjwvcD4KCjxoMyBjbGFzcz0iZ29vZHMtbGVmdCI+44Kr44OD44OG44Kj44Oz44Kw55So44K344O844OI77yI5aGp44OT44K344O844OI77yJ44Go44Gv77yfPC9oMz4KPHAgY2xhc3M9Imdvb2RzLXJpZ2h0Ij4K44Kr44OD44OG44Kj44Oz44Kw55So44K344O844OI77yI44OV44Kj44Or44Og44CB44Kk44Oz44OG44Oq44Ki44K344O844OI44CB5YyW57Kn44K344O844OI44CB57KY552A44K344O844OI77yJ44Gv5YSq44KM44Gf5by35bqm44Go576O44GX44GE44OH44K244Kk44Oz44GM5pa944GV44KM44Gf5aOB6KOF55So44Gu44K344O844Or44Gn44GZ44CCPEJSPgrpgJrluLjjgIHjgrfjg7zjg4jjga7oo4/jga/jgrfjg7zjg6vnirbjgavjgarjgaPjgabjgYrjgorjgIHjgZ3jga7nspjnnYDmgKfjgoLpq5jjgY/jgIHluYXluoPjgYTkuIvlnLDjgbjjga7osrzjgorku5jjgZHjgYzlj6/og73jgafjgZnjgII8QlI+Cui/keW5tOOBp+OBr+eUqOmAlOOCguWkmuWykOOBq+a4oeOCiuOAgeODnuODs+OCt+ODp+ODs+OChOaIuOW7uuS9j+WuheOBruWGheijheOBi+OCieOAgeOCquODleOCo+OCueOAgeODm+ODhuODq+OChOS4gOiIrOW6l+iIl+OAgeeXhemZouOAgeS7i+itt+aWveioreOAgeOBleOCieOBq+OBr+a4qea1tOaWveioreOChOODkeODgeODs+OCs+W6l+OBquOBqeOBrumBiuaIr+aWveioreOBrueuoeeQhuiAheOAgeOCquODvOODiuODvOOBrueahuanmOOBq+WlveipleOCkuWNmuOBl+OBpuOBhOOBvuOBmeOAgjxCUj4K44GT44Gu44KI44GG44Gr5Yip5L6/5oCn44GM6auY44GE5bu65p2Q44Gu44Gf44KB44CBM03vvIjjgrnjg6rjg7zjgqjjg6Djg7vjg4DjgqTjg47jg4Pjgq/jg7tESS1OT0PvvInjgIHjgrXjg7PjgrLjg4TvvIjjg6rjgqLjg4bjg4Pjgq/jg7tSRUFURUPvvInjgIHjg6rjg7Pjg4bjg4Pjgq/jgrXjgqTjg7Pjgrfjgrnjg4bjg6DvvIjjg5Hjg63jgqLjg7tQQVJPSSnjgIHjgqLjgqTjgqvvvIjjgqrjg6vjg4bjgqPjg47jg7tBbHR5bm/vvInjgIHjgrfjg7zjgqLjgqTljJbmiJDvvIjjg5njg6vjg5PjgqLjg7Pjg7tiZWxiaWVu77yJ44Gq44Gp44Gu5pyJ5ZCN44Oh44O844Kr44O844GM5aSa5b2p44Gq44Op44Kk44Oz44OK44OD44OX44KS5bGV6ZaL44GX44Gm44GE44G+44GZ44CCPEJSPgrjgb7jgZ/jgIHoh6rli5Xou4rjgavmioDooZPnmoTjgavpoZ7kvLzjga7jg6njg4Pjg5Tjg7PjgrDjg5XjgqPjg6vjg6DvvIjjg6njg4Pjg5fjg5XjgqPjg6vjg6DvvInjgpLosrzjgorku5jjgZHjgabjgIHloZfoo4XjgpLlpInmm7TjgZnjgovjgZPjgajjgarjgY/jgIHjgq/jg6vjg57jga7jgqTjg6Hjg7zjgrjjgpLlpInmm7TjgafjgY3jgovjgqvjg7zjg6njg4Pjg5Tjg7PjgrDjgoLlhajkuJbnlYznmoTjgavkurrmsJfjgYzjgYLjgorjgb7jgZnjgII8QlI+CuOBk+OBoeOCieOBr+S9j+WPizNN77yI44K544Kz44OD44OB44OX44Oq44Oz44OI44O7U2NvdGNocHJpbnQp44KE44Oq44Oz44OG44OD44Kv44K144Kk44Oz44K344K544OG44Og77yI44O044Kn44Op44OD44OX44K544O7VmV3cmFwc++8ieOAgea1t+WkluOBq+ebruOCkuOCgOOBkeOCi+OBqEF2ZXJ5IERlbm5pc29uIFN1cHJlbWUgV3JhcHBpbmcgRmlsbSDjgarjganlpJrjgY/jga7jg5bjg6njg7Pjg4njgafjgqvjg7zjg6njg4Pjg5Tjg7PjgrDjga7mpb3jgZfjgZXjgpLmj5DmoYjjgZfjgabjgYTjgb7jgZnjgII8QlI+CjwvcD4KCjxwIGNsYXNzPSJnb29kcy1uZXh0Ij48L3A+Cgo8L2Rpdj4KPCEtLeODquOCouODhuODg+OCr+axjueUqOODquODs+OCryDjgZPjgZPjgYvjgoktLT4KPHN0eWxlIHR5cGU9InRleHQvY3NzIj4KLmdvb2RzLW5hdmkgaW1newp3aWR0aDoyMTJweDsKdGV4dC1hbGlnbjpjZW50ZXI7fQo8L3N0eWxlPgoKPGRpdiBjbGFzcz0iZ29vZHMtdGJsIiBzdHlsZT0icGFkZGluZy1ib3R0b206MHB4OyI+CjxkaXYgY2xhc3M9Imdvb2RzLW5hdmkiPgogPGltZyBzcmM9Imh0dHA6Ly9pbWFnZS5yYWt1dGVuLmNvLmpwL21veW91Z2FlaG9ucG8vY2FiaW5ldC9zaGVldC9kaS1ub2Mvb3RoZXJfaW1hZ2VzL2ltZzYxMjc3MTY2LmpwZyIgLz4KICA8aW1nIHNyYz0iaHR0cDovL2ltYWdlLnJha3V0ZW4uY28uanAvbW95b3VnYWVob25wby9jYWJpbmV0L3NoZWV0L2RpLW5vYy9vdGhlcl9pbWFnZXMvaW1nNjEyNjA4ODguanBnIiAvPgogIDxpbWcgc3JjPSJodHRwOi8vaW1hZ2UucmFrdXRlbi5jby5qcC9tb3lvdWdhZWhvbnBvL2NhYmluZXQvc2hlZXQvZGktbm9jL290aGVyX2ltYWdlcy9pbWc2MTI2MDg4NS5qcGciIC8+CjxpbWcgc3JjPSJodHRwOi8vaW1hZ2UucmFrdXRlbi5jby5qcC9tb3lvdWdhZWhvbnBvL2NhYmluZXQvc2hlZXQvZGktbm9jL290aGVyX2ltYWdlcy9pbWc2MTI3NzE2Ny5qcGciIC8+CjxpbWcgc3JjPSJodHRwOi8vaW1hZ2UucmFrdXRlbi5jby5qcC9tb3lvdWdhZWhvbnBvL2NhYmluZXQvc2hlZXQvZGktbm9jL290aGVyX2ltYWdlcy9pbWc2MTI2MDg4Ni5qcGciIC8+CjxpbWcgc3JjPSJodHRwOi8vaW1hZ2UucmFrdXRlbi5jby5qcC9tb3lvdWdhZWhvbnBvL2NhYmluZXQvc2hlZXQvZGktbm9jL290aGVyX2ltYWdlcy9pbWc2MTI2MDg4OS5qcGciIC8+CjxpbWcgc3JjPSJodHRwOi8vaW1hZ2UucmFrdXRlbi5jby5qcC9tb3lvdWdhZWhvbnBvL2NhYmluZXQvc2hlZXQvZGktbm9jL290aGVyX2ltYWdlcy9pbWc2MTI2MDg4Ny5qcGciIC8+CjxpbWcgc3JjPSJodHRwOi8vaW1hZ2UucmFrdXRlbi5jby5qcC9tb3lvdWdhZWhvbnBvL2NhYmluZXQvc2hlZXQvZGktbm9jL290aGVyX2ltYWdlcy9pbWc2MTI2MDg5MC5qcGciIC8+CjwvZGl2Pgo8cCBjbGFzcz0iZ29vZHMtbmV4dCIgc3R5bGU9Im1hcmdpbjowcHg7Ij48L3A+CjwvZGl2Pgo8IS0t44Oq44Ki44OG44OD44Kv5rGO55So44Oq44Oz44KvIOOBk+OBk+OBvuOBpy0tPjxzdHlsZSB0eXBlPSJ0ZXh0L2NzcyI+CjwhLS0KCi8q5ZWG5ZOB5ZCN44Gu44OV44Kp44Oz44OI5oOF5aCxKi8KLml0ZW1fbmFtZSB7CglkaXNwbGF5OmJsb2NrOwoJbWFyZ2luOjAgMCA4cHggMDsKCWZvbnQtZmFtaWx5OiLjg5Ljg6njgq7jg47op5LjgrQgUHJvIFczIiwgIkhpcmFnaW5vIEtha3UgR290aGljIFBybyIsICLjg6HjgqTjg6rjgqoiLCBNZWlyeW8sIE9zYWthLCAi77yt77yzIO+8sOOCtOOCt+ODg+OCryIsICJNUyBQR290aGljIiwgc2Fucy1zZXJpZjsKCWZvbnQ6Ym9sZCAxNnB4OwoJY29sb3I6IzMzMzsKCWxpbmUtaGVpZ2h0OjEyMCU7Cgp9Ci8q44Kt44Oj44OD44OB44Kz44OU44O844Gu44OV44Kp44Oz44OI5oOF5aCxKi8KLmNhdGNoX2NvcHkgewoJZGlzcGxheTpibG9jazsKCW1hcmdpbjowIDAgOHB4IDAgOwoJZm9udC1mYW1pbHk6IuODkuODqeOCruODjuinkuOCtCBQcm8gVzMiLCAiSGlyYWdpbm8gS2FrdSBHb3RoaWMgUHJvIiwgIuODoeOCpOODquOCqiIsIE1laXJ5bywgT3Nha2EsICLvvK3vvLMg77yw44K044K344OD44KvIiwgIk1TIFBHb3RoaWMiLCBzYW5zLXNlcmlmOwoJZm9udC1zaXplOjE0cHg7Cgljb2xvcjojMzMzOwp9CgovKuebrueOieWVhuWTgeOBruaWh+WtlyovCmEubG9zc2xlYWRlcl9pdGVtX25hbWU6bGluayB7Cgljb2xvcjojNTU1OwoJZm9udC1zaXplOjEzcHg7Cn0KCnNwYW4ubG9zc2xlYWRlcl9wcmljZTJ7Cgljb2xvcjojRkYwMDAwOwoJZm9udC1zaXplOjEycHg7Cn0KCi8q44Oa44O844K45bem5LiK44Gu44Kt44O844Ov44O844OJ6KGo56S65qyEKi8KZGl2I0hlYWRlcktleXdvcmQgewoJcG9zaXRpb246YWJzb2x1dGU7Cgl0b3A6NDhweDsvKuS4gOeVquS4iuOBi+OCieOBruS9jee9riovCglsZWZ0OjgwcHg7Lyrlt6bnq6/jgYvjgonjga7kvY3nva4qLwoJZm9udDoxNHB4ICLjg5Ljg6njgq7jg47op5LjgrQgUHJvIFczIiwgIkhpcmFnaW5vIEtha3UgR290aGljIFBybyIsICLjg6HjgqTjg6rjgqoiLCBNZWlyeW8sIE9zYWthLCAi77yt77yzIO+8sOOCtOOCt+ODg+OCryIsICJNUyBQR290aGljIiwgc2Fucy1zZXJpZjsKCXdpZHRoOjQyMHB4Owp9CgpkaXYjSGVhZGVyS2V5d29yZCBzcGFuIHsKCWJhY2tncm91bmQ6ICNiZjAwMDA7Cgljb2xvcjojZmZmOwoJZm9udC13ZWlnaHQ6Ym9sZDsKCXBhZGRpbmc6MnB4IDVweDsKfQoKZGl2I0hlYWRlcktleXdvcmQgYSB7Cgljb2xvcjojMDA0NENDOwp9CgoKLyog5YCL5pWw5YWl5Yqb5qyE44Gu5aSn44GN44GVICovCmlucHV0I3VuaXRzIHsKCXBhZGRpbmc6IDRweDsKfQoKLyog44GK6LK344GE54mp44GL44GU44Oc44K/44Oz44Gu5aSn44GN44GVICovCnRkID4gaW5wdXQgewoJZm9udC1zaXplOiAxMnB4OwoJcGFkZGluZzo4cHggMTJweCA4cHggMTJweDsKCXdpZHRoOiBhdXRvOwp9CgovKiDjgIzllYblk4HjgavjgaTjgYTjgabjga7llY/jgYTlkIjjgo/jgZvjgI3jg5zjgr/jg7Pjga7lpKfjgY3jgZUqLwpmb250IGlucHV0IHsKCWZvbnQtc2l6ZTogMTJweDsKCXBhZGRpbmc6MnB4OwoJd2lkdGg6IDE1MHB4Owp9CgoKLS0+Cjwvc3R5bGU+CgoKPGRpdiBpZD0iSGVhZGVyS2V5d29yZCI+CjxzcGFuPuazqOebruOBruOCreODvOODr+ODvOODiTwvc3Bhbj4K44Ks44Op44K544OV44Kj44Or44OgCuacqOebrgrmtbTlrqQg5bqKCuODquOCouODhuODg+OCrwoKPC9kaXY+,44K344Oz44Kw44Or44Kr44Op44O877yI5Y2Y6Imy77yJIOOAkOmdki/msLToibIv57S6L+e0q+OAkSDjgqvjg6njg5Xjg6sv44K144Oz44Ky44OEL+ODquOCouODhuODg+OCry/jgqvjg4Pjg4bjgqPjg7PjgrDjgrfjg7zjg4gv5bGL5aSW5L2/55So5Y+vL+aKl+iPjOODu+mYsuOCq+ODky/jgqjjg7Pjg5zjgrkv5YyW57Kn44K344O844OIL+WhqeODk+OCt+ODvOODiC/nspjnnYAv44K344O844OrL0RJWS/jg6rjg5Xjgqnjg7zjg6Av44Oq44Oh44Kk44KvL+OAkOODoeODvOOCq+ODvOebtOmAgSZyQXJyO+mAgeaWmeeEoeaWmeOAkSBUQS/jg6rjgqLjg4bjg4Pjgq/jgrfjg7zjg4jvvJrmqKHmp5jmm7/jgYjjgrfjg6fjg4Pjg5fjgIDjg4fjgrM=,44Kr44OD44OG44Kj44Oz44Kw44K344O844OI44OV44Kj44Or44Og44Kr44OD44OG44Kj44Oz44Kw44K344O844Or5aOB57SZ57KY552A44K344O844OI5qih5qeY5pu/44GI44K344O844OI5YyW57Kn44K344O844OI5aOB57SZ44K344O844OI44OA44Kk44OO44OD44Kv44OZ44Or44OT44Ki44Oz44Oq44Ki44OG44OD44Kv44OR44Ot44Ki44Kq44Or44OG44Kj44OO44OT44Ol44O844Kr44Or44ON44Kq44OD44Kv44K544ON44Kq44K/44Kk44Or44ON44Kq44OV44Ot44Ki44Oq44OV44Kp44O844Og44K344O844OI44K144Oz44Ky44OE44Oq44Oq44Kr44Op44Or44OO44Oz77yT77yt44K544Oq44O844Ko44Og44Ki44Kk44Kr44Oq44Oz44OG44OD44Kv44K144Kk44Oz44K344K544OG44Og44K744Kt44K544Kk5qGc5LqV5p2x44Oq44Ok44Oo44Kk5qW15p2x6YOo5bGL5aSn5a6256m65a6k44Kq44O844OK44O85oi45bu66LOD6LK454mp5Lu25LiN5YuV55Sj566h55CG5Lya56S+44Ob44OG44Or44Oe44Oz44K344On44Oz44Ki44OR44O844OI5bqX6IiX44GK5bqX5rW05a6k6aKo5ZGC44Om44OL44OD44OI44OQ44K544OQ44K544Or44O844Og44Kt44OD44OB44Oz44OI44Kk44Os5rC05bu744KK44Kz44O844Kt44Oz44Kw5rSX6Z2i5oqX6I+M6Ziy44Kr44OT5rGa44KM6Ziy5q2i6Ziy5rGa77yk77yp77y55pel5puc5aSn5bel5qih5qeY5pu/44GI44OR44ON44Or5bel5rOV44K744Or44OV44Oq44OV44Kp44O844Og5pa95bel6IG35Lq65bCC6ZaA6Ieq5L2c44OX44Ot6LK844KK5pa55r+A5a6J6LKp5aOy5bqX5qWt6LKp6YCa6LKp5Y246LKp5aOy6YCa5L+h6LKp5aOy56aP5bKh55yM56aP5bKh5biC5aSn6YeO5Z+O5biC5aSq5a6w5bqc5biC5pil5pel5biC562R57Sr6YeO5biC44Kr44Op44O855m944Ob44Ov44Kk44OI6buS44OW44Op44OD44Kv44Oe44OD44OI44OW44Op44OD44Kv6LWk44Os44OD44OJ44Oe44OD44OI5YWJ5rKi6Im25raI44GX5ZKM57SZ5ZKM5p+E5ZKM6aKo5p+E5pyo55uu5pyo55uu5p+E5pyo55uu44K344O844OIV09PROeEoeWcsOOCq+ODvOODnOODs+ODoeOCv+ODquODg+OCr+ODn+ODqeODvOmPoemdouODqeODoeODoeODg+OCremdqea8huWFieayouODrOOCtuODvOearuefs+ebruWkp+eQhuefs+ODh+OCtuOCpOODs+OCq+ODvOODqeODg+ODlOODs+OCsOODqeODg+ODlOODs+OCsOOCq+ODvOOCueOCs+ODg+ODgeODl+ODquODs+ODiOODqeODg+ODl+ODleOCo+ODq+ODoDEwODDjg7Tjgqfjg6njg4Pjg5fjgrnjg4DjgqTjg47jg4Pjgq/jgqvjg7zjg5zjg7Pjg57jg4Pjg4jjg5bjg6njg4Pjgq/ou4rjg5DjgqTjgq/jg5jjg6vjg6Hjg4Pjg4jjgqjjgqLjg63jgqvjg7zjg6njg4Pjg5Tjg7PjgrDjgqvjgrnjgr/jg6DlhoXoo4XlpJboo4Xjg4njg6zjgrnjgqLjg4Pjg5fjgqTjg7Pjg4bjg6rjgqLjg6rjg5Xjgqnjg7zjg6Djg6rjg47jg5njg7zjgrfjg6fjg7Posrzmm7/jgYjmlr3lt6Xlt6Xkuovkv67nkIbmlLnoo4Xkv67nuZXljp/nirblm57lvqnluorlt6XkuovlhoXoo4Xlt6XkuovlrqTlhoXoo4Xpo77lo4HntJnjgq/jg63jgrnnlbPopZbjgqvjg7zjg5rjg4Pjg4jjgqvjg7zjg4bjg7Pjg5bjg6njgqTjg7Pjg4nnnIvmnb/jgrXjgqTjg7PjgrDjg6njg5XjgqPjg4Pjgq/jgqTjg7Pjgq/jgrjjgqfjg4Pjg4jlsYvlpJblsYvlhoXjg57jg7zjgq3jg7PjgrDjgr/jg4Pjgq/jg5rjgqTjg7Pjg4jjg5Hjg43jg6vmtbTlrqTjg5Hjg43jg6vjgrPjg7Pjg5Xjgqnjg7zjg4jjg5Hjg43jg6vjg5Djgrnjg5Hjg43jg6vkvY7nmbrnoLLloanjg5Pmnb/loanjg5Pmnb/jg5Xjgqnjg7zjg6zjg4Pjgq/jgrnopIflkIjmnb/jgqLjg6vjg5/opIflkIjmnb/jgqLjg6vjg53jg6rjg4Pjgq/jgr3jg6zjgqTjgr/jgqzjg6njgrnjg5XjgqPjg6vjg6DnqpPjg5XjgqPjg6vjg6BVVue0q+Wklue3muOCq+ODg+ODiOmjm+aVo+mYsuatoumYsuiZq+OBmeOCiuOCrOODqeOCuemBrueGseODleOCo+ODq+ODoOmAj+aYjuODl+ODqeOCpOODkOOCt+ODvOODh+OCtuOCpOODs+ebrumaoOOBl+aXpeeEvOOBkeatouOCgeeqk+mjvuOCiuepuuWupOWvvuetluilv+aXpeWvvuetluaXpeWwhOmBruiUveevgOmbu+Wvvuetlueqk+aWreeGseeBveWus+WvvuetluWPsOmiqOernOW3u+OCreODg+ODgeODs+aJieOCq+ODqeODvOODnOODg+OCr+OCueeOhOmWouaJieODieOCouWutuWFt+WGt+iUteW6q+ODkeOCveOCs+ODs+ODh+OCueOCr+OCq+OCpuODs+OCv+ODvOajmuacuuODqeODg+OCr+ODhuODvOODluODq+ODgeOCp+OCueODiOOCqOODrOODmeODvOOCv+ODvOWGheeqk+alveeqk+S6jOmHjeeqk+aWreeGseaWreeGseS6jOmHjeeqk+evgOmbu+evgOe0hOOCqOOCs+ecgeOCqOODjeWKueaenOWGt+aIv+aaluaIv+mYsueKr+mYsumfs+e1kOmcsumBk+WFt+ODl+ODqeOCpOODnuODvOODkeODhuOCueOCreODvOOCuOODvOOCv+OCpOODq+Whl+ijheOCv+OCpOODq+OCq+ODvOODmuODg+ODiOS8uOe4ruabsumdojNE5rm+5puy5Ly444Gz44KL6ZuR6LKo44K344Oz44Kw44Or44Kr44Op44O877yI5Y2Y6Imy77yJIOOAkOmdki/msLToibIv57S6L+e0q+OAkSDjgqvjg6njg5Xjg6sv44K144Oz44Ky44OEL+ODquOCouODhuODg+OCry/jgqvjg4Pjg4bjgqPjg7PjgrDjgrfjg7zjg4gv5bGL5aSW5L2/55So5Y+vL+aKl+iPjOODu+mYsuOCq+ODky/jgqjjg7Pjg5zjgrkv5YyW57Kn44K344O844OIL+WhqeODk+OCt+ODvOODiC/nspjnnYAv44K344O844OrL0RJWS/jg6rjg5Xjgqnjg7zjg6Av44Oq44Oh44Kk44KvL+OAkOODoeODvOOCq+ODvOebtOmAgSZyQXJyO+mAgeaWmeeEoeaWmeOAkSBUQS/jg6rjgqLjg4bjg4Pjgq/jgrfjg7zjg4g=,44CQ6YCB5paZ54Sh5paZ44CR44K144Oz44Ky44OEL+ODquOCouODhuODg+OCry/jgqvjg4Pjg4bjgqPjg7PjgrDjgrfjg7zjg4gv44CC44K344Oz44Kw44Or44Kr44Op44O877yI5Y2Y6Imy77yJIOOAkOmdki/msLToibIv57S6L+e0q+OAkSDjgqvjg6njg5Xjg6sv44K144Oz44Ky44OEL+ODquOCouODhuODg+OCry/jgqvjg4Pjg4bjgqPjg7PjgrDjgrfjg7zjg4gv5bGL5aSW5L2/55So5Y+vL+aKl+iPjOODu+mYsuOCq+ODky/jgqjjg7Pjg5zjgrkv5YyW57Kn44K344O844OIL+WhqeODk+OCt+ODvOODiC/nspjnnYAv44K344O844OrL0RJWS/jg6rjg5Xjgqnjg7zjg6Av44Oq44Oh44Kk44KvL+OAkOODoeODvOOCq+ODvOebtOmAgSZyQXJyO+mAgeaWmeeEoeaWmeOAkSBUQS/jg6rjgqLjg4bjg4Pjgq/jgrfjg7zjg4g=[rn]
31-2610,aHR0cDovL3RzaG9wLnIxMHMuanAvbW95b3VnYWVob25wby9jYWJpbmV0L3NoZWV0L3JlYXRlYy9yZWF0ZWNfaXRlbS9pbWdyYzAwNjMzMzE5NzAuanBnP2ZpdGluPTcwMDo3MDA=,MjkxLjIwMDA=,,6Iqx44O744Ks44O844OH44Oz44O7RElZID4g5L2P5a6F5bu65p2Q44O76Kit5YKZID4g5aOB5p2QID4g44Gd44Gu5LuW,44K344Oz44Kw44Or44Kr44Op44O877yI5Y2Y6Imy77yJIOOAkOe3kS/pu4Tnt5Ev44Kw44Oq44O844Oz44CRIOOCq+ODqeODleODqy/jgrXjg7PjgrLjg4Qv44Oq44Ki44OG44OD44KvL+OCq+ODg+ODhuOCo+ODs+OCsOOCt+ODvOODiC/lsYvlpJbkvb/nlKjlj68v5oqX6I+M44O76Ziy44Kr44OTL+OCqOODs+ODnOOCuS/ljJbnsqfjgrfjg7zjg4gv5aGp44OT44K344O844OIL+eymOedgC/jgrfjg7zjg6svRElZL+ODquODleOCqeODvOODoC/jg6rjg6HjgqTjgq8v44CQ44Oh44O844Kr44O855u06YCB4oeS6YCB5paZ54Sh5paZ44CRIFRBL+ODquOCouODhuODg+OCr+OCt+ODvOODiA==,44CQ6YCB5paZ54Sh5paZ44CR44K144Oz44Ky44OEL+ODquOCouODhuODg+OCry/jgqvjg4Pjg4bjgqPjg7PjgrDjgrfjg7zjg4gv,PHN0eWxlIHR5cGU9InRleHQvY3NzIj48IS0tCnNwYW4udW5pdCB7YmFja2dyb3VuZDogdXJsKCJodHRwOi8vaW1hZ2UucmFrdXRlbi5jby5qcC9tb3lvdWdhZWhvbnBvL2NhYmluZXQvaW1ncmMwMDY4NDk3NjQ1LmpwZyIpIG5vLXJlcGVhdCBsZWZ0IHRvcDsKdGV4dC1pbmRlbnQ6LTk5OTk7CmRpc3BsYXk6IGJsb2NrOwp3aWR0aDogNDAwcHg7IGhlaWdodDogMTAwcHg7Cm1hcmdpbjoxNXB4IDA7IH0KLS0+PC9zdHlsZT4KCgo8ZGl2IHN0eWxlPSIgd2lkdGg6ODAwcHg7IGZvbnQtZmFtaWx5Oifjg5Ljg6njgq7jg47op5LjgrQgUHJvIFczJywgJ0hpcmFnaW5vIEtha3UgR290aGljIFBybycsICfjg6HjgqTjg6rjgqonLCBNZWlyeW8sIE9zYWthLCAn77yt77yzIO+8sOOCtOOCt+ODg+OCrycsICdNUyBQR290aGljJywgc2Fucy1zZXJpZjsgbWFyZ2luOjAgYXV0bzsiIGFsaWduPSJjZW50ZXIiICA+Cgo8IS0t44K/44Kk44OI44Or6YOo5YiGLS0+CjxjZW50ZXI+PGgxIHN0eWxlPSJjb2xvcjojNjY2NjY2OyBmb250LXNpemU6MjBweDsiPuOCteODs+OCsuODhOOAgOODquOCouODhuODg+OCr+OAgOOCq+ODg+ODhuOCo+ODs+OCsOOCt+ODvOODiDxicj4K44K344Oz44Kw44Or44Kr44Op44O8L+eEoeWcsOOAkOOCqOODs+ODnOOCuS/jg5Xjg6njg4Pjg4gv44Kw44Ot44K544CRCjwvaDE+PC9jZW50ZXI+CjxpbWcgc3JjPSJodHRwOi8vaW1hZ2UucmFrdXRlbi5jby5qcC9tb3lvdWdhZWhvbnBvL2NhYmluZXQvc2hlZXQvcmVhdGVjLzA0MTYyMTM0L2ltZ3JjMDA2MzI2MTQxMy5qcGciPgo8aHI+CjxpbWcgc3JjPSJodHRwOi8vaW1hZ2UucmFrdXRlbi5jby5qcC9tb3lvdWdhZWhvbnBvL2NhYmluZXQvc2hlZXQvcmVhdGVjLzA0MTYyMTM0L2ltZ3JjMDA2MzMzMjIxMS5qcGciPgo8IS0t44GT44GT44G+44Gn44K/44Kk44OI44Or6YOo5YiGLS0+Cgo8IS0t5pa95bel5LqL5L6LLS0+CjxoMj7lvZPlupfjga7mlr3lt6Xkuovkvos8L2gyPgoKPGltZyBzcmM9Imh0dHA6Ly9pbWFnZS5yYWt1dGVuLmNvLmpwL21veW91Z2FlaG9ucG8vY2FiaW5ldC9zaGVldC9yZWF0ZWMvMDQxNjIxMzQvaW1ncmMwMDYzMjYxNDE1LmpwZyI+PGJyPgo8IS0t44GT44GT44G+44Gn5pa95bel5LqL5L6LLS0+Cgo8IS0t44Ko44Ki44K544Or44O844Gr44Gk44GE44GmLS0+CjxoMj7nvo7jgZfjgYTku5XkuIrjgYzjgorjgajlt6XmnJ/jga7nn63nuK7jgpLkuKHnq4s8L2gyPgo8cD48aW1nIHNyYz0iaHR0cDovL2ltYWdlLnJha3V0ZW4uY28uanAvbW95b3VnYWVob25wby9jYWJpbmV0L3NoZWV0L3JlYXRlYy9pbWdyYzAwNjI2NjQyNDMuanBnIj4KPC9wPgo8IS0t44GT44GT44G+44Gn44Ko44Ki44K544Or44O844Gr44Gk44GE44GmLS0+Cgo8IS0t44Kr44Op44O844OQ44Oq44Ko44O844K344On44OzLS0+CjxoMj7osYrlr4zjgarjgqvjg6njg7zjg5Djg6rjgqjjg7zjgrfjg6fjg7M8L2gyPgo8cD48IS0t44GT44GT44G+44Gn44Kr44Op44O844OQ44Oq44Ko44O844K344On44OzLS0+PGltZyBzcmM9Imh0dHA6Ly9pbWFnZS5yYWt1dGVuLmNvLmpwL21veW91Z2FlaG9ucG8vY2FiaW5ldC9zaGVldC9yZWF0ZWMvcmVhdGVjX2l0ZW0vaW1ncmMwMDYzMzMxOTgwLmpwZyIgLz4KCjwhLS3osrzjgormlrnjg7vpgZPlhbctLT4KPGhyPgo8cD48aW1nIHNyYz0iaHR0cDovL2ltYWdlLnJha3V0ZW4uY28uanAvbW95b3VnYWVob25wby9jYWJpbmV0L2hhcmlrYXRhL2ltZ3JjMDA2MzEzOTQ5NS5qcGciIGFsdD0i44K344O844OI44Gu6LK844KK5pa544CA44K344O844OI44Gu5by144KK5pa544CA6LK844KK44GL44Gf44CA5by144KK44GL44Gf44CA44Kr44OD44OG44Kj44Oz44Kw44K344O844OIIiA+PC9wPgo8aHI+CjxwPjxpbWcgc3JjPSJodHRwOi8vaW1hZ2UucmFrdXRlbi5jby5qcC9tb3lvdWdhZWhvbnBvL2NhYmluZXQvc2hlZXQvc2VhdF9kb3VndS9pbWc1NzQ4NTExNC5naWYiPjwvcD4KCjxkaXYgc3R5bGU9IndpZHRoOjgwMHB4OyIgY2xhc3M9ImNzX2l0ZW0iPgo8YSBocmVmPSJodHRwOi8vaXRlbS5yYWt1dGVuLmNvLmpwL21veW91Z2FlaG9ucG8va291Z3UtZGlub2NwdXJhaW1hLS8iPjxpbWcgCgpzcmM9Imh0dHA6Ly9pbWFnZS5yYWt1dGVuLmNvLmpwL21veW91Z2FlaG9ucG8vY2FiaW5ldC9zaGVldC9zZWF0X2RvdWd1L2ltZzU3NDg1MTE2LmdpZiIgd2lkdGg9IjE1MCIgCnRpdGxlPSLjgrfjg7zjg4jjga7nspjnnYDlipvjgpLpq5jjgoHjgb7jgZkK5Z+65pys55qE44Gr44Gv5aGX5biD44KS44GK44GZ44GZ44KB44GX44G+44GZIj48L2E+Cgo8YSBocmVmPSJodHRwOi8vaXRlbS5yYWt1dGVuLmNvLmpwL21veW91Z2FlaG9ucG8vZG91Z3Uta3lva3V0b3UtcGl0YXR0b2t1bm4xMG1haS8iPgo8aW1nIHNyYz0iaHR0cDovL2ltYWdlLnJha3V0ZW4uY28uanAvbW95b3VnYWVob25wby9jYWJpbmV0L3NoZWV0L3NlYXRfZG91Z3UvaW1nNTc0ODUxMTUuZ2lmIiB3aWR0aD0iMTUwIiAKdGl0bGU9IuOCueOCreODvOOCuOODvO+8huODlOOCv+ODg+OBqOOBj+OCkwrosrzjgorjgoTjgZnjgZXjgYzjgrDjg4PjgajlpInjgo/jgorjgb7jgZkiPjwvYT4KCjxhIGhyZWY9Imh0dHA6Ly9pdGVtLnJha3V0ZW4uY28uanAvbW95b3VnYWVob25wby9vcnVmYS1jdXR0ZXIvIj4KPGltZyBzcmM9Imh0dHA6Ly9pbWFnZS5yYWt1dGVuLmNvLmpwL21veW91Z2FlaG9ucG8vY2FiaW5ldC9zaGVldC9zZWF0X2RvdWd1L2ltZzU3NDg1MTEyLmdpZiIgd2lkdGg9IjE1MCIgCnRpdGxlPSLogbfkurrjgoLkvb/nlKjjgZnjgovjgqvjg4Pjgr/jg7wK5YiH44KM5ZGz44GM44KI44GE44Go5LuV5LiK44GM44KK44KC6YGV44GE44G+44GZIj48L2E+Cgo8YSBocmVmPSJodHRwOi8vaXRlbS5yYWt1dGVuLmNvLmpwL21veW91Z2FlaG9ucG8vZHVvdGVjay10cmltYXIvIj4KPGltZyBzcmM9Imh0dHA6Ly9pbWFnZS5yYWt1dGVuLmNvLmpwL21veW91Z2FlaG9ucG8vY2FiaW5ldC9zaGVldC9zZWF0X2RvdWd1L2ltZzU3NDg1MTE3LmdpZiIgd2lkdGg9IjE1MCIgCnRpdGxlPSLoo4/ntJnjgaDjgZHjgpLliIfjgovjgqvjg4Pjgr/jg7zjgIAK44K444On44Kk44Oz44OI5pa95bel44Gu44Go44GN44Gr44Gv5b+F6aCIIj48L2E+Cgo8YSBocmVmPSJodHRwOi8vaXRlbS5yYWt1dGVuLmNvLmpwL21veW91Z2FlaG9ucG8vc3RlbnJlcy1qaWJlcmEtNXN1bm4vIj4KPGltZyBzcmM9Imh0dHA6Ly9pbWFnZS5yYWt1dGVuLmNvLmpwL21veW91Z2FlaG9ucG8vY2FiaW5ldC9zaGVldC9zZWF0X2RvdWd1L2ltZzU3NDg1MTEzLmdpZiIgd2lkdGg9IjE1MCIgCnRpdGxlPSLlnLDjg5njg6njgIAK44OX44Op44Kk44Oe44O844KS5aGX44KL44Go44GN44KECumaheOCkuWIh+OCi+OCq+ODg+OCv+ODvOOCrOOCpOODieOBqOOBl+OBpuOCgiI+PC9hPgo8YnI+Cjxicj4KCjxoMj7jgZTos7zlhaXjgavjgaTjgYTjgabvvIjlv4XjgZrjgYroqq3jgb/jgY/jgaDjgZXjgYTvvIk8L2gyPgo8SU1HIHNyYz0iaHR0cDovL2ltYWdlLnJha3V0ZW4uY28uanAvbW95b3VnYWVob25wby9jYWJpbmV0L29yZGVyX21ldGhvZC9ob3d0b19vcmRlci9pbWc1NzQ4NTA5MC5naWYiIHdpZHRoPSI3NjAiIHN0eWxlPSJtYXJnaW46MHB4OyI+CjxwIGFsaWduPSJsZWZ0IiBzdHlsZT0ibWFyZ2luOjBweDsgd2lkdGg6NzIwcHg7Ij7jgZTos7zlhaXjga7pmpvjga88Yj7jgrfjg7zjg4jluYUxMjJjbcOX6ZW344GVMTBjbeOBpzHlgIvjga7jgZTms6jmloc8L2I+44Go44Gq44KK44G+44GZ44CCPGJyPgogIDxiPjxmb250IGNvbG9yPSIjRkYwMDAwIj7jgZTms6jmlofjga8xMOWAi+S7peS4iu+8iOmVt+OBle+8ke+9jeS7peS4iu+8ieOBi+OCiTwvZm9udD48L2I+44Go44Gq44KK44G+44GZ44CCPGJyPgogIOOBquOBiuOAgeWQjOS4gOWTgeeVquOBp+ikh+aVsOOBq+WIhuOBkeOBn+OCq+ODg+ODiOOCkuaJv+OCi+OBk+OBqOOBr+OBp+OBjeOBvuOBm+OCk+OBruOBp+OAgeOBlOS6huaJv+OBj+OBoOOBleOBhOOAgjwvcD4KPGhyPgo8SU1HIHNyYz0iaHR0cDovL2ltYWdlLnJha3V0ZW4uY28uanAvbW95b3VnYWVob25wby9jYWJpbmV0L3NoZWV0L3JlYXRlYy9pbWc1OTE4NTE0NC5naWYiIHdpZHRoPSI3NjAiIGJvcmRlcj0iMCI+Cgo8cCBhbGlnbj0ibGVmdCIgc3R5bGU9Im1hcmdpbjo4cHggMCAwIDA7IHdpZHRoOjcyMHB4OyI+PHNwYW4gc3R5bGU9ImZvbnQtd2VpZ2h0OmJvbGQ7IGNvbG9yOnJlZDsiPuS7o+mHkeW8leaPm+OBruWgtOWQiOOBr+W9k+W6l+OCiOOCiueZuumAgeOBqOOBquOCi+OBn+OCgemAgeaWmeODu+S7o+W8leaJi+aVsOaWmeOBjOWIpemAlOW/heimgeOBqOOBquOCiuOBvuOBmeOAgjwvc3Bhbj48YnI+CiAg44GU5rOo5paH5b6M44Gr44CB5b2T5bqX44Gn6YCB5paZ44KS5L+u5q2j44Gu44GG44GI5oqY44KK6L+U44GX44GU6YCj57Wh44GE44Gf44GX44G+44GZ44CCPGJyPgogIOmKgOihjOaMr+i+vOOBruWgtOWQiOOBr+OAgemAgeaWmeS/ruato+W+jOOBrumHkemhjeOCkuOBlOeiuuiqjeOBruOBhuOBiOOBiuaMr+i+vOOBhOOBn+OBoOOBjeOBvuOBmeOCiOOBhuOAgeOCiOOCjeOBl+OBj+OBiumhmOOBhOOBhOOBn+OBl+OBvuOBmeOAgjwvcD4KCjxwIGFsaWduPSJyaWdodCI+CjxJTUcgc3JjPSJodHRwOi8vaW1hZ2UucmFrdXRlbi5jby5qcC9tb3lvdWdhZWhvbnBvL2NhYmluZXQvc2hlZXQvcGFyb2kvbWFzdGVyL2ltZzU3MjM1NjgxLmpwZyI+PGJyPgo8SU1HIHNyYz0iaHR0cDovL2ltYWdlLnJha3V0ZW4uY28uanAvbW95b3VnYWVob25wby9jYWJpbmV0L3NoZWV0L3Bhcm9pL21hc3Rlci9pbWc1NzIzNTY4NS5qcGciIHdpZHRoPSIxNDQiIGhlaWdodD0iMjYiIGJvcmRlcj0iMCIgdnNwYWNlPSIxNSIgaHNwYWNlPSI1Ij4KPElNRyBzcmM9Imh0dHA6Ly9pbWFnZS5yYWt1dGVuLmNvLmpwL21veW91Z2FlaG9ucG8vY2FiaW5ldC9zaGVldC9wYXJvaS9tYXN0ZXIvaW1nNTcyMzU2ODcuanBnIiB3aWR0aD0iMTQ0IiBoZWlnaHQ9IjI2IiBib3JkZXI9IjAiIHZzcGFjZT0iMTUiIGhzcGFjZT0iNSI+CjxJTUcgc3JjPSJodHRwOi8vaW1hZ2UucmFrdXRlbi5jby5qcC9tb3lvdWdhZWhvbnBvL2NhYmluZXQvc2hlZXQvcGFyb2kvbWFzdGVyL2ltZzU3MjM1NzA0LmpwZyIgd2lkdGg9IjIxOSIgaGVpZ2h0PSIyNiIgYm9yZGVyPSIwIiB2c3BhY2U9IjE1IiBoc3BhY2U9IjUiPgo8SU1HIHNyYz0iaHR0cDovL2ltYWdlLnJha3V0ZW4uY28uanAvbW95b3VnYWVob25wby9jYWJpbmV0L3NoZWV0L3Bhcm9pL21hc3Rlci9pbWc1NzIzNTY4Ni5qcGciIHZzcGFjZT0iMTUiIGhzcGFjZT0iNSI+PC9wPgoKCjwvZGl2Pgo8L2Rpdj4KPCEtLemWoumAo+WVhuadkOODquODs+OCryDjgZPjgZPjgYvjgoktLT4KPHN0eWxlIHR5cGU9InRleHQvY3NzIj4KLmthbnJlbiBpbWd7Cm1hcmdpbi1ib3R0b206MXB4O30KLmthbnJlbiBoM3sgCmZvbnQtZmFtaWx5OiLjg5Ljg6njgq7jg47op5LjgrQgUHJvIFczIiwgIkhpcmFnaW5vIEtha3UgR290aGljIFBybyIsICLjg6HjgqTjg6rjgqoiLCBNZWlyeW8sIE9zYWthLCAi77yt77yzIO+8sOOCtOOCt+ODg+OCryIsICJNUyBQR290aGljIiwgc2Fucy1zZXJpZjsgY29sb3I6IzM7IGZvbnQtc2l6ZToxMnB4OyBmb250LXdlaWdodDpib2xkOyBtYXJnaW4tYm90dG9tOjRweDt9Ci5rYW5yZW4gcHsKbWFyZ2luLWJvdHRvbToycHg7fQo8L3N0eWxlPgo8ZGl2IGNsYXNzPSJnb29kcy10YmwiIHN0eWxlPSJwYWRkaW5nLWJvdHRvbTowcHg7Ij4KPGRpdiBjbGFzcz0ia2FucmVuIj4KPHAgc3R5bGU9ImZvbnQtd2VpZ2h0OmJvbGQ7IHRleHQtYWxpZ246Y2VudGVyOyI+772eIOWjgeOBqOW6iuOCkuS4gOe3kuOBq+ODquODjuODmeODvOOCt+ODp+ODs+OBl+OBvuOBm+OCk+OBi++8nyDvvZ48L3A+CjxwPjxpbWcgc3JjPSJodHRwOi8vaW1hZ2UucmFrdXRlbi5jby5qcC9tb3lvdWdhZWhvbnBvL2NhYmluZXQvYmFubmVyL2ltZ3JjMDA2MjY1Mzc3Ni5qcGciIHdpZHRoPSI0MjAiPjxiciAvPgrnsKHljZjjgqvjg4Pjg4jjga7jg5Hjg43jg6vkuIvlnLDjgafjg5fjg63jga7ku5XkuIrjgYzjgoo8L3A+CjxwPjxpbWcgc3JjPSJodHRwOi8vaW1hZ2UucmFrdXRlbi5jby5qcC9tb3lvdWdhZWhvbnBvL2NhYmluZXQva2VuemFpL29mdXJvYS9pbWdyYzAwNjI2MzQ2NzMuanBnIiB3aWR0aD0iNDIwIj48YnIgLz4K44K144Oz44Ky44OEIOOBiumiqOWRguOBruW6iuadkCDjgqrjg5Xjg63jgqIg5aSn5Lq65rCXPC9wPgo8cD48aW1nIHNyYz0iaHR0cDovL2ltYWdlLnJha3V0ZW4uY28uanAvbW95b3VnYWVob25wby9jYWJpbmV0L2Jhbm5lci9pbWc2MTAyNTgxMC5qcGciIHdpZHRoPSI0MjAiPjxiciAvPgrlhrfjgZ/jgYQg5ruR44Gj44Gm5oCW44GEIOOCkuino+axuiDmtbTlrqTluormnZAg5o+D44Gj44Gm44GE44G+44GZPC9wPgo8cCBjbGFzcz0iZ29vZHMtbmV4dCIgc3R5bGU9Im1hcmdpbjowcHg7Ij48L3A+CjwvZGl2Pgo8L2Rpdj4KPCEtLemWoumAo+WVhuadkOODquODs+OCryDjgZPjgZPjgb7jgactLT4KPERJViBjbGFzcz0iZ29vZHMtdGJsIj4KCjxoMiBjbGFzcz0iZ29vZHMtdGl0bGUiPgrllYblk4HoqqzmmI4KPC9oMj4KCjxoMyBjbGFzcz0iZ29vZHMtbGVmdCI+5ZOB55WqPC9oMz4KPGRpdiBjbGFzcz0iZ29vZHMtcmlnaHQiPgogIDxwPuOCt+ODs+OCsOODq+OCq+ODqeODvCDljZjoibLjgIDlhag354K5PEJSPgogICAg77yI44CA77yJ44Gv5pen5ZOB55Wq44Go44Gq44KK44G+44GZ44CCPGJyPgogICAg44CA44O7VEEtODM1NCAo5paw6ImyKTxicj4KICAgIOOAgOODu1RBLTgzNTUgKDczNjApPGJyPgogICAg44CA44O7VEEtODM1NiAoNzM2MSk8YnI+CiAgICDjgIDjg7tUQS04MzU3ICjmlrDoibIpPGJyPgogICAg44CA44O7VEEtODM1OCAoNzM2Mik8YnI+CiAgICDjgIDjg7tUQS04MzU5ICg3MzYzKTxicj4KICAgIOOAgOODu1RBLTgzNjAgKDczNjQpPGJyPgogICAgLS0tLS0tLS0tLS0tLS0tLS0tLS0tLS0tLS0tLS0tLS0tLS0tLS0tLTxicj4KICAgIAogICAgCjxGT05UIGNvbG9yPSIjZmYwMDAwIj7igLvjgYrkvb/jgYTjga7jg5Hjgr3jgrPjg7PnkrDlooPjgavjgojjgorjgIHllYblk4Hjga7oibLjgYzopovmnKzjgajlpJrlsJHnlbDjgarjgovloLTlkIjjgYzjgYLjgorjgb7jgZnjgII8L0ZPTlQ+PC9wPgo8L2Rpdj4KCjxwIGNsYXNzPSJnb29kcy1uZXh0Ij48L3A+Cgo8SDMgY2xhc3M9Imdvb2RzLWxlZnQiPuWVhuWTgeOCteOCpOOCujwvaDM+CjxQIGNsYXNzPSJnb29kcy1yaWdodCI+5ZWG5ZOB5be+44CAMTIyY20v5Y6a44G/44CA57SEMC4ybW08YnI+CumVt+OBleOBrzFt5Lul5LiKMTBjbeWNmOS9jeOBruOCq+ODg+ODiOiyqeWjsjxCUj4KPEZPTlQgY29sb3I9IiNmZjAwMDAiPuKAu+OBlOazqOaWh+OBrzEw5YCL77yIMe+9je+8ieS7peS4iuOBi+OCieOBqOOBquOCiuOBvuOBmeOAgjwvRk9OVD48QlI+CjHvvY3jgZTms6jmlofihpIxMOWAi++8jzPvvY0yMO+9g++9jeOBlOazqOaWh+KGkjMy5YCLPC9wPgoKPHAgY2xhc3M9Imdvb2RzLW5leHQiPjwvcD4KCjxoMyBjbGFzcz0iZ29vZHMtbGVmdCI+6L+U5ZOB44O75Lqk5o+b44Gr44Gk44GE44GmPC9oMz4KPHAgY2xhc3M9Imdvb2RzLXJpZ2h0Ij7jgZPjgaHjgonjga7llYblk4Hjga/jgYrlrqLmp5jpg73lkIjjgavjgojjgovov5Tlk4Hjg7vkuqTmj5vjga/mib/jgovkuovjgYzjgafjgY3jgb7jgZvjgpM8L3A+CjxwIGNsYXNzPSJnb29kcy1yaWdodCI+Cui/lOWTgeODu+S6pOaPm+OBruips+e0sOOBr+OBk+OBoeOCieOCkuOBlOimp+OBj+OBoOOBleOBhDwvcD4KCjxwIGNsYXNzPSJnb29kcy1uZXh0Ij48L3A+Cgo8aDMgY2xhc3M9Imdvb2RzLWxlZnQiPuaWveW3peOBq+mWouOBl+OBpuOBruOBlOeVmeaEj+eCue+8iOODoeODvOOCq+ODvOizh+aWme+8iTwvaDM+CjxwIGNsYXNzPSJnb29kcy1yaWdodCI+CuaWveW3peOBq+mWouOBmeOCi+izh+aWmeOBr+OBk+OBoeOCieOCkuOBlOimp+S4i+OBleOBhCA8L3A+Cgo8cCBjbGFzcz0iZ29vZHMtbmV4dCI+PC9wPgoKPGgzIGNsYXNzPSJnb29kcy1sZWZ0Ij7oo73lk4Hmg4XloLEv6Ziy54Gr6KqN5a6a55Wq5Y+377yI44Oh44O844Kr44O86LOH5paZ77yJPC9oMz4KPHAgY2xhc3M9Imdvb2RzLXJpZ2h0Ij4K6KO95ZOB44Gr6Zai44GZ44KL6LOH5paZ44Gv44GT44Gh44KJ44KS44GU6Kan5LiL44GV44GEIDwvcD4KCjxwIGNsYXNzPSJnb29kcy1uZXh0Ij48L3A+Cgo8aDMgY2xhc3M9Imdvb2RzLWxlZnQiPuOCq+ODg+ODhuOCo+ODs+OCsOeUqOOCt+ODvOODiO+8iOWhqeODk+OCt+ODvOODiO+8ieOBqOOBr++8nzwvaDM+CjxwIGNsYXNzPSJnb29kcy1yaWdodCI+CuOCq+ODg+ODhuOCo+ODs+OCsOeUqOOCt+ODvOODiO+8iOODleOCo+ODq+ODoOOAgeOCpOODs+ODhuODquOCouOCt+ODvOODiOOAgeWMlueyp+OCt+ODvOODiOOAgeeymOedgOOCt+ODvOODiO+8ieOBr+WEquOCjOOBn+W8t+W6puOBqOe+juOBl+OBhOODh+OCtuOCpOODs+OBjOaWveOBleOCjOOBn+WjgeijheeUqOOBruOCt+ODvOODq+OBp+OBmeOAgjxCUj4K6YCa5bi444CB44K344O844OI44Gu6KOP44Gv44K344O844Or54q244Gr44Gq44Gj44Gm44GK44KK44CB44Gd44Gu57KY552A5oCn44KC6auY44GP44CB5bmF5bqD44GE5LiL5Zyw44G444Gu6LK844KK5LuY44GR44GM5Y+v6IO944Gn44GZ44CCPEJSPgrov5HlubTjgafjga/nlKjpgJTjgoLlpJrlspDjgavmuKHjgorjgIHjg57jg7Pjgrfjg6fjg7PjgoTmiLjlu7rkvY/lroXjga7lhoXoo4XjgYvjgonjgIHjgqrjg5XjgqPjgrnjgIHjg5vjg4bjg6vjgoTkuIDoiKzlupfoiJfjgIHnl4XpmaLjgIHku4vorbfmlr3oqK3jgIHjgZXjgonjgavjga/muKnmtbTmlr3oqK3jgoTjg5Hjg4Hjg7PjgrPlupfjgarjganjga7pgYrmiK/mlr3oqK3jga7nrqHnkIbogIXjgIHjgqrjg7zjg4rjg7zjga7nmobmp5jjgavlpb3oqZXjgpLljZrjgZfjgabjgYTjgb7jgZnjgII8QlI+CuOBk+OBruOCiOOBhuOBq+WIqeS+v+aAp+OBjOmrmOOBhOW7uuadkOOBruOBn+OCgeOAgTNN77yI44K544Oq44O844Ko44Og44O744OA44Kk44OO44OD44Kv44O7REktTk9D77yJ44CB44K144Oz44Ky44OE77yI44Oq44Ki44OG44OD44Kv44O7UkVBVEVD77yJ44CB44Oq44Oz44OG44OD44Kv44K144Kk44Oz44K344K544OG44Og77yI44OR44Ot44Ki44O7UEFST0kp44CB44Ki44Kk44Kr77yI44Kq44Or44OG44Kj44OO44O7QWx0eW5v77yJ44CB44K344O844Ki44Kk5YyW5oiQ77yI44OZ44Or44OT44Ki44Oz44O7YmVsYmllbu+8ieOBquOBqeOBruacieWQjeODoeODvOOCq+ODvOOBjOWkmuW9qeOBquODqeOCpOODs+ODiuODg+ODl+OCkuWxlemWi+OBl+OBpuOBhOOBvuOBmeOAgjxCUj4K44G+44Gf44CB6Ieq5YuV6LuK44Gr5oqA6KGT55qE44Gr6aGe5Ly844Gu44Op44OD44OU44Oz44Kw44OV44Kj44Or44Og77yI44Op44OD44OX44OV44Kj44Or44Og77yJ44KS6LK844KK5LuY44GR44Gm44CB5aGX6KOF44KS5aSJ5pu044GZ44KL44GT44Go44Gq44GP44CB44Kv44Or44Oe44Gu44Kk44Oh44O844K444KS5aSJ5pu044Gn44GN44KL44Kr44O844Op44OD44OU44Oz44Kw44KC5YWo5LiW55WM55qE44Gr5Lq65rCX44GM44GC44KK44G+44GZ44CCPEJSPgrjgZPjgaHjgonjga/kvY/lj4szTe+8iOOCueOCs+ODg+ODgeODl+ODquODs+ODiOODu1Njb3RjaHByaW50KeOChOODquODs+ODhuODg+OCr+OCteOCpOODs+OCt+OCueODhuODoO+8iOODtOOCp+ODqeODg+ODl+OCueODu1Zld3JhcHPvvInjgIHmtbflpJbjgavnm67jgpLjgoDjgZHjgovjgahBdmVyeSBEZW5uaXNvbiBTdXByZW1lIFdyYXBwaW5nIEZpbG0g44Gq44Gp5aSa44GP44Gu44OW44Op44Oz44OJ44Gn44Kr44O844Op44OD44OU44Oz44Kw44Gu5qW944GX44GV44KS5o+Q5qGI44GX44Gm44GE44G+44GZ44CCPEJSPgo8L3A+Cgo8cCBjbGFzcz0iZ29vZHMtbmV4dCI+PC9wPgoKPC9kaXY+CjwhLS3jg6rjgqLjg4bjg4Pjgq/msY7nlKjjg6rjg7Pjgq8g44GT44GT44GL44KJLS0+CjxzdHlsZSB0eXBlPSJ0ZXh0L2NzcyI+Ci5nb29kcy1uYXZpIGltZ3sKd2lkdGg6MjEycHg7CnRleHQtYWxpZ246Y2VudGVyO30KPC9zdHlsZT4KCjxkaXYgY2xhc3M9Imdvb2RzLXRibCIgc3R5bGU9InBhZGRpbmctYm90dG9tOjBweDsiPgo8ZGl2IGNsYXNzPSJnb29kcy1uYXZpIj4KIDxpbWcgc3JjPSJodHRwOi8vaW1hZ2UucmFrdXRlbi5jby5qcC9tb3lvdWdhZWhvbnBvL2NhYmluZXQvc2hlZXQvZGktbm9jL290aGVyX2ltYWdlcy9pbWc2MTI3NzE2Ni5qcGciIC8+CiAgPGltZyBzcmM9Imh0dHA6Ly9pbWFnZS5yYWt1dGVuLmNvLmpwL21veW91Z2FlaG9ucG8vY2FiaW5ldC9zaGVldC9kaS1ub2Mvb3RoZXJfaW1hZ2VzL2ltZzYxMjYwODg4LmpwZyIgLz4KICA8aW1nIHNyYz0iaHR0cDovL2ltYWdlLnJha3V0ZW4uY28uanAvbW95b3VnYWVob25wby9jYWJpbmV0L3NoZWV0L2RpLW5vYy9vdGhlcl9pbWFnZXMvaW1nNjEyNjA4ODUuanBnIiAvPgo8aW1nIHNyYz0iaHR0cDovL2ltYWdlLnJha3V0ZW4uY28uanAvbW95b3VnYWVob25wby9jYWJpbmV0L3NoZWV0L2RpLW5vYy9vdGhlcl9pbWFnZXMvaW1nNjEyNzcxNjcuanBnIiAvPgo8aW1nIHNyYz0iaHR0cDovL2ltYWdlLnJha3V0ZW4uY28uanAvbW95b3VnYWVob25wby9jYWJpbmV0L3NoZWV0L2RpLW5vYy9vdGhlcl9pbWFnZXMvaW1nNjEyNjA4ODYuanBnIiAvPgo8aW1nIHNyYz0iaHR0cDovL2ltYWdlLnJha3V0ZW4uY28uanAvbW95b3VnYWVob25wby9jYWJpbmV0L3NoZWV0L2RpLW5vYy9vdGhlcl9pbWFnZXMvaW1nNjEyNjA4ODkuanBnIiAvPgo8aW1nIHNyYz0iaHR0cDovL2ltYWdlLnJha3V0ZW4uY28uanAvbW95b3VnYWVob25wby9jYWJpbmV0L3NoZWV0L2RpLW5vYy9vdGhlcl9pbWFnZXMvaW1nNjEyNjA4ODcuanBnIiAvPgo8aW1nIHNyYz0iaHR0cDovL2ltYWdlLnJha3V0ZW4uY28uanAvbW95b3VnYWVob25wby9jYWJpbmV0L3NoZWV0L2RpLW5vYy9vdGhlcl9pbWFnZXMvaW1nNjEyNjA4OTAuanBnIiAvPgo8L2Rpdj4KPHAgY2xhc3M9Imdvb2RzLW5leHQiIHN0eWxlPSJtYXJnaW46MHB4OyI+PC9wPgo8L2Rpdj4KPCEtLeODquOCouODhuODg+OCr+axjueUqOODquODs+OCryDjgZPjgZPjgb7jgactLT48c3R5bGUgdHlwZT0idGV4dC9jc3MiPgo8IS0tCgovKuWVhuWTgeWQjeOBruODleOCqeODs+ODiOaDheWgsSovCi5pdGVtX25hbWUgewoJZGlzcGxheTpibG9jazsKCW1hcmdpbjowIDAgOHB4IDA7Cglmb250LWZhbWlseToi44OS44Op44Ku44OO6KeS44K0IFBybyBXMyIsICJIaXJhZ2lubyBLYWt1IEdvdGhpYyBQcm8iLCAi44Oh44Kk44Oq44KqIiwgTWVpcnlvLCBPc2FrYSwgIu+8re+8syDvvLDjgrTjgrfjg4Pjgq8iLCAiTVMgUEdvdGhpYyIsIHNhbnMtc2VyaWY7Cglmb250OmJvbGQgMTZweDsKCWNvbG9yOiMzMzM7CglsaW5lLWhlaWdodDoxMjAlOwoKfQovKuOCreODo+ODg+ODgeOCs+ODlOODvOOBruODleOCqeODs+ODiOaDheWgsSovCi5jYXRjaF9jb3B5IHsKCWRpc3BsYXk6YmxvY2s7CgltYXJnaW46MCAwIDhweCAwIDsKCWZvbnQtZmFtaWx5OiLjg5Ljg6njgq7jg47op5LjgrQgUHJvIFczIiwgIkhpcmFnaW5vIEtha3UgR290aGljIFBybyIsICLjg6HjgqTjg6rjgqoiLCBNZWlyeW8sIE9zYWthLCAi77yt77yzIO+8sOOCtOOCt+ODg+OCryIsICJNUyBQR290aGljIiwgc2Fucy1zZXJpZjsKCWZvbnQtc2l6ZToxNHB4OwoJY29sb3I6IzMzMzsKfQoKLyrnm67njonllYblk4Hjga7mloflrZcqLwphLmxvc3NsZWFkZXJfaXRlbV9uYW1lOmxpbmsgewoJY29sb3I6IzU1NTsKCWZvbnQtc2l6ZToxM3B4Owp9CgpzcGFuLmxvc3NsZWFkZXJfcHJpY2UyewoJY29sb3I6I0ZGMDAwMDsKCWZvbnQtc2l6ZToxMnB4Owp9CgovKuODmuODvOOCuOW3puS4iuOBruOCreODvOODr+ODvOODieihqOekuuashCovCmRpdiNIZWFkZXJLZXl3b3JkIHsKCXBvc2l0aW9uOmFic29sdXRlOwoJdG9wOjQ4cHg7LyrkuIDnlarkuIrjgYvjgonjga7kvY3nva4qLwoJbGVmdDo4MHB4Oy8q5bem56uv44GL44KJ44Gu5L2N572uKi8KCWZvbnQ6MTRweCAi44OS44Op44Ku44OO6KeS44K0IFBybyBXMyIsICJIaXJhZ2lubyBLYWt1IEdvdGhpYyBQcm8iLCAi44Oh44Kk44Oq44KqIiwgTWVpcnlvLCBPc2FrYSwgIu+8re+8syDvvLDjgrTjgrfjg4Pjgq8iLCAiTVMgUEdvdGhpYyIsIHNhbnMtc2VyaWY7Cgl3aWR0aDo0MjBweDsKfQoKZGl2I0hlYWRlcktleXdvcmQgc3BhbiB7CgliYWNrZ3JvdW5kOiAjYmYwMDAwOwoJY29sb3I6I2ZmZjsKCWZvbnQtd2VpZ2h0OmJvbGQ7CglwYWRkaW5nOjJweCA1cHg7Cn0KCmRpdiNIZWFkZXJLZXl3b3JkIGEgewoJY29sb3I6IzAwNDRDQzsKfQoKCi8qIOWAi+aVsOWFpeWKm+ashOOBruWkp+OBjeOBlSAqLwppbnB1dCN1bml0cyB7CglwYWRkaW5nOiA0cHg7Cn0KCi8qIOOBiuiyt+OBhOeJqeOBi+OBlOODnOOCv+ODs+OBruWkp+OBjeOBlSAqLwp0ZCA+IGlucHV0IHsKCWZvbnQtc2l6ZTogMTJweDsKCXBhZGRpbmc6OHB4IDEycHggOHB4IDEycHg7Cgl3aWR0aDogYXV0bzsKfQoKLyog44CM5ZWG5ZOB44Gr44Gk44GE44Gm44Gu5ZWP44GE5ZCI44KP44Gb44CN44Oc44K/44Oz44Gu5aSn44GN44GVKi8KZm9udCBpbnB1dCB7Cglmb250LXNpemU6IDEycHg7CglwYWRkaW5nOjJweDsKCXdpZHRoOiAxNTBweDsKfQoKCi0tPgo8L3N0eWxlPgoKCjxkaXYgaWQ9IkhlYWRlcktleXdvcmQiPgo8c3Bhbj7ms6jnm67jga7jgq3jg7zjg6/jg7zjg4k8L3NwYW4+CuOCrOODqeOCueODleOCo+ODq+ODoArmnKjnm64K5rW05a6kIOW6igrjg6rjgqLjg4bjg4Pjgq8KCjwvZGl2Pg==,44K344Oz44Kw44Or44Kr44Op44O877yI5Y2Y6Imy77yJIOOAkOe3kS/pu4Tnt5Ev44Kw44Oq44O844Oz44CRIOOCq+ODqeODleODqy/jgrXjg7PjgrLjg4Qv44Oq44Ki44OG44OD44KvL+OCq+ODg+ODhuOCo+ODs+OCsOOCt+ODvOODiC/lsYvlpJbkvb/nlKjlj68v5oqX6I+M44O76Ziy44Kr44OTL+OCqOODs+ODnOOCuS/ljJbnsqfjgrfjg7zjg4gv5aGp44OT44K344O844OIL+eymOedgC/jgrfjg7zjg6svRElZL+ODquODleOCqeODvOODoC/jg6rjg6HjgqTjgq8v44CQ44Oh44O844Kr44O855u06YCBJnJBcnI76YCB5paZ54Sh5paZ44CRIFRBL+ODquOCouODhuODg+OCr+OCt+ODvOODiO+8muaooeanmOabv+OBiOOCt+ODp+ODg+ODl+OAgOODh+OCsw==,44Kr44OD44OG44Kj44Oz44Kw44K344O844OI44OV44Kj44Or44Og44Kr44OD44OG44Kj44Oz44Kw44K344O844Or5aOB57SZ57KY552A44K344O844OI5qih5qeY5pu/44GI44K344O844OI5YyW57Kn44K344O844OI5aOB57SZ44K344O844OI44OA44Kk44OO44OD44Kv44OZ44Or44OT44Ki44Oz44Oq44Ki44OG44OD44Kv44OR44Ot44Ki44Kq44Or44OG44Kj44OO44OT44Ol44O844Kr44Or44ON44Kq44OD44Kv44K544ON44Kq44K/44Kk44Or44ON44Kq44OV44Ot44Ki44Oq44OV44Kp44O844Og44K344O844OI44K144Oz44Ky44OE44Oq44Oq44Kr44Op44Or44OO44Oz77yT77yt44K544Oq44O844Ko44Og44Ki44Kk44Kr44Oq44Oz44OG44OD44Kv44K144Kk44Oz44K344K544OG44Og44K744Kt44K544Kk5qGc5LqV5p2x44Oq44Ok44Oo44Kk5qW15p2x6YOo5bGL5aSn5a6256m65a6k44Kq44O844OK44O85oi45bu66LOD6LK454mp5Lu25LiN5YuV55Sj566h55CG5Lya56S+44Ob44OG44Or44Oe44Oz44K344On44Oz44Ki44OR44O844OI5bqX6IiX44GK5bqX5rW05a6k6aKo5ZGC44Om44OL44OD44OI44OQ44K544OQ44K544Or44O844Og44Kt44OD44OB44Oz44OI44Kk44Os5rC05bu744KK44Kz44O844Kt44Oz44Kw5rSX6Z2i5oqX6I+M6Ziy44Kr44OT5rGa44KM6Ziy5q2i6Ziy5rGa77yk77yp77y55pel5puc5aSn5bel5qih5qeY5pu/44GI44OR44ON44Or5bel5rOV44K744Or44OV44Oq44OV44Kp44O844Og5pa95bel6IG35Lq65bCC6ZaA6Ieq5L2c44OX44Ot6LK844KK5pa55r+A5a6J6LKp5aOy5bqX5qWt6LKp6YCa6LKp5Y246LKp5aOy6YCa5L+h6LKp5aOy56aP5bKh55yM56aP5bKh5biC5aSn6YeO5Z+O5biC5aSq5a6w5bqc5biC5pil5pel5biC562R57Sr6YeO5biC44Kr44Op44O855m944Ob44Ov44Kk44OI6buS44OW44Op44OD44Kv44Oe44OD44OI44OW44Op44OD44Kv6LWk44Os44OD44OJ44Oe44OD44OI5YWJ5rKi6Im25raI44GX5ZKM57SZ5ZKM5p+E5ZKM6aKo5p+E5pyo55uu5pyo55uu5p+E5pyo55uu44K344O844OIV09PROeEoeWcsOOCq+ODvOODnOODs+ODoeOCv+ODquODg+OCr+ODn+ODqeODvOmPoemdouODqeODoeODoeODg+OCremdqea8huWFieayouODrOOCtuODvOearuefs+ebruWkp+eQhuefs+ODh+OCtuOCpOODs+OCq+ODvOODqeODg+ODlOODs+OCsOODqeODg+ODlOODs+OCsOOCq+ODvOOCueOCs+ODg+ODgeODl+ODquODs+ODiOODqeODg+ODl+ODleOCo+ODq+ODoDEwODDjg7Tjgqfjg6njg4Pjg5fjgrnjg4DjgqTjg47jg4Pjgq/jgqvjg7zjg5zjg7Pjg57jg4Pjg4jjg5bjg6njg4Pjgq/ou4rjg5DjgqTjgq/jg5jjg6vjg6Hjg4Pjg4jjgqjjgqLjg63jgqvjg7zjg6njg4Pjg5Tjg7PjgrDjgqvjgrnjgr/jg6DlhoXoo4XlpJboo4Xjg4njg6zjgrnjgqLjg4Pjg5fjgqTjg7Pjg4bjg6rjgqLjg6rjg5Xjgqnjg7zjg6Djg6rjg47jg5njg7zjgrfjg6fjg7Posrzmm7/jgYjmlr3lt6Xlt6Xkuovkv67nkIbmlLnoo4Xkv67nuZXljp/nirblm57lvqnluorlt6XkuovlhoXoo4Xlt6XkuovlrqTlhoXoo4Xpo77lo4HntJnjgq/jg63jgrnnlbPopZbjgqvjg7zjg5rjg4Pjg4jjgqvjg7zjg4bjg7Pjg5bjg6njgqTjg7Pjg4nnnIvmnb/jgrXjgqTjg7PjgrDjg6njg5XjgqPjg4Pjgq/jgqTjg7Pjgq/jgrjjgqfjg4Pjg4jlsYvlpJblsYvlhoXjg57jg7zjgq3jg7PjgrDjgr/jg4Pjgq/jg5rjgqTjg7Pjg4jjg5Hjg43jg6vmtbTlrqTjg5Hjg43jg6vjgrPjg7Pjg5Xjgqnjg7zjg4jjg5Hjg43jg6vjg5Djgrnjg5Hjg43jg6vkvY7nmbrnoLLloanjg5Pmnb/loanjg5Pmnb/jg5Xjgqnjg7zjg6zjg4Pjgq/jgrnopIflkIjmnb/jgqLjg6vjg5/opIflkIjmnb/jgqLjg6vjg53jg6rjg4Pjgq/jgr3jg6zjgqTjgr/jgqzjg6njgrnjg5XjgqPjg6vjg6DnqpPjg5XjgqPjg6vjg6BVVue0q+Wklue3muOCq+ODg+ODiOmjm+aVo+mYsuatoumYsuiZq+OBmeOCiuOCrOODqeOCuemBrueGseODleOCo+ODq+ODoOmAj+aYjuODl+ODqeOCpOODkOOCt+ODvOODh+OCtuOCpOODs+ebrumaoOOBl+aXpeeEvOOBkeatouOCgeeqk+mjvuOCiuepuuWupOWvvuetluilv+aXpeWvvuetluaXpeWwhOmBruiUveevgOmbu+Wvvuetlueqk+aWreeGseeBveWus+WvvuetluWPsOmiqOernOW3u+OCreODg+ODgeODs+aJieOCq+ODqeODvOODnOODg+OCr+OCueeOhOmWouaJieODieOCouWutuWFt+WGt+iUteW6q+ODkeOCveOCs+ODs+ODh+OCueOCr+OCq+OCpuODs+OCv+ODvOajmuacuuODqeODg+OCr+ODhuODvOODluODq+ODgeOCp+OCueODiOOCqOODrOODmeODvOOCv+ODvOWGheeqk+alveeqk+S6jOmHjeeqk+aWreeGseaWreeGseS6jOmHjeeqk+evgOmbu+evgOe0hOOCqOOCs+ecgeOCqOODjeWKueaenOWGt+aIv+aaluaIv+mYsueKr+mYsumfs+e1kOmcsumBk+WFt+ODl+ODqeOCpOODnuODvOODkeODhuOCueOCreODvOOCuOODvOOCv+OCpOODq+Whl+ijheOCv+OCpOODq+OCq+ODvOODmuODg+ODiOS8uOe4ruabsumdojNE5rm+5puy5Ly444Gz44KL6ZuR6LKo44K344Oz44Kw44Or44Kr44Op44O877yI5Y2Y6Imy77yJIOOAkOe3kS/pu4Tnt5Ev44Kw44Oq44O844Oz44CRIOOCq+ODqeODleODqy/jgrXjg7PjgrLjg4Qv44Oq44Ki44OG44OD44KvL+OCq+ODg+ODhuOCo+ODs+OCsOOCt+ODvOODiC/lsYvlpJbkvb/nlKjlj68v5oqX6I+M44O76Ziy44Kr44OTL+OCqOODs+ODnOOCuS/ljJbnsqfjgrfjg7zjg4gv5aGp44OT44K344O844OIL+eymOedgC/jgrfjg7zjg6svRElZL+ODquODleOCqeODvOODoC/jg6rjg6HjgqTjgq8v44CQ44Oh44O844Kr44O855u06YCBJnJBcnI76YCB5paZ54Sh5paZ44CRIFRBL+ODquOCouODhuODg+OCr+OCt+ODvOODiA==,44CQ6YCB5paZ54Sh5paZ44CR44K144Oz44Ky44OEL+ODquOCouODhuODg+OCry/jgqvjg4Pjg4bjgqPjg7PjgrDjgrfjg7zjg4gv44CC44K344Oz44Kw44Or44Kr44Op44O877yI5Y2Y6Imy77yJIOOAkOe3kS/pu4Tnt5Ev44Kw44Oq44O844Oz44CRIOOCq+ODqeODleODqy/jgrXjg7PjgrLjg4Qv44Oq44Ki44OG44OD44KvL+OCq+ODg+ODhuOCo+ODs+OCsOOCt+ODvOODiC/lsYvlpJbkvb/nlKjlj68v5oqX6I+M44O76Ziy44Kr44OTL+OCqOODs+ODnOOCuS/ljJbnsqfjgrfjg7zjg4gv5aGp44OT44K344O844OIL+eymOedgC/jgrfjg7zjg6svRElZL+ODquODleOCqeODvOODoC/jg6rjg6HjgqTjgq8v44CQ44Oh44O844Kr44O855u06YCBJnJBcnI76YCB5paZ54Sh5paZ44CRIFRBL+ODquOCouODhuODg+OCr+OCt+ODvOODiA==[rn]
31-2611,aHR0cDovL3RzaG9wLnIxMHMuanAvbW95b3VnYWVob25wby9jYWJpbmV0L3NoZWV0L3JlYXRlYy9yZWF0ZWNfaXRlbS9pbWdyYzAwNjMzMzE5NzEuanBnP2ZpdGluPTcwMDo3MDA=,MjkxLjIwMDA=,,6Iqx44O744Ks44O844OH44Oz44O7RElZID4g5L2P5a6F5bu65p2Q44O76Kit5YKZID4g5aOB5p2QID4g44Gd44Gu5LuW,44K344Oz44Kw44Or44Kr44Op44O877yI5Y2Y6Imy77yJIOOAkOeZvS/pu5Iv6LWkL+ODrOODg+ODieOAkeOCteODs+OCsuODhC/jg6rjgqLjg4bjg4Pjgq8v44Kr44OD44OG44Kj44Oz44Kw44K344O844OIL+ODouODjuODiOODvOODsy/lsYvlpJbkvb/nlKjlj68v5oqX6I+M44O76Ziy44Kr44OTL+ODleODqeODg+ODiC/jg57jg4Pjg4gv5YyW57Kn44K344O844OIL+WhqeODk+OCt+ODvOODiC/nspjnnYAv44K344O844OrL0RJWS/jg6rjg5Xjgqnjg7zjg6Av44Oq44Oh44Kk44KvL+OAkOODoeODvOOCq+ODvOebtOmAgeKHkumAgeaWmeeEoeaWmeOAkSBUQS/jg6rjgqLjg4bjg4Pjgq/jgrfjg7zjg4g=,44CQ6YCB5paZ54Sh5paZ44CR44K144Oz44Ky44OEL+ODquOCouODhuODg+OCry/jgqvjg4Pjg4bjgqPjg7PjgrDjgrfjg7zjg4gv,PHN0eWxlIHR5cGU9InRleHQvY3NzIj48IS0tCnNwYW4udW5pdCB7YmFja2dyb3VuZDogdXJsKCJodHRwOi8vaW1hZ2UucmFrdXRlbi5jby5qcC9tb3lvdWdhZWhvbnBvL2NhYmluZXQvaW1ncmMwMDY4NDk3NjQ1LmpwZyIpIG5vLXJlcGVhdCBsZWZ0IHRvcDsKdGV4dC1pbmRlbnQ6LTk5OTk7CmRpc3BsYXk6IGJsb2NrOwp3aWR0aDogNDAwcHg7IGhlaWdodDogMTAwcHg7Cm1hcmdpbjoxNXB4IDA7IH0KLS0+PC9zdHlsZT4KCgoKPGRpdiBzdHlsZT0iIHdpZHRoOjgwMHB4OyBmb250LWZhbWlseTon44OS44Op44Ku44OO6KeS44K0IFBybyBXMycsICdIaXJhZ2lubyBLYWt1IEdvdGhpYyBQcm8nLCAn44Oh44Kk44Oq44KqJywgTWVpcnlvLCBPc2FrYSwgJ++8re+8syDvvLDjgrTjgrfjg4Pjgq8nLCAnTVMgUEdvdGhpYycsIHNhbnMtc2VyaWY7IG1hcmdpbjowIGF1dG87IiBhbGlnbj0iY2VudGVyIiAgPgoKPCEtLeOCv+OCpOODiOODq+mDqOWIhi0tPgo8Y2VudGVyPjxoMSBzdHlsZT0iY29sb3I6IzY2NjY2NjsgZm9udC1zaXplOjIwcHg7Ij7jgrXjg7PjgrLjg4TjgIDjg6rjgqLjg4bjg4Pjgq/jgIDjgqvjg4Pjg4bjgqPjg7PjgrDjgrfjg7zjg4g8YnI+CuOCt+ODs+OCsOODq+OCq+ODqeODvC/nhKHlnLDjgJDjgqjjg7Pjg5zjgrkv44OV44Op44OD44OIL+OCsOODreOCueOAkQo8L2gxPjwvY2VudGVyPgo8aW1nIHNyYz0iaHR0cDovL2ltYWdlLnJha3V0ZW4uY28uanAvbW95b3VnYWVob25wby9jYWJpbmV0L3NoZWV0L3JlYXRlYy8wNDE2MjEzNC9pbWdyYzAwNjMyNjE0MTMuanBnIj4KPGhyPgo8aW1nIHNyYz0iaHR0cDovL2ltYWdlLnJha3V0ZW4uY28uanAvbW95b3VnYWVob25wby9jYWJpbmV0L3NoZWV0L3JlYXRlYy8wNDE2MjEzNC9pbWdyYzAwNjMzMzIyMTEuanBnIj4KPCEtLeOBk+OBk+OBvuOBp+OCv+OCpOODiOODq+mDqOWIhi0tPgoKPCEtLeaWveW3peS6i+S+iy0tPgo8aDI+5b2T5bqX44Gu5pa95bel5LqL5L6LPC9oMj4KCjxpbWcgc3JjPSJodHRwOi8vaW1hZ2UucmFrdXRlbi5jby5qcC9tb3lvdWdhZWhvbnBvL2NhYmluZXQvc2hlZXQvcmVhdGVjLzA0MTYyMTM0L2ltZ3JjMDA2MzI2MTQxNS5qcGciPjxicj4KPCEtLeOBk+OBk+OBvuOBp+aWveW3peS6i+S+iy0tPgoKPCEtLeOCqOOCouOCueODq+ODvOOBq+OBpOOBhOOBpi0tPgo8aDI+576O44GX44GE5LuV5LiK44GM44KK44Go5bel5pyf44Gu55+t57iu44KS5Lih56uLPC9oMj4KPHA+PGltZyBzcmM9Imh0dHA6Ly9pbWFnZS5yYWt1dGVuLmNvLmpwL21veW91Z2FlaG9ucG8vY2FiaW5ldC9zaGVldC9yZWF0ZWMvaW1ncmMwMDYyNjY0MjQzLmpwZyI+CjwvcD4KPCEtLeOBk+OBk+OBvuOBp+OCqOOCouOCueODq+ODvOOBq+OBpOOBhOOBpi0tPgoKPCEtLeOCq+ODqeODvOODkOODquOCqOODvOOCt+ODp+ODsy0tPgo8aDI+6LGK5a+M44Gq44Kr44Op44O844OQ44Oq44Ko44O844K344On44OzPC9oMj4KPHA+PCEtLeOBk+OBk+OBvuOBp+OCq+ODqeODvOODkOODquOCqOODvOOCt+ODp+ODsy0tPjxpbWcgc3JjPSJodHRwOi8vaW1hZ2UucmFrdXRlbi5jby5qcC9tb3lvdWdhZWhvbnBvL2NhYmluZXQvc2hlZXQvcmVhdGVjL3JlYXRlY19pdGVtL2ltZ3JjMDA2MzMzMTk4MS5qcGciIC8+Cgo8IS0t6LK844KK5pa544O76YGT5YW3LS0+Cjxocj4KPHA+PGltZyBzcmM9Imh0dHA6Ly9pbWFnZS5yYWt1dGVuLmNvLmpwL21veW91Z2FlaG9ucG8vY2FiaW5ldC9oYXJpa2F0YS9pbWdyYzAwNjMxMzk0OTUuanBnIiBhbHQ9IuOCt+ODvOODiOOBruiyvOOCiuaWueOAgOOCt+ODvOODiOOBruW8teOCiuaWueOAgOiyvOOCiuOBi+OBn+OAgOW8teOCiuOBi+OBn+OAgOOCq+ODg+ODhuOCo+ODs+OCsOOCt+ODvOODiCIgPjwvcD4KPGhyPgo8cD48aW1nIHNyYz0iaHR0cDovL2ltYWdlLnJha3V0ZW4uY28uanAvbW95b3VnYWVob25wby9jYWJpbmV0L3NoZWV0L3NlYXRfZG91Z3UvaW1nNTc0ODUxMTQuZ2lmIj48L3A+Cgo8ZGl2IHN0eWxlPSJ3aWR0aDo4MDBweDsiIGNsYXNzPSJjc19pdGVtIj4KPGEgaHJlZj0iaHR0cDovL2l0ZW0ucmFrdXRlbi5jby5qcC9tb3lvdWdhZWhvbnBvL2tvdWd1LWRpbm9jcHVyYWltYS0vIj48aW1nIAoKc3JjPSJodHRwOi8vaW1hZ2UucmFrdXRlbi5jby5qcC9tb3lvdWdhZWhvbnBvL2NhYmluZXQvc2hlZXQvc2VhdF9kb3VndS9pbWc1NzQ4NTExNi5naWYiIHdpZHRoPSIxNTAiIAp0aXRsZT0i44K344O844OI44Gu57KY552A5Yqb44KS6auY44KB44G+44GZCuWfuuacrOeahOOBq+OBr+Whl+W4g+OCkuOBiuOBmeOBmeOCgeOBl+OBvuOBmSI+PC9hPgoKPGEgaHJlZj0iaHR0cDovL2l0ZW0ucmFrdXRlbi5jby5qcC9tb3lvdWdhZWhvbnBvL2RvdWd1LWt5b2t1dG91LXBpdGF0dG9rdW5uMTBtYWkvIj4KPGltZyBzcmM9Imh0dHA6Ly9pbWFnZS5yYWt1dGVuLmNvLmpwL21veW91Z2FlaG9ucG8vY2FiaW5ldC9zaGVldC9zZWF0X2RvdWd1L2ltZzU3NDg1MTE1LmdpZiIgd2lkdGg9IjE1MCIgCnRpdGxlPSLjgrnjgq3jg7zjgrjjg7zvvIbjg5Tjgr/jg4PjgajjgY/jgpMK6LK844KK44KE44GZ44GV44GM44Kw44OD44Go5aSJ44KP44KK44G+44GZIj48L2E+Cgo8YSBocmVmPSJodHRwOi8vaXRlbS5yYWt1dGVuLmNvLmpwL21veW91Z2FlaG9ucG8vb3J1ZmEtY3V0dGVyLyI+CjxpbWcgc3JjPSJodHRwOi8vaW1hZ2UucmFrdXRlbi5jby5qcC9tb3lvdWdhZWhvbnBvL2NhYmluZXQvc2hlZXQvc2VhdF9kb3VndS9pbWc1NzQ4NTExMi5naWYiIHdpZHRoPSIxNTAiIAp0aXRsZT0i6IG35Lq644KC5L2/55So44GZ44KL44Kr44OD44K/44O8CuWIh+OCjOWRs+OBjOOCiOOBhOOBqOS7leS4iuOBjOOCiuOCgumBleOBhOOBvuOBmSI+PC9hPgoKPGEgaHJlZj0iaHR0cDovL2l0ZW0ucmFrdXRlbi5jby5qcC9tb3lvdWdhZWhvbnBvL2R1b3RlY2stdHJpbWFyLyI+CjxpbWcgc3JjPSJodHRwOi8vaW1hZ2UucmFrdXRlbi5jby5qcC9tb3lvdWdhZWhvbnBvL2NhYmluZXQvc2hlZXQvc2VhdF9kb3VndS9pbWc1NzQ4NTExNy5naWYiIHdpZHRoPSIxNTAiIAp0aXRsZT0i6KOP57SZ44Gg44GR44KS5YiH44KL44Kr44OD44K/44O844CACuOCuOODp+OCpOODs+ODiOaWveW3peOBruOBqOOBjeOBq+OBr+W/hemgiCI+PC9hPgoKPGEgaHJlZj0iaHR0cDovL2l0ZW0ucmFrdXRlbi5jby5qcC9tb3lvdWdhZWhvbnBvL3N0ZW5yZXMtamliZXJhLTVzdW5uLyI+CjxpbWcgc3JjPSJodHRwOi8vaW1hZ2UucmFrdXRlbi5jby5qcC9tb3lvdWdhZWhvbnBvL2NhYmluZXQvc2hlZXQvc2VhdF9kb3VndS9pbWc1NzQ4NTExMy5naWYiIHdpZHRoPSIxNTAiIAp0aXRsZT0i5Zyw44OZ44Op44CACuODl+ODqeOCpOODnuODvOOCkuWhl+OCi+OBqOOBjeOChArpmoXjgpLliIfjgovjgqvjg4Pjgr/jg7zjgqzjgqTjg4njgajjgZfjgabjgoIiPjwvYT4KPGJyPgo8YnI+Cgo8aDI+44GU6LO85YWl44Gr44Gk44GE44Gm77yI5b+F44Ga44GK6Kqt44G/44GP44Gg44GV44GE77yJPC9oMj4KPElNRyBzcmM9Imh0dHA6Ly9pbWFnZS5yYWt1dGVuLmNvLmpwL21veW91Z2FlaG9ucG8vY2FiaW5ldC9vcmRlcl9tZXRob2QvaG93dG9fb3JkZXIvaW1nNTc0ODUwOTAuZ2lmIiB3aWR0aD0iNzYwIiBzdHlsZT0ibWFyZ2luOjBweDsiPgo8cCBhbGlnbj0ibGVmdCIgc3R5bGU9Im1hcmdpbjowcHg7IHdpZHRoOjcyMHB4OyI+44GU6LO85YWl44Gu6Zqb44GvPGI+44K344O844OI5bmFMTIyY23Dl+mVt+OBlTEwY23jgacx5YCL44Gu44GU5rOo5paHPC9iPuOBqOOBquOCiuOBvuOBmeOAgjxicj4KICA8Yj48Zm9udCBjb2xvcj0iI0ZGMDAwMCI+44GU5rOo5paH44GvMTDlgIvku6XkuIrvvIjplbfjgZXvvJHvvY3ku6XkuIrvvInjgYvjgok8L2ZvbnQ+PC9iPuOBqOOBquOCiuOBvuOBmeOAgjxicj4KICDjgarjgYrjgIHlkIzkuIDlk4HnlarjgafopIfmlbDjgavliIbjgZHjgZ/jgqvjg4Pjg4jjgpLmib/jgovjgZPjgajjga/jgafjgY3jgb7jgZvjgpPjga7jgafjgIHjgZTkuobmib/jgY/jgaDjgZXjgYTjgII8L3A+Cjxocj4KPElNRyBzcmM9Imh0dHA6Ly9pbWFnZS5yYWt1dGVuLmNvLmpwL21veW91Z2FlaG9ucG8vY2FiaW5ldC9zaGVldC9yZWF0ZWMvaW1nNTkxODUxNDQuZ2lmIiB3aWR0aD0iNzYwIiBib3JkZXI9IjAiPgoKPHAgYWxpZ249ImxlZnQiIHN0eWxlPSJtYXJnaW46OHB4IDAgMCAwOyB3aWR0aDo3MjBweDsiPjxzcGFuIHN0eWxlPSJmb250LXdlaWdodDpib2xkOyBjb2xvcjpyZWQ7Ij7ku6Pph5HlvJXmj5vjga7loLTlkIjjga/lvZPlupfjgojjgornmbrpgIHjgajjgarjgovjgZ/jgoHpgIHmlpnjg7vku6PlvJXmiYvmlbDmlpnjgYzliKXpgJTlv4XopoHjgajjgarjgorjgb7jgZnjgII8L3NwYW4+PGJyPgogIOOBlOazqOaWh+W+jOOBq+OAgeW9k+W6l+OBp+mAgeaWmeOCkuS/ruato+OBruOBhuOBiOaKmOOCiui/lOOBl+OBlOmAo+e1oeOBhOOBn+OBl+OBvuOBmeOAgjxicj4KICDpioDooYzmjK/ovrzjga7loLTlkIjjga/jgIHpgIHmlpnkv67mraPlvozjga7ph5HpoY3jgpLjgZTnorroqo3jga7jgYbjgYjjgYrmjK/ovrzjgYTjgZ/jgaDjgY3jgb7jgZnjgojjgYbjgIHjgojjgo3jgZfjgY/jgYrpoZjjgYTjgYTjgZ/jgZfjgb7jgZnjgII8L3A+Cgo8cCBhbGlnbj0icmlnaHQiPgo8SU1HIHNyYz0iaHR0cDovL2ltYWdlLnJha3V0ZW4uY28uanAvbW95b3VnYWVob25wby9jYWJpbmV0L3NoZWV0L3Bhcm9pL21hc3Rlci9pbWc1NzIzNTY4MS5qcGciPjxicj4KPElNRyBzcmM9Imh0dHA6Ly9pbWFnZS5yYWt1dGVuLmNvLmpwL21veW91Z2FlaG9ucG8vY2FiaW5ldC9zaGVldC9wYXJvaS9tYXN0ZXIvaW1nNTcyMzU2ODUuanBnIiB3aWR0aD0iMTQ0IiBoZWlnaHQ9IjI2IiBib3JkZXI9IjAiIHZzcGFjZT0iMTUiIGhzcGFjZT0iNSI+CjxJTUcgc3JjPSJodHRwOi8vaW1hZ2UucmFrdXRlbi5jby5qcC9tb3lvdWdhZWhvbnBvL2NhYmluZXQvc2hlZXQvcGFyb2kvbWFzdGVyL2ltZzU3MjM1Njg3LmpwZyIgd2lkdGg9IjE0NCIgaGVpZ2h0PSIyNiIgYm9yZGVyPSIwIiB2c3BhY2U9IjE1IiBoc3BhY2U9IjUiPgo8SU1HIHNyYz0iaHR0cDovL2ltYWdlLnJha3V0ZW4uY28uanAvbW95b3VnYWVob25wby9jYWJpbmV0L3NoZWV0L3Bhcm9pL21hc3Rlci9pbWc1NzIzNTcwNC5qcGciIHdpZHRoPSIyMTkiIGhlaWdodD0iMjYiIGJvcmRlcj0iMCIgdnNwYWNlPSIxNSIgaHNwYWNlPSI1Ij4KPElNRyBzcmM9Imh0dHA6Ly9pbWFnZS5yYWt1dGVuLmNvLmpwL21veW91Z2FlaG9ucG8vY2FiaW5ldC9zaGVldC9wYXJvaS9tYXN0ZXIvaW1nNTcyMzU2ODYuanBnIiB2c3BhY2U9IjE1IiBoc3BhY2U9IjUiPjwvcD4KCgo8L2Rpdj4KPC9kaXY+CjwhLS3plqLpgKPllYbmnZDjg6rjg7Pjgq8g44GT44GT44GL44KJLS0+CjxzdHlsZSB0eXBlPSJ0ZXh0L2NzcyI+Ci5rYW5yZW4gaW1newptYXJnaW4tYm90dG9tOjFweDt9Ci5rYW5yZW4gaDN7IApmb250LWZhbWlseToi44OS44Op44Ku44OO6KeS44K0IFBybyBXMyIsICJIaXJhZ2lubyBLYWt1IEdvdGhpYyBQcm8iLCAi44Oh44Kk44Oq44KqIiwgTWVpcnlvLCBPc2FrYSwgIu+8re+8syDvvLDjgrTjgrfjg4Pjgq8iLCAiTVMgUEdvdGhpYyIsIHNhbnMtc2VyaWY7IGNvbG9yOiMzOyBmb250LXNpemU6MTJweDsgZm9udC13ZWlnaHQ6Ym9sZDsgbWFyZ2luLWJvdHRvbTo0cHg7fQoua2FucmVuIHB7Cm1hcmdpbi1ib3R0b206MnB4O30KPC9zdHlsZT4KPGRpdiBjbGFzcz0iZ29vZHMtdGJsIiBzdHlsZT0icGFkZGluZy1ib3R0b206MHB4OyI+CjxkaXYgY2xhc3M9ImthbnJlbiI+CjxwIHN0eWxlPSJmb250LXdlaWdodDpib2xkOyB0ZXh0LWFsaWduOmNlbnRlcjsiPu+9niDlo4HjgajluorjgpLkuIDnt5Ljgavjg6rjg47jg5njg7zjgrfjg6fjg7PjgZfjgb7jgZvjgpPjgYvvvJ8g772ePC9wPgo8cD48aW1nIHNyYz0iaHR0cDovL2ltYWdlLnJha3V0ZW4uY28uanAvbW95b3VnYWVob25wby9jYWJpbmV0L2Jhbm5lci9pbWdyYzAwNjI2NTM3NzYuanBnIiB3aWR0aD0iNDIwIj48YnIgLz4K57Ch5Y2Y44Kr44OD44OI44Gu44OR44ON44Or5LiL5Zyw44Gn44OX44Ot44Gu5LuV5LiK44GM44KKPC9wPgo8cD48aW1nIHNyYz0iaHR0cDovL2ltYWdlLnJha3V0ZW4uY28uanAvbW95b3VnYWVob25wby9jYWJpbmV0L2tlbnphaS9vZnVyb2EvaW1ncmMwMDYyNjM0NjczLmpwZyIgd2lkdGg9IjQyMCI+PGJyIC8+CuOCteODs+OCsuODhCDjgYrpoqjlkYLjga7luormnZAg44Kq44OV44Ot44KiIOWkp+S6uuawlzwvcD4KPHA+PGltZyBzcmM9Imh0dHA6Ly9pbWFnZS5yYWt1dGVuLmNvLmpwL21veW91Z2FlaG9ucG8vY2FiaW5ldC9iYW5uZXIvaW1nNjEwMjU4MTAuanBnIiB3aWR0aD0iNDIwIj48YnIgLz4K5Ya344Gf44GEIOa7keOBo+OBpuaAluOBhCDjgpLop6Pmsbog5rW05a6k5bqK5p2QIOaPg+OBo+OBpuOBhOOBvuOBmTwvcD4KPHAgY2xhc3M9Imdvb2RzLW5leHQiIHN0eWxlPSJtYXJnaW46MHB4OyI+PC9wPgo8L2Rpdj4KPC9kaXY+CjwhLS3plqLpgKPllYbmnZDjg6rjg7Pjgq8g44GT44GT44G+44GnLS0+CjxESVYgY2xhc3M9Imdvb2RzLXRibCI+Cgo8aDIgY2xhc3M9Imdvb2RzLXRpdGxlIj4K5ZWG5ZOB6Kqs5piOCjwvaDI+Cgo8aDMgY2xhc3M9Imdvb2RzLWxlZnQiPuWTgeeVqjwvaDM+CjxkaXYgY2xhc3M9Imdvb2RzLXJpZ2h0Ij4KICA8cD7jgrfjg7PjgrDjg6vjgqvjg6njg7wg5Y2Y6ImyIOODleODqeODg+ODiC/jg57jg4Pjg4gg44K/44Kk44OX44CA5YWoNOeCuTxCUj4KICAgIO+8iOOAgO+8ieOBr+aXp+WTgeeVquOBqOOBquOCiuOBvuOBmeOAgjxicj4KICAgIOOAgOODu1RBLTgzNzUgKDczNzMpPGJyPgogICAg44CA44O7VEEtODM3NiAoNzM3NCk8YnI+CiAgICDjgIDjg7tUQS04Mzc3ICjmlrDoibIpPGJyPgogICAg44CA44O7VEEtODM3OCAoNzM3NSk8YnI+CiAgICAtLS0tLS0tLS0tLS0tLS0tLS0tLS0tLS0tLS0tLS0tLS0tLS0tLS0tPGJyPgogICAgCiAgICAKPEZPTlQgY29sb3I9IiNmZjAwMDAiPuKAu+OBiuS9v+OBhOOBruODkeOCveOCs+ODs+eSsOWig+OBq+OCiOOCiuOAgeWVhuWTgeOBruiJsuOBjOimi+acrOOBqOWkmuWwkeeVsOOBquOCi+WgtOWQiOOBjOOBguOCiuOBvuOBmeOAgjwvRk9OVD48L3A+CjwvZGl2PgoKPHAgY2xhc3M9Imdvb2RzLW5leHQiPjwvcD4KCjxIMyBjbGFzcz0iZ29vZHMtbGVmdCI+5ZWG5ZOB44K144Kk44K6PC9oMz4KPFAgY2xhc3M9Imdvb2RzLXJpZ2h0Ij7llYblk4Hlt77jgIAxMjJjbS/ljprjgb/jgIDntIQwLjJtbTxicj4K6ZW344GV44GvMW3ku6XkuIoxMGNt5Y2Y5L2N44Gu44Kr44OD44OI6LKp5aOyPEJSPgo8Rk9OVCBjb2xvcj0iI2ZmMDAwMCI+4oC744GU5rOo5paH44GvMTDlgIvvvIgx772N77yJ5Lul5LiK44GL44KJ44Go44Gq44KK44G+44GZ44CCPC9GT05UPjxCUj4KMe+9jeOBlOazqOaWh+KGkjEw5YCL77yPM++9jTIw772D772N44GU5rOo5paH4oaSMzLlgIs8L3A+Cgo8cCBjbGFzcz0iZ29vZHMtbmV4dCI+PC9wPgoKPGgzIGNsYXNzPSJnb29kcy1sZWZ0Ij7ov5Tlk4Hjg7vkuqTmj5vjgavjgaTjgYTjgaY8L2gzPgo8cCBjbGFzcz0iZ29vZHMtcmlnaHQiPuOBk+OBoeOCieOBruWVhuWTgeOBr+OBiuWuouanmOmDveWQiOOBq+OCiOOCi+i/lOWTgeODu+S6pOaPm+OBr+aJv+OCi+S6i+OBjOOBp+OBjeOBvuOBm+OCkzwvcD4KPHAgY2xhc3M9Imdvb2RzLXJpZ2h0Ij4K6L+U5ZOB44O75Lqk5o+b44Gu6Kmz57Sw44Gv44GT44Gh44KJ44KS44GU6Kan44GP44Gg44GV44GEPC9wPgoKPHAgY2xhc3M9Imdvb2RzLW5leHQiPjwvcD4KCjxoMyBjbGFzcz0iZ29vZHMtbGVmdCI+5pa95bel44Gr6Zai44GX44Gm44Gu44GU55WZ5oSP54K577yI44Oh44O844Kr44O86LOH5paZ77yJPC9oMz4KPHAgY2xhc3M9Imdvb2RzLXJpZ2h0Ij4K5pa95bel44Gr6Zai44GZ44KL6LOH5paZ44Gv44GT44Gh44KJ44KS44GU6Kan5LiL44GV44GEIDwvcD4KCjxwIGNsYXNzPSJnb29kcy1uZXh0Ij48L3A+Cgo8aDMgY2xhc3M9Imdvb2RzLWxlZnQiPuijveWTgeaDheWgsS/pmLLngavoqo3lrprnlarlj7fvvIjjg6Hjg7zjgqvjg7zos4fmlpnvvIk8L2gzPgo8cCBjbGFzcz0iZ29vZHMtcmlnaHQiPgroo73lk4HjgavplqLjgZnjgovos4fmlpnjga/jgZPjgaHjgonjgpLjgZTopqfkuIvjgZXjgYQgPC9wPgoKPHAgY2xhc3M9Imdvb2RzLW5leHQiPjwvcD4KCjxoMyBjbGFzcz0iZ29vZHMtbGVmdCI+44Kr44OD44OG44Kj44Oz44Kw55So44K344O844OI77yI5aGp44OT44K344O844OI77yJ44Go44Gv77yfPC9oMz4KPHAgY2xhc3M9Imdvb2RzLXJpZ2h0Ij4K44Kr44OD44OG44Kj44Oz44Kw55So44K344O844OI77yI44OV44Kj44Or44Og44CB44Kk44Oz44OG44Oq44Ki44K344O844OI44CB5YyW57Kn44K344O844OI44CB57KY552A44K344O844OI77yJ44Gv5YSq44KM44Gf5by35bqm44Go576O44GX44GE44OH44K244Kk44Oz44GM5pa944GV44KM44Gf5aOB6KOF55So44Gu44K344O844Or44Gn44GZ44CCPEJSPgrpgJrluLjjgIHjgrfjg7zjg4jjga7oo4/jga/jgrfjg7zjg6vnirbjgavjgarjgaPjgabjgYrjgorjgIHjgZ3jga7nspjnnYDmgKfjgoLpq5jjgY/jgIHluYXluoPjgYTkuIvlnLDjgbjjga7osrzjgorku5jjgZHjgYzlj6/og73jgafjgZnjgII8QlI+Cui/keW5tOOBp+OBr+eUqOmAlOOCguWkmuWykOOBq+a4oeOCiuOAgeODnuODs+OCt+ODp+ODs+OChOaIuOW7uuS9j+WuheOBruWGheijheOBi+OCieOAgeOCquODleOCo+OCueOAgeODm+ODhuODq+OChOS4gOiIrOW6l+iIl+OAgeeXhemZouOAgeS7i+itt+aWveioreOAgeOBleOCieOBq+OBr+a4qea1tOaWveioreOChOODkeODgeODs+OCs+W6l+OBquOBqeOBrumBiuaIr+aWveioreOBrueuoeeQhuiAheOAgeOCquODvOODiuODvOOBrueahuanmOOBq+WlveipleOCkuWNmuOBl+OBpuOBhOOBvuOBmeOAgjxCUj4K44GT44Gu44KI44GG44Gr5Yip5L6/5oCn44GM6auY44GE5bu65p2Q44Gu44Gf44KB44CBM03vvIjjgrnjg6rjg7zjgqjjg6Djg7vjg4DjgqTjg47jg4Pjgq/jg7tESS1OT0PvvInjgIHjgrXjg7PjgrLjg4TvvIjjg6rjgqLjg4bjg4Pjgq/jg7tSRUFURUPvvInjgIHjg6rjg7Pjg4bjg4Pjgq/jgrXjgqTjg7Pjgrfjgrnjg4bjg6DvvIjjg5Hjg63jgqLjg7tQQVJPSSnjgIHjgqLjgqTjgqvvvIjjgqrjg6vjg4bjgqPjg47jg7tBbHR5bm/vvInjgIHjgrfjg7zjgqLjgqTljJbmiJDvvIjjg5njg6vjg5PjgqLjg7Pjg7tiZWxiaWVu77yJ44Gq44Gp44Gu5pyJ5ZCN44Oh44O844Kr44O844GM5aSa5b2p44Gq44Op44Kk44Oz44OK44OD44OX44KS5bGV6ZaL44GX44Gm44GE44G+44GZ44CCPEJSPgrjgb7jgZ/jgIHoh6rli5Xou4rjgavmioDooZPnmoTjgavpoZ7kvLzjga7jg6njg4Pjg5Tjg7PjgrDjg5XjgqPjg6vjg6DvvIjjg6njg4Pjg5fjg5XjgqPjg6vjg6DvvInjgpLosrzjgorku5jjgZHjgabjgIHloZfoo4XjgpLlpInmm7TjgZnjgovjgZPjgajjgarjgY/jgIHjgq/jg6vjg57jga7jgqTjg6Hjg7zjgrjjgpLlpInmm7TjgafjgY3jgovjgqvjg7zjg6njg4Pjg5Tjg7PjgrDjgoLlhajkuJbnlYznmoTjgavkurrmsJfjgYzjgYLjgorjgb7jgZnjgII8QlI+CuOBk+OBoeOCieOBr+S9j+WPizNN77yI44K544Kz44OD44OB44OX44Oq44Oz44OI44O7U2NvdGNocHJpbnQp44KE44Oq44Oz44OG44OD44Kv44K144Kk44Oz44K344K544OG44Og77yI44O044Kn44Op44OD44OX44K544O7VmV3cmFwc++8ieOAgea1t+WkluOBq+ebruOCkuOCgOOBkeOCi+OBqEF2ZXJ5IERlbm5pc29uIFN1cHJlbWUgV3JhcHBpbmcgRmlsbSDjgarjganlpJrjgY/jga7jg5bjg6njg7Pjg4njgafjgqvjg7zjg6njg4Pjg5Tjg7PjgrDjga7mpb3jgZfjgZXjgpLmj5DmoYjjgZfjgabjgYTjgb7jgZnjgII8QlI+CjwvcD4KCjxwIGNsYXNzPSJnb29kcy1uZXh0Ij48L3A+Cgo8L2Rpdj4KPCEtLeODquOCouODhuODg+OCr+axjueUqOODquODs+OCryDjgZPjgZPjgYvjgoktLT4KPHN0eWxlIHR5cGU9InRleHQvY3NzIj4KLmdvb2RzLW5hdmkgaW1newp3aWR0aDoyMTJweDsKdGV4dC1hbGlnbjpjZW50ZXI7fQo8L3N0eWxlPgoKPGRpdiBjbGFzcz0iZ29vZHMtdGJsIiBzdHlsZT0icGFkZGluZy1ib3R0b206MHB4OyI+CjxkaXYgY2xhc3M9Imdvb2RzLW5hdmkiPgogPGltZyBzcmM9Imh0dHA6Ly9pbWFnZS5yYWt1dGVuLmNvLmpwL21veW91Z2FlaG9ucG8vY2FiaW5ldC9zaGVldC9kaS1ub2Mvb3RoZXJfaW1hZ2VzL2ltZzYxMjc3MTY2LmpwZyIgLz4KICA8aW1nIHNyYz0iaHR0cDovL2ltYWdlLnJha3V0ZW4uY28uanAvbW95b3VnYWVob25wby9jYWJpbmV0L3NoZWV0L2RpLW5vYy9vdGhlcl9pbWFnZXMvaW1nNjEyNjA4ODguanBnIiAvPgogIDxpbWcgc3JjPSJodHRwOi8vaW1hZ2UucmFrdXRlbi5jby5qcC9tb3lvdWdhZWhvbnBvL2NhYmluZXQvc2hlZXQvZGktbm9jL290aGVyX2ltYWdlcy9pbWc2MTI2MDg4NS5qcGciIC8+CjxpbWcgc3JjPSJodHRwOi8vaW1hZ2UucmFrdXRlbi5jby5qcC9tb3lvdWdhZWhvbnBvL2NhYmluZXQvc2hlZXQvZGktbm9jL290aGVyX2ltYWdlcy9pbWc2MTI3NzE2Ny5qcGciIC8+CjxpbWcgc3JjPSJodHRwOi8vaW1hZ2UucmFrdXRlbi5jby5qcC9tb3lvdWdhZWhvbnBvL2NhYmluZXQvc2hlZXQvZGktbm9jL290aGVyX2ltYWdlcy9pbWc2MTI2MDg4Ni5qcGciIC8+CjxpbWcgc3JjPSJodHRwOi8vaW1hZ2UucmFrdXRlbi5jby5qcC9tb3lvdWdhZWhvbnBvL2NhYmluZXQvc2hlZXQvZGktbm9jL290aGVyX2ltYWdlcy9pbWc2MTI2MDg4OS5qcGciIC8+CjxpbWcgc3JjPSJodHRwOi8vaW1hZ2UucmFrdXRlbi5jby5qcC9tb3lvdWdhZWhvbnBvL2NhYmluZXQvc2hlZXQvZGktbm9jL290aGVyX2ltYWdlcy9pbWc2MTI2MDg4Ny5qcGciIC8+CjxpbWcgc3JjPSJodHRwOi8vaW1hZ2UucmFrdXRlbi5jby5qcC9tb3lvdWdhZWhvbnBvL2NhYmluZXQvc2hlZXQvZGktbm9jL290aGVyX2ltYWdlcy9pbWc2MTI2MDg5MC5qcGciIC8+CjwvZGl2Pgo8cCBjbGFzcz0iZ29vZHMtbmV4dCIgc3R5bGU9Im1hcmdpbjowcHg7Ij48L3A+CjwvZGl2Pgo8IS0t44Oq44Ki44OG44OD44Kv5rGO55So44Oq44Oz44KvIOOBk+OBk+OBvuOBpy0tPjxzdHlsZSB0eXBlPSJ0ZXh0L2NzcyI+CjwhLS0KCi8q5ZWG5ZOB5ZCN44Gu44OV44Kp44Oz44OI5oOF5aCxKi8KLml0ZW1fbmFtZSB7CglkaXNwbGF5OmJsb2NrOwoJbWFyZ2luOjAgMCA4cHggMDsKCWZvbnQtZmFtaWx5OiLjg5Ljg6njgq7jg47op5LjgrQgUHJvIFczIiwgIkhpcmFnaW5vIEtha3UgR290aGljIFBybyIsICLjg6HjgqTjg6rjgqoiLCBNZWlyeW8sIE9zYWthLCAi77yt77yzIO+8sOOCtOOCt+ODg+OCryIsICJNUyBQR290aGljIiwgc2Fucy1zZXJpZjsKCWZvbnQ6Ym9sZCAxNnB4OwoJY29sb3I6IzMzMzsKCWxpbmUtaGVpZ2h0OjEyMCU7Cgp9Ci8q44Kt44Oj44OD44OB44Kz44OU44O844Gu44OV44Kp44Oz44OI5oOF5aCxKi8KLmNhdGNoX2NvcHkgewoJZGlzcGxheTpibG9jazsKCW1hcmdpbjowIDAgOHB4IDAgOwoJZm9udC1mYW1pbHk6IuODkuODqeOCruODjuinkuOCtCBQcm8gVzMiLCAiSGlyYWdpbm8gS2FrdSBHb3RoaWMgUHJvIiwgIuODoeOCpOODquOCqiIsIE1laXJ5bywgT3Nha2EsICLvvK3vvLMg77yw44K044K344OD44KvIiwgIk1TIFBHb3RoaWMiLCBzYW5zLXNlcmlmOwoJZm9udC1zaXplOjE0cHg7Cgljb2xvcjojMzMzOwp9CgovKuebrueOieWVhuWTgeOBruaWh+WtlyovCmEubG9zc2xlYWRlcl9pdGVtX25hbWU6bGluayB7Cgljb2xvcjojNTU1OwoJZm9udC1zaXplOjEzcHg7Cn0KCnNwYW4ubG9zc2xlYWRlcl9wcmljZTJ7Cgljb2xvcjojRkYwMDAwOwoJZm9udC1zaXplOjEycHg7Cn0KCi8q44Oa44O844K45bem5LiK44Gu44Kt44O844Ov44O844OJ6KGo56S65qyEKi8KZGl2I0hlYWRlcktleXdvcmQgewoJcG9zaXRpb246YWJzb2x1dGU7Cgl0b3A6NDhweDsvKuS4gOeVquS4iuOBi+OCieOBruS9jee9riovCglsZWZ0OjgwcHg7Lyrlt6bnq6/jgYvjgonjga7kvY3nva4qLwoJZm9udDoxNHB4ICLjg5Ljg6njgq7jg47op5LjgrQgUHJvIFczIiwgIkhpcmFnaW5vIEtha3UgR290aGljIFBybyIsICLjg6HjgqTjg6rjgqoiLCBNZWlyeW8sIE9zYWthLCAi77yt77yzIO+8sOOCtOOCt+ODg+OCryIsICJNUyBQR290aGljIiwgc2Fucy1zZXJpZjsKCXdpZHRoOjQyMHB4Owp9CgpkaXYjSGVhZGVyS2V5d29yZCBzcGFuIHsKCWJhY2tncm91bmQ6ICNiZjAwMDA7Cgljb2xvcjojZmZmOwoJZm9udC13ZWlnaHQ6Ym9sZDsKCXBhZGRpbmc6MnB4IDVweDsKfQoKZGl2I0hlYWRlcktleXdvcmQgYSB7Cgljb2xvcjojMDA0NENDOwp9CgoKLyog5YCL5pWw5YWl5Yqb5qyE44Gu5aSn44GN44GVICovCmlucHV0I3VuaXRzIHsKCXBhZGRpbmc6IDRweDsKfQoKLyog44GK6LK344GE54mp44GL44GU44Oc44K/44Oz44Gu5aSn44GN44GVICovCnRkID4gaW5wdXQgewoJZm9udC1zaXplOiAxMnB4OwoJcGFkZGluZzo4cHggMTJweCA4cHggMTJweDsKCXdpZHRoOiBhdXRvOwp9CgovKiDjgIzllYblk4HjgavjgaTjgYTjgabjga7llY/jgYTlkIjjgo/jgZvjgI3jg5zjgr/jg7Pjga7lpKfjgY3jgZUqLwpmb250IGlucHV0IHsKCWZvbnQtc2l6ZTogMTJweDsKCXBhZGRpbmc6MnB4OwoJd2lkdGg6IDE1MHB4Owp9CgoKLS0+Cjwvc3R5bGU+CgoKPGRpdiBpZD0iSGVhZGVyS2V5d29yZCI+CjxzcGFuPuazqOebruOBruOCreODvOODr+ODvOODiTwvc3Bhbj4K44Ks44Op44K544OV44Kj44Or44OgCuacqOebrgrmtbTlrqQg5bqKCuODquOCouODhuODg+OCrwoKPC9kaXY+,44K344Oz44Kw44Or44Kr44Op44O877yI5Y2Y6Imy77yJIOOAkOeZvS/pu5Iv6LWkL+ODrOODg+ODieOAkeOCteODs+OCsuODhC/jg6rjgqLjg4bjg4Pjgq8v44Kr44OD44OG44Kj44Oz44Kw44K344O844OIL+ODouODjuODiOODvOODsy/lsYvlpJbkvb/nlKjlj68v5oqX6I+M44O76Ziy44Kr44OTL+ODleODqeODg+ODiC/jg57jg4Pjg4gv5YyW57Kn44K344O844OIL+WhqeODk+OCt+ODvOODiC/nspjnnYAv44K344O844OrL0RJWS/jg6rjg5Xjgqnjg7zjg6Av44Oq44Oh44Kk44KvL+OAkOODoeODvOOCq+ODvOebtOmAgSZyQXJyO+mAgeaWmeeEoeaWmeOAkSBUQS/jg6rjgqLjg4bjg4Pjgq/jgrfjg7zjg4jvvJrmqKHmp5jmm7/jgYjjgrfjg6fjg4Pjg5fjgIDjg4fjgrM=,44Kr44OD44OG44Kj44Oz44Kw44K344O844OI44OV44Kj44Or44Og44Kr44OD44OG44Kj44Oz44Kw44K344O844Or5aOB57SZ57KY552A44K344O844OI5qih5qeY5pu/44GI44K344O844OI5YyW57Kn44K344O844OI5aOB57SZ44K344O844OI44OA44Kk44OO44OD44Kv44OZ44Or44OT44Ki44Oz44Oq44Ki44OG44OD44Kv44OR44Ot44Ki44Kq44Or44OG44Kj44OO44OT44Ol44O844Kr44Or44ON44Kq44OD44Kv44K544ON44Kq44K/44Kk44Or44ON44Kq44OV44Ot44Ki44Oq44OV44Kp44O844Og44K344O844OI44K144Oz44Ky44OE44Oq44Oq44Kr44Op44Or44OO44Oz77yT77yt44K544Oq44O844Ko44Og44Ki44Kk44Kr44Oq44Oz44OG44OD44Kv44K144Kk44Oz44K344K544OG44Og44K744Kt44K544Kk5qGc5LqV5p2x44Oq44Ok44Oo44Kk5qW15p2x6YOo5bGL5aSn5a6256m65a6k44Kq44O844OK44O85oi45bu66LOD6LK454mp5Lu25LiN5YuV55Sj566h55CG5Lya56S+44Ob44OG44Or44Oe44Oz44K344On44Oz44Ki44OR44O844OI5bqX6IiX44GK5bqX5rW05a6k6aKo5ZGC44Om44OL44OD44OI44OQ44K544OQ44K544Or44O844Og44Kt44OD44OB44Oz44OI44Kk44Os5rC05bu744KK44Kz44O844Kt44Oz44Kw5rSX6Z2i5oqX6I+M6Ziy44Kr44OT5rGa44KM6Ziy5q2i6Ziy5rGa77yk77yp77y55pel5puc5aSn5bel5qih5qeY5pu/44GI44OR44ON44Or5bel5rOV44K744Or44OV44Oq44OV44Kp44O844Og5pa95bel6IG35Lq65bCC6ZaA6Ieq5L2c44OX44Ot6LK844KK5pa55r+A5a6J6LKp5aOy5bqX5qWt6LKp6YCa6LKp5Y246LKp5aOy6YCa5L+h6LKp5aOy56aP5bKh55yM56aP5bKh5biC5aSn6YeO5Z+O5biC5aSq5a6w5bqc5biC5pil5pel5biC562R57Sr6YeO5biC44Kr44Op44O855m944Ob44Ov44Kk44OI6buS44OW44Op44OD44Kv44Oe44OD44OI44OW44Op44OD44Kv6LWk44Os44OD44OJ44Oe44OD44OI5YWJ5rKi6Im25raI44GX5ZKM57SZ5ZKM5p+E5ZKM6aKo5p+E5pyo55uu5pyo55uu5p+E5pyo55uu44K344O844OIV09PROeEoeWcsOOCq+ODvOODnOODs+ODoeOCv+ODquODg+OCr+ODn+ODqeODvOmPoemdouODqeODoeODoeODg+OCremdqea8huWFieayouODrOOCtuODvOearuefs+ebruWkp+eQhuefs+ODh+OCtuOCpOODs+OCq+ODvOODqeODg+ODlOODs+OCsOODqeODg+ODlOODs+OCsOOCq+ODvOOCueOCs+ODg+ODgeODl+ODquODs+ODiOODqeODg+ODl+ODleOCo+ODq+ODoDEwODDjg7Tjgqfjg6njg4Pjg5fjgrnjg4DjgqTjg47jg4Pjgq/jgqvjg7zjg5zjg7Pjg57jg4Pjg4jjg5bjg6njg4Pjgq/ou4rjg5DjgqTjgq/jg5jjg6vjg6Hjg4Pjg4jjgqjjgqLjg63jgqvjg7zjg6njg4Pjg5Tjg7PjgrDjgqvjgrnjgr/jg6DlhoXoo4XlpJboo4Xjg4njg6zjgrnjgqLjg4Pjg5fjgqTjg7Pjg4bjg6rjgqLjg6rjg5Xjgqnjg7zjg6Djg6rjg47jg5njg7zjgrfjg6fjg7Posrzmm7/jgYjmlr3lt6Xlt6Xkuovkv67nkIbmlLnoo4Xkv67nuZXljp/nirblm57lvqnluorlt6XkuovlhoXoo4Xlt6XkuovlrqTlhoXoo4Xpo77lo4HntJnjgq/jg63jgrnnlbPopZbjgqvjg7zjg5rjg4Pjg4jjgqvjg7zjg4bjg7Pjg5bjg6njgqTjg7Pjg4nnnIvmnb/jgrXjgqTjg7PjgrDjg6njg5XjgqPjg4Pjgq/jgqTjg7Pjgq/jgrjjgqfjg4Pjg4jlsYvlpJblsYvlhoXjg57jg7zjgq3jg7PjgrDjgr/jg4Pjgq/jg5rjgqTjg7Pjg4jjg5Hjg43jg6vmtbTlrqTjg5Hjg43jg6vjgrPjg7Pjg5Xjgqnjg7zjg4jjg5Hjg43jg6vjg5Djgrnjg5Hjg43jg6vkvY7nmbrnoLLloanjg5Pmnb/loanjg5Pmnb/jg5Xjgqnjg7zjg6zjg4Pjgq/jgrnopIflkIjmnb/jgqLjg6vjg5/opIflkIjmnb/jgqLjg6vjg53jg6rjg4Pjgq/jgr3jg6zjgqTjgr/jgqzjg6njgrnjg5XjgqPjg6vjg6DnqpPjg5XjgqPjg6vjg6BVVue0q+Wklue3muOCq+ODg+ODiOmjm+aVo+mYsuatoumYsuiZq+OBmeOCiuOCrOODqeOCuemBrueGseODleOCo+ODq+ODoOmAj+aYjuODl+ODqeOCpOODkOOCt+ODvOODh+OCtuOCpOODs+ebrumaoOOBl+aXpeeEvOOBkeatouOCgeeqk+mjvuOCiuepuuWupOWvvuetluilv+aXpeWvvuetluaXpeWwhOmBruiUveevgOmbu+Wvvuetlueqk+aWreeGseeBveWus+WvvuetluWPsOmiqOernOW3u+OCreODg+ODgeODs+aJieOCq+ODqeODvOODnOODg+OCr+OCueeOhOmWouaJieODieOCouWutuWFt+WGt+iUteW6q+ODkeOCveOCs+ODs+ODh+OCueOCr+OCq+OCpuODs+OCv+ODvOajmuacuuODqeODg+OCr+ODhuODvOODluODq+ODgeOCp+OCueODiOOCqOODrOODmeODvOOCv+ODvOWGheeqk+alveeqk+S6jOmHjeeqk+aWreeGseaWreeGseS6jOmHjeeqk+evgOmbu+evgOe0hOOCqOOCs+ecgeOCqOODjeWKueaenOWGt+aIv+aaluaIv+mYsueKr+mYsumfs+e1kOmcsumBk+WFt+ODl+ODqeOCpOODnuODvOODkeODhuOCueOCreODvOOCuOODvOOCv+OCpOODq+Whl+ijheOCv+OCpOODq+OCq+ODvOODmuODg+ODiOS8uOe4ruabsumdojNE5rm+5puy5Ly444Gz44KL6ZuR6LKo44K344Oz44Kw44Or44Kr44Op44O877yI5Y2Y6Imy77yJIOOAkOeZvS/pu5Iv6LWkL+ODrOODg+ODieOAkeOCteODs+OCsuODhC/jg6rjgqLjg4bjg4Pjgq8v44Kr44OD44OG44Kj44Oz44Kw44K344O844OIL+ODouODjuODiOODvOODsy/lsYvlpJbkvb/nlKjlj68v5oqX6I+M44O76Ziy44Kr44OTL+ODleODqeODg+ODiC/jg57jg4Pjg4gv5YyW57Kn44K344O844OIL+WhqeODk+OCt+ODvOODiC/nspjnnYAv44K344O844OrL0RJWS/jg6rjg5Xjgqnjg7zjg6Av44Oq44Oh44Kk44KvL+OAkOODoeODvOOCq+ODvOebtOmAgSZyQXJyO+mAgeaWmeeEoeaWmeOAkSBUQS/jg6rjgqLjg4bjg4Pjgq/jgrfjg7zjg4g=,44CQ6YCB5paZ54Sh5paZ44CR44K144Oz44Ky44OEL+ODquOCouODhuODg+OCry/jgqvjg4Pjg4bjgqPjg7PjgrDjgrfjg7zjg4gv44CC44K344Oz44Kw44Or44Kr44Op44O877yI5Y2Y6Imy77yJIOOAkOeZvS/pu5Iv6LWkL+ODrOODg+ODieOAkeOCteODs+OCsuODhC/jg6rjgqLjg4bjg4Pjgq8v44Kr44OD44OG44Kj44Oz44Kw44K344O844OIL+ODouODjuODiOODvOODsy/lsYvlpJbkvb/nlKjlj68v5oqX6I+M44O76Ziy44Kr44OTL+ODleODqeODg+ODiC/jg57jg4Pjg4gv5YyW57Kn44K344O844OIL+WhqeODk+OCt+ODvOODiC/nspjnnYAv44K344O844OrL0RJWS/jg6rjg5Xjgqnjg7zjg6Av44Oq44Oh44Kk44KvL+OAkOODoeODvOOCq+ODvOebtOmAgSZyQXJyO+mAgeaWmeeEoeaWmeOAkSBUQS/jg6rjgqLjg4bjg4Pjgq/jgrfjg7zjg4g=[rn]
31-2612,aHR0cDovL3RzaG9wLnIxMHMuanAvbW95b3VnYWVob25wby9jYWJpbmV0L3NoZWV0L3JlYXRlYy9yZWF0ZWNfaXRlbS9pbWdyYzAwNjM2NjQzMDAuanBnP2ZpdGluPTcwMDo3MDA=,NDc2LjAwMDA=,,6Iqx44O744Ks44O844OH44Oz44O7RElZID4g5L2P5a6F5bu65p2Q44O76Kit5YKZID4g5aOB5p2QID4g44Gd44Gu5LuW,44K544O844OR44O844Kw44Ot44K544Kz44O844OI77yI6Im2L+OCreOCuuW+qeWFg++8iSDjgJDjgqjjg6vjg6Av44K344Kr44Oi44KiL+OCvOODluODqeOCpuODg+ODiS/mn77nm64v5qiq5pyo55uu44CRIOOCsOODreOCuS/lhYnmsqIv5ryGL+mrmOi8neW6pi/jgrXjg7PjgrLjg4Qv44Oq44Ki44OG44OD44KvL+OCq+ODg+ODhuOCo+ODs+OCsOOCt+ODvOODiC/ljJbnsqfjgrfjg7zjg4gv5aGp44OT44K344O844OIL+eymOedgC/jgrfjg7zjg6svRElZL+ODquODleOCqeODvOODoC/jg6rjg6HjgqTjgq8v44CQ44Oh44O844Kr44O855u06YCB4oeS6YCB5paZ54Sh5paZ44CRIFRDL+ODquOCouODhuODg+OCr+OCt+ODvOODiA==,44CQ6YCB5paZ54Sh5paZ44CR44K144Oz44Ky44OEL+ODquOCouODhuODg+OCry/jgqvjg4Pjg4bjgqPjg7PjgrDjgrfjg7zjg4gv,PHN0eWxlIHR5cGU9InRleHQvY3NzIj48IS0tCnNwYW4udW5pdCB7YmFja2dyb3VuZDogdXJsKCJodHRwOi8vaW1hZ2UucmFrdXRlbi5jby5qcC9tb3lvdWdhZWhvbnBvL2NhYmluZXQvaW1ncmMwMDY4NDk3NjQ1LmpwZyIpIG5vLXJlcGVhdCBsZWZ0IHRvcDsKdGV4dC1pbmRlbnQ6LTk5OTk7CmRpc3BsYXk6IGJsb2NrOwp3aWR0aDogNDAwcHg7IGhlaWdodDogMTAwcHg7Cm1hcmdpbjoxNXB4IDA7IH0KLS0+PC9zdHlsZT4KCgoKPGRpdiBzdHlsZT0iIHdpZHRoOjgwMHB4OyBmb250LWZhbWlseTon44OS44Op44Ku44OO6KeS44K0IFBybyBXMycsICdIaXJhZ2lubyBLYWt1IEdvdGhpYyBQcm8nLCAn44Oh44Kk44Oq44KqJywgTWVpcnlvLCBPc2FrYSwgJ++8re+8syDvvLDjgrTjgrfjg4Pjgq8nLCAnTVMgUEdvdGhpYycsIHNhbnMtc2VyaWY7IG1hcmdpbjowIGF1dG87IiBhbGlnbj0iY2VudGVyIiAgPgoKPCEtLeOCv+OCpOODiOODq+mDqOWIhi0tPgo8Y2VudGVyPjxoMSBzdHlsZT0iY29sb3I6IzY2NjY2NjsgZm9udC1zaXplOjIwcHg7Ij7jgrXjg7PjgrLjg4TjgIDjg6rjgqLjg4bjg4Pjgq/jgIDjgqvjg4Pjg4bjgqPjg7PjgrDjgrfjg7zjg4g8YnI+CumrmOapn+iDveODleOCo+ODq+ODoOOAkOaKl+iPjOODu+mYsuOCq+ODky/pmLLmsZrjg7vogJDolqzlk4Ev44Kt44K66Ziy5q2i44O75YWJ5rKi44CRCjwvaDE+PC9jZW50ZXI+CjxpbWcgc3JjPSJodHRwOi8vaW1hZ2UucmFrdXRlbi5jby5qcC9tb3lvdWdhZWhvbnBvL2NhYmluZXQvc2hlZXQvcmVhdGVjLzA0MTYyMTM0L2ltZ3JjMDA2MzI2MTQxMy5qcGciPgo8aHI+CjxpbWcgc3JjPSJodHRwOi8vaW1hZ2UucmFrdXRlbi5jby5qcC9tb3lvdWdhZWhvbnBvL2NhYmluZXQvc2hlZXQvcmVhdGVjL3JlYXRlY19pdGVtL2ltZ3JjMDA2MzY2NDMyOC5qcGciPgo8IS0t44GT44GT44G+44Gn44K/44Kk44OI44Or6YOo5YiGLS0+Cgo8IS0t5pa95bel5LqL5L6LLS0+CjxoMj7lvZPlupfjga7mlr3lt6Xkuovkvos8L2gyPgoKPGltZyBzcmM9Imh0dHA6Ly9pbWFnZS5yYWt1dGVuLmNvLmpwL21veW91Z2FlaG9ucG8vY2FiaW5ldC9zaGVldC9yZWF0ZWMvMDQxNjIxMzQvaW1ncmMwMDYzMjYxNDE1LmpwZyI+PGJyPgo8IS0t44GT44GT44G+44Gn5pa95bel5LqL5L6LLS0+Cgo8IS0t44Ko44Ki44K544Or44O844Gr44Gk44GE44GmLS0+CjxoMj7nvo7jgZfjgYTku5XkuIrjgYzjgorjgajlt6XmnJ/jga7nn63nuK7jgpLkuKHnq4s8L2gyPgo8cD48aW1nIHNyYz0iaHR0cDovL2ltYWdlLnJha3V0ZW4uY28uanAvbW95b3VnYWVob25wby9jYWJpbmV0L3NoZWV0L3JlYXRlYy9pbWdyYzAwNjI2NjQyNDMuanBnIj4KPC9wPgo8IS0t44GT44GT44G+44Gn44Ko44Ki44K544Or44O844Gr44Gk44GE44GmLS0+Cgo8IS0t44Kr44Op44O844OQ44Oq44Ko44O844K344On44OzLS0+CjxoMj7osYrlr4zjgarjgqvjg6njg7zjg5Djg6rjgqjjg7zjgrfjg6fjg7M8L2gyPgo8cD4KPGltZyBzcmM9Imh0dHA6Ly9pbWFnZS5yYWt1dGVuLmNvLmpwL21veW91Z2FlaG9ucG8vY2FiaW5ldC9zaGVldC9yZWF0ZWMvcmVhdGVjX2l0ZW0vaW1ncmMwMDYzNjY0MzE5LmpwZyI+CjxpbWcgc3JjPSJodHRwOi8vaW1hZ2UucmFrdXRlbi5jby5qcC9tb3lvdWdhZWhvbnBvL2NhYmluZXQvc2hlZXQvcmVhdGVjL3JlYXRlY19pdGVtL2ltZ3JjMDA2MzY2NDMyMC5qcGciPgo8aW1nIHNyYz0iaHR0cDovL2ltYWdlLnJha3V0ZW4uY28uanAvbW95b3VnYWVob25wby9jYWJpbmV0L3NoZWV0L3JlYXRlYy9yZWF0ZWNfaXRlbS9pbWdyYzAwNjM2NjQzMjEuanBnIj4KCjwvcD4KPCEtLeOBk+OBk+OBvuOBp+OCq+ODqeODvOODkOODquOCqOODvOOCt+ODp+ODsy0tPgoKPCEtLeiyvOOCiuaWueODu+mBk+WFty0tPgo8aHI+CjxwPjxpbWcgc3JjPSJodHRwOi8vaW1hZ2UucmFrdXRlbi5jby5qcC9tb3lvdWdhZWhvbnBvL2NhYmluZXQvaGFyaWthdGEvaW1ncmMwMDYzMTM5NDk1LmpwZyIgYWx0PSLjgrfjg7zjg4jjga7osrzjgormlrnjgIDjgrfjg7zjg4jjga7lvLXjgormlrnjgIDosrzjgorjgYvjgZ/jgIDlvLXjgorjgYvjgZ/jgIDjgqvjg4Pjg4bjgqPjg7PjgrDjgrfjg7zjg4giID48L3A+Cjxocj4KPHA+PGltZyBzcmM9Imh0dHA6Ly9pbWFnZS5yYWt1dGVuLmNvLmpwL21veW91Z2FlaG9ucG8vY2FiaW5ldC9zaGVldC9zZWF0X2RvdWd1L2ltZzU3NDg1MTE0LmdpZiI+PC9wPgoKPGRpdiBzdHlsZT0id2lkdGg6ODAwcHg7IiBjbGFzcz0iY3NfaXRlbSI+CjxhIGhyZWY9Imh0dHA6Ly9pdGVtLnJha3V0ZW4uY28uanAvbW95b3VnYWVob25wby9rb3VndS1kaW5vY3B1cmFpbWEtLyI+PGltZyAKCnNyYz0iaHR0cDovL2ltYWdlLnJha3V0ZW4uY28uanAvbW95b3VnYWVob25wby9jYWJpbmV0L3NoZWV0L3NlYXRfZG91Z3UvaW1nNTc0ODUxMTYuZ2lmIiB3aWR0aD0iMTUwIiAKdGl0bGU9IuOCt+ODvOODiOOBrueymOedgOWKm+OCkumrmOOCgeOBvuOBmQrln7rmnKznmoTjgavjga/loZfluIPjgpLjgYrjgZnjgZnjgoHjgZfjgb7jgZkiPjwvYT4KCjxhIGhyZWY9Imh0dHA6Ly9pdGVtLnJha3V0ZW4uY28uanAvbW95b3VnYWVob25wby9kb3VndS1reW9rdXRvdS1waXRhdHRva3VubjEwbWFpLyI+CjxpbWcgc3JjPSJodHRwOi8vaW1hZ2UucmFrdXRlbi5jby5qcC9tb3lvdWdhZWhvbnBvL2NhYmluZXQvc2hlZXQvc2VhdF9kb3VndS9pbWc1NzQ4NTExNS5naWYiIHdpZHRoPSIxNTAiIAp0aXRsZT0i44K544Kt44O844K444O877yG44OU44K/44OD44Go44GP44KTCuiyvOOCiuOChOOBmeOBleOBjOOCsOODg+OBqOWkieOCj+OCiuOBvuOBmSI+PC9hPgoKPGEgaHJlZj0iaHR0cDovL2l0ZW0ucmFrdXRlbi5jby5qcC9tb3lvdWdhZWhvbnBvL29ydWZhLWN1dHRlci8iPgo8aW1nIHNyYz0iaHR0cDovL2ltYWdlLnJha3V0ZW4uY28uanAvbW95b3VnYWVob25wby9jYWJpbmV0L3NoZWV0L3NlYXRfZG91Z3UvaW1nNTc0ODUxMTIuZ2lmIiB3aWR0aD0iMTUwIiAKdGl0bGU9IuiBt+S6uuOCguS9v+eUqOOBmeOCi+OCq+ODg+OCv+ODvArliIfjgozlkbPjgYzjgojjgYTjgajku5XkuIrjgYzjgorjgoLpgZXjgYTjgb7jgZkiPjwvYT4KCjxhIGhyZWY9Imh0dHA6Ly9pdGVtLnJha3V0ZW4uY28uanAvbW95b3VnYWVob25wby9kdW90ZWNrLXRyaW1hci8iPgo8aW1nIHNyYz0iaHR0cDovL2ltYWdlLnJha3V0ZW4uY28uanAvbW95b3VnYWVob25wby9jYWJpbmV0L3NoZWV0L3NlYXRfZG91Z3UvaW1nNTc0ODUxMTcuZ2lmIiB3aWR0aD0iMTUwIiAKdGl0bGU9Iuijj+e0meOBoOOBkeOCkuWIh+OCi+OCq+ODg+OCv+ODvOOAgArjgrjjg6fjgqTjg7Pjg4jmlr3lt6Xjga7jgajjgY3jgavjga/lv4XpoIgiPjwvYT4KCjxhIGhyZWY9Imh0dHA6Ly9pdGVtLnJha3V0ZW4uY28uanAvbW95b3VnYWVob25wby9zdGVucmVzLWppYmVyYS01c3Vubi8iPgo8aW1nIHNyYz0iaHR0cDovL2ltYWdlLnJha3V0ZW4uY28uanAvbW95b3VnYWVob25wby9jYWJpbmV0L3NoZWV0L3NlYXRfZG91Z3UvaW1nNTc0ODUxMTMuZ2lmIiB3aWR0aD0iMTUwIiAKdGl0bGU9IuWcsOODmeODqeOAgArjg5fjg6njgqTjg57jg7zjgpLloZfjgovjgajjgY3jgoQK6ZqF44KS5YiH44KL44Kr44OD44K/44O844Ks44Kk44OJ44Go44GX44Gm44KCIj48L2E+Cjxicj4KPGJyPgoKPGgyPuOBlOizvOWFpeOBq+OBpOOBhOOBpu+8iOW/heOBmuOBiuiqreOBv+OBj+OBoOOBleOBhO+8iTwvaDI+CjxJTUcgc3JjPSJodHRwOi8vaW1hZ2UucmFrdXRlbi5jby5qcC9tb3lvdWdhZWhvbnBvL2NhYmluZXQvb3JkZXJfbWV0aG9kL2hvd3RvX29yZGVyL2ltZzU3NDg1MDkwLmdpZiIgd2lkdGg9Ijc2MCIgc3R5bGU9Im1hcmdpbjowcHg7Ij4KPHAgYWxpZ249ImxlZnQiIHN0eWxlPSJtYXJnaW46MHB4OyB3aWR0aDo3MjBweDsiPuOBlOizvOWFpeOBrumam+OBrzxiPuOCt+ODvOODiOW5hTEyMmNtw5fplbfjgZUxMGNt44GnMeWAi+OBruOBlOazqOaWhzwvYj7jgajjgarjgorjgb7jgZnjgII8YnI+CiAgPGI+PGZvbnQgY29sb3I9IiNGRjAwMDAiPuOBlOazqOaWh+OBrzEw5YCL5Lul5LiK77yI6ZW344GV77yR772N5Lul5LiK77yJ44GL44KJPC9mb250PjwvYj7jgajjgarjgorjgb7jgZnjgII8YnI+CiAg44Gq44GK44CB5ZCM5LiA5ZOB55Wq44Gn6KSH5pWw44Gr5YiG44GR44Gf44Kr44OD44OI44KS5om/44KL44GT44Go44Gv44Gn44GN44G+44Gb44KT44Gu44Gn44CB44GU5LqG5om/44GP44Gg44GV44GE44CCPC9wPgo8aHI+CjxJTUcgc3JjPSJodHRwOi8vaW1hZ2UucmFrdXRlbi5jby5qcC9tb3lvdWdhZWhvbnBvL2NhYmluZXQvc2hlZXQvcmVhdGVjL2ltZzU5MTg1MTQ0LmdpZiIgd2lkdGg9Ijc2MCIgYm9yZGVyPSIwIj4KCjxwIGFsaWduPSJsZWZ0IiBzdHlsZT0ibWFyZ2luOjhweCAwIDAgMDsgd2lkdGg6NzIwcHg7Ij48c3BhbiBzdHlsZT0iZm9udC13ZWlnaHQ6Ym9sZDsgY29sb3I6cmVkOyI+5Luj6YeR5byV5o+b44Gu5aC05ZCI44Gv5b2T5bqX44KI44KK55m66YCB44Go44Gq44KL44Gf44KB6YCB5paZ44O75Luj5byV5omL5pWw5paZ44GM5Yil6YCU5b+F6KaB44Go44Gq44KK44G+44GZ44CCPC9zcGFuPjxicj4KICDjgZTms6jmloflvozjgavjgIHlvZPlupfjgafpgIHmlpnjgpLkv67mraPjga7jgYbjgYjmipjjgorov5TjgZfjgZTpgKPntaHjgYTjgZ/jgZfjgb7jgZnjgII8YnI+CiAg6YqA6KGM5oyv6L6844Gu5aC05ZCI44Gv44CB6YCB5paZ5L+u5q2j5b6M44Gu6YeR6aGN44KS44GU56K66KqN44Gu44GG44GI44GK5oyv6L6844GE44Gf44Gg44GN44G+44GZ44KI44GG44CB44KI44KN44GX44GP44GK6aGY44GE44GE44Gf44GX44G+44GZ44CCPC9wPgoKPHAgYWxpZ249InJpZ2h0Ij4KPElNRyBzcmM9Imh0dHA6Ly9pbWFnZS5yYWt1dGVuLmNvLmpwL21veW91Z2FlaG9ucG8vY2FiaW5ldC9zaGVldC9wYXJvaS9tYXN0ZXIvaW1nNTcyMzU2ODEuanBnIj48YnI+CjxJTUcgc3JjPSJodHRwOi8vaW1hZ2UucmFrdXRlbi5jby5qcC9tb3lvdWdhZWhvbnBvL2NhYmluZXQvc2hlZXQvcGFyb2kvbWFzdGVyL2ltZzU3MjM1Njg1LmpwZyIgd2lkdGg9IjE0NCIgaGVpZ2h0PSIyNiIgYm9yZGVyPSIwIiB2c3BhY2U9IjE1IiBoc3BhY2U9IjUiPgo8SU1HIHNyYz0iaHR0cDovL2ltYWdlLnJha3V0ZW4uY28uanAvbW95b3VnYWVob25wby9jYWJpbmV0L3NoZWV0L3Bhcm9pL21hc3Rlci9pbWc1NzIzNTY4Ny5qcGciIHdpZHRoPSIxNDQiIGhlaWdodD0iMjYiIGJvcmRlcj0iMCIgdnNwYWNlPSIxNSIgaHNwYWNlPSI1Ij4KPElNRyBzcmM9Imh0dHA6Ly9pbWFnZS5yYWt1dGVuLmNvLmpwL21veW91Z2FlaG9ucG8vY2FiaW5ldC9zaGVldC9wYXJvaS9tYXN0ZXIvaW1nNTcyMzU3MDQuanBnIiB3aWR0aD0iMjE5IiBoZWlnaHQ9IjI2IiBib3JkZXI9IjAiIHZzcGFjZT0iMTUiIGhzcGFjZT0iNSI+CjxJTUcgc3JjPSJodHRwOi8vaW1hZ2UucmFrdXRlbi5jby5qcC9tb3lvdWdhZWhvbnBvL2NhYmluZXQvc2hlZXQvcGFyb2kvbWFzdGVyL2ltZzU3MjM1Njg2LmpwZyIgdnNwYWNlPSIxNSIgaHNwYWNlPSI1Ij48L3A+CgoKPC9kaXY+CjwvZGl2Pgo8IS0t6Zai6YCj5ZWG5p2Q44Oq44Oz44KvIOOBk+OBk+OBi+OCiS0tPgo8c3R5bGUgdHlwZT0idGV4dC9jc3MiPgoua2FucmVuIGltZ3sKbWFyZ2luLWJvdHRvbToxcHg7fQoua2FucmVuIGgzeyAKZm9udC1mYW1pbHk6IuODkuODqeOCruODjuinkuOCtCBQcm8gVzMiLCAiSGlyYWdpbm8gS2FrdSBHb3RoaWMgUHJvIiwgIuODoeOCpOODquOCqiIsIE1laXJ5bywgT3Nha2EsICLvvK3vvLMg77yw44K044K344OD44KvIiwgIk1TIFBHb3RoaWMiLCBzYW5zLXNlcmlmOyBjb2xvcjojMzsgZm9udC1zaXplOjEycHg7IGZvbnQtd2VpZ2h0OmJvbGQ7IG1hcmdpbi1ib3R0b206NHB4O30KLmthbnJlbiBwewptYXJnaW4tYm90dG9tOjJweDt9Cjwvc3R5bGU+CjxkaXYgY2xhc3M9Imdvb2RzLXRibCIgc3R5bGU9InBhZGRpbmctYm90dG9tOjBweDsiPgo8ZGl2IGNsYXNzPSJrYW5yZW4iPgo8cCBzdHlsZT0iZm9udC13ZWlnaHQ6Ym9sZDsgdGV4dC1hbGlnbjpjZW50ZXI7Ij7vvZ4g5aOB44Go5bqK44KS5LiA57eS44Gr44Oq44OO44OZ44O844K344On44Oz44GX44G+44Gb44KT44GL77yfIO+9njwvcD4KPHA+PGltZyBzcmM9Imh0dHA6Ly9pbWFnZS5yYWt1dGVuLmNvLmpwL21veW91Z2FlaG9ucG8vY2FiaW5ldC9iYW5uZXIvaW1ncmMwMDYyNjUzNzc2LmpwZyIgd2lkdGg9IjQyMCI+PGJyIC8+CuewoeWNmOOCq+ODg+ODiOOBruODkeODjeODq+S4i+WcsOOBp+ODl+ODreOBruS7leS4iuOBjOOCijwvcD4KPHA+PGltZyBzcmM9Imh0dHA6Ly9pbWFnZS5yYWt1dGVuLmNvLmpwL21veW91Z2FlaG9ucG8vY2FiaW5ldC9rZW56YWkvb2Z1cm9hL2ltZ3JjMDA2MjYzNDY3My5qcGciIHdpZHRoPSI0MjAiPjxiciAvPgrjgrXjg7PjgrLjg4Qg44GK6aKo5ZGC44Gu5bqK5p2QIOOCquODleODreOCoiDlpKfkurrmsJc8L3A+CjxwPjxpbWcgc3JjPSJodHRwOi8vaW1hZ2UucmFrdXRlbi5jby5qcC9tb3lvdWdhZWhvbnBvL2NhYmluZXQvYmFubmVyL2ltZzYxMDI1ODEwLmpwZyIgd2lkdGg9IjQyMCI+PGJyIC8+CuWGt+OBn+OBhCDmu5HjgaPjgabmgJbjgYQg44KS6Kej5rG6IOa1tOWupOW6iuadkCDmj4PjgaPjgabjgYTjgb7jgZk8L3A+CjxwIGNsYXNzPSJnb29kcy1uZXh0IiBzdHlsZT0ibWFyZ2luOjBweDsiPjwvcD4KPC9kaXY+CjwvZGl2Pgo8IS0t6Zai6YCj5ZWG5p2Q44Oq44Oz44KvIOOBk+OBk+OBvuOBpy0tPgo8RElWIGNsYXNzPSJnb29kcy10YmwiPgoKPGgyIGNsYXNzPSJnb29kcy10aXRsZSI+CuWVhuWTgeiqrOaYjgo8L2gyPgoKPGgzIGNsYXNzPSJnb29kcy1sZWZ0Ij7lk4Hnlao8L2gzPgo8ZGl2IGNsYXNzPSJnb29kcy1yaWdodCI+CiAgPHA+44K544O844OR44O844Kw44Ot44K544Kz44O844OI44CQ6Im2L+OCreOCuuW+qeWFgy/mnKjnm64v5ryGL+WFieayoi/jgqjjg4rjg6Hjg6vjgJHvvIjlhag36Imy77yJPEJSPgogICAg77yI44CA77yJ44Gv5pen5ZOB55Wq44CB44CQ44CA44CR44Gv5ZCM6Imy44Gu44Oq44Ki44OG44OD44Kv6YCa5bi45ZWG5ZOB44Go44Gq44KK44G+44GZPGJyPgogICAg44CA44O7VEYtODYyMyAo5paw6ImyKSDjgJBUQy04Mzgx44CRPGJyPgogICAg44CA44O7VEYtODYyNCAo5paw6ImyKSDjgJBUQy04NjI044CRPGJyPgogICAg44CA44O7VEYtODYyNSAoNzI1MCkg44CQVEMtODUyNOOAkTxicj4KICAgIOOAgOODu1RGLTg2MjYgKOaWsOiJsikg44CQVEMtODUyNeOAkTxicj4KICAgIOOAgOODu1RGLTg2MjcgKOaWsOiJsikg44CQVEMtODIyMeOAkTxicj4KICAgIOOAgOODu1RGLTg2MjggKOaWsOiJsikg44CQVEMtODE0OeOAkTxicj4KICAgIOOAgOODu1RGLTg2MjkgKDcyNTIpIOOAkFRDLTgxMzXjgJE8YnI+CiAgICDjgIA8YnI+CiAgICAtLS0tLS0tLS0tLS0tLS0tLS0tLS0tLS0tLS0tLS0tLS0tLS0tLS0tPGJyPgogICAgCiAgICAKPEZPTlQgY29sb3I9IiNmZjAwMDAiPuKAu+OBiuS9v+OBhOOBruODkeOCveOCs+ODs+eSsOWig+OBq+OCiOOCiuOAgeWVhuWTgeOBruiJsuOBjOimi+acrOOBqOWkmuWwkeeVsOOBquOCi+WgtOWQiOOBjOOBguOCiuOBvuOBmeOAgjwvRk9OVD48L3A+CjwvZGl2PgoKPHAgY2xhc3M9Imdvb2RzLW5leHQiPjwvcD4KCjxIMyBjbGFzcz0iZ29vZHMtbGVmdCI+5ZWG5ZOB44K144Kk44K6PC9oMz4KPFAgY2xhc3M9Imdvb2RzLXJpZ2h0Ij7llYblk4Hlt77jgIAxMjJjbS/ljprjgb/jgIDntIQwLjJtbTxicj4K6ZW344GV44GvMW3ku6XkuIoxMGNt5Y2Y5L2N44Gu44Kr44OD44OI6LKp5aOyPEJSPgo8Rk9OVCBjb2xvcj0iI2ZmMDAwMCI+4oC744GU5rOo5paH44GvMTDlgIvvvIgx772N77yJ5Lul5LiK44GL44KJ44Go44Gq44KK44G+44GZ44CCPC9GT05UPjxCUj4KMe+9jeOBlOazqOaWh+KGkjEw5YCL77yPM++9jTIw772D772N44GU5rOo5paH4oaSMzLlgIs8L3A+Cgo8cCBjbGFzcz0iZ29vZHMtbmV4dCI+PC9wPgoKPGgzIGNsYXNzPSJnb29kcy1sZWZ0Ij7ov5Tlk4Hjg7vkuqTmj5vjgavjgaTjgYTjgaY8L2gzPgo8cCBjbGFzcz0iZ29vZHMtcmlnaHQiPuOBk+OBoeOCieOBruWVhuWTgeOBr+OBiuWuouanmOmDveWQiOOBq+OCiOOCi+i/lOWTgeODu+S6pOaPm+OBr+aJv+OCi+S6i+OBjOOBp+OBjeOBvuOBm+OCkzwvcD4KPHAgY2xhc3M9Imdvb2RzLXJpZ2h0Ij4K6L+U5ZOB44O75Lqk5o+b44Gu6Kmz57Sw44Gv44GT44Gh44KJ44KS44GU6Kan44GP44Gg44GV44GEPC9wPgoKPHAgY2xhc3M9Imdvb2RzLW5leHQiPjwvcD4KCjxoMyBjbGFzcz0iZ29vZHMtbGVmdCI+5pa95bel44Gr6Zai44GX44Gm44Gu44GU55WZ5oSP54K577yI44Oh44O844Kr44O86LOH5paZ77yJPC9oMz4KPHAgY2xhc3M9Imdvb2RzLXJpZ2h0Ij4K5pa95bel44Gr6Zai44GZ44KL6LOH5paZ44Gv44GT44Gh44KJ44KS44GU6Kan5LiL44GV44GEIDwvcD4KCjxwIGNsYXNzPSJnb29kcy1uZXh0Ij48L3A+Cgo8aDMgY2xhc3M9Imdvb2RzLWxlZnQiPuijveWTgeaDheWgsS/pmLLngavoqo3lrprnlarlj7fvvIjjg6Hjg7zjgqvjg7zos4fmlpnvvIk8L2gzPgo8cCBjbGFzcz0iZ29vZHMtcmlnaHQiPgroo73lk4HjgavplqLjgZnjgovos4fmlpnjga/jgZPjgaHjgonjgpLjgZTopqfkuIvjgZXjgYQgPC9wPgoKPHAgY2xhc3M9Imdvb2RzLW5leHQiPjwvcD4KCjxoMyBjbGFzcz0iZ29vZHMtbGVmdCI+44Kr44OD44OG44Kj44Oz44Kw55So44K344O844OI77yI5aGp44OT44K344O844OI77yJ44Go44Gv77yfPC9oMz4KPHAgY2xhc3M9Imdvb2RzLXJpZ2h0Ij4K44Kr44OD44OG44Kj44Oz44Kw55So44K344O844OI77yI44OV44Kj44Or44Og44CB44Kk44Oz44OG44Oq44Ki44K344O844OI44CB5YyW57Kn44K344O844OI44CB57KY552A44K344O844OI77yJ44Gv5YSq44KM44Gf5by35bqm44Go576O44GX44GE44OH44K244Kk44Oz44GM5pa944GV44KM44Gf5aOB6KOF55So44Gu44K344O844Or44Gn44GZ44CCPEJSPgrpgJrluLjjgIHjgrfjg7zjg4jjga7oo4/jga/jgrfjg7zjg6vnirbjgavjgarjgaPjgabjgYrjgorjgIHjgZ3jga7nspjnnYDmgKfjgoLpq5jjgY/jgIHluYXluoPjgYTkuIvlnLDjgbjjga7osrzjgorku5jjgZHjgYzlj6/og73jgafjgZnjgII8QlI+Cui/keW5tOOBp+OBr+eUqOmAlOOCguWkmuWykOOBq+a4oeOCiuOAgeODnuODs+OCt+ODp+ODs+OChOaIuOW7uuS9j+WuheOBruWGheijheOBi+OCieOAgeOCquODleOCo+OCueOAgeODm+ODhuODq+OChOS4gOiIrOW6l+iIl+OAgeeXhemZouOAgeS7i+itt+aWveioreOAgeOBleOCieOBq+OBr+a4qea1tOaWveioreOChOODkeODgeODs+OCs+W6l+OBquOBqeOBrumBiuaIr+aWveioreOBrueuoeeQhuiAheOAgeOCquODvOODiuODvOOBrueahuanmOOBq+WlveipleOCkuWNmuOBl+OBpuOBhOOBvuOBmeOAgjxCUj4K44GT44Gu44KI44GG44Gr5Yip5L6/5oCn44GM6auY44GE5bu65p2Q44Gu44Gf44KB44CBM03vvIjjgrnjg6rjg7zjgqjjg6Djg7vjg4DjgqTjg47jg4Pjgq/jg7tESS1OT0PvvInjgIHjgrXjg7PjgrLjg4TvvIjjg6rjgqLjg4bjg4Pjgq/jg7tSRUFURUPvvInjgIHjg6rjg7Pjg4bjg4Pjgq/jgrXjgqTjg7Pjgrfjgrnjg4bjg6DvvIjjg5Hjg63jgqLjg7tQQVJPSSnjgIHjgqLjgqTjgqvvvIjjgqrjg6vjg4bjgqPjg47jg7tBbHR5bm/vvInjgIHjgrfjg7zjgqLjgqTljJbmiJDvvIjjg5njg6vjg5PjgqLjg7Pjg7tiZWxiaWVu77yJ44Gq44Gp44Gu5pyJ5ZCN44Oh44O844Kr44O844GM5aSa5b2p44Gq44Op44Kk44Oz44OK44OD44OX44KS5bGV6ZaL44GX44Gm44GE44G+44GZ44CCPEJSPgrjgb7jgZ/jgIHoh6rli5Xou4rjgavmioDooZPnmoTjgavpoZ7kvLzjga7jg6njg4Pjg5Tjg7PjgrDjg5XjgqPjg6vjg6DvvIjjg6njg4Pjg5fjg5XjgqPjg6vjg6DvvInjgpLosrzjgorku5jjgZHjgabjgIHloZfoo4XjgpLlpInmm7TjgZnjgovjgZPjgajjgarjgY/jgIHjgq/jg6vjg57jga7jgqTjg6Hjg7zjgrjjgpLlpInmm7TjgafjgY3jgovjgqvjg7zjg6njg4Pjg5Tjg7PjgrDjgoLlhajkuJbnlYznmoTjgavkurrmsJfjgYzjgYLjgorjgb7jgZnjgII8QlI+CuOBk+OBoeOCieOBr+S9j+WPizNN77yI44K544Kz44OD44OB44OX44Oq44Oz44OI44O7U2NvdGNocHJpbnQp44KE44Oq44Oz44OG44OD44Kv44K144Kk44Oz44K344K544OG44Og77yI44O044Kn44Op44OD44OX44K544O7VmV3cmFwc++8ieOAgea1t+WkluOBq+ebruOCkuOCgOOBkeOCi+OBqEF2ZXJ5IERlbm5pc29uIFN1cHJlbWUgV3JhcHBpbmcgRmlsbSDjgarjganlpJrjgY/jga7jg5bjg6njg7Pjg4njgafjgqvjg7zjg6njg4Pjg5Tjg7PjgrDjga7mpb3jgZfjgZXjgpLmj5DmoYjjgZfjgabjgYTjgb7jgZnjgII8QlI+CjwvcD4KCjxwIGNsYXNzPSJnb29kcy1uZXh0Ij48L3A+Cgo8L2Rpdj4KPCEtLeODquOCouODhuODg+OCr+axjueUqOODquODs+OCryDjgZPjgZPjgYvjgoktLT4KPHN0eWxlIHR5cGU9InRleHQvY3NzIj4KLmdvb2RzLW5hdmkgaW1newp3aWR0aDoyMTJweDsKdGV4dC1hbGlnbjpjZW50ZXI7fQo8L3N0eWxlPgoKPGRpdiBjbGFzcz0iZ29vZHMtdGJsIiBzdHlsZT0icGFkZGluZy1ib3R0b206MHB4OyI+CjxkaXYgY2xhc3M9Imdvb2RzLW5hdmkiPgogPGltZyBzcmM9Imh0dHA6Ly9pbWFnZS5yYWt1dGVuLmNvLmpwL21veW91Z2FlaG9ucG8vY2FiaW5ldC9zaGVldC9kaS1ub2Mvb3RoZXJfaW1hZ2VzL2ltZzYxMjc3MTY2LmpwZyIgLz4KICA8aW1nIHNyYz0iaHR0cDovL2ltYWdlLnJha3V0ZW4uY28uanAvbW95b3VnYWVob25wby9jYWJpbmV0L3NoZWV0L2RpLW5vYy9vdGhlcl9pbWFnZXMvaW1nNjEyNjA4ODguanBnIiAvPgogIDxpbWcgc3JjPSJodHRwOi8vaW1hZ2UucmFrdXRlbi5jby5qcC9tb3lvdWdhZWhvbnBvL2NhYmluZXQvc2hlZXQvZGktbm9jL290aGVyX2ltYWdlcy9pbWc2MTI2MDg4NS5qcGciIC8+CjxpbWcgc3JjPSJodHRwOi8vaW1hZ2UucmFrdXRlbi5jby5qcC9tb3lvdWdhZWhvbnBvL2NhYmluZXQvc2hlZXQvZGktbm9jL290aGVyX2ltYWdlcy9pbWc2MTI3NzE2Ny5qcGciIC8+CjxpbWcgc3JjPSJodHRwOi8vaW1hZ2UucmFrdXRlbi5jby5qcC9tb3lvdWdhZWhvbnBvL2NhYmluZXQvc2hlZXQvZGktbm9jL290aGVyX2ltYWdlcy9pbWc2MTI2MDg4Ni5qcGciIC8+CjxpbWcgc3JjPSJodHRwOi8vaW1hZ2UucmFrdXRlbi5jby5qcC9tb3lvdWdhZWhvbnBvL2NhYmluZXQvc2hlZXQvZGktbm9jL290aGVyX2ltYWdlcy9pbWc2MTI2MDg4OS5qcGciIC8+CjxpbWcgc3JjPSJodHRwOi8vaW1hZ2UucmFrdXRlbi5jby5qcC9tb3lvdWdhZWhvbnBvL2NhYmluZXQvc2hlZXQvZGktbm9jL290aGVyX2ltYWdlcy9pbWc2MTI2MDg4Ny5qcGciIC8+CjxpbWcgc3JjPSJodHRwOi8vaW1hZ2UucmFrdXRlbi5jby5qcC9tb3lvdWdhZWhvbnBvL2NhYmluZXQvc2hlZXQvZGktbm9jL290aGVyX2ltYWdlcy9pbWc2MTI2MDg5MC5qcGciIC8+CjwvZGl2Pgo8cCBjbGFzcz0iZ29vZHMtbmV4dCIgc3R5bGU9Im1hcmdpbjowcHg7Ij48L3A+CjwvZGl2Pgo8IS0t44Oq44Ki44OG44OD44Kv5rGO55So44Oq44Oz44KvIOOBk+OBk+OBvuOBpy0tPjxzdHlsZSB0eXBlPSJ0ZXh0L2NzcyI+CjwhLS0KCi8q5ZWG5ZOB5ZCN44Gu44OV44Kp44Oz44OI5oOF5aCxKi8KLml0ZW1fbmFtZSB7CglkaXNwbGF5OmJsb2NrOwoJbWFyZ2luOjAgMCA4cHggMDsKCWZvbnQtZmFtaWx5OiLjg5Ljg6njgq7jg47op5LjgrQgUHJvIFczIiwgIkhpcmFnaW5vIEtha3UgR290aGljIFBybyIsICLjg6HjgqTjg6rjgqoiLCBNZWlyeW8sIE9zYWthLCAi77yt77yzIO+8sOOCtOOCt+ODg+OCryIsICJNUyBQR290aGljIiwgc2Fucy1zZXJpZjsKCWZvbnQ6Ym9sZCAxNnB4OwoJY29sb3I6IzMzMzsKCWxpbmUtaGVpZ2h0OjEyMCU7Cgp9Ci8q44Kt44Oj44OD44OB44Kz44OU44O844Gu44OV44Kp44Oz44OI5oOF5aCxKi8KLmNhdGNoX2NvcHkgewoJZGlzcGxheTpibG9jazsKCW1hcmdpbjowIDAgOHB4IDAgOwoJZm9udC1mYW1pbHk6IuODkuODqeOCruODjuinkuOCtCBQcm8gVzMiLCAiSGlyYWdpbm8gS2FrdSBHb3RoaWMgUHJvIiwgIuODoeOCpOODquOCqiIsIE1laXJ5bywgT3Nha2EsICLvvK3vvLMg77yw44K044K344OD44KvIiwgIk1TIFBHb3RoaWMiLCBzYW5zLXNlcmlmOwoJZm9udC1zaXplOjE0cHg7Cgljb2xvcjojMzMzOwp9CgovKuebrueOieWVhuWTgeOBruaWh+WtlyovCmEubG9zc2xlYWRlcl9pdGVtX25hbWU6bGluayB7Cgljb2xvcjojNTU1OwoJZm9udC1zaXplOjEzcHg7Cn0KCnNwYW4ubG9zc2xlYWRlcl9wcmljZTJ7Cgljb2xvcjojRkYwMDAwOwoJZm9udC1zaXplOjEycHg7Cn0KCi8q44Oa44O844K45bem5LiK44Gu44Kt44O844Ov44O844OJ6KGo56S65qyEKi8KZGl2I0hlYWRlcktleXdvcmQgewoJcG9zaXRpb246YWJzb2x1dGU7Cgl0b3A6NDhweDsvKuS4gOeVquS4iuOBi+OCieOBruS9jee9riovCglsZWZ0OjgwcHg7Lyrlt6bnq6/jgYvjgonjga7kvY3nva4qLwoJZm9udDoxNHB4ICLjg5Ljg6njgq7jg47op5LjgrQgUHJvIFczIiwgIkhpcmFnaW5vIEtha3UgR290aGljIFBybyIsICLjg6HjgqTjg6rjgqoiLCBNZWlyeW8sIE9zYWthLCAi77yt77yzIO+8sOOCtOOCt+ODg+OCryIsICJNUyBQR290aGljIiwgc2Fucy1zZXJpZjsKCXdpZHRoOjQyMHB4Owp9CgpkaXYjSGVhZGVyS2V5d29yZCBzcGFuIHsKCWJhY2tncm91bmQ6ICNiZjAwMDA7Cgljb2xvcjojZmZmOwoJZm9udC13ZWlnaHQ6Ym9sZDsKCXBhZGRpbmc6MnB4IDVweDsKfQoKZGl2I0hlYWRlcktleXdvcmQgYSB7Cgljb2xvcjojMDA0NENDOwp9CgoKLyog5YCL5pWw5YWl5Yqb5qyE44Gu5aSn44GN44GVICovCmlucHV0I3VuaXRzIHsKCXBhZGRpbmc6IDRweDsKfQoKLyog44GK6LK344GE54mp44GL44GU44Oc44K/44Oz44Gu5aSn44GN44GVICovCnRkID4gaW5wdXQgewoJZm9udC1zaXplOiAxMnB4OwoJcGFkZGluZzo4cHggMTJweCA4cHggMTJweDsKCXdpZHRoOiBhdXRvOwp9CgovKiDjgIzllYblk4HjgavjgaTjgYTjgabjga7llY/jgYTlkIjjgo/jgZvjgI3jg5zjgr/jg7Pjga7lpKfjgY3jgZUqLwpmb250IGlucHV0IHsKCWZvbnQtc2l6ZTogMTJweDsKCXBhZGRpbmc6MnB4OwoJd2lkdGg6IDE1MHB4Owp9CgoKLS0+Cjwvc3R5bGU+CgoKPGRpdiBpZD0iSGVhZGVyS2V5d29yZCI+CjxzcGFuPuazqOebruOBruOCreODvOODr+ODvOODiTwvc3Bhbj4K44Ks44Op44K544OV44Kj44Or44OgCuacqOebrgrmtbTlrqQg5bqKCuODquOCouODhuODg+OCrwoKPC9kaXY+,44K544O844OR44O844Kw44Ot44K544Kz44O844OI77yI6Im2L+OCreOCuuW+qeWFg++8iSDjgJDjgqjjg6vjg6Av44K344Kr44Oi44KiL+OCvOODluODqeOCpuODg+ODiS/mn77nm64v5qiq5pyo55uu44CRIOOCsOODreOCuS/lhYnmsqIv5ryGL+mrmOi8neW6pi/jgrXjg7PjgrLjg4Qv44Oq44Ki44OG44OD44KvL+OCq+ODg+ODhuOCo+ODs+OCsOOCt+ODvOODiC/ljJbnsqfjgrfjg7zjg4gv5aGp44OT44K344O844OIL+eymOedgC/jgrfjg7zjg6svRElZL+ODquODleOCqeODvOODoC/jg6rjg6HjgqTjgq8v44CQ44Oh44O844Kr44O855u06YCBJnJBcnI76YCB5paZ54Sh5paZ44CRIFRDL+ODquOCouODhuODg+OCr+OCt+ODvOODiO+8muaooeanmOabv+OBiOOCt+ODp+ODg+ODl+OAgOODh+OCsw==,44Kr44OD44OG44Kj44Oz44Kw44K344O844OI44OV44Kj44Or44Og44Kr44OD44OG44Kj44Oz44Kw44K344O844Or5aOB57SZ57KY552A44K344O844OI5qih5qeY5pu/44GI44K344O844OI5YyW57Kn44K344O844OI5aOB57SZ44K344O844OI44OA44Kk44OO44OD44Kv44OZ44Or44OT44Ki44Oz44Oq44Ki44OG44OD44Kv44OR44Ot44Ki44Kq44Or44OG44Kj44OO44OT44Ol44O844Kr44Or44ON44Kq44OD44Kv44K544ON44Kq44K/44Kk44Or44ON44Kq44OV44Ot44Ki44Oq44OV44Kp44O844Og44K344O844OI44K144Oz44Ky44OE44Oq44Oq44Kr44Op44Or44OO44Oz77yT77yt44K544Oq44O844Ko44Og44Ki44Kk44Kr44Oq44Oz44OG44OD44Kv44K144Kk44Oz44K344K544OG44Og44K744Kt44K544Kk5qGc5LqV5p2x44Oq44Ok44Oo44Kk5qW15p2x6YOo5bGL5aSn5a6256m65a6k44Kq44O844OK44O85oi45bu66LOD6LK454mp5Lu25LiN5YuV55Sj566h55CG5Lya56S+44Ob44OG44Or44Oe44Oz44K344On44Oz44Ki44OR44O844OI5bqX6IiX44GK5bqX5rW05a6k6aKo5ZGC44Om44OL44OD44OI44OQ44K544OQ44K544Or44O844Og44Kt44OD44OB44Oz44OI44Kk44Os5rC05bu744KK44Kz44O844Kt44Oz44Kw5rSX6Z2i5oqX6I+M6Ziy44Kr44OT5rGa44KM6Ziy5q2i6Ziy5rGa77yk77yp77y55pel5puc5aSn5bel5qih5qeY5pu/44GI44OR44ON44Or5bel5rOV44K744Or44OV44Oq44OV44Kp44O844Og5pa95bel6IG35Lq65bCC6ZaA6Ieq5L2c44OX44Ot6LK844KK5pa55r+A5a6J6LKp5aOy5bqX5qWt6LKp6YCa6LKp5Y246LKp5aOy6YCa5L+h6LKp5aOy56aP5bKh55yM56aP5bKh5biC5aSn6YeO5Z+O5biC5aSq5a6w5bqc5biC5pil5pel5biC562R57Sr6YeO5biC44Kr44Op44O855m944Ob44Ov44Kk44OI6buS44OW44Op44OD44Kv44Oe44OD44OI44OW44Op44OD44Kv6LWk44Os44OD44OJ44Oe44OD44OI5YWJ5rKi6Im25raI44GX5ZKM57SZ5ZKM5p+E5ZKM6aKo5p+E5pyo55uu5pyo55uu5p+E5pyo55uu44K344O844OIV09PROeEoeWcsOOCq+ODvOODnOODs+ODoeOCv+ODquODg+OCr+ODn+ODqeODvOmPoemdouODqeODoeODoeODg+OCremdqea8huWFieayouODrOOCtuODvOearuefs+ebruWkp+eQhuefs+ODh+OCtuOCpOODs+OCq+ODvOODqeODg+ODlOODs+OCsOODqeODg+ODlOODs+OCsOOCq+ODvOOCueOCs+ODg+ODgeODl+ODquODs+ODiOODqeODg+ODl+ODleOCo+ODq+ODoDEwODDjg7Tjgqfjg6njg4Pjg5fjgrnjg4DjgqTjg47jg4Pjgq/jgqvjg7zjg5zjg7Pjg57jg4Pjg4jjg5bjg6njg4Pjgq/ou4rjg5DjgqTjgq/jg5jjg6vjg6Hjg4Pjg4jjgqjjgqLjg63jgqvjg7zjg6njg4Pjg5Tjg7PjgrDjgqvjgrnjgr/jg6DlhoXoo4XlpJboo4Xjg4njg6zjgrnjgqLjg4Pjg5fjgqTjg7Pjg4bjg6rjgqLjg6rjg5Xjgqnjg7zjg6Djg6rjg47jg5njg7zjgrfjg6fjg7Posrzmm7/jgYjmlr3lt6Xlt6Xkuovkv67nkIbmlLnoo4Xkv67nuZXljp/nirblm57lvqnluorlt6XkuovlhoXoo4Xlt6XkuovlrqTlhoXoo4Xpo77lo4HntJnjgq/jg63jgrnnlbPopZbjgqvjg7zjg5rjg4Pjg4jjgqvjg7zjg4bjg7Pjg5bjg6njgqTjg7Pjg4nnnIvmnb/jgrXjgqTjg7PjgrDjg6njg5XjgqPjg4Pjgq/jgqTjg7Pjgq/jgrjjgqfjg4Pjg4jlsYvlpJblsYvlhoXjg57jg7zjgq3jg7PjgrDjgr/jg4Pjgq/jg5rjgqTjg7Pjg4jjg5Hjg43jg6vmtbTlrqTjg5Hjg43jg6vjgrPjg7Pjg5Xjgqnjg7zjg4jjg5Hjg43jg6vjg5Djgrnjg5Hjg43jg6vkvY7nmbrnoLLloanjg5Pmnb/loanjg5Pmnb/jg5Xjgqnjg7zjg6zjg4Pjgq/jgrnopIflkIjmnb/jgqLjg6vjg5/opIflkIjmnb/jgqLjg6vjg53jg6rjg4Pjgq/jgr3jg6zjgqTjgr/jgqzjg6njgrnjg5XjgqPjg6vjg6DnqpPjg5XjgqPjg6vjg6BVVue0q+Wklue3muOCq+ODg+ODiOmjm+aVo+mYsuatoumYsuiZq+OBmeOCiuOCrOODqeOCuemBrueGseODleOCo+ODq+ODoOmAj+aYjuODl+ODqeOCpOODkOOCt+ODvOODh+OCtuOCpOODs+ebrumaoOOBl+aXpeeEvOOBkeatouOCgeeqk+mjvuOCiuepuuWupOWvvuetluilv+aXpeWvvuetluaXpeWwhOmBruiUveevgOmbu+Wvvuetlueqk+aWreeGseeBveWus+WvvuetluWPsOmiqOernOW3u+OCreODg+ODgeODs+aJieOCq+ODqeODvOODnOODg+OCr+OCueeOhOmWouaJieODieOCouWutuWFt+WGt+iUteW6q+ODkeOCveOCs+ODs+ODh+OCueOCr+OCq+OCpuODs+OCv+ODvOajmuacuuODqeODg+OCr+ODhuODvOODluODq+ODgeOCp+OCueODiOOCqOODrOODmeODvOOCv+ODvOWGheeqk+alveeqk+S6jOmHjeeqk+aWreeGseaWreeGseS6jOmHjeeqk+evgOmbu+evgOe0hOOCqOOCs+ecgeOCqOODjeWKueaenOWGt+aIv+aaluaIv+mYsueKr+mYsumfs+e1kOmcsumBk+WFt+ODl+ODqeOCpOODnuODvOODkeODhuOCueOCreODvOOCuOODvOOCv+OCpOODq+Whl+ijheOCv+OCpOODq+OCq+ODvOODmuODg+ODiOS8uOe4ruabsumdojNE5rm+5puy5Ly444Gz44KL6ZuR6LKo44K544O844OR44O844Kw44Ot44K544Kz44O844OI77yI6Im2L+OCreOCuuW+qeWFg++8iSDjgJDjgqjjg6vjg6Av44K344Kr44Oi44KiL+OCvOODluODqeOCpuODg+ODiS/mn77nm64v5qiq5pyo55uu44CRIOOCsOODreOCuS/lhYnmsqIv5ryGL+mrmOi8neW6pi/jgrXjg7PjgrLjg4Qv44Oq44Ki44OG44OD44KvL+OCq+ODg+ODhuOCo+ODs+OCsOOCt+ODvOODiC/ljJbnsqfjgrfjg7zjg4gv5aGp44OT44K344O844OIL+eymOedgC/jgrfjg7zjg6svRElZL+ODquODleOCqeODvOODoC/jg6rjg6HjgqTjgq8v44CQ44Oh44O844Kr44O855u06YCBJnJBcnI76YCB5paZ54Sh5paZ44CRIFRDL+ODquOCouODhuODg+OCr+OCt+ODvOODiA==,44CQ6YCB5paZ54Sh5paZ44CR44K144Oz44Ky44OEL+ODquOCouODhuODg+OCry/jgqvjg4Pjg4bjgqPjg7PjgrDjgrfjg7zjg4gv44CC44K544O844OR44O844Kw44Ot44K544Kz44O844OI77yI6Im2L+OCreOCuuW+qeWFg++8iSDjgJDjgqjjg6vjg6Av44K344Kr44Oi44KiL+OCvOODluODqeOCpuODg+ODiS/mn77nm64v5qiq5pyo55uu44CRIOOCsOODreOCuS/lhYnmsqIv5ryGL+mrmOi8neW6pi/jgrXjg7PjgrLjg4Qv44Oq44Ki44OG44OD44KvL+OCq+ODg+ODhuOCo+ODs+OCsOOCt+ODvOODiC/ljJbnsqfjgrfjg7zjg4gv5aGp44OT44K344O844OIL+eymOedgC/jgrfjg7zjg6svRElZL+ODquODleOCqeODvOODoC/jg6rjg6HjgqTjgq8v44CQ44Oh44O844Kr44O855u06YCBJnJBcnI76YCB5paZ54Sh5paZ44CRIFRDL+ODquOCouODhuODg+OCr+OCt+ODvOODiA==[rn]
31-2613,aHR0cDovL3RzaG9wLnIxMHMuanAvbW95b3VnYWVob25wby9jYWJpbmV0L2NhdGFsb2cvaW1nNTczOTA4NzguanBnP2ZpdGluPTcwMDo3MDA=,MC44MDAw,,6Iqx44O744Ks44O844OH44Oz44O7RElZID4g5L2P5a6F5bu65p2Q44O76Kit5YKZID4g5aOB5p2QID4g44Gd44Gu5LuW,44CQ54Sh5paZ44K144Oz44OX44OrL+mAgeaWmeeEoeaWmeOAkeOCteODs+OCsuODhC/jg6rjgqLjg4bjg4Pjgq8v44Oq44Oz44OG44OD44KvL+ODkeODreOCoi/jg5njg6vjg5PjgqLjg7Mv44Ki44Kk44KrL+OCquODq+ODhuOCo+ODji/opovmnKwv44GK6Kmm44GXL+OCt+ODvOODiC/jgqvjg4Pjg4bjgqPjg7PjgrDnlKjjgrfjg7zjg4gv57KY552A44K344O844OIL+acqOebri8v5p+EL+acqOebri/nn7Pnm64v44Os44K244O8L+eEoeWcsC/jgrDjg63jgrkv5ZKM5p+EL+ODoeOCv+ODquODg+OCry/jg5Hjg7zjg6sv5bGL5aSWL+Wxi+WGhS/mtbTlrqQvRElZL+WIneW/g+iAhS8=,54Sh5paZ4pmq44GK6Kmm44GXLeiJsuimi+acrC/jgrfjg7zjg4gt44K144Oz44OX44OrL+S6uuawl+OBruacqOebru+8gS8=,PGRpdiBjbGFzcz0iYm9keSI+CjxpbWcgc3JjPSJodHRwOi8vaW1hZ2UucmFrdXRlbi5jby5qcC9tb3lvdWdhZWhvbnBvL2NhYmluZXQvY2F0YWxvZy9pbWc1ODgzMTMwNi5qcGciPgo8aDE+44Kr44OD44OG44Kj44Oz44Kw55So44K344O844OIIOeEoeaWmeOCteODs+ODl+ODqyDoq4vmsYLjg5rjg7zjgrg8L2gxPgo8aDI+PGltZyBzcmM9Imh0dHA6Ly9pbWFnZS5yYWt1dGVuLmNvLmpwL21veW91Z2FlaG9ucG8vY2FiaW5ldC9jYXRhbG9nL3NhbXBsZS9pbWc2MDc3ODUyMi5qcGciPjwvaDI+CjxkaXYgY2xhc3M9InN1YkNvbnRlbnRzIGJveCI+CiAgPGgzIGNsYXNzPSJtaWRhc2lfYSI+6Imy44KE5p+E44Gn6YG444Gz44Gf44GEPC9oMz4KICA8cD48YSBocmVmPSJodHRwOi8vaXRlbS5yYWt1dGVuLmNvLmpwL21veW91Z2FlaG9ucG8vYy8wMDAwMDAwNDI5LyI+PGltZyBzcmM9Imh0dHA6Ly9pbWFnZS5yYWt1dGVuLmNvLmpwL21veW91Z2FlaG9ucG8vY2FiaW5ldC9zaGVldC9jdXR0aW5nX2NhdGVnb3J5L2NvbW1vbi9zdWJfc3RvbmUuZ2lmIiB0aXRsZT0i55+z55uu44O75aSn55CG55+z6Kq/Ij48L2E+PC9wPgogIDxwPjxhIGhyZWY9Imh0dHA6Ly9pdGVtLnJha3V0ZW4uY28uanAvbW95b3VnYWVob25wby9jLzAwMDAwMDAzNTIvIj48aW1nIHNyYz0iaHR0cDovL2ltYWdlLnJha3V0ZW4uY28uanAvbW95b3VnYWVob25wby9jYWJpbmV0L3NoZWV0L2N1dHRpbmdfY2F0ZWdvcnkvY29tbW9uL3N1Yl9zaW5nbGVjb2xvci5naWYiIHRpdGxlPSLljZjoibLjg7vjgrfjg7PjgrDjg6vjgqvjg6njg7zjg7vjgrDjg63jgrnvvIjmvIbvvIkiPjwvYT48L3A+CiAgPHA+PGEgaHJlZj0iaHR0cDovL2l0ZW0ucmFrdXRlbi5jby5qcC9tb3lvdWdhZWhvbnBvL2MvMDAwMDAwMDQyNy8iPjxpbWcgc3JjPSJodHRwOi8vaW1hZ2UucmFrdXRlbi5jby5qcC9tb3lvdWdhZWhvbnBvL2NhYmluZXQvc2hlZXQvY3V0dGluZ19jYXRlZ29yeS9jb21tb24vc3ViX2Fic3RyYWN0LmdpZiIgdGl0bGU9IuaKveixoeafhCI+PC9hPjwvcD4KICA8cD48YSBocmVmPSJodHRwOi8vaXRlbS5yYWt1dGVuLmNvLmpwL21veW91Z2FlaG9ucG8vYy8wMDAwMDAwMzUxLyI+PGltZyBzcmM9Imh0dHA6Ly9pbWFnZS5yYWt1dGVuLmNvLmpwL21veW91Z2FlaG9ucG8vY2FiaW5ldC9zaGVldC9jdXR0aW5nX2NhdGVnb3J5L2NvbW1vbi9zdWJfd29vZC5naWYiIHRpdGxlPSLmnKjnm67oqr8iPjwvYT48L3A+CiAgPGhyPgogIDxoMyBjbGFzcz0ibWlkYXNpX2EiPuOCteODs+ODl+ODq+iri+axguWPr+iDveOBquODoeODvOOCq+ODvOOBr+OBk+OBoeOCiTwvaDM+CiAgPHA+PGEgaHJlZj0iaHR0cDovL2l0ZW0ucmFrdXRlbi5jby5qcC9tb3lvdWdhZWhvbnBvL2MvMDAwMDAwMDM0Ny8iPjxpbWcgc3JjPSJodHRwOi8vaW1hZ2UucmFrdXRlbi5jby5qcC9tb3lvdWdhZWhvbnBvL2NhYmluZXQvc2hlZXQvY3V0dGluZ19jYXRlZ29yeS9jb21tb24vc3ViX3JlYXRlYy5naWYiIHRpdGxlPSLjg6rjgqLjg4bjg4Pjgq8iPjwvYT48L3A+CiAgPHA+PGEgaHJlZj0iaHR0cDovL2l0ZW0ucmFrdXRlbi5jby5qcC9tb3lvdWdhZWhvbnBvL2MvMDAwMDAwMDM2My8iPjxpbWcgc3JjPSJodHRwOi8vaW1hZ2UucmFrdXRlbi5jby5qcC9tb3lvdWdhZWhvbnBvL2NhYmluZXQvc2hlZXQvY3V0dGluZ19jYXRlZ29yeS9jb21tb24vc3ViX2FpY2EuZ2lmIiB0aXRsZT0i44Ki44Kk44KrIj48L2E+PC9wPgogIDxwPjxhIGhyZWY9Imh0dHA6Ly9pdGVtLnJha3V0ZW4uY28uanAvbW95b3VnYWVob25wby9jLzAwMDAwMDAzNDgvIj48aW1nIHNyYz0iaHR0cDovL2ltYWdlLnJha3V0ZW4uY28uanAvbW95b3VnYWVob25wby9jYWJpbmV0L3NoZWV0L2N1dHRpbmdfY2F0ZWdvcnkvY29tbW9uL3N1Yl9wYXJvaS5naWYiIHRpdGxlPSLjg5Hjg63jgqIiPjwvYT48L3A+CiAgPHA+PGEgaHJlZj0iaHR0cDovL2l0ZW0ucmFrdXRlbi5jby5qcC9tb3lvdWdhZWhvbnBvL2MvMDAwMDAwMDM0OS8iPjxpbWcgc3JjPSJodHRwOi8vaW1hZ2UucmFrdXRlbi5jby5qcC9tb3lvdWdhZWhvbnBvL2NhYmluZXQvc2hlZXQvY3V0dGluZ19jYXRlZ29yeS9jb21tb24vc3ViX2JlbGJpZW4uZ2lmIiB0aXRsZT0i44OZ44Or44OT44Ki44OzIj48L2E+PC9wPgo8YnIgc3R5bGU9ImNsZWFyOmJvdGg7Ij4KPC9kaXY+CjxhIGhyZWY9Imh0dHA6Ly9pdGVtLnJha3V0ZW4uY28uanAvbW95b3VnYWVob25wby9zYW1wbGVfcGF5LyI+PGltZyBzcmM9Imh0dHA6Ly9pbWFnZS5yYWt1dGVuLmNvLmpwL21veW91Z2FlaG9ucG8vY2FiaW5ldC9jYXRhbG9nL3NhbXBsZS9pbWc2MTkzNTgxMC5qcGciPjwvYT4KPFA+PGgyPuWkp+OBjeOCgeacieaWmeOCteODs+ODl+ODqzwvaDI+PC9QPgoKPGJyPgo8ZGl2IGNsYXNzPSJ0ZXh0MiBib3giIHN0eWxlPSJmb250LXdlaWdodDpib2xkOyI+CjwhLS0g4pa85pyo55uuIC0tPgo8ZGl2IGNsYXNzPSJ0ZXh0MiI+CjxpbWcgc3JjPSJodHRwOi8vaW1hZ2UucmFrdXRlbi5jby5qcC9tb3lvdWdhZWhvbnBvL2NhYmluZXQvY2F0YWxvZy9pbWc1ODcxNjc5NS5qcGciPgo8aDM+5a625YW344Gr5ZCI44KP44Gb44Gm44Oq44OV44Kp44O844Og44Gn44GN44Gh44KD44GG77yBPGJyPgrjgYrpg6jlsYvjga7ntbHkuIDmhJ/jgYzpq5jjgb7jgorjgb7jgZk8L2gzPgrljJfmtbfpgZPjga50YW5v5qeY44GL44KJ44GE44Gf44Gg44GE44GfRElZ5YaZ55yf77yB5py644Gu5pyo55uu6Kq/44Go5Ly844Gf5p+E44Gn44K344O844OI44KS5o6i44GX44Gm6LK844KK5LuY44GR44Gf44Go44Gu44GT44Go44Gn44CB57Wx5LiA5oSf44GM5Ye644G+44GX44Gf4pmqPGJyPgo8Yj48YSBocmVmPSJodHRwOi8vaXRlbS5yYWt1dGVuLmNvLmpwL21veW91Z2FlaG9ucG8vcmVhdGVjLXRjLTYvIj48aW1nIHNyYz0iaHR0cDovL2ltYWdlLnJha3V0ZW4uY28uanAvbW95b3VnYWVob25wby9jYWJpbmV0L3NoZWV0L3JlYXRlYy9yZWF0ZWNfaXRlbS9pbWc1NzQxNTM3OC5qcGciIHdpZHRoPTQwPuOCteODs+OCsuODhOOAgOODquOCouODhuODg+OCr+OAgFRDLTcxMzjjga/jgZPjgaHjgok8L2E+PC9iPgo8L2Rpdj4KPGhyIHN0eWxlPSJoZWlnaHQ6IDRweDtib3JkZXI6ICMwNGJmMDAgZG90dGVkOyBtYXJnaW46NTBweCAwcHg7Ij4KPCEtLSDilrzpoqjlkYIgLS0+CjxkaXYgY2xhc3M9InRleHQyIj4KPGltZyBzcmM9Imh0dHA6Ly9pbWFnZS5yYWt1dGVuLmNvLmpwL21veW91Z2FlaG9ucG8vY2FiaW5ldC9jYXRhbG9nL2ltZzU4NzE2MTk5LmpwZyI+CjxoMz7jg6bjg4vjg4Pjg4jjg5Djgrnjg7vjgrfjgrnjg4bjg6Djg5Djgrnjgarjganjga7jg5Xjg6njg4Pjg4jjgarlo4HpnaLjgavosrzjgaPjgaZESVnimao8L2gzPgrlsILnlKjjga7jgrfjg7zjg4jjgpLkvb/jgYjjgbDjgIHmtbTlrqTjgavjgoLjgYrkvb/jgYTjgYTjgZ/jgaDjgZHjgb7jgZnimarjgIDlo4HkuIDpnaLjgaDjgZHjgIHosrzjgaPjgabjgb/jgovjga7jgoLjgYrjgZnjgZnjgoHjgII8YnI+CjxiPjxhIGhyZWY9Imh0dHA6Ly9pdGVtLnJha3V0ZW4uY28uanAvbW95b3VnYWVob25wby9jLzAwMDAwMDAzNTYvIj48aW1nIHNyYz0iaHR0cDovL2ltYWdlLnJha3V0ZW4uY28uanAvbW95b3VnYWVob25wby9jYWJpbmV0L3NoZWV0L2RpLW5vYy9uZW94LWZpbG0vaW1nNTczODk3ODMuanBnIiB3aWR0aD00MD7mtbTlrqTjgarjganjga7msLTlu7vjgorjgavkvb/jgYjjgovjgrfjg7zjg4g8L2E+PC9iPgo8L2Rpdj4KCjxociBzdHlsZT0iaGVpZ2h0OiA0cHg7Ym9yZGVyOiAjMDRiZjAwIGRvdHRlZDsgbWFyZ2luOjUwcHggMHB4OyI+CjwhLS0g4pa844Os44OT44Ol44O8IC0tPgo8ZGl2IGNsYXNzPSJ0ZXh0MiI+CjxoMyBzdHlsZT0idGV4dC1hbGlnbjpjZW50ZXI7IGZvbnQtc2l6ZTozMHB4OyBjb2xvcjpncmVlbjsiPuKYheeahuanmOOBi+OCieOBn+OBj+OBleOCk+OBruODrOODk+ODpeODvOOCkumgguOBhOOBpuOBhOOBvuOBmeKYhTwvaDM+CjxpbWcgc3JjPSJodHRwOi8vaW1hZ2UucmFrdXRlbi5jby5qcC9tb3lvdWdhZWhvbnBvL2NhYmluZXQvY2F0YWxvZy9pbWc1ODcxNjE4MS5naWYiPgo8L2Rpdj4KPGhyIHN0eWxlPSJoZWlnaHQ6IDRweDtib3JkZXI6ICMwNGJmMDAgZG90dGVkOyBtYXJnaW46NTBweCAwcHg7Ij4KPCEtLSDilrzlsYvlpJYgLS0+CjxkaXYgY2xhc3M9InRleHQyIj4KPGltZyBzcmM9Imh0dHA6Ly9pbWFnZS5yYWt1dGVuLmNvLmpwL21veW91Z2FlaG9ucG8vY2FiaW5ldC9jYXRhbG9nL2ltZzU4NzE2MjAyLmpwZyI+CjxoMz7lsYvlpJbjgrfjg7zjg4jjgadESVnvvIHlsYvlpJbmiYnjgIHjgrXjg4Pjgrfjgb7jgo/jgorjgarjganjgavjga/oibLopKrjgZvjgavlvLfjgYTlsYvlpJbnlKjjgrfjg7zjg4jjgYzjgYrjgZnjgZnjgoHjgafjgZnimao8L2gzPgo8Yj48YSBocmVmPSJodHRwOi8vaXRlbS5yYWt1dGVuLmNvLmpwL21veW91Z2FlaG9ucG8vYy8wMDAwMDAwMzU3LyI+PGltZyBzcmM9Imh0dHA6Ly9pbWFnZS5yYWt1dGVuLmNvLmpwL21veW91Z2FlaG9ucG8vY2FiaW5ldC9zaGVldC9kaS1ub2MvZGlub2MvaW1nNTc2MTEyNzQuanBnIiB3aWR0aD00MD7lsYvlpJbjgafkvb/jgYjjgovjgrfjg7zjg4g8L2E+PC9iPgo8L2Rpdj4KPGhyIHN0eWxlPSJoZWlnaHQ6IDRweDtib3JkZXI6ICMwNGJmMDAgZG90dGVkOyBtYXJnaW46NTBweCAwcHg7Ij4KPCEtLSDilrzos4PosrggLS0+CjxkaXYgY2xhc3M9InRleHQyIj4KPGltZyBzcmM9Imh0dHA6Ly9pbWFnZS5yYWt1dGVuLmNvLmpwL21veW91Z2FlaG9ucG8vY2FiaW5ldC9jYXRhbG9nL2ltZzU4NzE2MTk4LmpwZyI+CjxoMyBjbGFzcz0ia29taWRhc2kiPuaWveW3peWJjTwvaDM+Cuizg+iyuOODnuODs+OCt+ODp+ODs+OBp+OCguOCiOOBj+imi+OBi+OBkeOCi+acqOebruiqv+OBruODieOCouOBp+OBmeOAgjxicj4K5ZCM44GY44Ko44Oq44Ki44Gr5ZCM44GY44KI44GG44Gq6ZaT5Y+W44KK44Gu44GK6YOo5bGL44Gg44Go44CB6LOD6LK45paZ44Gn6YG444Gw44KM44Gm44GX44G+44GG44GT44Go44KC5aSa44GE44KI44GG44Gn44GZ44CCCjxoMyBjbGFzcz0ia29taWRhc2kiPuaWveW3peW+jDwvaDM+CjxwPuODiOOCpOODrOOBruaJieOBqOOAgeeOhOmWouOBrumdtOajmuOCkui1pOiJsuOBruOCt+ODvOODiOOBp+e1seS4gOOBl+OBvuOBl+OBn+OAgiA8YnI+CuaJieOBruaeoOOCguS4gOe3kuOBq0RJWeOBmeOCi+OBqOOAgeOBvuOCi+OBp+ODh+OCtuOCpOODs+ODnuODs+OCt+ODp+ODs+OBp+OBmeOAgjxicj4K44GT44Gu5YaZ55yf44Gu5aC05ZCI44Gv5bqK5p2Q44KC5aSJ44KP44Gj44Gm44GE44G+44GZ44GM44CB54++5Zyo44Gu5bqK44Gu6Imy44Gr5ZCI44KP44Gb44Gm44K344O844OI44KS6YG444G544Gw44CB44GK6YOo5bGL5YWo5L2T44KS44Oq44OV44Kp44O844Og44GX44Gq44GP44Gm44KC5omJ44GuRElZ44Gg44GR44Gn6Zuw5Zuy5rCX44GM5aSJ44KP44KL44Gu44Gn44CB44Kz44K544OI44KC5oqR44GI44KJ44KM44G+44GZ44CCPGJyPgrmiYnjgpLosrzjgovjgaDjgZHjgafjgoLku5bjga7os4Posrjnianku7bjgajjga7lt67liKXljJbjgpLlm7Pjgozjgovjga7jgafjgIHos4Posrjmlpnjga7lgKTkuIvjgZLjgaDjgZHjgavpoLzjgonjgarjgYTmuoDlrqTlr77nrZbjgYzlh7rmnaXjgb7jgZnjgIIgPC9wPgo8dGFibGU+PHRyPgo8dGQgd2lkdGg9MTgwPjxiPjxhIGhyZWY9Imh0dHA6Ly9pdGVtLnJha3V0ZW4uY28uanAvbW95b3VnYWVob25wby9yZWF0ZWMtdGMtMTUvIj48aW1nIHNyYz0iaHR0cDovL2ltYWdlLnJha3V0ZW4uY28uanAvbW95b3VnYWVob25wby9jYWJpbmV0L3NoZWV0L3JlYXRlYy9yZWF0ZWNfaXRlbS9pbWc1NzQzODQ1MS5qcGciIHdpZHRoPTQwPjxicj7poZ7kvLzjga7otaToibI8YnI+44K344O844OI44Gv44GT44Gh44KJPC9hPjwvYj48L3RkPgo8dGQgd2lkdGg9MTgwPjxiPjxhIGhyZWY9Imh0dHA6Ly9pdGVtLnJha3V0ZW4uY28uanAvbW95b3VnYWVob25wby9vdXRsZXQtMTUvIj48aW1nIHNyYz0iaHR0cDovL2ltYWdlLnJha3V0ZW4uY28uanAvbW95b3VnYWVob25wby9jYWJpbmV0L3NoZWV0L3JlYXRlYy9yZWF0ZWNfaXRlbS9pbWc1NzQxNTM5OC5qcGciIHdpZHRoPTQwPjxicj7otaToibLljZjoibLjga48YnI+44K344O844OI44Gv44GT44Gh44KJPC9hPjwvYj48L3RkPgo8L3RyPjwvdGFibGU+CjwvZGl2Pgo8aHIgc3R5bGU9ImhlaWdodDogNHB4O2JvcmRlcjogIzA0YmYwMCBkb3R0ZWQ7IG1hcmdpbjo1MHB4IDBweDsiPgo8IS0tIOKWvOWNmOiJsiAtLT4KPGRpdiBjbGFzcz0idGV4dDIiIHN0eWxlPSJ3aWR0aDo4MDBweDsiPgo8aW1nIHNyYz0iaHR0cDovL2ltYWdlLnJha3V0ZW4uY28uanAvbW95b3VnYWVob25wby9jYWJpbmV0L2NhdGFsb2cvaW1nNTg3MTYyMDEuanBnIj48YnI+PGJyPgo8aDMgc3R5bGU9Im1hcmdpbi10b3A6NTBweDsiPuWNmOiJsuOCt+ODvOODiOOBp+aJie+8huOCreODg+ODgeODs+OBruODquODleOCqeODvOODoO+8ge+8kuiJsuS9v+OBhOOBjOOBiuOBmeOBmeOCgeOBquOCk+OBp+OBmTwvaDM+CjxwPuOCq+ODg+ODhuOCo+ODs+OCsOeUqOOCt+ODvOODiOOCku+8kuiJsuS9v+eUqOOBl+OBpuiyvOOCiuWIhuOBkeOCi+OBqOOAgeODkOODquOCqOODvOOCt+ODp+ODs+OBjOOBi+OBquOCiuW6g+OBj+OBquOCiuOBvuOBmeOAgjxicj4K5aW944GN44Gq6Imy44Gu57WE44G/5ZCI44KP44Gb44Gn44Oq44OV44Kp44O844Og44KC5qW944GX44Gd44GG77yBPGJyPgo8Yj48YSBocmVmPSJodHRwOi8vaXRlbS5yYWt1dGVuLmNvLmpwL21veW91Z2FlaG9ucG8vYy8wMDAwMDAwMzUyLyI+PGltZyBzcmM9Imh0dHA6Ly9pbWFnZS5yYWt1dGVuLmNvLmpwL21veW91Z2FlaG9ucG8vY2FiaW5ldC9zaGVldC9yZWF0ZWMvcmVhdGVjX2l0ZW0vaW1nNTc0MTUzOTkuanBnIiB3aWR0aD00MD7ljZjoibLjg7vjgYbjgovjgZfjg7vjgrfjg7PjgrDjg6vjgqvjg6nkuIDjgrfjg7zjg4gg5LiA6KanPC9hPjwvYj4KPC9kaXY+CjxociBzdHlsZT0iaGVpZ2h0OiA0cHg7Ym9yZGVyOiAjMDRiZjAwIGRvdHRlZDsgbWFyZ2luOjUwcHggMHB4OyI+CjwhLS0g4pa844Os44K244O8IC0tPgo8ZGl2IGNsYXNzPSJ0ZXh0MiI+CjxpbWcgc3JjPSJodHRwOi8vaW1hZ2UucmFrdXRlbi5jby5qcC9tb3lvdWdhZWhvbnBvL2NhYmluZXQvY2F0YWxvZy9pbWc1ODcxNjIwMC5qcGciPgo8aDM+44Os44K244O86Kq/44Kr44OD44OG44Kj44Oz44Kw55So44K344O844OIPC9oMz4K44Os44K244O86Kq/44K344O844OI44Gv44CB55S35oCn44O75aWz5oCn5ZWP44KP44Ga5aSn5Lq65rCX44Gu44Kr44OD44OG44Kj44Oz44Kw55So44K344O844OI44Gn44GZ44CCPGJyPgrjgq/jg63jgrPjg4DjgqTjg6voqr/jgYvjgonjg5njg7zjgrfjg4Pjgq/jg6zjgrbjg7zjgIHjg6zjgrbjg7zjg5Hjg6zjg4Pjg4jjgarjganoibLjgIXjgarnqK7poZ7jgYzjgYLjgovjga7jgafjgIHlkIzjgZjjg6zjgrbjg7zoqr/jgafjgoLloLTmiYDjgavjgojjgaPjgabosrzjgormm7/jgYjjg7vosrzjgorliIbjgZHjgpLjgZnjgovjgajpnaLnmb3jgYTjgafjgZnjgojvvIE8YnI+CjxiPjxhIGhyZWY9Imh0dHA6Ly9pdGVtLnJha3V0ZW4uY28uanAvbW95b3VnYWVob25wby9jLzAwMDAwMDA0MjgvIj48aW1nIHNyYz0iaHR0cDovL2ltYWdlLnJha3V0ZW4uY28uanAvbW95b3VnYWVob25wby9jYWJpbmV0L3NoZWV0L3JlYXRlYy9yZWF0ZWNfaXRlbS9pbWc1NzQxNTQyMS5qcGciIHdpZHRoPTQwPuODrOOCtuODvOiqv+OCq+ODg+ODhuOCo+ODs+OCsOeUqOOCt+ODvOODiCDkuIDopqc8L2E+PC9iPgo8L2Rpdj4KPCEtLSDilrLmlr3lt6Xkuovkvosg57WC5LqGIC0tPgo8aHIgc3R5bGU9ImhlaWdodDogNHB4O2JvcmRlcjogIzA0YmYwMCBkb3R0ZWQ7IG1hcmdpbjo1MHB4IDBweDsiPgo8IS0tIOKWvOWVhuWTgeODquODs+OCryAtLT4KPHRhYmxlPjx0cj48dGQ+CjxhIGhyZWY9Imh0dHA6Ly9pdGVtLnJha3V0ZW4uY28uanAvbW95b3VnYWVob25wby9jLzAwMDAwMDAxNTUvIj4KPGltZyBzcmM9Imh0dHA6Ly9pbWFnZS5yYWt1dGVuLmNvLmpwL21veW91Z2FlaG9ucG8vY2FiaW5ldC9jYXRhbG9nL2ltZzU4NzE4MDk5LmpwZyI+CjwvdGQ+PHRkPgo8YSBocmVmPSJodHRwOi8vaXRlbS5yYWt1dGVuLmNvLmpwL21veW91Z2FlaG9ucG8vYy8wMDAwMDAwMzkzLyI+CjxpbWcgc3JjPSJodHRwOi8vaW1hZ2UucmFrdXRlbi5jby5qcC9tb3lvdWdhZWhvbnBvL2NhYmluZXQvY2F0YWxvZy9pbWc1ODcxODA5Ny5qcGciPgo8L3RkPjx0ZD4KPGEgaHJlZj0iaHR0cDovL2l0ZW0ucmFrdXRlbi5jby5qcC9tb3lvdWdhZWhvbnBvL2RpLW5vY2NhcmJvbjAxLyI+CjxpbWcgc3JjPSJodHRwOi8vaW1hZ2UucmFrdXRlbi5jby5qcC9tb3lvdWdhZWhvbnBvL2NhYmluZXQvY2F0YWxvZy9pbWc1ODcxODEwMS5qcGciPgo8L3RkPjwvdHI+PC90YWJsZT4KPGJyPgo8ZGl2IGNsYXNzPSJzdWJDb250ZW50cyBib3giPgo8aDMgY2xhc3M9Im1pZGFzaV9hIj7jgrXjg7Pjg5fjg6voq4vmsYLlj6/og73jgarjg6Hjg7zjgqvjg7zjga/jgZPjgaHjgok8L2gzPgo8cD48YSBocmVmPSJodHRwOi8vaXRlbS5yYWt1dGVuLmNvLmpwL21veW91Z2FlaG9ucG8vYy8wMDAwMDAwMzQ3LyI+PGltZyBzcmM9Imh0dHA6Ly9pbWFnZS5yYWt1dGVuLmNvLmpwL21veW91Z2FlaG9ucG8vY2FiaW5ldC9zaGVldC9jdXR0aW5nX2NhdGVnb3J5L2NvbW1vbi9zdWJfcmVhdGVjLmdpZiIgdGl0bGU9IuODquOCouODhuODg+OCryI+PC9hPjwvcD4KPHA+PGEgaHJlZj0iaHR0cDovL2l0ZW0ucmFrdXRlbi5jby5qcC9tb3lvdWdhZWhvbnBvL2MvMDAwMDAwMDM2My8iPjxpbWcgc3JjPSJodHRwOi8vaW1hZ2UucmFrdXRlbi5jby5qcC9tb3lvdWdhZWhvbnBvL2NhYmluZXQvc2hlZXQvY3V0dGluZ19jYXRlZ29yeS9jb21tb24vc3ViX2FpY2EuZ2lmIiB0aXRsZT0i44Ki44Kk44KrIj48L2E+PC9wPgo8cD48YSBocmVmPSJodHRwOi8vaXRlbS5yYWt1dGVuLmNvLmpwL21veW91Z2FlaG9ucG8vYy8wMDAwMDAwMzQ4LyI+PGltZyBzcmM9Imh0dHA6Ly9pbWFnZS5yYWt1dGVuLmNvLmpwL21veW91Z2FlaG9ucG8vY2FiaW5ldC9zaGVldC9jdXR0aW5nX2NhdGVnb3J5L2NvbW1vbi9zdWJfcGFyb2kuZ2lmIiB0aXRsZT0i44OR44Ot44KiIj48L2E+PC9wPgo8cD48YSBocmVmPSJodHRwOi8vaXRlbS5yYWt1dGVuLmNvLmpwL21veW91Z2FlaG9ucG8vYy8wMDAwMDAwMzQ5LyI+PGltZyBzcmM9Imh0dHA6Ly9pbWFnZS5yYWt1dGVuLmNvLmpwL21veW91Z2FlaG9ucG8vY2FiaW5ldC9zaGVldC9jdXR0aW5nX2NhdGVnb3J5L2NvbW1vbi9zdWJfYmVsYmllbi5naWYiIHRpdGxlPSLjg5njg6vjg5PjgqLjg7MiPjwvYT48L3A+Cjxocj4KPGgzIGNsYXNzPSJtaWRhc2lfYSI+5L6/5Yip44Gq6YGT5YW344KE44Kr44K/44Ot44Kw44Os44Oz44K/44Or44KC44GC44KK44G+44GZ77yBPC9oMz4KPHA+PGEgaHJlZj0iaHR0cDovL2l0ZW0ucmFrdXRlbi5jby5qcC9tb3lvdWdhZWhvbnBvL2MvMDAwMDAwMDI5OS8iPjxpbWcgc3JjPSJodHRwOi8vaW1hZ2UucmFrdXRlbi5jby5qcC9tb3lvdWdhZWhvbnBvL2NhYmluZXQvc2hlZXQvY3V0dGluZ19jYXRlZ29yeS9jb21tb24vc3ViX2l0ZW0uZ2lmIiB0aXRsZT0i6IG35Lq644KC5L2/44GG6YGT5YW3Ij48L2E+PC9wPgo8cD48YSBocmVmPSJodHRwOi8vaXRlbS5yYWt1dGVuLmNvLmpwL21veW91Z2FlaG9ucG8vYy8wMDAwMDAwMjQxLyI+PGltZyBzcmM9Imh0dHA6Ly9pbWFnZS5yYWt1dGVuLmNvLmpwL21veW91Z2FlaG9ucG8vY2FiaW5ldC9zaGVldC9jdXR0aW5nX2NhdGVnb3J5L2NvbW1vbi9zdWJfaG93LmdpZiIgdGl0bGU9IuiyvOOCiuaWueism+W6pyI+PC9hPjwvcD4KPHA+PGEgaHJlZj0iaHR0cDovL2l0ZW0ucmFrdXRlbi5jby5qcC9tb3lvdWdhZWhvbnBvL2thdGFyb2d1cmVudGFydS8iPjxpbWcgc3JjPSJodHRwOi8vaW1hZ2UucmFrdXRlbi5jby5qcC9tb3lvdWdhZWhvbnBvL2NhYmluZXQvc2hlZXQvY3V0dGluZ19jYXRlZ29yeS9jb21tb24vc3ViX2NhdGFsb2cuZ2lmIiB0aXRsZT0i44Kr44K/44Ot44KwIOODrOODs+OCv+ODqyI+PC9hPjwvcD4KPHA+PGEgaHJlZj0iaHR0cDovL2l0ZW0ucmFrdXRlbi5jby5qcC9tb3lvdWdhZWhvbnBvL2MvMDAwMDAwMDEwNC8jcWEiPjxpbWcgc3JjPSJodHRwOi8vaW1hZ2UucmFrdXRlbi5jby5qcC9tb3lvdWdhZWhvbnBvL2NhYmluZXQvc2hlZXQvY3V0dGluZ19jYXRlZ29yeS9jb21tb24vc3ViX3FhLmdpZiIgdGl0bGU9IuOCiOOBj+OBguOCi+izquWVjyI+PC9hPjwvcD4KPHA+PGEgaHJlZj0iaHR0cDovL2l0ZW0ucmFrdXRlbi5jby5qcC9tb3lvdWdhZWhvbnBvL2VzdGltYXRlZC8iPjxpbWcgc3JjPSJodHRwOi8vaW1hZ2UucmFrdXRlbi5jby5qcC9tb3lvdWdhZWhvbnBvL2NhYmluZXQvc2hlZXQvY3V0dGluZ19jYXRlZ29yeS9jb21tb24vc3ViX2tvdWppLmdpZiIgdGl0bGU9IuaWveW3peOBiuimi+epjeOCiuS+nemgvCI+PC9hPjwvcD4KPGJyIHN0eWxlPSJjbGVhcjpib3RoOyI+PC9kaXY+CjxkaXYgY2xhc3M9ImJveCI+PGJyPgoKPGltZyBzdHlsZT0ibWFyZ2luOjhweCAwIDE2cHggMDsic3JjPSJodHRwOi8vaW1hZ2UucmFrdXRlbi5jby5qcC9tb3lvdWdhZWhvbnBvL2NhYmluZXQvY2F0YWxvZy9zYW1wbGUvaW1nNjA5ODU2MDguanBnIj4KCjxpbWcgc3JjPSJodHRwOi8vaW1hZ2UucmFrdXRlbi5jby5qcC9tb3lvdWdhZWhvbnBvL2NhYmluZXQvY2F0YWxvZy9zYW1wbGUvaW1nNjA5NTc3NDEuanBnIj4KPGltZyBzcmM9Imh0dHA6Ly9pbWFnZS5yYWt1dGVuLmNvLmpwL21veW91Z2FlaG9ucG8vY2FiaW5ldC9jYXRhbG9nL3NhbXBsZS9pbWc2MDk1Nzc0Mi5qcGciPgoKPC9kaXY+CjwvZGl2PgoKCgo8c3R5bGUgdHlwZT0idGV4dC9jc3MiPgo8IS0tCi5taWRhc2lfYXsKYm9yZGVyLWJvdHRvbTpzb2xpZCAjMEYwIDJweDsKYm9yZGVyLWxlZnQ6c29saWQgIzBGMCA2cHg7CnBhZGRpbmc6MnB4IDAgMCA0cHg7CmZvbnQtc2l6ZToyMHB4OwptYXJnaW46MjBweCAwIDEwcHggMDsKfQouc3ViQ29udGVudHN7IGJvcmRlcjoxcHggc29saWQgZ3JheTsgcGFkZGluZzoxMHB4OyB3aWR0aDo4MDBweDt9Ci5zdWJDb250ZW50cyBwe2Zsb2F0OmxlZnQ7IG1hcmdpbjowIDEwIDEwIDE1cHg7IGZvbnQtc2l6ZToxNHB4O30KLnN1YkNvbnRlbnRzIGltZ3ttYXJnaW46M3B4O30KLnN1YkNvbnRlbnRzIGhyeyBtYXJnaW41MCAwIDUwIDBweDsgY2xlYXI6Ym90aDt9Ci0tPjwvc3R5bGU+Cgo8c3R5bGUgdHlwZT0idGV4dC9jc3MiPgo8IS0tCnNwYW4udW5pdCB7CmJhY2tncm91bmQ6IHVybCgiaHR0cDovL2ltYWdlLnJha3V0ZW4uY28uanAvbW95b3VnYWVob25wby9jYWJpbmV0L2ltZ3JjMDA2ODc5MjA1Mi5qcGciKSBuby1yZXBlYXQgbGVmdCB0b3A7CnRleHQtaW5kZW50Oi05OTk5OwpkaXNwbGF5OiBibG9jazsKd2lkdGg6IDQwMHB4OwpoZWlnaHQ6IDEwMHB4OwptYXJnaW46MTVweCAwOyB9Ci0tPgo8L3N0eWxlPgogCiA8cD48aW1nIHNyYz0iaHR0cDovL2ltYWdlLnJha3V0ZW4uY28uanAvbW95b3VnYWVob25wby9jYWJpbmV0L2NhdGFsb2cvc2FtcGxlL2ltZzYxOTM1ODExLmpwZyI+PC9QPgo8UD7lpKfjgY3jgarjgrXjg7Pjg5fjg6vjgYzlv4XopoHjgarmlrnjga/kuIrjga7mnInmlpnjgrXjg7Pjg5fjg6vjgpLjgZTliKnnlKjkuIvjgZXjgYQ8L1A+Cgo8RElWIGNsYXNzPSJnb29kcy10YmwiPgogPGRpdiBjbGFzcz0iZ29vZHMtdGl0bGUiPgrllYblk4HoqqzmmI4KPC9kaXY+Cgo8ZGl2IGNsYXNzPSJnb29kcy1sZWZ0Ij4K44Oh44O844Kr44O8PC9kaXY+CjxkaXYgY2xhc3M9Imdvb2RzLXJpZ2h0Ij4K44K144Oz44Ky44OEIOODquOCouODhuODg+OCrzxCUj4K44Oq44Oz44OG44OD44KvIOODkeODreOCojxicj4K44K344O844Ki44Kk5YyW5oiQIOODmeODq+ODk+OCouODszxicj4KPEZPTlQgY29sb3I9IiNjYzAwMDAiPgrigLvjgrXjg7Pjg5fjg6vjga/jgIHntIQ4Y23vvZ4xMGNt6KeS5L2N44Gu5aSn44GN44GV44Go44Gq44KK44G+44GZ44CCPGJyPgrigLszTS3jg4DjgqTjg47jg4Pjgq/jg7vjgqLjgqbjg4jjg6zjg4Pjg4jjgJDjgoLjgaPjgZ/jgYTjgarjgYTluILjgJHjgqvjg4Pjg4bjgqPjg7PjgrDjgrfjg7zjg4jjga/jgrXjg7Pjg5fjg6vjgpLjgYrpgIHjgorjgZnjgovjgZPjgajjgYzjgafjgY3jgb7jgZvjgpPjga7jgafjgIHjgZTkuobmib/jgY/jgaDjgZXjgYQ8L0ZPTlQ+PEZPTlQgY29sb3I9IiNmZjAwMDAiPuOAgjwvRk9OVD4gPEJSPgrlgJnoo5zjga7lk4HnlarjgYzlpJrjgYTloLTlkIjjga/jgIHjgqvjgr/jg63jgrDjg6zjg7Pjgr/jg6vjgpLjgZTliKnnlKjjgY/jgaDjgZXjgYTjgIIKPC9kaXY+Cgo8ZGl2IGNsYXNzPSJnb29kcy1uZXh0Ij48L2Rpdj4KCjxkaXYgY2xhc3M9Imdvb2RzLWxlZnQiPuiri+axguaWueazlTwvZGl2Pgo8ZGl2IGNsYXNzPSJnb29kcy1yaWdodCI+Cjx1bD4KPGxpPualveWkqeOBruOCt+OCueODhuODoOS4iu+8keWGhuOBqOihqOekuuOBleOCjOOBpuOBiuOCiuOBvuOBmeOBjOOAgeeEoeaWmeOBqOOBquOCiuOBvuOBmeOAgjwvbGk+CjxsaT7mma7pgJrpg7Xkvr/jgafjga7jgYrlsYrjgZHjgajjgarjgorjgb7jgZnjgILjgYrlsYrjgZHjgb7jgafjgIEz5pel772eN+aXpeeoi+W6puOBi+OBi+OCiuOBvuOBmeOAgjwvbGk+CjxsaT48Rk9OVCBjb2xvcj0iI2NjMDAwMCI+44GK5LiA5Lq65qeY44CB5Y+I44Gv5LiA5LiW5biv44Gr44Gk44GN77yR5Zue6ZmQ44KK44Go44Gq44KK44G+44GZ44CCPC9GT05UPjwvbGk+CjwvdWw+CumAmuW4uO+8k+eCueOBvuOBp+OCteODs+ODl+ODq+iri+axguOBp+OBjeOBvuOBmeOAgjxCUj4K5ZOB55Wq44Gu6KiY6LyJ6ZaT6YGV44GE562J44Gr44GU5rOo5oSP44GP44Gg44GV44GE44CC5ZOB55Wq44Gu6KiY6LyJ44GM44Gq44GE44KC44Gu44CB6KiY6LyJ6ZaT6YGV44GE44Gn6Kmy5b2T5ZOB55Wq44GM44Gq44GE44KC44Gu44Gr44Gk44GN44G+44GX44Gm44Gv44CB54Sh5Yq544Go44Gq44KK44G+44GZ44Gu44Gn44CB44GU5rOo5oSP44GP44Gg44GV44GE44CCPEJSPgrmnKjnm67mn4TjgIHjgqvjg7zjg5zjg7PjgIHjgqbjgqnjg7zjg6vjg4rjg4Pjg4jjgIHjgqrjg7zjgq/jgIHjg4Hjgqfjg6rjg7zjgIHjgqjjg5zjg4vjg7zjgIHjg57jg5vjgqzjg4vjg7zjgIHjgrfjgqvjg6LjgqLjgIHjg6zjgrbjg7zjgIHjg6Hjgr/jg6rjg4Pjgq/jgIHjgqbjg6vjgrfoqr/jgIHnn7Pnm67oqr/jgIHjgrnjgr/jg4PjgrPjgIHjg5Hjg7zjg6vjgarjganjgqvjg4Pjg4bjgqPjg7PjgrDjgrfjg7zjg4jjga/oibLjgIHmn4TjgarjgannqK7poZ7jgYzosYrlr4zjgavjgZTjgZbjgYTjgb7jgZnjgILlk4HnlarjgafjgarjgYToqJjovInjgoLnhKHlirnjgajjgarjgorjgb7jgZnjga7jgafjgIHjgZTms6jmhI/jgY/jgaDjgZXjgYTjgII8QlI+Cjxicj4KPC9kaXY+CjxkaXYgY2xhc3M9Imdvb2RzLWxlZnQiPuWAi+S6uuaDheWgsTxCUj4K5Y+W44KK5omx44GEPC9kaXY+CjxkaXYgY2xhc3M9Imdvb2RzLXJpZ2h0Ij4K44GK5a6i5qeY44GL44KJ6aCC44GE44Gf5YCL5Lq65oOF5aCx44Gv44CB5ZWG5ZOB44Gu55m66YCB44Go44GU6YCj57Wh5Lul5aSW44Gr44Gv5LiA5YiH5L2/55So44GE44Gf44GX44G+44Gb44KT44CCPGJyPgrlvZPlupfjgJDmqKHmp5jmm7/jgYjjgrfjg6fjg4Pjg5dERUNP44CR44GM6LKs5Lu744KS5b6F44Gj44Gm5a6J5YWo44Gr6JOE56mN44O75L+d566h44GX44CB56ys5LiJ6ICF44Gr6K2y5rih44O75o+Q5L6b44GZ44KL44GT44Go44Gv44GU44GW44GE44G+44Gb44KT44CCCgo8L2Rpdj4KCjxkaXYgY2xhc3M9Imdvb2RzLW5leHQiPgo8L2Rpdj4KPC9kaXY+PHN0eWxlIHR5cGU9InRleHQvY3NzIj4KPCEtLQoKLyrllYblk4HlkI3jga7jg5Xjgqnjg7Pjg4jmg4XloLEqLwouaXRlbV9uYW1lIHsKCWRpc3BsYXk6YmxvY2s7CgltYXJnaW46MCAwIDhweCAwOwoJZm9udC1mYW1pbHk6IuODkuODqeOCruODjuinkuOCtCBQcm8gVzMiLCAiSGlyYWdpbm8gS2FrdSBHb3RoaWMgUHJvIiwgIuODoeOCpOODquOCqiIsIE1laXJ5bywgT3Nha2EsICLvvK3vvLMg77yw44K044K344OD44KvIiwgIk1TIFBHb3RoaWMiLCBzYW5zLXNlcmlmOwoJZm9udDpib2xkIDE2cHg7Cgljb2xvcjojMzMzOwoJbGluZS1oZWlnaHQ6MTIwJTsKCn0KLyrjgq3jg6Pjg4Pjg4HjgrPjg5Tjg7zjga7jg5Xjgqnjg7Pjg4jmg4XloLEqLwouY2F0Y2hfY29weSB7CglkaXNwbGF5OmJsb2NrOwoJbWFyZ2luOjAgMCA4cHggMCA7Cglmb250LWZhbWlseToi44OS44Op44Ku44OO6KeS44K0IFBybyBXMyIsICJIaXJhZ2lubyBLYWt1IEdvdGhpYyBQcm8iLCAi44Oh44Kk44Oq44KqIiwgTWVpcnlvLCBPc2FrYSwgIu+8re+8syDvvLDjgrTjgrfjg4Pjgq8iLCAiTVMgUEdvdGhpYyIsIHNhbnMtc2VyaWY7Cglmb250LXNpemU6MTRweDsKCWNvbG9yOiMzMzM7Cn0KCi8q55uu546J5ZWG5ZOB44Gu5paH5a2XKi8KYS5sb3NzbGVhZGVyX2l0ZW1fbmFtZTpsaW5rIHsKCWNvbG9yOiM1NTU7Cglmb250LXNpemU6MTNweDsKfQoKc3Bhbi5sb3NzbGVhZGVyX3ByaWNlMnsKCWNvbG9yOiNGRjAwMDA7Cglmb250LXNpemU6MTJweDsKfQoKLyrjg5rjg7zjgrjlt6bkuIrjga7jgq3jg7zjg6/jg7zjg4nooajnpLrmrIQqLwpkaXYjSGVhZGVyS2V5d29yZCB7Cglwb3NpdGlvbjphYnNvbHV0ZTsKCXRvcDo0OHB4Oy8q5LiA55Wq5LiK44GL44KJ44Gu5L2N572uKi8KCWxlZnQ6ODBweDsvKuW3puerr+OBi+OCieOBruS9jee9riovCglmb250OjE0cHggIuODkuODqeOCruODjuinkuOCtCBQcm8gVzMiLCAiSGlyYWdpbm8gS2FrdSBHb3RoaWMgUHJvIiwgIuODoeOCpOODquOCqiIsIE1laXJ5bywgT3Nha2EsICLvvK3vvLMg77yw44K044K344OD44KvIiwgIk1TIFBHb3RoaWMiLCBzYW5zLXNlcmlmOwoJd2lkdGg6NDIwcHg7Cn0KCmRpdiNIZWFkZXJLZXl3b3JkIHNwYW4gewoJYmFja2dyb3VuZDogI2JmMDAwMDsKCWNvbG9yOiNmZmY7Cglmb250LXdlaWdodDpib2xkOwoJcGFkZGluZzoycHggNXB4Owp9CgpkaXYjSGVhZGVyS2V5d29yZCBhIHsKCWNvbG9yOiMwMDQ0Q0M7Cn0KCgovKiDlgIvmlbDlhaXlipvmrITjga7lpKfjgY3jgZUgKi8KaW5wdXQjdW5pdHMgewoJcGFkZGluZzogNHB4Owp9CgovKiDjgYrosrfjgYTnianjgYvjgZTjg5zjgr/jg7Pjga7lpKfjgY3jgZUgKi8KdGQgPiBpbnB1dCB7Cglmb250LXNpemU6IDEycHg7CglwYWRkaW5nOjhweCAxMnB4IDhweCAxMnB4OwoJd2lkdGg6IGF1dG87Cn0KCi8qIOOAjOWVhuWTgeOBq+OBpOOBhOOBpuOBruWVj+OBhOWQiOOCj+OBm+OAjeODnOOCv+ODs+OBruWkp+OBjeOBlSovCmZvbnQgaW5wdXQgewoJZm9udC1zaXplOiAxMnB4OwoJcGFkZGluZzoycHg7Cgl3aWR0aDogMTUwcHg7Cn0KCgotLT4KPC9zdHlsZT4KCgo8ZGl2IGlkPSJIZWFkZXJLZXl3b3JkIj4KPHNwYW4+5rOo55uu44Gu44Kt44O844Ov44O844OJPC9zcGFuPgrjgqzjg6njgrnjg5XjgqPjg6vjg6AK5pyo55uuCua1tOWupCDluooK44Oq44Ki44OG44OD44KvCgo8L2Rpdj4=,44CQ54Sh5paZ44K144Oz44OX44OrL+mAgeaWmeeEoeaWmeOAkeOCteODs+OCsuODhC/jg6rjgqLjg4bjg4Pjgq8v44Oq44Oz44OG44OD44KvL+ODkeODreOCoi/jg5njg6vjg5PjgqLjg7Mv44Ki44Kk44KrL+OCquODq+ODhuOCo+ODji/opovmnKwv44GK6Kmm44GXL+OCt+ODvOODiC/jgqvjg4Pjg4bjgqPjg7PjgrDnlKjjgrfjg7zjg4gv57KY552A44K344O844OIL+acqOebri8v5p+EL+acqOebri/nn7Pnm64v44Os44K244O8L+eEoeWcsC/jgrDjg63jgrkv5ZKM5p+EL+ODoeOCv+ODquODg+OCry/jg5Hjg7zjg6sv5bGL5aSWL+Wxi+WGhS/mtbTlrqQvRElZL+WIneW/g+iAhS/vvJrmqKHmp5jmm7/jgYjjgrfjg6fjg4Pjg5fjgIDjg4fjgrM=,44Kr44OD44OG44Kj44Oz44Kw44K344O844OI44OV44Kj44Or44Og44Kr44OD44OG44Kj44Oz44Kw44K344O844Or5aOB57SZ57KY552A44K344O844OI5qih5qeY5pu/44GI44K344O844OI5YyW57Kn44K344O844OI5aOB57SZ44K344O844OI44OA44Kk44OO44OD44Kv44OZ44Or44OT44Ki44Oz44Oq44Ki44OG44OD44Kv44OR44Ot44Ki44Kq44Or44OG44Kj44OO44OT44Ol44O844Kr44Or44ON44Kq44OD44Kv44K544ON44Kq44K/44Kk44Or44ON44Kq44OV44Ot44Ki44Oq44OV44Kp44O844Og44K344O844OI44K144Oz44Ky44OE44Oq44Oq44Kr44Op44Or44OO44Oz77yT77yt44K544Oq44O844Ko44Og44Ki44Kk44Kr44Oq44Oz44OG44OD44Kv44K144Kk44Oz44K344K544OG44Og44K744Kt44K544Kk5qGc5LqV5p2x44Oq44Ok44Oo44Kk5qW15p2x6YOo5bGL5aSn5a6256m65a6k44Kq44O844OK44O85oi45bu66LOD6LK454mp5Lu25LiN5YuV55Sj566h55CG5Lya56S+44Ob44OG44Or44Oe44Oz44K344On44Oz44Ki44OR44O844OI5bqX6IiX44GK5bqX5rW05a6k6aKo5ZGC44Om44OL44OD44OI44OQ44K544OQ44K544Or44O844Og44Kt44OD44OB44Oz44OI44Kk44Os5rC05bu744KK44Kz44O844Kt44Oz44Kw5rSX6Z2i5oqX6I+M6Ziy44Kr44OT5rGa44KM6Ziy5q2i6Ziy5rGa77yk77yp77y55pel5puc5aSn5bel5qih5qeY5pu/44GI44OR44ON44Or5bel5rOV44K744Or44OV44Oq44OV44Kp44O844Og5pa95bel6IG35Lq65bCC6ZaA6Ieq5L2c44OX44Ot6LK844KK5pa55r+A5a6J6LKp5aOy5bqX5qWt6LKp6YCa6LKp5Y246LKp5aOy6YCa5L+h6LKp5aOy56aP5bKh55yM56aP5bKh5biC5aSn6YeO5Z+O5biC5aSq5a6w5bqc5biC5pil5pel5biC562R57Sr6YeO5biC44Kr44Op44O855m944Ob44Ov44Kk44OI6buS44OW44Op44OD44Kv44Oe44OD44OI44OW44Op44OD44Kv6LWk44Os44OD44OJ44Oe44OD44OI5YWJ5rKi6Im25raI44GX5ZKM57SZ5ZKM5p+E5ZKM6aKo5p+E5pyo55uu5pyo55uu5p+E5pyo55uu44K344O844OIV09PROeEoeWcsOOCq+ODvOODnOODs+ODoeOCv+ODquODg+OCr+ODn+ODqeODvOmPoemdouODqeODoeODoeODg+OCremdqea8huWFieayouODrOOCtuODvOearuefs+ebruWkp+eQhuefs+ODh+OCtuOCpOODs+OCq+ODvOODqeODg+ODlOODs+OCsOODqeODg+ODlOODs+OCsOOCq+ODvOOCueOCs+ODg+ODgeODl+ODquODs+ODiOODqeODg+ODl+ODleOCo+ODq+ODoDEwODDjg7Tjgqfjg6njg4Pjg5fjgrnjg4DjgqTjg47jg4Pjgq/jgqvjg7zjg5zjg7Pjg57jg4Pjg4jjg5bjg6njg4Pjgq/ou4rjg5DjgqTjgq/jg5jjg6vjg6Hjg4Pjg4jjgqjjgqLjg63jgqvjg7zjg6njg4Pjg5Tjg7PjgrDjgqvjgrnjgr/jg6DlhoXoo4XlpJboo4Xjg4njg6zjgrnjgqLjg4Pjg5fjgqTjg7Pjg4bjg6rjgqLjg6rjg5Xjgqnjg7zjg6Djg6rjg47jg5njg7zjgrfjg6fjg7Posrzmm7/jgYjmlr3lt6Xlt6Xkuovkv67nkIbmlLnoo4Xkv67nuZXljp/nirblm57lvqnluorlt6XkuovlhoXoo4Xlt6XkuovlrqTlhoXoo4Xpo77lo4HntJnjgq/jg63jgrnnlbPopZbjgqvjg7zjg5rjg4Pjg4jjgqvjg7zjg4bjg7Pjg5bjg6njgqTjg7Pjg4nnnIvmnb/jgrXjgqTjg7PjgrDjg6njg5XjgqPjg4Pjgq/jgqTjg7Pjgq/jgrjjgqfjg4Pjg4jlsYvlpJblsYvlhoXjg57jg7zjgq3jg7PjgrDjgr/jg4Pjgq/jg5rjgqTjg7Pjg4jjg5Hjg43jg6vmtbTlrqTjg5Hjg43jg6vjgrPjg7Pjg5Xjgqnjg7zjg4jjg5Hjg43jg6vjg5Djgrnjg5Hjg43jg6vkvY7nmbrnoLLloanjg5Pmnb/loanjg5Pmnb/jg5Xjgqnjg7zjg6zjg4Pjgq/jgrnopIflkIjmnb/jgqLjg6vjg5/opIflkIjmnb/jgqLjg6vjg53jg6rjg4Pjgq/jgr3jg6zjgqTjgr/jgqzjg6njgrnjg5XjgqPjg6vjg6DnqpPjg5XjgqPjg6vjg6BVVue0q+Wklue3muOCq+ODg+ODiOmjm+aVo+mYsuatoumYsuiZq+OBmeOCiuOCrOODqeOCuemBrueGseODleOCo+ODq+ODoOmAj+aYjuODl+ODqeOCpOODkOOCt+ODvOODh+OCtuOCpOODs+ebrumaoOOBl+aXpeeEvOOBkeatouOCgeeqk+mjvuOCiuepuuWupOWvvuetluilv+aXpeWvvuetluaXpeWwhOmBruiUveevgOmbu+Wvvuetlueqk+aWreeGseeBveWus+WvvuetluWPsOmiqOernOW3u+OCreODg+ODgeODs+aJieOCq+ODqeODvOODnOODg+OCr+OCueeOhOmWouaJieODieOCouWutuWFt+WGt+iUteW6q+ODkeOCveOCs+ODs+ODh+OCueOCr+OCq+OCpuODs+OCv+ODvOajmuacuuODqeODg+OCr+ODhuODvOODluODq+ODgeOCp+OCueODiOOCqOODrOODmeODvOOCv+ODvOWGheeqk+alveeqk+S6jOmHjeeqk+aWreeGseaWreeGseS6jOmHjeeqk+evgOmbu+evgOe0hOOCqOOCs+ecgeOCqOODjeWKueaenOWGt+aIv+aaluaIv+mYsueKr+mYsumfs+e1kOmcsumBk+WFt+ODl+ODqeOCpOODnuODvOODkeODhuOCueOCreODvOOCuOODvOOCv+OCpOODq+Whl+ijheOCv+OCpOODq+OCq+ODvOODmuODg+ODiOS8uOe4ruabsumdojNE5rm+5puy5Ly444Gz44KL6ZuR6LKo44CQ54Sh5paZ44K144Oz44OX44OrL+mAgeaWmeeEoeaWmeOAkeOCteODs+OCsuODhC/jg6rjgqLjg4bjg4Pjgq8v44Oq44Oz44OG44OD44KvL+ODkeODreOCoi/jg5njg6vjg5PjgqLjg7Mv44Ki44Kk44KrL+OCquODq+ODhuOCo+ODji/opovmnKwv44GK6Kmm44GXL+OCt+ODvOODiC/jgqvjg4Pjg4bjgqPjg7PjgrDnlKjjgrfjg7zjg4gv57KY552A44K344O844OIL+acqOebri8v5p+EL+acqOebri/nn7Pnm64v44Os44K244O8L+eEoeWcsC/jgrDjg63jgrkv5ZKM5p+EL+ODoeOCv+ODquODg+OCry/jg5Hjg7zjg6sv5bGL5aSWL+Wxi+WGhS/mtbTlrqQvRElZL+WIneW/g+iAhS8=,54Sh5paZ4pmq44GK6Kmm44GXLeiJsuimi+acrC/jgrfjg7zjg4gt44K144Oz44OX44OrL+S6uuawl+OBruacqOebru+8gS/jgILjgJDnhKHmlpnjgrXjg7Pjg5fjg6sv6YCB5paZ54Sh5paZ44CR44K144Oz44Ky44OEL+ODquOCouODhuODg+OCry/jg6rjg7Pjg4bjg4Pjgq8v44OR44Ot44KiL+ODmeODq+ODk+OCouODsy/jgqLjgqTjgqsv44Kq44Or44OG44Kj44OOL+imi+acrC/jgYroqabjgZcv44K344O844OIL+OCq+ODg+ODhuOCo+ODs+OCsOeUqOOCt+ODvOODiC/nspjnnYDjgrfjg7zjg4gv5pyo55uuLy/mn4Qv5pyo55uuL+efs+ebri/jg6zjgrbjg7wv54Sh5ZywL+OCsOODreOCuS/lkozmn4Qv44Oh44K/44Oq44OD44KvL+ODkeODvOODqy/lsYvlpJYv5bGL5YaFL+a1tOWupC9ESVkv5Yid5b+D6ICFLw==[rn]
31-2614,aHR0cDovL3RzaG9wLnIxMHMuanAvaGFycnkvY2FiaW5ldC9zaW4tZnQvbDI0LTAxLXNpbi1tbjM5LmpwZz9maXRpbj03MDA6NzAw,NDY1LjYwMDA=,,6Iqx44O744Ks44O844OH44Oz44O7RElZID4g5L2P5a6F5bu65p2Q44O76Kit5YKZID4g5bqK5p2QID4g44Gd44Gu5LuW,44OV44Ot44Ki44K/44Kk44OrIOOCt+ODs+OCs+ODvOODqyDjg57jg4Pjg4jjg43jg6kg5bqKIOW6iuadkCDjg5Xjg63jg7zjg6rjg7PjgrAg44OT44OL44OrIFDjgr/jgqTjg6sg44OV44Ot44KiIGRpeSDjg6rjg5Xjgqnjg7zjg6Ag5Zyf6Laz5a++5b+cIOOCpOODs+ODhuODquOCoiDlupfoiJcg5L2P5a6FIOOCueODiOODvOODsyDjg6Ljgqvjgrnjg4jjg7zjg6Ag55+zIOefs+ebruiqvyDlpKfnkIbnn7Mg55+z5p2QIDAzUA==,c2luY29sIG1hdHRvbmVsbGEg44OV44Ot44Ki44O844K/44Kk44OrIDHmnprljZjkvY0g54i244Gu5pel,PGRpdiBzdHlsZT0id2lkdGg6IDcwMHB4OyBsaW5lLWhlaWdodDogMS41OyBjb2xvcjogIzJmMmIyNyI+CjxwIHN0eWxlPSJjb2xvcjogI2ZmZjsgYmFja2dyb3VuZC1jb2xvcjogI2Y2OTsgZm9udC1zaXplOiAyNHB4OyBwYWRkaW5nOiAxMHB4OyI+4oC744GT44Gh44KJ44Gu5ZWG5ZOB44GvMeaemuWNmOS9jeOBi+OCieOBlOizvOWFpeOBp+OBjeOBvuOBmeOAgjwvcD4KPHA+PGltZyBzcmM9Imh0dHBzOi8vaW1hZ2UucmFrdXRlbi5jby5qcC9oYXJyeS9jYWJpbmV0L3Npbi1mdC9sMjQtMDEtc2luLW1uMzkuanBnIiBib3JkZXI9IjAiIHdpZHRoPSI3MDAiIC8+PC9wPgo8cD48aW1nIHNyYz0iaHR0cHM6Ly9pbWFnZS5yYWt1dGVuLmNvLmpwL2hhcnJ5L2NhYmluZXQvc2luLWZ0L2wyNC0wMS1zaW4tbW4zOV8xLmpwZyIgYm9yZGVyPSIwIiB3aWR0aD0iNzAwIiAvPjwvcD4KCjxwIHN0eWxlPSJib3JkZXItbGVmdDogNXB4IHNvbGlkICM0ZTQ1M2E7IGJvcmRlci1ib3R0b206IDFweCBzb2xpZCAjNGU0NTNhOyBmb250LXNpemU6IDI0cHg7IHBhZGRpbmctbGVmdDogNXB4OyI+44OV44Ot44Ki44K/44Kk44Or44Gu6LK844KK5pa5PC9wPgoKPHAgc3R5bGU9ImNvbG9yOiMyMjIyMjI7IGZvbnQtc2l6ZTozMHB4OyBmb250LXdlaWdodDpib2xkOyBtYXJnaW46MHB4OyBwYWRkaW5nLWxlZnQ6MTBweDsgcGFkZGluZy10b3A6MTBweDsgcGFkZGluZy1ib3R0b206MjBweDsgZm9udC1mYW1pbHk6IEdlb3JnaWEsIFRpbWVzIE5ldyBSb21hbiwgVGltZXM7Ij5oYXJyeeOBp+Wls+aAp+OBruaWueOBq+Wcp+WAkueahOS6uuawl+OBruenmOWvhuKApjwvcD4KPHAgc3R5bGU9ImNvbG9yOiMzMzMzMzM7IGZvbnQtc2l6ZToxNnB4OyBtYXJnaW46MHB4OyBwYWRkaW5nLWxlZnQ6MTBweDsiPuOBneOCjOOBr+ODleODreOCouOCv+OCpOODq+OBjOOBiuaJi+i7veewoeWNmOOBoOOBi+OCie+8gTwvcD4KPGJyPgo8YnI+Cjx0YWJsZSB3aWR0aD0iNzAwIiBib3JkZXI9IjAiIGNlbGxzcGFjaW5nPSIwIiBjZWxscGFkZGluZz0iMCIgc3R5bGU9ImZvbnQtc2l6ZToxNHB4OyBjb2xvcjojMzMzMzMzIj4KICA8dHI+CiAgICA8dGQ+PGltZyBzcmM9Imh0dHBzOi8vaW1hZ2UucmFrdXRlbi5jby5qcC9oYXJyeS9jYWJpbmV0L2Zsb29yX3RpbGUvZmxvb3JfdGlsZV9ob3cwMS5qcGciIHdpZHRoPSIyMjUiIGhlaWdodD0iMjI1Ij48L3RkPgogICAgPHRkIHdpZHRoPSIxMiI+Jm5ic3A7PC90ZD4KICAgIDx0ZD48aW1nIHNyYz0iaHR0cHM6Ly9pbWFnZS5yYWt1dGVuLmNvLmpwL2hhcnJ5L2NhYmluZXQvZmxvb3JfdGlsZS9mbG9vcl90aWxlX2hvdzAyLmpwZyIgd2lkdGg9IjIyNSIgaGVpZ2h0PSIyMjUiPjwvdGQ+CiAgICA8dGQgd2lkdGg9IjEzIj4mbmJzcDs8L3RkPgogICAgPHRkPjxpbWcgc3JjPSJodHRwczovL2ltYWdlLnJha3V0ZW4uY28uanAvaGFycnkvY2FiaW5ldC9mbG9vcl90aWxlL2Zsb29yX3RpbGVfaG93MDMuanBnIiB3aWR0aD0iMjI1IiBoZWlnaHQ9IjIyNSI+PC90ZD4KICA8L3RyPjx0cj4KPHRkIGNvbHNwYW49IjUiIGhlaWdodD0iMTAiPiZuYnNwOzwvdGQ+CjwvdHI+CiAgPHRyPgogICAgPHRkIGFsaWduPSJsZWZ0IiB2YWxpZ249InRvcCI+44GK6YOo5bGL44Gu6ZqF44Gu44Kr44OD44OI6YOo5YiG44Gv44CB44GK5a6244Gr44GC44KL5a6a6KaP44Gn5Y2B5YiG77yBPGJyPuWumuimj+OCkuOBguOBpuOBpuOBk+OBruOCiOOBhuOBq+S9leW6puOBi+WIh+OCiuebruOCkuOBhOOCjOOBvuOBl+OCh+OBhu+8gTwvdGQ+CiAgICA8dGQgYWxpZ249ImxlZnQiIHZhbGlnbj0idG9wIj4mbmJzcDs8L3RkPgogICAgPHRkIGFsaWduPSJsZWZ0IiB2YWxpZ249InRvcCI+6Lu944GP5oqY44KK5puy44GS44KM44Gw44GT44Gu44Go44GK44KK44CCPC90ZD4KICAgIDx0ZCBhbGlnbj0ibGVmdCIgdmFsaWduPSJ0b3AiPiZuYnNwOzwvdGQ+CiAgICA8dGQgYWxpZ249ImxlZnQiIHZhbGlnbj0idG9wIj7mipjjgormm7LjgZLjgZ/pg6jliIbjgpLjgZPjga7jgojjgYbjgavjgqvjg4Pjgr/jg7zjgafjgIHjgrfjg6Xjg4Pjgajou73jgY/liIPjgpLjgYTjgozjgozjgbDvvIE8L3RkPgogIDwvdHI+CiAgPHRyPgogICAgPHRkIGhlaWdodD0iMTUiIGNvbHNwYW49IjUiPiZuYnNwOzwvdGQ+CiAgPC90cj4KICA8dHI+CiAgICA8dGQ+PGltZyBzcmM9Imh0dHBzOi8vaW1hZ2UucmFrdXRlbi5jby5qcC9oYXJyeS9jYWJpbmV0L2Zsb29yX3RpbGUvZmxvb3JfdGlsZV9ob3cwNC5qcGciIHdpZHRoPSIyMjUiIGhlaWdodD0iMjI1Ij48L3RkPgogICAgPHRkIHdpZHRoPSIxMiI+Jm5ic3A7PC90ZD4KICAgIDx0ZD48aW1nIHNyYz0iaHR0cHM6Ly9pbWFnZS5yYWt1dGVuLmNvLmpwL2hhcnJ5L2NhYmluZXQvZmxvb3JfdGlsZS9mbG9vcl90aWxlX2hvdzA1LmpwZyIgd2lkdGg9IjIyNSIgaGVpZ2h0PSIyMjUiPjwvdGQ+CiAgICA8dGQgd2lkdGg9IjEzIj4mbmJzcDs8L3RkPgogICAgPHRkPjxpbWcgc3JjPSJodHRwczovL2ltYWdlLnJha3V0ZW4uY28uanAvaGFycnkvY2FiaW5ldC9mbG9vcl90aWxlL2Zsb29yX3RpbGVfaG93MDYuanBnIiB3aWR0aD0iMjI1IiBoZWlnaHQ9IjIyNSI+PC90ZD4KICA8L3RyPjx0cj4KPHRkIGNvbHNwYW49IjUiIGhlaWdodD0iMTAiPiZuYnNwOzwvdGQ+CjwvdHI+CiAgPHRyPgogICAgPHRkIGFsaWduPSJsZWZ0IiB2YWxpZ249InRvcCI+44Gv44GE77yBPGJyPuOCq+ODg+ODiOWujOS6huOBp+OBmeOAgjwvdGQ+CiAgICA8dGQ+Jm5ic3A7PC90ZD4KICAgIDx0ZCBhbGlnbj0ibGVmdCIgdmFsaWduPSJ0b3AiPuOBr+OBleOBv+OBp+OCguOAgeOCguOBoeOCjeOCk++8r++8q++8gTxicj7lh7rmnaXjgozjgbDlpKfjgY3jgYTjga/jgZXjgb/jgafjga3jg7vjg7vjg7s8L3RkPgogICAgPHRkPiZuYnNwOzwvdGQ+CiAgICA8dGQgYWxpZ249ImxlZnQiIHZhbGlnbj0idG9wIj7lv4XopoHjgarloLTmiYDjgavjgII8L3RkPgogIDwvdHI+CjwvdGFibGU+PGJyPjxicj4KCjxwIHN0eWxlPSJib3JkZXItbGVmdDogNXB4IHNvbGlkICM0ZTQ1M2E7IGJvcmRlci1ib3R0b206IDFweCBzb2xpZCAjNGU0NTNhOyBmb250LXNpemU6IDI0cHg7IHBhZGRpbmctbGVmdDogNXB4OyI+44OV44Ot44Ki44K/44Kk44Or5bCC55So44Gu44KK44Gu44GU57S55LuLPC9wPgoKPGJyIC8+Cgo8cCBzdHlsZT0idGV4dC1hbGlnbjogY2VudGVyOyI+PGEgaHJlZj0iaHR0cHM6Ly9pdGVtLnJha3V0ZW4uY28uanAvaGFycnkvYy8wMDAwMDAwNDQyLyIgdGFyZ2V0PSJfYmxhbmsiPjxpbWcgc3JjPSJodHRwczovL2ltYWdlLnJha3V0ZW4uY28uanAvaGFycnkvY2FiaW5ldC8wMjM4MDQ3OC9mbG9vcnRpbGUta2FucmVuLWJhbi5qcGciIGJvcmRlcj0iMCIgYWx0PSLpgZPlhbfpoZ4iPjwvYT48L3A+PGJyIC8+CgoKPHA+PGEgaHJlZj0iaHR0cHM6Ly9pdGVtLnJha3V0ZW4uY28uanAvaGFycnkvYy8wMDAwMDAxMzg4LyIgdGFyZ2V0PSJfYmxhbmsiPjxpbWcgc3JjPSJodHRwczovL2ltYWdlLnJha3V0ZW4uY28uanAvaGFycnkvY2FiaW5ldC8wMjM4MDQ3OC9mbG9vcnRpbGUtc2FtcGxlLWJhbi5qcGciIGJvcmRlcj0iMCIgYWx0PSLnlLvlg48iPjwvYT48L3A+PGJyPjxicj4KCjxwIHN0eWxlPSJib3JkZXItbGVmdDogNXB4IHNvbGlkICM0ZTQ1M2E7IGJvcmRlci1ib3R0b206IDFweCBzb2xpZCAjNGU0NTNhOyBmb250LXNpemU6IDI0cHg7IHBhZGRpbmctbGVmdDogNXB4OyI+44OV44Ot44Ki44K/44Kk44Or5LiA6KanPC9wPgoKPHA+PGEgaHJlZj0iaHR0cHM6Ly9pdGVtLnJha3V0ZW4uY28uanAvaGFycnkvYy8wMDAwMDAwMjUyLyIgdGFyZ2V0PSJfYmxhbmsiPjxpbWcgc3JjPSJodHRwczovL2ltYWdlLnJha3V0ZW4uY28uanAvaGFycnkvY2FiaW5ldC8wMzUyNTg4Mi9mdC10by10b3AuanBnIiBib3JkZXI9IjAiIGFsdD0i55S75YOPIj48L2E+PC9wPjxicj48YnI+Cgo8L2Rpdj48ZGl2IHN0eWxlPSJ3aWR0aDo0NDBweDsgYm9yZGVyOjBweDsgdGV4dC1hbGlnbjpjZW50ZXI7Ij4KCjxpbWcgc3JjPSJodHRwczovL2ltYWdlLnJha3V0ZW4uY28uanAvaGFycnkvY2FiaW5ldC9zbWFydF9waG9uZS9mdGR1Z3UuanBnIiB3aWR0aD0iNDQwIiBib3JkZXI9IjAiIHN0eWxlPSJtYXJnaW4tYm90dG9tOjVweDsiPgoKCjxpbWcgc3JjPSJodHRwczovL2ltYWdlLnJha3V0ZW4uY28uanAvaGFycnkvY2FiaW5ldC9zbWFydF9waG9uZS9mdHplbmdhcmEuanBnIiB3aWR0aD0iNDQwIiBib3JkZXI9IjAiIHN0eWxlPSJtYXJnaW4tYm90dG9tOjVweDsiPgoKCjxpbWcgc3JjPSJodHRwczovL2ltYWdlLnJha3V0ZW4uY28uanAvaGFycnkvY2FiaW5ldC9zbWFydF9waG9uZS9kZWNvdGFpcnUuanBnIiB3aWR0aD0iNDQwIiBib3JkZXI9IjAiIHN0eWxlPSJtYXJnaW4tYm90dG9tOjVweDsiPgoKPC9kaXY+PHA+PGltZyBzcmM9Imh0dHBzOi8vaW1hZ2UucmFrdXRlbi5jby5qcC9oYXJyeS9jYWJpbmV0L3NvdXJ5b3UtNDQwbi5qcGciIGJvcmRlcj0iMCI+PC9wPjxpbWcgc3JjPSJodHRwczovL2ltYWdlLnJha3V0ZW4uY28uanAvaGFycnkvY2FiaW5ldC9ndWlkZS9ucF80NDAuanBnIiBib3JkZXI9IjAiIHN0eWxlPSJtYXJnaW46MTBweCAwcHg7Ij48cCBzdHlsZT0iY29sb3I6ICNmZmY7IGJhY2tncm91bmQtY29sb3I6ICNmNjk7IGZvbnQtc2l6ZTogMjRweDsgcGFkZGluZzogMTBweDsgd2lkdGg6IDM4MHB4OyI+4oC744GT44Gh44KJ44Gu5ZWG5ZOB44GvMeaemuWNmOS9jeOBi+OCieOBlOizvOWFpeOBp+OBjeOBvuOBmeOAgjwvcD4KPHRhYmxlIHdpZHRoPSI0NDAiIGJvcmRlcj0iMCIgY2VsbHNwYWNpbmc9IjEiIGNlbGxwYWRkaW5nPSIzIiBiZ2NvbG9yPSIjNjY2NjY2IiBzdHlsZT0iZm9udC1mYW1pbHk6J+ODkuODqeOCruODjuinkuOCtCBQcm8gVzMnLCAnSGlyYWdpbm8gS2FrdSBHb3RoaWMgUHJvJywgJ+ODoeOCpOODquOCqicsIE1laXJ5bywgT3Nha2EsICfvvK3vvLMg77yw44K044K344OD44KvJywgJ01TIFBHb3RoaWMnLCBzYW5zLXNlcmlmOyBmb250LXNpemU6MTJweDsiPiA8dHI+ICAgIDx0ZCBiZ2NvbG9yPSIjQ0NDQ0NDIiBhbGlnbj0iY2VudGVyIj7llYblk4HlkI08L3RkPiAgICA8dGQgYmdjb2xvcj0iI0ZGRkZGRiI+44K344Oz44Kz44O844OrKHNpbmNvbCkgRkxPT1IgVElMRTxicj7jg6Ljgqvjgrnjg4jjg7zjg6A8L3RkPiAgPC90cj4gPHRkIGJnY29sb3I9IiNDQ0NDQ0MiIGFsaWduPSJjZW50ZXIiPuWVhuWTgeiqrOaYjjwvdGQ+ICAgIDx0ZCBiZ2NvbG9yPSIjRkZGRkZGIj7lupfoiJfjgYvjgonkvY/lroXjgb7jgafjgIHlpJrlvanjgarjg4vjg7zjgrrjgavlv5zjgYjjgovopIflsaTjg5Pjg4vjg6vluorjgr/jgqTjg6vjgIzjg57jg4Pjg4jjg43jg6njgI3osrzjgormm7/jgYjjgYznsKHljZjjgavlh7rmnaXjgaYK6LOD6LK45L2P5a6F44Gu54++54q25Zue5b6p562J44Gr5L6/5Yip44Gn44GZ44CCPGJyPjxicj4K44OV44Ot44Ki44K/44Kk44Or5bCC6ZaA5bqX44Gn5b+F6KaB44Gq5ZWG5ZOB5o+D44GI44Kk44Oz44OG44Oq44Ki44K344On44OD44OX44OP44Oq44O844Gn44Gv44CB44K144Oz44Ky44OE44O75p2x44Oq44O744K344Oz44Kz44O844Or44O744Oq44Oq44Kr44Op5LuW44KS44GU55So5oSP44GX44Gm44GK44KK44G+44GZ77yBIDxicj7jg5Xjg63jgqLjgr/jgqTjg6vjga7mn4TjgoLosYrlr4zvvIHkurrmsJfjga7jg5Xjg63jg7zjg6rjg7PjgrDoqr/jga7jg6rjgqLjg6vjgaog5pyo55uuKOOCpuODg+ODiSnmn4Tjga8g54Sh5Z6i5p2Q6aKo44KEIOOBiuOBl+OCg+OCjOOBqiDjg7TjgqPjg7Pjg4bjg7zjgrgg44K544Kv44Op44OD44OX44Km44OD44OJ6aKo44CB44Oq44Ki44Or44Gr6KGo54++5aSn55CG55+zKOOCueODiOODvOODsynjgIFw44K/44Kk44Or44Gu5qeY44GqIOODl+ODrOODvOODs+afhCDjg4bjg6njgrPjg4Pjgr/mn4Qg562J44Kv44OD44K344On44Oz44OV44Ot44Ki44KI44KK44KC6ICQ5LmF5oCn44Gr5YSq44KM44Gm44GE44KL44Gu44Gn5bqX6IiX55So44Gn44KC44GK44GZ44GZ44KB44Gn44GZ77yB5o6y6LyJ44GV44KM44Gm44GE44Gq44GE44OV44Ot44Ki44K/44Kk44Or44KC44GU6YGg5oWu44Gq44GP44GK5ZWP44GE5ZCI44KP44Gb5LiL44GV44GE44CC5o6l552A5Ymk5LiN6KaB44GuIOiyvOOCi+OBoOOBkSDnva7jgY/jgaDjgZHjgr/jgqTjg5fjga7jg4/jg6rjg7zjgqTjg7zjgrjjg7zjg4fjgrPjgr/jgqTjg6vjgoLjgZTmpJzoqI7jgY/jgaDjgZXjgYTjgII8YnI+PGJyPgo8c3BhbiBzdHlsZT0iY29sb3I6I2ZmMDAwMDsgZm9udC1zaXplOjEycHgiPuKAu+OBiuS9v+OBhOOBruODkeOCveOCs+ODs+eSsOWig+OBq+OCiOOBo+OBpuOBr+OAgSA8YnI+44CA5ZWG5ZOB44Gu6Imy44GM6KaL5pys44Go5aSa5bCR55Ww44Gq44KL5aC05ZCI44GM44GC44KK44G+44GZ44CCIDxicj48L3NwYW4+PGJyPnN0b25lIOOCsOODrOODvCDjg5Tjg7Pjgq8g44ON44Kk44OT44O8IOiyvOOCi+OBoOOBkSDjgr/jgqTjg6sg44OV44Ot44Ki44O8IOOCt+ODvOODiCDjg5Hjg43jg6sg5YK3IOaxmuOCjCDpmLLmraIg44OV44Ot44O844Oq44Oz44KwIOOCq+ODvOODmuODg+ODiCDoo5zkv64g5L+u55CGIOS/neittyDlvLfljJYg5pa95belIOOCquODleOCo+OCuSDjg6rjg5Pjg7PjgrAg44Oe44Oz44K344On44OzIOizg+iyuCDjgrXjg63jg7Mg44Oi44Or44K/44OrICDjgrPjg7Pjg5Hjg40g5LqM6YeN5bqVPC90ZD4gIDwvdHI+IDx0ZCBiZ2NvbG9yPSIjQ0NDQ0NDIiBhbGlnbj0iY2VudGVyIj7mjrLovInlk4Hnlao8L3RkPiAgICA8dGQgYmdjb2xvcj0iI0ZGRkZGRiI+TVMtOTcyNQpNUy05NzI2Ck1TLTk3MjcKTVMtOTcyOApNUy05NzI5Ck1TLTk3MzAKTVMtOTczMTwvdGQ+ICA8L3RyPiA8dGQgYmdjb2xvcj0iI0NDQ0NDQyIgYWxpZ249ImNlbnRlciI+6ImyPC90ZD4gICAgPHRkIGJnY29sb3I9IiNGRkZGRkYiPuefs+ebruafhDwvdGQ+PC90cj4gPHRyPiAgICA8dGQgYmdjb2xvcj0iI0NDQ0NDQyIgYWxpZ249ImNlbnRlciI+44K144Kk44K6PC90ZD4gICAgPHRkIGJnY29sb3I9IiNGRkZGRkYiPuOCteOCpOOCuu+8mjQ1Ny4ybW14NDU3LjJtbTxicj7ljprjgb/vvJoyLjVtbTxicj7jg4jjg4Pjg5flsaTvvJrjgq/jg6rjgqLjg7wwLjNtPC90ZD4gIDwvdHI+IDx0cj4gICAgPHRkIGJnY29sb3I9IiNDQ0NDQ0MiIGFsaWduPSJjZW50ZXIiPuapn+iDvTwvdGQ+ICAgIDx0ZCBiZ2NvbG9yPSIjRkZGRkZGIj48cD7pnaLlj5bnhKHjgZcK44Kr44Op44O844OQ44OD44Kr44O8PC90cj4gIDx0cj4gICAgPHRkIGJnY29sb3I9IiNDQ0NDQ0MiIHdpZHRoPSIxMDAiIGFsaWduPSJjZW50ZXIiPumAgSDmlpk8L3RkPiAgICA8dGQgYmdjb2xvcj0iI0ZGRkZGRiI+44CQ6YCBIOaWmeOAkeilv+a/g+mBi+i8uCDku5bvvJo3MDDlhobvvIjnqI7liKXvvIk8YnI+4oC75YyX5rW36YGT44O75rKW57iE44G744GL5LiA6YOo44Gu5Zyw5Z+f44Gv6Zmk44GN44G+44GZ44CCPGJyPjxiPumAgeaWmeOBruips+e0sOOBq+OBpOOBhOOBpuOBr+OBk+OBoeOCieOBuO+8nu+8njwvYj48L3RkPiAgIDwvdHI+ICA8dHI+ICAgIDx0ZCBiZ2NvbG9yPSIjQ0NDQ0NDIiBhbGlnbj0iY2VudGVyIj7ntI0g5pyfPC90ZD4gICAgPHRkIGJnY29sb3I9IiNGRkZGRkYiPuOBlOazqOaWh+eiuuWumuW+jOOAgee0hDPvvZ415Za25qWt5pelPC90ZD4gIDwvdHI+PC90YWJsZT48c3R5bGUgdHlwZT0idGV4dC9jc3MiPgo8IS0tCgpkaXYjSGVhZGVyS2V5d29yZCB7Cglwb3NpdGlvbjphYnNvbHV0ZTsKCXRvcDo1MHB4Oy8q5LiA55Wq5LiK44GL44KJ44Gu5L2N572uKi8KCWxlZnQ6OHB4Oy8q5bem56uv44GL44KJ44Gu5L2N572uKi8KCXdpZHRoOjEyMDBweDsKfQoKZGl2I0hlYWRlcktleXdvcmQgc3BhbiB7CgliYWNrZ3JvdW5kOiAjYmYwMDAwOwoJY29sb3I6I2ZmZjsKCWZvbnQtd2VpZ2h0OmJvbGQ7Cglmb250LXNpemU6MTJweDsKCWZvbnQtZmFtaWx5OiLjg6HjgqTjg6rjgqoiOwoJcGFkZGluZzoycHggNXB4Owp9CgpkaXYjSGVhZGVyS2V5d29yZCBhIHsKCWNvbG9yOiMwMDQ0Q0M7Cglmb250LXNpemU6MTJweDsKCWZvbnQtZmFtaWx5OiLjg6HjgqTjg6rjgqoiOwp9CgotLT4KPC9zdHlsZT4KCjxkaXYgaWQ9IkhlYWRlcktleXdvcmQiPgo8c3Bhbj7ms6jnm67jga7jgq3jg7zjg6/jg7zjg4k8L3NwYW4+CuOCquODvOODgOODvOOCq+ODvOODhuODswogLyAK44OG44Op44Kz44OD44K/5p+E5bqK44K344O844OICiAvIArmtJfjgYjjgovjgr/jgqTjg6vjgqvjg7zjg5rjg4Pjg4gKIC8gCuaZguioiOS7mOOBjeOCpuOCqeODvOODq+OCueODhuODg+OCq+ODvAo8L2Rpdj4=,44OV44Ot44Ki44K/44Kk44OrIOOCt+ODs+OCs+ODvOODqyDjg57jg4Pjg4jjg43jg6kg5bqKIOW6iuadkCDjg5Xjg63jg7zjg6rjg7PjgrAg44OT44OL44OrIFDjgr/jgqTjg6sg44OV44Ot44KiIGRpeSDjg6rjg5Xjgqnjg7zjg6Ag5Zyf6Laz5a++5b+cIOOCpOODs+ODhuODquOCoiDlupfoiJcg5L2P5a6FIOOCueODiOODvOODsyDjg6Ljgqvjgrnjg4jjg7zjg6Ag55+zIOefs+ebruiqvyDlpKfnkIbnn7Mg55+z5p2QIDAzUO+8muOCpOODs+ODhuODquOCouOCt+ODp+ODg+ODlyDjgJDjg4/jg6rjg7zjgJE=,44Km44Kp44O844Or44K544OG44OD44Kr44O844K/44Kk44Or44Kr44O844Oa44OD44OI44Kv44OD44K344On44Oz44OV44Ot44Ki44Ks44Op44K544OV44Kj44Or44Og44OV44Ot44Ki44K/44Kk44Or44Kr44OD44OG44Kj44Oz44Kw44K344O844OI44K544OG44OD44Kr44O844Km44Kq44O844Or44K544OG44OD44Kr44O844K344O844Or44Kr44O844Oa44OD44OIZGl56Lui5YaZ44Km44Kp44O844Or44K544OG44OD44Kr44O8T0Hjg5Xjg63jgqLlo4HntJnjg6njgrDjgq/jg4Pjgrfjg6fjg7Pjg5Xjg63jgqLjg7zlo4HntJnjgrfjg7zjg6vjg4/jg6rjg7zjgrnjg4bjg4Pjgqvjg7zjg5Xjg63jgqLjg7zjgr/jgqTjg6vjgqTjg7Pjg4bjg6rjgqLjgqbjgqnjg7zjg6vjgrnjg4bjg4Pjgqvjg7zjg5Xjg63jgqLjgr/jgqTjg6sg44K344Oz44Kz44O844OrIOODnuODg+ODiOODjeODqSDluoog5bqK5p2QIOODleODreODvOODquODs+OCsCDjg5Pjg4vjg6sgUOOCv+OCpOODqyDjg5Xjg63jgqIgZGl5IOODquODleOCqeODvOODoCDlnJ/otrPlr77lv5wg44Kk44Oz44OG44Oq44KiIOW6l+iIlyDkvY/lroUg44K544OI44O844OzIOODouOCq+OCueODiOODvOODoCDnn7Mg55+z55uu6Kq/IOWkp+eQhuefsyDnn7PmnZAgMDNQ,c2luY29sIG1hdHRvbmVsbGEg44OV44Ot44Ki44O844K/44Kk44OrIDHmnprljZjkvY0g54i244Gu5pel44CC44OV44Ot44Ki44K/44Kk44OrIOOCt+ODs+OCs+ODvOODqyDjg57jg4Pjg4jjg43jg6kg5bqKIOW6iuadkCDjg5Xjg63jg7zjg6rjg7PjgrAg44OT44OL44OrIFDjgr/jgqTjg6sg44OV44Ot44KiIGRpeSDjg6rjg5Xjgqnjg7zjg6Ag5Zyf6Laz5a++5b+cIOOCpOODs+ODhuODquOCoiDlupfoiJcg5L2P5a6FIOOCueODiOODvOODsyDjg6Ljgqvjgrnjg4jjg7zjg6Ag55+zIOefs+ebruiqvyDlpKfnkIbnn7Mg55+z5p2QIDAzUA==[rn]
31-2615,aHR0cDovL3RzaG9wLnIxMHMuanAvaGFycnkvY2FiaW5ldC9zaW4tZnQvbDI0LTAxLXNpbi1tbjQ0LmpwZz9maXRpbj03MDA6NzAw,MzExLjIwMDA=,,6Iqx44O744Ks44O844OH44Oz44O7RElZID4g5L2P5a6F5bu65p2Q44O76Kit5YKZID4g5bqK5p2QID4g44Gd44Gu5LuW,44OV44Ot44Ki44K/44Kk44OrIOOCt+ODs+OCs+ODvOODqyDjg57jg4Pjg4jjg43jg6kg5bqKIOW6iuadkCDjg5Xjg63jg7zjg6rjg7PjgrAg44OT44OL44OrIFDjgr/jgqTjg6sg44OV44Ot44KiIGRpeSDjg6rjg5Xjgqnjg7zjg6Ag5Zyf6Laz5a++5b+cIOOCpOODs+ODhuODquOCoiDlupfoiJcg5L2P5a6FIOOCueODiOODvOODsyDjgrvjg6vjg5njgrjjg6Pjg7Pjg4Yg55+zIOefs+ebruiqvyDlpKfnkIbnn7Mg55+z5p2QIDAzUA==,c2luY29sIG1hdHRvbmVsbGEg44OV44Ot44Ki44O844K/44Kk44OrIDHmnprljZjkvY0g54i244Gu5pel,PGRpdiBzdHlsZT0id2lkdGg6IDcwMHB4OyBsaW5lLWhlaWdodDogMS41OyBjb2xvcjogIzJmMmIyNyI+CjxwIHN0eWxlPSJjb2xvcjogI2ZmZjsgYmFja2dyb3VuZC1jb2xvcjogI2Y2OTsgZm9udC1zaXplOiAyNHB4OyBwYWRkaW5nOiAxMHB4OyI+4oC744GT44Gh44KJ44Gu5ZWG5ZOB44GvMeaemuWNmOS9jeOBi+OCieOBlOizvOWFpeOBp+OBjeOBvuOBmeOAgjwvcD4KPHA+PGltZyBzcmM9Imh0dHBzOi8vaW1hZ2UucmFrdXRlbi5jby5qcC9oYXJyeS9jYWJpbmV0L3Npbi1mdC9sMjQtMDEtc2luLW1uNDQuanBnIiBib3JkZXI9IjAiIHdpZHRoPSI3MDAiIC8+PC9wPgo8cD48aW1nIHNyYz0iaHR0cHM6Ly9pbWFnZS5yYWt1dGVuLmNvLmpwL2hhcnJ5L2NhYmluZXQvc2luLWZ0L2wyNC0wMS1zaW4tbW40NF8xLmpwZyIgYm9yZGVyPSIwIiB3aWR0aD0iNzAwIiAvPjwvcD4KCjxwIHN0eWxlPSJib3JkZXItbGVmdDogNXB4IHNvbGlkICM0ZTQ1M2E7IGJvcmRlci1ib3R0b206IDFweCBzb2xpZCAjNGU0NTNhOyBmb250LXNpemU6IDI0cHg7IHBhZGRpbmctbGVmdDogNXB4OyI+44OV44Ot44Ki44K/44Kk44Or44Gu6LK844KK5pa5PC9wPgoKPHAgc3R5bGU9ImNvbG9yOiMyMjIyMjI7IGZvbnQtc2l6ZTozMHB4OyBmb250LXdlaWdodDpib2xkOyBtYXJnaW46MHB4OyBwYWRkaW5nLWxlZnQ6MTBweDsgcGFkZGluZy10b3A6MTBweDsgcGFkZGluZy1ib3R0b206MjBweDsgZm9udC1mYW1pbHk6IEdlb3JnaWEsIFRpbWVzIE5ldyBSb21hbiwgVGltZXM7Ij5oYXJyeeOBp+Wls+aAp+OBruaWueOBq+Wcp+WAkueahOS6uuawl+OBruenmOWvhuKApjwvcD4KPHAgc3R5bGU9ImNvbG9yOiMzMzMzMzM7IGZvbnQtc2l6ZToxNnB4OyBtYXJnaW46MHB4OyBwYWRkaW5nLWxlZnQ6MTBweDsiPuOBneOCjOOBr+ODleODreOCouOCv+OCpOODq+OBjOOBiuaJi+i7veewoeWNmOOBoOOBi+OCie+8gTwvcD4KPGJyPgo8YnI+Cjx0YWJsZSB3aWR0aD0iNzAwIiBib3JkZXI9IjAiIGNlbGxzcGFjaW5nPSIwIiBjZWxscGFkZGluZz0iMCIgc3R5bGU9ImZvbnQtc2l6ZToxNHB4OyBjb2xvcjojMzMzMzMzIj4KICA8dHI+CiAgICA8dGQ+PGltZyBzcmM9Imh0dHBzOi8vaW1hZ2UucmFrdXRlbi5jby5qcC9oYXJyeS9jYWJpbmV0L2Zsb29yX3RpbGUvZmxvb3JfdGlsZV9ob3cwMS5qcGciIHdpZHRoPSIyMjUiIGhlaWdodD0iMjI1Ij48L3RkPgogICAgPHRkIHdpZHRoPSIxMiI+Jm5ic3A7PC90ZD4KICAgIDx0ZD48aW1nIHNyYz0iaHR0cHM6Ly9pbWFnZS5yYWt1dGVuLmNvLmpwL2hhcnJ5L2NhYmluZXQvZmxvb3JfdGlsZS9mbG9vcl90aWxlX2hvdzAyLmpwZyIgd2lkdGg9IjIyNSIgaGVpZ2h0PSIyMjUiPjwvdGQ+CiAgICA8dGQgd2lkdGg9IjEzIj4mbmJzcDs8L3RkPgogICAgPHRkPjxpbWcgc3JjPSJodHRwczovL2ltYWdlLnJha3V0ZW4uY28uanAvaGFycnkvY2FiaW5ldC9mbG9vcl90aWxlL2Zsb29yX3RpbGVfaG93MDMuanBnIiB3aWR0aD0iMjI1IiBoZWlnaHQ9IjIyNSI+PC90ZD4KICA8L3RyPjx0cj4KPHRkIGNvbHNwYW49IjUiIGhlaWdodD0iMTAiPiZuYnNwOzwvdGQ+CjwvdHI+CiAgPHRyPgogICAgPHRkIGFsaWduPSJsZWZ0IiB2YWxpZ249InRvcCI+44GK6YOo5bGL44Gu6ZqF44Gu44Kr44OD44OI6YOo5YiG44Gv44CB44GK5a6244Gr44GC44KL5a6a6KaP44Gn5Y2B5YiG77yBPGJyPuWumuimj+OCkuOBguOBpuOBpuOBk+OBruOCiOOBhuOBq+S9leW6puOBi+WIh+OCiuebruOCkuOBhOOCjOOBvuOBl+OCh+OBhu+8gTwvdGQ+CiAgICA8dGQgYWxpZ249ImxlZnQiIHZhbGlnbj0idG9wIj4mbmJzcDs8L3RkPgogICAgPHRkIGFsaWduPSJsZWZ0IiB2YWxpZ249InRvcCI+6Lu944GP5oqY44KK5puy44GS44KM44Gw44GT44Gu44Go44GK44KK44CCPC90ZD4KICAgIDx0ZCBhbGlnbj0ibGVmdCIgdmFsaWduPSJ0b3AiPiZuYnNwOzwvdGQ+CiAgICA8dGQgYWxpZ249ImxlZnQiIHZhbGlnbj0idG9wIj7mipjjgormm7LjgZLjgZ/pg6jliIbjgpLjgZPjga7jgojjgYbjgavjgqvjg4Pjgr/jg7zjgafjgIHjgrfjg6Xjg4Pjgajou73jgY/liIPjgpLjgYTjgozjgozjgbDvvIE8L3RkPgogIDwvdHI+CiAgPHRyPgogICAgPHRkIGhlaWdodD0iMTUiIGNvbHNwYW49IjUiPiZuYnNwOzwvdGQ+CiAgPC90cj4KICA8dHI+CiAgICA8dGQ+PGltZyBzcmM9Imh0dHBzOi8vaW1hZ2UucmFrdXRlbi5jby5qcC9oYXJyeS9jYWJpbmV0L2Zsb29yX3RpbGUvZmxvb3JfdGlsZV9ob3cwNC5qcGciIHdpZHRoPSIyMjUiIGhlaWdodD0iMjI1Ij48L3RkPgogICAgPHRkIHdpZHRoPSIxMiI+Jm5ic3A7PC90ZD4KICAgIDx0ZD48aW1nIHNyYz0iaHR0cHM6Ly9pbWFnZS5yYWt1dGVuLmNvLmpwL2hhcnJ5L2NhYmluZXQvZmxvb3JfdGlsZS9mbG9vcl90aWxlX2hvdzA1LmpwZyIgd2lkdGg9IjIyNSIgaGVpZ2h0PSIyMjUiPjwvdGQ+CiAgICA8dGQgd2lkdGg9IjEzIj4mbmJzcDs8L3RkPgogICAgPHRkPjxpbWcgc3JjPSJodHRwczovL2ltYWdlLnJha3V0ZW4uY28uanAvaGFycnkvY2FiaW5ldC9mbG9vcl90aWxlL2Zsb29yX3RpbGVfaG93MDYuanBnIiB3aWR0aD0iMjI1IiBoZWlnaHQ9IjIyNSI+PC90ZD4KICA8L3RyPjx0cj4KPHRkIGNvbHNwYW49IjUiIGhlaWdodD0iMTAiPiZuYnNwOzwvdGQ+CjwvdHI+CiAgPHRyPgogICAgPHRkIGFsaWduPSJsZWZ0IiB2YWxpZ249InRvcCI+44Gv44GE77yBPGJyPuOCq+ODg+ODiOWujOS6huOBp+OBmeOAgjwvdGQ+CiAgICA8dGQ+Jm5ic3A7PC90ZD4KICAgIDx0ZCBhbGlnbj0ibGVmdCIgdmFsaWduPSJ0b3AiPuOBr+OBleOBv+OBp+OCguOAgeOCguOBoeOCjeOCk++8r++8q++8gTxicj7lh7rmnaXjgozjgbDlpKfjgY3jgYTjga/jgZXjgb/jgafjga3jg7vjg7vjg7s8L3RkPgogICAgPHRkPiZuYnNwOzwvdGQ+CiAgICA8dGQgYWxpZ249ImxlZnQiIHZhbGlnbj0idG9wIj7lv4XopoHjgarloLTmiYDjgavjgII8L3RkPgogIDwvdHI+CjwvdGFibGU+PGJyPjxicj4KCjxwIHN0eWxlPSJib3JkZXItbGVmdDogNXB4IHNvbGlkICM0ZTQ1M2E7IGJvcmRlci1ib3R0b206IDFweCBzb2xpZCAjNGU0NTNhOyBmb250LXNpemU6IDI0cHg7IHBhZGRpbmctbGVmdDogNXB4OyI+44OV44Ot44Ki44K/44Kk44Or5bCC55So44Gu44KK44Gu44GU57S55LuLPC9wPgoKPGJyIC8+Cgo8cCBzdHlsZT0idGV4dC1hbGlnbjogY2VudGVyOyI+PGEgaHJlZj0iaHR0cHM6Ly9pdGVtLnJha3V0ZW4uY28uanAvaGFycnkvYy8wMDAwMDAwNDQyLyIgdGFyZ2V0PSJfYmxhbmsiPjxpbWcgc3JjPSJodHRwczovL2ltYWdlLnJha3V0ZW4uY28uanAvaGFycnkvY2FiaW5ldC8wMjM4MDQ3OC9mbG9vcnRpbGUta2FucmVuLWJhbi5qcGciIGJvcmRlcj0iMCIgYWx0PSLpgZPlhbfpoZ4iPjwvYT48L3A+PGJyIC8+CgoKPHA+PGEgaHJlZj0iaHR0cHM6Ly9pdGVtLnJha3V0ZW4uY28uanAvaGFycnkvYy8wMDAwMDAxMzg4LyIgdGFyZ2V0PSJfYmxhbmsiPjxpbWcgc3JjPSJodHRwczovL2ltYWdlLnJha3V0ZW4uY28uanAvaGFycnkvY2FiaW5ldC8wMjM4MDQ3OC9mbG9vcnRpbGUtc2FtcGxlLWJhbi5qcGciIGJvcmRlcj0iMCIgYWx0PSLnlLvlg48iPjwvYT48L3A+PGJyPjxicj4KCjxwIHN0eWxlPSJib3JkZXItbGVmdDogNXB4IHNvbGlkICM0ZTQ1M2E7IGJvcmRlci1ib3R0b206IDFweCBzb2xpZCAjNGU0NTNhOyBmb250LXNpemU6IDI0cHg7IHBhZGRpbmctbGVmdDogNXB4OyI+44OV44Ot44Ki44K/44Kk44Or5LiA6KanPC9wPgoKPHA+PGEgaHJlZj0iaHR0cHM6Ly9pdGVtLnJha3V0ZW4uY28uanAvaGFycnkvYy8wMDAwMDAwMjUyLyIgdGFyZ2V0PSJfYmxhbmsiPjxpbWcgc3JjPSJodHRwczovL2ltYWdlLnJha3V0ZW4uY28uanAvaGFycnkvY2FiaW5ldC8wMzUyNTg4Mi9mdC10by10b3AuanBnIiBib3JkZXI9IjAiIGFsdD0i55S75YOPIj48L2E+PC9wPjxicj48YnI+Cgo8L2Rpdj48ZGl2IHN0eWxlPSJ3aWR0aDo0NDBweDsgYm9yZGVyOjBweDsgdGV4dC1hbGlnbjpjZW50ZXI7Ij4KCjxpbWcgc3JjPSJodHRwczovL2ltYWdlLnJha3V0ZW4uY28uanAvaGFycnkvY2FiaW5ldC9zbWFydF9waG9uZS9mdGR1Z3UuanBnIiB3aWR0aD0iNDQwIiBib3JkZXI9IjAiIHN0eWxlPSJtYXJnaW4tYm90dG9tOjVweDsiPgoKCjxpbWcgc3JjPSJodHRwczovL2ltYWdlLnJha3V0ZW4uY28uanAvaGFycnkvY2FiaW5ldC9zbWFydF9waG9uZS9mdHplbmdhcmEuanBnIiB3aWR0aD0iNDQwIiBib3JkZXI9IjAiIHN0eWxlPSJtYXJnaW4tYm90dG9tOjVweDsiPgoKCjxpbWcgc3JjPSJodHRwczovL2ltYWdlLnJha3V0ZW4uY28uanAvaGFycnkvY2FiaW5ldC9zbWFydF9waG9uZS9kZWNvdGFpcnUuanBnIiB3aWR0aD0iNDQwIiBib3JkZXI9IjAiIHN0eWxlPSJtYXJnaW4tYm90dG9tOjVweDsiPgoKPC9kaXY+PHA+PGltZyBzcmM9Imh0dHBzOi8vaW1hZ2UucmFrdXRlbi5jby5qcC9oYXJyeS9jYWJpbmV0L3NvdXJ5b3UtNDQwbi5qcGciIGJvcmRlcj0iMCI+PC9wPjxpbWcgc3JjPSJodHRwczovL2ltYWdlLnJha3V0ZW4uY28uanAvaGFycnkvY2FiaW5ldC9ndWlkZS9ucF80NDAuanBnIiBib3JkZXI9IjAiIHN0eWxlPSJtYXJnaW46MTBweCAwcHg7Ij48cCBzdHlsZT0iY29sb3I6ICNmZmY7IGJhY2tncm91bmQtY29sb3I6ICNmNjk7IGZvbnQtc2l6ZTogMjRweDsgcGFkZGluZzogMTBweDsgd2lkdGg6IDM4MHB4OyI+4oC744GT44Gh44KJ44Gu5ZWG5ZOB44GvMeaemuWNmOS9jeOBi+OCieOBlOizvOWFpeOBp+OBjeOBvuOBmeOAgjwvcD4KPHRhYmxlIHdpZHRoPSI0NDAiIGJvcmRlcj0iMCIgY2VsbHNwYWNpbmc9IjEiIGNlbGxwYWRkaW5nPSIzIiBiZ2NvbG9yPSIjNjY2NjY2IiBzdHlsZT0iZm9udC1mYW1pbHk6J+ODkuODqeOCruODjuinkuOCtCBQcm8gVzMnLCAnSGlyYWdpbm8gS2FrdSBHb3RoaWMgUHJvJywgJ+ODoeOCpOODquOCqicsIE1laXJ5bywgT3Nha2EsICfvvK3vvLMg77yw44K044K344OD44KvJywgJ01TIFBHb3RoaWMnLCBzYW5zLXNlcmlmOyBmb250LXNpemU6MTJweDsiPiA8dHI+ICAgIDx0ZCBiZ2NvbG9yPSIjQ0NDQ0NDIiBhbGlnbj0iY2VudGVyIj7llYblk4HlkI08L3RkPiAgICA8dGQgYmdjb2xvcj0iI0ZGRkZGRiI+44K344Oz44Kz44O844OrKHNpbmNvbCkgRkxPT1IgVElMRTxicj7jgrvjg6vjg5njgrjjg6Pjg7Pjg4Y8L3RkPiAgPC90cj4gPHRkIGJnY29sb3I9IiNDQ0NDQ0MiIGFsaWduPSJjZW50ZXIiPuWVhuWTgeiqrOaYjjwvdGQ+ICAgIDx0ZCBiZ2NvbG9yPSIjRkZGRkZGIj7lupfoiJfjgYvjgonkvY/lroXjgb7jgafjgIHlpJrlvanjgarjg4vjg7zjgrrjgavlv5zjgYjjgovopIflsaTjg5Pjg4vjg6vluorjgr/jgqTjg6vjgIzjg57jg4Pjg4jjg43jg6njgI3osrzjgormm7/jgYjjgYznsKHljZjjgavlh7rmnaXjgaYK6LOD6LK45L2P5a6F44Gu54++54q25Zue5b6p562J44Gr5L6/5Yip44Gn44GZ44CCPGJyPjxicj4K44OV44Ot44Ki44K/44Kk44Or5bCC6ZaA5bqX44Gn5b+F6KaB44Gq5ZWG5ZOB5o+D44GI44Kk44Oz44OG44Oq44Ki44K344On44OD44OX44OP44Oq44O844Gn44Gv44CB44K144Oz44Ky44OE44O75p2x44Oq44O744K344Oz44Kz44O844Or44O744Oq44Oq44Kr44Op5LuW44KS44GU55So5oSP44GX44Gm44GK44KK44G+44GZ77yBIDxicj7jg5Xjg63jgqLjgr/jgqTjg6vjga7mn4TjgoLosYrlr4zvvIHkurrmsJfjga7jg5Xjg63jg7zjg6rjg7PjgrDoqr/jga7jg6rjgqLjg6vjgaog5pyo55uuKOOCpuODg+ODiSnmn4Tjga8g54Sh5Z6i5p2Q6aKo44KEIOOBiuOBl+OCg+OCjOOBqiDjg7TjgqPjg7Pjg4bjg7zjgrgg44K544Kv44Op44OD44OX44Km44OD44OJ6aKo44CB44Oq44Ki44Or44Gr6KGo54++5aSn55CG55+zKOOCueODiOODvOODsynjgIFw44K/44Kk44Or44Gu5qeY44GqIOODl+ODrOODvOODs+afhCDjg4bjg6njgrPjg4Pjgr/mn4Qg562J44Kv44OD44K344On44Oz44OV44Ot44Ki44KI44KK44KC6ICQ5LmF5oCn44Gr5YSq44KM44Gm44GE44KL44Gu44Gn5bqX6IiX55So44Gn44KC44GK44GZ44GZ44KB44Gn44GZ77yB5o6y6LyJ44GV44KM44Gm44GE44Gq44GE44OV44Ot44Ki44K/44Kk44Or44KC44GU6YGg5oWu44Gq44GP44GK5ZWP44GE5ZCI44KP44Gb5LiL44GV44GE44CC5o6l552A5Ymk5LiN6KaB44GuIOiyvOOCi+OBoOOBkSDnva7jgY/jgaDjgZHjgr/jgqTjg5fjga7jg4/jg6rjg7zjgqTjg7zjgrjjg7zjg4fjgrPjgr/jgqTjg6vjgoLjgZTmpJzoqI7jgY/jgaDjgZXjgYTjgII8YnI+PGJyPgo8c3BhbiBzdHlsZT0iY29sb3I6I2ZmMDAwMDsgZm9udC1zaXplOjEycHgiPuKAu+OBiuS9v+OBhOOBruODkeOCveOCs+ODs+eSsOWig+OBq+OCiOOBo+OBpuOBr+OAgSA8YnI+44CA5ZWG5ZOB44Gu6Imy44GM6KaL5pys44Go5aSa5bCR55Ww44Gq44KL5aC05ZCI44GM44GC44KK44G+44GZ44CCIDxicj48L3NwYW4+PGJyPnN0b25lIOODm+ODr+OCpOODiCDjg5njg7zjgrjjg6Ug6LK844KL44Gg44GRIOOCv+OCpOODqyDjg5Xjg63jgqLjg7wg44K344O844OIIOODkeODjeODqyDlgrcg5rGa44KMIOmYsuatoiDjg5Xjg63jg7zjg6rjg7PjgrAg44Kr44O844Oa44OD44OIIOijnOS/riDkv67nkIYg5L+d6K23IOW8t+WMliDmlr3lt6Ug44Kq44OV44Kj44K5IOODquODk+ODs+OCsCDjg57jg7Pjgrfjg6fjg7Mg6LOD6LK4IOOCteODreODsyDjg6Ljg6vjgr/jg6sgIOOCs+ODs+ODkeODjSDkuozph43lupU8L3RkPiAgPC90cj4gPHRkIGJnY29sb3I9IiNDQ0NDQ0MiIGFsaWduPSJjZW50ZXIiPuaOsui8ieWTgeeVqjwvdGQ+ICAgIDx0ZCBiZ2NvbG9yPSIjRkZGRkZGIj5SUy05NzU1ClJTLTk3NTY8L3RkPiAgPC90cj4gPHRkIGJnY29sb3I9IiNDQ0NDQ0MiIGFsaWduPSJjZW50ZXIiPuiJsjwvdGQ+ICAgIDx0ZCBiZ2NvbG9yPSIjRkZGRkZGIj7nn7Pnm67mn4Q8L3RkPjwvdHI+IDx0cj4gICAgPHRkIGJnY29sb3I9IiNDQ0NDQ0MiIGFsaWduPSJjZW50ZXIiPuOCteOCpOOCujwvdGQ+ICAgIDx0ZCBiZ2NvbG9yPSIjRkZGRkZGIj7jgrXjgqTjgrrvvJozMDQuOG1teDQ1Ny4ybW08YnI+5Y6a44G/77yaMi41bW08YnI+44OI44OD44OX5bGk77ya44Kv44Oq44Ki44O8MC4zbTwvdGQ+ICA8L3RyPiA8dHI+ICAgIDx0ZCBiZ2NvbG9yPSIjQ0NDQ0NDIiBhbGlnbj0iY2VudGVyIj7mqZ/og708L3RkPiAgICA8dGQgYmdjb2xvcj0iI0ZGRkZGRiI+PHA+UumdouWPljwvdHI+ICA8dHI+ICAgIDx0ZCBiZ2NvbG9yPSIjQ0NDQ0NDIiB3aWR0aD0iMTAwIiBhbGlnbj0iY2VudGVyIj7pgIEg5paZPC90ZD4gICAgPHRkIGJnY29sb3I9IiNGRkZGRkYiPuOAkOmAgSDmlpnjgJHopb/mv4PpgYvovLgg5LuW77yaNzAw5YaG77yI56iO5Yil77yJPGJyPuKAu+WMl+a1t+mBk+ODu+aylue4hOOBu+OBi+S4gOmDqOOBruWcsOWfn+OBr+mZpOOBjeOBvuOBmeOAgjxicj48Yj7pgIHmlpnjga7oqbPntLDjgavjgaTjgYTjgabjga/jgZPjgaHjgonjgbjvvJ7vvJ48L2I+PC90ZD4gICA8L3RyPiAgPHRyPiAgICA8dGQgYmdjb2xvcj0iI0NDQ0NDQyIgYWxpZ249ImNlbnRlciI+57SNIOacnzwvdGQ+ICAgIDx0ZCBiZ2NvbG9yPSIjRkZGRkZGIj7jgZTms6jmlofnorrlrprlvozjgIHntIQz772eNeWWtualreaXpTwvdGQ+ICA8L3RyPjwvdGFibGU+PHN0eWxlIHR5cGU9InRleHQvY3NzIj4KPCEtLQoKZGl2I0hlYWRlcktleXdvcmQgewoJcG9zaXRpb246YWJzb2x1dGU7Cgl0b3A6NTBweDsvKuS4gOeVquS4iuOBi+OCieOBruS9jee9riovCglsZWZ0OjhweDsvKuW3puerr+OBi+OCieOBruS9jee9riovCgl3aWR0aDoxMjAwcHg7Cn0KCmRpdiNIZWFkZXJLZXl3b3JkIHNwYW4gewoJYmFja2dyb3VuZDogI2JmMDAwMDsKCWNvbG9yOiNmZmY7Cglmb250LXdlaWdodDpib2xkOwoJZm9udC1zaXplOjEycHg7Cglmb250LWZhbWlseToi44Oh44Kk44Oq44KqIjsKCXBhZGRpbmc6MnB4IDVweDsKfQoKZGl2I0hlYWRlcktleXdvcmQgYSB7Cgljb2xvcjojMDA0NENDOwoJZm9udC1zaXplOjEycHg7Cglmb250LWZhbWlseToi44Oh44Kk44Oq44KqIjsKfQoKLS0+Cjwvc3R5bGU+Cgo8ZGl2IGlkPSJIZWFkZXJLZXl3b3JkIj4KPHNwYW4+5rOo55uu44Gu44Kt44O844Ov44O844OJPC9zcGFuPgrjgqrjg7zjg4Djg7zjgqvjg7zjg4bjg7MKIC8gCuODhuODqeOCs+ODg+OCv+afhOW6iuOCt+ODvOODiAogLyAK5rSX44GI44KL44K/44Kk44Or44Kr44O844Oa44OD44OICiAvIArmmYLoqIjku5jjgY3jgqbjgqnjg7zjg6vjgrnjg4bjg4Pjgqvjg7wKPC9kaXY+,44OV44Ot44Ki44K/44Kk44OrIOOCt+ODs+OCs+ODvOODqyDjg57jg4Pjg4jjg43jg6kg5bqKIOW6iuadkCDjg5Xjg63jg7zjg6rjg7PjgrAg44OT44OL44OrIFDjgr/jgqTjg6sg44OV44Ot44KiIGRpeSDjg6rjg5Xjgqnjg7zjg6Ag5Zyf6Laz5a++5b+cIOOCpOODs+ODhuODquOCoiDlupfoiJcg5L2P5a6FIOOCueODiOODvOODsyDjgrvjg6vjg5njgrjjg6Pjg7Pjg4Yg55+zIOefs+ebruiqvyDlpKfnkIbnn7Mg55+z5p2QIDAzUO+8muOCpOODs+ODhuODquOCouOCt+ODp+ODg+ODlyDjgJDjg4/jg6rjg7zjgJE=,44Km44Kp44O844Or44K544OG44OD44Kr44O844K/44Kk44Or44Kr44O844Oa44OD44OI44Kv44OD44K344On44Oz44OV44Ot44Ki44Ks44Op44K544OV44Kj44Or44Og44OV44Ot44Ki44K/44Kk44Or44Kr44OD44OG44Kj44Oz44Kw44K344O844OI44K544OG44OD44Kr44O844Km44Kq44O844Or44K544OG44OD44Kr44O844K344O844Or44Kr44O844Oa44OD44OIZGl56Lui5YaZ44Km44Kp44O844Or44K544OG44OD44Kr44O8T0Hjg5Xjg63jgqLlo4HntJnjg6njgrDjgq/jg4Pjgrfjg6fjg7Pjg5Xjg63jgqLjg7zlo4HntJnjgrfjg7zjg6vjg4/jg6rjg7zjgrnjg4bjg4Pjgqvjg7zjg5Xjg63jgqLjg7zjgr/jgqTjg6vjgqTjg7Pjg4bjg6rjgqLjgqbjgqnjg7zjg6vjgrnjg4bjg4Pjgqvjg7zjg5Xjg63jgqLjgr/jgqTjg6sg44K344Oz44Kz44O844OrIOODnuODg+ODiOODjeODqSDluoog5bqK5p2QIOODleODreODvOODquODs+OCsCDjg5Pjg4vjg6sgUOOCv+OCpOODqyDjg5Xjg63jgqIgZGl5IOODquODleOCqeODvOODoCDlnJ/otrPlr77lv5wg44Kk44Oz44OG44Oq44KiIOW6l+iIlyDkvY/lroUg44K544OI44O844OzIOOCu+ODq+ODmeOCuOODo+ODs+ODhiDnn7Mg55+z55uu6Kq/IOWkp+eQhuefsyDnn7PmnZAgMDNQ,c2luY29sIG1hdHRvbmVsbGEg44OV44Ot44Ki44O844K/44Kk44OrIDHmnprljZjkvY0g54i244Gu5pel44CC44OV44Ot44Ki44K/44Kk44OrIOOCt+ODs+OCs+ODvOODqyDjg57jg4Pjg4jjg43jg6kg5bqKIOW6iuadkCDjg5Xjg63jg7zjg6rjg7PjgrAg44OT44OL44OrIFDjgr/jgqTjg6sg44OV44Ot44KiIGRpeSDjg6rjg5Xjgqnjg7zjg6Ag5Zyf6Laz5a++5b+cIOOCpOODs+ODhuODquOCoiDlupfoiJcg5L2P5a6FIOOCueODiOODvOODsyDjgrvjg6vjg5njgrjjg6Pjg7Pjg4Yg55+zIOefs+ebruiqvyDlpKfnkIbnn7Mg55+z5p2QIDAzUA==[rn]
31-2616,aHR0cDovL3RzaG9wLnIxMHMuanAvaGFycnkvY2FiaW5ldC9zaW4tZnQvbDI0LTAxLXNpbi1tbjQyLmpwZz9maXRpbj03MDA6NzAw,NDY1LjYwMDA=,,6Iqx44O744Ks44O844OH44Oz44O7RElZID4g5L2P5a6F5bu65p2Q44O76Kit5YKZID4g5bqK5p2QID4g44Gd44Gu5LuW,44OV44Ot44Ki44K/44Kk44OrIOOCt+ODs+OCs+ODvOODqyDjg57jg4Pjg4jjg43jg6kg5bqKIOW6iuadkCDjg5Xjg63jg7zjg6rjg7PjgrAg44OT44OL44OrIFDjgr/jgqTjg6sg44OV44Ot44KiIGRpeSDjg6rjg5Xjgqnjg7zjg6Ag5Zyf6Laz5a++5b+cIOOCpOODs+ODhuODquOCoiDlupfoiJcg5L2P5a6FIOOCueODiOODvOODsyDjg5rjg6vjg4Hjg7zjg45SIOefsyDnn7Pnm67oqr8g5aSn55CG55+zIOefs+adkCAwM1A=,c2luY29sIG1hdHRvbmVsbGEg44OV44Ot44Ki44O844K/44Kk44OrIDHmnprljZjkvY0g54i244Gu5pel,PGRpdiBzdHlsZT0id2lkdGg6IDcwMHB4OyBsaW5lLWhlaWdodDogMS41OyBjb2xvcjogIzJmMmIyNyI+CjxwIHN0eWxlPSJjb2xvcjogI2ZmZjsgYmFja2dyb3VuZC1jb2xvcjogI2Y2OTsgZm9udC1zaXplOiAyNHB4OyBwYWRkaW5nOiAxMHB4OyI+4oC744GT44Gh44KJ44Gu5ZWG5ZOB44GvMeaemuWNmOS9jeOBi+OCieOBlOizvOWFpeOBp+OBjeOBvuOBmeOAgjwvcD4KPHA+PGltZyBzcmM9Imh0dHBzOi8vaW1hZ2UucmFrdXRlbi5jby5qcC9oYXJyeS9jYWJpbmV0L3Npbi1mdC9sMjQtMDEtc2luLW1uNDIuanBnIiBib3JkZXI9IjAiIHdpZHRoPSI3MDAiIC8+PC9wPgo8cD48aW1nIHNyYz0iaHR0cHM6Ly9pbWFnZS5yYWt1dGVuLmNvLmpwL2hhcnJ5L2NhYmluZXQvc2luLWZ0L2wyNC0wMS1zaW4tbW40Ml8xLmpwZyIgYm9yZGVyPSIwIiB3aWR0aD0iNzAwIiAvPjwvcD4KCjxwIHN0eWxlPSJib3JkZXItbGVmdDogNXB4IHNvbGlkICM0ZTQ1M2E7IGJvcmRlci1ib3R0b206IDFweCBzb2xpZCAjNGU0NTNhOyBmb250LXNpemU6IDI0cHg7IHBhZGRpbmctbGVmdDogNXB4OyI+44OV44Ot44Ki44K/44Kk44Or44Gu6LK844KK5pa5PC9wPgoKPHAgc3R5bGU9ImNvbG9yOiMyMjIyMjI7IGZvbnQtc2l6ZTozMHB4OyBmb250LXdlaWdodDpib2xkOyBtYXJnaW46MHB4OyBwYWRkaW5nLWxlZnQ6MTBweDsgcGFkZGluZy10b3A6MTBweDsgcGFkZGluZy1ib3R0b206MjBweDsgZm9udC1mYW1pbHk6IEdlb3JnaWEsIFRpbWVzIE5ldyBSb21hbiwgVGltZXM7Ij5oYXJyeeOBp+Wls+aAp+OBruaWueOBq+Wcp+WAkueahOS6uuawl+OBruenmOWvhuKApjwvcD4KPHAgc3R5bGU9ImNvbG9yOiMzMzMzMzM7IGZvbnQtc2l6ZToxNnB4OyBtYXJnaW46MHB4OyBwYWRkaW5nLWxlZnQ6MTBweDsiPuOBneOCjOOBr+ODleODreOCouOCv+OCpOODq+OBjOOBiuaJi+i7veewoeWNmOOBoOOBi+OCie+8gTwvcD4KPGJyPgo8YnI+Cjx0YWJsZSB3aWR0aD0iNzAwIiBib3JkZXI9IjAiIGNlbGxzcGFjaW5nPSIwIiBjZWxscGFkZGluZz0iMCIgc3R5bGU9ImZvbnQtc2l6ZToxNHB4OyBjb2xvcjojMzMzMzMzIj4KICA8dHI+CiAgICA8dGQ+PGltZyBzcmM9Imh0dHBzOi8vaW1hZ2UucmFrdXRlbi5jby5qcC9oYXJyeS9jYWJpbmV0L2Zsb29yX3RpbGUvZmxvb3JfdGlsZV9ob3cwMS5qcGciIHdpZHRoPSIyMjUiIGhlaWdodD0iMjI1Ij48L3RkPgogICAgPHRkIHdpZHRoPSIxMiI+Jm5ic3A7PC90ZD4KICAgIDx0ZD48aW1nIHNyYz0iaHR0cHM6Ly9pbWFnZS5yYWt1dGVuLmNvLmpwL2hhcnJ5L2NhYmluZXQvZmxvb3JfdGlsZS9mbG9vcl90aWxlX2hvdzAyLmpwZyIgd2lkdGg9IjIyNSIgaGVpZ2h0PSIyMjUiPjwvdGQ+CiAgICA8dGQgd2lkdGg9IjEzIj4mbmJzcDs8L3RkPgogICAgPHRkPjxpbWcgc3JjPSJodHRwczovL2ltYWdlLnJha3V0ZW4uY28uanAvaGFycnkvY2FiaW5ldC9mbG9vcl90aWxlL2Zsb29yX3RpbGVfaG93MDMuanBnIiB3aWR0aD0iMjI1IiBoZWlnaHQ9IjIyNSI+PC90ZD4KICA8L3RyPjx0cj4KPHRkIGNvbHNwYW49IjUiIGhlaWdodD0iMTAiPiZuYnNwOzwvdGQ+CjwvdHI+CiAgPHRyPgogICAgPHRkIGFsaWduPSJsZWZ0IiB2YWxpZ249InRvcCI+44GK6YOo5bGL44Gu6ZqF44Gu44Kr44OD44OI6YOo5YiG44Gv44CB44GK5a6244Gr44GC44KL5a6a6KaP44Gn5Y2B5YiG77yBPGJyPuWumuimj+OCkuOBguOBpuOBpuOBk+OBruOCiOOBhuOBq+S9leW6puOBi+WIh+OCiuebruOCkuOBhOOCjOOBvuOBl+OCh+OBhu+8gTwvdGQ+CiAgICA8dGQgYWxpZ249ImxlZnQiIHZhbGlnbj0idG9wIj4mbmJzcDs8L3RkPgogICAgPHRkIGFsaWduPSJsZWZ0IiB2YWxpZ249InRvcCI+6Lu944GP5oqY44KK5puy44GS44KM44Gw44GT44Gu44Go44GK44KK44CCPC90ZD4KICAgIDx0ZCBhbGlnbj0ibGVmdCIgdmFsaWduPSJ0b3AiPiZuYnNwOzwvdGQ+CiAgICA8dGQgYWxpZ249ImxlZnQiIHZhbGlnbj0idG9wIj7mipjjgormm7LjgZLjgZ/pg6jliIbjgpLjgZPjga7jgojjgYbjgavjgqvjg4Pjgr/jg7zjgafjgIHjgrfjg6Xjg4Pjgajou73jgY/liIPjgpLjgYTjgozjgozjgbDvvIE8L3RkPgogIDwvdHI+CiAgPHRyPgogICAgPHRkIGhlaWdodD0iMTUiIGNvbHNwYW49IjUiPiZuYnNwOzwvdGQ+CiAgPC90cj4KICA8dHI+CiAgICA8dGQ+PGltZyBzcmM9Imh0dHBzOi8vaW1hZ2UucmFrdXRlbi5jby5qcC9oYXJyeS9jYWJpbmV0L2Zsb29yX3RpbGUvZmxvb3JfdGlsZV9ob3cwNC5qcGciIHdpZHRoPSIyMjUiIGhlaWdodD0iMjI1Ij48L3RkPgogICAgPHRkIHdpZHRoPSIxMiI+Jm5ic3A7PC90ZD4KICAgIDx0ZD48aW1nIHNyYz0iaHR0cHM6Ly9pbWFnZS5yYWt1dGVuLmNvLmpwL2hhcnJ5L2NhYmluZXQvZmxvb3JfdGlsZS9mbG9vcl90aWxlX2hvdzA1LmpwZyIgd2lkdGg9IjIyNSIgaGVpZ2h0PSIyMjUiPjwvdGQ+CiAgICA8dGQgd2lkdGg9IjEzIj4mbmJzcDs8L3RkPgogICAgPHRkPjxpbWcgc3JjPSJodHRwczovL2ltYWdlLnJha3V0ZW4uY28uanAvaGFycnkvY2FiaW5ldC9mbG9vcl90aWxlL2Zsb29yX3RpbGVfaG93MDYuanBnIiB3aWR0aD0iMjI1IiBoZWlnaHQ9IjIyNSI+PC90ZD4KICA8L3RyPjx0cj4KPHRkIGNvbHNwYW49IjUiIGhlaWdodD0iMTAiPiZuYnNwOzwvdGQ+CjwvdHI+CiAgPHRyPgogICAgPHRkIGFsaWduPSJsZWZ0IiB2YWxpZ249InRvcCI+44Gv44GE77yBPGJyPuOCq+ODg+ODiOWujOS6huOBp+OBmeOAgjwvdGQ+CiAgICA8dGQ+Jm5ic3A7PC90ZD4KICAgIDx0ZCBhbGlnbj0ibGVmdCIgdmFsaWduPSJ0b3AiPuOBr+OBleOBv+OBp+OCguOAgeOCguOBoeOCjeOCk++8r++8q++8gTxicj7lh7rmnaXjgozjgbDlpKfjgY3jgYTjga/jgZXjgb/jgafjga3jg7vjg7vjg7s8L3RkPgogICAgPHRkPiZuYnNwOzwvdGQ+CiAgICA8dGQgYWxpZ249ImxlZnQiIHZhbGlnbj0idG9wIj7lv4XopoHjgarloLTmiYDjgavjgII8L3RkPgogIDwvdHI+CjwvdGFibGU+PGJyPjxicj4KCjxwIHN0eWxlPSJib3JkZXItbGVmdDogNXB4IHNvbGlkICM0ZTQ1M2E7IGJvcmRlci1ib3R0b206IDFweCBzb2xpZCAjNGU0NTNhOyBmb250LXNpemU6IDI0cHg7IHBhZGRpbmctbGVmdDogNXB4OyI+44OV44Ot44Ki44K/44Kk44Or5bCC55So44Gu44KK44Gu44GU57S55LuLPC9wPgoKPGJyIC8+Cgo8cCBzdHlsZT0idGV4dC1hbGlnbjogY2VudGVyOyI+PGEgaHJlZj0iaHR0cHM6Ly9pdGVtLnJha3V0ZW4uY28uanAvaGFycnkvYy8wMDAwMDAwNDQyLyIgdGFyZ2V0PSJfYmxhbmsiPjxpbWcgc3JjPSJodHRwczovL2ltYWdlLnJha3V0ZW4uY28uanAvaGFycnkvY2FiaW5ldC8wMjM4MDQ3OC9mbG9vcnRpbGUta2FucmVuLWJhbi5qcGciIGJvcmRlcj0iMCIgYWx0PSLpgZPlhbfpoZ4iPjwvYT48L3A+PGJyIC8+CgoKPHA+PGEgaHJlZj0iaHR0cHM6Ly9pdGVtLnJha3V0ZW4uY28uanAvaGFycnkvYy8wMDAwMDAxMzg4LyIgdGFyZ2V0PSJfYmxhbmsiPjxpbWcgc3JjPSJodHRwczovL2ltYWdlLnJha3V0ZW4uY28uanAvaGFycnkvY2FiaW5ldC8wMjM4MDQ3OC9mbG9vcnRpbGUtc2FtcGxlLWJhbi5qcGciIGJvcmRlcj0iMCIgYWx0PSLnlLvlg48iPjwvYT48L3A+PGJyPjxicj4KCjxwIHN0eWxlPSJib3JkZXItbGVmdDogNXB4IHNvbGlkICM0ZTQ1M2E7IGJvcmRlci1ib3R0b206IDFweCBzb2xpZCAjNGU0NTNhOyBmb250LXNpemU6IDI0cHg7IHBhZGRpbmctbGVmdDogNXB4OyI+44OV44Ot44Ki44K/44Kk44Or5LiA6KanPC9wPgoKPHA+PGEgaHJlZj0iaHR0cHM6Ly9pdGVtLnJha3V0ZW4uY28uanAvaGFycnkvYy8wMDAwMDAwMjUyLyIgdGFyZ2V0PSJfYmxhbmsiPjxpbWcgc3JjPSJodHRwczovL2ltYWdlLnJha3V0ZW4uY28uanAvaGFycnkvY2FiaW5ldC8wMzUyNTg4Mi9mdC10by10b3AuanBnIiBib3JkZXI9IjAiIGFsdD0i55S75YOPIj48L2E+PC9wPjxicj48YnI+Cgo8L2Rpdj48ZGl2IHN0eWxlPSJ3aWR0aDo0NDBweDsgYm9yZGVyOjBweDsgdGV4dC1hbGlnbjpjZW50ZXI7Ij4KCjxpbWcgc3JjPSJodHRwczovL2ltYWdlLnJha3V0ZW4uY28uanAvaGFycnkvY2FiaW5ldC9zbWFydF9waG9uZS9mdGR1Z3UuanBnIiB3aWR0aD0iNDQwIiBib3JkZXI9IjAiIHN0eWxlPSJtYXJnaW4tYm90dG9tOjVweDsiPgoKCjxpbWcgc3JjPSJodHRwczovL2ltYWdlLnJha3V0ZW4uY28uanAvaGFycnkvY2FiaW5ldC9zbWFydF9waG9uZS9mdHplbmdhcmEuanBnIiB3aWR0aD0iNDQwIiBib3JkZXI9IjAiIHN0eWxlPSJtYXJnaW4tYm90dG9tOjVweDsiPgoKCjxpbWcgc3JjPSJodHRwczovL2ltYWdlLnJha3V0ZW4uY28uanAvaGFycnkvY2FiaW5ldC9zbWFydF9waG9uZS9kZWNvdGFpcnUuanBnIiB3aWR0aD0iNDQwIiBib3JkZXI9IjAiIHN0eWxlPSJtYXJnaW4tYm90dG9tOjVweDsiPgoKPC9kaXY+PHA+PGltZyBzcmM9Imh0dHBzOi8vaW1hZ2UucmFrdXRlbi5jby5qcC9oYXJyeS9jYWJpbmV0L3NvdXJ5b3UtNDQwbi5qcGciIGJvcmRlcj0iMCI+PC9wPjxpbWcgc3JjPSJodHRwczovL2ltYWdlLnJha3V0ZW4uY28uanAvaGFycnkvY2FiaW5ldC9ndWlkZS9ucF80NDAuanBnIiBib3JkZXI9IjAiIHN0eWxlPSJtYXJnaW46MTBweCAwcHg7Ij48cCBzdHlsZT0iY29sb3I6ICNmZmY7IGJhY2tncm91bmQtY29sb3I6ICNmNjk7IGZvbnQtc2l6ZTogMjRweDsgcGFkZGluZzogMTBweDsgd2lkdGg6IDM4MHB4OyI+4oC744GT44Gh44KJ44Gu5ZWG5ZOB44GvMeaemuWNmOS9jeOBi+OCieOBlOizvOWFpeOBp+OBjeOBvuOBmeOAgjwvcD4KPHRhYmxlIHdpZHRoPSI0NDAiIGJvcmRlcj0iMCIgY2VsbHNwYWNpbmc9IjEiIGNlbGxwYWRkaW5nPSIzIiBiZ2NvbG9yPSIjNjY2NjY2IiBzdHlsZT0iZm9udC1mYW1pbHk6J+ODkuODqeOCruODjuinkuOCtCBQcm8gVzMnLCAnSGlyYWdpbm8gS2FrdSBHb3RoaWMgUHJvJywgJ+ODoeOCpOODquOCqicsIE1laXJ5bywgT3Nha2EsICfvvK3vvLMg77yw44K044K344OD44KvJywgJ01TIFBHb3RoaWMnLCBzYW5zLXNlcmlmOyBmb250LXNpemU6MTJweDsiPiA8dHI+ICAgIDx0ZCBiZ2NvbG9yPSIjQ0NDQ0NDIiBhbGlnbj0iY2VudGVyIj7llYblk4HlkI08L3RkPiAgICA8dGQgYmdjb2xvcj0iI0ZGRkZGRiI+44K344Oz44Kz44O844OrKHNpbmNvbCkgRkxPT1IgVElMRTxicj7jg5rjg6vjg4Hjg7zjg45SPC90ZD4gIDwvdHI+IDx0ZCBiZ2NvbG9yPSIjQ0NDQ0NDIiBhbGlnbj0iY2VudGVyIj7llYblk4HoqqzmmI48L3RkPiAgICA8dGQgYmdjb2xvcj0iI0ZGRkZGRiI+5bqX6IiX44GL44KJ5L2P5a6F44G+44Gn44CB5aSa5b2p44Gq44OL44O844K644Gr5b+c44GI44KL6KSH5bGk44OT44OL44Or5bqK44K/44Kk44Or44CM44Oe44OD44OI44ON44Op44CN6LK844KK5pu/44GI44GM57Ch5Y2Y44Gr5Ye65p2l44GmCuizg+iyuOS9j+WuheOBruePvueKtuWbnuW+qeetieOBq+S+v+WIqeOBp+OBmeOAgjxicj48YnI+CuODleODreOCouOCv+OCpOODq+WwgumWgOW6l+OBp+W/heimgeOBquWVhuWTgeaPg+OBiOOCpOODs+ODhuODquOCouOCt+ODp+ODg+ODl+ODj+ODquODvOOBp+OBr+OAgeOCteODs+OCsuODhOODu+adseODquODu+OCt+ODs+OCs+ODvOODq+ODu+ODquODquOCq+ODqeS7luOCkuOBlOeUqOaEj+OBl+OBpuOBiuOCiuOBvuOBme+8gSA8YnI+44OV44Ot44Ki44K/44Kk44Or44Gu5p+E44KC6LGK5a+M77yB5Lq65rCX44Gu44OV44Ot44O844Oq44Oz44Kw6Kq/44Gu44Oq44Ki44Or44GqIOacqOebrijjgqbjg4Pjg4kp5p+E44GvIOeEoeWeouadkOmiqOOChCDjgYrjgZfjgoPjgozjgaog44O044Kj44Oz44OG44O844K4IOOCueOCr+ODqeODg+ODl+OCpuODg+ODiemiqOOAgeODquOCouODq+OBq+ihqOePvuWkp+eQhuefsyjjgrnjg4jjg7zjg7Mp44CBcOOCv+OCpOODq+OBruanmOOBqiDjg5fjg6zjg7zjg7Pmn4Qg44OG44Op44Kz44OD44K/5p+EIOetieOCr+ODg+OCt+ODp+ODs+ODleODreOCouOCiOOCiuOCguiAkOS5heaAp+OBq+WEquOCjOOBpuOBhOOCi+OBruOBp+W6l+iIl+eUqOOBp+OCguOBiuOBmeOBmeOCgeOBp+OBme+8geaOsui8ieOBleOCjOOBpuOBhOOBquOBhOODleODreOCouOCv+OCpOODq+OCguOBlOmBoOaFruOBquOBj+OBiuWVj+OBhOWQiOOCj+OBm+S4i+OBleOBhOOAguaOpeedgOWJpOS4jeimgeOBriDosrzjgovjgaDjgZEg572u44GP44Gg44GR44K/44Kk44OX44Gu44OP44Oq44O844Kk44O844K444O844OH44Kz44K/44Kk44Or44KC44GU5qSc6KiO44GP44Gg44GV44GE44CCPGJyPjxicj4KPHNwYW4gc3R5bGU9ImNvbG9yOiNmZjAwMDA7IGZvbnQtc2l6ZToxMnB4Ij7igLvjgYrkvb/jgYTjga7jg5Hjgr3jgrPjg7PnkrDlooPjgavjgojjgaPjgabjga/jgIEgPGJyPuOAgOWVhuWTgeOBruiJsuOBjOimi+acrOOBqOWkmuWwkeeVsOOBquOCi+WgtOWQiOOBjOOBguOCiuOBvuOBmeOAgiA8YnI+PC9zcGFuPjxicj5zdG9uZSDjg5vjg6/jgqTjg4gg44OZ44O844K444OlIOiyvOOCi+OBoOOBkSDjgr/jgqTjg6sg44OV44Ot44Ki44O8IOOCt+ODvOODiCDjg5Hjg43jg6sg5YK3IOaxmuOCjCDpmLLmraIg44OV44Ot44O844Oq44Oz44KwIOOCq+ODvOODmuODg+ODiCDoo5zkv64g5L+u55CGIOS/neittyDlvLfljJYg5pa95belIOOCquODleOCo+OCuSDjg6rjg5Pjg7PjgrAg44Oe44Oz44K344On44OzIOizg+iyuCDjgrXjg63jg7Mg44Oi44Or44K/44OrICDjgrPjg7Pjg5Hjg40g5LqM6YeN5bqVPC90ZD4gIDwvdHI+IDx0ZCBiZ2NvbG9yPSIjQ0NDQ0NDIiBhbGlnbj0iY2VudGVyIj7mjrLovInlk4Hnlao8L3RkPiAgICA8dGQgYmdjb2xvcj0iI0ZGRkZGRiI+UlMtOTc0NgpSUy05NzQ3PC90ZD4gIDwvdHI+IDx0ZCBiZ2NvbG9yPSIjQ0NDQ0NDIiBhbGlnbj0iY2VudGVyIj7oibI8L3RkPiAgICA8dGQgYmdjb2xvcj0iI0ZGRkZGRiI+55+z55uu5p+EIOODnuODvOODluODqzwvdGQ+PC90cj4gPHRyPiAgICA8dGQgYmdjb2xvcj0iI0NDQ0NDQyIgYWxpZ249ImNlbnRlciI+44K144Kk44K6PC90ZD4gICAgPHRkIGJnY29sb3I9IiNGRkZGRkYiPuOCteOCpOOCuu+8mjQ1Ny4ybW14NDU3LjJtbTxicj7ljprjgb/vvJoyLjVtbTxicj7jg4jjg4Pjg5flsaTvvJrjgq/jg6rjgqLjg7wwLjNtPC90ZD4gIDwvdHI+IDx0cj4gICAgPHRkIGJnY29sb3I9IiNDQ0NDQ0MiIGFsaWduPSJjZW50ZXIiPuapn+iDvTwvdGQ+ICAgIDx0ZCBiZ2NvbG9yPSIjRkZGRkZGIj48cD5S6Z2i5Y+WPC90cj4gIDx0cj4gICAgPHRkIGJnY29sb3I9IiNDQ0NDQ0MiIHdpZHRoPSIxMDAiIGFsaWduPSJjZW50ZXIiPumAgSDmlpk8L3RkPiAgICA8dGQgYmdjb2xvcj0iI0ZGRkZGRiI+44CQ6YCBIOaWmeOAkeilv+a/g+mBi+i8uCDku5bvvJo3MDDlhobvvIjnqI7liKXvvIk8YnI+4oC75YyX5rW36YGT44O75rKW57iE44G744GL5LiA6YOo44Gu5Zyw5Z+f44Gv6Zmk44GN44G+44GZ44CCPGJyPjxiPumAgeaWmeOBruips+e0sOOBq+OBpOOBhOOBpuOBr+OBk+OBoeOCieOBuO+8nu+8njwvYj48L3RkPiAgIDwvdHI+ICA8dHI+ICAgIDx0ZCBiZ2NvbG9yPSIjQ0NDQ0NDIiBhbGlnbj0iY2VudGVyIj7ntI0g5pyfPC90ZD4gICAgPHRkIGJnY29sb3I9IiNGRkZGRkYiPuOBlOazqOaWh+eiuuWumuW+jOOAgee0hDPvvZ415Za25qWt5pelPC90ZD4gIDwvdHI+PC90YWJsZT48c3R5bGUgdHlwZT0idGV4dC9jc3MiPgo8IS0tCgpkaXYjSGVhZGVyS2V5d29yZCB7Cglwb3NpdGlvbjphYnNvbHV0ZTsKCXRvcDo1MHB4Oy8q5LiA55Wq5LiK44GL44KJ44Gu5L2N572uKi8KCWxlZnQ6OHB4Oy8q5bem56uv44GL44KJ44Gu5L2N572uKi8KCXdpZHRoOjEyMDBweDsKfQoKZGl2I0hlYWRlcktleXdvcmQgc3BhbiB7CgliYWNrZ3JvdW5kOiAjYmYwMDAwOwoJY29sb3I6I2ZmZjsKCWZvbnQtd2VpZ2h0OmJvbGQ7Cglmb250LXNpemU6MTJweDsKCWZvbnQtZmFtaWx5OiLjg6HjgqTjg6rjgqoiOwoJcGFkZGluZzoycHggNXB4Owp9CgpkaXYjSGVhZGVyS2V5d29yZCBhIHsKCWNvbG9yOiMwMDQ0Q0M7Cglmb250LXNpemU6MTJweDsKCWZvbnQtZmFtaWx5OiLjg6HjgqTjg6rjgqoiOwp9CgotLT4KPC9zdHlsZT4KCjxkaXYgaWQ9IkhlYWRlcktleXdvcmQiPgo8c3Bhbj7ms6jnm67jga7jgq3jg7zjg6/jg7zjg4k8L3NwYW4+CuOCquODvOODgOODvOOCq+ODvOODhuODswogLyAK44OG44Op44Kz44OD44K/5p+E5bqK44K344O844OICiAvIArmtJfjgYjjgovjgr/jgqTjg6vjgqvjg7zjg5rjg4Pjg4gKIC8gCuaZguioiOS7mOOBjeOCpuOCqeODvOODq+OCueODhuODg+OCq+ODvAo8L2Rpdj4=,44OV44Ot44Ki44K/44Kk44OrIOOCt+ODs+OCs+ODvOODqyDjg57jg4Pjg4jjg43jg6kg5bqKIOW6iuadkCDjg5Xjg63jg7zjg6rjg7PjgrAg44OT44OL44OrIFDjgr/jgqTjg6sg44OV44Ot44KiIGRpeSDjg6rjg5Xjgqnjg7zjg6Ag5Zyf6Laz5a++5b+cIOOCpOODs+ODhuODquOCoiDlupfoiJcg5L2P5a6FIOOCueODiOODvOODsyDjg5rjg6vjg4Hjg7zjg45SIOefsyDnn7Pnm67oqr8g5aSn55CG55+zIOefs+adkCAwM1DvvJrjgqTjg7Pjg4bjg6rjgqLjgrfjg6fjg4Pjg5cg44CQ44OP44Oq44O844CR,44Km44Kp44O844Or44K544OG44OD44Kr44O844K/44Kk44Or44Kr44O844Oa44OD44OI44Kv44OD44K344On44Oz44OV44Ot44Ki44Ks44Op44K544OV44Kj44Or44Og44OV44Ot44Ki44K/44Kk44Or44Kr44OD44OG44Kj44Oz44Kw44K344O844OI44K544OG44OD44Kr44O844Km44Kq44O844Or44K544OG44OD44Kr44O844K344O844Or44Kr44O844Oa44OD44OIZGl56Lui5YaZ44Km44Kp44O844Or44K544OG44OD44Kr44O8T0Hjg5Xjg63jgqLlo4HntJnjg6njgrDjgq/jg4Pjgrfjg6fjg7Pjg5Xjg63jgqLjg7zlo4HntJnjgrfjg7zjg6vjg4/jg6rjg7zjgrnjg4bjg4Pjgqvjg7zjg5Xjg63jgqLjg7zjgr/jgqTjg6vjgqTjg7Pjg4bjg6rjgqLjgqbjgqnjg7zjg6vjgrnjg4bjg4Pjgqvjg7zjg5Xjg63jgqLjgr/jgqTjg6sg44K344Oz44Kz44O844OrIOODnuODg+ODiOODjeODqSDluoog5bqK5p2QIOODleODreODvOODquODs+OCsCDjg5Pjg4vjg6sgUOOCv+OCpOODqyDjg5Xjg63jgqIgZGl5IOODquODleOCqeODvOODoCDlnJ/otrPlr77lv5wg44Kk44Oz44OG44Oq44KiIOW6l+iIlyDkvY/lroUg44K544OI44O844OzIOODmuODq+ODgeODvOODjlIg55+zIOefs+ebruiqvyDlpKfnkIbnn7Mg55+z5p2QIDAzUA==,c2luY29sIG1hdHRvbmVsbGEg44OV44Ot44Ki44O844K/44Kk44OrIDHmnprljZjkvY0g54i244Gu5pel44CC44OV44Ot44Ki44K/44Kk44OrIOOCt+ODs+OCs+ODvOODqyDjg57jg4Pjg4jjg43jg6kg5bqKIOW6iuadkCDjg5Xjg63jg7zjg6rjg7PjgrAg44OT44OL44OrIFDjgr/jgqTjg6sg44OV44Ot44KiIGRpeSDjg6rjg5Xjgqnjg7zjg6Ag5Zyf6Laz5a++5b+cIOOCpOODs+ODhuODquOCoiDlupfoiJcg5L2P5a6FIOOCueODiOODvOODsyDjg5rjg6vjg4Hjg7zjg45SIOefsyDnn7Pnm67oqr8g5aSn55CG55+zIOefs+adkCAwM1A=[rn]
31-2617,aHR0cDovL3RzaG9wLnIxMHMuanAvaGFycnkvY2FiaW5ldC9zaW4tZnQvbDI0LTAxLXNpbi1tbjQuanBnP2ZpdGluPTcwMDo3MDA=,OTAzMi44MDAw,,6Iqx44O744Ks44O844OH44Oz44O7RElZID4g5L2P5a6F5bu65p2Q44O76Kit5YKZID4g5bqK5p2QID4g44Gd44Gu5LuW,44OV44Ot44Ki44K/44Kk44OrIOOCt+ODs+OCs+ODvOODqyDjg57jg4Pjg4jjg43jg6kg5bqKIOW6iuadkCDjg5Xjg63jg7zjg6rjg7PjgrAg44OT44OL44OrIFDjgr/jgqTjg6sg44OV44Ot44KiIGRpeSDjg6rjg5Xjgqnjg7zjg6Ag5Zyf6Laz5a++5b+cIOOCpOODs+ODhuODquOCoiDlupfoiJcg5L2P5a6FIOOCouODvOODkOODsyDjgrPjg7Pjgq/jg6rjg7zjg4jjg5fjg6njgrkg55+zIOefs+ebruiqvyDjgrnjg4jjg7zjg7Mg5aSn55CG55+zIOODleODqeODr+ODvCDoirHmn4QgMDNT,c2luY29sIG1hdHRvbmVsbGEg44OV44Ot44Ki44O844K/44Kk44OrIDHjgrHjg7zjgrnvvIgyMOaemuWFpe+8iSDniLbjga7ml6U=,PGRpdiBzdHlsZT0id2lkdGg6IDcwMHB4OyBsaW5lLWhlaWdodDogMS41OyBjb2xvcjogIzJmMmIyNyI+CjxwIHN0eWxlPSJjb2xvcjogI2ZmZjsgYmFja2dyb3VuZC1jb2xvcjogI2Y2OTsgZm9udC1zaXplOiAyNHB4OyBwYWRkaW5nOiAxMHB4OyI+4oC744GT44Gh44KJ44Gu5ZWG5ZOB44Gv44Kx44O844K55Y2Y5L2N44Gn44GU6LO85YWl44Gn44GN44G+44GZ44CCPC9wPgo8cD48aW1nIHNyYz0iaHR0cHM6Ly9pbWFnZS5yYWt1dGVuLmNvLmpwL2hhcnJ5L2NhYmluZXQvc2luLWZ0L2wyNC0wMS1zaW4tbW40LmpwZyIgYm9yZGVyPSIwIiB3aWR0aD0iNzAwIiAvPjwvcD4KPHA+PGltZyBzcmM9Imh0dHBzOi8vaW1hZ2UucmFrdXRlbi5jby5qcC9oYXJyeS9jYWJpbmV0L3Npbi1mdC9sMjQtMDEtc2luLW1uNF8xLmpwZyIgYm9yZGVyPSIwIiB3aWR0aD0iNzAwIiAvPjwvcD4KCjxwIHN0eWxlPSJib3JkZXItbGVmdDogNXB4IHNvbGlkICM0ZTQ1M2E7IGJvcmRlci1ib3R0b206IDFweCBzb2xpZCAjNGU0NTNhOyBmb250LXNpemU6IDI0cHg7IHBhZGRpbmctbGVmdDogNXB4OyI+44OV44Ot44Ki44K/44Kk44Or44Gu6LK844KK5pa5PC9wPgoKPHAgc3R5bGU9ImNvbG9yOiMyMjIyMjI7IGZvbnQtc2l6ZTozMHB4OyBmb250LXdlaWdodDpib2xkOyBtYXJnaW46MHB4OyBwYWRkaW5nLWxlZnQ6MTBweDsgcGFkZGluZy10b3A6MTBweDsgcGFkZGluZy1ib3R0b206MjBweDsgZm9udC1mYW1pbHk6IEdlb3JnaWEsIFRpbWVzIE5ldyBSb21hbiwgVGltZXM7Ij5oYXJyeeOBp+Wls+aAp+OBruaWueOBq+Wcp+WAkueahOS6uuawl+OBruenmOWvhuKApjwvcD4KPHAgc3R5bGU9ImNvbG9yOiMzMzMzMzM7IGZvbnQtc2l6ZToxNnB4OyBtYXJnaW46MHB4OyBwYWRkaW5nLWxlZnQ6MTBweDsiPuOBneOCjOOBr+ODleODreOCouOCv+OCpOODq+OBjOOBiuaJi+i7veewoeWNmOOBoOOBi+OCie+8gTwvcD4KPGJyPgo8YnI+Cjx0YWJsZSB3aWR0aD0iNzAwIiBib3JkZXI9IjAiIGNlbGxzcGFjaW5nPSIwIiBjZWxscGFkZGluZz0iMCIgc3R5bGU9ImZvbnQtc2l6ZToxNHB4OyBjb2xvcjojMzMzMzMzIj4KICA8dHI+CiAgICA8dGQ+PGltZyBzcmM9Imh0dHBzOi8vaW1hZ2UucmFrdXRlbi5jby5qcC9oYXJyeS9jYWJpbmV0L2Zsb29yX3RpbGUvZmxvb3JfdGlsZV9ob3cwMS5qcGciIHdpZHRoPSIyMjUiIGhlaWdodD0iMjI1Ij48L3RkPgogICAgPHRkIHdpZHRoPSIxMiI+Jm5ic3A7PC90ZD4KICAgIDx0ZD48aW1nIHNyYz0iaHR0cHM6Ly9pbWFnZS5yYWt1dGVuLmNvLmpwL2hhcnJ5L2NhYmluZXQvZmxvb3JfdGlsZS9mbG9vcl90aWxlX2hvdzAyLmpwZyIgd2lkdGg9IjIyNSIgaGVpZ2h0PSIyMjUiPjwvdGQ+CiAgICA8dGQgd2lkdGg9IjEzIj4mbmJzcDs8L3RkPgogICAgPHRkPjxpbWcgc3JjPSJodHRwczovL2ltYWdlLnJha3V0ZW4uY28uanAvaGFycnkvY2FiaW5ldC9mbG9vcl90aWxlL2Zsb29yX3RpbGVfaG93MDMuanBnIiB3aWR0aD0iMjI1IiBoZWlnaHQ9IjIyNSI+PC90ZD4KICA8L3RyPjx0cj4KPHRkIGNvbHNwYW49IjUiIGhlaWdodD0iMTAiPiZuYnNwOzwvdGQ+CjwvdHI+CiAgPHRyPgogICAgPHRkIGFsaWduPSJsZWZ0IiB2YWxpZ249InRvcCI+44GK6YOo5bGL44Gu6ZqF44Gu44Kr44OD44OI6YOo5YiG44Gv44CB44GK5a6244Gr44GC44KL5a6a6KaP44Gn5Y2B5YiG77yBPGJyPuWumuimj+OCkuOBguOBpuOBpuOBk+OBruOCiOOBhuOBq+S9leW6puOBi+WIh+OCiuebruOCkuOBhOOCjOOBvuOBl+OCh+OBhu+8gTwvdGQ+CiAgICA8dGQgYWxpZ249ImxlZnQiIHZhbGlnbj0idG9wIj4mbmJzcDs8L3RkPgogICAgPHRkIGFsaWduPSJsZWZ0IiB2YWxpZ249InRvcCI+6Lu944GP5oqY44KK5puy44GS44KM44Gw44GT44Gu44Go44GK44KK44CCPC90ZD4KICAgIDx0ZCBhbGlnbj0ibGVmdCIgdmFsaWduPSJ0b3AiPiZuYnNwOzwvdGQ+CiAgICA8dGQgYWxpZ249ImxlZnQiIHZhbGlnbj0idG9wIj7mipjjgormm7LjgZLjgZ/pg6jliIbjgpLjgZPjga7jgojjgYbjgavjgqvjg4Pjgr/jg7zjgafjgIHjgrfjg6Xjg4Pjgajou73jgY/liIPjgpLjgYTjgozjgozjgbDvvIE8L3RkPgogIDwvdHI+CiAgPHRyPgogICAgPHRkIGhlaWdodD0iMTUiIGNvbHNwYW49IjUiPiZuYnNwOzwvdGQ+CiAgPC90cj4KICA8dHI+CiAgICA8dGQ+PGltZyBzcmM9Imh0dHBzOi8vaW1hZ2UucmFrdXRlbi5jby5qcC9oYXJyeS9jYWJpbmV0L2Zsb29yX3RpbGUvZmxvb3JfdGlsZV9ob3cwNC5qcGciIHdpZHRoPSIyMjUiIGhlaWdodD0iMjI1Ij48L3RkPgogICAgPHRkIHdpZHRoPSIxMiI+Jm5ic3A7PC90ZD4KICAgIDx0ZD48aW1nIHNyYz0iaHR0cHM6Ly9pbWFnZS5yYWt1dGVuLmNvLmpwL2hhcnJ5L2NhYmluZXQvZmxvb3JfdGlsZS9mbG9vcl90aWxlX2hvdzA1LmpwZyIgd2lkdGg9IjIyNSIgaGVpZ2h0PSIyMjUiPjwvdGQ+CiAgICA8dGQgd2lkdGg9IjEzIj4mbmJzcDs8L3RkPgogICAgPHRkPjxpbWcgc3JjPSJodHRwczovL2ltYWdlLnJha3V0ZW4uY28uanAvaGFycnkvY2FiaW5ldC9mbG9vcl90aWxlL2Zsb29yX3RpbGVfaG93MDYuanBnIiB3aWR0aD0iMjI1IiBoZWlnaHQ9IjIyNSI+PC90ZD4KICA8L3RyPjx0cj4KPHRkIGNvbHNwYW49IjUiIGhlaWdodD0iMTAiPiZuYnNwOzwvdGQ+CjwvdHI+CiAgPHRyPgogICAgPHRkIGFsaWduPSJsZWZ0IiB2YWxpZ249InRvcCI+44Gv44GE77yBPGJyPuOCq+ODg+ODiOWujOS6huOBp+OBmeOAgjwvdGQ+CiAgICA8dGQ+Jm5ic3A7PC90ZD4KICAgIDx0ZCBhbGlnbj0ibGVmdCIgdmFsaWduPSJ0b3AiPuOBr+OBleOBv+OBp+OCguOAgeOCguOBoeOCjeOCk++8r++8q++8gTxicj7lh7rmnaXjgozjgbDlpKfjgY3jgYTjga/jgZXjgb/jgafjga3jg7vjg7vjg7s8L3RkPgogICAgPHRkPiZuYnNwOzwvdGQ+CiAgICA8dGQgYWxpZ249ImxlZnQiIHZhbGlnbj0idG9wIj7lv4XopoHjgarloLTmiYDjgavjgII8L3RkPgogIDwvdHI+CjwvdGFibGU+PGJyPjxicj4KCjxwIHN0eWxlPSJib3JkZXItbGVmdDogNXB4IHNvbGlkICM0ZTQ1M2E7IGJvcmRlci1ib3R0b206IDFweCBzb2xpZCAjNGU0NTNhOyBmb250LXNpemU6IDI0cHg7IHBhZGRpbmctbGVmdDogNXB4OyI+44OV44Ot44Ki44K/44Kk44Or5bCC55So44Gu44KK44Gu44GU57S55LuLPC9wPgoKPGJyIC8+Cgo8cCBzdHlsZT0idGV4dC1hbGlnbjogY2VudGVyOyI+PGEgaHJlZj0iaHR0cHM6Ly9pdGVtLnJha3V0ZW4uY28uanAvaGFycnkvYy8wMDAwMDAwNDQyLyIgdGFyZ2V0PSJfYmxhbmsiPjxpbWcgc3JjPSJodHRwczovL2ltYWdlLnJha3V0ZW4uY28uanAvaGFycnkvY2FiaW5ldC8wMjM4MDQ3OC9mbG9vcnRpbGUta2FucmVuLWJhbi5qcGciIGJvcmRlcj0iMCIgYWx0PSLpgZPlhbfpoZ4iPjwvYT48L3A+PGJyIC8+CgoKPHA+PGEgaHJlZj0iaHR0cHM6Ly9pdGVtLnJha3V0ZW4uY28uanAvaGFycnkvYy8wMDAwMDAxMzg4LyIgdGFyZ2V0PSJfYmxhbmsiPjxpbWcgc3JjPSJodHRwczovL2ltYWdlLnJha3V0ZW4uY28uanAvaGFycnkvY2FiaW5ldC8wMjM4MDQ3OC9mbG9vcnRpbGUtc2FtcGxlLWJhbi5qcGciIGJvcmRlcj0iMCIgYWx0PSLnlLvlg48iPjwvYT48L3A+PGJyPjxicj4KCjxwIHN0eWxlPSJib3JkZXItbGVmdDogNXB4IHNvbGlkICM0ZTQ1M2E7IGJvcmRlci1ib3R0b206IDFweCBzb2xpZCAjNGU0NTNhOyBmb250LXNpemU6IDI0cHg7IHBhZGRpbmctbGVmdDogNXB4OyI+44OV44Ot44Ki44K/44Kk44Or5LiA6KanPC9wPgoKPHA+PGEgaHJlZj0iaHR0cHM6Ly9pdGVtLnJha3V0ZW4uY28uanAvaGFycnkvYy8wMDAwMDAwMjUyLyIgdGFyZ2V0PSJfYmxhbmsiPjxpbWcgc3JjPSJodHRwczovL2ltYWdlLnJha3V0ZW4uY28uanAvaGFycnkvY2FiaW5ldC8wMzUyNTg4Mi9mdC10by10b3AuanBnIiBib3JkZXI9IjAiIGFsdD0i55S75YOPIj48L2E+PC9wPjxicj48YnI+Cgo8L2Rpdj48ZGl2IHN0eWxlPSJ3aWR0aDo0NDBweDsgYm9yZGVyOjBweDsgdGV4dC1hbGlnbjpjZW50ZXI7Ij4KCjxpbWcgc3JjPSJodHRwczovL2ltYWdlLnJha3V0ZW4uY28uanAvaGFycnkvY2FiaW5ldC9zbWFydF9waG9uZS9mdGR1Z3UuanBnIiB3aWR0aD0iNDQwIiBib3JkZXI9IjAiIHN0eWxlPSJtYXJnaW4tYm90dG9tOjVweDsiPgoKCjxpbWcgc3JjPSJodHRwczovL2ltYWdlLnJha3V0ZW4uY28uanAvaGFycnkvY2FiaW5ldC9zbWFydF9waG9uZS9mdHplbmdhcmEuanBnIiB3aWR0aD0iNDQwIiBib3JkZXI9IjAiIHN0eWxlPSJtYXJnaW4tYm90dG9tOjVweDsiPgoKCjxpbWcgc3JjPSJodHRwczovL2ltYWdlLnJha3V0ZW4uY28uanAvaGFycnkvY2FiaW5ldC9zbWFydF9waG9uZS9kZWNvdGFpcnUuanBnIiB3aWR0aD0iNDQwIiBib3JkZXI9IjAiIHN0eWxlPSJtYXJnaW4tYm90dG9tOjVweDsiPgoKPC9kaXY+PHA+PGltZyBzcmM9Imh0dHBzOi8vaW1hZ2UucmFrdXRlbi5jby5qcC9oYXJyeS9jYWJpbmV0L3NvdXJ5b3UtNDQwbi5qcGciIGJvcmRlcj0iMCI+PC9wPjxpbWcgc3JjPSJodHRwczovL2ltYWdlLnJha3V0ZW4uY28uanAvaGFycnkvY2FiaW5ldC9ndWlkZS9ucF80NDAuanBnIiBib3JkZXI9IjAiIHN0eWxlPSJtYXJnaW46MTBweCAwcHg7Ij48cCBzdHlsZT0iY29sb3I6ICNmZmY7IGJhY2tncm91bmQtY29sb3I6ICNmNjk7IGZvbnQtc2l6ZTogMjRweDsgcGFkZGluZzogMTBweDsgd2lkdGg6IDM4MHB4OyI+4oC744GT44Gh44KJ44Gu5ZWG5ZOB44Gv44Kx44O844K55Y2Y5L2N44Gn44GU6LO85YWl44Gn44GN44G+44GZ44CCPC9wPgo8dGFibGUgd2lkdGg9IjQ0MCIgYm9yZGVyPSIwIiBjZWxsc3BhY2luZz0iMSIgY2VsbHBhZGRpbmc9IjMiIGJnY29sb3I9IiM2NjY2NjYiIHN0eWxlPSJmb250LWZhbWlseTon44OS44Op44Ku44OO6KeS44K0IFBybyBXMycsICdIaXJhZ2lubyBLYWt1IEdvdGhpYyBQcm8nLCAn44Oh44Kk44Oq44KqJywgTWVpcnlvLCBPc2FrYSwgJ++8re+8syDvvLDjgrTjgrfjg4Pjgq8nLCAnTVMgUEdvdGhpYycsIHNhbnMtc2VyaWY7IGZvbnQtc2l6ZToxMnB4OyI+IDx0cj4gICAgPHRkIGJnY29sb3I9IiNDQ0NDQ0MiIGFsaWduPSJjZW50ZXIiPuWVhuWTgeWQjTwvdGQ+ICAgIDx0ZCBiZ2NvbG9yPSIjRkZGRkZGIj7jgrfjg7PjgrPjg7zjg6soc2luY29sKSBGTE9PUiBUSUxFPGJyPuOCs+ODs+OCr+ODquODvOODiOODl+ODqeOCuTwvdGQ+ICA8L3RyPiA8dGQgYmdjb2xvcj0iI0NDQ0NDQyIgYWxpZ249ImNlbnRlciI+5ZWG5ZOB6Kqs5piOPC90ZD4gICAgPHRkIGJnY29sb3I9IiNGRkZGRkYiPuW6l+iIl+OBi+OCieS9j+WuheOBvuOBp+OAgeWkmuW9qeOBquODi+ODvOOCuuOBq+W/nOOBiOOCi+ikh+WxpOODk+ODi+ODq+W6iuOCv+OCpOODq+OAjOODnuODg+ODiOODjeODqeOAjeiyvOOCiuabv+OBiOOBjOewoeWNmOOBq+WHuuadpeOBpgros4PosrjkvY/lroXjga7nj77nirblm57lvqnnrYnjgavkvr/liKnjgafjgZnjgII8YnI+PGJyPgrjg5Xjg63jgqLjgr/jgqTjg6vlsILploDlupfjgaflv4XopoHjgarllYblk4Hmj4PjgYjjgqTjg7Pjg4bjg6rjgqLjgrfjg6fjg4Pjg5fjg4/jg6rjg7zjgafjga/jgIHjgrXjg7PjgrLjg4Tjg7vmnbHjg6rjg7vjgrfjg7PjgrPjg7zjg6vjg7vjg6rjg6rjgqvjg6nku5bjgpLjgZTnlKjmhI/jgZfjgabjgYrjgorjgb7jgZnvvIEgPGJyPuODleODreOCouOCv+OCpOODq+OBruafhOOCguixiuWvjO+8geS6uuawl+OBruODleODreODvOODquODs+OCsOiqv+OBruODquOCouODq+OBqiDmnKjnm64o44Km44OD44OJKeafhOOBryDnhKHlnqLmnZDpoqjjgoQg44GK44GX44KD44KM44GqIOODtOOCo+ODs+ODhuODvOOCuCDjgrnjgq/jg6njg4Pjg5fjgqbjg4Pjg4npoqjjgIHjg6rjgqLjg6vjgavooajnj77lpKfnkIbnn7Mo44K544OI44O844OzKeOAgXDjgr/jgqTjg6vjga7mp5jjgaog44OX44Os44O844Oz5p+EIOODhuODqeOCs+ODg+OCv+afhCDnrYnjgq/jg4Pjgrfjg6fjg7Pjg5Xjg63jgqLjgojjgorjgoLogJDkuYXmgKfjgavlhKrjgozjgabjgYTjgovjga7jgaflupfoiJfnlKjjgafjgoLjgYrjgZnjgZnjgoHjgafjgZnvvIHmjrLovInjgZXjgozjgabjgYTjgarjgYTjg5Xjg63jgqLjgr/jgqTjg6vjgoLjgZTpgaDmha7jgarjgY/jgYrllY/jgYTlkIjjgo/jgZvkuIvjgZXjgYTjgILmjqXnnYDliaTkuI3opoHjga4g6LK844KL44Gg44GRIOe9ruOBj+OBoOOBkeOCv+OCpOODl+OBruODj+ODquODvOOCpOODvOOCuOODvOODh+OCs+OCv+OCpOODq+OCguOBlOaknOiojuOBj+OBoOOBleOBhOOAgjxicj48YnI+CjxzcGFuIHN0eWxlPSJjb2xvcjojZmYwMDAwOyBmb250LXNpemU6MTJweCI+4oC744GK5L2/44GE44Gu44OR44K944Kz44Oz55Kw5aKD44Gr44KI44Gj44Gm44Gv44CBIDxicj7jgIDllYblk4Hjga7oibLjgYzopovmnKzjgajlpJrlsJHnlbDjgarjgovloLTlkIjjgYzjgYLjgorjgb7jgZnjgIIgPGJyPjwvc3Bhbj48YnI+c3RvbmUg44Ob44Ov44Kk44OIIOODluODq+ODvCDjg5Hjg7zjg5fjg6sg44OZ44O844K444OlIOeZvSDpnZIg57SrIOiyvOOCi+OBoOOBkSDjgr/jgqTjg6sg44OV44Ot44Ki44O8IOOCt+ODvOODiCDjg5Hjg43jg6sg5YK3IOaxmuOCjCDpmLLmraIg44OV44Ot44O844Oq44Oz44KwIOOCq+ODvOODmuODg+ODiCDoo5zkv64g5L+u55CGIOS/neittyDlvLfljJYg5pa95belIOOCquODleOCo+OCuSDjg6rjg5Pjg7PjgrAg44Oe44Oz44K344On44OzIOizg+iyuCDjgrXjg63jg7Mg44Oi44Or44K/44OrICDjgrPjg7Pjg5Hjg40g5LqM6YeN5bqVPC90ZD4gIDwvdHI+IDx0ZCBiZ2NvbG9yPSIjQ0NDQ0NDIiBhbGlnbj0iY2VudGVyIj7mjrLovInlk4Hnlao8L3RkPiAgICA8dGQgYmdjb2xvcj0iI0ZGRkZGRiI+TVMtOTcwOQpNUy05NzEwCk1TLTk3MTE8L3RkPiAgPC90cj4gPHRkIGJnY29sb3I9IiNDQ0NDQ0MiIGFsaWduPSJjZW50ZXIiPuiJsjwvdGQ+ICAgIDx0ZCBiZ2NvbG9yPSIjRkZGRkZGIj7nn7Pnm67mn4Qg6Iqx5p+EPC90ZD48L3RyPiA8dHI+ICAgIDx0ZCBiZ2NvbG9yPSIjQ0NDQ0NDIiBhbGlnbj0iY2VudGVyIj7jgrXjgqTjgro8L3RkPiAgICA8dGQgYmdjb2xvcj0iI0ZGRkZGRiI+44K144Kk44K677yaNDU3LjJtbXg0NTcuMm1tPGJyPuWOmuOBv++8mjIuNW1tPGJyPuODiOODg+ODl+WxpO+8muOCr+ODquOCouODvDAuM208dHI+ICAgIDx0ZCBiZ2NvbG9yPSIjQ0NDQ0NDIiBhbGlnbj0iY2VudGVyIj4x44Kx44O844K55Y2Y5L2NPC90ZD4gICAgPHRkIGJnY29sb3I9IiNGRkZGRkYiPjIw5p6a5YWl77yI57SE77yaNC4xOOW5s+aWueODoeODvOODiOODq++8iTwvdGQ+ICA8L3RyPiA8dHI+ICAgIDx0ZCBiZ2NvbG9yPSIjQ0NDQ0NDIiBhbGlnbj0iY2VudGVyIj7mqZ/og708L3RkPiAgICA8dGQgYmdjb2xvcj0iI0ZGRkZGRiI+PHA+44OP44Oz44OE44OkPC90cj4gIDx0cj4gICAgPHRkIGJnY29sb3I9IiNDQ0NDQ0MiIHdpZHRoPSIxMDAiIGFsaWduPSJjZW50ZXIiPumAgSDmlpk8L3RkPiAgICA8dGQgYmdjb2xvcj0iI0ZGRkZGRiI+44CQ6YCBIOaWmeOAkeilv+a/g+mBi+i8uCDku5bvvJo3MDDlhobvvIjnqI7liKXvvIk8YnI+4oC75YyX5rW36YGT44O75rKW57iE44G744GL5LiA6YOo44Gu5Zyw5Z+f44Gv6Zmk44GN44G+44GZ44CCPGJyPjxiPumAgeaWmeOBruips+e0sOOBq+OBpOOBhOOBpuOBr+OBk+OBoeOCieOBuO+8nu+8njwvYj48L3RkPiAgIDwvdHI+ICA8dHI+ICAgIDx0ZCBiZ2NvbG9yPSIjQ0NDQ0NDIiBhbGlnbj0iY2VudGVyIj7ntI0g5pyfPC90ZD4gICAgPHRkIGJnY29sb3I9IiNGRkZGRkYiPuOBlOazqOaWh+eiuuWumuW+jOOAgee0hDPvvZ415Za25qWt5pelPC90ZD4gIDwvdHI+PC90YWJsZT48c3R5bGUgdHlwZT0idGV4dC9jc3MiPgo8IS0tCgpkaXYjSGVhZGVyS2V5d29yZCB7Cglwb3NpdGlvbjphYnNvbHV0ZTsKCXRvcDo1MHB4Oy8q5LiA55Wq5LiK44GL44KJ44Gu5L2N572uKi8KCWxlZnQ6OHB4Oy8q5bem56uv44GL44KJ44Gu5L2N572uKi8KCXdpZHRoOjEyMDBweDsKfQoKZGl2I0hlYWRlcktleXdvcmQgc3BhbiB7CgliYWNrZ3JvdW5kOiAjYmYwMDAwOwoJY29sb3I6I2ZmZjsKCWZvbnQtd2VpZ2h0OmJvbGQ7Cglmb250LXNpemU6MTJweDsKCWZvbnQtZmFtaWx5OiLjg6HjgqTjg6rjgqoiOwoJcGFkZGluZzoycHggNXB4Owp9CgpkaXYjSGVhZGVyS2V5d29yZCBhIHsKCWNvbG9yOiMwMDQ0Q0M7Cglmb250LXNpemU6MTJweDsKCWZvbnQtZmFtaWx5OiLjg6HjgqTjg6rjgqoiOwp9CgotLT4KPC9zdHlsZT4KCjxkaXYgaWQ9IkhlYWRlcktleXdvcmQiPgo8c3Bhbj7ms6jnm67jga7jgq3jg7zjg6/jg7zjg4k8L3NwYW4+CuOCquODvOODgOODvOOCq+ODvOODhuODswogLyAK44OG44Op44Kz44OD44K/5p+E5bqK44K344O844OICiAvIArmtJfjgYjjgovjgr/jgqTjg6vjgqvjg7zjg5rjg4Pjg4gKIC8gCuaZguioiOS7mOOBjeOCpuOCqeODvOODq+OCueODhuODg+OCq+ODvAo8L2Rpdj4=,44OV44Ot44Ki44K/44Kk44OrIOOCt+ODs+OCs+ODvOODqyDjg57jg4Pjg4jjg43jg6kg5bqKIOW6iuadkCDjg5Xjg63jg7zjg6rjg7PjgrAg44OT44OL44OrIFDjgr/jgqTjg6sg44OV44Ot44KiIGRpeSDjg6rjg5Xjgqnjg7zjg6Ag5Zyf6Laz5a++5b+cIOOCpOODs+ODhuODquOCoiDlupfoiJcg5L2P5a6FIOOCouODvOODkOODsyDjgrPjg7Pjgq/jg6rjg7zjg4jjg5fjg6njgrkg55+zIOefs+ebruiqvyDjgrnjg4jjg7zjg7Mg5aSn55CG55+zIOODleODqeODr+ODvCDoirHmn4QgMDNT77ya44Kk44Oz44OG44Oq44Ki44K344On44OD44OXIOOAkOODj+ODquODvOOAkQ==,44Km44Kp44O844Or44K544OG44OD44Kr44O844K/44Kk44Or44Kr44O844Oa44OD44OI44Kv44OD44K344On44Oz44OV44Ot44Ki44Ks44Op44K544OV44Kj44Or44Og44OV44Ot44Ki44K/44Kk44Or44Kr44OD44OG44Kj44Oz44Kw44K344O844OI44K544OG44OD44Kr44O844Km44Kq44O844Or44K544OG44OD44Kr44O844K344O844Or44Kr44O844Oa44OD44OIZGl56Lui5YaZ44Km44Kp44O844Or44K544OG44OD44Kr44O8T0Hjg5Xjg63jgqLlo4HntJnjg6njgrDjgq/jg4Pjgrfjg6fjg7Pjg5Xjg63jgqLjg7zlo4HntJnjgrfjg7zjg6vjg4/jg6rjg7zjgrnjg4bjg4Pjgqvjg7zjg5Xjg63jgqLjg7zjgr/jgqTjg6vjgqTjg7Pjg4bjg6rjgqLjgqbjgqnjg7zjg6vjgrnjg4bjg4Pjgqvjg7zjg5Xjg63jgqLjgr/jgqTjg6sg44K344Oz44Kz44O844OrIOODnuODg+ODiOODjeODqSDluoog5bqK5p2QIOODleODreODvOODquODs+OCsCDjg5Pjg4vjg6sgUOOCv+OCpOODqyDjg5Xjg63jgqIgZGl5IOODquODleOCqeODvOODoCDlnJ/otrPlr77lv5wg44Kk44Oz44OG44Oq44KiIOW6l+iIlyDkvY/lroUg44Ki44O844OQ44OzIOOCs+ODs+OCr+ODquODvOODiOODl+ODqeOCuSDnn7Mg55+z55uu6Kq/IOOCueODiOODvOODsyDlpKfnkIbnn7Mg44OV44Op44Ov44O8IOiKseafhCAwM1M=,c2luY29sIG1hdHRvbmVsbGEg44OV44Ot44Ki44O844K/44Kk44OrIDHjgrHjg7zjgrnvvIgyMOaemuWFpe+8iSDniLbjga7ml6XjgILjg5Xjg63jgqLjgr/jgqTjg6sg44K344Oz44Kz44O844OrIOODnuODg+ODiOODjeODqSDluoog5bqK5p2QIOODleODreODvOODquODs+OCsCDjg5Pjg4vjg6sgUOOCv+OCpOODqyDjg5Xjg63jgqIgZGl5IOODquODleOCqeODvOODoCDlnJ/otrPlr77lv5wg44Kk44Oz44OG44Oq44KiIOW6l+iIlyDkvY/lroUg44Ki44O844OQ44OzIOOCs+ODs+OCr+ODquODvOODiOODl+ODqeOCuSDnn7Mg55+z55uu6Kq/IOOCueODiOODvOODsyDlpKfnkIbnn7Mg44OV44Op44Ov44O8IOiKseafhCAwM1M=[rn]
31-2618,aHR0cDovL3RzaG9wLnIxMHMuanAvaGFycnkvY2FiaW5ldC9zaW4tZnQvbDI0LTAxLXNpbi1tbjUyLmpwZz9maXRpbj03MDA6NzAw,OTAzMi44MDAw,,6Iqx44O744Ks44O844OH44Oz44O7RElZID4g5L2P5a6F5bu65p2Q44O76Kit5YKZID4g5bqK5p2QID4g44Gd44Gu5LuW,44OV44Ot44Ki44K/44Kk44OrIOOCt+ODs+OCs+ODvOODqyDjg57jg4Pjg4jjg43jg6kg5bqKIOW6iuadkCDjg5Xjg63jg7zjg6rjg7PjgrAg44OT44OL44OrIFDjgr/jgqTjg6sg44OV44Ot44KiIGRpeSDjg6rjg5Xjgqnjg7zjg6Ag5Zyf6Laz5a++5b+cIOOCpOODs+ODhuODquOCoiDlupfoiJcg5L2P5a6FIOOCueODiOODvOODsyDjg5vjg6/jgqTjg4jjgqrjg4vjg4Pjgq/jgrkg44Ki44Op44OZ44K544Kr44O844OIIOODj+ODi+ODvOODluODqeOCpuODs+ODqeOCpOODiCDnn7Mg55+z55uu6Kq/IOWkp+eQhuefsyDjgrPjg7Pjgq/jg6rjg7zjg4gg55+z5p2QIDAzUw==,c2luY29sIG1hdHRvbmVsbGEg44OV44Ot44Ki44O844K/44Kk44OrIDHjgrHjg7zjgrnvvIgyMOaemuWFpe+8iSDniLbjga7ml6U=,PGRpdiBzdHlsZT0id2lkdGg6IDcwMHB4OyBsaW5lLWhlaWdodDogMS41OyBjb2xvcjogIzJmMmIyNyI+CjxwIHN0eWxlPSJjb2xvcjogI2ZmZjsgYmFja2dyb3VuZC1jb2xvcjogI2Y2OTsgZm9udC1zaXplOiAyNHB4OyBwYWRkaW5nOiAxMHB4OyI+4oC744GT44Gh44KJ44Gu5ZWG5ZOB44Gv44Kx44O844K55Y2Y5L2N44Gn44GU6LO85YWl44Gn44GN44G+44GZ44CCPC9wPgo8cD48aW1nIHNyYz0iaHR0cHM6Ly9pbWFnZS5yYWt1dGVuLmNvLmpwL2hhcnJ5L2NhYmluZXQvc2luLWZ0L2wyNC0wMS1zaW4tbW41Mi5qcGciIGJvcmRlcj0iMCIgd2lkdGg9IjcwMCIgLz48L3A+CjxwPjxpbWcgc3JjPSJodHRwczovL2ltYWdlLnJha3V0ZW4uY28uanAvaGFycnkvY2FiaW5ldC9zaW4tZnQvbDI0LTAxLXNpbi1tbjUyXzEuanBnIiBib3JkZXI9IjAiIHdpZHRoPSI3MDAiIC8+PC9wPgoKPHAgc3R5bGU9ImJvcmRlci1sZWZ0OiA1cHggc29saWQgIzRlNDUzYTsgYm9yZGVyLWJvdHRvbTogMXB4IHNvbGlkICM0ZTQ1M2E7IGZvbnQtc2l6ZTogMjRweDsgcGFkZGluZy1sZWZ0OiA1cHg7Ij7jg5Xjg63jgqLjgr/jgqTjg6vjga7osrzjgormlrk8L3A+Cgo8cCBzdHlsZT0iY29sb3I6IzIyMjIyMjsgZm9udC1zaXplOjMwcHg7IGZvbnQtd2VpZ2h0OmJvbGQ7IG1hcmdpbjowcHg7IHBhZGRpbmctbGVmdDoxMHB4OyBwYWRkaW5nLXRvcDoxMHB4OyBwYWRkaW5nLWJvdHRvbToyMHB4OyBmb250LWZhbWlseTogR2VvcmdpYSwgVGltZXMgTmV3IFJvbWFuLCBUaW1lczsiPmhhcnJ544Gn5aWz5oCn44Gu5pa544Gr5Zyn5YCS55qE5Lq65rCX44Gu56eY5a+G4oCmPC9wPgo8cCBzdHlsZT0iY29sb3I6IzMzMzMzMzsgZm9udC1zaXplOjE2cHg7IG1hcmdpbjowcHg7IHBhZGRpbmctbGVmdDoxMHB4OyI+44Gd44KM44Gv44OV44Ot44Ki44K/44Kk44Or44GM44GK5omL6Lu957Ch5Y2Y44Gg44GL44KJ77yBPC9wPgo8YnI+Cjxicj4KPHRhYmxlIHdpZHRoPSI3MDAiIGJvcmRlcj0iMCIgY2VsbHNwYWNpbmc9IjAiIGNlbGxwYWRkaW5nPSIwIiBzdHlsZT0iZm9udC1zaXplOjE0cHg7IGNvbG9yOiMzMzMzMzMiPgogIDx0cj4KICAgIDx0ZD48aW1nIHNyYz0iaHR0cHM6Ly9pbWFnZS5yYWt1dGVuLmNvLmpwL2hhcnJ5L2NhYmluZXQvZmxvb3JfdGlsZS9mbG9vcl90aWxlX2hvdzAxLmpwZyIgd2lkdGg9IjIyNSIgaGVpZ2h0PSIyMjUiPjwvdGQ+CiAgICA8dGQgd2lkdGg9IjEyIj4mbmJzcDs8L3RkPgogICAgPHRkPjxpbWcgc3JjPSJodHRwczovL2ltYWdlLnJha3V0ZW4uY28uanAvaGFycnkvY2FiaW5ldC9mbG9vcl90aWxlL2Zsb29yX3RpbGVfaG93MDIuanBnIiB3aWR0aD0iMjI1IiBoZWlnaHQ9IjIyNSI+PC90ZD4KICAgIDx0ZCB3aWR0aD0iMTMiPiZuYnNwOzwvdGQ+CiAgICA8dGQ+PGltZyBzcmM9Imh0dHBzOi8vaW1hZ2UucmFrdXRlbi5jby5qcC9oYXJyeS9jYWJpbmV0L2Zsb29yX3RpbGUvZmxvb3JfdGlsZV9ob3cwMy5qcGciIHdpZHRoPSIyMjUiIGhlaWdodD0iMjI1Ij48L3RkPgogIDwvdHI+PHRyPgo8dGQgY29sc3Bhbj0iNSIgaGVpZ2h0PSIxMCI+Jm5ic3A7PC90ZD4KPC90cj4KICA8dHI+CiAgICA8dGQgYWxpZ249ImxlZnQiIHZhbGlnbj0idG9wIj7jgYrpg6jlsYvjga7pmoXjga7jgqvjg4Pjg4jpg6jliIbjga/jgIHjgYrlrrbjgavjgYLjgovlrpropo/jgafljYHliIbvvIE8YnI+5a6a6KaP44KS44GC44Gm44Gm44GT44Gu44KI44GG44Gr5L2V5bqm44GL5YiH44KK55uu44KS44GE44KM44G+44GX44KH44GG77yBPC90ZD4KICAgIDx0ZCBhbGlnbj0ibGVmdCIgdmFsaWduPSJ0b3AiPiZuYnNwOzwvdGQ+CiAgICA8dGQgYWxpZ249ImxlZnQiIHZhbGlnbj0idG9wIj7ou73jgY/mipjjgormm7LjgZLjgozjgbDjgZPjga7jgajjgYrjgorjgII8L3RkPgogICAgPHRkIGFsaWduPSJsZWZ0IiB2YWxpZ249InRvcCI+Jm5ic3A7PC90ZD4KICAgIDx0ZCBhbGlnbj0ibGVmdCIgdmFsaWduPSJ0b3AiPuaKmOOCiuabsuOBkuOBn+mDqOWIhuOCkuOBk+OBruOCiOOBhuOBq+OCq+ODg+OCv+ODvOOBp+OAgeOCt+ODpeODg+OBqOi7veOBj+WIg+OCkuOBhOOCjOOCjOOBsO+8gTwvdGQ+CiAgPC90cj4KICA8dHI+CiAgICA8dGQgaGVpZ2h0PSIxNSIgY29sc3Bhbj0iNSI+Jm5ic3A7PC90ZD4KICA8L3RyPgogIDx0cj4KICAgIDx0ZD48aW1nIHNyYz0iaHR0cHM6Ly9pbWFnZS5yYWt1dGVuLmNvLmpwL2hhcnJ5L2NhYmluZXQvZmxvb3JfdGlsZS9mbG9vcl90aWxlX2hvdzA0LmpwZyIgd2lkdGg9IjIyNSIgaGVpZ2h0PSIyMjUiPjwvdGQ+CiAgICA8dGQgd2lkdGg9IjEyIj4mbmJzcDs8L3RkPgogICAgPHRkPjxpbWcgc3JjPSJodHRwczovL2ltYWdlLnJha3V0ZW4uY28uanAvaGFycnkvY2FiaW5ldC9mbG9vcl90aWxlL2Zsb29yX3RpbGVfaG93MDUuanBnIiB3aWR0aD0iMjI1IiBoZWlnaHQ9IjIyNSI+PC90ZD4KICAgIDx0ZCB3aWR0aD0iMTMiPiZuYnNwOzwvdGQ+CiAgICA8dGQ+PGltZyBzcmM9Imh0dHBzOi8vaW1hZ2UucmFrdXRlbi5jby5qcC9oYXJyeS9jYWJpbmV0L2Zsb29yX3RpbGUvZmxvb3JfdGlsZV9ob3cwNi5qcGciIHdpZHRoPSIyMjUiIGhlaWdodD0iMjI1Ij48L3RkPgogIDwvdHI+PHRyPgo8dGQgY29sc3Bhbj0iNSIgaGVpZ2h0PSIxMCI+Jm5ic3A7PC90ZD4KPC90cj4KICA8dHI+CiAgICA8dGQgYWxpZ249ImxlZnQiIHZhbGlnbj0idG9wIj7jga/jgYTvvIE8YnI+44Kr44OD44OI5a6M5LqG44Gn44GZ44CCPC90ZD4KICAgIDx0ZD4mbmJzcDs8L3RkPgogICAgPHRkIGFsaWduPSJsZWZ0IiB2YWxpZ249InRvcCI+44Gv44GV44G/44Gn44KC44CB44KC44Gh44KN44KT77yv77yr77yBPGJyPuWHuuadpeOCjOOBsOWkp+OBjeOBhOOBr+OBleOBv+OBp+OBreODu+ODu+ODuzwvdGQ+CiAgICA8dGQ+Jm5ic3A7PC90ZD4KICAgIDx0ZCBhbGlnbj0ibGVmdCIgdmFsaWduPSJ0b3AiPuW/heimgeOBquWgtOaJgOOBq+OAgjwvdGQ+CiAgPC90cj4KPC90YWJsZT48YnI+PGJyPgoKPHAgc3R5bGU9ImJvcmRlci1sZWZ0OiA1cHggc29saWQgIzRlNDUzYTsgYm9yZGVyLWJvdHRvbTogMXB4IHNvbGlkICM0ZTQ1M2E7IGZvbnQtc2l6ZTogMjRweDsgcGFkZGluZy1sZWZ0OiA1cHg7Ij7jg5Xjg63jgqLjgr/jgqTjg6vlsILnlKjjga7jgorjga7jgZTntLnku4s8L3A+Cgo8YnIgLz4KCjxwIHN0eWxlPSJ0ZXh0LWFsaWduOiBjZW50ZXI7Ij48YSBocmVmPSJodHRwczovL2l0ZW0ucmFrdXRlbi5jby5qcC9oYXJyeS9jLzAwMDAwMDA0NDIvIiB0YXJnZXQ9Il9ibGFuayI+PGltZyBzcmM9Imh0dHBzOi8vaW1hZ2UucmFrdXRlbi5jby5qcC9oYXJyeS9jYWJpbmV0LzAyMzgwNDc4L2Zsb29ydGlsZS1rYW5yZW4tYmFuLmpwZyIgYm9yZGVyPSIwIiBhbHQ9IumBk+WFt+mhniI+PC9hPjwvcD48YnIgLz4KCgo8cD48YSBocmVmPSJodHRwczovL2l0ZW0ucmFrdXRlbi5jby5qcC9oYXJyeS9jLzAwMDAwMDEzODgvIiB0YXJnZXQ9Il9ibGFuayI+PGltZyBzcmM9Imh0dHBzOi8vaW1hZ2UucmFrdXRlbi5jby5qcC9oYXJyeS9jYWJpbmV0LzAyMzgwNDc4L2Zsb29ydGlsZS1zYW1wbGUtYmFuLmpwZyIgYm9yZGVyPSIwIiBhbHQ9IueUu+WDjyI+PC9hPjwvcD48YnI+PGJyPgoKPHAgc3R5bGU9ImJvcmRlci1sZWZ0OiA1cHggc29saWQgIzRlNDUzYTsgYm9yZGVyLWJvdHRvbTogMXB4IHNvbGlkICM0ZTQ1M2E7IGZvbnQtc2l6ZTogMjRweDsgcGFkZGluZy1sZWZ0OiA1cHg7Ij7jg5Xjg63jgqLjgr/jgqTjg6vkuIDopqc8L3A+Cgo8cD48YSBocmVmPSJodHRwczovL2l0ZW0ucmFrdXRlbi5jby5qcC9oYXJyeS9jLzAwMDAwMDAyNTIvIiB0YXJnZXQ9Il9ibGFuayI+PGltZyBzcmM9Imh0dHBzOi8vaW1hZ2UucmFrdXRlbi5jby5qcC9oYXJyeS9jYWJpbmV0LzAzNTI1ODgyL2Z0LXRvLXRvcC5qcGciIGJvcmRlcj0iMCIgYWx0PSLnlLvlg48iPjwvYT48L3A+PGJyPjxicj4KCjwvZGl2PjxkaXYgc3R5bGU9IndpZHRoOjQ0MHB4OyBib3JkZXI6MHB4OyB0ZXh0LWFsaWduOmNlbnRlcjsiPgoKPGltZyBzcmM9Imh0dHBzOi8vaW1hZ2UucmFrdXRlbi5jby5qcC9oYXJyeS9jYWJpbmV0L3NtYXJ0X3Bob25lL2Z0ZHVndS5qcGciIHdpZHRoPSI0NDAiIGJvcmRlcj0iMCIgc3R5bGU9Im1hcmdpbi1ib3R0b206NXB4OyI+CgoKPGltZyBzcmM9Imh0dHBzOi8vaW1hZ2UucmFrdXRlbi5jby5qcC9oYXJyeS9jYWJpbmV0L3NtYXJ0X3Bob25lL2Z0emVuZ2FyYS5qcGciIHdpZHRoPSI0NDAiIGJvcmRlcj0iMCIgc3R5bGU9Im1hcmdpbi1ib3R0b206NXB4OyI+CgoKPGltZyBzcmM9Imh0dHBzOi8vaW1hZ2UucmFrdXRlbi5jby5qcC9oYXJyeS9jYWJpbmV0L3NtYXJ0X3Bob25lL2RlY290YWlydS5qcGciIHdpZHRoPSI0NDAiIGJvcmRlcj0iMCIgc3R5bGU9Im1hcmdpbi1ib3R0b206NXB4OyI+Cgo8L2Rpdj48cD48aW1nIHNyYz0iaHR0cHM6Ly9pbWFnZS5yYWt1dGVuLmNvLmpwL2hhcnJ5L2NhYmluZXQvc291cnlvdS00NDBuLmpwZyIgYm9yZGVyPSIwIj48L3A+PGltZyBzcmM9Imh0dHBzOi8vaW1hZ2UucmFrdXRlbi5jby5qcC9oYXJyeS9jYWJpbmV0L2d1aWRlL25wXzQ0MC5qcGciIGJvcmRlcj0iMCIgc3R5bGU9Im1hcmdpbjoxMHB4IDBweDsiPjxwIHN0eWxlPSJjb2xvcjogI2ZmZjsgYmFja2dyb3VuZC1jb2xvcjogI2Y2OTsgZm9udC1zaXplOiAyNHB4OyBwYWRkaW5nOiAxMHB4OyB3aWR0aDogMzgwcHg7Ij7igLvjgZPjgaHjgonjga7llYblk4Hjga/jgrHjg7zjgrnljZjkvY3jgafjgZTos7zlhaXjgafjgY3jgb7jgZnjgII8L3A+Cjx0YWJsZSB3aWR0aD0iNDQwIiBib3JkZXI9IjAiIGNlbGxzcGFjaW5nPSIxIiBjZWxscGFkZGluZz0iMyIgYmdjb2xvcj0iIzY2NjY2NiIgc3R5bGU9ImZvbnQtZmFtaWx5Oifjg5Ljg6njgq7jg47op5LjgrQgUHJvIFczJywgJ0hpcmFnaW5vIEtha3UgR290aGljIFBybycsICfjg6HjgqTjg6rjgqonLCBNZWlyeW8sIE9zYWthLCAn77yt77yzIO+8sOOCtOOCt+ODg+OCrycsICdNUyBQR290aGljJywgc2Fucy1zZXJpZjsgZm9udC1zaXplOjEycHg7Ij4gPHRyPiAgICA8dGQgYmdjb2xvcj0iI0NDQ0NDQyIgYWxpZ249ImNlbnRlciI+5ZWG5ZOB5ZCNPC90ZD4gICAgPHRkIGJnY29sb3I9IiNGRkZGRkYiPuOCt+ODs+OCs+ODvOODqyhzaW5jb2wpIEZMT09SIFRJTEU8YnI+44Ob44Ov44Kk44OI44Kq44OL44OD44Kv44K5IOOCouODqeODmeOCueOCq+ODvOODiCDjg4/jg4vjg7zjg5bjg6njgqbjg7Pjg6njgqTjg4g8L3RkPiAgPC90cj4gPHRkIGJnY29sb3I9IiNDQ0NDQ0MiIGFsaWduPSJjZW50ZXIiPuWVhuWTgeiqrOaYjjwvdGQ+ICAgIDx0ZCBiZ2NvbG9yPSIjRkZGRkZGIj7lupfoiJfjgYvjgonkvY/lroXjgb7jgafjgIHlpJrlvanjgarjg4vjg7zjgrrjgavlv5zjgYjjgovopIflsaTjg5Pjg4vjg6vluorjgr/jgqTjg6vjgIzjg57jg4Pjg4jjg43jg6njgI3osrzjgormm7/jgYjjgYznsKHljZjjgavlh7rmnaXjgaYK6LOD6LK45L2P5a6F44Gu54++54q25Zue5b6p562J44Gr5L6/5Yip44Gn44GZ44CCPGJyPjxicj4K44OV44Ot44Ki44K/44Kk44Or5bCC6ZaA5bqX44Gn5b+F6KaB44Gq5ZWG5ZOB5o+D44GI44Kk44Oz44OG44Oq44Ki44K344On44OD44OX44OP44Oq44O844Gn44Gv44CB44K144Oz44Ky44OE44O75p2x44Oq44O744K344Oz44Kz44O844Or44O744Oq44Oq44Kr44Op5LuW44KS44GU55So5oSP44GX44Gm44GK44KK44G+44GZ77yBIDxicj7jg5Xjg63jgqLjgr/jgqTjg6vjga7mn4TjgoLosYrlr4zvvIHkurrmsJfjga7jg5Xjg63jg7zjg6rjg7PjgrDoqr/jga7jg6rjgqLjg6vjgaog5pyo55uuKOOCpuODg+ODiSnmn4Tjga8g54Sh5Z6i5p2Q6aKo44KEIOOBiuOBl+OCg+OCjOOBqiDjg7TjgqPjg7Pjg4bjg7zjgrgg44K544Kv44Op44OD44OX44Km44OD44OJ6aKo44CB44Oq44Ki44Or44Gr6KGo54++5aSn55CG55+zKOOCueODiOODvOODsynjgIFw44K/44Kk44Or44Gu5qeY44GqIOODl+ODrOODvOODs+afhCDjg4bjg6njgrPjg4Pjgr/mn4Qg562J44Kv44OD44K344On44Oz44OV44Ot44Ki44KI44KK44KC6ICQ5LmF5oCn44Gr5YSq44KM44Gm44GE44KL44Gu44Gn5bqX6IiX55So44Gn44KC44GK44GZ44GZ44KB44Gn44GZ77yB5o6y6LyJ44GV44KM44Gm44GE44Gq44GE44OV44Ot44Ki44K/44Kk44Or44KC44GU6YGg5oWu44Gq44GP44GK5ZWP44GE5ZCI44KP44Gb5LiL44GV44GE44CC5o6l552A5Ymk5LiN6KaB44GuIOiyvOOCi+OBoOOBkSDnva7jgY/jgaDjgZHjgr/jgqTjg5fjga7jg4/jg6rjg7zjgqTjg7zjgrjjg7zjg4fjgrPjgr/jgqTjg6vjgoLjgZTmpJzoqI7jgY/jgaDjgZXjgYTjgII8YnI+PGJyPgo8c3BhbiBzdHlsZT0iY29sb3I6I2ZmMDAwMDsgZm9udC1zaXplOjEycHgiPuKAu+OBiuS9v+OBhOOBruODkeOCveOCs+ODs+eSsOWig+OBq+OCiOOBo+OBpuOBr+OAgSA8YnI+44CA5ZWG5ZOB44Gu6Imy44GM6KaL5pys44Go5aSa5bCR55Ww44Gq44KL5aC05ZCI44GM44GC44KK44G+44GZ44CCIDxicj48L3NwYW4+PGJyPnN0b25lIOODm+ODr+OCpOODiCDnmb0g6LK844KL44Gg44GRIOOCv+OCpOODqyDjg5Xjg63jgqLjg7wg44K344O844OIIOODkeODjeODqyDlgrcg5rGa44KMIOmYsuatoiDjg5Xjg63jg7zjg6rjg7PjgrAg44Kr44O844Oa44OD44OIIOijnOS/riDkv67nkIYg5L+d6K23IOW8t+WMliDmlr3lt6Ug44Kq44OV44Kj44K5IOODquODk+ODs+OCsCDjg57jg7Pjgrfjg6fjg7Mg6LOD6LK4IOOCteODreODsyDjg6Ljg6vjgr/jg6sgIOOCs+ODs+ODkeODjSDkuozph43lupU8L3RkPiAgPC90cj4gPHRkIGJnY29sb3I9IiNDQ0NDQ0MiIGFsaWduPSJjZW50ZXIiPuaOsui8ieWTgeeVqjwvdGQ+ICAgIDx0ZCBiZ2NvbG9yPSIjRkZGRkZGIj5NUy05Nzg4Ck1TLTk3ODkKTVMtOTc5MApNUy05NzkxPC90ZD4gIDwvdHI+IDx0ZCBiZ2NvbG9yPSIjQ0NDQ0NDIiBhbGlnbj0iY2VudGVyIj7oibI8L3RkPiAgICA8dGQgYmdjb2xvcj0iI0ZGRkZGRiI+44Oe44O844OW44OrIOWkp+eQhuefszwvdGQ+PC90cj4gPHRyPiAgICA8dGQgYmdjb2xvcj0iI0NDQ0NDQyIgYWxpZ249ImNlbnRlciI+44K144Kk44K6PC90ZD4gICAgPHRkIGJnY29sb3I9IiNGRkZGRkYiPuOCteOCpOOCuu+8mjQ1Ny4ybW14NDU3LjJtbTxicj7ljprjgb/vvJoyLjVtbTxicj7jg4jjg4Pjg5flsaTvvJrjgq/jg6rjgqLjg7wwLjNtPHRyPiAgICA8dGQgYmdjb2xvcj0iI0NDQ0NDQyIgYWxpZ249ImNlbnRlciI+MeOCseODvOOCueWNmOS9jTwvdGQ+ICAgIDx0ZCBiZ2NvbG9yPSIjRkZGRkZGIj4yMOaemuWFpe+8iOe0hO+8mjQuMTjlubPmlrnjg6Hjg7zjg4jjg6vvvIk8L3RkPiAgPC90cj4gPHRyPiAgICA8dGQgYmdjb2xvcj0iI0NDQ0NDQyIgYWxpZ249ImNlbnRlciI+5qmf6IO9PC90ZD4gICAgPHRkIGJnY29sb3I9IiNGRkZGRkYiPjxwPumdouWPlueEoeOBlyA8L3RyPiAgPHRyPiAgICA8dGQgYmdjb2xvcj0iI0NDQ0NDQyIgd2lkdGg9IjEwMCIgYWxpZ249ImNlbnRlciI+6YCBIOaWmTwvdGQ+ICAgIDx0ZCBiZ2NvbG9yPSIjRkZGRkZGIj7jgJDpgIEg5paZ44CR6KW/5r+D6YGL6Ly4IOS7lu+8mjcwMOWGhu+8iOeojuWIpe+8iTxicj7igLvljJfmtbfpgZPjg7vmspbnuITjgbvjgYvkuIDpg6jjga7lnLDln5/jga/pmaTjgY3jgb7jgZnjgII8YnI+PGI+6YCB5paZ44Gu6Kmz57Sw44Gr44Gk44GE44Gm44Gv44GT44Gh44KJ44G477ye77yePC9iPjwvdGQ+ICAgPC90cj4gIDx0cj4gICAgPHRkIGJnY29sb3I9IiNDQ0NDQ0MiIGFsaWduPSJjZW50ZXIiPue0jSDmnJ88L3RkPiAgICA8dGQgYmdjb2xvcj0iI0ZGRkZGRiI+44GU5rOo5paH56K65a6a5b6M44CB57SEM++9njXllrbmpa3ml6U8L3RkPiAgPC90cj48L3RhYmxlPjxzdHlsZSB0eXBlPSJ0ZXh0L2NzcyI+CjwhLS0KCmRpdiNIZWFkZXJLZXl3b3JkIHsKCXBvc2l0aW9uOmFic29sdXRlOwoJdG9wOjUwcHg7LyrkuIDnlarkuIrjgYvjgonjga7kvY3nva4qLwoJbGVmdDo4cHg7Lyrlt6bnq6/jgYvjgonjga7kvY3nva4qLwoJd2lkdGg6MTIwMHB4Owp9CgpkaXYjSGVhZGVyS2V5d29yZCBzcGFuIHsKCWJhY2tncm91bmQ6ICNiZjAwMDA7Cgljb2xvcjojZmZmOwoJZm9udC13ZWlnaHQ6Ym9sZDsKCWZvbnQtc2l6ZToxMnB4OwoJZm9udC1mYW1pbHk6IuODoeOCpOODquOCqiI7CglwYWRkaW5nOjJweCA1cHg7Cn0KCmRpdiNIZWFkZXJLZXl3b3JkIGEgewoJY29sb3I6IzAwNDRDQzsKCWZvbnQtc2l6ZToxMnB4OwoJZm9udC1mYW1pbHk6IuODoeOCpOODquOCqiI7Cn0KCi0tPgo8L3N0eWxlPgoKPGRpdiBpZD0iSGVhZGVyS2V5d29yZCI+CjxzcGFuPuazqOebruOBruOCreODvOODr+ODvOODiTwvc3Bhbj4K44Kq44O844OA44O844Kr44O844OG44OzCiAvIArjg4bjg6njgrPjg4Pjgr/mn4Tluorjgrfjg7zjg4gKIC8gCua0l+OBiOOCi+OCv+OCpOODq+OCq+ODvOODmuODg+ODiAogLyAK5pmC6KiI5LuY44GN44Km44Kp44O844Or44K544OG44OD44Kr44O8CjwvZGl2Pg==,44OV44Ot44Ki44K/44Kk44OrIOOCt+ODs+OCs+ODvOODqyDjg57jg4Pjg4jjg43jg6kg5bqKIOW6iuadkCDjg5Xjg63jg7zjg6rjg7PjgrAg44OT44OL44OrIFDjgr/jgqTjg6sg44OV44Ot44KiIGRpeSDjg6rjg5Xjgqnjg7zjg6Ag5Zyf6Laz5a++5b+cIOOCpOODs+ODhuODquOCoiDlupfoiJcg5L2P5a6FIOOCueODiOODvOODsyDjg5vjg6/jgqTjg4jjgqrjg4vjg4Pjgq/jgrkg44Ki44Op44OZ44K544Kr44O844OIIOODj+ODi+ODvOODluODqeOCpuODs+ODqeOCpOODiCDnn7Mg55+z55uu6Kq/IOWkp+eQhuefsyDjgrPjg7Pjgq/jg6rjg7zjg4gg55+z5p2QIDAzU++8muOCpOODs+ODhuODquOCouOCt+ODp+ODg+ODlyDjgJDjg4/jg6rjg7zjgJE=,44Km44Kp44O844Or44K544OG44OD44Kr44O844K/44Kk44Or44Kr44O844Oa44OD44OI44Kv44OD44K344On44Oz44OV44Ot44Ki44Ks44Op44K544OV44Kj44Or44Og44OV44Ot44Ki44K/44Kk44Or44Kr44OD44OG44Kj44Oz44Kw44K344O844OI44K544OG44OD44Kr44O844Km44Kq44O844Or44K544OG44OD44Kr44O844K344O844Or44Kr44O844Oa44OD44OIZGl56Lui5YaZ44Km44Kp44O844Or44K544OG44OD44Kr44O8T0Hjg5Xjg63jgqLlo4HntJnjg6njgrDjgq/jg4Pjgrfjg6fjg7Pjg5Xjg63jgqLjg7zlo4HntJnjgrfjg7zjg6vjg4/jg6rjg7zjgrnjg4bjg4Pjgqvjg7zjg5Xjg63jgqLjg7zjgr/jgqTjg6vjgqTjg7Pjg4bjg6rjgqLjgqbjgqnjg7zjg6vjgrnjg4bjg4Pjgqvjg7zjg5Xjg63jgqLjgr/jgqTjg6sg44K344Oz44Kz44O844OrIOODnuODg+ODiOODjeODqSDluoog5bqK5p2QIOODleODreODvOODquODs+OCsCDjg5Pjg4vjg6sgUOOCv+OCpOODqyDjg5Xjg63jgqIgZGl5IOODquODleOCqeODvOODoCDlnJ/otrPlr77lv5wg44Kk44Oz44OG44Oq44KiIOW6l+iIlyDkvY/lroUg44K544OI44O844OzIOODm+ODr+OCpOODiOOCquODi+ODg+OCr+OCuSDjgqLjg6njg5njgrnjgqvjg7zjg4gg44OP44OL44O844OW44Op44Km44Oz44Op44Kk44OIIOefsyDnn7Pnm67oqr8g5aSn55CG55+zIOOCs+ODs+OCr+ODquODvOODiCDnn7PmnZAgMDNT,c2luY29sIG1hdHRvbmVsbGEg44OV44Ot44Ki44O844K/44Kk44OrIDHjgrHjg7zjgrnvvIgyMOaemuWFpe+8iSDniLbjga7ml6XjgILjg5Xjg63jgqLjgr/jgqTjg6sg44K344Oz44Kz44O844OrIOODnuODg+ODiOODjeODqSDluoog5bqK5p2QIOODleODreODvOODquODs+OCsCDjg5Pjg4vjg6sgUOOCv+OCpOODqyDjg5Xjg63jgqIgZGl5IOODquODleOCqeODvOODoCDlnJ/otrPlr77lv5wg44Kk44Oz44OG44Oq44KiIOW6l+iIlyDkvY/lroUg44K544OI44O844OzIOODm+ODr+OCpOODiOOCquODi+ODg+OCr+OCuSDjgqLjg6njg5njgrnjgqvjg7zjg4gg44OP44OL44O844OW44Op44Km44Oz44Op44Kk44OIIOefsyDnn7Pnm67oqr8g5aSn55CG55+zIOOCs+ODs+OCr+ODquODvOODiCDnn7PmnZAgMDNT[rn]
31-2619,aHR0cDovL3RzaG9wLnIxMHMuanAvaGFycnkvY2FiaW5ldC9zaW4tZnQvbDI0LTAxLXNpbi1tbjI3LmpwZz9maXRpbj03MDA6NzAw,NzAwNC44MDAw,,6Iqx44O744Ks44O844OH44Oz44O7RElZID4g5L2P5a6F5bu65p2Q44O76Kit5YKZID4g5bqK5p2QID4g44Gd44Gu5LuW,44OV44Ot44Ki44K/44Kk44OrIOOCt+ODs+OCs+ODvOODqyDjg57jg4Pjg4jjg43jg6kg5bqKIOW6iuadkCDjg5Xjg63jg7zjg6rjg7PjgrAg44OT44OL44OrIFDjgr/jgqTjg6sg44OV44Ot44KiIGRpeSDjg6rjg5Xjgqnjg7zjg6Ag5Zyf6Laz5a++5b+cIOOCpOODs+ODhuODquOCoiDlupfoiJcg5L2P5a6FIOOCpuODg+ODiSDjgqLjg7Pjg4bjgqPjg7zjgq/jgqbjg4Pjg4kg44OQ44K/44OV44Op44Kk44OH44Kj44K544OI44Os44K5IOacqCDmnKjnm67oqr8g5pyo5p2QIOeZveacqOebruiqvyDjg6zjg4jjg60gMDNT,c2luY29sIG1hdHRvbmVsbGEg44OV44Ot44Ki44O844K/44Kk44OrIDHjgrHjg7zjgrnvvIgxNeaemuWFpe+8iSDniLbjga7ml6U=,PGRpdiBzdHlsZT0id2lkdGg6IDcwMHB4OyBsaW5lLWhlaWdodDogMS41OyBjb2xvcjogIzJmMmIyNyI+CjxwIHN0eWxlPSJjb2xvcjogI2ZmZjsgYmFja2dyb3VuZC1jb2xvcjogI2Y2OTsgZm9udC1zaXplOiAyNHB4OyBwYWRkaW5nOiAxMHB4OyI+4oC744GT44Gh44KJ44Gu5ZWG5ZOB44Gv44Kx44O844K55Y2Y5L2N44Gn44GU6LO85YWl44Gn44GN44G+44GZ44CCPC9wPgo8cD48aW1nIHNyYz0iaHR0cHM6Ly9pbWFnZS5yYWt1dGVuLmNvLmpwL2hhcnJ5L2NhYmluZXQvc2luLWZ0L2wyNC0wMS1zaW4tbW4yNy5qcGciIGJvcmRlcj0iMCIgd2lkdGg9IjcwMCIgLz48L3A+CjxwPjxpbWcgc3JjPSJodHRwczovL2ltYWdlLnJha3V0ZW4uY28uanAvaGFycnkvY2FiaW5ldC9zaW4tZnQvbDI0LTAxLXNpbi1tbjI3XzEuanBnIiBib3JkZXI9IjAiIHdpZHRoPSI3MDAiIC8+PC9wPgoKPHAgc3R5bGU9ImJvcmRlci1sZWZ0OiA1cHggc29saWQgIzRlNDUzYTsgYm9yZGVyLWJvdHRvbTogMXB4IHNvbGlkICM0ZTQ1M2E7IGZvbnQtc2l6ZTogMjRweDsgcGFkZGluZy1sZWZ0OiA1cHg7Ij7jg5Xjg63jgqLjgr/jgqTjg6vjga7osrzjgormlrk8L3A+Cgo8cCBzdHlsZT0iY29sb3I6IzIyMjIyMjsgZm9udC1zaXplOjMwcHg7IGZvbnQtd2VpZ2h0OmJvbGQ7IG1hcmdpbjowcHg7IHBhZGRpbmctbGVmdDoxMHB4OyBwYWRkaW5nLXRvcDoxMHB4OyBwYWRkaW5nLWJvdHRvbToyMHB4OyBmb250LWZhbWlseTogR2VvcmdpYSwgVGltZXMgTmV3IFJvbWFuLCBUaW1lczsiPmhhcnJ544Gn5aWz5oCn44Gu5pa544Gr5Zyn5YCS55qE5Lq65rCX44Gu56eY5a+G4oCmPC9wPgo8cCBzdHlsZT0iY29sb3I6IzMzMzMzMzsgZm9udC1zaXplOjE2cHg7IG1hcmdpbjowcHg7IHBhZGRpbmctbGVmdDoxMHB4OyI+44Gd44KM44Gv44OV44Ot44Ki44K/44Kk44Or44GM44GK5omL6Lu957Ch5Y2Y44Gg44GL44KJ77yBPC9wPgo8YnI+Cjxicj4KPHRhYmxlIHdpZHRoPSI3MDAiIGJvcmRlcj0iMCIgY2VsbHNwYWNpbmc9IjAiIGNlbGxwYWRkaW5nPSIwIiBzdHlsZT0iZm9udC1zaXplOjE0cHg7IGNvbG9yOiMzMzMzMzMiPgogIDx0cj4KICAgIDx0ZD48aW1nIHNyYz0iaHR0cHM6Ly9pbWFnZS5yYWt1dGVuLmNvLmpwL2hhcnJ5L2NhYmluZXQvZmxvb3JfdGlsZS9mbG9vcl90aWxlX2hvdzAxLmpwZyIgd2lkdGg9IjIyNSIgaGVpZ2h0PSIyMjUiPjwvdGQ+CiAgICA8dGQgd2lkdGg9IjEyIj4mbmJzcDs8L3RkPgogICAgPHRkPjxpbWcgc3JjPSJodHRwczovL2ltYWdlLnJha3V0ZW4uY28uanAvaGFycnkvY2FiaW5ldC9mbG9vcl90aWxlL2Zsb29yX3RpbGVfaG93MDIuanBnIiB3aWR0aD0iMjI1IiBoZWlnaHQ9IjIyNSI+PC90ZD4KICAgIDx0ZCB3aWR0aD0iMTMiPiZuYnNwOzwvdGQ+CiAgICA8dGQ+PGltZyBzcmM9Imh0dHBzOi8vaW1hZ2UucmFrdXRlbi5jby5qcC9oYXJyeS9jYWJpbmV0L2Zsb29yX3RpbGUvZmxvb3JfdGlsZV9ob3cwMy5qcGciIHdpZHRoPSIyMjUiIGhlaWdodD0iMjI1Ij48L3RkPgogIDwvdHI+PHRyPgo8dGQgY29sc3Bhbj0iNSIgaGVpZ2h0PSIxMCI+Jm5ic3A7PC90ZD4KPC90cj4KICA8dHI+CiAgICA8dGQgYWxpZ249ImxlZnQiIHZhbGlnbj0idG9wIj7jgYrpg6jlsYvjga7pmoXjga7jgqvjg4Pjg4jpg6jliIbjga/jgIHjgYrlrrbjgavjgYLjgovlrpropo/jgafljYHliIbvvIE8YnI+5a6a6KaP44KS44GC44Gm44Gm44GT44Gu44KI44GG44Gr5L2V5bqm44GL5YiH44KK55uu44KS44GE44KM44G+44GX44KH44GG77yBPC90ZD4KICAgIDx0ZCBhbGlnbj0ibGVmdCIgdmFsaWduPSJ0b3AiPiZuYnNwOzwvdGQ+CiAgICA8dGQgYWxpZ249ImxlZnQiIHZhbGlnbj0idG9wIj7ou73jgY/mipjjgormm7LjgZLjgozjgbDjgZPjga7jgajjgYrjgorjgII8L3RkPgogICAgPHRkIGFsaWduPSJsZWZ0IiB2YWxpZ249InRvcCI+Jm5ic3A7PC90ZD4KICAgIDx0ZCBhbGlnbj0ibGVmdCIgdmFsaWduPSJ0b3AiPuaKmOOCiuabsuOBkuOBn+mDqOWIhuOCkuOBk+OBruOCiOOBhuOBq+OCq+ODg+OCv+ODvOOBp+OAgeOCt+ODpeODg+OBqOi7veOBj+WIg+OCkuOBhOOCjOOCjOOBsO+8gTwvdGQ+CiAgPC90cj4KICA8dHI+CiAgICA8dGQgaGVpZ2h0PSIxNSIgY29sc3Bhbj0iNSI+Jm5ic3A7PC90ZD4KICA8L3RyPgogIDx0cj4KICAgIDx0ZD48aW1nIHNyYz0iaHR0cHM6Ly9pbWFnZS5yYWt1dGVuLmNvLmpwL2hhcnJ5L2NhYmluZXQvZmxvb3JfdGlsZS9mbG9vcl90aWxlX2hvdzA0LmpwZyIgd2lkdGg9IjIyNSIgaGVpZ2h0PSIyMjUiPjwvdGQ+CiAgICA8dGQgd2lkdGg9IjEyIj4mbmJzcDs8L3RkPgogICAgPHRkPjxpbWcgc3JjPSJodHRwczovL2ltYWdlLnJha3V0ZW4uY28uanAvaGFycnkvY2FiaW5ldC9mbG9vcl90aWxlL2Zsb29yX3RpbGVfaG93MDUuanBnIiB3aWR0aD0iMjI1IiBoZWlnaHQ9IjIyNSI+PC90ZD4KICAgIDx0ZCB3aWR0aD0iMTMiPiZuYnNwOzwvdGQ+CiAgICA8dGQ+PGltZyBzcmM9Imh0dHBzOi8vaW1hZ2UucmFrdXRlbi5jby5qcC9oYXJyeS9jYWJpbmV0L2Zsb29yX3RpbGUvZmxvb3JfdGlsZV9ob3cwNi5qcGciIHdpZHRoPSIyMjUiIGhlaWdodD0iMjI1Ij48L3RkPgogIDwvdHI+PHRyPgo8dGQgY29sc3Bhbj0iNSIgaGVpZ2h0PSIxMCI+Jm5ic3A7PC90ZD4KPC90cj4KICA8dHI+CiAgICA8dGQgYWxpZ249ImxlZnQiIHZhbGlnbj0idG9wIj7jga/jgYTvvIE8YnI+44Kr44OD44OI5a6M5LqG44Gn44GZ44CCPC90ZD4KICAgIDx0ZD4mbmJzcDs8L3RkPgogICAgPHRkIGFsaWduPSJsZWZ0IiB2YWxpZ249InRvcCI+44Gv44GV44G/44Gn44KC44CB44KC44Gh44KN44KT77yv77yr77yBPGJyPuWHuuadpeOCjOOBsOWkp+OBjeOBhOOBr+OBleOBv+OBp+OBreODu+ODu+ODuzwvdGQ+CiAgICA8dGQ+Jm5ic3A7PC90ZD4KICAgIDx0ZCBhbGlnbj0ibGVmdCIgdmFsaWduPSJ0b3AiPuW/heimgeOBquWgtOaJgOOBq+OAgjwvdGQ+CiAgPC90cj4KPC90YWJsZT48YnI+PGJyPgoKPHAgc3R5bGU9ImJvcmRlci1sZWZ0OiA1cHggc29saWQgIzRlNDUzYTsgYm9yZGVyLWJvdHRvbTogMXB4IHNvbGlkICM0ZTQ1M2E7IGZvbnQtc2l6ZTogMjRweDsgcGFkZGluZy1sZWZ0OiA1cHg7Ij7jg5Xjg63jgqLjgr/jgqTjg6vlsILnlKjjga7jgorjga7jgZTntLnku4s8L3A+Cgo8YnIgLz4KCjxwIHN0eWxlPSJ0ZXh0LWFsaWduOiBjZW50ZXI7Ij48YSBocmVmPSJodHRwczovL2l0ZW0ucmFrdXRlbi5jby5qcC9oYXJyeS9jLzAwMDAwMDA0NDIvIiB0YXJnZXQ9Il9ibGFuayI+PGltZyBzcmM9Imh0dHBzOi8vaW1hZ2UucmFrdXRlbi5jby5qcC9oYXJyeS9jYWJpbmV0LzAyMzgwNDc4L2Zsb29ydGlsZS1rYW5yZW4tYmFuLmpwZyIgYm9yZGVyPSIwIiBhbHQ9IumBk+WFt+mhniI+PC9hPjwvcD48YnIgLz4KCgo8cD48YSBocmVmPSJodHRwczovL2l0ZW0ucmFrdXRlbi5jby5qcC9oYXJyeS9jLzAwMDAwMDEzODgvIiB0YXJnZXQ9Il9ibGFuayI+PGltZyBzcmM9Imh0dHBzOi8vaW1hZ2UucmFrdXRlbi5jby5qcC9oYXJyeS9jYWJpbmV0LzAyMzgwNDc4L2Zsb29ydGlsZS1zYW1wbGUtYmFuLmpwZyIgYm9yZGVyPSIwIiBhbHQ9IueUu+WDjyI+PC9hPjwvcD48YnI+PGJyPgoKPHAgc3R5bGU9ImJvcmRlci1sZWZ0OiA1cHggc29saWQgIzRlNDUzYTsgYm9yZGVyLWJvdHRvbTogMXB4IHNvbGlkICM0ZTQ1M2E7IGZvbnQtc2l6ZTogMjRweDsgcGFkZGluZy1sZWZ0OiA1cHg7Ij7jg5Xjg63jgqLjgr/jgqTjg6vkuIDopqc8L3A+Cgo8cD48YSBocmVmPSJodHRwczovL2l0ZW0ucmFrdXRlbi5jby5qcC9oYXJyeS9jLzAwMDAwMDAyNTIvIiB0YXJnZXQ9Il9ibGFuayI+PGltZyBzcmM9Imh0dHBzOi8vaW1hZ2UucmFrdXRlbi5jby5qcC9oYXJyeS9jYWJpbmV0LzAzNTI1ODgyL2Z0LXRvLXRvcC5qcGciIGJvcmRlcj0iMCIgYWx0PSLnlLvlg48iPjwvYT48L3A+PGJyPjxicj4KCjwvZGl2PjxkaXYgc3R5bGU9IndpZHRoOjQ0MHB4OyBib3JkZXI6MHB4OyB0ZXh0LWFsaWduOmNlbnRlcjsiPgoKPGltZyBzcmM9Imh0dHBzOi8vaW1hZ2UucmFrdXRlbi5jby5qcC9oYXJyeS9jYWJpbmV0L3NtYXJ0X3Bob25lL2Z0ZHVndS5qcGciIHdpZHRoPSI0NDAiIGJvcmRlcj0iMCIgc3R5bGU9Im1hcmdpbi1ib3R0b206NXB4OyI+CgoKPGltZyBzcmM9Imh0dHBzOi8vaW1hZ2UucmFrdXRlbi5jby5qcC9oYXJyeS9jYWJpbmV0L3NtYXJ0X3Bob25lL2Z0emVuZ2FyYS5qcGciIHdpZHRoPSI0NDAiIGJvcmRlcj0iMCIgc3R5bGU9Im1hcmdpbi1ib3R0b206NXB4OyI+CgoKPGltZyBzcmM9Imh0dHBzOi8vaW1hZ2UucmFrdXRlbi5jby5qcC9oYXJyeS9jYWJpbmV0L3NtYXJ0X3Bob25lL2RlY290YWlydS5qcGciIHdpZHRoPSI0NDAiIGJvcmRlcj0iMCIgc3R5bGU9Im1hcmdpbi1ib3R0b206NXB4OyI+Cgo8L2Rpdj48cD48aW1nIHNyYz0iaHR0cHM6Ly9pbWFnZS5yYWt1dGVuLmNvLmpwL2hhcnJ5L2NhYmluZXQvc291cnlvdS00NDBuLmpwZyIgYm9yZGVyPSIwIj48L3A+PGltZyBzcmM9Imh0dHBzOi8vaW1hZ2UucmFrdXRlbi5jby5qcC9oYXJyeS9jYWJpbmV0L2d1aWRlL25wXzQ0MC5qcGciIGJvcmRlcj0iMCIgc3R5bGU9Im1hcmdpbjoxMHB4IDBweDsiPjxwIHN0eWxlPSJjb2xvcjogI2ZmZjsgYmFja2dyb3VuZC1jb2xvcjogI2Y2OTsgZm9udC1zaXplOiAyNHB4OyBwYWRkaW5nOiAxMHB4OyB3aWR0aDogMzgwcHg7Ij7igLvjgZPjgaHjgonjga7llYblk4Hjga/jgrHjg7zjgrnljZjkvY3jgafjgZTos7zlhaXjgafjgY3jgb7jgZnjgII8L3A+Cjx0YWJsZSB3aWR0aD0iNDQwIiBib3JkZXI9IjAiIGNlbGxzcGFjaW5nPSIxIiBjZWxscGFkZGluZz0iMyIgYmdjb2xvcj0iIzY2NjY2NiIgc3R5bGU9ImZvbnQtZmFtaWx5Oifjg5Ljg6njgq7jg47op5LjgrQgUHJvIFczJywgJ0hpcmFnaW5vIEtha3UgR290aGljIFBybycsICfjg6HjgqTjg6rjgqonLCBNZWlyeW8sIE9zYWthLCAn77yt77yzIO+8sOOCtOOCt+ODg+OCrycsICdNUyBQR290aGljJywgc2Fucy1zZXJpZjsgZm9udC1zaXplOjEycHg7Ij4gPHRyPiAgICA8dGQgYmdjb2xvcj0iI0NDQ0NDQyIgYWxpZ249ImNlbnRlciI+5ZWG5ZOB5ZCNPC90ZD4gICAgPHRkIGJnY29sb3I9IiNGRkZGRkYiPuOCt+ODs+OCs+ODvOODqyhzaW5jb2wpIEZMT09SIFRJTEU8YnI+44Ki44Oz44OG44Kj44O844Kv44Km44OD44OJIOODkOOCv+ODleODqeOCpOODh+OCo+OCueODiOODrOOCuTwvdGQ+ICA8L3RyPiA8dGQgYmdjb2xvcj0iI0NDQ0NDQyIgYWxpZ249ImNlbnRlciI+5ZWG5ZOB6Kqs5piOPC90ZD4gICAgPHRkIGJnY29sb3I9IiNGRkZGRkYiPuW6l+iIl+OBi+OCieS9j+WuheOBvuOBp+OAgeWkmuW9qeOBquODi+ODvOOCuuOBq+W/nOOBiOOCi+ikh+WxpOODk+ODi+ODq+W6iuOCv+OCpOODq+OAjOODnuODg+ODiOODjeODqeOAjeiyvOOCiuabv+OBiOOBjOewoeWNmOOBq+WHuuadpeOBpgros4PosrjkvY/lroXjga7nj77nirblm57lvqnnrYnjgavkvr/liKnjgafjgZnjgII8YnI+PGJyPgrjg5Xjg63jgqLjgr/jgqTjg6vlsILploDlupfjgaflv4XopoHjgarllYblk4Hmj4PjgYjjgqTjg7Pjg4bjg6rjgqLjgrfjg6fjg4Pjg5fjg4/jg6rjg7zjgafjga/jgIHjgrXjg7PjgrLjg4Tjg7vmnbHjg6rjg7vjgrfjg7PjgrPjg7zjg6vjg7vjg6rjg6rjgqvjg6nku5bjgpLjgZTnlKjmhI/jgZfjgabjgYrjgorjgb7jgZnvvIEgPGJyPuODleODreOCouOCv+OCpOODq+OBruafhOOCguixiuWvjO+8geS6uuawl+OBruODleODreODvOODquODs+OCsOiqv+OBruODquOCouODq+OBqiDmnKjnm64o44Km44OD44OJKeafhOOBryDnhKHlnqLmnZDpoqjjgoQg44GK44GX44KD44KM44GqIOODtOOCo+ODs+ODhuODvOOCuCDjgrnjgq/jg6njg4Pjg5fjgqbjg4Pjg4npoqjjgIHjg6rjgqLjg6vjgavooajnj77lpKfnkIbnn7Mo44K544OI44O844OzKeOAgXDjgr/jgqTjg6vjga7mp5jjgaog44OX44Os44O844Oz5p+EIOODhuODqeOCs+ODg+OCv+afhCDnrYnjgq/jg4Pjgrfjg6fjg7Pjg5Xjg63jgqLjgojjgorjgoLogJDkuYXmgKfjgavlhKrjgozjgabjgYTjgovjga7jgaflupfoiJfnlKjjgafjgoLjgYrjgZnjgZnjgoHjgafjgZnvvIHmjrLovInjgZXjgozjgabjgYTjgarjgYTjg5Xjg63jgqLjgr/jgqTjg6vjgoLjgZTpgaDmha7jgarjgY/jgYrllY/jgYTlkIjjgo/jgZvkuIvjgZXjgYTjgILmjqXnnYDliaTkuI3opoHjga4g6LK844KL44Gg44GRIOe9ruOBj+OBoOOBkeOCv+OCpOODl+OBruODj+ODquODvOOCpOODvOOCuOODvOODh+OCs+OCv+OCpOODq+OCguOBlOaknOiojuOBj+OBoOOBleOBhOOAgjxicj48YnI+CjxzcGFuIHN0eWxlPSJjb2xvcjojZmYwMDAwOyBmb250LXNpemU6MTJweCI+4oC744GK5L2/44GE44Gu44OR44K944Kz44Oz55Kw5aKD44Gr44KI44Gj44Gm44Gv44CBIDxicj7jgIDllYblk4Hjga7oibLjgYzopovmnKzjgajlpJrlsJHnlbDjgarjgovloLTlkIjjgYzjgYLjgorjgb7jgZnjgIIgPGJyPjwvc3Bhbj48YnI+d29vZCDjg5bjg6njgqbjg7Mg44Ob44Ov44Kk44OIIOiMtuiJsiDnmb0g6LK844KL44Gg44GRIOOCv+OCpOODqyDjg5Xjg63jgqLjg7wg44K344O844OIIOODkeODjeODqyDlgrcg5rGa44KMIOmYsuatoiDjg5Xjg63jg7zjg6rjg7PjgrAg44Kr44O844Oa44OD44OIIOijnOS/riDkv67nkIYg5L+d6K23IOW8t+WMliDmlr3lt6Ug44Kq44OV44Kj44K5IOODquODk+ODs+OCsCDjg57jg7Pjgrfjg6fjg7Mg6LOD6LK4IOOCteODreODsyDjg6Ljg6vjgr/jg6sgIOOCs+ODs+ODkeODjSDkuozph43lupU8L3RkPiAgPC90cj4gPHRkIGJnY29sb3I9IiNDQ0NDQ0MiIGFsaWduPSJjZW50ZXIiPuaOsui8ieWTgeeVqjwvdGQ+ICAgIDx0ZCBiZ2NvbG9yPSIjRkZGRkZGIj5NVy05MTIzCk1XLTkxMjQKTVctOTEyNQpNVy05MTI2Ck1XLTkxMjc8L3RkPiAgPC90cj4gPHRkIGJnY29sb3I9IiNDQ0NDQ0MiIGFsaWduPSJjZW50ZXIiPuiJsjwvdGQ+ICAgIDx0ZCBiZ2NvbG9yPSIjRkZGRkZGIj7mnKjnm67mn4Qg55m95pyo55uu5p+EPC90ZD48L3RyPiA8dHI+ICAgIDx0ZCBiZ2NvbG9yPSIjQ0NDQ0NDIiBhbGlnbj0iY2VudGVyIj7jgrXjgqTjgro8L3RkPiAgICA8dGQgYmdjb2xvcj0iI0ZGRkZGRiI+44K144Kk44K677yaMTgwbW14MTIwMG1tPGJyPuWOmuOBv++8mjIuNW1tPGJyPuODiOODg+ODl+WxpO+8muOCr+ODquOCouODvDAuM208dHI+ICAgIDx0ZCBiZ2NvbG9yPSIjQ0NDQ0NDIiBhbGlnbj0iY2VudGVyIj4x44Kx44O844K55Y2Y5L2NPC90ZD4gICAgPHRkIGJnY29sb3I9IiNGRkZGRkYiPjE15p6a5YWl77yI57SE77yaMy4yNOW5s+aWueODoeODvOODiOODq++8iTwvdGQ+ICA8L3RyPiA8dHI+ICAgIDx0ZCBiZ2NvbG9yPSIjQ0NDQ0NDIiBhbGlnbj0iY2VudGVyIj7mqZ/og708L3RkPiAgICA8dGQgYmdjb2xvcj0iI0ZGRkZGRiI+PHA+NOmdoumdouWPljwvdHI+ICA8dHI+ICAgIDx0ZCBiZ2NvbG9yPSIjQ0NDQ0NDIiB3aWR0aD0iMTAwIiBhbGlnbj0iY2VudGVyIj7pgIEg5paZPC90ZD4gICAgPHRkIGJnY29sb3I9IiNGRkZGRkYiPuOAkOmAgSDmlpnjgJHopb/mv4PpgYvovLgg5LuW77yaNzAw5YaG77yI56iO5Yil77yJPGJyPuKAu+WMl+a1t+mBk+ODu+aylue4hOOBu+OBi+S4gOmDqOOBruWcsOWfn+OBr+mZpOOBjeOBvuOBmeOAgjxicj48Yj7pgIHmlpnjga7oqbPntLDjgavjgaTjgYTjgabjga/jgZPjgaHjgonjgbjvvJ7vvJ48L2I+PC90ZD4gICA8L3RyPiAgPHRyPiAgICA8dGQgYmdjb2xvcj0iI0NDQ0NDQyIgYWxpZ249ImNlbnRlciI+57SNIOacnzwvdGQ+ICAgIDx0ZCBiZ2NvbG9yPSIjRkZGRkZGIj7jgZTms6jmlofnorrlrprlvozjgIHntIQz772eNeWWtualreaXpTwvdGQ+ICA8L3RyPjwvdGFibGU+PHN0eWxlIHR5cGU9InRleHQvY3NzIj4KPCEtLQoKZGl2I0hlYWRlcktleXdvcmQgewoJcG9zaXRpb246YWJzb2x1dGU7Cgl0b3A6NTBweDsvKuS4gOeVquS4iuOBi+OCieOBruS9jee9riovCglsZWZ0OjhweDsvKuW3puerr+OBi+OCieOBruS9jee9riovCgl3aWR0aDoxMjAwcHg7Cn0KCmRpdiNIZWFkZXJLZXl3b3JkIHNwYW4gewoJYmFja2dyb3VuZDogI2JmMDAwMDsKCWNvbG9yOiNmZmY7Cglmb250LXdlaWdodDpib2xkOwoJZm9udC1zaXplOjEycHg7Cglmb250LWZhbWlseToi44Oh44Kk44Oq44KqIjsKCXBhZGRpbmc6MnB4IDVweDsKfQoKZGl2I0hlYWRlcktleXdvcmQgYSB7Cgljb2xvcjojMDA0NENDOwoJZm9udC1zaXplOjEycHg7Cglmb250LWZhbWlseToi44Oh44Kk44Oq44KqIjsKfQoKLS0+Cjwvc3R5bGU+Cgo8ZGl2IGlkPSJIZWFkZXJLZXl3b3JkIj4KPHNwYW4+5rOo55uu44Gu44Kt44O844Ov44O844OJPC9zcGFuPgrjgqrjg7zjg4Djg7zjgqvjg7zjg4bjg7MKIC8gCuODhuODqeOCs+ODg+OCv+afhOW6iuOCt+ODvOODiAogLyAK5rSX44GI44KL44K/44Kk44Or44Kr44O844Oa44OD44OICiAvIArmmYLoqIjku5jjgY3jgqbjgqnjg7zjg6vjgrnjg4bjg4Pjgqvjg7wKPC9kaXY+,44OV44Ot44Ki44K/44Kk44OrIOOCt+ODs+OCs+ODvOODqyDjg57jg4Pjg4jjg43jg6kg5bqKIOW6iuadkCDjg5Xjg63jg7zjg6rjg7PjgrAg44OT44OL44OrIFDjgr/jgqTjg6sg44OV44Ot44KiIGRpeSDjg6rjg5Xjgqnjg7zjg6Ag5Zyf6Laz5a++5b+cIOOCpOODs+ODhuODquOCoiDlupfoiJcg5L2P5a6FIOOCpuODg+ODiSDjgqLjg7Pjg4bjgqPjg7zjgq/jgqbjg4Pjg4kg44OQ44K/44OV44Op44Kk44OH44Kj44K544OI44Os44K5IOacqCDmnKjnm67oqr8g5pyo5p2QIOeZveacqOebruiqvyDjg6zjg4jjg60gMDNT77ya44Kk44Oz44OG44Oq44Ki44K344On44OD44OXIOOAkOODj+ODquODvOOAkQ==,44Km44Kp44O844Or44K544OG44OD44Kr44O844K/44Kk44Or44Kr44O844Oa44OD44OI44Kv44OD44K344On44Oz44OV44Ot44Ki44Ks44Op44K544OV44Kj44Or44Og44OV44Ot44Ki44K/44Kk44Or44Kr44OD44OG44Kj44Oz44Kw44K344O844OI44K544OG44OD44Kr44O844Km44Kq44O844Or44K544OG44OD44Kr44O844K344O844Or44Kr44O844Oa44OD44OIZGl56Lui5YaZ44Km44Kp44O844Or44K544OG44OD44Kr44O8T0Hjg5Xjg63jgqLlo4HntJnjg6njgrDjgq/jg4Pjgrfjg6fjg7Pjg5Xjg63jgqLjg7zlo4HntJnjgrfjg7zjg6vjg4/jg6rjg7zjgrnjg4bjg4Pjgqvjg7zjg5Xjg63jgqLjg7zjgr/jgqTjg6vjgqTjg7Pjg4bjg6rjgqLjgqbjgqnjg7zjg6vjgrnjg4bjg4Pjgqvjg7zjg5Xjg63jgqLjgr/jgqTjg6sg44K344Oz44Kz44O844OrIOODnuODg+ODiOODjeODqSDluoog5bqK5p2QIOODleODreODvOODquODs+OCsCDjg5Pjg4vjg6sgUOOCv+OCpOODqyDjg5Xjg63jgqIgZGl5IOODquODleOCqeODvOODoCDlnJ/otrPlr77lv5wg44Kk44Oz44OG44Oq44KiIOW6l+iIlyDkvY/lroUg44Km44OD44OJIOOCouODs+ODhuOCo+ODvOOCr+OCpuODg+ODiSDjg5Djgr/jg5Xjg6njgqTjg4fjgqPjgrnjg4jjg6zjgrkg5pyoIOacqOebruiqvyDmnKjmnZAg55m95pyo55uu6Kq/IOODrOODiOODrSAwM1M=,c2luY29sIG1hdHRvbmVsbGEg44OV44Ot44Ki44O844K/44Kk44OrIDHjgrHjg7zjgrnvvIgxNeaemuWFpe+8iSDniLbjga7ml6XjgILjg5Xjg63jgqLjgr/jgqTjg6sg44K344Oz44Kz44O844OrIOODnuODg+ODiOODjeODqSDluoog5bqK5p2QIOODleODreODvOODquODs+OCsCDjg5Pjg4vjg6sgUOOCv+OCpOODqyDjg5Xjg63jgqIgZGl5IOODquODleOCqeODvOODoCDlnJ/otrPlr77lv5wg44Kk44Oz44OG44Oq44KiIOW6l+iIlyDkvY/lroUg44Km44OD44OJIOOCouODs+ODhuOCo+ODvOOCr+OCpuODg+ODiSDjg5Djgr/jg5Xjg6njgqTjg4fjgqPjgrnjg4jjg6zjgrkg5pyoIOacqOebruiqvyDmnKjmnZAg55m95pyo55uu6Kq/IOODrOODiOODrSAwM1M=[rn]
31-2620,aHR0cDovL3RzaG9wLnIxMHMuanAvaGFycnkvY2FiaW5ldC9tb25vX3RpbGUvcG9wLTFtYWkuanBnP2ZpdGluPTcwMDo3MDA=,MTcyLjAwMDA=,,6Iqx44O744Ks44O844OH44Oz44O7RElZID4g5L2P5a6F5bu65p2Q44O76Kit5YKZID4g5bqK5p2QID4g44Gd44Gu5LuW,44OV44Ot44Ki44K/44Kk44OrIOadseODqiDluormnZAg5bqKIOaVt+eJqSDjg5Xjg63jg7zjg6rjg7PjgrAgbXPjg5fjg6zjg7zjg7MgcOOCv+OCpOODqyDjgr/jgqTjg6sg44Oe44OD44OIIOOCt+ODvOODiCAg44OV44Ot44KiIEZUIOODl+ODrOODvOODsyAg44Kr44Op44O8IOOCq+ODqeODleODqyDjg53jg4Pjg5cg5biC5p2+IOODgeOCp+ODg+OCryDjg4Hjgqfjg4Pjgqvjg7wg5YaF6KOFIOWhqeODkyDluorjgr/jgqTjg6sg5pa95belIGRpeSDjg6rjg5Xjgqnjg7zjg6Ag5YK36Ziy5q2iIOijnOS/riDlvLXmm7/jgYgg44GK44GX44KD44KMIOOBi+OCj+OBhOOBhCAwNlA=,44OV44Ot44Ki44O844K/44Kk44OrIOW6iuOCv+OCpOODqyDluormnZAg5aGp44OTIOOCv+OCpOODqyAg54i244Gu5pel,PGltZyBzcmM9Imh0dHBzOi8vaW1hZ2UucmFrdXRlbi5jby5qcC9oYXJyeS9jYWJpbmV0L21vbm9fdGlsZS9rYW5iYW4tMi0uanBnIj48YnIgLz48YnIgLz48ZGl2IHN0eWxlPSJ3aWR0aDo0NDBweDsgYm9yZGVyOjBweDsgdGV4dC1hbGlnbjpjZW50ZXI7Ij4KCjxpbWcgc3JjPSJodHRwczovL2ltYWdlLnJha3V0ZW4uY28uanAvaGFycnkvY2FiaW5ldC9zbWFydF9waG9uZS9mdGR1Z3UuanBnIiB3aWR0aD0iNDQwIiBib3JkZXI9IjAiIHN0eWxlPSJtYXJnaW4tYm90dG9tOjVweDsiPgoKCjxpbWcgc3JjPSJodHRwczovL2ltYWdlLnJha3V0ZW4uY28uanAvaGFycnkvY2FiaW5ldC9zbWFydF9waG9uZS9mdHplbmdhcmEuanBnIiB3aWR0aD0iNDQwIiBib3JkZXI9IjAiIHN0eWxlPSJtYXJnaW4tYm90dG9tOjVweDsiPgoKCjxpbWcgc3JjPSJodHRwczovL2ltYWdlLnJha3V0ZW4uY28uanAvaGFycnkvY2FiaW5ldC9zbWFydF9waG9uZS9kZWNvdGFpcnUuanBnIiB3aWR0aD0iNDQwIiBib3JkZXI9IjAiIHN0eWxlPSJtYXJnaW4tYm90dG9tOjVweDsiPgoKPC9kaXY+PHA+PGltZyBzcmM9Imh0dHBzOi8vaW1hZ2UucmFrdXRlbi5jby5qcC9oYXJyeS9jYWJpbmV0L3NvdXJ5b3UtNDQwbi5qcGciIGJvcmRlcj0iMCI+PC9wPjxpbWcgc3JjPSJodHRwczovL2ltYWdlLnJha3V0ZW4uY28uanAvaGFycnkvY2FiaW5ldC9ndWlkZS9ucF80NDAuanBnIiBib3JkZXI9IjAiIHN0eWxlPSJtYXJnaW46MTBweCAwcHg7Ij48ZGl2IHN0eWxlPSJiYWNrZ3JvdW5kLWNvbG9yOiNGNjk7IHBhZGRpbmc6MTJweDsgbWFyZ2luOjE1cHggMHB4OyB3aWR0aDo0MjBweDsgY29sb3I6I0ZGRkZGRjsgZm9udC13ZWlnaHQ6Ym9sZDsgZm9udC1mYW1pbHk6J+ODkuODqeOCruODjuinkuOCtCBQcm8gVzMnLCAnSGlyYWdpbm8gS2FrdSBHb3RoaWMgUHJvJywgJ+ODoeOCpOODquOCqicsIE1laXJ5bywgT3Nha2EsICfvvK3vvLMg77yw44K044K344OD44KvJywgJ01TIFBHb3RoaWMnLCBzYW5zLXNlcmlmOyAiPjxzcGFuIHN0eWxlPSJmb250LXNpemU6MzBweDsgbGluZS1oZWlnaHQ6NDJweDsiPuOBk+OBruODleODreOCouOCv+OCpOODq+OBrzHjgrHjg7zjgrk8YnI+44CQNTDmnprlhaXjgorjgJHjga7llYblk4HjgafjgZnvvIE8YnI+PHNwYW4gc3R5bGU9ImZvbnQtc2l6ZToyMHB4OyBsaW5lLWhlaWdodDozMHB4OyI+4oC75LiK6KiY5L6h5qC844GvMeOCseODvOOCueWIhuOCkuihqOekuuOBl+OBpuOBhOOBvuOBmeOAgjxicj7igLvmnprlo7LjgorvvIjjg5Djg6nlo7LjgorvvInjga/jgafjgY3jgb7jgZvjgpPjgII8L3NwYW4+PC9zcGFuPjwvZGl2PjxESVYgYWxpZ249ImxlZnQiPjxUQUJMRSBib3JkZXI9IjAiIGNlbGxwYWRkaW5nPSIwIiB3aWR0aD0iMjY5Ij4gPFRCT0RZPiAgPFRSPiAgIDxURCBiZ2NvbG9yPSIjY2NjY2NjIiBhbGlnbj0ibGVmdCIgaGVpZ2h0PSIyNjgiPiAgIDxUQUJMRSBjZWxscGFkZGluZz0iMCIgY2VsbHNwYWNpbmc9IjEiIHdpZHRoPSIyNzQiIHN0eWxlPSJmb250LXNpemUgOiAxMnB4OyIgaGVpZ2h0PSIzMjAiPiAgICA8VEJPRFk+ICAgICA8VFI+ICAgICAgPFREIGFsaWduPSJjZW50ZXIiIGJnY29sb3I9IiNmZmZmZmYiIHdpZHRoPSI1OSIgaGVpZ2h0PSIxMTciPjxCPjxGT05UIGNvbG9yPSIjZDcyYjQwIj7pgIHmlpk8L0ZPTlQ+PC9CPjwvVEQ+ICAgICAgPFREIGJnY29sb3I9IiNmZmZmZmYiIHdpZHRoPSIyMTAiIGhlaWdodD0iMTE3Ij48Rk9OVCBjb2xvcj0iI2Q3MmI0MCI+ICAgIDxicj4gICAgICDjgIDvvJrlroXphY3kvr8gPGJyPiAgICAgIOOAgDxCPuOAgO+8keOCseODvOOCuSg1MOaeminmr47jgasv6KW/5r+D6YGL6Ly444Gu5aC05ZCI77ya6YCB5paZNzAw5YaG77yI56iO5Yil77yJPC9CPjwvRk9OVD4gPGJyPiAgICAgIDxGT05UIHNpemU9Ii0xIiBjb2xvcj0iIzRjNGM0YyIgc3R5bGU9ImZvbnQtc2l6ZSA6IDExcHg7Ij7igLvljJfmtbfpgZPjg7vmspbnuITjgbvjgYvkuIDpg6jjga7lnLDln5/jga/pmaTjgY3jgb7jgZnjgII8YnI+5ZWG5ZOB44GvMeOCseODvOOCueWIhuOBvuOBp+WQjOaiseWPr+iDveOBp+OBmeOAgjxicj7lpJrmlbDjgZTms6jmlofpoILjgYTjgZ/pmpvjga/jgrHjg7zjgrnmlbDliIbjga7pgIHmlpnjgYzlv4XopoHjgajjgarjgorjgb7jgZnjga7jgaflrpzjgZfjgY/jgYrpoZjjgYTnlLPjgZfkuIrjgZLjgb7jgZnjgIIgICAgICDjgIDjgIDjgIDoqbPjgZfjgY/jga/jgrPjg4Hjg6njgpLjgZTnorroqo3jgY/jgaDjgZXjgYQ8L0ZPTlQ+PC9URD4gICAgIDwvVFI+ICAgICA8VFI+ICAgICAgPFREIGJnY29sb3I9IiNmZmZmZmYiIGFsaWduPSJjZW50ZXIiIHdpZHRoPSI1OSIgaGVpZ2h0PSIyMCI+PEZPTlQgY29sb3I9IiM0YzRjNGMiPue0jeacnzwvRk9OVD48L1REPiAgICAgIDxURCBiZ2NvbG9yPSIjZmZmZmZmIiB3aWR0aD0iMjEwIiBoZWlnaHQ9IjIwIj7jgIA8Rk9OVCBjb2xvcj0iIzgwODA4MCI+77ya44GU5rOo5paH56K65a6a5b6MIOe0hO+8k++9nu+8leWWtualreaXpeW+jCA8YnI+ICAgICAgPC9GT05UPjwvVEQ+ICAgICA8L1RSPiAgICAgPFRSPiAgICAgIDxURCBhbGlnbj0iY2VudGVyIiBiZ2NvbG9yPSIjZmZmZmZmIiBzdHlsZT0iZm9udC1zaXplIDogMTJweDsiIHdpZHRoPSI1OSIgaGVpZ2h0PSI2NSI+PEZPTlQgY29sb3I9IiM0YzRjNGMiPuafhOOBquOBqTwvRk9OVD48L1REPiAgICAgIDxURCBiZ2NvbG9yPSIjZmZmZmZmIiB3aWR0aD0iMjEwIiBoZWlnaHQ9IjY1Ij48Rk9OVCBjb2xvcj0iIzgwODA4MCI+44CA77ya6Iul5bmy44OY44Ki44Op44Kk44Oz6aKo44Gr44K544K444GM5YWl44Gj44GfIDxicj4gICAgICDjgIDjgIDlhajvvJLvvJboibLjga7jg6Ljg4Djg7Pjgarluorjgr/jgqTjg6s8L0ZPTlQ+IDxicj4gICAgICA8Rk9OVCBjb2xvcj0iI2ZmMDAwMCI+4oC744Oi44OL44K/44O844Gr44KI44Gj44Gm6Imy44GC44GE44GM55Ww44Gq44KLIDxicj4gICAgICDloLTlkIjjgYzjgYLjgorjgb7jgZnjga7jgafjgZTkuobmib/poZjjgYTjgb7jgZnjgII8L0ZPTlQ+44CAPC9URD4gICAgIDwvVFI+ICAgICA8VFI+ICAgICAgPFREIGFsaWduPSJjZW50ZXIiIGJnY29sb3I9IiNmZmZmZmYiIHdpZHRoPSI1OSIgaGVpZ2h0PSIyOSI+PEZPTlQgY29sb3I9IiM0YzRjNGMiPuadkOizqjwvRk9OVD48L1REPiAgICAgIDxURCBhbGlnbj0ibGVmdCIgYmdjb2xvcj0iI2ZmZmZmZiIgd2lkdGg9IjIxMCIgaGVpZ2h0PSIyOSI+PEZPTlQgY29sb3I9IiM4MDgwODAiPuOAgOODm+ODouOCuOODi+OCouOCueOAgOWhqeWMluODk+ODi+ODvOODq+W6iuOCv+OCpOODqzwvRk9OVD48L1REPiAgICAgPC9UUj4gICAgIDxUUj4gICAgICA8VEQgYWxpZ249ImNlbnRlciIgYmdjb2xvcj0iI2ZmZmZmZiIgd2lkdGg9IjU5IiBoZWlnaHQ9IjM3Ij48Rk9OVCBjb2xvcj0iIzRjNGM0YyI+44K144Kk44K6PC9GT05UPjwvVEQ+ICAgICAgPFREIGFsaWduPSJsZWZ0IiBiZ2NvbG9yPSIjZmZmZmZmIiB3aWR0aD0iMjEwIiBoZWlnaHQ9IjM3Ij48Rk9OVCBjb2xvcj0iIzgwODA4MCI+44CA77yaMzBjbeinku+8iOato+aWueW9ou+8ieOAgDUw5p6a5YWlIDxicj4gICAgICDjgIDvvJrljprjgb/jg7vjg7vjg7sybW08L0ZPTlQ+PC9URD4gICAgIDwvVFI+ICAgICA8VFI+ICAgICAgPFREIGFsaWduPSJjZW50ZXIiIGJnY29sb3I9IiNmZmZmZmYiIHN0eWxlPSJmb250LXNpemUgOiAxMnB4OyIgd2lkdGg9IjU5IiBoZWlnaHQ9IjMxIj7jgIA8Rk9OVCBjb2xvcj0iIzRjNGM0YyI+54m56ZW3PC9GT05UPjwvVEQ+ICAgICAgPFREIGFsaWduPSJsZWZ0IiBiZ2NvbG9yPSIjZmZmZmZmIiB2YWxpZ249Im1pZGRsZSIgd2lkdGg9IjIxMCIgaGVpZ2h0PSIzMSI+PEZPTlQgY29sb3I9IiM4MDgwODAiIHNpemU9Ii0xIj7jgIDjg7tUT1Djg5bjg6njg7Pjg4kgPGJyPiAgICAgIOadseODquijveOBruS4iuizquW6iuOCv+OCpOODq+OAgDwvRk9OVD7jgIDjgIDjgIDjgIDjgIDjgIDjgIA8L1REPiAgICAgPC9UUj4gICAgPC9UQk9EWT4gICA8L1RBQkxFPiAgIDwvVEQ+ICA8L1RSPiA8L1RCT0RZPjwvVEFCTEU+PC9ESVY+PGJyPjxicj48dGFibGUgd2lkdGg9IjQ0MCIgY2VsbHNwYWNpbmc9IjAiIGNlbGxwYWRkaW5nPSIwIiBzdHlsZT0iZm9udC1zaXplOjEycHg7IGxpbmUtaGVpZ2h0OjIwcHg7IGxldHRlci1zcGFjaW5nOjAuMWV4OyBib3JkZXI6MXB4IHNvbGlkICMzMzM7Ij48dHI+PHRkIGNvbHNwYW49IjIiIGJnY29sb3I9IiMzMzMiIGFsaWduPSJjZW50ZXIiPjxmb250IGNvbG9yPSIjRkZGRkZGIj7llYblk4HoqqzmmI48L2ZvbnQ+PC90ZD48L3RyPjx0cj48dGQgdmFsaWduPSJ0b3AiIHdpZHRoPSIxNSI+4peGPC90ZD48dGQgd2lkdGg9IjQyNSI+44OV44Ot44Ki44K/44Kk44OrIOOBr+OAgSDjgZDjgavjgoPjgorjgagg5p+U44KJ44GL44GEIOe0oOadkOOBpyDmlr3lt6Ug44Gu44GX44KE44GZ44GV44GM5Lq65rCX44GuIOW6iuadkCDvvIgg5bqKIOOCv+OCpOODqyDvvInjgafjgZnjgII8YnIgLz7mnKzlvZPjgasg44KE44KP44KJ44GL44GEIOadkOizqiDjgarjga7jgafjgIHjga/jgZXjgb/jgoTjgqvjg4Pjgr/jg7zjgafnsKHljZjjgavjgqvjg4Pjg4jjgIHlpb3jgY3jgarlpKfjgY3jgZXjgavlpInlvaLlj6/og73jgafjgZnvvIE8L3RkPjwvdHI+PHRyPjx0ZCBjb2xzcGFuPSIyIj4mbmJzcDs8L3RkPjwvdHI+PHRyPjx0ZCB2YWxpZ249InRvcCIgd2lkdGg9IjE1Ij7il4Y8L3RkPjx0ZCB3aWR0aD0iNDI1Ij7jg5Xjg63jgqLjg7zjgr/jgqTjg6sg44Gv44CBIOS4gOS6uuaaruOCieOBlyDjga7mlrnjgoTjgIEg44Oe44Oz44K344On44OzIOOChCDos4Posrgg44GnIOODquODk+ODs+OCsCDjgoQg44OA44Kk44OL44Oz44KwIOOBquOBqeOBriDjg5Xjg63jg7zjg6rjg7PjgrAg44Gu44GK6YOo5bGL44Gn44KC44GK5L2/44GE44GE44Gf44Gg44GR44G+44GZ44CCPGJyPuOBvuOBn+OAgSDjgqrjg5XjgqPjgrkg44KEIOS8muekviDjgIEg576O5a656ZmiIOOCteODreODsyDjgqvjg5Xjgqcg5Zar6Iy25bqXIOOBquOBqeOBriDlupfoiJcg44Gn5L2/55So44GV44KM44KL5pa544KC5aSa44GPIOOBiumDqOWxi+OBruOCpOODoeODvOOCuOODgeOCp+ODs+OCuCDjgYznsKHljZjjgavjgafjgY3jgosg44GK44GZ44GZ44KBIOOBriBkaXkg44Ki44Kk44OG44Og44Gn44GZ4pmqPGJyIC8+5r+A5a6JIOOBriDjgrvjg7zjg6sg54m55L6hIOOBp+OBlOeUqOaEj+OBl+OBpuOBiuOCiuOBvuOBmeOBruOBp+OAgeOBk+OCjOOBi+OCieOBruODquODleOCqeODvOODoOOCt+ODvOOCuuODs+OBq+Wkp+a0u+i6jemWk+mBleOBhOOBquOBl++8n++8gTwvdGQ+PC90cj48dHI+PHRkIGNvbHNwYW49IjIiPiZuYnNwOzwvdGQ+PC90cj48dHI+PHRkIHZhbGlnbj0idG9wIiB3aWR0aD0iMTUiPuKXhjwvdGQ+PHRkIHdpZHRoPSI0MjUiPuW6iiDjgr/jgqTjg6sg44GnIOOCuOODp+OCpOODs+ODiOODnuODg+ODiCDjga7jgojjgYbjgavntYTjgb/lkIjjgo/jgZvjgovjgaDjgZHjgafnsKHljZjjgaog44OV44Ot44Ki44O844K/44Kk44OrIOOBr+OAgee1qOavryDjgoQg44Op44KwIOOCkuaVt+OBj+OBruOBqOWQjOOBmOOCiOOBhuOBqyBkaXkg44GM5qW944GX44KB44G+44GZ44KI77yBPGJyPueJueWIpeOBqiDjg5Xjg63jg7zjg6rjg7PjgrDmnZAg44OV44Ot44O844Oq44Oz44Kw5bel5LqLIOOCguS4gOWIh+S4jeimgeOBp+OBmeKYhjwvdGQ+PC90cj48L3RhYmxlPgo8ZGl2IHN0eWxlPSJmb250LWZhbWlseTon44OS44Op44Ku44OO6KeS44K0IFBybyBXMycsICdIaXJhZ2lubyBLYWt1IEdvdGhpYyBQcm8nLCAn44Oh44Kk44Oq44KqJywgTWVpcnlvLCBPc2FrYSwgJ++8re+8syDvvLDjgrTjgrfjg4Pjgq8nLCAnTVMgUEdvdGhpYycsIHNhbnMtc2VyaWY7IGZvbnQtc2l6ZToxMnB4OyB3aWR0aDo0NDBweDsiPgrjg5Xjg63jgqLjgr/jgqTjg6vlsILploDlupfjgaflv4XopoHjgarllYblk4Hmj4PjgYjjgqTjg7Pjg4bjg6rjgqLjgrfjg6fjg4Pjg5fjg4/jg6rjg7zjgafjga/jgIHjgrXjg7PjgrLjg4Tjg7vmnbHjg6rjg7vjgrfjg7PjgrPjg7zjg6vjg7vjg6rjg6rjgqvjg6nku5bjgpLjgZTnlKjmhI/jgZfjgabjgYrjgorjgb7jgZk8YnI+CuODleODreOCouOCv+OCpOODq+OBruafhOOCguixiuWvjO+8gTxicj4K5Lq65rCX44Gu44OV44Ot44O844Oq44Oz44Kw6Kq/44Gu44Oq44Ki44Or44GqIOacqOebrijjgqbjg4Pjg4kp5p+E44GvIOeEoeWeouadkOmiqOOChCDjgYrjgZfjgoPjgozjgaog44O044Kj44Oz44OG44O844K4IOOCueOCr+ODqeODg+ODl+OCpuODg+ODiemiqOOAgeODquOCouODq+OBq+ihqOePviDlpKfnkIbnn7MoIOOCueODiOODvOODsynjgIFw44K/44Kk44Or44Gu5qeY44GqIOODl+ODrOODvOODs+afhCDjg4bjg6njgrPjg4Pjgr/mn4Qg562JIOOCr+ODg+OCt+ODp+ODs+ODleODreOCouOCiOOCiuOCguiAkOS5heaAp+OBq+WEquOCjOOBpuOBhOOCi+OBruOBpyDlupfoiJfnlKjjgafjgoLjgYrjgZnjgZnjgoHjgafjgZnvvIE8YnI+CuaOsui8ieOBleOCjOOBpuOBhOOBquOBhOODleODreOCouOCv+OCpOODq+OCguOBlOmBoOaFruOBquOBj+OBiuWVj+OBhOWQiOOCj+OBm+S4i+OBleOBhOOAgjxicj4K5o6l552A5Ymk5LiN6KaB44GuIOiyvOOCi+OBoOOBkSDnva7jgY/jgaDjgZHjgr/jgqTjg5fjga7jg4/jg6rjg7zjgqTjg7zjgrjjg7zjg4fjgrPjgr/jgqTjg6vjgoLjgZTmpJzoqI7jgY/jgaDjgZXjgYTjgII8YnI+CjwvZGl2PjxzdHlsZSB0eXBlPSJ0ZXh0L2NzcyI+CjwhLS0KCmRpdiNIZWFkZXJLZXl3b3JkIHsKCXBvc2l0aW9uOmFic29sdXRlOwoJdG9wOjUwcHg7LyrkuIDnlarkuIrjgYvjgonjga7kvY3nva4qLwoJbGVmdDo4cHg7Lyrlt6bnq6/jgYvjgonjga7kvY3nva4qLwoJd2lkdGg6MTIwMHB4Owp9CgpkaXYjSGVhZGVyS2V5d29yZCBzcGFuIHsKCWJhY2tncm91bmQ6ICNiZjAwMDA7Cgljb2xvcjojZmZmOwoJZm9udC13ZWlnaHQ6Ym9sZDsKCWZvbnQtc2l6ZToxMnB4OwoJZm9udC1mYW1pbHk6IuODoeOCpOODquOCqiI7CglwYWRkaW5nOjJweCA1cHg7Cn0KCmRpdiNIZWFkZXJLZXl3b3JkIGEgewoJY29sb3I6IzAwNDRDQzsKCWZvbnQtc2l6ZToxMnB4OwoJZm9udC1mYW1pbHk6IuODoeOCpOODquOCqiI7Cn0KCi0tPgo8L3N0eWxlPgoKPGRpdiBpZD0iSGVhZGVyS2V5d29yZCI+CjxzcGFuPuazqOebruOBruOCreODvOODr+ODvOODiTwvc3Bhbj4K44Kq44O844OA44O844Kr44O844OG44OzCiAvIArjg4bjg6njgrPjg4Pjgr/mn4Tluorjgrfjg7zjg4gKIC8gCua0l+OBiOOCi+OCv+OCpOODq+OCq+ODvOODmuODg+ODiAogLyAK5pmC6KiI5LuY44GN44Km44Kp44O844Or44K544OG44OD44Kr44O8CjwvZGl2Pg==,44OV44Ot44Ki44K/44Kk44OrIOadseODqiDluormnZAg5bqKIOaVt+eJqSDjg5Xjg63jg7zjg6rjg7PjgrAgbXPjg5fjg6zjg7zjg7MgcOOCv+OCpOODqyDjgr/jgqTjg6sg44Oe44OD44OIIOOCt+ODvOODiCAg44OV44Ot44KiIEZUIOODl+ODrOODvOODsyAg44Kr44Op44O8IOOCq+ODqeODleODqyDjg53jg4Pjg5cg5biC5p2+IOODgeOCp+ODg+OCryDjg4Hjgqfjg4Pjgqvjg7wg5YaF6KOFIOWhqeODkyDluorjgr/jgqTjg6sg5pa95belIGRpeSDjg6rjg5Xjgqnjg7zjg6Ag5YK36Ziy5q2iIOijnOS/riDlvLXmm7/jgYgg44GK44GX44KD44KMIOOBi+OCj+OBhOOBhCAwNlDvvJrjgqTjg7Pjg4bjg6rjgqLjgrfjg6fjg4Pjg5cg44CQ44OP44Oq44O844CR,44Km44Kp44O844Or44K544OG44OD44Kr44O844K/44Kk44Or44Kr44O844Oa44OD44OI44Kv44OD44K344On44Oz44OV44Ot44Ki44Ks44Op44K544OV44Kj44Or44Og44OV44Ot44Ki44K/44Kk44Or44Kr44OD44OG44Kj44Oz44Kw44K344O844OI44K544OG44OD44Kr44O844Km44Kq44O844Or44K544OG44OD44Kr44O844K344O844Or44Kr44O844Oa44OD44OIZGl56Lui5YaZ44Km44Kp44O844Or44K544OG44OD44Kr44O8T0Hjg5Xjg63jgqLlo4HntJnjg6njgrDjgq/jg4Pjgrfjg6fjg7Pjg5Xjg63jgqLjg7zlo4HntJnjgrfjg7zjg6vjg4/jg6rjg7zjgrnjg4bjg4Pjgqvjg7zjg5Xjg63jgqLjg7zjgr/jgqTjg6vjgqTjg7Pjg4bjg6rjgqLjgqbjgqnjg7zjg6vjgrnjg4bjg4Pjgqvjg7zjg5Xjg63jgqLjgr/jgqTjg6sg5p2x44OqIOW6iuadkCDluoog5pW354mpIOODleODreODvOODquODs+OCsCBtc+ODl+ODrOODvOODsyBw44K/44Kk44OrIOOCv+OCpOODqyDjg57jg4Pjg4gg44K344O844OIICDjg5Xjg63jgqIgRlQg44OX44Os44O844OzICDjgqvjg6njg7wg44Kr44Op44OV44OrIOODneODg+ODlyDluILmnb4g44OB44Kn44OD44KvIOODgeOCp+ODg+OCq+ODvCDlhoXoo4Ug5aGp44OTIOW6iuOCv+OCpOODqyDmlr3lt6UgZGl5IOODquODleOCqeODvOODoCDlgrfpmLLmraIg6KOc5L+uIOW8teabv+OBiCDjgYrjgZfjgoPjgowg44GL44KP44GE44GEIDA2UA==,44OV44Ot44Ki44O844K/44Kk44OrIOW6iuOCv+OCpOODqyDluormnZAg5aGp44OTIOOCv+OCpOODqyAg54i244Gu5pel44CC44OV44Ot44Ki44K/44Kk44OrIOadseODqiDluormnZAg5bqKIOaVt+eJqSDjg5Xjg63jg7zjg6rjg7PjgrAgbXPjg5fjg6zjg7zjg7MgcOOCv+OCpOODqyDjgr/jgqTjg6sg44Oe44OD44OIIOOCt+ODvOODiCAg44OV44Ot44KiIEZUIOODl+ODrOODvOODsyAg44Kr44Op44O8IOOCq+ODqeODleODqyDjg53jg4Pjg5cg5biC5p2+IOODgeOCp+ODg+OCryDjg4Hjgqfjg4Pjgqvjg7wg5YaF6KOFIOWhqeODkyDluorjgr/jgqTjg6sg5pa95belIGRpeSDjg6rjg5Xjgqnjg7zjg6Ag5YK36Ziy5q2iIOijnOS/riDlvLXmm7/jgYgg44GK44GX44KD44KMIOOBi+OCj+OBhOOBhCAwNlA=[rn]
31-2621,aHR0cDovL3RzaG9wLnIxMHMuanAvaGFycnkvY2FiaW5ldC9zaW4tZnQvbDI0LTAxLXNpbi1tbjIxLmpwZz9maXRpbj03MDA6NzAw,OTA4MC44MDAw,,6Iqx44O744Ks44O844OH44Oz44O7RElZID4g5L2P5a6F5bu65p2Q44O76Kit5YKZID4g5bqK5p2QID4g44Gd44Gu5LuW,44OV44Ot44Ki44K/44Kk44OrIOOCt+ODs+OCs+ODvOODqyDjg57jg4Pjg4jjg43jg6kg5bqKIOW6iuadkCDjg5Xjg63jg7zjg6rjg7PjgrAg44OT44OL44OrIFDjgr/jgqTjg6sg44OV44Ot44KiIGRpeSDjg6rjg5Xjgqnjg7zjg6Ag5Zyf6Laz5a++5b+cIOOCpOODs+ODhuODquOCoiDlupfoiJcg5L2P5a6FIOOCpuODg+ODiSDjgqTjgr/jg6rjgqLjg7Pjgqbjgqnjg7zjg6vjg4rjg4Pjg4gg44Kr44Oq44OzIOacqCDmnKjnm67oqr8g5pyo5p2QIDAzUw==,c2luY29sIG1hdHRvbmVsbGEg44OV44Ot44Ki44O844K/44Kk44OrIDHjgrHjg7zjgrnvvIg0NuaemuWFpe+8iSDniLbjga7ml6U=,PGRpdiBzdHlsZT0id2lkdGg6IDcwMHB4OyBsaW5lLWhlaWdodDogMS41OyBjb2xvcjogIzJmMmIyNyI+CjxwIHN0eWxlPSJjb2xvcjogI2ZmZjsgYmFja2dyb3VuZC1jb2xvcjogI2Y2OTsgZm9udC1zaXplOiAyNHB4OyBwYWRkaW5nOiAxMHB4OyI+4oC744GT44Gh44KJ44Gu5ZWG5ZOB44Gv44Kx44O844K55Y2Y5L2N44Gn44GU6LO85YWl44Gn44GN44G+44GZ44CCPC9wPgo8cD48aW1nIHNyYz0iaHR0cHM6Ly9pbWFnZS5yYWt1dGVuLmNvLmpwL2hhcnJ5L2NhYmluZXQvc2luLWZ0L2wyNC0wMS1zaW4tbW4yMS5qcGciIGJvcmRlcj0iMCIgd2lkdGg9IjcwMCIgLz48L3A+CjxwPjxpbWcgc3JjPSJodHRwczovL2ltYWdlLnJha3V0ZW4uY28uanAvaGFycnkvY2FiaW5ldC9zaW4tZnQvbDI0LTAxLXNpbi1tbjIxXzEuanBnIiBib3JkZXI9IjAiIHdpZHRoPSI3MDAiIC8+PC9wPgoKPHAgc3R5bGU9ImJvcmRlci1sZWZ0OiA1cHggc29saWQgIzRlNDUzYTsgYm9yZGVyLWJvdHRvbTogMXB4IHNvbGlkICM0ZTQ1M2E7IGZvbnQtc2l6ZTogMjRweDsgcGFkZGluZy1sZWZ0OiA1cHg7Ij7jg5Xjg63jgqLjgr/jgqTjg6vjga7osrzjgormlrk8L3A+Cgo8cCBzdHlsZT0iY29sb3I6IzIyMjIyMjsgZm9udC1zaXplOjMwcHg7IGZvbnQtd2VpZ2h0OmJvbGQ7IG1hcmdpbjowcHg7IHBhZGRpbmctbGVmdDoxMHB4OyBwYWRkaW5nLXRvcDoxMHB4OyBwYWRkaW5nLWJvdHRvbToyMHB4OyBmb250LWZhbWlseTogR2VvcmdpYSwgVGltZXMgTmV3IFJvbWFuLCBUaW1lczsiPmhhcnJ544Gn5aWz5oCn44Gu5pa544Gr5Zyn5YCS55qE5Lq65rCX44Gu56eY5a+G4oCmPC9wPgo8cCBzdHlsZT0iY29sb3I6IzMzMzMzMzsgZm9udC1zaXplOjE2cHg7IG1hcmdpbjowcHg7IHBhZGRpbmctbGVmdDoxMHB4OyI+44Gd44KM44Gv44OV44Ot44Ki44K/44Kk44Or44GM44GK5omL6Lu957Ch5Y2Y44Gg44GL44KJ77yBPC9wPgo8YnI+Cjxicj4KPHRhYmxlIHdpZHRoPSI3MDAiIGJvcmRlcj0iMCIgY2VsbHNwYWNpbmc9IjAiIGNlbGxwYWRkaW5nPSIwIiBzdHlsZT0iZm9udC1zaXplOjE0cHg7IGNvbG9yOiMzMzMzMzMiPgogIDx0cj4KICAgIDx0ZD48aW1nIHNyYz0iaHR0cHM6Ly9pbWFnZS5yYWt1dGVuLmNvLmpwL2hhcnJ5L2NhYmluZXQvZmxvb3JfdGlsZS9mbG9vcl90aWxlX2hvdzAxLmpwZyIgd2lkdGg9IjIyNSIgaGVpZ2h0PSIyMjUiPjwvdGQ+CiAgICA8dGQgd2lkdGg9IjEyIj4mbmJzcDs8L3RkPgogICAgPHRkPjxpbWcgc3JjPSJodHRwczovL2ltYWdlLnJha3V0ZW4uY28uanAvaGFycnkvY2FiaW5ldC9mbG9vcl90aWxlL2Zsb29yX3RpbGVfaG93MDIuanBnIiB3aWR0aD0iMjI1IiBoZWlnaHQ9IjIyNSI+PC90ZD4KICAgIDx0ZCB3aWR0aD0iMTMiPiZuYnNwOzwvdGQ+CiAgICA8dGQ+PGltZyBzcmM9Imh0dHBzOi8vaW1hZ2UucmFrdXRlbi5jby5qcC9oYXJyeS9jYWJpbmV0L2Zsb29yX3RpbGUvZmxvb3JfdGlsZV9ob3cwMy5qcGciIHdpZHRoPSIyMjUiIGhlaWdodD0iMjI1Ij48L3RkPgogIDwvdHI+PHRyPgo8dGQgY29sc3Bhbj0iNSIgaGVpZ2h0PSIxMCI+Jm5ic3A7PC90ZD4KPC90cj4KICA8dHI+CiAgICA8dGQgYWxpZ249ImxlZnQiIHZhbGlnbj0idG9wIj7jgYrpg6jlsYvjga7pmoXjga7jgqvjg4Pjg4jpg6jliIbjga/jgIHjgYrlrrbjgavjgYLjgovlrpropo/jgafljYHliIbvvIE8YnI+5a6a6KaP44KS44GC44Gm44Gm44GT44Gu44KI44GG44Gr5L2V5bqm44GL5YiH44KK55uu44KS44GE44KM44G+44GX44KH44GG77yBPC90ZD4KICAgIDx0ZCBhbGlnbj0ibGVmdCIgdmFsaWduPSJ0b3AiPiZuYnNwOzwvdGQ+CiAgICA8dGQgYWxpZ249ImxlZnQiIHZhbGlnbj0idG9wIj7ou73jgY/mipjjgormm7LjgZLjgozjgbDjgZPjga7jgajjgYrjgorjgII8L3RkPgogICAgPHRkIGFsaWduPSJsZWZ0IiB2YWxpZ249InRvcCI+Jm5ic3A7PC90ZD4KICAgIDx0ZCBhbGlnbj0ibGVmdCIgdmFsaWduPSJ0b3AiPuaKmOOCiuabsuOBkuOBn+mDqOWIhuOCkuOBk+OBruOCiOOBhuOBq+OCq+ODg+OCv+ODvOOBp+OAgeOCt+ODpeODg+OBqOi7veOBj+WIg+OCkuOBhOOCjOOCjOOBsO+8gTwvdGQ+CiAgPC90cj4KICA8dHI+CiAgICA8dGQgaGVpZ2h0PSIxNSIgY29sc3Bhbj0iNSI+Jm5ic3A7PC90ZD4KICA8L3RyPgogIDx0cj4KICAgIDx0ZD48aW1nIHNyYz0iaHR0cHM6Ly9pbWFnZS5yYWt1dGVuLmNvLmpwL2hhcnJ5L2NhYmluZXQvZmxvb3JfdGlsZS9mbG9vcl90aWxlX2hvdzA0LmpwZyIgd2lkdGg9IjIyNSIgaGVpZ2h0PSIyMjUiPjwvdGQ+CiAgICA8dGQgd2lkdGg9IjEyIj4mbmJzcDs8L3RkPgogICAgPHRkPjxpbWcgc3JjPSJodHRwczovL2ltYWdlLnJha3V0ZW4uY28uanAvaGFycnkvY2FiaW5ldC9mbG9vcl90aWxlL2Zsb29yX3RpbGVfaG93MDUuanBnIiB3aWR0aD0iMjI1IiBoZWlnaHQ9IjIyNSI+PC90ZD4KICAgIDx0ZCB3aWR0aD0iMTMiPiZuYnNwOzwvdGQ+CiAgICA8dGQ+PGltZyBzcmM9Imh0dHBzOi8vaW1hZ2UucmFrdXRlbi5jby5qcC9oYXJyeS9jYWJpbmV0L2Zsb29yX3RpbGUvZmxvb3JfdGlsZV9ob3cwNi5qcGciIHdpZHRoPSIyMjUiIGhlaWdodD0iMjI1Ij48L3RkPgogIDwvdHI+PHRyPgo8dGQgY29sc3Bhbj0iNSIgaGVpZ2h0PSIxMCI+Jm5ic3A7PC90ZD4KPC90cj4KICA8dHI+CiAgICA8dGQgYWxpZ249ImxlZnQiIHZhbGlnbj0idG9wIj7jga/jgYTvvIE8YnI+44Kr44OD44OI5a6M5LqG44Gn44GZ44CCPC90ZD4KICAgIDx0ZD4mbmJzcDs8L3RkPgogICAgPHRkIGFsaWduPSJsZWZ0IiB2YWxpZ249InRvcCI+44Gv44GV44G/44Gn44KC44CB44KC44Gh44KN44KT77yv77yr77yBPGJyPuWHuuadpeOCjOOBsOWkp+OBjeOBhOOBr+OBleOBv+OBp+OBreODu+ODu+ODuzwvdGQ+CiAgICA8dGQ+Jm5ic3A7PC90ZD4KICAgIDx0ZCBhbGlnbj0ibGVmdCIgdmFsaWduPSJ0b3AiPuW/heimgeOBquWgtOaJgOOBq+OAgjwvdGQ+CiAgPC90cj4KPC90YWJsZT48YnI+PGJyPgoKPHAgc3R5bGU9ImJvcmRlci1sZWZ0OiA1cHggc29saWQgIzRlNDUzYTsgYm9yZGVyLWJvdHRvbTogMXB4IHNvbGlkICM0ZTQ1M2E7IGZvbnQtc2l6ZTogMjRweDsgcGFkZGluZy1sZWZ0OiA1cHg7Ij7jg5Xjg63jgqLjgr/jgqTjg6vlsILnlKjjga7jgorjga7jgZTntLnku4s8L3A+Cgo8YnIgLz4KCjxwIHN0eWxlPSJ0ZXh0LWFsaWduOiBjZW50ZXI7Ij48YSBocmVmPSJodHRwczovL2l0ZW0ucmFrdXRlbi5jby5qcC9oYXJyeS9jLzAwMDAwMDA0NDIvIiB0YXJnZXQ9Il9ibGFuayI+PGltZyBzcmM9Imh0dHBzOi8vaW1hZ2UucmFrdXRlbi5jby5qcC9oYXJyeS9jYWJpbmV0LzAyMzgwNDc4L2Zsb29ydGlsZS1rYW5yZW4tYmFuLmpwZyIgYm9yZGVyPSIwIiBhbHQ9IumBk+WFt+mhniI+PC9hPjwvcD48YnIgLz4KCgo8cD48YSBocmVmPSJodHRwczovL2l0ZW0ucmFrdXRlbi5jby5qcC9oYXJyeS9jLzAwMDAwMDEzODgvIiB0YXJnZXQ9Il9ibGFuayI+PGltZyBzcmM9Imh0dHBzOi8vaW1hZ2UucmFrdXRlbi5jby5qcC9oYXJyeS9jYWJpbmV0LzAyMzgwNDc4L2Zsb29ydGlsZS1zYW1wbGUtYmFuLmpwZyIgYm9yZGVyPSIwIiBhbHQ9IueUu+WDjyI+PC9hPjwvcD48YnI+PGJyPgoKPHAgc3R5bGU9ImJvcmRlci1sZWZ0OiA1cHggc29saWQgIzRlNDUzYTsgYm9yZGVyLWJvdHRvbTogMXB4IHNvbGlkICM0ZTQ1M2E7IGZvbnQtc2l6ZTogMjRweDsgcGFkZGluZy1sZWZ0OiA1cHg7Ij7jg5Xjg63jgqLjgr/jgqTjg6vkuIDopqc8L3A+Cgo8cD48YSBocmVmPSJodHRwczovL2l0ZW0ucmFrdXRlbi5jby5qcC9oYXJyeS9jLzAwMDAwMDAyNTIvIiB0YXJnZXQ9Il9ibGFuayI+PGltZyBzcmM9Imh0dHBzOi8vaW1hZ2UucmFrdXRlbi5jby5qcC9oYXJyeS9jYWJpbmV0LzAzNTI1ODgyL2Z0LXRvLXRvcC5qcGciIGJvcmRlcj0iMCIgYWx0PSLnlLvlg48iPjwvYT48L3A+PGJyPjxicj4KCjwvZGl2PjxkaXYgc3R5bGU9IndpZHRoOjQ0MHB4OyBib3JkZXI6MHB4OyB0ZXh0LWFsaWduOmNlbnRlcjsiPgoKPGltZyBzcmM9Imh0dHBzOi8vaW1hZ2UucmFrdXRlbi5jby5qcC9oYXJyeS9jYWJpbmV0L3NtYXJ0X3Bob25lL2Z0ZHVndS5qcGciIHdpZHRoPSI0NDAiIGJvcmRlcj0iMCIgc3R5bGU9Im1hcmdpbi1ib3R0b206NXB4OyI+CgoKPGltZyBzcmM9Imh0dHBzOi8vaW1hZ2UucmFrdXRlbi5jby5qcC9oYXJyeS9jYWJpbmV0L3NtYXJ0X3Bob25lL2Z0emVuZ2FyYS5qcGciIHdpZHRoPSI0NDAiIGJvcmRlcj0iMCIgc3R5bGU9Im1hcmdpbi1ib3R0b206NXB4OyI+CgoKPGltZyBzcmM9Imh0dHBzOi8vaW1hZ2UucmFrdXRlbi5jby5qcC9oYXJyeS9jYWJpbmV0L3NtYXJ0X3Bob25lL2RlY290YWlydS5qcGciIHdpZHRoPSI0NDAiIGJvcmRlcj0iMCIgc3R5bGU9Im1hcmdpbi1ib3R0b206NXB4OyI+Cgo8L2Rpdj48cD48aW1nIHNyYz0iaHR0cHM6Ly9pbWFnZS5yYWt1dGVuLmNvLmpwL2hhcnJ5L2NhYmluZXQvc291cnlvdS00NDBuLmpwZyIgYm9yZGVyPSIwIj48L3A+PGltZyBzcmM9Imh0dHBzOi8vaW1hZ2UucmFrdXRlbi5jby5qcC9oYXJyeS9jYWJpbmV0L2d1aWRlL25wXzQ0MC5qcGciIGJvcmRlcj0iMCIgc3R5bGU9Im1hcmdpbjoxMHB4IDBweDsiPjxwIHN0eWxlPSJjb2xvcjogI2ZmZjsgYmFja2dyb3VuZC1jb2xvcjogI2Y2OTsgZm9udC1zaXplOiAyNHB4OyBwYWRkaW5nOiAxMHB4OyB3aWR0aDogMzgwcHg7Ij7igLvjgZPjgaHjgonjga7llYblk4Hjga/jgrHjg7zjgrnljZjkvY3jgafjgZTos7zlhaXjgafjgY3jgb7jgZnjgII8L3A+Cjx0YWJsZSB3aWR0aD0iNDQwIiBib3JkZXI9IjAiIGNlbGxzcGFjaW5nPSIxIiBjZWxscGFkZGluZz0iMyIgYmdjb2xvcj0iIzY2NjY2NiIgc3R5bGU9ImZvbnQtZmFtaWx5Oifjg5Ljg6njgq7jg47op5LjgrQgUHJvIFczJywgJ0hpcmFnaW5vIEtha3UgR290aGljIFBybycsICfjg6HjgqTjg6rjgqonLCBNZWlyeW8sIE9zYWthLCAn77yt77yzIO+8sOOCtOOCt+ODg+OCrycsICdNUyBQR290aGljJywgc2Fucy1zZXJpZjsgZm9udC1zaXplOjEycHg7Ij4gPHRyPiAgICA8dGQgYmdjb2xvcj0iI0NDQ0NDQyIgYWxpZ249ImNlbnRlciI+5ZWG5ZOB5ZCNPC90ZD4gICAgPHRkIGJnY29sb3I9IiNGRkZGRkYiPuOCt+ODs+OCs+ODvOODqyhzaW5jb2wpIEZMT09SIFRJTEU8YnI+44Kk44K/44Oq44Ki44Oz44Km44Kp44O844Or44OK44OD44OIIOOCq+ODquODszwvdGQ+ICA8L3RyPiA8dGQgYmdjb2xvcj0iI0NDQ0NDQyIgYWxpZ249ImNlbnRlciI+5ZWG5ZOB6Kqs5piOPC90ZD4gICAgPHRkIGJnY29sb3I9IiNGRkZGRkYiPuW6l+iIl+OBi+OCieS9j+WuheOBvuOBp+OAgeWkmuW9qeOBquODi+ODvOOCuuOBq+W/nOOBiOOCi+ikh+WxpOODk+ODi+ODq+W6iuOCv+OCpOODq+OAjOODnuODg+ODiOODjeODqeOAjeiyvOOCiuabv+OBiOOBjOewoeWNmOOBq+WHuuadpeOBpgros4PosrjkvY/lroXjga7nj77nirblm57lvqnnrYnjgavkvr/liKnjgafjgZnjgII8YnI+PGJyPgrjg5Xjg63jgqLjgr/jgqTjg6vlsILploDlupfjgaflv4XopoHjgarllYblk4Hmj4PjgYjjgqTjg7Pjg4bjg6rjgqLjgrfjg6fjg4Pjg5fjg4/jg6rjg7zjgafjga/jgIHjgrXjg7PjgrLjg4Tjg7vmnbHjg6rjg7vjgrfjg7PjgrPjg7zjg6vjg7vjg6rjg6rjgqvjg6nku5bjgpLjgZTnlKjmhI/jgZfjgabjgYrjgorjgb7jgZnvvIEgPGJyPuODleODreOCouOCv+OCpOODq+OBruafhOOCguixiuWvjO+8geS6uuawl+OBruODleODreODvOODquODs+OCsOiqv+OBruODquOCouODq+OBqiDmnKjnm64o44Km44OD44OJKeafhOOBryDnhKHlnqLmnZDpoqjjgoQg44GK44GX44KD44KM44GqIOODtOOCo+ODs+ODhuODvOOCuCDjgrnjgq/jg6njg4Pjg5fjgqbjg4Pjg4npoqjjgIHjg6rjgqLjg6vjgavooajnj77lpKfnkIbnn7Mo44K544OI44O844OzKeOAgXDjgr/jgqTjg6vjga7mp5jjgaog44OX44Os44O844Oz5p+EIOODhuODqeOCs+ODg+OCv+afhCDnrYnjgq/jg4Pjgrfjg6fjg7Pjg5Xjg63jgqLjgojjgorjgoLogJDkuYXmgKfjgavlhKrjgozjgabjgYTjgovjga7jgaflupfoiJfnlKjjgafjgoLjgYrjgZnjgZnjgoHjgafjgZnvvIHmjrLovInjgZXjgozjgabjgYTjgarjgYTjg5Xjg63jgqLjgr/jgqTjg6vjgoLjgZTpgaDmha7jgarjgY/jgYrllY/jgYTlkIjjgo/jgZvkuIvjgZXjgYTjgILmjqXnnYDliaTkuI3opoHjga4g6LK844KL44Gg44GRIOe9ruOBj+OBoOOBkeOCv+OCpOODl+OBruODj+ODquODvOOCpOODvOOCuOODvOODh+OCs+OCv+OCpOODq+OCguOBlOaknOiojuOBj+OBoOOBleOBhOOAgjxicj48YnI+CjxzcGFuIHN0eWxlPSJjb2xvcjojZmYwMDAwOyBmb250LXNpemU6MTJweCI+4oC744GK5L2/44GE44Gu44OR44K944Kz44Oz55Kw5aKD44Gr44KI44Gj44Gm44Gv44CBIDxicj7jgIDllYblk4Hjga7oibLjgYzopovmnKzjgajlpJrlsJHnlbDjgarjgovloLTlkIjjgYzjgYLjgorjgb7jgZnjgIIgPGJyPjwvc3Bhbj48YnI+d29vZCDjg5bjg6njgqbjg7Mg44OA44O844Kv44OW44Op44Km44OzIOiMtuiJsiDosrzjgovjgaDjgZEg44K/44Kk44OrIOODleODreOCouODvCDjgrfjg7zjg4gg44OR44ON44OrIOWCtyDmsZrjgowg6Ziy5q2iIOODleODreODvOODquODs+OCsCDjgqvjg7zjg5rjg4Pjg4gg6KOc5L+uIOS/rueQhiDkv53orbcg5by35YyWIOaWveW3pSDjgqrjg5XjgqPjgrkg44Oq44OT44Oz44KwIOODnuODs+OCt+ODp+ODsyDos4Posrgg44K144Ot44OzIOODouODq+OCv+ODqyAg44Kz44Oz44OR44ONIOS6jOmHjeW6lTwvdGQ+ICA8L3RyPiA8dGQgYmdjb2xvcj0iI0NDQ0NDQyIgYWxpZ249ImNlbnRlciI+5o6y6LyJ5ZOB55WqPC90ZD4gICAgPHRkIGJnY29sb3I9IiNGRkZGRkYiPk1XLTkwOTgKTVctOTA5OQpNVy05MTAwCk1XLTkxMDEKTVctOTEwMjwvdGQ+ICA8L3RyPiA8dGQgYmdjb2xvcj0iI0NDQ0NDQyIgYWxpZ249ImNlbnRlciI+6ImyPC90ZD4gICAgPHRkIGJnY29sb3I9IiNGRkZGRkYiPuacqOebruafhDwvdGQ+PC90cj4gPHRyPiAgICA8dGQgYmdjb2xvcj0iI0NDQ0NDQyIgYWxpZ249ImNlbnRlciI+44K144Kk44K6PC90ZD4gICAgPHRkIGJnY29sb3I9IiNGRkZGRkYiPuOCteOCpOOCuu+8mjEwMG1teDkxNC40bW08YnI+5Y6a44G/77yaMi41bW08YnI+44OI44OD44OX5bGk77ya44Kv44Oq44Ki44O8MC4zbTx0cj4gICAgPHRkIGJnY29sb3I9IiNDQ0NDQ0MiIGFsaWduPSJjZW50ZXIiPjHjgrHjg7zjgrnljZjkvY08L3RkPiAgICA8dGQgYmdjb2xvcj0iI0ZGRkZGRiI+NDbmnprlhaXvvIjntITvvJo0LjLlubPmlrnjg6Hjg7zjg4jjg6vvvIk8L3RkPiAgPC90cj4gPHRyPiAgICA8dGQgYmdjb2xvcj0iI0NDQ0NDQyIgYWxpZ249ImNlbnRlciI+5qmf6IO9PC90ZD4gICAgPHRkIGJnY29sb3I9IiNGRkZGRkYiPjxwPjTpnaLpnaLlj5Y8L3RyPiAgPHRyPiAgICA8dGQgYmdjb2xvcj0iI0NDQ0NDQyIgd2lkdGg9IjEwMCIgYWxpZ249ImNlbnRlciI+6YCBIOaWmTwvdGQ+ICAgIDx0ZCBiZ2NvbG9yPSIjRkZGRkZGIj7jgJDpgIEg5paZ44CR6KW/5r+D6YGL6Ly4IOS7lu+8mjcwMOWGhu+8iOeojuWIpe+8iTxicj7igLvljJfmtbfpgZPjg7vmspbnuITjgbvjgYvkuIDpg6jjga7lnLDln5/jga/pmaTjgY3jgb7jgZnjgII8YnI+PGI+6YCB5paZ44Gu6Kmz57Sw44Gr44Gk44GE44Gm44Gv44GT44Gh44KJ44G477ye77yePC9iPjwvdGQ+ICAgPC90cj4gIDx0cj4gICAgPHRkIGJnY29sb3I9IiNDQ0NDQ0MiIGFsaWduPSJjZW50ZXIiPue0jSDmnJ88L3RkPiAgICA8dGQgYmdjb2xvcj0iI0ZGRkZGRiI+44GU5rOo5paH56K65a6a5b6M44CB57SEM++9njXllrbmpa3ml6U8L3RkPiAgPC90cj48L3RhYmxlPjxzdHlsZSB0eXBlPSJ0ZXh0L2NzcyI+CjwhLS0KCmRpdiNIZWFkZXJLZXl3b3JkIHsKCXBvc2l0aW9uOmFic29sdXRlOwoJdG9wOjUwcHg7LyrkuIDnlarkuIrjgYvjgonjga7kvY3nva4qLwoJbGVmdDo4cHg7Lyrlt6bnq6/jgYvjgonjga7kvY3nva4qLwoJd2lkdGg6MTIwMHB4Owp9CgpkaXYjSGVhZGVyS2V5d29yZCBzcGFuIHsKCWJhY2tncm91bmQ6ICNiZjAwMDA7Cgljb2xvcjojZmZmOwoJZm9udC13ZWlnaHQ6Ym9sZDsKCWZvbnQtc2l6ZToxMnB4OwoJZm9udC1mYW1pbHk6IuODoeOCpOODquOCqiI7CglwYWRkaW5nOjJweCA1cHg7Cn0KCmRpdiNIZWFkZXJLZXl3b3JkIGEgewoJY29sb3I6IzAwNDRDQzsKCWZvbnQtc2l6ZToxMnB4OwoJZm9udC1mYW1pbHk6IuODoeOCpOODquOCqiI7Cn0KCi0tPgo8L3N0eWxlPgoKPGRpdiBpZD0iSGVhZGVyS2V5d29yZCI+CjxzcGFuPuazqOebruOBruOCreODvOODr+ODvOODiTwvc3Bhbj4K44Kq44O844OA44O844Kr44O844OG44OzCiAvIArjg4bjg6njgrPjg4Pjgr/mn4Tluorjgrfjg7zjg4gKIC8gCua0l+OBiOOCi+OCv+OCpOODq+OCq+ODvOODmuODg+ODiAogLyAK5pmC6KiI5LuY44GN44Km44Kp44O844Or44K544OG44OD44Kr44O8CjwvZGl2Pg==,44OV44Ot44Ki44K/44Kk44OrIOOCt+ODs+OCs+ODvOODqyDjg57jg4Pjg4jjg43jg6kg5bqKIOW6iuadkCDjg5Xjg63jg7zjg6rjg7PjgrAg44OT44OL44OrIFDjgr/jgqTjg6sg44OV44Ot44KiIGRpeSDjg6rjg5Xjgqnjg7zjg6Ag5Zyf6Laz5a++5b+cIOOCpOODs+ODhuODquOCoiDlupfoiJcg5L2P5a6FIOOCpuODg+ODiSDjgqTjgr/jg6rjgqLjg7Pjgqbjgqnjg7zjg6vjg4rjg4Pjg4gg44Kr44Oq44OzIOacqCDmnKjnm67oqr8g5pyo5p2QIDAzU++8muOCpOODs+ODhuODquOCouOCt+ODp+ODg+ODlyDjgJDjg4/jg6rjg7zjgJE=,44Km44Kp44O844Or44K544OG44OD44Kr44O844K/44Kk44Or44Kr44O844Oa44OD44OI44Kv44OD44K344On44Oz44OV44Ot44Ki44Ks44Op44K544OV44Kj44Or44Og44OV44Ot44Ki44K/44Kk44Or44Kr44OD44OG44Kj44Oz44Kw44K344O844OI44K544OG44OD44Kr44O844Km44Kq44O844Or44K544OG44OD44Kr44O844K344O844Or44Kr44O844Oa44OD44OIZGl56Lui5YaZ44Km44Kp44O844Or44K544OG44OD44Kr44O8T0Hjg5Xjg63jgqLlo4HntJnjg6njgrDjgq/jg4Pjgrfjg6fjg7Pjg5Xjg63jgqLjg7zlo4HntJnjgrfjg7zjg6vjg4/jg6rjg7zjgrnjg4bjg4Pjgqvjg7zjg5Xjg63jgqLjg7zjgr/jgqTjg6vjgqTjg7Pjg4bjg6rjgqLjgqbjgqnjg7zjg6vjgrnjg4bjg4Pjgqvjg7zjg5Xjg63jgqLjgr/jgqTjg6sg44K344Oz44Kz44O844OrIOODnuODg+ODiOODjeODqSDluoog5bqK5p2QIOODleODreODvOODquODs+OCsCDjg5Pjg4vjg6sgUOOCv+OCpOODqyDjg5Xjg63jgqIgZGl5IOODquODleOCqeODvOODoCDlnJ/otrPlr77lv5wg44Kk44Oz44OG44Oq44KiIOW6l+iIlyDkvY/lroUg44Km44OD44OJIOOCpOOCv+ODquOCouODs+OCpuOCqeODvOODq+ODiuODg+ODiCDjgqvjg6rjg7Mg5pyoIOacqOebruiqvyDmnKjmnZAgMDNT,c2luY29sIG1hdHRvbmVsbGEg44OV44Ot44Ki44O844K/44Kk44OrIDHjgrHjg7zjgrnvvIg0NuaemuWFpe+8iSDniLbjga7ml6XjgILjg5Xjg63jgqLjgr/jgqTjg6sg44K344Oz44Kz44O844OrIOODnuODg+ODiOODjeODqSDluoog5bqK5p2QIOODleODreODvOODquODs+OCsCDjg5Pjg4vjg6sgUOOCv+OCpOODqyDjg5Xjg63jgqIgZGl5IOODquODleOCqeODvOODoCDlnJ/otrPlr77lv5wg44Kk44Oz44OG44Oq44KiIOW6l+iIlyDkvY/lroUg44Km44OD44OJIOOCpOOCv+ODquOCouODs+OCpuOCqeODvOODq+ODiuODg+ODiCDjgqvjg6rjg7Mg5pyoIOacqOebruiqvyDmnKjmnZAgMDNT[rn]
31-2622,aHR0cDovL3RzaG9wLnIxMHMuanAvaGFycnkvY2FiaW5ldC9mbG9vcl90aWxlL2dlbml1c19wbGFuZV8wMS0yLmpwZz9maXRpbj03MDA6NzAw,ODMzOS4yMDAw,,6Iqx44O744Ks44O844OH44Oz44O7RElZID4g5L2P5a6F5bu65p2Q44O76Kit5YKZID4g5bqK5p2QID4g44Gd44Gu5LuW,44OV44Ot44Ki44K/44Kk44OrIOW6iiDluormnZAg5pW354mpIOODleODreODvOODquODs+OCsCDjgr/jgrjjg54gMzDDlzMwIOato+aWueW9oiAzMGNt6KeSIDMwY23DlzMwY20gNTDmnprlhaUg6KSH5bGk44OT44OL44OrIOODk+ODi+ODvOODqyDjgrjjg4vjgqLjgrnjg5fjg6zjg7zjg7Mg44Kr44Op44OV44Or44K344Oq44O844K6IOOCv+OCpOODqyDjg5Xjg63jgqIg44OV44Ot44Ki44O8IEZUIERJWSDjg6rjg5Xjgqnjg7zjg6Ag44GK44GX44KD44KMIOODneODg+ODlyDotaQg44Os44OD44OJIOOCpOOCqOODreODvCDpu4ToibIgMDFT,NTDmnprlhaXjgorjgqvjg6njg5Xjg6voibLjga7jg5Xjg63jgqLjgr/jgqTjg6vjgrjjg4vjgqLjgrnjg5fjg6zjg7zjg7Mg54i244Gu5pel,PHN0eWxlIHR5cGU9InRleHQvY3NzIj4KI2dlbml1cyB0aHsKZm9udC1mYW1pbHk6J+ODkuODqeOCruODjuinkuOCtCBQcm8gVzMnLCAnSGlyYWdpbm8gS2FrdSBHb3RoaWMgUHJvJywgJ+ODoeOCpOODquOCqicsIE1laXJ5bywgT3Nha2EsICfvvK3vvLMg77yw44K044K344OD44KvJywgJ01TIFBHb3RoaWMnLCBzYW5zLXNlcmlmOyBmb250LXNpemU6MTNweDsKfQoKI2dlbml1cyB0ZHsKZm9udC1mYW1pbHk6J+ODkuODqeOCruODjuinkuOCtCBQcm8gVzMnLCAnSGlyYWdpbm8gS2FrdSBHb3RoaWMgUHJvJywgJ+ODoeOCpOODquOCqicsIE1laXJ5bywgT3Nha2EsICfvvK3vvLMg77yw44K044K344OD44KvJywgJ01TIFBHb3RoaWMnLCBzYW5zLXNlcmlmOyBmb250LXNpemU6MTNweDsKfQojZ2VuaXVzIHB7CmZvbnQtZmFtaWx5Oifjg5Ljg6njgq7jg47op5LjgrQgUHJvIFczJywgJ0hpcmFnaW5vIEtha3UgR290aGljIFBybycsICfjg6HjgqTjg6rjgqonLCBNZWlyeW8sIE9zYWthLCAn77yt77yzIO+8sOOCtOOCt+ODg+OCrycsICdNUyBQR290aGljJywgc2Fucy1zZXJpZjsgZm9udC1zaXplOjEzcHg7Cn0KI2dlbml1cyAubWI1MHttYXJnaW4tYm90dG9tOjUwcHg7fQojZ2VuaXVzIC5tYjEwMHttYXJnaW4tYm90dG9tOjEwMHB4O30KPC9zdHlsZT4KCjxkaXYgaWQ9Imdlbml1cyI+Cgo8aW1nIHNyYz0iaHR0cHM6Ly9pbWFnZS5yYWt1dGVuLmNvLmpwL2hhcnJ5L2NhYmluZXQvZmxvb3JfdGlsZS9nZW5pdXNfcGxhbmVfMDEtMi5qcGciIGNsYXNzPSJtYjUwIj4KCjxpbWcgc3JjPSJodHRwczovL2ltYWdlLnJha3V0ZW4uY28uanAvaGFycnkvY2FiaW5ldC9mbG9vcl90aWxlL2dlbml1c19wbGFuZV8wMi0yLmpwZyIgY2xhc3M9Im1iMTAwIj4KCiAgPHRhYmxlIHdpZHRoPSI3MDAiIGJvcmRlcj0iMCIgY2VsbHNwYWNpbmc9IjAiIGNlbGxwYWRkaW5nPSIwIiBzdHlsZT0ibWFyZ2luLWJvdHRvbToyMHB4OyI+CiAgICA8dHI+CiAgICAgIDx0ZD48aW1nIHNyYz0iaHR0cHM6Ly9pbWFnZS5yYWt1dGVuLmNvLmpwL2hhcnJ5L2NhYmluZXQvZmxvb3JfdGlsZS9nZW5pdXNfcGxhbmVfMDluLmpwZyI+PC90ZD4KICAgICAgPHRkIGFsaWduPSJyaWdodCI+PHRhYmxlIHdpZHRoPSIzNDUiIGJvcmRlcj0iMCIgY2VsbHNwYWNpbmc9IjEiIGNlbGxwYWRkaW5nPSI1IiBiZ2NvbG9yPSIjOTk5OTk5Ij4KICAgICAgICAgIDx0cj4KICAgICAgICAgICAgPHRoIGhlaWdodD0iMjUiIHdpZHRoPSIxMDAiIGJnY29sb3I9IiNFRkVFREYiPuWVhuOAgOOAgOWTgTwvdGg+CiAgICAgICAgICAgIDx0ZCB3aWR0aD0iMjIyIiBiZ2NvbG9yPSIjRkZGRkZGIj7jgrjjg4vjgqLjgrnjg5fjg6zjg7zjg7M8YnI+77yI6KSH5bGk44OT44OL44Or5bqK44K/44Kk44Or77yJPC90ZD4KICAgICAgICAgIDwvdHI+CiAgICAgICAgICAgIDx0aCBiZ2NvbG9yPSIjRUZFRURGIj7mnZDos6rljLrliIY8L3RoPgogICAgICAgICAgICA8dGQgYmdjb2xvcj0iI0ZGRkZGRiI+6KSH5bGk44OT44OL44Or5bqK44K/44Kk44OrIEZUPGJyPkpJUyBBIDU3MDUg6KqN6Ki855Wq5Y+3IFRDMzA4MTY5PGJyPuaXp+adkOizquWMuuWIhu+8mjxicj7jg5vjg6Ljgrjjg4vjgqLjgrnjg5Pjg4vjg6vluorjgr/jgqTjg6sgSFQ8L3RkPgogICAgICAgICAgPC90cj4KICAgICAgICAgIDx0cj4KICAgICAgICAgICAgPHRoIGJnY29sb3I9IiNFRkVFREYiPuWvuOOAgOOAgOazlTwvdGg+CiAgICAgICAgICAgIDx0ZCBiZ2NvbG9yPSIjRkZGRkZGIj4yLjBtbe+8iOWOmuOBle+8iTxicj4zMDAuMG1tw5czMDAuMG1tPC90ZD4KICAgICAgICAgIDwvdHI+CiAgICAgICAgICA8dHI+CiAgICAgICAgICAgIDx0aCBiZ2NvbG9yPSIjRUZFRURGIj7oibLjgIDjgIDmlbA8L3RoPgogICAgICAgICAgICA8dGQgYmdjb2xvcj0iI0ZGRkZGRiI+OeiJsu+8iOOCq+ODqeODleODq+OCt+ODquODvOOCuu+8iTxicj48Zm9udCBzdHlsZT0iZm9udC1zaXplOjEycHg7IiBjb2xvcj0iIzY2NjY2NiI+4oC744GK5L2/44GE44Gu44OR44K944Kz44Oz55Kw5aKD44Gr44KI44KK44CB5a6f54mp44Gu6Imy44Go55S76Z2i5LiK44Gu6Imy44GM55Ww44Gq44KL5aC05ZCI44GM44GU44GW44GE44G+44GZ44CC44GC44KJ44GL44GY44KB44GU5LqG5om/44GP44Gg44GV44GE44CCPC9mb250PjwvdGQ+CiAgICAgICAgICA8L3RyPgogICAgICAgICAgPHRyPgogICAgICAgICAgICA8dGggYmdjb2xvcj0iI0VGRUVERiI+5qKx44CA44CA5YyFPC90aD4KICAgICAgICAgICAgPHRkIGJnY29sb3I9IiNGRkZGRkYiPjUw5p6aIC8g44Kx44O844K577yI57SENC415bmz57Gz77yJPC90ZD4KICAgICAgICAgIDwvdHI+CiAgICAgICAgICA8dHI+CiAgICAgICAgICAgIDx0aCBiZ2NvbG9yPSIjRUZFRURGIj7ph43jgIDjgIDph488L3RoPgogICAgICAgICAgICA8dGQgYmdjb2xvcj0iI0ZGRkZGRiI+MTYuMmtnIC8g44Kx44O844K5PC90ZD4KICAgICAgICAgIDwvdHI+CiAgICAgICAgPC90YWJsZT48L3RkPgogICAgPC90cj4KICA8L3RhYmxlPgogIDx0YWJsZSB3aWR0aD0iNzAwIiBib3JkZXI9IjAiIGNlbGxzcGFjaW5nPSIxIiBjZWxscGFkZGluZz0iMCIgYmdjb2xvcj0iIzk5OTk5OSI+CiAgICA8dHI+CiAgICAgIDx0aCBoZWlnaHQ9IjMwIiB3aWR0aD0iOTYiIGJnY29sb3I9IiNFRkVFREYiPuW3peazlTwvdGg+CiAgICAgIDx0aCB3aWR0aD0iMzAwIiBiZ2NvbG9yPSIjRUZFRURGIj7kuIvlnLA8L3RoPgogICAgICA8dGggd2lkdGg9IjMwMCIgYmdjb2xvcj0iI0VGRUVERiI+5o6l552A5YmkPC90aD4KICAgIDwvdHI+CiAgICA8dHI+CiAgICAgIDx0ZCBoZWlnaHQ9IjcwIiBhbGlnbj0iY2VudGVyIiBiZ2NvbG9yPSIjRkZGRkZGIj7kuIDoiKzlt6Xms5U8L3RkPgogICAgICA8dGQgYWxpZ249ImNlbnRlciIgYmdjb2xvcj0iI0ZGRkZGRiI+44K744Oh44Oz44OI57O7PGJyPgogICAgICAgIOODouODq+OCv+ODqzxicj4KICAgICAgICDjgrPjg7Pjgq/jg6rjg7zjg4g8L3RkPgogICAgICA8dGQgYmdjb2xvcj0iI0ZGRkZGRiIgYWxpZ249ImNlbnRlciI+44K744Oh44Oz44OIQUs8L3RkPgogICAgPC90cj4KICAgIDx0cj4KICAgICAgPHRkIGhlaWdodD0iNzAiIGFsaWduPSJjZW50ZXIiIGJnY29sb3I9IiNGRkZGRkYiPuiAkOawtOW3peazlTwvdGQ+CiAgICAgIDx0ZCBhbGlnbj0iY2VudGVyIiBiZ2NvbG9yPSIjRkZGRkZGIj7jgrvjg6Hjg7Pjg4jns7s8YnI+CiAgICAgICAg44Oi44Or44K/44OrPGJyPgogICAgICAgIOOCs+ODs+OCr+ODquODvOODiDwvdGQ+CiAgICAgIDx0ZCBiZ2NvbG9yPSIjRkZGRkZGIiBhbGlnbj0iY2VudGVyIj7jgrvjg6Hjg7Pjg4hVMTAgLyDjgrvjg6Hjg7Pjg4hFUDIwPC90ZD4KICAgIDwvdHI+CiAgPC90YWJsZT4KICAKICA8cCBjbGFzcz0ibWIxMDAiPgogIOKXi+iAkOawtOODmeODi+OCouS4i+WcsOOBr+OCu+ODoeODs+ODiFUxMOOCkuOBlOS9v+eUqOOBj+OBoOOBleOBhOOAgjEw4oSD5Lul5LiL44Gu5aC05ZCI44Gv5L2O5rip5pmC5bel5rOV44KS5o6o5aWo44GX44G+44GZ44CCPGJyPgogICAg4peLIOaWveW3peeSsOWig+ODu+adoeS7tuOBq+OCiOOCi+aOpeedgOWJpOS9v+OBhOWIhuOBkeOBruiAg+OBiOaWueOBr+S7peS4i+OCkuOBlOWPgueFp+OBj+OBoOOBleOBhOOAgjxicj4KICAgIOKXiyDjgYLjgovnqK7jga7jgrTjg6Doo73lk4Hjgajjga7mjqXop6bjgavjgojjgaPjgabjgIHmsZrmn5PjgZXjgozjgovjgZPjgajjgYzjgYLjgorjgb7jgZnjga7jgafjgZTms6jmhI/jgY/jgaDjgZXjgYTjgILvvIjigLvkuIvoqJjlj4LnhafvvIk8YnI+CiAgICDil4sg5bqK5p2Q44KE5bel5rOV44Gu6YG45a6a44CB5bqK44GU5L2/55So44Gr44Gk44GE44Gm55WZ5oSP5LqL6aCF44GM44GC44KK44G+44GZ44CC5LqL5pWF44Gu5pyq54S26Ziy5q2i44CB6Lu95rib44Gu44Gf44KB5LiL6KiY44KS44GU5Y+C54Wn44GP44Gg44GV44GE44CCCiAgPC9wPgoKCiAgPHA+PGltZyBzcmM9Imh0dHBzOi8vaW1hZ2UucmFrdXRlbi5jby5qcC9oYXJyeS9jYWJpbmV0L2Zsb29yX3RpbGUvZ2VuaXVzX3BsYW5lXzE1LmpwZyI+PC9wPgogIAogIDxwPjxhIGhyZWY9Imh0dHBzOi8vaXRlbS5yYWt1dGVuLmNvLmpwL2hhcnJ5L2dlbml1c19wbGFuZS8iIHRhcmdldD0iX2JsYW5rIj48aW1nIHNyYz0iaHR0cHM6Ly9pbWFnZS5yYWt1dGVuLmNvLmpwL2hhcnJ5L2NhYmluZXQvZmxvb3JfdGlsZS9nZW5pdXNfcGxhbmVfMTIuanBnIiBib3JkZXI9IjAiPjwvYT48L3A+CiAgPHA+PGEgaHJlZj0iaHR0cHM6Ly9pdGVtLnJha3V0ZW4uY28uanAvaGFycnkvZ2VuaXVzX21hcmJsZS8iIHRhcmdldD0iX2JsYW5rIj48aW1nIHNyYz0iaHR0cHM6Ly9pbWFnZS5yYWt1dGVuLmNvLmpwL2hhcnJ5L2NhYmluZXQvZmxvb3JfdGlsZS9nZW5pdXNfcGxhbmVfMTQuanBnIiBjbGFzcz0ibWIxMDAiPjwvYT48L3A+CgoKICA8aW1nIHNyYz0iaHR0cHM6Ly9pbWFnZS5yYWt1dGVuLmNvLmpwL2hhcnJ5L2NhYmluZXQvZmxvb3JfdGlsZS9nZW5pdXNfcGxhbmVfMDMuanBnIiBjbGFzcz0ibWI1MCI+CiAgPGltZyBzcmM9Imh0dHBzOi8vaW1hZ2UucmFrdXRlbi5jby5qcC9oYXJyeS9jYWJpbmV0L2Zsb29yX3RpbGUvZ2VuaXVzX3BsYW5lXzA0LmpwZyIgY2xhc3M9Im1iNTAiPgogIDxpbWcgc3JjPSJodHRwczovL2ltYWdlLnJha3V0ZW4uY28uanAvaGFycnkvY2FiaW5ldC9mbG9vcl90aWxlL2dlbml1c19wbGFuZV8wNS5qcGciIGNsYXNzPSJtYjUwIj4KICA8aW1nIHNyYz0iaHR0cHM6Ly9pbWFnZS5yYWt1dGVuLmNvLmpwL2hhcnJ5L2NhYmluZXQvZmxvb3JfdGlsZS9nZW5pdXNfcGxhbmVfMDYuanBnIiBjbGFzcz0ibWI1MCI+CiAgCiAgCiAgPHAgc3R5bGU9ImJvcmRlcjoycHggc29saWQgIzAwMDsgd2lkdGg6Njc2cHg7IHBhZGRpbmc6NXB4IDEwcHggNXB4IDEwcHg7Ij4KICA8Zm9udCBzdHlsZT0iZm9udC1zaXplOjIwcHg7Ij48Yj7jg5Xjg63jgqLjgr/jgqTjg6vjga7osrzjgormlrk8L2I+PC9mb250PiAgCiAgPC9wPgogIAogIDxwPgogIDx0YWJsZSB3aWR0aD0iNzAwIiBib3JkZXI9IjAiIGNlbGxzcGFjaW5nPSI1IiBjZWxscGFkZGluZz0iMCIgY2xhc3M9Im1iMTAwIj4KICA8dHI+CiAgICA8dGQ+PGltZyBzcmM9Imh0dHBzOi8vaW1hZ2UucmFrdXRlbi5jby5qcC9oYXJyeS9jYWJpbmV0L21vbm9fdGlsZS9zaGlyb2t1cm8tMDUuanBnIj48L3RkPgogICAgPHRkPjxpbWcgc3JjPSJodHRwczovL2ltYWdlLnJha3V0ZW4uY28uanAvaGFycnkvY2FiaW5ldC9tb25vX3RpbGUvc2hpcm9rdXJvLTA0LmpwZyI+PC90ZD4KICAgIDx0ZD48aW1nIHNyYz0iaHR0cHM6Ly9pbWFnZS5yYWt1dGVuLmNvLmpwL2hhcnJ5L2NhYmluZXQvbW9ub190aWxlL3NoaXJva3Vyby0wNi5qcGciPjwvdGQ+CiAgPC90cj4KICA8dHI+CiAgICA8dGQ+PGZvbnQgY29sb3I9IiNGRjAwMDAiPjxiPuOAkFNURVAuMDHjgJE8L2I+PC9mb250Pjxicj5ESVnjgavlv4XopoHjgarpgZPlhbfjga/jg4/jgrXjg5/jgIHjgoLjgZfjgY/jga/jgqvjg4Pjgr/jg7zjgag8YSBocmVmPSJodHRwczovL2l0ZW0ucmFrdXRlbi5jby5qcC9oYXJyeS8yMDA1LWNmLXJ5b3VtZW4vIiB0YXJnZXQ9Il9ibGFuayI+5Lih6Z2i44OG44O844OXPC9hPuOBoOOBke+8geOBjOOBo+OBoeOCiuWbuuWumuOBmeOCi+OBqOOBjeOBrzxhIGhyZWY9Imh0dHBzOi8vaXRlbS5yYWt1dGVuLmNvLmpwL2hhcnJ5L2MvMDAwMDAwMDU1Ny8iIHRhcmdldD0iX2JsYW5rIj7jg5Xjg63jgqLjgr/jgqTjg6vlsILnlKjjga7ns4o8L2E+44Gn44KCT0vvvIE8L3RkPgogICAgPHRkPjxmb250IGNvbG9yPSIjRkYwMDAwIj48Yj7jgJBTVEVQLjAy44CRPC9iPjwvZm9udD48YnI+5pa95bel44GZ44KL5aC05omA44KS5rG644KB44Gm44CB44GN44KM44GE44Gr5o6D6Zmk44GX44Gm44GK44GN44G+44GX44KH44GG44CCPGJyPuaxmuOCjOOBjOaui+OBo+OBpuOBhOOCi+OBqOaOpeedgOOBjOW8seOBj+OBquOBo+OBn+OCiuOAgea1ruOBjeOBruWOn+WboOOBqOOBquOCiuOBvuOBmeOAgjwvdGQ+CiAgICA8dGQ+PGZvbnQgY29sb3I9IiNGRjAwMDAiPjxiPuOAkFNURVAuMDPjgJE8L2I+PC9mb250Pjxicj7kuIDluqbjgIHns4rjgoTjg4bjg7zjg5fjgpLjgaTjgZHjgZrjgavoqabjgZfjgavnva7jgYTjgabjgb/jgb7jgZfjgofjgYbjgILlrozmiJDlg4/jga7norroqo3jgafjgZnvvIE8YnI+44Gd44Gu5b6M44CB44OV44Ot44Ki44K/44Kk44Or44Gu6KOP6Z2i44Gr44OG44O844OX44KS6LK844KK5LuY44GR44G+44GZ44CCPC90ZD4KICA8L3RyPgogIDx0cj4KICAgIDx0ZD48aW1nIHNyYz0iaHR0cHM6Ly9pbWFnZS5yYWt1dGVuLmNvLmpwL2hhcnJ5L2NhYmluZXQvbW9ub190aWxlL3NoaXJva3Vyby0wNy5qcGciPjwvdGQ+CiAgICA8dGQ+PGltZyBzcmM9Imh0dHBzOi8vaW1hZ2UucmFrdXRlbi5jby5qcC9oYXJyeS9jYWJpbmV0L21vbm9fdGlsZS9zaGlyb2t1cm8tMDguanBnIj48L3RkPgogICAgPHRkPjxpbWcgc3JjPSJodHRwczovL2ltYWdlLnJha3V0ZW4uY28uanAvaGFycnkvY2FiaW5ldC9tb25vX3RpbGUvc2hpcm9rdXJvLTA5LmpwZyI+PC90ZD4KICA8L3RyPgogIDx0cj4KICAgIDx0ZD48Zm9udCBjb2xvcj0iI0ZGMDAwMCI+PGI+44CQU1RFUC4wNOOAkTwvYj48L2ZvbnQ+PGJyPuS4oemdouODhuODvOODl+OCkuWJpeOBl+OBvuOBmeOAgjxicj7jgZPjga7mmYLjgoLjgIHnspjnnYDpg6jliIbjgpLop6bjgorjgZnjgY7jgZ/jgorjgIHjg5vjgrPjg6rjgarjganjgYzku5jnnYDjgZfjgarjgYTmp5jjgavms6jmhI/jgZfjgabjgY/jgaDjgZXjgYTjga3vvIE8L3RkPgogICAgPHRkPjxmb250IGNvbG9yPSIjRkYwMDAwIj48Yj7jgJBTVEVQLjA144CRPC9iPjwvZm9udD48YnI+5pa95bel44GZ44KL5aC05omA44Gr572u44GE44Gm44GE44GN44G+44GZ44CCPGJyPuODrOOCpOOCouOCpuODiOOBq+OCguOCiOOCiuOBvuOBmeOBjOOAgeODleODreOCouOCv+OCpOODq+WQjOWjq+OBrumamemWk+OBjOmWi+OBi+OBquOBhOOCiOOBhuOBq+OAgeOChuOBo+OBj+OCiuS4geWvp+OBq+aWveW3peOBl+OBpuOBhOOBjeOBvuOBmeOAgjwvdGQ+CiAgICA8dGQ+PGZvbnQgY29sb3I9IiNGRjAwMDAiPjxiPuOAkFNURVAuMDbjgJE8L2I+PC9mb250Pjxicj7nubDjgorov5TjgZfjgabjgYTjgZHjgbDlrozmiJDvvIE8YnI+5pa95bel44GZ44KL5aC05omA44Gr5b+c44GY44Gm44CB44OP44K144Of44KE44Kr44OD44K/44O844Gn44Kr44OD44OI44KC44Gn44GN44KL44Gu44Gn44Ki44Os44Oz44K444KC57Ch5Y2Y44Gn44GZ4pmqPC90ZD4KICA8L3RyPgo8L3RhYmxlPgogIDwvcD4KCiAgPHAgc3R5bGU9ImJvcmRlcjoycHggc29saWQgIzAwMDsgd2lkdGg6Njc2cHg7IHBhZGRpbmc6NXB4IDEwcHggNXB4IDEwcHg7Ij4KICA8Zm9udCBzdHlsZT0iZm9udC1zaXplOjIwcHg7Ij48Yj7jg5Xjg63jgqLjgr/jgqTjg6vjga/kvZXmnprlv4XopoHvvJ/mlr3lt6XloLTmiYDliKXkuIDopqfooag8L2I+PC9mb250PiAgCiAgPC9wPiAKICA8cCBhbGlnbj0iY2VudGVyIiBzdHlsZT0id2lkdGg6NzAwcHg7Ij48aW1nIHNyYz0iaHR0cHM6Ly9pbWFnZS5yYWt1dGVuLmNvLmpwL2hhcnJ5L2NhYmluZXQvbXMtMjAwc2V0LXBpYzIuanBnIiBjbGFzcz0ibWIxMDAiPjwvcD4KICAKICAKICA8aW1nIHNyYz0iaHR0cHM6Ly9pbWFnZS5yYWt1dGVuLmNvLmpwL2hhcnJ5L2NhYmluZXQvZmxvb3JfdGlsZS9nZW5pdXNfcGxhbmVfMDcuanBnIiBjbGFzcz0ibWI1MCI+CiAgCiAgPC9kaXY+Cgo8aW1nIHNyYz0iaHR0cHM6Ly9pbWFnZS5yYWt1dGVuLmNvLmpwL2hhcnJ5L2NhYmluZXQvc29sZG91dF9hdHRlbnRpb24uZ2lmIiBzdHlsZT0ibWFyZ2luOjUwcHggMHB4OyI+CjxkaXYgc3R5bGU9IndpZHRoOjQ0MHB4OyBib3JkZXI6MHB4OyB0ZXh0LWFsaWduOmNlbnRlcjsiPgoKPGltZyBzcmM9Imh0dHBzOi8vaW1hZ2UucmFrdXRlbi5jby5qcC9oYXJyeS9jYWJpbmV0L3NtYXJ0X3Bob25lL2Z0ZHVndS5qcGciIHdpZHRoPSI0NDAiIGJvcmRlcj0iMCIgc3R5bGU9Im1hcmdpbi1ib3R0b206NXB4OyI+CgoKPGltZyBzcmM9Imh0dHBzOi8vaW1hZ2UucmFrdXRlbi5jby5qcC9oYXJyeS9jYWJpbmV0L3NtYXJ0X3Bob25lL2Z0emVuZ2FyYS5qcGciIHdpZHRoPSI0NDAiIGJvcmRlcj0iMCIgc3R5bGU9Im1hcmdpbi1ib3R0b206NXB4OyI+CgoKPGltZyBzcmM9Imh0dHBzOi8vaW1hZ2UucmFrdXRlbi5jby5qcC9oYXJyeS9jYWJpbmV0L3NtYXJ0X3Bob25lL2RlY290YWlydS5qcGciIHdpZHRoPSI0NDAiIGJvcmRlcj0iMCIgc3R5bGU9Im1hcmdpbi1ib3R0b206NXB4OyI+Cgo8L2Rpdj48cD48aW1nIHNyYz0iaHR0cHM6Ly9pbWFnZS5yYWt1dGVuLmNvLmpwL2hhcnJ5L2NhYmluZXQvc291cnlvdS00NDBuLmpwZyIgYm9yZGVyPSIwIj48L3A+PGltZyBzcmM9Imh0dHBzOi8vaW1hZ2UucmFrdXRlbi5jby5qcC9oYXJyeS9jYWJpbmV0L2d1aWRlL25wXzQ0MC5qcGciIGJvcmRlcj0iMCIgc3R5bGU9Im1hcmdpbjoxMHB4IDBweDsiPjxkaXYgc3R5bGU9ImJhY2tncm91bmQtY29sb3I6I0Y2OTsgcGFkZGluZzoxMnB4OyBtYXJnaW46MTVweCAwcHg7IHdpZHRoOjQyMHB4OyBjb2xvcjojRkZGRkZGOyBmb250LXdlaWdodDpib2xkOyBmb250LWZhbWlseTon44OS44Op44Ku44OO6KeS44K0IFBybyBXMycsICdIaXJhZ2lubyBLYWt1IEdvdGhpYyBQcm8nLCAn44Oh44Kk44Oq44KqJywgTWVpcnlvLCBPc2FrYSwgJ++8re+8syDvvLDjgrTjgrfjg4Pjgq8nLCAnTVMgUEdvdGhpYycsIHNhbnMtc2VyaWY7ICI+PHNwYW4gc3R5bGU9ImZvbnQtc2l6ZTozMHB4OyBsaW5lLWhlaWdodDo0MnB4OyI+44GT44Gu44OV44Ot44Ki44K/44Kk44Or44GvMeOCseODvOOCuTxicj7jgJA1MOaemuWFpeOCiuOAkeOBruWVhuWTgeOBp+OBme+8gTxicj48Zm9udCBzdHlsZT0iZm9udC1zaXplOjIwcHg7Ij7igLvkuIroqJjkvqHmoLzjga8x44Kx44O844K55YiG44KS6KGo56S644GX44Gm44GE44G+44GZ44CCPC9mb250Pjwvc3Bhbj48L2Rpdj48dGFibGUgd2lkdGg9IjQ0MCIgYm9yZGVyPSIxcHgiIGNlbGxzcGFjaW5nPSIxIiBjZWxscGFkZGluZz0iNSIgc3R5bGU9ImZvbnQtc2l6ZToxM3B4OyBmb250LWZhbWlseTon44OS44Op44Ku44OO6KeS44K0IFBybyBXMycsICdIaXJhZ2lubyBLYWt1IEdvdGhpYyBQcm8nLCAn44Oh44Kk44Oq44KqJywgTWVpcnlvLCBPc2FrYSwgJ++8re+8syDvvLDjgrTjgrfjg4Pjgq8nLCAnTVMgUEdvdGhpYycsIHNhbnMtc2VyaWY7IGNvbG9yOiM2NjY2NjY7IGxpbmUtaGVpZ2h0OjIwcHg7IGJvcmRlci1jb2xsYXBzZTogY29sbGFwc2U7Ij48dHI+PHRkIHN0eWxlPSJ3aWR0aDogOTA7IGNvbG9yOiAjMDAwOyIgYWxpZ249ImNlbnRlciIgdmFsaWduPSJtaWRkbGUiIGJnY29sb3I9IiNkY2RjZGMiPuWVhuOAgOWTgTwvdGQ+PHRkPuikh+WxpOODk+ODi+ODq+W6iuOCv+OCpOODqzxicj7jgrjjg4vjgqLjgrnjg5fjg6zjg7zjg7M8L3RkPjwvdHI+PHRyPjx0ZCBzdHlsZT0id2lkdGg6IDkwOyBjb2xvcjogIzAwMDsiIGFsaWduPSJjZW50ZXIiIHZhbGlnbj0ibWlkZGxlIiBiZ2NvbG9yPSIjZGNkY2RjIj7mnZDos6rljLrliIY8L3RkPjx0ZD7opIflsaTjg5Pjg4vjg6vluorjgr/jgqTjg6sgRlQ8YnI+SklTIEEgNTcwNSDoqo3oqLznlarlj7cgVEMzMDgxNjk8YnI+5pen5p2Q6LOq5Yy65YiG77yaPGJyPuODm+ODouOCuOODi+OCouOCueODk+ODi+ODq+W6iuOCv+OCpOODqyBIVDwvdGQ+PC90cj48dHI+PHRkIHN0eWxlPSJ3aWR0aDogOTA7IGNvbG9yOiAjMDAwOyIgYWxpZ249ImNlbnRlciIgdmFsaWduPSJtaWRkbGUiIGJnY29sb3I9IiNkY2RjZGMiPuWvuOOAgOazlTwvdGQ+PHRkPjIuMG1t77yI5Y6a44GV77yJw5czMDAuMG1tw5czMDAuMG1tPC90ZD48L3RyPjx0cj48dGQgc3R5bGU9IndpZHRoOiA5MDsgY29sb3I6ICMwMDA7IiBhbGlnbj0iY2VudGVyIiB2YWxpZ249Im1pZGRsZSIgYmdjb2xvcj0iI2RjZGNkYyI+6Imy44CA5pWwPC90ZD48dGQ+OeiJsu+8iOOCq+ODqeODleODq+OCt+ODquODvOOCuu+8iTxicj48YnI+4oC744GK5L2/44GE44Gu44OR44K944Kz44Oz55Kw5aKD44Gr44KI44KK44CB5a6f54mp44Gu6Imy44Go55S76Z2i5LiK44Gu6Imy44GM55Ww44Gq44KL5aC05ZCI44GM44GU44GW44GE44G+44GZ44CCPC90ZD48L3RyPjx0cj48dGQgc3R5bGU9IndpZHRoOiA5MDsgY29sb3I6ICMwMDA7IiBhbGlnbj0iY2VudGVyIiB2YWxpZ249Im1pZGRsZSIgYmdjb2xvcj0iI2RjZGNkYyI+5qKx44CA5YyFPC90ZD48dGQ+NTDmnpogLyDjgrHjg7zjgrnvvIjntIQ0LjXlubPnsbPvvIk8L3RkPjwvdHI+PHRyPjx0ZCBzdHlsZT0id2lkdGg6IDkwOyBjb2xvcjogIzAwMDsiIGFsaWduPSJjZW50ZXIiIHZhbGlnbj0ibWlkZGxlIiBiZ2NvbG9yPSIjZGNkY2RjIj7ph43jgIDph488L3RkPjx0ZD4xNi4ya2cgLyDjgrHjg7zjgrk8L3RkPjwvdHI+PHRyPjx0ZCBzdHlsZT0id2lkdGg6IDkwOyBjb2xvcjogIzAwMDsiIGFsaWduPSJjZW50ZXIiIHZhbGlnbj0ibWlkZGxlIiBiZ2NvbG9yPSIjZGNkY2RjIj7phY3jgIDpgIE8L3RkPjx0ZD48Zm9udCBzaXplPSIrMSIgY29sb3I9IiNDQzAwMDAiPjxiPuKAuzE1LDAwMOWGhuS7peS4iuOBp+mAgeaWmeeEoeaWmTwvYj48L2ZvbnQ+PGJyPjxicj4x44Kx44O844K577yINTDmnprlhaXvvInmr47jgas8YnI+4pag5pys5bee77yaNzAw5YaG77yI56iO5Yil77yJ772ePGJyPuKWoOWMl+a1t+mBk+ODu+aylue4hOODu+mbouWztu+8muWIpemAlOOBiuimi+epjeOCijxicj7pgIHmlpnjga7oqbPntLDjga/jgZPjgaHjgok8L3RkPjwvdHI+PHRyPjx0ZCBzdHlsZT0id2lkdGg6IDkwOyBjb2xvcjogIzAwMDsiIGFsaWduPSJjZW50ZXIiIGJnY29sb3I9IiNkY2RjZGMiIHZhbGlnbj0ibWlkZGxlIj7ntI3jgIDmnJ88L3RkPjx0ZD7jgZTms6jmlofnorrlrprlvozjgIHntIQz772eNeWWtualreaXpeOBp+OBiuWxiuOBkeOBhOOBn+OBl+OBvuOBmeOAgjwvdGQ+PC90cj48L3RhYmxlPgo8cCBzdHlsZT0iZm9udC1mYW1pbHk6J+ODkuODqeOCruODjuinkuOCtCBQcm8gVzMnLCAnSGlyYWdpbm8gS2FrdSBHb3RoaWMgUHJvJywgJ+ODoeOCpOODquOCqicsIE1laXJ5bywgT3Nha2EsICfvvK3vvLMg77yw44K044K344OD44KvJywgJ01TIFBHb3RoaWMnLCBzYW5zLXNlcmlmOyBjb2xvcjojMDA5OUNDOyI+PGI+4pa844K444OL44Ki44K544OX44Os44O844Oz6Zai6YCj5ZWG5ZOB44Gu44GU5qGI5YaFPC9iPjwvcD48aW1nIHNyYz0iaHR0cHM6Ly9pbWFnZS5yYWt1dGVuLmNvLmpwL2hhcnJ5L2NhYmluZXQvZmxvb3JfdGlsZS9nZW5pdXNfcGxhbmVfMTIuanBnIiB3aWR0aD0iNDQwIiBib3JkZXI9IjAiPjxicj48YnI+PGltZyBzcmM9Imh0dHBzOi8vaW1hZ2UucmFrdXRlbi5jby5qcC9oYXJyeS9jYWJpbmV0L2Zsb29yX3RpbGUvZ2VuaXVzX3BsYW5lXzE0LmpwZyIgd2lkdGg9IjQ0MCIgYm9yZGVyPSIwIj48YnI+CjxwIHN0eWxlPSJmb250LXNpemU6MTJweDsgY29sb3I6IzMzMzMzMzsgbGluZS1oZWlnaHQ6MTZweDsgd2lkdGg6NDQwcHg7Ij7mjrLovInlk4HnlarvvJo8YnI+R0UtMTE2MEdFLTExNzBHRS0xMTcxR0UtMTE5MUdFLTExNTBHRS0xMTgwR0UtMTE3M0dFLTExOTNHRS0xMTQwPGJyPkdFMTE2MCBHRTExNzAgR0UxMTcxIEdFMTE5MSBHRTExNTAgR0UxMTgwIEdFMTE3MyBHRTExOTMgR0UxMTQwPC9wPgo8ZGl2IHN0eWxlPSJmb250LWZhbWlseTon44OS44Op44Ku44OO6KeS44K0IFBybyBXMycsICdIaXJhZ2lubyBLYWt1IEdvdGhpYyBQcm8nLCAn44Oh44Kk44Oq44KqJywgTWVpcnlvLCBPc2FrYSwgJ++8re+8syDvvLDjgrTjgrfjg4Pjgq8nLCAnTVMgUEdvdGhpYycsIHNhbnMtc2VyaWY7IGZvbnQtc2l6ZToxMnB4OyB3aWR0aDo0NDBweDsiPgrjg5Xjg63jgqLjgr/jgqTjg6vlsILploDlupfjgaflv4XopoHjgarllYblk4Hmj4PjgYjjgqTjg7Pjg4bjg6rjgqLjgrfjg6fjg4Pjg5fjg4/jg6rjg7zjgafjga/jgIHjgrXjg7PjgrLjg4Tjg7vmnbHjg6rjg7vjgrfjg7PjgrPjg7zjg6vjg7vjg6rjg6rjgqvjg6nku5bjgpLjgZTnlKjmhI/jgZfjgabjgYrjgorjgb7jgZk8YnI+CuODleODreOCouOCv+OCpOODq+OBruafhOOCguixiuWvjO+8gTxicj4K5Lq65rCX44Gu44OV44Ot44O844Oq44Oz44Kw6Kq/44Gu44Oq44Ki44Or44GqIOacqOebrijjgqbjg4Pjg4kp5p+E44GvIOeEoeWeouadkOmiqOOChCDjgYrjgZfjgoPjgozjgaog44O044Kj44Oz44OG44O844K4IOOCueOCr+ODqeODg+ODl+OCpuODg+ODiemiqOOAgeODquOCouODq+OBq+ihqOePviDlpKfnkIbnn7MoIOOCueODiOODvOODsynjgIFw44K/44Kk44Or44Gu5qeY44GqIOODl+ODrOODvOODs+afhCDjg4bjg6njgrPjg4Pjgr/mn4Qg562JIOOCr+ODg+OCt+ODp+ODs+ODleODreOCouOCiOOCiuOCguiAkOS5heaAp+OBq+WEquOCjOOBpuOBhOOCi+OBruOBpyDlupfoiJfnlKjjgafjgoLjgYrjgZnjgZnjgoHjgafjgZnvvIE8YnI+CuaOsui8ieOBleOCjOOBpuOBhOOBquOBhOODleODreOCouOCv+OCpOODq+OCguOBlOmBoOaFruOBquOBj+OBiuWVj+OBhOWQiOOCj+OBm+S4i+OBleOBhOOAgjxicj4K5o6l552A5Ymk5LiN6KaB44GuIOiyvOOCi+OBoOOBkSDnva7jgY/jgaDjgZHjgr/jgqTjg5fjga7jg4/jg6rjg7zjgqTjg7zjgrjjg7zjg4fjgrPjgr/jgqTjg6vjgoLjgZTmpJzoqI7jgY/jgaDjgZXjgYTjgII8YnI+CjwvZGl2PjxzdHlsZSB0eXBlPSJ0ZXh0L2NzcyI+CjwhLS0KCmRpdiNIZWFkZXJLZXl3b3JkIHsKCXBvc2l0aW9uOmFic29sdXRlOwoJdG9wOjUwcHg7LyrkuIDnlarkuIrjgYvjgonjga7kvY3nva4qLwoJbGVmdDo4cHg7Lyrlt6bnq6/jgYvjgonjga7kvY3nva4qLwoJd2lkdGg6MTIwMHB4Owp9CgpkaXYjSGVhZGVyS2V5d29yZCBzcGFuIHsKCWJhY2tncm91bmQ6ICNiZjAwMDA7Cgljb2xvcjojZmZmOwoJZm9udC13ZWlnaHQ6Ym9sZDsKCWZvbnQtc2l6ZToxMnB4OwoJZm9udC1mYW1pbHk6IuODoeOCpOODquOCqiI7CglwYWRkaW5nOjJweCA1cHg7Cn0KCmRpdiNIZWFkZXJLZXl3b3JkIGEgewoJY29sb3I6IzAwNDRDQzsKCWZvbnQtc2l6ZToxMnB4OwoJZm9udC1mYW1pbHk6IuODoeOCpOODquOCqiI7Cn0KCi0tPgo8L3N0eWxlPgoKPGRpdiBpZD0iSGVhZGVyS2V5d29yZCI+CjxzcGFuPuazqOebruOBruOCreODvOODr+ODvOODiTwvc3Bhbj4K44Kq44O844OA44O844Kr44O844OG44OzCiAvIArjg4bjg6njgrPjg4Pjgr/mn4Tluorjgrfjg7zjg4gKIC8gCua0l+OBiOOCi+OCv+OCpOODq+OCq+ODvOODmuODg+ODiAogLyAK5pmC6KiI5LuY44GN44Km44Kp44O844Or44K544OG44OD44Kr44O8CjwvZGl2Pg==,44OV44Ot44Ki44K/44Kk44OrIOW6iiDluormnZAg5pW354mpIOODleODreODvOODquODs+OCsCDjgr/jgrjjg54gMzAmdGltZXM7MzAg5q2j5pa55b2iIDMwY23op5IgMzBjbSZ0aW1lczszMGNtIDUw5p6a5YWlIOikh+WxpOODk+ODi+ODqyDjg5Pjg4vjg7zjg6sg44K444OL44Ki44K544OX44Os44O844OzIOOCq+ODqeODleODq+OCt+ODquODvOOCuiDjgr/jgqTjg6sg44OV44Ot44KiIOODleODreOCouODvCBGVCBESVkg44Oq44OV44Kp44O844OgIOOBiuOBl+OCg+OCjCDjg53jg4Pjg5cg6LWkIOODrOODg+ODiSDjgqTjgqjjg63jg7wg6buE6ImyIDAxU++8muOCpOODs+ODhuODquOCouOCt+ODp+ODg+ODlyDjgJDjg4/jg6rjg7zjgJE=,44Km44Kp44O844Or44K544OG44OD44Kr44O844K/44Kk44Or44Kr44O844Oa44OD44OI44Kv44OD44K344On44Oz44OV44Ot44Ki44Ks44Op44K544OV44Kj44Or44Og44OV44Ot44Ki44K/44Kk44Or44Kr44OD44OG44Kj44Oz44Kw44K344O844OI44K544OG44OD44Kr44O844Km44Kq44O844Or44K544OG44OD44Kr44O844K344O844Or44Kr44O844Oa44OD44OIZGl56Lui5YaZ44Km44Kp44O844Or44K544OG44OD44Kr44O8T0Hjg5Xjg63jgqLlo4HntJnjg6njgrDjgq/jg4Pjgrfjg6fjg7Pjg5Xjg63jgqLjg7zlo4HntJnjgrfjg7zjg6vjg4/jg6rjg7zjgrnjg4bjg4Pjgqvjg7zjg5Xjg63jgqLjg7zjgr/jgqTjg6vjgqTjg7Pjg4bjg6rjgqLjgqbjgqnjg7zjg6vjgrnjg4bjg4Pjgqvjg7zjg5Xjg63jgqLjgr/jgqTjg6sg5bqKIOW6iuadkCDmlbfniakg44OV44Ot44O844Oq44Oz44KwIOOCv+OCuOODniAzMCZ0aW1lczszMCDmraPmlrnlvaIgMzBjbeinkiAzMGNtJnRpbWVzOzMwY20gNTDmnprlhaUg6KSH5bGk44OT44OL44OrIOODk+ODi+ODvOODqyDjgrjjg4vjgqLjgrnjg5fjg6zjg7zjg7Mg44Kr44Op44OV44Or44K344Oq44O844K6IOOCv+OCpOODqyDjg5Xjg63jgqIg44OV44Ot44Ki44O8IEZUIERJWSDjg6rjg5Xjgqnjg7zjg6Ag44GK44GX44KD44KMIOODneODg+ODlyDotaQg44Os44OD44OJIOOCpOOCqOODreODvCDpu4ToibIgMDFT,NTDmnprlhaXjgorjgqvjg6njg5Xjg6voibLjga7jg5Xjg63jgqLjgr/jgqTjg6vjgrjjg4vjgqLjgrnjg5fjg6zjg7zjg7Mg54i244Gu5pel44CC44OV44Ot44Ki44K/44Kk44OrIOW6iiDluormnZAg5pW354mpIOODleODreODvOODquODs+OCsCDjgr/jgrjjg54gMzAmdGltZXM7MzAg5q2j5pa55b2iIDMwY23op5IgMzBjbSZ0aW1lczszMGNtIDUw5p6a5YWlIOikh+WxpOODk+ODi+ODqyDjg5Pjg4vjg7zjg6sg44K444OL44Ki44K544OX44Os44O844OzIOOCq+ODqeODleODq+OCt+ODquODvOOCuiDjgr/jgqTjg6sg44OV44Ot44KiIOODleODreOCouODvCBGVCBESVkg44Oq44OV44Kp44O844OgIOOBiuOBl+OCg+OCjCDjg53jg4Pjg5cg6LWkIOODrOODg+ODiSDjgqTjgqjjg63jg7wg6buE6ImyIDAxUw==[rn]
31-2623,aHR0cDovL3RzaG9wLnIxMHMuanAvaGFycnkvY2FiaW5ldC9zaW4tZnQvbDI0LTAxLXNpbi1tbjM2LmpwZz9maXRpbj03MDA6NzAw,NDY1LjYwMDA=,,6Iqx44O744Ks44O844OH44Oz44O7RElZID4g5L2P5a6F5bu65p2Q44O76Kit5YKZID4g5bqK5p2QID4g44Gd44Gu5LuW,44OV44Ot44Ki44K/44Kk44OrIOOCt+ODs+OCs+ODvOODqyDjg57jg4Pjg4jjg43jg6kg5bqKIOW6iuadkCDjg5Xjg63jg7zjg6rjg7PjgrAg44OT44OL44OrIFDjgr/jgqTjg6sg44OV44Ot44KiIGRpeSDjg6rjg5Xjgqnjg7zjg6Ag5Zyf6Laz5a++5b+cIOOCpOODs+ODhuODquOCoiDlupfoiJcg5L2P5a6FIOOCueODiOODvOODsyDjgqLjg4Pjgrfjg6XjgrDjg6zjgqQg44OW44Op44OD44Kv44Ku44Oj44Op44Kv44K344O8IOefsyDnn7Pnm67oqr8g5aSn55CG55+zIOOCs+ODs+OCr+ODquODvOODiCDnn7PmnZAgMDNQ,c2luY29sIG1hdHRvbmVsbGEg44OV44Ot44Ki44O844K/44Kk44OrIDHmnprljZjkvY0g54i244Gu5pel,PGRpdiBzdHlsZT0id2lkdGg6IDcwMHB4OyBsaW5lLWhlaWdodDogMS41OyBjb2xvcjogIzJmMmIyNyI+CjxwIHN0eWxlPSJjb2xvcjogI2ZmZjsgYmFja2dyb3VuZC1jb2xvcjogI2Y2OTsgZm9udC1zaXplOiAyNHB4OyBwYWRkaW5nOiAxMHB4OyI+4oC744GT44Gh44KJ44Gu5ZWG5ZOB44GvMeaemuWNmOS9jeOBi+OCieOBlOizvOWFpeOBp+OBjeOBvuOBmeOAgjwvcD4KPHA+PGltZyBzcmM9Imh0dHBzOi8vaW1hZ2UucmFrdXRlbi5jby5qcC9oYXJyeS9jYWJpbmV0L3Npbi1mdC9sMjQtMDEtc2luLW1uMzYuanBnIiBib3JkZXI9IjAiIHdpZHRoPSI3MDAiIC8+PC9wPgo8cD48aW1nIHNyYz0iaHR0cHM6Ly9pbWFnZS5yYWt1dGVuLmNvLmpwL2hhcnJ5L2NhYmluZXQvc2luLWZ0L2wyNC0wMS1zaW4tbW4zNl8xLmpwZyIgYm9yZGVyPSIwIiB3aWR0aD0iNzAwIiAvPjwvcD4KCjxwIHN0eWxlPSJib3JkZXItbGVmdDogNXB4IHNvbGlkICM0ZTQ1M2E7IGJvcmRlci1ib3R0b206IDFweCBzb2xpZCAjNGU0NTNhOyBmb250LXNpemU6IDI0cHg7IHBhZGRpbmctbGVmdDogNXB4OyI+44OV44Ot44Ki44K/44Kk44Or44Gu6LK844KK5pa5PC9wPgoKPHAgc3R5bGU9ImNvbG9yOiMyMjIyMjI7IGZvbnQtc2l6ZTozMHB4OyBmb250LXdlaWdodDpib2xkOyBtYXJnaW46MHB4OyBwYWRkaW5nLWxlZnQ6MTBweDsgcGFkZGluZy10b3A6MTBweDsgcGFkZGluZy1ib3R0b206MjBweDsgZm9udC1mYW1pbHk6IEdlb3JnaWEsIFRpbWVzIE5ldyBSb21hbiwgVGltZXM7Ij5oYXJyeeOBp+Wls+aAp+OBruaWueOBq+Wcp+WAkueahOS6uuawl+OBruenmOWvhuKApjwvcD4KPHAgc3R5bGU9ImNvbG9yOiMzMzMzMzM7IGZvbnQtc2l6ZToxNnB4OyBtYXJnaW46MHB4OyBwYWRkaW5nLWxlZnQ6MTBweDsiPuOBneOCjOOBr+ODleODreOCouOCv+OCpOODq+OBjOOBiuaJi+i7veewoeWNmOOBoOOBi+OCie+8gTwvcD4KPGJyPgo8YnI+Cjx0YWJsZSB3aWR0aD0iNzAwIiBib3JkZXI9IjAiIGNlbGxzcGFjaW5nPSIwIiBjZWxscGFkZGluZz0iMCIgc3R5bGU9ImZvbnQtc2l6ZToxNHB4OyBjb2xvcjojMzMzMzMzIj4KICA8dHI+CiAgICA8dGQ+PGltZyBzcmM9Imh0dHBzOi8vaW1hZ2UucmFrdXRlbi5jby5qcC9oYXJyeS9jYWJpbmV0L2Zsb29yX3RpbGUvZmxvb3JfdGlsZV9ob3cwMS5qcGciIHdpZHRoPSIyMjUiIGhlaWdodD0iMjI1Ij48L3RkPgogICAgPHRkIHdpZHRoPSIxMiI+Jm5ic3A7PC90ZD4KICAgIDx0ZD48aW1nIHNyYz0iaHR0cHM6Ly9pbWFnZS5yYWt1dGVuLmNvLmpwL2hhcnJ5L2NhYmluZXQvZmxvb3JfdGlsZS9mbG9vcl90aWxlX2hvdzAyLmpwZyIgd2lkdGg9IjIyNSIgaGVpZ2h0PSIyMjUiPjwvdGQ+CiAgICA8dGQgd2lkdGg9IjEzIj4mbmJzcDs8L3RkPgogICAgPHRkPjxpbWcgc3JjPSJodHRwczovL2ltYWdlLnJha3V0ZW4uY28uanAvaGFycnkvY2FiaW5ldC9mbG9vcl90aWxlL2Zsb29yX3RpbGVfaG93MDMuanBnIiB3aWR0aD0iMjI1IiBoZWlnaHQ9IjIyNSI+PC90ZD4KICA8L3RyPjx0cj4KPHRkIGNvbHNwYW49IjUiIGhlaWdodD0iMTAiPiZuYnNwOzwvdGQ+CjwvdHI+CiAgPHRyPgogICAgPHRkIGFsaWduPSJsZWZ0IiB2YWxpZ249InRvcCI+44GK6YOo5bGL44Gu6ZqF44Gu44Kr44OD44OI6YOo5YiG44Gv44CB44GK5a6244Gr44GC44KL5a6a6KaP44Gn5Y2B5YiG77yBPGJyPuWumuimj+OCkuOBguOBpuOBpuOBk+OBruOCiOOBhuOBq+S9leW6puOBi+WIh+OCiuebruOCkuOBhOOCjOOBvuOBl+OCh+OBhu+8gTwvdGQ+CiAgICA8dGQgYWxpZ249ImxlZnQiIHZhbGlnbj0idG9wIj4mbmJzcDs8L3RkPgogICAgPHRkIGFsaWduPSJsZWZ0IiB2YWxpZ249InRvcCI+6Lu944GP5oqY44KK5puy44GS44KM44Gw44GT44Gu44Go44GK44KK44CCPC90ZD4KICAgIDx0ZCBhbGlnbj0ibGVmdCIgdmFsaWduPSJ0b3AiPiZuYnNwOzwvdGQ+CiAgICA8dGQgYWxpZ249ImxlZnQiIHZhbGlnbj0idG9wIj7mipjjgormm7LjgZLjgZ/pg6jliIbjgpLjgZPjga7jgojjgYbjgavjgqvjg4Pjgr/jg7zjgafjgIHjgrfjg6Xjg4Pjgajou73jgY/liIPjgpLjgYTjgozjgozjgbDvvIE8L3RkPgogIDwvdHI+CiAgPHRyPgogICAgPHRkIGhlaWdodD0iMTUiIGNvbHNwYW49IjUiPiZuYnNwOzwvdGQ+CiAgPC90cj4KICA8dHI+CiAgICA8dGQ+PGltZyBzcmM9Imh0dHBzOi8vaW1hZ2UucmFrdXRlbi5jby5qcC9oYXJyeS9jYWJpbmV0L2Zsb29yX3RpbGUvZmxvb3JfdGlsZV9ob3cwNC5qcGciIHdpZHRoPSIyMjUiIGhlaWdodD0iMjI1Ij48L3RkPgogICAgPHRkIHdpZHRoPSIxMiI+Jm5ic3A7PC90ZD4KICAgIDx0ZD48aW1nIHNyYz0iaHR0cHM6Ly9pbWFnZS5yYWt1dGVuLmNvLmpwL2hhcnJ5L2NhYmluZXQvZmxvb3JfdGlsZS9mbG9vcl90aWxlX2hvdzA1LmpwZyIgd2lkdGg9IjIyNSIgaGVpZ2h0PSIyMjUiPjwvdGQ+CiAgICA8dGQgd2lkdGg9IjEzIj4mbmJzcDs8L3RkPgogICAgPHRkPjxpbWcgc3JjPSJodHRwczovL2ltYWdlLnJha3V0ZW4uY28uanAvaGFycnkvY2FiaW5ldC9mbG9vcl90aWxlL2Zsb29yX3RpbGVfaG93MDYuanBnIiB3aWR0aD0iMjI1IiBoZWlnaHQ9IjIyNSI+PC90ZD4KICA8L3RyPjx0cj4KPHRkIGNvbHNwYW49IjUiIGhlaWdodD0iMTAiPiZuYnNwOzwvdGQ+CjwvdHI+CiAgPHRyPgogICAgPHRkIGFsaWduPSJsZWZ0IiB2YWxpZ249InRvcCI+44Gv44GE77yBPGJyPuOCq+ODg+ODiOWujOS6huOBp+OBmeOAgjwvdGQ+CiAgICA8dGQ+Jm5ic3A7PC90ZD4KICAgIDx0ZCBhbGlnbj0ibGVmdCIgdmFsaWduPSJ0b3AiPuOBr+OBleOBv+OBp+OCguOAgeOCguOBoeOCjeOCk++8r++8q++8gTxicj7lh7rmnaXjgozjgbDlpKfjgY3jgYTjga/jgZXjgb/jgafjga3jg7vjg7vjg7s8L3RkPgogICAgPHRkPiZuYnNwOzwvdGQ+CiAgICA8dGQgYWxpZ249ImxlZnQiIHZhbGlnbj0idG9wIj7lv4XopoHjgarloLTmiYDjgavjgII8L3RkPgogIDwvdHI+CjwvdGFibGU+PGJyPjxicj4KCjxwIHN0eWxlPSJib3JkZXItbGVmdDogNXB4IHNvbGlkICM0ZTQ1M2E7IGJvcmRlci1ib3R0b206IDFweCBzb2xpZCAjNGU0NTNhOyBmb250LXNpemU6IDI0cHg7IHBhZGRpbmctbGVmdDogNXB4OyI+44OV44Ot44Ki44K/44Kk44Or5bCC55So44Gu44KK44Gu44GU57S55LuLPC9wPgoKPGJyIC8+Cgo8cCBzdHlsZT0idGV4dC1hbGlnbjogY2VudGVyOyI+PGEgaHJlZj0iaHR0cHM6Ly9pdGVtLnJha3V0ZW4uY28uanAvaGFycnkvYy8wMDAwMDAwNDQyLyIgdGFyZ2V0PSJfYmxhbmsiPjxpbWcgc3JjPSJodHRwczovL2ltYWdlLnJha3V0ZW4uY28uanAvaGFycnkvY2FiaW5ldC8wMjM4MDQ3OC9mbG9vcnRpbGUta2FucmVuLWJhbi5qcGciIGJvcmRlcj0iMCIgYWx0PSLpgZPlhbfpoZ4iPjwvYT48L3A+PGJyIC8+CgoKPHA+PGEgaHJlZj0iaHR0cHM6Ly9pdGVtLnJha3V0ZW4uY28uanAvaGFycnkvYy8wMDAwMDAxMzg4LyIgdGFyZ2V0PSJfYmxhbmsiPjxpbWcgc3JjPSJodHRwczovL2ltYWdlLnJha3V0ZW4uY28uanAvaGFycnkvY2FiaW5ldC8wMjM4MDQ3OC9mbG9vcnRpbGUtc2FtcGxlLWJhbi5qcGciIGJvcmRlcj0iMCIgYWx0PSLnlLvlg48iPjwvYT48L3A+PGJyPjxicj4KCjxwIHN0eWxlPSJib3JkZXItbGVmdDogNXB4IHNvbGlkICM0ZTQ1M2E7IGJvcmRlci1ib3R0b206IDFweCBzb2xpZCAjNGU0NTNhOyBmb250LXNpemU6IDI0cHg7IHBhZGRpbmctbGVmdDogNXB4OyI+44OV44Ot44Ki44K/44Kk44Or5LiA6KanPC9wPgoKPHA+PGEgaHJlZj0iaHR0cHM6Ly9pdGVtLnJha3V0ZW4uY28uanAvaGFycnkvYy8wMDAwMDAwMjUyLyIgdGFyZ2V0PSJfYmxhbmsiPjxpbWcgc3JjPSJodHRwczovL2ltYWdlLnJha3V0ZW4uY28uanAvaGFycnkvY2FiaW5ldC8wMzUyNTg4Mi9mdC10by10b3AuanBnIiBib3JkZXI9IjAiIGFsdD0i55S75YOPIj48L2E+PC9wPjxicj48YnI+Cgo8L2Rpdj48ZGl2IHN0eWxlPSJ3aWR0aDo0NDBweDsgYm9yZGVyOjBweDsgdGV4dC1hbGlnbjpjZW50ZXI7Ij4KCjxpbWcgc3JjPSJodHRwczovL2ltYWdlLnJha3V0ZW4uY28uanAvaGFycnkvY2FiaW5ldC9zbWFydF9waG9uZS9mdGR1Z3UuanBnIiB3aWR0aD0iNDQwIiBib3JkZXI9IjAiIHN0eWxlPSJtYXJnaW4tYm90dG9tOjVweDsiPgoKCjxpbWcgc3JjPSJodHRwczovL2ltYWdlLnJha3V0ZW4uY28uanAvaGFycnkvY2FiaW5ldC9zbWFydF9waG9uZS9mdHplbmdhcmEuanBnIiB3aWR0aD0iNDQwIiBib3JkZXI9IjAiIHN0eWxlPSJtYXJnaW4tYm90dG9tOjVweDsiPgoKCjxpbWcgc3JjPSJodHRwczovL2ltYWdlLnJha3V0ZW4uY28uanAvaGFycnkvY2FiaW5ldC9zbWFydF9waG9uZS9kZWNvdGFpcnUuanBnIiB3aWR0aD0iNDQwIiBib3JkZXI9IjAiIHN0eWxlPSJtYXJnaW4tYm90dG9tOjVweDsiPgoKPC9kaXY+PHA+PGltZyBzcmM9Imh0dHBzOi8vaW1hZ2UucmFrdXRlbi5jby5qcC9oYXJyeS9jYWJpbmV0L3NvdXJ5b3UtNDQwbi5qcGciIGJvcmRlcj0iMCI+PC9wPjxpbWcgc3JjPSJodHRwczovL2ltYWdlLnJha3V0ZW4uY28uanAvaGFycnkvY2FiaW5ldC9ndWlkZS9ucF80NDAuanBnIiBib3JkZXI9IjAiIHN0eWxlPSJtYXJnaW46MTBweCAwcHg7Ij48cCBzdHlsZT0iY29sb3I6ICNmZmY7IGJhY2tncm91bmQtY29sb3I6ICNmNjk7IGZvbnQtc2l6ZTogMjRweDsgcGFkZGluZzogMTBweDsgd2lkdGg6IDM4MHB4OyI+4oC744GT44Gh44KJ44Gu5ZWG5ZOB44GvMeaemuWNmOS9jeOBi+OCieOBlOizvOWFpeOBp+OBjeOBvuOBmeOAgjwvcD4KPHRhYmxlIHdpZHRoPSI0NDAiIGJvcmRlcj0iMCIgY2VsbHNwYWNpbmc9IjEiIGNlbGxwYWRkaW5nPSIzIiBiZ2NvbG9yPSIjNjY2NjY2IiBzdHlsZT0iZm9udC1mYW1pbHk6J+ODkuODqeOCruODjuinkuOCtCBQcm8gVzMnLCAnSGlyYWdpbm8gS2FrdSBHb3RoaWMgUHJvJywgJ+ODoeOCpOODquOCqicsIE1laXJ5bywgT3Nha2EsICfvvK3vvLMg77yw44K044K344OD44KvJywgJ01TIFBHb3RoaWMnLCBzYW5zLXNlcmlmOyBmb250LXNpemU6MTJweDsiPiA8dHI+ICAgIDx0ZCBiZ2NvbG9yPSIjQ0NDQ0NDIiBhbGlnbj0iY2VudGVyIj7llYblk4HlkI08L3RkPiAgICA8dGQgYmdjb2xvcj0iI0ZGRkZGRiI+44K344Oz44Kz44O844OrKHNpbmNvbCkgRkxPT1IgVElMRTxicj7jgqLjg4Pjgrfjg6XjgrDjg6zjgqQg44OW44Op44OD44Kv44Ku44Oj44Op44Kv44K344O8PC90ZD4gIDwvdHI+IDx0ZCBiZ2NvbG9yPSIjQ0NDQ0NDIiBhbGlnbj0iY2VudGVyIj7llYblk4HoqqzmmI48L3RkPiAgICA8dGQgYmdjb2xvcj0iI0ZGRkZGRiI+5bqX6IiX44GL44KJ5L2P5a6F44G+44Gn44CB5aSa5b2p44Gq44OL44O844K644Gr5b+c44GI44KL6KSH5bGk44OT44OL44Or5bqK44K/44Kk44Or44CM44Oe44OD44OI44ON44Op44CN6LK844KK5pu/44GI44GM57Ch5Y2Y44Gr5Ye65p2l44GmCuizg+iyuOS9j+WuheOBruePvueKtuWbnuW+qeetieOBq+S+v+WIqeOBp+OBmeOAgjxicj48YnI+CuODleODreOCouOCv+OCpOODq+WwgumWgOW6l+OBp+W/heimgeOBquWVhuWTgeaPg+OBiOOCpOODs+ODhuODquOCouOCt+ODp+ODg+ODl+ODj+ODquODvOOBp+OBr+OAgeOCteODs+OCsuODhOODu+adseODquODu+OCt+ODs+OCs+ODvOODq+ODu+ODquODquOCq+ODqeS7luOCkuOBlOeUqOaEj+OBl+OBpuOBiuOCiuOBvuOBme+8gSA8YnI+44OV44Ot44Ki44K/44Kk44Or44Gu5p+E44KC6LGK5a+M77yB5Lq65rCX44Gu44OV44Ot44O844Oq44Oz44Kw6Kq/44Gu44Oq44Ki44Or44GqIOacqOebrijjgqbjg4Pjg4kp5p+E44GvIOeEoeWeouadkOmiqOOChCDjgYrjgZfjgoPjgozjgaog44O044Kj44Oz44OG44O844K4IOOCueOCr+ODqeODg+ODl+OCpuODg+ODiemiqOOAgeODquOCouODq+OBq+ihqOePvuWkp+eQhuefsyjjgrnjg4jjg7zjg7Mp44CBcOOCv+OCpOODq+OBruanmOOBqiDjg5fjg6zjg7zjg7Pmn4Qg44OG44Op44Kz44OD44K/5p+EIOetieOCr+ODg+OCt+ODp+ODs+ODleODreOCouOCiOOCiuOCguiAkOS5heaAp+OBq+WEquOCjOOBpuOBhOOCi+OBruOBp+W6l+iIl+eUqOOBp+OCguOBiuOBmeOBmeOCgeOBp+OBme+8geaOsui8ieOBleOCjOOBpuOBhOOBquOBhOODleODreOCouOCv+OCpOODq+OCguOBlOmBoOaFruOBquOBj+OBiuWVj+OBhOWQiOOCj+OBm+S4i+OBleOBhOOAguaOpeedgOWJpOS4jeimgeOBriDosrzjgovjgaDjgZEg572u44GP44Gg44GR44K/44Kk44OX44Gu44OP44Oq44O844Kk44O844K444O844OH44Kz44K/44Kk44Or44KC44GU5qSc6KiO44GP44Gg44GV44GE44CCPGJyPjxicj4KPHNwYW4gc3R5bGU9ImNvbG9yOiNmZjAwMDA7IGZvbnQtc2l6ZToxMnB4Ij7igLvjgYrkvb/jgYTjga7jg5Hjgr3jgrPjg7PnkrDlooPjgavjgojjgaPjgabjga/jgIEgPGJyPuOAgOWVhuWTgeOBruiJsuOBjOimi+acrOOBqOWkmuWwkeeVsOOBquOCi+WgtOWQiOOBjOOBguOCiuOBvuOBmeOAgiA8YnI+PC9zcGFuPjxicj5zdG9uZSDjgrDjg6zjg7wg44OW44Op44OD44KvIOiyvOOCi+OBoOOBkSDjgr/jgqTjg6sg44OV44Ot44Ki44O8IOOCt+ODvOODiCDjg5Hjg43jg6sg5YK3IOaxmuOCjCDpmLLmraIg44OV44Ot44O844Oq44Oz44KwIOOCq+ODvOODmuODg+ODiCDoo5zkv64g5L+u55CGIOS/neittyDlvLfljJYg5pa95belIOOCquODleOCo+OCuSDjg6rjg5Pjg7PjgrAg44Oe44Oz44K344On44OzIOizg+iyuCDjgrXjg63jg7Mg44Oi44Or44K/44OrICDjgrPjg7Pjg5Hjg40g5LqM6YeN5bqVPC90ZD4gIDwvdHI+IDx0ZCBiZ2NvbG9yPSIjQ0NDQ0NDIiBhbGlnbj0iY2VudGVyIj7mjrLovInlk4Hnlao8L3RkPiAgICA8dGQgYmdjb2xvcj0iI0ZGRkZGRiI+TVMtOTcyMApNUy05NzIxCk1TLTk3MjI8L3RkPiAgPC90cj4gPHRkIGJnY29sb3I9IiNDQ0NDQ0MiIGFsaWduPSJjZW50ZXIiPuiJsjwvdGQ+ICAgIDx0ZCBiZ2NvbG9yPSIjRkZGRkZGIj7nn7Pnm67mn4Q8L3RkPjwvdHI+IDx0cj4gICAgPHRkIGJnY29sb3I9IiNDQ0NDQ0MiIGFsaWduPSJjZW50ZXIiPuOCteOCpOOCujwvdGQ+ICAgIDx0ZCBiZ2NvbG9yPSIjRkZGRkZGIj7jgrXjgqTjgrrvvJo0NTcuMm1teDQ1Ny4ybW08YnI+5Y6a44G/77yaMi41bW08YnI+44OI44OD44OX5bGk77ya44Kv44Oq44Ki44O8MC4zbTwvdGQ+ICA8L3RyPiA8dHI+ICAgIDx0ZCBiZ2NvbG9yPSIjQ0NDQ0NDIiBhbGlnbj0iY2VudGVyIj7mqZ/og708L3RkPiAgICA8dGQgYmdjb2xvcj0iI0ZGRkZGRiI+PHA+6Z2i5Y+W54Sh44GXIDwvdHI+ICA8dHI+ICAgIDx0ZCBiZ2NvbG9yPSIjQ0NDQ0NDIiB3aWR0aD0iMTAwIiBhbGlnbj0iY2VudGVyIj7pgIEg5paZPC90ZD4gICAgPHRkIGJnY29sb3I9IiNGRkZGRkYiPuOAkOmAgSDmlpnjgJHopb/mv4PpgYvovLgg5LuW77yaNzAw5YaG77yI56iO5Yil77yJPGJyPuKAu+WMl+a1t+mBk+ODu+aylue4hOOBu+OBi+S4gOmDqOOBruWcsOWfn+OBr+mZpOOBjeOBvuOBmeOAgjxicj48Yj7pgIHmlpnjga7oqbPntLDjgavjgaTjgYTjgabjga/jgZPjgaHjgonjgbjvvJ7vvJ48L2I+PC90ZD4gICA8L3RyPiAgPHRyPiAgICA8dGQgYmdjb2xvcj0iI0NDQ0NDQyIgYWxpZ249ImNlbnRlciI+57SNIOacnzwvdGQ+ICAgIDx0ZCBiZ2NvbG9yPSIjRkZGRkZGIj7jgZTms6jmlofnorrlrprlvozjgIHntIQz772eNeWWtualreaXpTwvdGQ+ICA8L3RyPjwvdGFibGU+PHN0eWxlIHR5cGU9InRleHQvY3NzIj4KPCEtLQoKZGl2I0hlYWRlcktleXdvcmQgewoJcG9zaXRpb246YWJzb2x1dGU7Cgl0b3A6NTBweDsvKuS4gOeVquS4iuOBi+OCieOBruS9jee9riovCglsZWZ0OjhweDsvKuW3puerr+OBi+OCieOBruS9jee9riovCgl3aWR0aDoxMjAwcHg7Cn0KCmRpdiNIZWFkZXJLZXl3b3JkIHNwYW4gewoJYmFja2dyb3VuZDogI2JmMDAwMDsKCWNvbG9yOiNmZmY7Cglmb250LXdlaWdodDpib2xkOwoJZm9udC1zaXplOjEycHg7Cglmb250LWZhbWlseToi44Oh44Kk44Oq44KqIjsKCXBhZGRpbmc6MnB4IDVweDsKfQoKZGl2I0hlYWRlcktleXdvcmQgYSB7Cgljb2xvcjojMDA0NENDOwoJZm9udC1zaXplOjEycHg7Cglmb250LWZhbWlseToi44Oh44Kk44Oq44KqIjsKfQoKLS0+Cjwvc3R5bGU+Cgo8ZGl2IGlkPSJIZWFkZXJLZXl3b3JkIj4KPHNwYW4+5rOo55uu44Gu44Kt44O844Ov44O844OJPC9zcGFuPgrjgqrjg7zjg4Djg7zjgqvjg7zjg4bjg7MKIC8gCuODhuODqeOCs+ODg+OCv+afhOW6iuOCt+ODvOODiAogLyAK5rSX44GI44KL44K/44Kk44Or44Kr44O844Oa44OD44OICiAvIArmmYLoqIjku5jjgY3jgqbjgqnjg7zjg6vjgrnjg4bjg4Pjgqvjg7wKPC9kaXY+,44OV44Ot44Ki44K/44Kk44OrIOOCt+ODs+OCs+ODvOODqyDjg57jg4Pjg4jjg43jg6kg5bqKIOW6iuadkCDjg5Xjg63jg7zjg6rjg7PjgrAg44OT44OL44OrIFDjgr/jgqTjg6sg44OV44Ot44KiIGRpeSDjg6rjg5Xjgqnjg7zjg6Ag5Zyf6Laz5a++5b+cIOOCpOODs+ODhuODquOCoiDlupfoiJcg5L2P5a6FIOOCueODiOODvOODsyDjgqLjg4Pjgrfjg6XjgrDjg6zjgqQg44OW44Op44OD44Kv44Ku44Oj44Op44Kv44K344O8IOefsyDnn7Pnm67oqr8g5aSn55CG55+zIOOCs+ODs+OCr+ODquODvOODiCDnn7PmnZAgMDNQ77ya44Kk44Oz44OG44Oq44Ki44K344On44OD44OXIOOAkOODj+ODquODvOOAkQ==,44Km44Kp44O844Or44K544OG44OD44Kr44O844K/44Kk44Or44Kr44O844Oa44OD44OI44Kv44OD44K344On44Oz44OV44Ot44Ki44Ks44Op44K544OV44Kj44Or44Og44OV44Ot44Ki44K/44Kk44Or44Kr44OD44OG44Kj44Oz44Kw44K344O844OI44K544OG44OD44Kr44O844Km44Kq44O844Or44K544OG44OD44Kr44O844K344O844Or44Kr44O844Oa44OD44OIZGl56Lui5YaZ44Km44Kp44O844Or44K544OG44OD44Kr44O8T0Hjg5Xjg63jgqLlo4HntJnjg6njgrDjgq/jg4Pjgrfjg6fjg7Pjg5Xjg63jgqLjg7zlo4HntJnjgrfjg7zjg6vjg4/jg6rjg7zjgrnjg4bjg4Pjgqvjg7zjg5Xjg63jgqLjg7zjgr/jgqTjg6vjgqTjg7Pjg4bjg6rjgqLjgqbjgqnjg7zjg6vjgrnjg4bjg4Pjgqvjg7zjg5Xjg63jgqLjgr/jgqTjg6sg44K344Oz44Kz44O844OrIOODnuODg+ODiOODjeODqSDluoog5bqK5p2QIOODleODreODvOODquODs+OCsCDjg5Pjg4vjg6sgUOOCv+OCpOODqyDjg5Xjg63jgqIgZGl5IOODquODleOCqeODvOODoCDlnJ/otrPlr77lv5wg44Kk44Oz44OG44Oq44KiIOW6l+iIlyDkvY/lroUg44K544OI44O844OzIOOCouODg+OCt+ODpeOCsOODrOOCpCDjg5bjg6njg4Pjgq/jgq7jg6Pjg6njgq/jgrfjg7wg55+zIOefs+ebruiqvyDlpKfnkIbnn7Mg44Kz44Oz44Kv44Oq44O844OIIOefs+adkCAwM1A=,c2luY29sIG1hdHRvbmVsbGEg44OV44Ot44Ki44O844K/44Kk44OrIDHmnprljZjkvY0g54i244Gu5pel44CC44OV44Ot44Ki44K/44Kk44OrIOOCt+ODs+OCs+ODvOODqyDjg57jg4Pjg4jjg43jg6kg5bqKIOW6iuadkCDjg5Xjg63jg7zjg6rjg7PjgrAg44OT44OL44OrIFDjgr/jgqTjg6sg44OV44Ot44KiIGRpeSDjg6rjg5Xjgqnjg7zjg6Ag5Zyf6Laz5a++5b+cIOOCpOODs+ODhuODquOCoiDlupfoiJcg5L2P5a6FIOOCueODiOODvOODsyDjgqLjg4Pjgrfjg6XjgrDjg6zjgqQg44OW44Op44OD44Kv44Ku44Oj44Op44Kv44K344O8IOefsyDnn7Pnm67oqr8g5aSn55CG55+zIOOCs+ODs+OCr+ODquODvOODiCDnn7PmnZAgMDNQ[rn]
31-2624,aHR0cDovL3RzaG9wLnIxMHMuanAvaGFycnkvY2FiaW5ldC9zaW4tZnQvbDI0LTAxLXNpbi1tbjE4LmpwZz9maXRpbj03MDA6NzAw,NzI0MC44MDAw,,6Iqx44O744Ks44O844OH44Oz44O7RElZID4g5L2P5a6F5bu65p2Q44O76Kit5YKZID4g5bqK5p2QID4g44Gd44Gu5LuW,44OV44Ot44Ki44K/44Kk44OrIOOCt+ODs+OCs+ODvOODqyDjg57jg4Pjg4jjg43jg6kg5bqKIOW6iuadkCDjg5Xjg63jg7zjg6rjg7PjgrAg44OT44OL44OrIFDjgr/jgqTjg6sg44OV44Ot44KiIGRpeSDjg6rjg5Xjgqnjg7zjg6Ag5Zyf6Laz5a++5b+cIOOCpOODs+ODhuODquOCoiDlupfoiJcg5L2P5a6FIOOCpuODg+ODiSDjg6Hjg7zjg5fjg6sg5pyoIOacqOebruiqvyDmnKjmnZAgMDNT,c2luY29sIG1hdHRvbmVsbGEg44OV44Ot44Ki44O844K/44Kk44OrIDHjgrHjg7zjgrnvvIgyNOaemuWFpe+8iSDniLbjga7ml6U=,PGRpdiBzdHlsZT0id2lkdGg6IDcwMHB4OyBsaW5lLWhlaWdodDogMS41OyBjb2xvcjogIzJmMmIyNyI+CjxwIHN0eWxlPSJjb2xvcjogI2ZmZjsgYmFja2dyb3VuZC1jb2xvcjogI2Y2OTsgZm9udC1zaXplOiAyNHB4OyBwYWRkaW5nOiAxMHB4OyI+4oC744GT44Gh44KJ44Gu5ZWG5ZOB44Gv44Kx44O844K55Y2Y5L2N44Gn44GU6LO85YWl44Gn44GN44G+44GZ44CCPC9wPgo8cD48aW1nIHNyYz0iaHR0cHM6Ly9pbWFnZS5yYWt1dGVuLmNvLmpwL2hhcnJ5L2NhYmluZXQvc2luLWZ0L2wyNC0wMS1zaW4tbW4xOC5qcGciIGJvcmRlcj0iMCIgd2lkdGg9IjcwMCIgLz48L3A+CjxwPjxpbWcgc3JjPSJodHRwczovL2ltYWdlLnJha3V0ZW4uY28uanAvaGFycnkvY2FiaW5ldC9zaW4tZnQvbDI0LTAxLXNpbi1tbjE4XzEuanBnIiBib3JkZXI9IjAiIHdpZHRoPSI3MDAiIC8+PC9wPgoKPHAgc3R5bGU9ImJvcmRlci1sZWZ0OiA1cHggc29saWQgIzRlNDUzYTsgYm9yZGVyLWJvdHRvbTogMXB4IHNvbGlkICM0ZTQ1M2E7IGZvbnQtc2l6ZTogMjRweDsgcGFkZGluZy1sZWZ0OiA1cHg7Ij7jg5Xjg63jgqLjgr/jgqTjg6vjga7osrzjgormlrk8L3A+Cgo8cCBzdHlsZT0iY29sb3I6IzIyMjIyMjsgZm9udC1zaXplOjMwcHg7IGZvbnQtd2VpZ2h0OmJvbGQ7IG1hcmdpbjowcHg7IHBhZGRpbmctbGVmdDoxMHB4OyBwYWRkaW5nLXRvcDoxMHB4OyBwYWRkaW5nLWJvdHRvbToyMHB4OyBmb250LWZhbWlseTogR2VvcmdpYSwgVGltZXMgTmV3IFJvbWFuLCBUaW1lczsiPmhhcnJ544Gn5aWz5oCn44Gu5pa544Gr5Zyn5YCS55qE5Lq65rCX44Gu56eY5a+G4oCmPC9wPgo8cCBzdHlsZT0iY29sb3I6IzMzMzMzMzsgZm9udC1zaXplOjE2cHg7IG1hcmdpbjowcHg7IHBhZGRpbmctbGVmdDoxMHB4OyI+44Gd44KM44Gv44OV44Ot44Ki44K/44Kk44Or44GM44GK5omL6Lu957Ch5Y2Y44Gg44GL44KJ77yBPC9wPgo8YnI+Cjxicj4KPHRhYmxlIHdpZHRoPSI3MDAiIGJvcmRlcj0iMCIgY2VsbHNwYWNpbmc9IjAiIGNlbGxwYWRkaW5nPSIwIiBzdHlsZT0iZm9udC1zaXplOjE0cHg7IGNvbG9yOiMzMzMzMzMiPgogIDx0cj4KICAgIDx0ZD48aW1nIHNyYz0iaHR0cHM6Ly9pbWFnZS5yYWt1dGVuLmNvLmpwL2hhcnJ5L2NhYmluZXQvZmxvb3JfdGlsZS9mbG9vcl90aWxlX2hvdzAxLmpwZyIgd2lkdGg9IjIyNSIgaGVpZ2h0PSIyMjUiPjwvdGQ+CiAgICA8dGQgd2lkdGg9IjEyIj4mbmJzcDs8L3RkPgogICAgPHRkPjxpbWcgc3JjPSJodHRwczovL2ltYWdlLnJha3V0ZW4uY28uanAvaGFycnkvY2FiaW5ldC9mbG9vcl90aWxlL2Zsb29yX3RpbGVfaG93MDIuanBnIiB3aWR0aD0iMjI1IiBoZWlnaHQ9IjIyNSI+PC90ZD4KICAgIDx0ZCB3aWR0aD0iMTMiPiZuYnNwOzwvdGQ+CiAgICA8dGQ+PGltZyBzcmM9Imh0dHBzOi8vaW1hZ2UucmFrdXRlbi5jby5qcC9oYXJyeS9jYWJpbmV0L2Zsb29yX3RpbGUvZmxvb3JfdGlsZV9ob3cwMy5qcGciIHdpZHRoPSIyMjUiIGhlaWdodD0iMjI1Ij48L3RkPgogIDwvdHI+PHRyPgo8dGQgY29sc3Bhbj0iNSIgaGVpZ2h0PSIxMCI+Jm5ic3A7PC90ZD4KPC90cj4KICA8dHI+CiAgICA8dGQgYWxpZ249ImxlZnQiIHZhbGlnbj0idG9wIj7jgYrpg6jlsYvjga7pmoXjga7jgqvjg4Pjg4jpg6jliIbjga/jgIHjgYrlrrbjgavjgYLjgovlrpropo/jgafljYHliIbvvIE8YnI+5a6a6KaP44KS44GC44Gm44Gm44GT44Gu44KI44GG44Gr5L2V5bqm44GL5YiH44KK55uu44KS44GE44KM44G+44GX44KH44GG77yBPC90ZD4KICAgIDx0ZCBhbGlnbj0ibGVmdCIgdmFsaWduPSJ0b3AiPiZuYnNwOzwvdGQ+CiAgICA8dGQgYWxpZ249ImxlZnQiIHZhbGlnbj0idG9wIj7ou73jgY/mipjjgormm7LjgZLjgozjgbDjgZPjga7jgajjgYrjgorjgII8L3RkPgogICAgPHRkIGFsaWduPSJsZWZ0IiB2YWxpZ249InRvcCI+Jm5ic3A7PC90ZD4KICAgIDx0ZCBhbGlnbj0ibGVmdCIgdmFsaWduPSJ0b3AiPuaKmOOCiuabsuOBkuOBn+mDqOWIhuOCkuOBk+OBruOCiOOBhuOBq+OCq+ODg+OCv+ODvOOBp+OAgeOCt+ODpeODg+OBqOi7veOBj+WIg+OCkuOBhOOCjOOCjOOBsO+8gTwvdGQ+CiAgPC90cj4KICA8dHI+CiAgICA8dGQgaGVpZ2h0PSIxNSIgY29sc3Bhbj0iNSI+Jm5ic3A7PC90ZD4KICA8L3RyPgogIDx0cj4KICAgIDx0ZD48aW1nIHNyYz0iaHR0cHM6Ly9pbWFnZS5yYWt1dGVuLmNvLmpwL2hhcnJ5L2NhYmluZXQvZmxvb3JfdGlsZS9mbG9vcl90aWxlX2hvdzA0LmpwZyIgd2lkdGg9IjIyNSIgaGVpZ2h0PSIyMjUiPjwvdGQ+CiAgICA8dGQgd2lkdGg9IjEyIj4mbmJzcDs8L3RkPgogICAgPHRkPjxpbWcgc3JjPSJodHRwczovL2ltYWdlLnJha3V0ZW4uY28uanAvaGFycnkvY2FiaW5ldC9mbG9vcl90aWxlL2Zsb29yX3RpbGVfaG93MDUuanBnIiB3aWR0aD0iMjI1IiBoZWlnaHQ9IjIyNSI+PC90ZD4KICAgIDx0ZCB3aWR0aD0iMTMiPiZuYnNwOzwvdGQ+CiAgICA8dGQ+PGltZyBzcmM9Imh0dHBzOi8vaW1hZ2UucmFrdXRlbi5jby5qcC9oYXJyeS9jYWJpbmV0L2Zsb29yX3RpbGUvZmxvb3JfdGlsZV9ob3cwNi5qcGciIHdpZHRoPSIyMjUiIGhlaWdodD0iMjI1Ij48L3RkPgogIDwvdHI+PHRyPgo8dGQgY29sc3Bhbj0iNSIgaGVpZ2h0PSIxMCI+Jm5ic3A7PC90ZD4KPC90cj4KICA8dHI+CiAgICA8dGQgYWxpZ249ImxlZnQiIHZhbGlnbj0idG9wIj7jga/jgYTvvIE8YnI+44Kr44OD44OI5a6M5LqG44Gn44GZ44CCPC90ZD4KICAgIDx0ZD4mbmJzcDs8L3RkPgogICAgPHRkIGFsaWduPSJsZWZ0IiB2YWxpZ249InRvcCI+44Gv44GV44G/44Gn44KC44CB44KC44Gh44KN44KT77yv77yr77yBPGJyPuWHuuadpeOCjOOBsOWkp+OBjeOBhOOBr+OBleOBv+OBp+OBreODu+ODu+ODuzwvdGQ+CiAgICA8dGQ+Jm5ic3A7PC90ZD4KICAgIDx0ZCBhbGlnbj0ibGVmdCIgdmFsaWduPSJ0b3AiPuW/heimgeOBquWgtOaJgOOBq+OAgjwvdGQ+CiAgPC90cj4KPC90YWJsZT48YnI+PGJyPgoKPHAgc3R5bGU9ImJvcmRlci1sZWZ0OiA1cHggc29saWQgIzRlNDUzYTsgYm9yZGVyLWJvdHRvbTogMXB4IHNvbGlkICM0ZTQ1M2E7IGZvbnQtc2l6ZTogMjRweDsgcGFkZGluZy1sZWZ0OiA1cHg7Ij7jg5Xjg63jgqLjgr/jgqTjg6vlsILnlKjjga7jgorjga7jgZTntLnku4s8L3A+Cgo8YnIgLz4KCjxwIHN0eWxlPSJ0ZXh0LWFsaWduOiBjZW50ZXI7Ij48YSBocmVmPSJodHRwczovL2l0ZW0ucmFrdXRlbi5jby5qcC9oYXJyeS9jLzAwMDAwMDA0NDIvIiB0YXJnZXQ9Il9ibGFuayI+PGltZyBzcmM9Imh0dHBzOi8vaW1hZ2UucmFrdXRlbi5jby5qcC9oYXJyeS9jYWJpbmV0LzAyMzgwNDc4L2Zsb29ydGlsZS1rYW5yZW4tYmFuLmpwZyIgYm9yZGVyPSIwIiBhbHQ9IumBk+WFt+mhniI+PC9hPjwvcD48YnIgLz4KCgo8cD48YSBocmVmPSJodHRwczovL2l0ZW0ucmFrdXRlbi5jby5qcC9oYXJyeS9jLzAwMDAwMDEzODgvIiB0YXJnZXQ9Il9ibGFuayI+PGltZyBzcmM9Imh0dHBzOi8vaW1hZ2UucmFrdXRlbi5jby5qcC9oYXJyeS9jYWJpbmV0LzAyMzgwNDc4L2Zsb29ydGlsZS1zYW1wbGUtYmFuLmpwZyIgYm9yZGVyPSIwIiBhbHQ9IueUu+WDjyI+PC9hPjwvcD48YnI+PGJyPgoKPHAgc3R5bGU9ImJvcmRlci1sZWZ0OiA1cHggc29saWQgIzRlNDUzYTsgYm9yZGVyLWJvdHRvbTogMXB4IHNvbGlkICM0ZTQ1M2E7IGZvbnQtc2l6ZTogMjRweDsgcGFkZGluZy1sZWZ0OiA1cHg7Ij7jg5Xjg63jgqLjgr/jgqTjg6vkuIDopqc8L3A+Cgo8cD48YSBocmVmPSJodHRwczovL2l0ZW0ucmFrdXRlbi5jby5qcC9oYXJyeS9jLzAwMDAwMDAyNTIvIiB0YXJnZXQ9Il9ibGFuayI+PGltZyBzcmM9Imh0dHBzOi8vaW1hZ2UucmFrdXRlbi5jby5qcC9oYXJyeS9jYWJpbmV0LzAzNTI1ODgyL2Z0LXRvLXRvcC5qcGciIGJvcmRlcj0iMCIgYWx0PSLnlLvlg48iPjwvYT48L3A+PGJyPjxicj4KCjwvZGl2PjxkaXYgc3R5bGU9IndpZHRoOjQ0MHB4OyBib3JkZXI6MHB4OyB0ZXh0LWFsaWduOmNlbnRlcjsiPgoKPGltZyBzcmM9Imh0dHBzOi8vaW1hZ2UucmFrdXRlbi5jby5qcC9oYXJyeS9jYWJpbmV0L3NtYXJ0X3Bob25lL2Z0ZHVndS5qcGciIHdpZHRoPSI0NDAiIGJvcmRlcj0iMCIgc3R5bGU9Im1hcmdpbi1ib3R0b206NXB4OyI+CgoKPGltZyBzcmM9Imh0dHBzOi8vaW1hZ2UucmFrdXRlbi5jby5qcC9oYXJyeS9jYWJpbmV0L3NtYXJ0X3Bob25lL2Z0emVuZ2FyYS5qcGciIHdpZHRoPSI0NDAiIGJvcmRlcj0iMCIgc3R5bGU9Im1hcmdpbi1ib3R0b206NXB4OyI+CgoKPGltZyBzcmM9Imh0dHBzOi8vaW1hZ2UucmFrdXRlbi5jby5qcC9oYXJyeS9jYWJpbmV0L3NtYXJ0X3Bob25lL2RlY290YWlydS5qcGciIHdpZHRoPSI0NDAiIGJvcmRlcj0iMCIgc3R5bGU9Im1hcmdpbi1ib3R0b206NXB4OyI+Cgo8L2Rpdj48cD48aW1nIHNyYz0iaHR0cHM6Ly9pbWFnZS5yYWt1dGVuLmNvLmpwL2hhcnJ5L2NhYmluZXQvc291cnlvdS00NDBuLmpwZyIgYm9yZGVyPSIwIj48L3A+PGltZyBzcmM9Imh0dHBzOi8vaW1hZ2UucmFrdXRlbi5jby5qcC9oYXJyeS9jYWJpbmV0L2d1aWRlL25wXzQ0MC5qcGciIGJvcmRlcj0iMCIgc3R5bGU9Im1hcmdpbjoxMHB4IDBweDsiPjxwIHN0eWxlPSJjb2xvcjogI2ZmZjsgYmFja2dyb3VuZC1jb2xvcjogI2Y2OTsgZm9udC1zaXplOiAyNHB4OyBwYWRkaW5nOiAxMHB4OyB3aWR0aDogMzgwcHg7Ij7igLvjgZPjgaHjgonjga7llYblk4Hjga/jgrHjg7zjgrnljZjkvY3jgafjgZTos7zlhaXjgafjgY3jgb7jgZnjgII8L3A+Cjx0YWJsZSB3aWR0aD0iNDQwIiBib3JkZXI9IjAiIGNlbGxzcGFjaW5nPSIxIiBjZWxscGFkZGluZz0iMyIgYmdjb2xvcj0iIzY2NjY2NiIgc3R5bGU9ImZvbnQtZmFtaWx5Oifjg5Ljg6njgq7jg47op5LjgrQgUHJvIFczJywgJ0hpcmFnaW5vIEtha3UgR290aGljIFBybycsICfjg6HjgqTjg6rjgqonLCBNZWlyeW8sIE9zYWthLCAn77yt77yzIO+8sOOCtOOCt+ODg+OCrycsICdNUyBQR290aGljJywgc2Fucy1zZXJpZjsgZm9udC1zaXplOjEycHg7Ij4gPHRyPiAgICA8dGQgYmdjb2xvcj0iI0NDQ0NDQyIgYWxpZ249ImNlbnRlciI+5ZWG5ZOB5ZCNPC90ZD4gICAgPHRkIGJnY29sb3I9IiNGRkZGRkYiPuOCt+ODs+OCs+ODvOODqyhzaW5jb2wpIEZMT09SIFRJTEU8YnI+44Oh44O844OX44OrPC90ZD4gIDwvdHI+IDx0ZCBiZ2NvbG9yPSIjQ0NDQ0NDIiBhbGlnbj0iY2VudGVyIj7llYblk4HoqqzmmI48L3RkPiAgICA8dGQgYmdjb2xvcj0iI0ZGRkZGRiI+5bqX6IiX44GL44KJ5L2P5a6F44G+44Gn44CB5aSa5b2p44Gq44OL44O844K644Gr5b+c44GI44KL6KSH5bGk44OT44OL44Or5bqK44K/44Kk44Or44CM44Oe44OD44OI44ON44Op44CN6LK844KK5pu/44GI44GM57Ch5Y2Y44Gr5Ye65p2l44GmCuizg+iyuOS9j+WuheOBruePvueKtuWbnuW+qeetieOBq+S+v+WIqeOBp+OBmeOAgjxicj48YnI+CuODleODreOCouOCv+OCpOODq+WwgumWgOW6l+OBp+W/heimgeOBquWVhuWTgeaPg+OBiOOCpOODs+ODhuODquOCouOCt+ODp+ODg+ODl+ODj+ODquODvOOBp+OBr+OAgeOCteODs+OCsuODhOODu+adseODquODu+OCt+ODs+OCs+ODvOODq+ODu+ODquODquOCq+ODqeS7luOCkuOBlOeUqOaEj+OBl+OBpuOBiuOCiuOBvuOBme+8gSA8YnI+44OV44Ot44Ki44K/44Kk44Or44Gu5p+E44KC6LGK5a+M77yB5Lq65rCX44Gu44OV44Ot44O844Oq44Oz44Kw6Kq/44Gu44Oq44Ki44Or44GqIOacqOebrijjgqbjg4Pjg4kp5p+E44GvIOeEoeWeouadkOmiqOOChCDjgYrjgZfjgoPjgozjgaog44O044Kj44Oz44OG44O844K4IOOCueOCr+ODqeODg+ODl+OCpuODg+ODiemiqOOAgeODquOCouODq+OBq+ihqOePvuWkp+eQhuefsyjjgrnjg4jjg7zjg7Mp44CBcOOCv+OCpOODq+OBruanmOOBqiDjg5fjg6zjg7zjg7Pmn4Qg44OG44Op44Kz44OD44K/5p+EIOetieOCr+ODg+OCt+ODp+ODs+ODleODreOCouOCiOOCiuOCguiAkOS5heaAp+OBq+WEquOCjOOBpuOBhOOCi+OBruOBp+W6l+iIl+eUqOOBp+OCguOBiuOBmeOBmeOCgeOBp+OBme+8geaOsui8ieOBleOCjOOBpuOBhOOBquOBhOODleODreOCouOCv+OCpOODq+OCguOBlOmBoOaFruOBquOBj+OBiuWVj+OBhOWQiOOCj+OBm+S4i+OBleOBhOOAguaOpeedgOWJpOS4jeimgeOBriDosrzjgovjgaDjgZEg572u44GP44Gg44GR44K/44Kk44OX44Gu44OP44Oq44O844Kk44O844K444O844OH44Kz44K/44Kk44Or44KC44GU5qSc6KiO44GP44Gg44GV44GE44CCPGJyPjxicj4KPHNwYW4gc3R5bGU9ImNvbG9yOiNmZjAwMDA7IGZvbnQtc2l6ZToxMnB4Ij7igLvjgYrkvb/jgYTjga7jg5Hjgr3jgrPjg7PnkrDlooPjgavjgojjgaPjgabjga/jgIEgPGJyPuOAgOWVhuWTgeOBruiJsuOBjOimi+acrOOBqOWkmuWwkeeVsOOBquOCi+WgtOWQiOOBjOOBguOCiuOBvuOBmeOAgiA8YnI+PC9zcGFuPjxicj53b29kIOODluODqeOCpuODsyDojLboibIg6LK844KL44Gg44GRIOOCv+OCpOODqyDjg5Xjg63jgqLjg7wg44K344O844OIIOODkeODjeODqyDlgrcg5rGa44KMIOmYsuatoiDjg5Xjg63jg7zjg6rjg7PjgrAg44Kr44O844Oa44OD44OIIOijnOS/riDkv67nkIYg5L+d6K23IOW8t+WMliDmlr3lt6Ug44Kq44OV44Kj44K5IOODquODk+ODs+OCsCDjg57jg7Pjgrfjg6fjg7Mg6LOD6LK4IOOCteODreODsyDjg6Ljg6vjgr/jg6sgIOOCs+ODs+ODkeODjSDkuozph43lupU8L3RkPiAgPC90cj4gPHRkIGJnY29sb3I9IiNDQ0NDQ0MiIGFsaWduPSJjZW50ZXIiPuaOsui8ieWTgeeVqjwvdGQ+ICAgIDx0ZCBiZ2NvbG9yPSIjRkZGRkZGIj5SVy05MDg2IFJXLTkwODcgUlctOTA4OCBSVy05MDg5PC90ZD4gIDwvdHI+IDx0ZCBiZ2NvbG9yPSIjQ0NDQ0NDIiBhbGlnbj0iY2VudGVyIj7oibI8L3RkPiAgICA8dGQgYmdjb2xvcj0iI0ZGRkZGRiI+5pyo55uu5p+EPC90ZD48L3RyPiA8dHI+ICAgIDx0ZCBiZ2NvbG9yPSIjQ0NDQ0NDIiBhbGlnbj0iY2VudGVyIj7jgrXjgqTjgro8L3RkPiAgICA8dGQgYmdjb2xvcj0iI0ZGRkZGRiI+44K144Kk44K677yaMTUyLjRtbXg5MTQuNG1tPGJyPuWOmuOBv++8mjIuNW1tPGJyPuODiOODg+ODl+WxpO+8muOCr+ODquOCouODvDAuM208dHI+ICAgIDx0ZCBiZ2NvbG9yPSIjQ0NDQ0NDIiBhbGlnbj0iY2VudGVyIj4x44Kx44O844K55Y2Y5L2NPC90ZD4gICAgPHRkIGJnY29sb3I9IiNGRkZGRkYiPjI05p6a5YWl77yI57SE77yaMy4zNOW5s+aWueODoeODvOODiOODq++8iTwvdGQ+ICA8L3RyPiA8dHI+ICAgIDx0ZCBiZ2NvbG9yPSIjQ0NDQ0NDIiBhbGlnbj0iY2VudGVyIj7mqZ/og708L3RkPiAgICA8dGQgYmdjb2xvcj0iI0ZGRkZGRiI+PHA+UumdouWPljwvdHI+ICA8dHI+ICAgIDx0ZCBiZ2NvbG9yPSIjQ0NDQ0NDIiB3aWR0aD0iMTAwIiBhbGlnbj0iY2VudGVyIj7pgIEg5paZPC90ZD4gICAgPHRkIGJnY29sb3I9IiNGRkZGRkYiPuOAkOmAgSDmlpnjgJHopb/mv4PpgYvovLgg5LuW77yaNzAw5YaG77yI56iO5Yil77yJPGJyPuKAu+WMl+a1t+mBk+ODu+aylue4hOOBu+OBi+S4gOmDqOOBruWcsOWfn+OBr+mZpOOBjeOBvuOBmeOAgjxicj48Yj7pgIHmlpnjga7oqbPntLDjgavjgaTjgYTjgabjga/jgZPjgaHjgonjgbjvvJ7vvJ48L2I+PC90ZD4gICA8L3RyPiAgPHRyPiAgICA8dGQgYmdjb2xvcj0iI0NDQ0NDQyIgYWxpZ249ImNlbnRlciI+57SNIOacnzwvdGQ+ICAgIDx0ZCBiZ2NvbG9yPSIjRkZGRkZGIj7jgZTms6jmlofnorrlrprlvozjgIHntIQz772eNeWWtualreaXpTwvdGQ+ICA8L3RyPjwvdGFibGU+PHN0eWxlIHR5cGU9InRleHQvY3NzIj4KPCEtLQoKZGl2I0hlYWRlcktleXdvcmQgewoJcG9zaXRpb246YWJzb2x1dGU7Cgl0b3A6NTBweDsvKuS4gOeVquS4iuOBi+OCieOBruS9jee9riovCglsZWZ0OjhweDsvKuW3puerr+OBi+OCieOBruS9jee9riovCgl3aWR0aDoxMjAwcHg7Cn0KCmRpdiNIZWFkZXJLZXl3b3JkIHNwYW4gewoJYmFja2dyb3VuZDogI2JmMDAwMDsKCWNvbG9yOiNmZmY7Cglmb250LXdlaWdodDpib2xkOwoJZm9udC1zaXplOjEycHg7Cglmb250LWZhbWlseToi44Oh44Kk44Oq44KqIjsKCXBhZGRpbmc6MnB4IDVweDsKfQoKZGl2I0hlYWRlcktleXdvcmQgYSB7Cgljb2xvcjojMDA0NENDOwoJZm9udC1zaXplOjEycHg7Cglmb250LWZhbWlseToi44Oh44Kk44Oq44KqIjsKfQoKLS0+Cjwvc3R5bGU+Cgo8ZGl2IGlkPSJIZWFkZXJLZXl3b3JkIj4KPHNwYW4+5rOo55uu44Gu44Kt44O844Ov44O844OJPC9zcGFuPgrjgqrjg7zjg4Djg7zjgqvjg7zjg4bjg7MKIC8gCuODhuODqeOCs+ODg+OCv+afhOW6iuOCt+ODvOODiAogLyAK5rSX44GI44KL44K/44Kk44Or44Kr44O844Oa44OD44OICiAvIArmmYLoqIjku5jjgY3jgqbjgqnjg7zjg6vjgrnjg4bjg4Pjgqvjg7wKPC9kaXY+,44OV44Ot44Ki44K/44Kk44OrIOOCt+ODs+OCs+ODvOODqyDjg57jg4Pjg4jjg43jg6kg5bqKIOW6iuadkCDjg5Xjg63jg7zjg6rjg7PjgrAg44OT44OL44OrIFDjgr/jgqTjg6sg44OV44Ot44KiIGRpeSDjg6rjg5Xjgqnjg7zjg6Ag5Zyf6Laz5a++5b+cIOOCpOODs+ODhuODquOCoiDlupfoiJcg5L2P5a6FIOOCpuODg+ODiSDjg6Hjg7zjg5fjg6sg5pyoIOacqOebruiqvyDmnKjmnZAgMDNT77ya44Kk44Oz44OG44Oq44Ki44K344On44OD44OXIOOAkOODj+ODquODvOOAkQ==,44Km44Kp44O844Or44K544OG44OD44Kr44O844K/44Kk44Or44Kr44O844Oa44OD44OI44Kv44OD44K344On44Oz44OV44Ot44Ki44Ks44Op44K544OV44Kj44Or44Og44OV44Ot44Ki44K/44Kk44Or44Kr44OD44OG44Kj44Oz44Kw44K344O844OI44K544OG44OD44Kr44O844Km44Kq44O844Or44K544OG44OD44Kr44O844K344O844Or44Kr44O844Oa44OD44OIZGl56Lui5YaZ44Km44Kp44O844Or44K544OG44OD44Kr44O8T0Hjg5Xjg63jgqLlo4HntJnjg6njgrDjgq/jg4Pjgrfjg6fjg7Pjg5Xjg63jgqLjg7zlo4HntJnjgrfjg7zjg6vjg4/jg6rjg7zjgrnjg4bjg4Pjgqvjg7zjg5Xjg63jgqLjg7zjgr/jgqTjg6vjgqTjg7Pjg4bjg6rjgqLjgqbjgqnjg7zjg6vjgrnjg4bjg4Pjgqvjg7zjg5Xjg63jgqLjgr/jgqTjg6sg44K344Oz44Kz44O844OrIOODnuODg+ODiOODjeODqSDluoog5bqK5p2QIOODleODreODvOODquODs+OCsCDjg5Pjg4vjg6sgUOOCv+OCpOODqyDjg5Xjg63jgqIgZGl5IOODquODleOCqeODvOODoCDlnJ/otrPlr77lv5wg44Kk44Oz44OG44Oq44KiIOW6l+iIlyDkvY/lroUg44Km44OD44OJIOODoeODvOODl+ODqyDmnKgg5pyo55uu6Kq/IOacqOadkCAwM1M=,c2luY29sIG1hdHRvbmVsbGEg44OV44Ot44Ki44O844K/44Kk44OrIDHjgrHjg7zjgrnvvIgyNOaemuWFpe+8iSDniLbjga7ml6XjgILjg5Xjg63jgqLjgr/jgqTjg6sg44K344Oz44Kz44O844OrIOODnuODg+ODiOODjeODqSDluoog5bqK5p2QIOODleODreODvOODquODs+OCsCDjg5Pjg4vjg6sgUOOCv+OCpOODqyDjg5Xjg63jgqIgZGl5IOODquODleOCqeODvOODoCDlnJ/otrPlr77lv5wg44Kk44Oz44OG44Oq44KiIOW6l+iIlyDkvY/lroUg44Km44OD44OJIOODoeODvOODl+ODqyDmnKgg5pyo55uu6Kq/IOacqOadkCAwM1M=[rn]
31-2625,aHR0cDovL3RzaG9wLnIxMHMuanAvaGFycnkvY2FiaW5ldC9tb25vX3RpbGUvcG9wLTFjYXNlLS0uanBnP2ZpdGluPTcwMDo3MDA=,ODEyMS42MDAw,,6Iqx44O744Ks44O844OH44Oz44O7RElZID4g5L2P5a6F5bu65p2Q44O76Kit5YKZID4g5bqK5p2QID4g44Gd44Gu5LuW,44OV44Ot44Ki44K/44Kk44OrIOadseODqiDluormnZAg5bqKIOaVt+eJqSDjg5Xjg63jg7zjg6rjg7PjgrAg77yV77yQ5p6a5YWlIG1z44OX44Os44O844OzIHDjgr/jgqTjg6sg44K/44Kk44OrIOODnuODg+ODiCDjgrfjg7zjg4ggIOODleODreOCoiBGVCDjg5fjg6zjg7zjg7MgIOOCq+ODqeODvCDjgqvjg6njg5Xjg6sg44Od44OD44OXIOW4guadviDjg4Hjgqfjg4Pjgq8g44OB44Kn44OD44Kr44O8IOWGheijhSDloanjg5Mg5bqK44K/44Kk44OrIOaWveW3pSBkaXkg44Oq44OV44Kp44O844OgIOWCt+mYsuatoiDoo5zkv64g5by15pu/44GIIOOBiuOBl+OCg+OCjCDjgYvjgo/jgYTjgYQgMDZT,44OV44Ot44Ki44O844K/44Kk44OrIOW6iuOCv+OCpOODqyDluormnZAg5YK36Ziy5q2iIOWhqeODkyDmnbHjg6og54i244Gu5pel,PGltZyBzcmM9Imh0dHBzOi8vaW1hZ2UucmFrdXRlbi5jby5qcC9oYXJyeS9jYWJpbmV0L21vbm9fdGlsZS9rYW5iYW4tMi0uanBnIj48YnIgLz48YnIgLz48ZGl2IHN0eWxlPSJ3aWR0aDo0NDBweDsgYm9yZGVyOjBweDsgdGV4dC1hbGlnbjpjZW50ZXI7Ij4KCjxpbWcgc3JjPSJodHRwczovL2ltYWdlLnJha3V0ZW4uY28uanAvaGFycnkvY2FiaW5ldC9zbWFydF9waG9uZS9mdGR1Z3UuanBnIiB3aWR0aD0iNDQwIiBib3JkZXI9IjAiIHN0eWxlPSJtYXJnaW4tYm90dG9tOjVweDsiPgoKCjxpbWcgc3JjPSJodHRwczovL2ltYWdlLnJha3V0ZW4uY28uanAvaGFycnkvY2FiaW5ldC9zbWFydF9waG9uZS9mdHplbmdhcmEuanBnIiB3aWR0aD0iNDQwIiBib3JkZXI9IjAiIHN0eWxlPSJtYXJnaW4tYm90dG9tOjVweDsiPgoKCjxpbWcgc3JjPSJodHRwczovL2ltYWdlLnJha3V0ZW4uY28uanAvaGFycnkvY2FiaW5ldC9zbWFydF9waG9uZS9kZWNvdGFpcnUuanBnIiB3aWR0aD0iNDQwIiBib3JkZXI9IjAiIHN0eWxlPSJtYXJnaW4tYm90dG9tOjVweDsiPgoKPC9kaXY+PHA+PGltZyBzcmM9Imh0dHBzOi8vaW1hZ2UucmFrdXRlbi5jby5qcC9oYXJyeS9jYWJpbmV0L3NvdXJ5b3UtNDQwbi5qcGciIGJvcmRlcj0iMCI+PC9wPjxpbWcgc3JjPSJodHRwczovL2ltYWdlLnJha3V0ZW4uY28uanAvaGFycnkvY2FiaW5ldC9ndWlkZS9ucF80NDAuanBnIiBib3JkZXI9IjAiIHN0eWxlPSJtYXJnaW46MTBweCAwcHg7Ij48ZGl2IHN0eWxlPSJiYWNrZ3JvdW5kLWNvbG9yOiNGNjk7IHBhZGRpbmc6MTJweDsgbWFyZ2luOjE1cHggMHB4OyB3aWR0aDo0MjBweDsgY29sb3I6I0ZGRkZGRjsgZm9udC13ZWlnaHQ6Ym9sZDsgZm9udC1mYW1pbHk6J+ODkuODqeOCruODjuinkuOCtCBQcm8gVzMnLCAnSGlyYWdpbm8gS2FrdSBHb3RoaWMgUHJvJywgJ+ODoeOCpOODquOCqicsIE1laXJ5bywgT3Nha2EsICfvvK3vvLMg77yw44K044K344OD44KvJywgJ01TIFBHb3RoaWMnLCBzYW5zLXNlcmlmOyAiPjxzcGFuIHN0eWxlPSJmb250LXNpemU6MzBweDsgbGluZS1oZWlnaHQ6NDJweDsiPuOBk+OBruODleODreOCouOCv+OCpOODq+OBrzHjgrHjg7zjgrk8YnI+44CQNTDmnprlhaXjgorjgJHjga7llYblk4HjgafjgZnvvIE8YnI+PHNwYW4gc3R5bGU9ImZvbnQtc2l6ZToyMHB4OyBsaW5lLWhlaWdodDozMHB4OyI+4oC75LiK6KiY5L6h5qC844GvMeOCseODvOOCueWIhuOCkuihqOekuuOBl+OBpuOBhOOBvuOBmeOAgjxicj7igLvmnprlo7LjgorvvIjjg5Djg6nlo7LjgorvvInjga/jgafjgY3jgb7jgZvjgpPjgII8L3NwYW4+PC9zcGFuPjwvZGl2PjxESVYgYWxpZ249ImxlZnQiPjxUQUJMRSBib3JkZXI9IjAiIGNlbGxwYWRkaW5nPSIwIiB3aWR0aD0iMjY5Ij4gPFRCT0RZPiAgPFRSPiAgIDxURCBiZ2NvbG9yPSIjY2NjY2NjIiBhbGlnbj0ibGVmdCIgaGVpZ2h0PSIyNjgiPiAgIDxUQUJMRSBjZWxscGFkZGluZz0iMCIgY2VsbHNwYWNpbmc9IjEiIHdpZHRoPSIyNzQiIHN0eWxlPSJmb250LXNpemUgOiAxMnB4OyIgaGVpZ2h0PSIzMjAiPiAgICA8VEJPRFk+ICAgICA8VFI+ICAgICAgPFREIGFsaWduPSJjZW50ZXIiIGJnY29sb3I9IiNmZmZmZmYiIHdpZHRoPSI1OSIgaGVpZ2h0PSIxMTciPjxCPjxGT05UIGNvbG9yPSIjZDcyYjQwIj7pgIHmlpk8L0ZPTlQ+PC9CPjwvVEQ+ICAgICAgPFREIGJnY29sb3I9IiNmZmZmZmYiIHdpZHRoPSIyMTAiIGhlaWdodD0iMTE3Ij48Rk9OVCBjb2xvcj0iI2Q3MmI0MCI+ICAgIDxicj4gICAgICDjgIDvvJrlroXphY3kvr8gPGJyPiAgICAgIOOAgDxCPuOAgO+8keOCseODvOOCuSg1MOaeminmr47jgasv6KW/5r+D6YGL6Ly444Gu5aC05ZCI77ya6YCB5paZNzAw5YaG77yI56iO5Yil77yJPC9CPjwvRk9OVD4gPGJyPiAgICAgIDxGT05UIHNpemU9Ii0xIiBjb2xvcj0iIzRjNGM0YyIgc3R5bGU9ImZvbnQtc2l6ZSA6IDExcHg7Ij7igLvljJfmtbfpgZPjg7vmspbnuITjgbvjgYvkuIDpg6jjga7lnLDln5/jga/pmaTjgY3jgb7jgZnjgII8YnI+5ZWG5ZOB44GvMeOCseODvOOCueWIhuOBvuOBp+WQjOaiseWPr+iDveOBp+OBmeOAgjxicj7lpJrmlbDjgZTms6jmlofpoILjgYTjgZ/pmpvjga/jgrHjg7zjgrnmlbDliIbjga7pgIHmlpnjgYzlv4XopoHjgajjgarjgorjgb7jgZnjga7jgaflrpzjgZfjgY/jgYrpoZjjgYTnlLPjgZfkuIrjgZLjgb7jgZnjgIIgICAgICDjgIDjgIDjgIDoqbPjgZfjgY/jga/jgrPjg4Hjg6njgpLjgZTnorroqo3jgY/jgaDjgZXjgYQ8L0ZPTlQ+PC9URD4gICAgIDwvVFI+ICAgICA8VFI+ICAgICAgPFREIGJnY29sb3I9IiNmZmZmZmYiIGFsaWduPSJjZW50ZXIiIHdpZHRoPSI1OSIgaGVpZ2h0PSIyMCI+PEZPTlQgY29sb3I9IiM0YzRjNGMiPue0jeacnzwvRk9OVD48L1REPiAgICAgIDxURCBiZ2NvbG9yPSIjZmZmZmZmIiB3aWR0aD0iMjEwIiBoZWlnaHQ9IjIwIj7jgIA8Rk9OVCBjb2xvcj0iIzgwODA4MCI+77ya44GU5rOo5paH56K65a6a5b6MIOe0hO+8k++9nu+8leWWtualreaXpeW+jCA8YnI+ICAgICAgPC9GT05UPjwvVEQ+ICAgICA8L1RSPiAgICAgPFRSPiAgICAgIDxURCBhbGlnbj0iY2VudGVyIiBiZ2NvbG9yPSIjZmZmZmZmIiBzdHlsZT0iZm9udC1zaXplIDogMTJweDsiIHdpZHRoPSI1OSIgaGVpZ2h0PSI2NSI+PEZPTlQgY29sb3I9IiM0YzRjNGMiPuafhOOBquOBqTwvRk9OVD48L1REPiAgICAgIDxURCBiZ2NvbG9yPSIjZmZmZmZmIiB3aWR0aD0iMjEwIiBoZWlnaHQ9IjY1Ij48Rk9OVCBjb2xvcj0iIzgwODA4MCI+44CA77ya6Iul5bmy44OY44Ki44Op44Kk44Oz6aKo44Gr44K544K444GM5YWl44Gj44GfIDxicj4gICAgICDjgIDjgIDlhajvvJLvvJboibLjga7jg6Ljg4Djg7Pjgarluorjgr/jgqTjg6s8L0ZPTlQ+IDxicj4gICAgICA8Rk9OVCBjb2xvcj0iI2ZmMDAwMCI+4oC744Oi44OL44K/44O844Gr44KI44Gj44Gm6Imy44GC44GE44GM55Ww44Gq44KLIDxicj4gICAgICDloLTlkIjjgYzjgYLjgorjgb7jgZnjga7jgafjgZTkuobmib/poZjjgYTjgb7jgZnjgII8L0ZPTlQ+44CAPC9URD4gICAgIDwvVFI+ICAgICA8VFI+ICAgICAgPFREIGFsaWduPSJjZW50ZXIiIGJnY29sb3I9IiNmZmZmZmYiIHdpZHRoPSI1OSIgaGVpZ2h0PSIyOSI+PEZPTlQgY29sb3I9IiM0YzRjNGMiPuadkOizqjwvRk9OVD48L1REPiAgICAgIDxURCBhbGlnbj0ibGVmdCIgYmdjb2xvcj0iI2ZmZmZmZiIgd2lkdGg9IjIxMCIgaGVpZ2h0PSIyOSI+PEZPTlQgY29sb3I9IiM4MDgwODAiPuOAgOODm+ODouOCuOODi+OCouOCueOAgOWhqeWMluODk+ODi+ODvOODq+W6iuOCv+OCpOODqzwvRk9OVD48L1REPiAgICAgPC9UUj4gICAgIDxUUj4gICAgICA8VEQgYWxpZ249ImNlbnRlciIgYmdjb2xvcj0iI2ZmZmZmZiIgd2lkdGg9IjU5IiBoZWlnaHQ9IjM3Ij48Rk9OVCBjb2xvcj0iIzRjNGM0YyI+44K144Kk44K6PC9GT05UPjwvVEQ+ICAgICAgPFREIGFsaWduPSJsZWZ0IiBiZ2NvbG9yPSIjZmZmZmZmIiB3aWR0aD0iMjEwIiBoZWlnaHQ9IjM3Ij48Rk9OVCBjb2xvcj0iIzgwODA4MCI+44CA77yaMzBjbeinku+8iOato+aWueW9ou+8ieOAgDUw5p6a5YWlIDxicj4gICAgICDjgIDvvJrljprjgb/jg7vjg7vjg7sybW08L0ZPTlQ+PC9URD4gICAgIDwvVFI+ICAgICA8VFI+ICAgICAgPFREIGFsaWduPSJjZW50ZXIiIGJnY29sb3I9IiNmZmZmZmYiIHN0eWxlPSJmb250LXNpemUgOiAxMnB4OyIgd2lkdGg9IjU5IiBoZWlnaHQ9IjMxIj7jgIA8Rk9OVCBjb2xvcj0iIzRjNGM0YyI+54m56ZW3PC9GT05UPjwvVEQ+ICAgICAgPFREIGFsaWduPSJsZWZ0IiBiZ2NvbG9yPSIjZmZmZmZmIiB2YWxpZ249Im1pZGRsZSIgd2lkdGg9IjIxMCIgaGVpZ2h0PSIzMSI+PEZPTlQgY29sb3I9IiM4MDgwODAiIHNpemU9Ii0xIj7jgIDjg7tUT1Djg5bjg6njg7Pjg4kgPGJyPiAgICAgIOadseODquijveOBruS4iuizquW6iuOCv+OCpOODq+OAgDwvRk9OVD7jgIDjgIDjgIDjgIDjgIDjgIDjgIA8L1REPiAgICAgPC9UUj4gICAgPC9UQk9EWT4gICA8L1RBQkxFPiAgIDwvVEQ+ICA8L1RSPiA8L1RCT0RZPjwvVEFCTEU+PC9ESVY+PGJyPjxicj48dGFibGUgd2lkdGg9IjQ0MCIgY2VsbHNwYWNpbmc9IjAiIGNlbGxwYWRkaW5nPSIwIiBzdHlsZT0iZm9udC1zaXplOjEycHg7IGxpbmUtaGVpZ2h0OjIwcHg7IGxldHRlci1zcGFjaW5nOjAuMWV4OyBib3JkZXI6MXB4IHNvbGlkICMzMzM7Ij48dHI+PHRkIGNvbHNwYW49IjIiIGJnY29sb3I9IiMzMzMiIGFsaWduPSJjZW50ZXIiPjxmb250IGNvbG9yPSIjRkZGRkZGIj7llYblk4HoqqzmmI48L2ZvbnQ+PC90ZD48L3RyPjx0cj48dGQgdmFsaWduPSJ0b3AiIHdpZHRoPSIxNSI+4peGPC90ZD48dGQgd2lkdGg9IjQyNSI+44OV44Ot44Ki44K/44Kk44OrIOOBr+OAgSDjgZDjgavjgoPjgorjgagg5p+U44KJ44GL44GEIOe0oOadkOOBpyDmlr3lt6Ug44Gu44GX44KE44GZ44GV44GM5Lq65rCX44GuIOW6iuadkCDvvIgg5bqKIOOCv+OCpOODqyDvvInjgafjgZnjgII8YnIgLz7mnKzlvZPjgasg44KE44KP44KJ44GL44GEIOadkOizqiDjgarjga7jgafjgIHjga/jgZXjgb/jgoTjgqvjg4Pjgr/jg7zjgafnsKHljZjjgavjgqvjg4Pjg4jjgIHlpb3jgY3jgarlpKfjgY3jgZXjgavlpInlvaLlj6/og73jgafjgZnvvIE8L3RkPjwvdHI+PHRyPjx0ZCBjb2xzcGFuPSIyIj4mbmJzcDs8L3RkPjwvdHI+PHRyPjx0ZCB2YWxpZ249InRvcCIgd2lkdGg9IjE1Ij7il4Y8L3RkPjx0ZCB3aWR0aD0iNDI1Ij7jg5Xjg63jgqLjg7zjgr/jgqTjg6sg44Gv44CBIOS4gOS6uuaaruOCieOBlyDjga7mlrnjgoTjgIEg44Oe44Oz44K344On44OzIOOChCDos4Posrgg44GnIOODquODk+ODs+OCsCDjgoQg44OA44Kk44OL44Oz44KwIOOBquOBqeOBriDjg5Xjg63jg7zjg6rjg7PjgrAg44Gu44GK6YOo5bGL44Gn44KC44GK5L2/44GE44GE44Gf44Gg44GR44G+44GZ44CCPGJyPuOBvuOBn+OAgSDjgqrjg5XjgqPjgrkg44KEIOS8muekviDjgIEg576O5a656ZmiIOOCteODreODsyDjgqvjg5Xjgqcg5Zar6Iy25bqXIOOBquOBqeOBriDlupfoiJcg44Gn5L2/55So44GV44KM44KL5pa544KC5aSa44GPIOOBiumDqOWxi+OBruOCpOODoeODvOOCuOODgeOCp+ODs+OCuCDjgYznsKHljZjjgavjgafjgY3jgosg44GK44GZ44GZ44KBIOOBriBkaXkg44Ki44Kk44OG44Og44Gn44GZ4pmqPGJyIC8+5r+A5a6JIOOBriDjgrvjg7zjg6sg54m55L6hIOOBp+OBlOeUqOaEj+OBl+OBpuOBiuOCiuOBvuOBmeOBruOBp+OAgeOBk+OCjOOBi+OCieOBruODquODleOCqeODvOODoOOCt+ODvOOCuuODs+OBq+Wkp+a0u+i6jemWk+mBleOBhOOBquOBl++8n++8gTwvdGQ+PC90cj48dHI+PHRkIGNvbHNwYW49IjIiPiZuYnNwOzwvdGQ+PC90cj48dHI+PHRkIHZhbGlnbj0idG9wIiB3aWR0aD0iMTUiPuKXhjwvdGQ+PHRkIHdpZHRoPSI0MjUiPuW6iiDjgr/jgqTjg6sg44GnIOOCuOODp+OCpOODs+ODiOODnuODg+ODiCDjga7jgojjgYbjgavntYTjgb/lkIjjgo/jgZvjgovjgaDjgZHjgafnsKHljZjjgaog44OV44Ot44Ki44O844K/44Kk44OrIOOBr+OAgee1qOavryDjgoQg44Op44KwIOOCkuaVt+OBj+OBruOBqOWQjOOBmOOCiOOBhuOBqyBkaXkg44GM5qW944GX44KB44G+44GZ44KI77yBPGJyPueJueWIpeOBqiDjg5Xjg63jg7zjg6rjg7PjgrDmnZAg44OV44Ot44O844Oq44Oz44Kw5bel5LqLIOOCguS4gOWIh+S4jeimgeOBp+OBmeKYhjwvdGQ+PC90cj48L3RhYmxlPgo8ZGl2IHN0eWxlPSJmb250LWZhbWlseTon44OS44Op44Ku44OO6KeS44K0IFBybyBXMycsICdIaXJhZ2lubyBLYWt1IEdvdGhpYyBQcm8nLCAn44Oh44Kk44Oq44KqJywgTWVpcnlvLCBPc2FrYSwgJ++8re+8syDvvLDjgrTjgrfjg4Pjgq8nLCAnTVMgUEdvdGhpYycsIHNhbnMtc2VyaWY7IGZvbnQtc2l6ZToxMnB4OyB3aWR0aDo0NDBweDsiPgrjg5Xjg63jgqLjgr/jgqTjg6vlsILploDlupfjgaflv4XopoHjgarllYblk4Hmj4PjgYjjgqTjg7Pjg4bjg6rjgqLjgrfjg6fjg4Pjg5fjg4/jg6rjg7zjgafjga/jgIHjgrXjg7PjgrLjg4Tjg7vmnbHjg6rjg7vjgrfjg7PjgrPjg7zjg6vjg7vjg6rjg6rjgqvjg6nku5bjgpLjgZTnlKjmhI/jgZfjgabjgYrjgorjgb7jgZk8YnI+CuODleODreOCouOCv+OCpOODq+OBruafhOOCguixiuWvjO+8gTxicj4K5Lq65rCX44Gu44OV44Ot44O844Oq44Oz44Kw6Kq/44Gu44Oq44Ki44Or44GqIOacqOebrijjgqbjg4Pjg4kp5p+E44GvIOeEoeWeouadkOmiqOOChCDjgYrjgZfjgoPjgozjgaog44O044Kj44Oz44OG44O844K4IOOCueOCr+ODqeODg+ODl+OCpuODg+ODiemiqOOAgeODquOCouODq+OBq+ihqOePviDlpKfnkIbnn7MoIOOCueODiOODvOODsynjgIFw44K/44Kk44Or44Gu5qeY44GqIOODl+ODrOODvOODs+afhCDjg4bjg6njgrPjg4Pjgr/mn4Qg562JIOOCr+ODg+OCt+ODp+ODs+ODleODreOCouOCiOOCiuOCguiAkOS5heaAp+OBq+WEquOCjOOBpuOBhOOCi+OBruOBpyDlupfoiJfnlKjjgafjgoLjgYrjgZnjgZnjgoHjgafjgZnvvIE8YnI+CuaOsui8ieOBleOCjOOBpuOBhOOBquOBhOODleODreOCouOCv+OCpOODq+OCguOBlOmBoOaFruOBquOBj+OBiuWVj+OBhOWQiOOCj+OBm+S4i+OBleOBhOOAgjxicj4K5o6l552A5Ymk5LiN6KaB44GuIOiyvOOCi+OBoOOBkSDnva7jgY/jgaDjgZHjgr/jgqTjg5fjga7jg4/jg6rjg7zjgqTjg7zjgrjjg7zjg4fjgrPjgr/jgqTjg6vjgoLjgZTmpJzoqI7jgY/jgaDjgZXjgYTjgII8YnI+CjwvZGl2PjxzdHlsZSB0eXBlPSJ0ZXh0L2NzcyI+CjwhLS0KCmRpdiNIZWFkZXJLZXl3b3JkIHsKCXBvc2l0aW9uOmFic29sdXRlOwoJdG9wOjUwcHg7LyrkuIDnlarkuIrjgYvjgonjga7kvY3nva4qLwoJbGVmdDo4cHg7Lyrlt6bnq6/jgYvjgonjga7kvY3nva4qLwoJd2lkdGg6MTIwMHB4Owp9CgpkaXYjSGVhZGVyS2V5d29yZCBzcGFuIHsKCWJhY2tncm91bmQ6ICNiZjAwMDA7Cgljb2xvcjojZmZmOwoJZm9udC13ZWlnaHQ6Ym9sZDsKCWZvbnQtc2l6ZToxMnB4OwoJZm9udC1mYW1pbHk6IuODoeOCpOODquOCqiI7CglwYWRkaW5nOjJweCA1cHg7Cn0KCmRpdiNIZWFkZXJLZXl3b3JkIGEgewoJY29sb3I6IzAwNDRDQzsKCWZvbnQtc2l6ZToxMnB4OwoJZm9udC1mYW1pbHk6IuODoeOCpOODquOCqiI7Cn0KCi0tPgo8L3N0eWxlPgoKPGRpdiBpZD0iSGVhZGVyS2V5d29yZCI+CjxzcGFuPuazqOebruOBruOCreODvOODr+ODvOODiTwvc3Bhbj4K44Kq44O844OA44O844Kr44O844OG44OzCiAvIArjg4bjg6njgrPjg4Pjgr/mn4Tluorjgrfjg7zjg4gKIC8gCua0l+OBiOOCi+OCv+OCpOODq+OCq+ODvOODmuODg+ODiAogLyAK5pmC6KiI5LuY44GN44Km44Kp44O844Or44K544OG44OD44Kr44O8CjwvZGl2Pg==,44OV44Ot44Ki44K/44Kk44OrIOadseODqiDluormnZAg5bqKIOaVt+eJqSDjg5Xjg63jg7zjg6rjg7PjgrAg77yV77yQ5p6a5YWlIG1z44OX44Os44O844OzIHDjgr/jgqTjg6sg44K/44Kk44OrIOODnuODg+ODiCDjgrfjg7zjg4ggIOODleODreOCoiBGVCDjg5fjg6zjg7zjg7MgIOOCq+ODqeODvCDjgqvjg6njg5Xjg6sg44Od44OD44OXIOW4guadviDjg4Hjgqfjg4Pjgq8g44OB44Kn44OD44Kr44O8IOWGheijhSDloanjg5Mg5bqK44K/44Kk44OrIOaWveW3pSBkaXkg44Oq44OV44Kp44O844OgIOWCt+mYsuatoiDoo5zkv64g5by15pu/44GIIOOBiuOBl+OCg+OCjCDjgYvjgo/jgYTjgYQgMDZT77ya44Kk44Oz44OG44Oq44Ki44K344On44OD44OXIOOAkOODj+ODquODvOOAkQ==,44Km44Kp44O844Or44K544OG44OD44Kr44O844K/44Kk44Or44Kr44O844Oa44OD44OI44Kv44OD44K344On44Oz44OV44Ot44Ki44Ks44Op44K544OV44Kj44Or44Og44OV44Ot44Ki44K/44Kk44Or44Kr44OD44OG44Kj44Oz44Kw44K344O844OI44K544OG44OD44Kr44O844Km44Kq44O844Or44K544OG44OD44Kr44O844K344O844Or44Kr44O844Oa44OD44OIZGl56Lui5YaZ44Km44Kp44O844Or44K544OG44OD44Kr44O8T0Hjg5Xjg63jgqLlo4HntJnjg6njgrDjgq/jg4Pjgrfjg6fjg7Pjg5Xjg63jgqLjg7zlo4HntJnjgrfjg7zjg6vjg4/jg6rjg7zjgrnjg4bjg4Pjgqvjg7zjg5Xjg63jgqLjg7zjgr/jgqTjg6vjgqTjg7Pjg4bjg6rjgqLjgqbjgqnjg7zjg6vjgrnjg4bjg4Pjgqvjg7zjg5Xjg63jgqLjgr/jgqTjg6sg5p2x44OqIOW6iuadkCDluoog5pW354mpIOODleODreODvOODquODs+OCsCDvvJXvvJDmnprlhaUgbXPjg5fjg6zjg7zjg7MgcOOCv+OCpOODqyDjgr/jgqTjg6sg44Oe44OD44OIIOOCt+ODvOODiCAg44OV44Ot44KiIEZUIOODl+ODrOODvOODsyAg44Kr44Op44O8IOOCq+ODqeODleODqyDjg53jg4Pjg5cg5biC5p2+IOODgeOCp+ODg+OCryDjg4Hjgqfjg4Pjgqvjg7wg5YaF6KOFIOWhqeODkyDluorjgr/jgqTjg6sg5pa95belIGRpeSDjg6rjg5Xjgqnjg7zjg6Ag5YK36Ziy5q2iIOijnOS/riDlvLXmm7/jgYgg44GK44GX44KD44KMIOOBi+OCj+OBhOOBhCAwNlM=,44OV44Ot44Ki44O844K/44Kk44OrIOW6iuOCv+OCpOODqyDluormnZAg5YK36Ziy5q2iIOWhqeODkyDmnbHjg6og54i244Gu5pel44CC44OV44Ot44Ki44K/44Kk44OrIOadseODqiDluormnZAg5bqKIOaVt+eJqSDjg5Xjg63jg7zjg6rjg7PjgrAg77yV77yQ5p6a5YWlIG1z44OX44Os44O844OzIHDjgr/jgqTjg6sg44K/44Kk44OrIOODnuODg+ODiCDjgrfjg7zjg4ggIOODleODreOCoiBGVCDjg5fjg6zjg7zjg7MgIOOCq+ODqeODvCDjgqvjg6njg5Xjg6sg44Od44OD44OXIOW4guadviDjg4Hjgqfjg4Pjgq8g44OB44Kn44OD44Kr44O8IOWGheijhSDloanjg5Mg5bqK44K/44Kk44OrIOaWveW3pSBkaXkg44Oq44OV44Kp44O844OgIOWCt+mYsuatoiDoo5zkv64g5by15pu/44GIIOOBiuOBl+OCg+OCjCDjgYvjgo/jgYTjgYQgMDZT[rn]
31-2626,aHR0cDovL3RzaG9wLnIxMHMuanAvaGFycnkvY2FiaW5ldC9zaW4tZnQvbDI0LTAxLXNpbi1tbjU0LmpwZz9maXRpbj03MDA6NzAw,NDY1LjYwMDA=,,6Iqx44O744Ks44O844OH44Oz44O7RElZID4g5L2P5a6F5bu65p2Q44O76Kit5YKZID4g5bqK5p2QID4g44Gd44Gu5LuW,44OV44Ot44Ki44K/44Kk44OrIOOCt+ODs+OCs+ODvOODqyDjg57jg4Pjg4jjg43jg6kg5bqKIOW6iuadkCDjg5Xjg63jg7zjg6rjg7PjgrAg44OT44OL44OrIFDjgr/jgqTjg6sg44OV44Ot44KiIGRpeSDjg6rjg5Xjgqnjg7zjg6Ag5Zyf6Laz5a++5b+cIOOCpOODs+ODhuODquOCoiDlupfoiJcg5L2P5a6FIOOCueODiOODvOODsyDjg5rjg6vjg6rjg7zjg47jg63jgrbjg7zjg4gg44OH44Kj44OO44K544Kw44Oq44O844OzIOefsyDnn7Pnm67oqr8g5aSn55CG55+zIOOCs+ODs+OCr+ODquODvOODiCDnn7PmnZAg44Oe44O844OW44OrIDAzUA==,c2luY29sIG1hdHRvbmVsbGEg44OV44Ot44Ki44O844K/44Kk44OrIDHmnprljZjkvY0g54i244Gu5pel,PGRpdiBzdHlsZT0id2lkdGg6IDcwMHB4OyBsaW5lLWhlaWdodDogMS41OyBjb2xvcjogIzJmMmIyNyI+CjxwIHN0eWxlPSJjb2xvcjogI2ZmZjsgYmFja2dyb3VuZC1jb2xvcjogI2Y2OTsgZm9udC1zaXplOiAyNHB4OyBwYWRkaW5nOiAxMHB4OyI+4oC744GT44Gh44KJ44Gu5ZWG5ZOB44GvMeaemuWNmOS9jeOBi+OCieOBlOizvOWFpeOBp+OBjeOBvuOBmeOAgjwvcD4KPHA+PGltZyBzcmM9Imh0dHBzOi8vaW1hZ2UucmFrdXRlbi5jby5qcC9oYXJyeS9jYWJpbmV0L3Npbi1mdC9sMjQtMDEtc2luLW1uNTQuanBnIiBib3JkZXI9IjAiIHdpZHRoPSI3MDAiIC8+PC9wPgo8cD48aW1nIHNyYz0iaHR0cHM6Ly9pbWFnZS5yYWt1dGVuLmNvLmpwL2hhcnJ5L2NhYmluZXQvc2luLWZ0L2wyNC0wMS1zaW4tbW41NF8xLmpwZyIgYm9yZGVyPSIwIiB3aWR0aD0iNzAwIiAvPjwvcD4KCjxwIHN0eWxlPSJib3JkZXItbGVmdDogNXB4IHNvbGlkICM0ZTQ1M2E7IGJvcmRlci1ib3R0b206IDFweCBzb2xpZCAjNGU0NTNhOyBmb250LXNpemU6IDI0cHg7IHBhZGRpbmctbGVmdDogNXB4OyI+44OV44Ot44Ki44K/44Kk44Or44Gu6LK844KK5pa5PC9wPgoKPHAgc3R5bGU9ImNvbG9yOiMyMjIyMjI7IGZvbnQtc2l6ZTozMHB4OyBmb250LXdlaWdodDpib2xkOyBtYXJnaW46MHB4OyBwYWRkaW5nLWxlZnQ6MTBweDsgcGFkZGluZy10b3A6MTBweDsgcGFkZGluZy1ib3R0b206MjBweDsgZm9udC1mYW1pbHk6IEdlb3JnaWEsIFRpbWVzIE5ldyBSb21hbiwgVGltZXM7Ij5oYXJyeeOBp+Wls+aAp+OBruaWueOBq+Wcp+WAkueahOS6uuawl+OBruenmOWvhuKApjwvcD4KPHAgc3R5bGU9ImNvbG9yOiMzMzMzMzM7IGZvbnQtc2l6ZToxNnB4OyBtYXJnaW46MHB4OyBwYWRkaW5nLWxlZnQ6MTBweDsiPuOBneOCjOOBr+ODleODreOCouOCv+OCpOODq+OBjOOBiuaJi+i7veewoeWNmOOBoOOBi+OCie+8gTwvcD4KPGJyPgo8YnI+Cjx0YWJsZSB3aWR0aD0iNzAwIiBib3JkZXI9IjAiIGNlbGxzcGFjaW5nPSIwIiBjZWxscGFkZGluZz0iMCIgc3R5bGU9ImZvbnQtc2l6ZToxNHB4OyBjb2xvcjojMzMzMzMzIj4KICA8dHI+CiAgICA8dGQ+PGltZyBzcmM9Imh0dHBzOi8vaW1hZ2UucmFrdXRlbi5jby5qcC9oYXJyeS9jYWJpbmV0L2Zsb29yX3RpbGUvZmxvb3JfdGlsZV9ob3cwMS5qcGciIHdpZHRoPSIyMjUiIGhlaWdodD0iMjI1Ij48L3RkPgogICAgPHRkIHdpZHRoPSIxMiI+Jm5ic3A7PC90ZD4KICAgIDx0ZD48aW1nIHNyYz0iaHR0cHM6Ly9pbWFnZS5yYWt1dGVuLmNvLmpwL2hhcnJ5L2NhYmluZXQvZmxvb3JfdGlsZS9mbG9vcl90aWxlX2hvdzAyLmpwZyIgd2lkdGg9IjIyNSIgaGVpZ2h0PSIyMjUiPjwvdGQ+CiAgICA8dGQgd2lkdGg9IjEzIj4mbmJzcDs8L3RkPgogICAgPHRkPjxpbWcgc3JjPSJodHRwczovL2ltYWdlLnJha3V0ZW4uY28uanAvaGFycnkvY2FiaW5ldC9mbG9vcl90aWxlL2Zsb29yX3RpbGVfaG93MDMuanBnIiB3aWR0aD0iMjI1IiBoZWlnaHQ9IjIyNSI+PC90ZD4KICA8L3RyPjx0cj4KPHRkIGNvbHNwYW49IjUiIGhlaWdodD0iMTAiPiZuYnNwOzwvdGQ+CjwvdHI+CiAgPHRyPgogICAgPHRkIGFsaWduPSJsZWZ0IiB2YWxpZ249InRvcCI+44GK6YOo5bGL44Gu6ZqF44Gu44Kr44OD44OI6YOo5YiG44Gv44CB44GK5a6244Gr44GC44KL5a6a6KaP44Gn5Y2B5YiG77yBPGJyPuWumuimj+OCkuOBguOBpuOBpuOBk+OBruOCiOOBhuOBq+S9leW6puOBi+WIh+OCiuebruOCkuOBhOOCjOOBvuOBl+OCh+OBhu+8gTwvdGQ+CiAgICA8dGQgYWxpZ249ImxlZnQiIHZhbGlnbj0idG9wIj4mbmJzcDs8L3RkPgogICAgPHRkIGFsaWduPSJsZWZ0IiB2YWxpZ249InRvcCI+6Lu944GP5oqY44KK5puy44GS44KM44Gw44GT44Gu44Go44GK44KK44CCPC90ZD4KICAgIDx0ZCBhbGlnbj0ibGVmdCIgdmFsaWduPSJ0b3AiPiZuYnNwOzwvdGQ+CiAgICA8dGQgYWxpZ249ImxlZnQiIHZhbGlnbj0idG9wIj7mipjjgormm7LjgZLjgZ/pg6jliIbjgpLjgZPjga7jgojjgYbjgavjgqvjg4Pjgr/jg7zjgafjgIHjgrfjg6Xjg4Pjgajou73jgY/liIPjgpLjgYTjgozjgozjgbDvvIE8L3RkPgogIDwvdHI+CiAgPHRyPgogICAgPHRkIGhlaWdodD0iMTUiIGNvbHNwYW49IjUiPiZuYnNwOzwvdGQ+CiAgPC90cj4KICA8dHI+CiAgICA8dGQ+PGltZyBzcmM9Imh0dHBzOi8vaW1hZ2UucmFrdXRlbi5jby5qcC9oYXJyeS9jYWJpbmV0L2Zsb29yX3RpbGUvZmxvb3JfdGlsZV9ob3cwNC5qcGciIHdpZHRoPSIyMjUiIGhlaWdodD0iMjI1Ij48L3RkPgogICAgPHRkIHdpZHRoPSIxMiI+Jm5ic3A7PC90ZD4KICAgIDx0ZD48aW1nIHNyYz0iaHR0cHM6Ly9pbWFnZS5yYWt1dGVuLmNvLmpwL2hhcnJ5L2NhYmluZXQvZmxvb3JfdGlsZS9mbG9vcl90aWxlX2hvdzA1LmpwZyIgd2lkdGg9IjIyNSIgaGVpZ2h0PSIyMjUiPjwvdGQ+CiAgICA8dGQgd2lkdGg9IjEzIj4mbmJzcDs8L3RkPgogICAgPHRkPjxpbWcgc3JjPSJodHRwczovL2ltYWdlLnJha3V0ZW4uY28uanAvaGFycnkvY2FiaW5ldC9mbG9vcl90aWxlL2Zsb29yX3RpbGVfaG93MDYuanBnIiB3aWR0aD0iMjI1IiBoZWlnaHQ9IjIyNSI+PC90ZD4KICA8L3RyPjx0cj4KPHRkIGNvbHNwYW49IjUiIGhlaWdodD0iMTAiPiZuYnNwOzwvdGQ+CjwvdHI+CiAgPHRyPgogICAgPHRkIGFsaWduPSJsZWZ0IiB2YWxpZ249InRvcCI+44Gv44GE77yBPGJyPuOCq+ODg+ODiOWujOS6huOBp+OBmeOAgjwvdGQ+CiAgICA8dGQ+Jm5ic3A7PC90ZD4KICAgIDx0ZCBhbGlnbj0ibGVmdCIgdmFsaWduPSJ0b3AiPuOBr+OBleOBv+OBp+OCguOAgeOCguOBoeOCjeOCk++8r++8q++8gTxicj7lh7rmnaXjgozjgbDlpKfjgY3jgYTjga/jgZXjgb/jgafjga3jg7vjg7vjg7s8L3RkPgogICAgPHRkPiZuYnNwOzwvdGQ+CiAgICA8dGQgYWxpZ249ImxlZnQiIHZhbGlnbj0idG9wIj7lv4XopoHjgarloLTmiYDjgavjgII8L3RkPgogIDwvdHI+CjwvdGFibGU+PGJyPjxicj4KCjxwIHN0eWxlPSJib3JkZXItbGVmdDogNXB4IHNvbGlkICM0ZTQ1M2E7IGJvcmRlci1ib3R0b206IDFweCBzb2xpZCAjNGU0NTNhOyBmb250LXNpemU6IDI0cHg7IHBhZGRpbmctbGVmdDogNXB4OyI+44OV44Ot44Ki44K/44Kk44Or5bCC55So44Gu44KK44Gu44GU57S55LuLPC9wPgoKPGJyIC8+Cgo8cCBzdHlsZT0idGV4dC1hbGlnbjogY2VudGVyOyI+PGEgaHJlZj0iaHR0cHM6Ly9pdGVtLnJha3V0ZW4uY28uanAvaGFycnkvYy8wMDAwMDAwNDQyLyIgdGFyZ2V0PSJfYmxhbmsiPjxpbWcgc3JjPSJodHRwczovL2ltYWdlLnJha3V0ZW4uY28uanAvaGFycnkvY2FiaW5ldC8wMjM4MDQ3OC9mbG9vcnRpbGUta2FucmVuLWJhbi5qcGciIGJvcmRlcj0iMCIgYWx0PSLpgZPlhbfpoZ4iPjwvYT48L3A+PGJyIC8+CgoKPHA+PGEgaHJlZj0iaHR0cHM6Ly9pdGVtLnJha3V0ZW4uY28uanAvaGFycnkvYy8wMDAwMDAxMzg4LyIgdGFyZ2V0PSJfYmxhbmsiPjxpbWcgc3JjPSJodHRwczovL2ltYWdlLnJha3V0ZW4uY28uanAvaGFycnkvY2FiaW5ldC8wMjM4MDQ3OC9mbG9vcnRpbGUtc2FtcGxlLWJhbi5qcGciIGJvcmRlcj0iMCIgYWx0PSLnlLvlg48iPjwvYT48L3A+PGJyPjxicj4KCjxwIHN0eWxlPSJib3JkZXItbGVmdDogNXB4IHNvbGlkICM0ZTQ1M2E7IGJvcmRlci1ib3R0b206IDFweCBzb2xpZCAjNGU0NTNhOyBmb250LXNpemU6IDI0cHg7IHBhZGRpbmctbGVmdDogNXB4OyI+44OV44Ot44Ki44K/44Kk44Or5LiA6KanPC9wPgoKPHA+PGEgaHJlZj0iaHR0cHM6Ly9pdGVtLnJha3V0ZW4uY28uanAvaGFycnkvYy8wMDAwMDAwMjUyLyIgdGFyZ2V0PSJfYmxhbmsiPjxpbWcgc3JjPSJodHRwczovL2ltYWdlLnJha3V0ZW4uY28uanAvaGFycnkvY2FiaW5ldC8wMzUyNTg4Mi9mdC10by10b3AuanBnIiBib3JkZXI9IjAiIGFsdD0i55S75YOPIj48L2E+PC9wPjxicj48YnI+Cgo8L2Rpdj48ZGl2IHN0eWxlPSJ3aWR0aDo0NDBweDsgYm9yZGVyOjBweDsgdGV4dC1hbGlnbjpjZW50ZXI7Ij4KCjxpbWcgc3JjPSJodHRwczovL2ltYWdlLnJha3V0ZW4uY28uanAvaGFycnkvY2FiaW5ldC9zbWFydF9waG9uZS9mdGR1Z3UuanBnIiB3aWR0aD0iNDQwIiBib3JkZXI9IjAiIHN0eWxlPSJtYXJnaW4tYm90dG9tOjVweDsiPgoKCjxpbWcgc3JjPSJodHRwczovL2ltYWdlLnJha3V0ZW4uY28uanAvaGFycnkvY2FiaW5ldC9zbWFydF9waG9uZS9mdHplbmdhcmEuanBnIiB3aWR0aD0iNDQwIiBib3JkZXI9IjAiIHN0eWxlPSJtYXJnaW4tYm90dG9tOjVweDsiPgoKCjxpbWcgc3JjPSJodHRwczovL2ltYWdlLnJha3V0ZW4uY28uanAvaGFycnkvY2FiaW5ldC9zbWFydF9waG9uZS9kZWNvdGFpcnUuanBnIiB3aWR0aD0iNDQwIiBib3JkZXI9IjAiIHN0eWxlPSJtYXJnaW4tYm90dG9tOjVweDsiPgoKPC9kaXY+PHA+PGltZyBzcmM9Imh0dHBzOi8vaW1hZ2UucmFrdXRlbi5jby5qcC9oYXJyeS9jYWJpbmV0L3NvdXJ5b3UtNDQwbi5qcGciIGJvcmRlcj0iMCI+PC9wPjxpbWcgc3JjPSJodHRwczovL2ltYWdlLnJha3V0ZW4uY28uanAvaGFycnkvY2FiaW5ldC9ndWlkZS9ucF80NDAuanBnIiBib3JkZXI9IjAiIHN0eWxlPSJtYXJnaW46MTBweCAwcHg7Ij48cCBzdHlsZT0iY29sb3I6ICNmZmY7IGJhY2tncm91bmQtY29sb3I6ICNmNjk7IGZvbnQtc2l6ZTogMjRweDsgcGFkZGluZzogMTBweDsgd2lkdGg6IDM4MHB4OyI+4oC744GT44Gh44KJ44Gu5ZWG5ZOB44GvMeaemuWNmOS9jeOBi+OCieOBlOizvOWFpeOBp+OBjeOBvuOBmeOAgjwvcD4KPHRhYmxlIHdpZHRoPSI0NDAiIGJvcmRlcj0iMCIgY2VsbHNwYWNpbmc9IjEiIGNlbGxwYWRkaW5nPSIzIiBiZ2NvbG9yPSIjNjY2NjY2IiBzdHlsZT0iZm9udC1mYW1pbHk6J+ODkuODqeOCruODjuinkuOCtCBQcm8gVzMnLCAnSGlyYWdpbm8gS2FrdSBHb3RoaWMgUHJvJywgJ+ODoeOCpOODquOCqicsIE1laXJ5bywgT3Nha2EsICfvvK3vvLMg77yw44K044K344OD44KvJywgJ01TIFBHb3RoaWMnLCBzYW5zLXNlcmlmOyBmb250LXNpemU6MTJweDsiPiA8dHI+ICAgIDx0ZCBiZ2NvbG9yPSIjQ0NDQ0NDIiBhbGlnbj0iY2VudGVyIj7llYblk4HlkI08L3RkPiAgICA8dGQgYmdjb2xvcj0iI0ZGRkZGRiI+44K344Oz44Kz44O844OrKHNpbmNvbCkgRkxPT1IgVElMRTxicj7jg5rjg6vjg6rjg7zjg47jg63jgrbjg7zjg4gg44OH44Kj44OO44K544Kw44Oq44O844OzPC90ZD4gIDwvdHI+IDx0ZCBiZ2NvbG9yPSIjQ0NDQ0NDIiBhbGlnbj0iY2VudGVyIj7llYblk4HoqqzmmI48L3RkPiAgICA8dGQgYmdjb2xvcj0iI0ZGRkZGRiI+5bqX6IiX44GL44KJ5L2P5a6F44G+44Gn44CB5aSa5b2p44Gq44OL44O844K644Gr5b+c44GI44KL6KSH5bGk44OT44OL44Or5bqK44K/44Kk44Or44CM44Oe44OD44OI44ON44Op44CN6LK844KK5pu/44GI44GM57Ch5Y2Y44Gr5Ye65p2l44GmCuizg+iyuOS9j+WuheOBruePvueKtuWbnuW+qeetieOBq+S+v+WIqeOBp+OBmeOAgjxicj48YnI+CuODleODreOCouOCv+OCpOODq+WwgumWgOW6l+OBp+W/heimgeOBquWVhuWTgeaPg+OBiOOCpOODs+ODhuODquOCouOCt+ODp+ODg+ODl+ODj+ODquODvOOBp+OBr+OAgeOCteODs+OCsuODhOODu+adseODquODu+OCt+ODs+OCs+ODvOODq+ODu+ODquODquOCq+ODqeS7luOCkuOBlOeUqOaEj+OBl+OBpuOBiuOCiuOBvuOBme+8gSA8YnI+44OV44Ot44Ki44K/44Kk44Or44Gu5p+E44KC6LGK5a+M77yB5Lq65rCX44Gu44OV44Ot44O844Oq44Oz44Kw6Kq/44Gu44Oq44Ki44Or44GqIOacqOebrijjgqbjg4Pjg4kp5p+E44GvIOeEoeWeouadkOmiqOOChCDjgYrjgZfjgoPjgozjgaog44O044Kj44Oz44OG44O844K4IOOCueOCr+ODqeODg+ODl+OCpuODg+ODiemiqOOAgeODquOCouODq+OBq+ihqOePvuWkp+eQhuefsyjjgrnjg4jjg7zjg7Mp44CBcOOCv+OCpOODq+OBruanmOOBqiDjg5fjg6zjg7zjg7Pmn4Qg44OG44Op44Kz44OD44K/5p+EIOetieOCr+ODg+OCt+ODp+ODs+ODleODreOCouOCiOOCiuOCguiAkOS5heaAp+OBq+WEquOCjOOBpuOBhOOCi+OBruOBp+W6l+iIl+eUqOOBp+OCguOBiuOBmeOBmeOCgeOBp+OBme+8geaOsui8ieOBleOCjOOBpuOBhOOBquOBhOODleODreOCouOCv+OCpOODq+OCguOBlOmBoOaFruOBquOBj+OBiuWVj+OBhOWQiOOCj+OBm+S4i+OBleOBhOOAguaOpeedgOWJpOS4jeimgeOBriDosrzjgovjgaDjgZEg572u44GP44Gg44GR44K/44Kk44OX44Gu44OP44Oq44O844Kk44O844K444O844OH44Kz44K/44Kk44Or44KC44GU5qSc6KiO44GP44Gg44GV44GE44CCPGJyPjxicj4KPHNwYW4gc3R5bGU9ImNvbG9yOiNmZjAwMDA7IGZvbnQtc2l6ZToxMnB4Ij7igLvjgYrkvb/jgYTjga7jg5Hjgr3jgrPjg7PnkrDlooPjgavjgojjgaPjgabjga/jgIEgPGJyPuOAgOWVhuWTgeOBruiJsuOBjOimi+acrOOBqOWkmuWwkeeVsOOBquOCi+WgtOWQiOOBjOOBguOCiuOBvuOBmeOAgiA8YnI+PC9zcGFuPjxicj5zdG9uZSDjg5njg7zjgrjjg6Ug44OW44Op44OD44KvIOOCsOODquODvOODsyDjg5Tjg7Pjgq8g6LK844KL44Gg44GRIOOCv+OCpOODqyDjg5Xjg63jgqLjg7wg44K344O844OIIOODkeODjeODqyDlgrcg5rGa44KMIOmYsuatoiDjg5Xjg63jg7zjg6rjg7PjgrAg44Kr44O844Oa44OD44OIIOijnOS/riDkv67nkIYg5L+d6K23IOW8t+WMliDmlr3lt6Ug44Kq44OV44Kj44K5IOODquODk+ODs+OCsCDjg57jg7Pjgrfjg6fjg7Mg6LOD6LK4IOOCteODreODsyDjg6Ljg6vjgr/jg6sgIOOCs+ODs+ODkeODjSDkuozph43lupU8L3RkPiAgPC90cj4gPHRkIGJnY29sb3I9IiNDQ0NDQ0MiIGFsaWduPSJjZW50ZXIiPuaOsui8ieWTgeeVqjwvdGQ+ICAgIDx0ZCBiZ2NvbG9yPSIjRkZGRkZGIj5NUy05Nzk3Ck1TLTk3OTgKTVMtOTc5OQpNUy05ODAwPC90ZD4gIDwvdHI+IDx0ZCBiZ2NvbG9yPSIjQ0NDQ0NDIiBhbGlnbj0iY2VudGVyIj7oibI8L3RkPiAgICA8dGQgYmdjb2xvcj0iI0ZGRkZGRiI+44Oe44O844OW44OrIOWkp+eQhuefszwvdGQ+PC90cj4gPHRyPiAgICA8dGQgYmdjb2xvcj0iI0NDQ0NDQyIgYWxpZ249ImNlbnRlciI+44K144Kk44K6PC90ZD4gICAgPHRkIGJnY29sb3I9IiNGRkZGRkYiPuOCteOCpOOCuu+8mjQ1Ny4ybW14NDU3LjJtbTxicj7ljprjgb/vvJoyLjVtbTxicj7jg4jjg4Pjg5flsaTvvJrjgq/jg6rjgqLjg7wwLjNtPC90ZD4gIDwvdHI+IDx0cj4gICAgPHRkIGJnY29sb3I9IiNDQ0NDQ0MiIGFsaWduPSJjZW50ZXIiPuapn+iDvTwvdGQ+ICAgIDx0ZCBiZ2NvbG9yPSIjRkZGRkZGIj48cD7pnaLlj5bnhKHjgZcgPC90cj4gIDx0cj4gICAgPHRkIGJnY29sb3I9IiNDQ0NDQ0MiIHdpZHRoPSIxMDAiIGFsaWduPSJjZW50ZXIiPumAgSDmlpk8L3RkPiAgICA8dGQgYmdjb2xvcj0iI0ZGRkZGRiI+44CQ6YCBIOaWmeOAkeilv+a/g+mBi+i8uCDku5bvvJo3MDDlhobvvIjnqI7liKXvvIk8YnI+4oC75YyX5rW36YGT44O75rKW57iE44G744GL5LiA6YOo44Gu5Zyw5Z+f44Gv6Zmk44GN44G+44GZ44CCPGJyPjxiPumAgeaWmeOBruips+e0sOOBq+OBpOOBhOOBpuOBr+OBk+OBoeOCieOBuO+8nu+8njwvYj48L3RkPiAgIDwvdHI+ICA8dHI+ICAgIDx0ZCBiZ2NvbG9yPSIjQ0NDQ0NDIiBhbGlnbj0iY2VudGVyIj7ntI0g5pyfPC90ZD4gICAgPHRkIGJnY29sb3I9IiNGRkZGRkYiPuOBlOazqOaWh+eiuuWumuW+jOOAgee0hDPvvZ415Za25qWt5pelPC90ZD4gIDwvdHI+PC90YWJsZT48c3R5bGUgdHlwZT0idGV4dC9jc3MiPgo8IS0tCgpkaXYjSGVhZGVyS2V5d29yZCB7Cglwb3NpdGlvbjphYnNvbHV0ZTsKCXRvcDo1MHB4Oy8q5LiA55Wq5LiK44GL44KJ44Gu5L2N572uKi8KCWxlZnQ6OHB4Oy8q5bem56uv44GL44KJ44Gu5L2N572uKi8KCXdpZHRoOjEyMDBweDsKfQoKZGl2I0hlYWRlcktleXdvcmQgc3BhbiB7CgliYWNrZ3JvdW5kOiAjYmYwMDAwOwoJY29sb3I6I2ZmZjsKCWZvbnQtd2VpZ2h0OmJvbGQ7Cglmb250LXNpemU6MTJweDsKCWZvbnQtZmFtaWx5OiLjg6HjgqTjg6rjgqoiOwoJcGFkZGluZzoycHggNXB4Owp9CgpkaXYjSGVhZGVyS2V5d29yZCBhIHsKCWNvbG9yOiMwMDQ0Q0M7Cglmb250LXNpemU6MTJweDsKCWZvbnQtZmFtaWx5OiLjg6HjgqTjg6rjgqoiOwp9CgotLT4KPC9zdHlsZT4KCjxkaXYgaWQ9IkhlYWRlcktleXdvcmQiPgo8c3Bhbj7ms6jnm67jga7jgq3jg7zjg6/jg7zjg4k8L3NwYW4+CuOCquODvOODgOODvOOCq+ODvOODhuODswogLyAK44OG44Op44Kz44OD44K/5p+E5bqK44K344O844OICiAvIArmtJfjgYjjgovjgr/jgqTjg6vjgqvjg7zjg5rjg4Pjg4gKIC8gCuaZguioiOS7mOOBjeOCpuOCqeODvOODq+OCueODhuODg+OCq+ODvAo8L2Rpdj4=,44OV44Ot44Ki44K/44Kk44OrIOOCt+ODs+OCs+ODvOODqyDjg57jg4Pjg4jjg43jg6kg5bqKIOW6iuadkCDjg5Xjg63jg7zjg6rjg7PjgrAg44OT44OL44OrIFDjgr/jgqTjg6sg44OV44Ot44KiIGRpeSDjg6rjg5Xjgqnjg7zjg6Ag5Zyf6Laz5a++5b+cIOOCpOODs+ODhuODquOCoiDlupfoiJcg5L2P5a6FIOOCueODiOODvOODsyDjg5rjg6vjg6rjg7zjg47jg63jgrbjg7zjg4gg44OH44Kj44OO44K544Kw44Oq44O844OzIOefsyDnn7Pnm67oqr8g5aSn55CG55+zIOOCs+ODs+OCr+ODquODvOODiCDnn7PmnZAg44Oe44O844OW44OrIDAzUO+8muOCpOODs+ODhuODquOCouOCt+ODp+ODg+ODlyDjgJDjg4/jg6rjg7zjgJE=,44Km44Kp44O844Or44K544OG44OD44Kr44O844K/44Kk44Or44Kr44O844Oa44OD44OI44Kv44OD44K344On44Oz44OV44Ot44Ki44Ks44Op44K544OV44Kj44Or44Og44OV44Ot44Ki44K/44Kk44Or44Kr44OD44OG44Kj44Oz44Kw44K344O844OI44K544OG44OD44Kr44O844Km44Kq44O844Or44K544OG44OD44Kr44O844K344O844Or44Kr44O844Oa44OD44OIZGl56Lui5YaZ44Km44Kp44O844Or44K544OG44OD44Kr44O8T0Hjg5Xjg63jgqLlo4HntJnjg6njgrDjgq/jg4Pjgrfjg6fjg7Pjg5Xjg63jgqLjg7zlo4HntJnjgrfjg7zjg6vjg4/jg6rjg7zjgrnjg4bjg4Pjgqvjg7zjg5Xjg63jgqLjg7zjgr/jgqTjg6vjgqTjg7Pjg4bjg6rjgqLjgqbjgqnjg7zjg6vjgrnjg4bjg4Pjgqvjg7zjg5Xjg63jgqLjgr/jgqTjg6sg44K344Oz44Kz44O844OrIOODnuODg+ODiOODjeODqSDluoog5bqK5p2QIOODleODreODvOODquODs+OCsCDjg5Pjg4vjg6sgUOOCv+OCpOODqyDjg5Xjg63jgqIgZGl5IOODquODleOCqeODvOODoCDlnJ/otrPlr77lv5wg44Kk44Oz44OG44Oq44KiIOW6l+iIlyDkvY/lroUg44K544OI44O844OzIOODmuODq+ODquODvOODjuODreOCtuODvOODiCDjg4fjgqPjg47jgrnjgrDjg6rjg7zjg7Mg55+zIOefs+ebruiqvyDlpKfnkIbnn7Mg44Kz44Oz44Kv44Oq44O844OIIOefs+adkCDjg57jg7zjg5bjg6sgMDNQ,c2luY29sIG1hdHRvbmVsbGEg44OV44Ot44Ki44O844K/44Kk44OrIDHmnprljZjkvY0g54i244Gu5pel44CC44OV44Ot44Ki44K/44Kk44OrIOOCt+ODs+OCs+ODvOODqyDjg57jg4Pjg4jjg43jg6kg5bqKIOW6iuadkCDjg5Xjg63jg7zjg6rjg7PjgrAg44OT44OL44OrIFDjgr/jgqTjg6sg44OV44Ot44KiIGRpeSDjg6rjg5Xjgqnjg7zjg6Ag5Zyf6Laz5a++5b+cIOOCpOODs+ODhuODquOCoiDlupfoiJcg5L2P5a6FIOOCueODiOODvOODsyDjg5rjg6vjg6rjg7zjg47jg63jgrbjg7zjg4gg44OH44Kj44OO44K544Kw44Oq44O844OzIOefsyDnn7Pnm67oqr8g5aSn55CG55+zIOOCs+ODs+OCr+ODquODvOODiCDnn7PmnZAg44Oe44O844OW44OrIDAzUA==[rn]
31-2627,aHR0cDovL3RzaG9wLnIxMHMuanAvaGFycnkvY2FiaW5ldC9mbG9vcl90aWxlL2Zsb29ydGlsZXNwaWMxLmpwZz9maXRpbj03MDA6NzAw,NTk3Ni4wMDAw,,6Iqx44O744Ks44O844OH44Oz44O7RElZID4g5L2P5a6F5bu65p2Q44O76Kit5YKZID4g5bqK5p2QID4g44Gd44Gu5LuW,44CQ6YCB5paZ54Sh5paZ44CR44OV44Ot44Ki44K/44Kk44OrIOOCrOODrOODvOOCuCDnva7jgY/jgaDjgZHoo5zkv64gUOOCv+OCpOODqyDjg5Xjg63jgqLjg57jg4Pjg4gg44K/44Kk44OrIOODleODreODvOODquODs+OCsCAg44Kr44O844Oa44OD44OIIOOCs+ODs+OCr+ODquODvOODiCDlgrfpmLLmraIg5bqK5p2QIOW6iiDmlbfniakg5bqX6IiXIOODnuODg+ODiCDjg4Djg7zjgq/jg6njgqTjg4gg44Kr44Op44O8IOODouODq+OCv+ODqyDjgqrjg5XjgqPjgrkg44Oq44OT44Oz44Kw57SEMuW5s+exs+WIhiDmiZPjgaHjgaPmlL7jgZcg5omT44Gh44Gj44Gx44Gq44GXIOWcn+i2syDlupfoiJcgZGl5IOODquODleOCqeODvOODoCB4eHg=,44OP44Oq44O8IOOCquODquOCuOODiuODqyDjgqvjg6njg7wgNDUmdGltZXM7NDVjbSAxMOaemuODkeODg+OCryDniLbjga7ml6U=,PHRhYmxlIGJvcmRlcj0iMCI+PHRyPjx0ZD4KPGltZyBzcmM9Imh0dHBzOi8vaW1hZ2UucmFrdXRlbi5jby5qcC9oYXJyeS9jYWJpbmV0L2Zsb29yX3RpbGUvb3JpZ2luYWxmbG9vcnRpbGJhbmEuanBnIiBib3JkZXI9IjAiIHdpZHRoPSI3MDAiPgoKPC90ZD4KPC90cj4KPHRyPjx0ZCBhbGlnbj0iY2VudGVyIiB2YWxpZ249InRvcCI+Cjxmb250IGNvbG9yPSIjMzMzMzMzIiBzaXplPSIzIj48Yj7mnKzmoLzjg6Ljg6vjgr/jg6vku5XkuIrjgZLpoqjjg57jg4Pjg4jmhJ/jgpLmsJfou73jgatESVk8L2I+Cjxicj4KPC9mb250Pgo8L3RkPjwvdHI+CjwvdGFibGU+Cjxicj4KPGJyPgo8dGFibGUgd2lkdGg9IjcwMCIgYm9yZGVyPSIwIiBjZWxscGFkZGluZz0iMCIgY2VsbHNwYWNpbmc9IjQiPgoKPHRyPgo8dGQgY29sc3Bhbj0iMiI+CjxkaXYgYWxpZ249ImxlZnQiPgo8Zm9udCBjb2xvcj0iIzMzMzMzMyIgc2l6ZT0iNCI+CjxCPuODouODgOODs+epuumWk+OCkuawl+i7veOBq+aJi+OBq+WFpeOCjOOCi+OBn+OCgeOBqzwvYj4KPC9mb250PjwvZGl2Pgo8L3RkPjwvdHI+Cjx0cj48dGQgYWxpZ249ImxlZnQiIHdpZHRoPSIyMDAiPgo8aW1nIHNyYz0iaHR0cHM6Ly9pbWFnZS5yYWt1dGVuLmNvLmpwL2hhcnJ5L2NhYmluZXQvZmxvb3JfdGlsZS9tYWluYi5qcGciIGJvcmRlcj0iMCIgd2lkdGg9IjM1MCI+PC90ZD4KPHRkIGFsaWduPSJsZWZ0IiB3aWR0aD0iMjAwIj4KPGltZyBzcmM9Imh0dHBzOi8vaW1hZ2UucmFrdXRlbi5jby5qcC9oYXJyeS9jYWJpbmV0L2Zsb29yX3RpbGUvbWFpbmEuanBnIiBib3JkZXI9IjAiIHdpZHRoPSIzNTAiPjwvdGQ+CjwvdHI+Cjx0cj4KPHRkIGFsaWduPSJsZWZ0IiB2YWxpZ249InRvcCIgY29sc3Bhbj0iMiI+PGZvbnQgc2l6ZT0iMiIgY29sb3I9IiMzMzMzMzMiPjxiPuOBneOCjOOBr+izquaEn+OBuOOBruOBk+OBoOOCj+OCijwvYj48L2ZvbnQ+Cjxicj48YnI+Cjxmb250IGNvbG9yPSIjNjY2NjY2IiBzaXplPSIyIj4K44Kz44Oz44Kv44Oq44O844OI5omT44Gh44Gj5pS+44GX44Gu5pa95bel44Gr6KaL44KJ44KM44KL44KI44GG44Gq44Kv44O844Or44Gq44Oi44OA44Oz56m66ZaT44KS44CB5rCX6Lu944Gr5qW944GX44G/44Gf44GE44CCCjxicj48YnI+CuOBneOBruOBn+OCgeOBq+ODj+ODquODvOOBr+OAgeODouODq+OCv+ODq+S7leS4iuOBkuOBruODnuODg+ODiOaEn+OCkuODquOCouODq+OBq+WGjeePvuOBl+OBn+ODk+ODi+ODq+W6iuadkOOCkuOBlOeUqOaEj+OBl+OBvuOBl+OBn+OAggrnjoTplqLjgoTlu4rkuIvjga7mlr3lt6Xjgarjganjgafkvb/jgYTjgY3jgozjgovkvr/liKnjgaoxMOaemuOCu+ODg+ODiCjntIQy5bmz57GzKeOBq+OBquOBo+OBpuOBhOOBvuOBmeOAggo8YnI+PGJyPgrigLvooajpnaLjga/mnKzmoLznmoTjgavjg6Ljg6vjgr/jg6vpoqjjga7os6rmhJ/jgpLnlJ/jgb/lh7rjgZnjgZ/jgoHjgIHmlaLjgYjjgabntLDjgYvjgYTlgrfjgYzku5jjgY3jgoTjgZnjgY/lh7rmnaXjgabjgYTjgb7jgZnjgIIK5LiA6Iis55qE44Gq5a6J5L6h44Gq44OT44OL44Or44K/44Kk44Or44KI44KK44KC6ZW35a+/5ZG944Gu6KO95ZOB44Gn44GZ44Gu44Gn44GU5a6J5b+D44GP44Gg44GV44GE44CCCjwvZm9udD48QnI+PGJyPgo8L3RkPjwvdHI+Cjx0cj48dGQgY29sc3Bhbj0iMyI+CiAgPGRpdiBzdHlsZT0ibWFyZ2luLWxlZnQ6MHB4Ij48Zm9udCBjb2xvcj0iIzMzMzMzMyIgc2l6ZT0iMyI+CiAgICA8Yj7nsKHljZjjgavjgqvjg4Pjg4jjgafjgY3jgovmlr3lt6XmgKfjgII8L2I+PC9mb250PgogIDwvZGl2PjwvdGQ+CjwvdHI+Cgo8dHI+Cjx0ZD4KPGltZyBzcmM9Imh0dHBzOi8vaW1hZ2UucmFrdXRlbi5jby5qcC9oYXJyeS9jYWJpbmV0L2Zsb29yX3RpbGUvZmxvb3J0aWxlczE1LmpwZyIgYm9yZGVyPSIwIiB3aWR0aD0iMzUwIj4KPC90ZD4KPHRkPgo8aW1nIHNyYz0iaHR0cHM6Ly9pbWFnZS5yYWt1dGVuLmNvLmpwL2hhcnJ5L2NhYmluZXQvZmxvb3JfdGlsZS9mbG9vcnRpbGVzMTQuanBnIiBib3JkZXI9IjAiIHdpZHRoPSIzNTAiPgo8L3RkPgo8L3RyPgo8dHI+Cjx0ZCB2YWxpZ249InRvcCIgY29sc3Bhbj0iMiI+CiAgPGRpdiBhbGlnbj0ibGVmdCI+PGZvbnQgY29sb3I9IiM2NjY2NjYiIHNpemU9IjIiPgrjgqvjg4Pjgr/jg7zjgafjgZXjgaPjgajliIfjgoznm67jgpLou73jgY8y772eM+Wbnue5sOOCiui/lOOBl+OBpuaJi+OBp+OBneOBo+OBqOWIh+OCiuWJsuOCi+OBoOOBkeOBp+OAgQrnsKHljZjjgavlpb3jgY3jgarlpKfjgY3jgZXjgavliqDlt6XjgafjgY3jgb7jgZnjgIIK44Gg44GL44KJ5aWz5oCn44Gu5pa544Gn44KC6YOo5bGL44Gu6ZqF44CF44G+44Gn5pW344GN6Kmw44KB44KL44GT44Go44GM5Y+v6IO944Gn44GZ44CCCijigLvmm7LjgYzjgovntKDmnZDjgafjga/jgarjgYTjga7jgaflibLjgozjgarjgYTjgojjgYbjgavmhY7ph43jgavkvZzmpa3jgZfjgb7jgZfjgofjgYbvvIEpCjwvZm9udD4KPC9kaXY+CjwvdGQ+PC90cj4KPC90YWJsZT4KCjxicj4KPGJyPgoKPHRhYmxlPgo8dHI+PHRkIGNvbHNwYW49IjMiPgogIDxkaXYgc3R5bGU9Im1hcmdpbi1sZWZ0OjBweCI+PGZvbnQgY29sb3I9IiMzMzMzMzMiIHNpemU9IjMiPgo8Yj4y6Imy44Gu44Kr44Op44O844OQ44Oq44Ko44O844K344On44OzPC9iPjwvZm9udD48L2Rpdj48L3RkPjwvdHI+Cjx0cj48dGQ+CjxpbWcgc3JjPSJodHRwczovL2ltYWdlLnJha3V0ZW4uY28uanAvaGFycnkvY2FiaW5ldC9mbG9vcl90aWxlL2Zsb29ydGlsZXMxNy5qcGciIGJvcmRlcj0iMCIgd2lkdGg9IjM1MCI+PEJyPgo8Zm9udCBjb2xvcj0iIzY2NjY2NiIgc2l6ZT0iMiI+PGRpdiBzdHlsZT0ibWFyZ2luLWxlZnQ6MzVweCI+44Oe44OD44OI44OA44O844Kv44Kr44Op44O8KOS4iinjgajjg57jg4Pjg4jjg6njgqTjg4jjgqvjg6njg7wo5LiLKTwvZGl2PjwvZm9udD4KPC90ZD4KPHRkIGNvbHNwYW49IjIiIGFsaWduPSJsZWZ0IiB2YWxpZ249InRvcCI+Cjxmb250IGNvbG9yPSIjMzMzMzMzIiBzaXplPSIyIj48Yj7jgqLjg7zjg5Djg7Pjg4rjg4Hjg6Xjg6njg6vjgarnqbrplpPjgpLmvJTlh7rjgZnjgosy44OQ44Oq44Ko44O844K344On44OzPC9iPjwvZm9udD4KPHVsPgo8bGk+PGZvbnQgY29sb3I9IiMzMzMzMzMiIHNpemU9IjIiPjxiPuODnuODg+ODiOODgOODvOOCr+OCq+ODqeODvDwvYj48L2ZvbnQ+PGJyPjxmb250IGNvbG9yPSIjNjY2NjY2IiBzaXplPSIyIj7pu5LjgpLln7roqr/jgajjgZfjgZ/jgIHlpKfkurrjga7nqbrplpPjgaXjgY/jgorjgavjgIIK5LiA5pa544Gn44CBPEJyPueZveOCkuOBkOOBo+OBqOW8leOBjeeri+OBpuOCi+OBk+OBqOOBq+OCgua0u+i6jeOBl+OBneOBhuOAgjwvZm9udD48L2xpPgo8bGk+PGZvbnQgY29sb3I9IiMzMzMzMzMiIHNpemU9IjIiPjxiPuODnuODg+ODiOODqeOCpOODiOOCq+ODqeODvDwvYj48L2ZvbnQ+PEJyPjxmb250IGNvbG9yPSIjNjY2NjY2IiBzaXplPSIyIj7nhKHmqZ/os6rjgaros6rmhJ/jgYzjgIHjgYvjgYjjgaPjgabmnKjnm67jga7lrrblhbfjgoTjgIE8QnI+CuODiuODgeODpeODqeODq+OBquODhuOCreOCueOCv+OCpOODq+OBqOOCguiqv+WSjOOBl+OBvuOBmeOAgjwvZm9udD48L2xpPgo8L3VsPgo8L3RyPgo8L3RhYmxlPgo8QnI+Cjxicj4KCjx0YWJsZSBib3JkZXI9IjAiIHdpZHRoPSI3MDAiPgo8dHI+PHRkIGNvbHNwYW49IjIiIGFsaWduPSJsZWZ0Ij48Zm9udCBjb2xvcj0iIzMzMzMzMyIgc2l6ZT0iMyI+PGI+5bqK5p2Q55So5Lih6Z2i44OG44O844OX44Gn57Ch5Y2Y5pa95bel44GM44GK44GZ44GZ44KB44Gn44GZPC9iPjwvZm9udD48L3RkPjwvdHI+Cjx0cj48dGQ+CjxpbWcgc3JjPSJodHRwczovL2ltYWdlLnJha3V0ZW4uY28uanAvaGFycnkvY2FiaW5ldC9mbG9vcl90aWxlL2Zsb29ydGlsZXMxNi5qcGciIGJvcmRlcj0iMCIgd2lkdGg9IjM1MCI+PEJyPgo8Zm9udCBjb2xvcj0iIzY2NjY2NiIgc2l6ZT0iMiI+PGRpdiBzdHlsZT0ibWFyZ2luLWxlZnQ6MzVweCI+4oC757Ch5piT55qE44GrRElZ44KS5qW944GX44KT44Gn6aCC44GP44Gf44KB44Gu5pa55rOV44Gn44GZ44CCPC9kaXY+PC9mb250Pgo8L3RkPjx0ZCBhbGlnbj0ibGVmdCIgdmFsaWduPSJ0b3AiPjxmb250IGNvbG9yPSIjMzMzMzMzIiBzaXplPSIyIj48Yj7nsKHmmJPnmoTjgarmlr3lt6XjgafjgZTlrrbluq3jgafjgoLmnKzmoLznmoTjgas8L2I+PC9mb250Pgo8Zm9udCBjb2xvcj0iIzY2NjY2NiIgc2l6ZT0iMiI+CjxvbD4KPGxpPuODleODreOCouOCv+OCpOODq+OBruijj+mdouOBq+mBqeW6puOBqumVt+OBleOBq+S4oemdouODhuODvOODl+OCkuiyvOOCiuOBvuOBmeOAgjwvbGk+CjxsaT7liaXpm6LntJnjgpLjga/jgYzjgZfjgb7jgZnjgII8L2xpPgo8bGk+5pa95bel5aC05omA44Gr44K744OD44OG44Kj44Oz44Kw44GX44Gm44GE44GN44G+44GZ44CCPC9saT4KPC9vbD4KPC9mb250Pgo8QnI+Cjxicj4KPGRpdiBzdHlsZT0ibWFyZ2luLWxlZnQ6MzVweCI+PGZvbnQgY29sb3I9IiM2NjY2NjYiIHNpemU9IjIiPgrjgZ/jgaPjgZ/jgZPjgozjgaDjgZHjgIHjgYLjgaPjgajjgYTjgYbplpPjgavlrozmiJDjgII8YnI+CjxCcj4K4oC744GX44Gj44GL44KK6LK844KL5aC05ZCI44Gv44CB44GK5a6i5qeY44Gu44GU5Yik5pat44Gn5aSa44KB44Gr44GX44Gj44GL44KK44GK6LK844KK6aCC44GP44Gu44KC6Imv44GE44GL44KC44GX44KM44G+44Gb44KT44CCPEJyPgoo5bqK5p2Q55So5Lih6Z2i44OG44O844OX44Gv44K744OD44OI44Gr5ZCr44G+44KM44Gm44GK44KK44G+44Gb44KT44CCKQo8L2ZvbnQ+PC9kaXY+PC90ZD48L3RyPjwvdGFibGU+Cjx0YWJsZSB3aWR0aD0iNDQwIiBib3JkZXI9IjAiIGNlbGxzcGFjaW5nPSIxIiBjZWxscGFkZGluZz0iNSIgc3R5bGU9ImZvbnQtc2l6ZToxM3B4OyBjb2xvcjojNjY2NjY2IiBiZ2NvbG9yPSIjOTk5OTk5Ij4KPHRib2R5Pgo8dHIgc3R5bGU9ImxpbmUtaGVpZ2h0OjIwcHg7Ij4KPHRkIHdpZHRoPSI5MCIgYWxpZ249ImNlbnRlciIgdmFsaWduPSJtaWRkbGUiIGJnY29sb3I9IiNkY2RjZGMiPjxmb250IGNvbG9yPSIjMDAwMDAwIj7llYblk4HlkI08L2ZvbnQ+PC90ZD4KPHRkIGJnY29sb3I9IiNGRkZGRkYiPgrjg4/jg6rjg7zjgqrjg6rjgrjjg4rjg6sg44OV44Ot44Ki44K/44Kk44OrPC90ZD4KPC90cj4KCjx0ciBzdHlsZT0ibGluZS1oZWlnaHQ6MjBweDsiPgo8dGQgd2lkdGg9IjkwIiBhbGlnbj0iY2VudGVyIiB2YWxpZ249Im1pZGRsZSIgYmdjb2xvcj0iI2RjZGNkYyI+PGZvbnQgY29sb3I9IiMwMDAwMDAiPuOCq+ODqeODvDwvZm9udD48L3RkPgo8dGQgYmdjb2xvcj0iI0ZGRkZGRiI+CiDjg57jg4Pjg4gg44OA44O844Kv44Kr44Op44O8PGJyPgrjg57jg4Pjg4gg44Op44Kk44OI44Kr44Op44O8IAo8L3RkPgo8L3RyPgoKPHRyIHN0eWxlPSJsaW5lLWhlaWdodDoyMHB4OyI+Cjx0ZCB3aWR0aD0iOTAiIGFsaWduPSJjZW50ZXIiIHZhbGlnbj0ibWlkZGxlIiBiZ2NvbG9yPSIjZGNkY2RjIj48Zm9udCBjb2xvcj0iIzAwMDAwMCI+44K144Kk44K6PC9mb250PjwvdGQ+Cjx0ZCBiZ2NvbG9yPSIjRkZGRkZGIj40NS43MuOCu+ODs+ODgcOXNDUuNzLjgrvjg7Pjg4Eg5Y6a44GVOjNtbTwvdGQ+CjwvdHI+Cgo8dHIgc3R5bGU9ImxpbmUtaGVpZ2h0OjIwcHg7Ij4KPHRkIGFsaWduPSJjZW50ZXIiIGJnY29sb3I9IiNkY2RjZGMiIHZhbGlnbj0ibWlkZGxlIiB3aWR0aD0iOTAiPjxmb250IGNvbG9yPSIjMDAwMDAwIj7mnprjgIDmlbA8L2ZvbnQ+PC90ZD4KPHRkIGJnY29sb3I9IiNGRkZGRkYiPuOCu+ODg+ODiOaVsOmHjyAxMOaemjxicj4KPC90ZD4KPC90cj4KCjx0ciBzdHlsZT0ibGluZS1oZWlnaHQ6MjBweDsiPgo8dGQgd2lkdGg9IjkwIiBhbGlnbj0iY2VudGVyIiB2YWxpZ249Im1pZGRsZSIgYmdjb2xvcj0iI2RjZGNkYyI+PGZvbnQgY29sb3I9IiMwMDAwMDAiPue0oOOAgOadkDwvZm9udD48L3RkPgo8dGQgYmdjb2xvcj0iI0ZGRkZGRiI+Cuikh+WxpOODk+ODi+ODqyAoIOODm+ODouOCuOODi+OCouOCuSDloanljJbjg5Pjg4vjg7zjg6spPC90ZD4KPC90cj4KCjx0ciBzdHlsZT0ibGluZS1oZWlnaHQ6MjBweDsiPgo8dGQgYWxpZ249ImNlbnRlciIgYmdjb2xvcj0iI2RjZGNkYyIgdmFsaWduPSJtaWRkbGUiIHdpZHRoPSI5MCI+PGZvbnQgY29sb3I9IiMwMDAwMDAiPuWVhuWTgeiqrOaYjuaWhzwvZm9udD48L3RkPgo8dGQgYmdjb2xvcj0iI0ZGRkZGRiI+CiDjg57jg4Pjg4jjgaros6rmhJ/jga7jg6Ljg6vjgr/jg6vku5XkuIrjgZLjgrPjg7Pjgq/jg6rjg7zjg4joqr/jga4g5pys5qC844GK44GX44KD44KM5bqK44K/44Kk44Or44KS44CB5L6/5Yip44Gq5bCR6YeP44K744OD44OI44Gn44GU55So5oSP44GX44G+44GX44Gf44CCPGJyPiAgCiDjgZTlrrbluq3jgafjgZTliKnnlKjjgYTjgZ/jgaDjgY/jga7jgavkvb/jgYTjgY3jgozjgovlsJHph4/jg5Hjg4Pjgq/jgafntYzmuIjnmoTjgafjgZnjgIIKPGJyPgrjgqvjg4Pjg4jjgoLjgqvjg4Pjgr/jg7zjgaflj6/og73jgafjgZnjgILlnJ/otrPjg7vph43mranooYzjgavogJDjgYjjgovlvLfluqbjgIIgIOW6iuadkOeUqOS4oemdouODhuODvOODl+OCkuS9v+eUqOOBl+OBn+ewoeaYk+eahOOBquaWveW3peOBp+OAgeOBvuOCi+OBp+ODluODq+ODg+OCr+ODquODs+OBruODreODleODiOOBruOCiOOBhuOBqueUt+WJjeOBquODleODreOCouODvOOBjOaJi+OBq+WFpeOCiuOBvuOBmeOAgiAg4oC76KGo6Z2i44Gv5pys5qC855qE44Gr44Oi44Or44K/44Or6aKo44Gu6LOq5oSf44KS55Sf44G/5Ye644GZ44Gf44KB44CB5pWi44GI44Gm57Sw44GL44GE5YK344GM5LuY44GN44KE44GZ44GP5Ye65p2l44Gm44GE44G+44GZ44CCICDlronkvqHjgarjg5Pjg4vjg6vjgr/jgqTjg6vjgojjgorjgoLplbflr7/lkb3jga7oo73lk4HjgafjgZnjga7jgafjgZTlronlv4PjgY/jgaDjgZXjgYTjgIIgIDxicj4KIOKAu+OBiuS9v+OBhOOBruODkeOCveOCs+ODs+eSsOWig+OBq+OCiOOBo+OBpuOBr+OAgeWVhuWTgeOBruiJsuOBjOimi+acrOOBqOWkmuWwkeeVsOOBquOCi+WgtOWQiOOBjOOBguOCiuOBvuOBmeOAgjxicj4KIDxicj4K44OV44Ot44Ki44K/44Kk44Or5bCC6ZaA5bqX44Gn5b+F6KaB44Gq5ZWG5ZOB5o+D44GI44Kk44Oz44OG44Oq44Ki44K344On44OD44OX44OP44Oq44O844Gn44Gv44CB44K144Oz44Ky44OE44O75p2x44Oq44O744K344Oz44Kz44O844Or44O744Oq44Oq44Kr44Op5LuW44KS44GU55So5oSP44GX44Gm44GK44KK44G+44GZCuODleODreOCouOCv+OCpOODq+OBruafhOOCguixiuWvjO+8gQrkurrmsJfjga7jg5Xjg63jg7zjg6rjg7PjgrDoqr/jga7jg6rjgqLjg6vjgaog5pyo55uuKOOCpuODg+ODiSnmn4Tjga8g54Sh5Z6i5p2Q6aKo44KEIOOBiuOBl+OCg+OCjOOBqiDjg7TjgqPjg7Pjg4bjg7zjgrgg44K544Kv44Op44OD44OX44Km44OD44OJ6aKo44CB44Oq44Ki44Or44Gr6KGo54++IOWkp+eQhuefsygg44K544OI44O844OzKeOAgXDjgr/jgqTjg6vjga7mp5jjgaog44OX44Os44O844Oz5p+EIOODhuODqeOCs+ODg+OCv+afhCDnrYkg44Kv44OD44K344On44Oz44OV44Ot44Ki44KI44KK44KC6ICQ5LmF5oCn44Gr5YSq44KM44Gm44GE44KL44Gu44GnIOW6l+iIl+eUqOOBp+OCguOBiuOBmeOBmeOCgeOBp+OBme+8gQrmjrLovInjgZXjgozjgabjgYTjgarjgYTjg5Xjg63jgqLjgr/jgqTjg6vjgoLjgZTpgaDmha7jgarjgY/jgYrllY/jgYTlkIjjgo/jgZvkuIvjgZXjgYTjgIIK5o6l552A5Ymk5LiN6KaB44GuIOiyvOOCi+OBoOOBkSDnva7jgY/jgaDjgZHjgr/jgqTjg5fjga7jg4/jg6rjg7zjgqTjg7zjgrjjg7zjg4fjgrPjgr/jgqTjg6vjgoLjgZTmpJzoqI7jgY/jgaDjgZXjgYTjgIIKPGJyPgrplqLpgKPjgq3jg7zjg6/jg7zjg4k8YnI+CuODleODreOCouadkCDjg5Xjg63jgqLjg7zjg57jg4Pjg4gg44Oq44OV44Kp44O844Og44Kv44OD44K344On44OzCjwvdGQ+CjwvdHI+Cgo8dHIgc3R5bGU9ImxpbmUtaGVpZ2h0OjIwcHg7Ij4KPHRkIHdpZHRoPSI5MCIgYWxpZ249ImNlbnRlciIgdmFsaWduPSJtaWRkbGUiIGJnY29sb3I9IiNkY2RjZGMiPjxmb250IGNvbG9yPSIjMDAwMDAwIj7phY3jgIDpgIE8L2ZvbnQ+PC90ZD4KPHRkIGJnY29sb3I9IiNGRkZGRkYiPgo8Zm9udCBjb2xvcj0iI0ZGNjYwMCI+PGI+6YCB5paZ54Sh5paZPC9iPjwvZm9udD48YnI+CuKAu+WMl+a1t+mBk+OAgeaylue4hOOAgembouWztuOAgeOBneOBruS7luS4gOmDqOWcsOWfn+OCkumZpOOBj++9njxicj7igLvoqbPntLDjga/jgrPjg4Hjg6njgbjvvJ7vvJ4KPC90ZD4KPC90cj4KCjx0ciBzdHlsZT0ibGluZS1oZWlnaHQ6MjBweDsiPgo8dGQgYWxpZ249ImNlbnRlciIgYmdjb2xvcj0iI2RjZGNkYyIgdmFsaWduPSJtaWRkbGUiIHdpZHRoPSI5MCI+PGZvbnQgY29sb3I9IiMwMDAwMDAiPuWQjOOAgOaisTwvZm9udD48L3RkPgo8dGQgYmdjb2xvcj0iI0ZGRkZGRiI+CuS7luWVhuWTgeOBqOOBruWQjOaiseOBr+OBp+OBjeOBi+OBreOBvuOBmeOAggo8L3RkPgo8L3RyPgoKCjwvdGJvZHk+CjwvdGFibGU+Cjxicj4KPGltZyBzcmM9Imh0dHBzOi8vaW1hZ2UucmFrdXRlbi5jby5qcC9oYXJyeS9jYWJpbmV0L2d1aWRlL25wXzQ0MC5qcGciIGJvcmRlcj0iMCI+Cgo8YnI+Cjxicj4KPGRpdiBzdHlsZT0id2lkdGg6NDQwcHg7Ij4KCjxpbWcgc3JjPSJodHRwczovL2ltYWdlLnJha3V0ZW4uY28uanAvaGFycnkvY2FiaW5ldC9ibnIvcmRlY29wY2pzMDYyMi5qcGciIHdpZHRoPSI0NDAiIGJvcmRlcj0iMCI+Cgo8YnI+CjxpbWcgc3JjPSJodHRwczovL2ltYWdlLnJha3V0ZW4uY28uanAvaGFycnkvY2FiaW5ldC8wMTg5MTY4NC90b2xpLXRhcGUtMTAuanBnIiBib3JkZXI9IjAiIHdpZHRoPSI0NDAiPgo8YnI+CjxpbWcgc3JjPSJodHRwczovL2ltYWdlLnJha3V0ZW4uY28uanAvaGFycnkvY2FiaW5ldC8wMTg5MTY4NC9yeW91bWVuLXBpYzEuanBnIiBib3JkZXI9IjAiIHdpZHRoPSI0NDAiPgo8YnI+CjxpbWcgc3JjPSJodHRwczovL2ltYWdlLnJha3V0ZW4uY28uanAvaGFycnkvY2FiaW5ldC9zbWFydF9waG9uZS9mdGJhbmFycGN0b3AuanBnIiBib3JkZXI9IjAiIHdpZHRoPSI0NDAiPgo8L2Rpdj48c3R5bGUgdHlwZT0idGV4dC9jc3MiPgo8IS0tCgpkaXYjSGVhZGVyS2V5d29yZCB7Cglwb3NpdGlvbjphYnNvbHV0ZTsKCXRvcDo1MHB4Oy8q5LiA55Wq5LiK44GL44KJ44Gu5L2N572uKi8KCWxlZnQ6OHB4Oy8q5bem56uv44GL44KJ44Gu5L2N572uKi8KCXdpZHRoOjEyMDBweDsKfQoKZGl2I0hlYWRlcktleXdvcmQgc3BhbiB7CgliYWNrZ3JvdW5kOiAjYmYwMDAwOwoJY29sb3I6I2ZmZjsKCWZvbnQtd2VpZ2h0OmJvbGQ7Cglmb250LXNpemU6MTJweDsKCWZvbnQtZmFtaWx5OiLjg6HjgqTjg6rjgqoiOwoJcGFkZGluZzoycHggNXB4Owp9CgpkaXYjSGVhZGVyS2V5d29yZCBhIHsKCWNvbG9yOiMwMDQ0Q0M7Cglmb250LXNpemU6MTJweDsKCWZvbnQtZmFtaWx5OiLjg6HjgqTjg6rjgqoiOwp9CgotLT4KPC9zdHlsZT4KCjxkaXYgaWQ9IkhlYWRlcktleXdvcmQiPgo8c3Bhbj7ms6jnm67jga7jgq3jg7zjg6/jg7zjg4k8L3NwYW4+CuOCquODvOODgOODvOOCq+ODvOODhuODswogLyAK44OG44Op44Kz44OD44K/5p+E5bqK44K344O844OICiAvIArmtJfjgYjjgovjgr/jgqTjg6vjgqvjg7zjg5rjg4Pjg4gKIC8gCuaZguioiOS7mOOBjeOCpuOCqeODvOODq+OCueODhuODg+OCq+ODvAo8L2Rpdj4=,44CQ6YCB5paZ54Sh5paZ44CR44OV44Ot44Ki44K/44Kk44OrIOOCrOODrOODvOOCuCDnva7jgY/jgaDjgZHoo5zkv64gUOOCv+OCpOODqyDjg5Xjg63jgqLjg57jg4Pjg4gg44K/44Kk44OrIOODleODreODvOODquODs+OCsCAg44Kr44O844Oa44OD44OIIOOCs+ODs+OCr+ODquODvOODiCDlgrfpmLLmraIg5bqK5p2QIOW6iiDmlbfniakg5bqX6IiXIOODnuODg+ODiCDjg4Djg7zjgq/jg6njgqTjg4gg44Kr44Op44O8IOODouODq+OCv+ODqyDjgqrjg5XjgqPjgrkg44Oq44OT44Oz44Kw57SEMuW5s+exs+WIhiDmiZPjgaHjgaPmlL7jgZcg5omT44Gh44Gj44Gx44Gq44GXIOWcn+i2syDlupfoiJcgZGl5IOODquODleOCqeODvOODoCB4eHjvvJrjgqTjg7Pjg4bjg6rjgqLjgrfjg6fjg4Pjg5cg44CQ44OP44Oq44O844CR,44Km44Kp44O844Or44K544OG44OD44Kr44O844K/44Kk44Or44Kr44O844Oa44OD44OI44Kv44OD44K344On44Oz44OV44Ot44Ki44Ks44Op44K544OV44Kj44Or44Og44OV44Ot44Ki44K/44Kk44Or44Kr44OD44OG44Kj44Oz44Kw44K344O844OI44K544OG44OD44Kr44O844Km44Kq44O844Or44K544OG44OD44Kr44O844K344O844Or44Kr44O844Oa44OD44OIZGl56Lui5YaZ44Km44Kp44O844Or44K544OG44OD44Kr44O8T0Hjg5Xjg63jgqLlo4HntJnjg6njgrDjgq/jg4Pjgrfjg6fjg7Pjg5Xjg63jgqLjg7zlo4HntJnjgrfjg7zjg6vjg4/jg6rjg7zjgrnjg4bjg4Pjgqvjg7zjg5Xjg63jgqLjg7zjgr/jgqTjg6vjgqTjg7Pjg4bjg6rjgqLjgqbjgqnjg7zjg6vjgrnjg4bjg4Pjgqvjg7zjgJDpgIHmlpnnhKHmlpnjgJHjg5Xjg63jgqLjgr/jgqTjg6sg44Ks44Os44O844K4IOe9ruOBj+OBoOOBkeijnOS/riBQ44K/44Kk44OrIOODleODreOCouODnuODg+ODiCDjgr/jgqTjg6sg44OV44Ot44O844Oq44Oz44KwICDjgqvjg7zjg5rjg4Pjg4gg44Kz44Oz44Kv44Oq44O844OIIOWCt+mYsuatoiDluormnZAg5bqKIOaVt+eJqSDlupfoiJcg44Oe44OD44OIIOODgOODvOOCr+ODqeOCpOODiCDjgqvjg6njg7wg44Oi44Or44K/44OrIOOCquODleOCo+OCuSDjg6rjg5Pjg7PjgrDntIQy5bmz57Gz5YiGIOaJk+OBoeOBo+aUvuOBlyDmiZPjgaHjgaPjgbHjgarjgZcg5Zyf6LazIOW6l+iIlyBkaXkg44Oq44OV44Kp44O844OgIHh4eA==,44OP44Oq44O8IOOCquODquOCuOODiuODqyDjgqvjg6njg7wgNDUmdGltZXM7NDVjbSAxMOaemuODkeODg+OCryDniLbjga7ml6XjgILjgJDpgIHmlpnnhKHmlpnjgJHjg5Xjg63jgqLjgr/jgqTjg6sg44Ks44Os44O844K4IOe9ruOBj+OBoOOBkeijnOS/riBQ44K/44Kk44OrIOODleODreOCouODnuODg+ODiCDjgr/jgqTjg6sg44OV44Ot44O844Oq44Oz44KwICDjgqvjg7zjg5rjg4Pjg4gg44Kz44Oz44Kv44Oq44O844OIIOWCt+mYsuatoiDluormnZAg5bqKIOaVt+eJqSDlupfoiJcg44Oe44OD44OIIOODgOODvOOCr+ODqeOCpOODiCDjgqvjg6njg7wg44Oi44Or44K/44OrIOOCquODleOCo+OCuSDjg6rjg5Pjg7PjgrDntIQy5bmz57Gz5YiGIOaJk+OBoeOBo+aUvuOBlyDmiZPjgaHjgaPjgbHjgarjgZcg5Zyf6LazIOW6l+iIlyBkaXkg44Oq44OV44Kp44O844OgIHh4eA==[rn]
31-2628,aHR0cDovL3RzaG9wLnIxMHMuanAvaGFycnkvY2FiaW5ldC9zaW4tZnQvbDI0LTAxLXNpbi1tbjIyLmpwZz9maXRpbj03MDA6NzAw,OTA4MC44MDAw,,6Iqx44O744Ks44O844OH44Oz44O7RElZID4g5L2P5a6F5bu65p2Q44O76Kit5YKZID4g5bqK5p2QID4g44Gd44Gu5LuW,44OV44Ot44Ki44K/44Kk44OrIOOCt+ODs+OCs+ODvOODqyDjg57jg4Pjg4jjg43jg6kg5bqKIOW6iuadkCDjg5Xjg63jg7zjg6rjg7PjgrAg44OT44OL44OrIFDjgr/jgqTjg6sg44OV44Ot44KiIGRpeSDjg6rjg5Xjgqnjg7zjg6Ag5Zyf6Laz5a++5b+cIOOCpOODs+ODhuODquOCoiDlupfoiJcg5L2P5a6FIOOCpuODg+ODiSDjgrXjg7Pjg4jjgrnjg5bjg6zjg7Pjg4kg44Ot44O844K6IOOCvOODluODqeOCpuODg+ODiSDmnKgg5pyo55uu6Kq/IOacqOadkCAwM1M=,c2luY29sIG1hdHRvbmVsbGEg44OV44Ot44Ki44O844K/44Kk44OrIDHjgrHjg7zjgrnvvIg0NuaemuWFpe+8iSDniLbjga7ml6U=,PGRpdiBzdHlsZT0id2lkdGg6IDcwMHB4OyBsaW5lLWhlaWdodDogMS41OyBjb2xvcjogIzJmMmIyNyI+CjxwIHN0eWxlPSJjb2xvcjogI2ZmZjsgYmFja2dyb3VuZC1jb2xvcjogI2Y2OTsgZm9udC1zaXplOiAyNHB4OyBwYWRkaW5nOiAxMHB4OyI+4oC744GT44Gh44KJ44Gu5ZWG5ZOB44Gv44Kx44O844K55Y2Y5L2N44Gn44GU6LO85YWl44Gn44GN44G+44GZ44CCPC9wPgo8cD48aW1nIHNyYz0iaHR0cHM6Ly9pbWFnZS5yYWt1dGVuLmNvLmpwL2hhcnJ5L2NhYmluZXQvc2luLWZ0L2wyNC0wMS1zaW4tbW4yMi5qcGciIGJvcmRlcj0iMCIgd2lkdGg9IjcwMCIgLz48L3A+CjxwPjxpbWcgc3JjPSJodHRwczovL2ltYWdlLnJha3V0ZW4uY28uanAvaGFycnkvY2FiaW5ldC9zaW4tZnQvbDI0LTAxLXNpbi1tbjIyXzEuanBnIiBib3JkZXI9IjAiIHdpZHRoPSI3MDAiIC8+PC9wPgoKPHAgc3R5bGU9ImJvcmRlci1sZWZ0OiA1cHggc29saWQgIzRlNDUzYTsgYm9yZGVyLWJvdHRvbTogMXB4IHNvbGlkICM0ZTQ1M2E7IGZvbnQtc2l6ZTogMjRweDsgcGFkZGluZy1sZWZ0OiA1cHg7Ij7jg5Xjg63jgqLjgr/jgqTjg6vjga7osrzjgormlrk8L3A+Cgo8cCBzdHlsZT0iY29sb3I6IzIyMjIyMjsgZm9udC1zaXplOjMwcHg7IGZvbnQtd2VpZ2h0OmJvbGQ7IG1hcmdpbjowcHg7IHBhZGRpbmctbGVmdDoxMHB4OyBwYWRkaW5nLXRvcDoxMHB4OyBwYWRkaW5nLWJvdHRvbToyMHB4OyBmb250LWZhbWlseTogR2VvcmdpYSwgVGltZXMgTmV3IFJvbWFuLCBUaW1lczsiPmhhcnJ544Gn5aWz5oCn44Gu5pa544Gr5Zyn5YCS55qE5Lq65rCX44Gu56eY5a+G4oCmPC9wPgo8cCBzdHlsZT0iY29sb3I6IzMzMzMzMzsgZm9udC1zaXplOjE2cHg7IG1hcmdpbjowcHg7IHBhZGRpbmctbGVmdDoxMHB4OyI+44Gd44KM44Gv44OV44Ot44Ki44K/44Kk44Or44GM44GK5omL6Lu957Ch5Y2Y44Gg44GL44KJ77yBPC9wPgo8YnI+Cjxicj4KPHRhYmxlIHdpZHRoPSI3MDAiIGJvcmRlcj0iMCIgY2VsbHNwYWNpbmc9IjAiIGNlbGxwYWRkaW5nPSIwIiBzdHlsZT0iZm9udC1zaXplOjE0cHg7IGNvbG9yOiMzMzMzMzMiPgogIDx0cj4KICAgIDx0ZD48aW1nIHNyYz0iaHR0cHM6Ly9pbWFnZS5yYWt1dGVuLmNvLmpwL2hhcnJ5L2NhYmluZXQvZmxvb3JfdGlsZS9mbG9vcl90aWxlX2hvdzAxLmpwZyIgd2lkdGg9IjIyNSIgaGVpZ2h0PSIyMjUiPjwvdGQ+CiAgICA8dGQgd2lkdGg9IjEyIj4mbmJzcDs8L3RkPgogICAgPHRkPjxpbWcgc3JjPSJodHRwczovL2ltYWdlLnJha3V0ZW4uY28uanAvaGFycnkvY2FiaW5ldC9mbG9vcl90aWxlL2Zsb29yX3RpbGVfaG93MDIuanBnIiB3aWR0aD0iMjI1IiBoZWlnaHQ9IjIyNSI+PC90ZD4KICAgIDx0ZCB3aWR0aD0iMTMiPiZuYnNwOzwvdGQ+CiAgICA8dGQ+PGltZyBzcmM9Imh0dHBzOi8vaW1hZ2UucmFrdXRlbi5jby5qcC9oYXJyeS9jYWJpbmV0L2Zsb29yX3RpbGUvZmxvb3JfdGlsZV9ob3cwMy5qcGciIHdpZHRoPSIyMjUiIGhlaWdodD0iMjI1Ij48L3RkPgogIDwvdHI+PHRyPgo8dGQgY29sc3Bhbj0iNSIgaGVpZ2h0PSIxMCI+Jm5ic3A7PC90ZD4KPC90cj4KICA8dHI+CiAgICA8dGQgYWxpZ249ImxlZnQiIHZhbGlnbj0idG9wIj7jgYrpg6jlsYvjga7pmoXjga7jgqvjg4Pjg4jpg6jliIbjga/jgIHjgYrlrrbjgavjgYLjgovlrpropo/jgafljYHliIbvvIE8YnI+5a6a6KaP44KS44GC44Gm44Gm44GT44Gu44KI44GG44Gr5L2V5bqm44GL5YiH44KK55uu44KS44GE44KM44G+44GX44KH44GG77yBPC90ZD4KICAgIDx0ZCBhbGlnbj0ibGVmdCIgdmFsaWduPSJ0b3AiPiZuYnNwOzwvdGQ+CiAgICA8dGQgYWxpZ249ImxlZnQiIHZhbGlnbj0idG9wIj7ou73jgY/mipjjgormm7LjgZLjgozjgbDjgZPjga7jgajjgYrjgorjgII8L3RkPgogICAgPHRkIGFsaWduPSJsZWZ0IiB2YWxpZ249InRvcCI+Jm5ic3A7PC90ZD4KICAgIDx0ZCBhbGlnbj0ibGVmdCIgdmFsaWduPSJ0b3AiPuaKmOOCiuabsuOBkuOBn+mDqOWIhuOCkuOBk+OBruOCiOOBhuOBq+OCq+ODg+OCv+ODvOOBp+OAgeOCt+ODpeODg+OBqOi7veOBj+WIg+OCkuOBhOOCjOOCjOOBsO+8gTwvdGQ+CiAgPC90cj4KICA8dHI+CiAgICA8dGQgaGVpZ2h0PSIxNSIgY29sc3Bhbj0iNSI+Jm5ic3A7PC90ZD4KICA8L3RyPgogIDx0cj4KICAgIDx0ZD48aW1nIHNyYz0iaHR0cHM6Ly9pbWFnZS5yYWt1dGVuLmNvLmpwL2hhcnJ5L2NhYmluZXQvZmxvb3JfdGlsZS9mbG9vcl90aWxlX2hvdzA0LmpwZyIgd2lkdGg9IjIyNSIgaGVpZ2h0PSIyMjUiPjwvdGQ+CiAgICA8dGQgd2lkdGg9IjEyIj4mbmJzcDs8L3RkPgogICAgPHRkPjxpbWcgc3JjPSJodHRwczovL2ltYWdlLnJha3V0ZW4uY28uanAvaGFycnkvY2FiaW5ldC9mbG9vcl90aWxlL2Zsb29yX3RpbGVfaG93MDUuanBnIiB3aWR0aD0iMjI1IiBoZWlnaHQ9IjIyNSI+PC90ZD4KICAgIDx0ZCB3aWR0aD0iMTMiPiZuYnNwOzwvdGQ+CiAgICA8dGQ+PGltZyBzcmM9Imh0dHBzOi8vaW1hZ2UucmFrdXRlbi5jby5qcC9oYXJyeS9jYWJpbmV0L2Zsb29yX3RpbGUvZmxvb3JfdGlsZV9ob3cwNi5qcGciIHdpZHRoPSIyMjUiIGhlaWdodD0iMjI1Ij48L3RkPgogIDwvdHI+PHRyPgo8dGQgY29sc3Bhbj0iNSIgaGVpZ2h0PSIxMCI+Jm5ic3A7PC90ZD4KPC90cj4KICA8dHI+CiAgICA8dGQgYWxpZ249ImxlZnQiIHZhbGlnbj0idG9wIj7jga/jgYTvvIE8YnI+44Kr44OD44OI5a6M5LqG44Gn44GZ44CCPC90ZD4KICAgIDx0ZD4mbmJzcDs8L3RkPgogICAgPHRkIGFsaWduPSJsZWZ0IiB2YWxpZ249InRvcCI+44Gv44GV44G/44Gn44KC44CB44KC44Gh44KN44KT77yv77yr77yBPGJyPuWHuuadpeOCjOOBsOWkp+OBjeOBhOOBr+OBleOBv+OBp+OBreODu+ODu+ODuzwvdGQ+CiAgICA8dGQ+Jm5ic3A7PC90ZD4KICAgIDx0ZCBhbGlnbj0ibGVmdCIgdmFsaWduPSJ0b3AiPuW/heimgeOBquWgtOaJgOOBq+OAgjwvdGQ+CiAgPC90cj4KPC90YWJsZT48YnI+PGJyPgoKPHAgc3R5bGU9ImJvcmRlci1sZWZ0OiA1cHggc29saWQgIzRlNDUzYTsgYm9yZGVyLWJvdHRvbTogMXB4IHNvbGlkICM0ZTQ1M2E7IGZvbnQtc2l6ZTogMjRweDsgcGFkZGluZy1sZWZ0OiA1cHg7Ij7jg5Xjg63jgqLjgr/jgqTjg6vlsILnlKjjga7jgorjga7jgZTntLnku4s8L3A+Cgo8YnIgLz4KCjxwIHN0eWxlPSJ0ZXh0LWFsaWduOiBjZW50ZXI7Ij48YSBocmVmPSJodHRwczovL2l0ZW0ucmFrdXRlbi5jby5qcC9oYXJyeS9jLzAwMDAwMDA0NDIvIiB0YXJnZXQ9Il9ibGFuayI+PGltZyBzcmM9Imh0dHBzOi8vaW1hZ2UucmFrdXRlbi5jby5qcC9oYXJyeS9jYWJpbmV0LzAyMzgwNDc4L2Zsb29ydGlsZS1rYW5yZW4tYmFuLmpwZyIgYm9yZGVyPSIwIiBhbHQ9IumBk+WFt+mhniI+PC9hPjwvcD48YnIgLz4KCgo8cD48YSBocmVmPSJodHRwczovL2l0ZW0ucmFrdXRlbi5jby5qcC9oYXJyeS9jLzAwMDAwMDEzODgvIiB0YXJnZXQ9Il9ibGFuayI+PGltZyBzcmM9Imh0dHBzOi8vaW1hZ2UucmFrdXRlbi5jby5qcC9oYXJyeS9jYWJpbmV0LzAyMzgwNDc4L2Zsb29ydGlsZS1zYW1wbGUtYmFuLmpwZyIgYm9yZGVyPSIwIiBhbHQ9IueUu+WDjyI+PC9hPjwvcD48YnI+PGJyPgoKPHAgc3R5bGU9ImJvcmRlci1sZWZ0OiA1cHggc29saWQgIzRlNDUzYTsgYm9yZGVyLWJvdHRvbTogMXB4IHNvbGlkICM0ZTQ1M2E7IGZvbnQtc2l6ZTogMjRweDsgcGFkZGluZy1sZWZ0OiA1cHg7Ij7jg5Xjg63jgqLjgr/jgqTjg6vkuIDopqc8L3A+Cgo8cD48YSBocmVmPSJodHRwczovL2l0ZW0ucmFrdXRlbi5jby5qcC9oYXJyeS9jLzAwMDAwMDAyNTIvIiB0YXJnZXQ9Il9ibGFuayI+PGltZyBzcmM9Imh0dHBzOi8vaW1hZ2UucmFrdXRlbi5jby5qcC9oYXJyeS9jYWJpbmV0LzAzNTI1ODgyL2Z0LXRvLXRvcC5qcGciIGJvcmRlcj0iMCIgYWx0PSLnlLvlg48iPjwvYT48L3A+PGJyPjxicj4KCjwvZGl2PjxkaXYgc3R5bGU9IndpZHRoOjQ0MHB4OyBib3JkZXI6MHB4OyB0ZXh0LWFsaWduOmNlbnRlcjsiPgoKPGltZyBzcmM9Imh0dHBzOi8vaW1hZ2UucmFrdXRlbi5jby5qcC9oYXJyeS9jYWJpbmV0L3NtYXJ0X3Bob25lL2Z0ZHVndS5qcGciIHdpZHRoPSI0NDAiIGJvcmRlcj0iMCIgc3R5bGU9Im1hcmdpbi1ib3R0b206NXB4OyI+CgoKPGltZyBzcmM9Imh0dHBzOi8vaW1hZ2UucmFrdXRlbi5jby5qcC9oYXJyeS9jYWJpbmV0L3NtYXJ0X3Bob25lL2Z0emVuZ2FyYS5qcGciIHdpZHRoPSI0NDAiIGJvcmRlcj0iMCIgc3R5bGU9Im1hcmdpbi1ib3R0b206NXB4OyI+CgoKPGltZyBzcmM9Imh0dHBzOi8vaW1hZ2UucmFrdXRlbi5jby5qcC9oYXJyeS9jYWJpbmV0L3NtYXJ0X3Bob25lL2RlY290YWlydS5qcGciIHdpZHRoPSI0NDAiIGJvcmRlcj0iMCIgc3R5bGU9Im1hcmdpbi1ib3R0b206NXB4OyI+Cgo8L2Rpdj48cD48aW1nIHNyYz0iaHR0cHM6Ly9pbWFnZS5yYWt1dGVuLmNvLmpwL2hhcnJ5L2NhYmluZXQvc291cnlvdS00NDBuLmpwZyIgYm9yZGVyPSIwIj48L3A+PGltZyBzcmM9Imh0dHBzOi8vaW1hZ2UucmFrdXRlbi5jby5qcC9oYXJyeS9jYWJpbmV0L2d1aWRlL25wXzQ0MC5qcGciIGJvcmRlcj0iMCIgc3R5bGU9Im1hcmdpbjoxMHB4IDBweDsiPjxwIHN0eWxlPSJjb2xvcjogI2ZmZjsgYmFja2dyb3VuZC1jb2xvcjogI2Y2OTsgZm9udC1zaXplOiAyNHB4OyBwYWRkaW5nOiAxMHB4OyB3aWR0aDogMzgwcHg7Ij7igLvjgZPjgaHjgonjga7llYblk4Hjga/jgrHjg7zjgrnljZjkvY3jgafjgZTos7zlhaXjgafjgY3jgb7jgZnjgII8L3A+Cjx0YWJsZSB3aWR0aD0iNDQwIiBib3JkZXI9IjAiIGNlbGxzcGFjaW5nPSIxIiBjZWxscGFkZGluZz0iMyIgYmdjb2xvcj0iIzY2NjY2NiIgc3R5bGU9ImZvbnQtZmFtaWx5Oifjg5Ljg6njgq7jg47op5LjgrQgUHJvIFczJywgJ0hpcmFnaW5vIEtha3UgR290aGljIFBybycsICfjg6HjgqTjg6rjgqonLCBNZWlyeW8sIE9zYWthLCAn77yt77yzIO+8sOOCtOOCt+ODg+OCrycsICdNUyBQR290aGljJywgc2Fucy1zZXJpZjsgZm9udC1zaXplOjEycHg7Ij4gPHRyPiAgICA8dGQgYmdjb2xvcj0iI0NDQ0NDQyIgYWxpZ249ImNlbnRlciI+5ZWG5ZOB5ZCNPC90ZD4gICAgPHRkIGJnY29sb3I9IiNGRkZGRkYiPuOCt+ODs+OCs+ODvOODqyhzaW5jb2wpIEZMT09SIFRJTEU8YnI+44K144Oz44OI44K544OW44Os44Oz44OJIOODreODvOOCuiDjgrzjg5bjg6njgqbjg4Pjg4k8L3RkPiAgPC90cj4gPHRkIGJnY29sb3I9IiNDQ0NDQ0MiIGFsaWduPSJjZW50ZXIiPuWVhuWTgeiqrOaYjjwvdGQ+ICAgIDx0ZCBiZ2NvbG9yPSIjRkZGRkZGIj7lupfoiJfjgYvjgonkvY/lroXjgb7jgafjgIHlpJrlvanjgarjg4vjg7zjgrrjgavlv5zjgYjjgovopIflsaTjg5Pjg4vjg6vluorjgr/jgqTjg6vjgIzjg57jg4Pjg4jjg43jg6njgI3osrzjgormm7/jgYjjgYznsKHljZjjgavlh7rmnaXjgaYK6LOD6LK45L2P5a6F44Gu54++54q25Zue5b6p562J44Gr5L6/5Yip44Gn44GZ44CCPGJyPjxicj4K44OV44Ot44Ki44K/44Kk44Or5bCC6ZaA5bqX44Gn5b+F6KaB44Gq5ZWG5ZOB5o+D44GI44Kk44Oz44OG44Oq44Ki44K344On44OD44OX44OP44Oq44O844Gn44Gv44CB44K144Oz44Ky44OE44O75p2x44Oq44O744K344Oz44Kz44O844Or44O744Oq44Oq44Kr44Op5LuW44KS44GU55So5oSP44GX44Gm44GK44KK44G+44GZ77yBIDxicj7jg5Xjg63jgqLjgr/jgqTjg6vjga7mn4TjgoLosYrlr4zvvIHkurrmsJfjga7jg5Xjg63jg7zjg6rjg7PjgrDoqr/jga7jg6rjgqLjg6vjgaog5pyo55uuKOOCpuODg+ODiSnmn4Tjga8g54Sh5Z6i5p2Q6aKo44KEIOOBiuOBl+OCg+OCjOOBqiDjg7TjgqPjg7Pjg4bjg7zjgrgg44K544Kv44Op44OD44OX44Km44OD44OJ6aKo44CB44Oq44Ki44Or44Gr6KGo54++5aSn55CG55+zKOOCueODiOODvOODsynjgIFw44K/44Kk44Or44Gu5qeY44GqIOODl+ODrOODvOODs+afhCDjg4bjg6njgrPjg4Pjgr/mn4Qg562J44Kv44OD44K344On44Oz44OV44Ot44Ki44KI44KK44KC6ICQ5LmF5oCn44Gr5YSq44KM44Gm44GE44KL44Gu44Gn5bqX6IiX55So44Gn44KC44GK44GZ44GZ44KB44Gn44GZ77yB5o6y6LyJ44GV44KM44Gm44GE44Gq44GE44OV44Ot44Ki44K/44Kk44Or44KC44GU6YGg5oWu44Gq44GP44GK5ZWP44GE5ZCI44KP44Gb5LiL44GV44GE44CC5o6l552A5Ymk5LiN6KaB44GuIOiyvOOCi+OBoOOBkSDnva7jgY/jgaDjgZHjgr/jgqTjg5fjga7jg4/jg6rjg7zjgqTjg7zjgrjjg7zjg4fjgrPjgr/jgqTjg6vjgoLjgZTmpJzoqI7jgY/jgaDjgZXjgYTjgII8YnI+PGJyPgo8c3BhbiBzdHlsZT0iY29sb3I6I2ZmMDAwMDsgZm9udC1zaXplOjEycHgiPuKAu+OBiuS9v+OBhOOBruODkeOCveOCs+ODs+eSsOWig+OBq+OCiOOBo+OBpuOBr+OAgSA8YnI+44CA5ZWG5ZOB44Gu6Imy44GM6KaL5pys44Go5aSa5bCR55Ww44Gq44KL5aC05ZCI44GM44GC44KK44G+44GZ44CCIDxicj48L3NwYW4+PGJyPndvb2Qg44OW44Op44Km44OzIOODgOODvOOCr+ODluODqeOCpuODsyDojLboibIg6LK844KL44Gg44GRIOOCv+OCpOODqyDjg5Xjg63jgqLjg7wg44K344O844OIIOODkeODjeODqyDlgrcg5rGa44KMIOmYsuatoiDjg5Xjg63jg7zjg6rjg7PjgrAg44Kr44O844Oa44OD44OIIOijnOS/riDkv67nkIYg5L+d6K23IOW8t+WMliDmlr3lt6Ug44Kq44OV44Kj44K5IOODquODk+ODs+OCsCDjg57jg7Pjgrfjg6fjg7Mg6LOD6LK4IOOCteODreODsyDjg6Ljg6vjgr/jg6sgIOOCs+ODs+ODkeODjSDkuozph43lupU8L3RkPiAgPC90cj4gPHRkIGJnY29sb3I9IiNDQ0NDQ0MiIGFsaWduPSJjZW50ZXIiPuaOsui8ieWTgeeVqjwvdGQ+ICAgIDx0ZCBiZ2NvbG9yPSIjRkZGRkZGIj5NVy05MTAzCk1XLTkxMDQKTVctOTEwNQpNVy05MTA2Ck1XLTkxMDc8L3RkPiAgPC90cj4gPHRkIGJnY29sb3I9IiNDQ0NDQ0MiIGFsaWduPSJjZW50ZXIiPuafhDwvdGQ+ICAgIDx0ZCBiZ2NvbG9yPSIjRkZGRkZGIj7mnKjnm67mn4Q8L3RkPjwvdHI+IDx0cj4gICAgPHRkIGJnY29sb3I9IiNDQ0NDQ0MiIGFsaWduPSJjZW50ZXIiPuOCteOCpOOCujwvdGQ+ICAgIDx0ZCBiZ2NvbG9yPSIjRkZGRkZGIj7jgrXjgqTjgrrvvJoxMDBtbXg5MTQuNG1tPGJyPuWOmuOBv++8mjIuNW1tPGJyPuODiOODg+ODl+WxpO+8muOCr+ODquOCouODvDAuM208dHI+ICAgIDx0ZCBiZ2NvbG9yPSIjQ0NDQ0NDIiBhbGlnbj0iY2VudGVyIj4x44Kx44O844K55Y2Y5L2NPC90ZD4gICAgPHRkIGJnY29sb3I9IiNGRkZGRkYiPjQ25p6a5YWl77yI57SE77yaNC4y5bmz5pa544Oh44O844OI44Or77yJPC90ZD4gIDwvdHI+IDx0cj4gICAgPHRkIGJnY29sb3I9IiNDQ0NDQ0MiIGFsaWduPSJjZW50ZXIiPuapn+iDvTwvdGQ+ICAgIDx0ZCBiZ2NvbG9yPSIjRkZGRkZGIj48cD406Z2i6Z2i5Y+WPC90cj4gIDx0cj4gICAgPHRkIGJnY29sb3I9IiNDQ0NDQ0MiIHdpZHRoPSIxMDAiIGFsaWduPSJjZW50ZXIiPumAgSDmlpk8L3RkPiAgICA8dGQgYmdjb2xvcj0iI0ZGRkZGRiI+44CQ6YCBIOaWmeOAkeilv+a/g+mBi+i8uCDku5bvvJo3MDDlhobvvIjnqI7liKXvvIk8YnI+4oC75YyX5rW36YGT44O75rKW57iE44G744GL5LiA6YOo44Gu5Zyw5Z+f44Gv6Zmk44GN44G+44GZ44CCPGJyPjxiPumAgeaWmeOBruips+e0sOOBq+OBpOOBhOOBpuOBr+OBk+OBoeOCieOBuO+8nu+8njwvYj48L3RkPiAgIDwvdHI+ICA8dHI+ICAgIDx0ZCBiZ2NvbG9yPSIjQ0NDQ0NDIiBhbGlnbj0iY2VudGVyIj7ntI0g5pyfPC90ZD4gICAgPHRkIGJnY29sb3I9IiNGRkZGRkYiPuOBlOazqOaWh+eiuuWumuW+jOOAgee0hDPvvZ415Za25qWt5pelPC90ZD4gIDwvdHI+PC90YWJsZT48c3R5bGUgdHlwZT0idGV4dC9jc3MiPgo8IS0tCgpkaXYjSGVhZGVyS2V5d29yZCB7Cglwb3NpdGlvbjphYnNvbHV0ZTsKCXRvcDo1MHB4Oy8q5LiA55Wq5LiK44GL44KJ44Gu5L2N572uKi8KCWxlZnQ6OHB4Oy8q5bem56uv44GL44KJ44Gu5L2N572uKi8KCXdpZHRoOjEyMDBweDsKfQoKZGl2I0hlYWRlcktleXdvcmQgc3BhbiB7CgliYWNrZ3JvdW5kOiAjYmYwMDAwOwoJY29sb3I6I2ZmZjsKCWZvbnQtd2VpZ2h0OmJvbGQ7Cglmb250LXNpemU6MTJweDsKCWZvbnQtZmFtaWx5OiLjg6HjgqTjg6rjgqoiOwoJcGFkZGluZzoycHggNXB4Owp9CgpkaXYjSGVhZGVyS2V5d29yZCBhIHsKCWNvbG9yOiMwMDQ0Q0M7Cglmb250LXNpemU6MTJweDsKCWZvbnQtZmFtaWx5OiLjg6HjgqTjg6rjgqoiOwp9CgotLT4KPC9zdHlsZT4KCjxkaXYgaWQ9IkhlYWRlcktleXdvcmQiPgo8c3Bhbj7ms6jnm67jga7jgq3jg7zjg6/jg7zjg4k8L3NwYW4+CuOCquODvOODgOODvOOCq+ODvOODhuODswogLyAK44OG44Op44Kz44OD44K/5p+E5bqK44K344O844OICiAvIArmtJfjgYjjgovjgr/jgqTjg6vjgqvjg7zjg5rjg4Pjg4gKIC8gCuaZguioiOS7mOOBjeOCpuOCqeODvOODq+OCueODhuODg+OCq+ODvAo8L2Rpdj4=,44OV44Ot44Ki44K/44Kk44OrIOOCt+ODs+OCs+ODvOODqyDjg57jg4Pjg4jjg43jg6kg5bqKIOW6iuadkCDjg5Xjg63jg7zjg6rjg7PjgrAg44OT44OL44OrIFDjgr/jgqTjg6sg44OV44Ot44KiIGRpeSDjg6rjg5Xjgqnjg7zjg6Ag5Zyf6Laz5a++5b+cIOOCpOODs+ODhuODquOCoiDlupfoiJcg5L2P5a6FIOOCpuODg+ODiSDjgrXjg7Pjg4jjgrnjg5bjg6zjg7Pjg4kg44Ot44O844K6IOOCvOODluODqeOCpuODg+ODiSDmnKgg5pyo55uu6Kq/IOacqOadkCAwM1PvvJrjgqTjg7Pjg4bjg6rjgqLjgrfjg6fjg4Pjg5cg44CQ44OP44Oq44O844CR,44Km44Kp44O844Or44K544OG44OD44Kr44O844K/44Kk44Or44Kr44O844Oa44OD44OI44Kv44OD44K344On44Oz44OV44Ot44Ki44Ks44Op44K544OV44Kj44Or44Og44OV44Ot44Ki44K/44Kk44Or44Kr44OD44OG44Kj44Oz44Kw44K344O844OI44K544OG44OD44Kr44O844Km44Kq44O844Or44K544OG44OD44Kr44O844K344O844Or44Kr44O844Oa44OD44OIZGl56Lui5YaZ44Km44Kp44O844Or44K544OG44OD44Kr44O8T0Hjg5Xjg63jgqLlo4HntJnjg6njgrDjgq/jg4Pjgrfjg6fjg7Pjg5Xjg63jgqLjg7zlo4HntJnjgrfjg7zjg6vjg4/jg6rjg7zjgrnjg4bjg4Pjgqvjg7zjg5Xjg63jgqLjg7zjgr/jgqTjg6vjgqTjg7Pjg4bjg6rjgqLjgqbjgqnjg7zjg6vjgrnjg4bjg4Pjgqvjg7zjg5Xjg63jgqLjgr/jgqTjg6sg44K344Oz44Kz44O844OrIOODnuODg+ODiOODjeODqSDluoog5bqK5p2QIOODleODreODvOODquODs+OCsCDjg5Pjg4vjg6sgUOOCv+OCpOODqyDjg5Xjg63jgqIgZGl5IOODquODleOCqeODvOODoCDlnJ/otrPlr77lv5wg44Kk44Oz44OG44Oq44KiIOW6l+iIlyDkvY/lroUg44Km44OD44OJIOOCteODs+ODiOOCueODluODrOODs+ODiSDjg63jg7zjgrog44K844OW44Op44Km44OD44OJIOacqCDmnKjnm67oqr8g5pyo5p2QIDAzUw==,c2luY29sIG1hdHRvbmVsbGEg44OV44Ot44Ki44O844K/44Kk44OrIDHjgrHjg7zjgrnvvIg0NuaemuWFpe+8iSDniLbjga7ml6XjgILjg5Xjg63jgqLjgr/jgqTjg6sg44K344Oz44Kz44O844OrIOODnuODg+ODiOODjeODqSDluoog5bqK5p2QIOODleODreODvOODquODs+OCsCDjg5Pjg4vjg6sgUOOCv+OCpOODqyDjg5Xjg63jgqIgZGl5IOODquODleOCqeODvOODoCDlnJ/otrPlr77lv5wg44Kk44Oz44OG44Oq44KiIOW6l+iIlyDkvY/lroUg44Km44OD44OJIOOCteODs+ODiOOCueODluODrOODs+ODiSDjg63jg7zjgrog44K844OW44Op44Km44OD44OJIOacqCDmnKjnm67oqr8g5pyo5p2QIDAzUw==[rn]
31-2629,aHR0cDovL3RzaG9wLnIxMHMuanAvaGFycnkvY2FiaW5ldC9zaW4tZnQvbDI0LTAxLXNpbi1tbjU3LmpwZz9maXRpbj03MDA6NzAw,NDY1LjYwMDA=,,6Iqx44O744Ks44O844OH44Oz44O7RElZID4g5L2P5a6F5bu65p2Q44O76Kit5YKZID4g5bqK5p2QID4g44Gd44Gu5LuW,44OV44Ot44Ki44K/44Kk44OrIOOCt+ODs+OCs+ODvOODqyDjg57jg4Pjg4jjg43jg6kg5bqKIOW6iuadkCDjg5Xjg63jg7zjg6rjg7PjgrAg44OT44OL44OrIFDjgr/jgqTjg6sg44OV44Ot44KiIGRpeSDjg6rjg5Xjgqnjg7zjg6Ag5Zyf6Laz5a++5b+cIOOCpOODs+ODhuODquOCoiDlupfoiJcg5L2P5a6FIOOCueODiOODvOODsyDjg4bjg6njgr7jg7wg44Ot44OD44K944OZ44Ot44O844OKIOefsyDnn7Pnm67oqr8g5aSn55CG55+zIOOCs+ODs+OCr+ODquODvOODiCDnn7PmnZAg44Oe44O844OW44OrIDAzUA==,c2luY29sIG1hdHRvbmVsbGEg44OV44Ot44Ki44O844K/44Kk44OrIDHmnprljZjkvY0g54i244Gu5pel,PGRpdiBzdHlsZT0id2lkdGg6IDcwMHB4OyBsaW5lLWhlaWdodDogMS41OyBjb2xvcjogIzJmMmIyNyI+CjxwIHN0eWxlPSJjb2xvcjogI2ZmZjsgYmFja2dyb3VuZC1jb2xvcjogI2Y2OTsgZm9udC1zaXplOiAyNHB4OyBwYWRkaW5nOiAxMHB4OyI+4oC744GT44Gh44KJ44Gu5ZWG5ZOB44GvMeaemuWNmOS9jeOBi+OCieOBlOizvOWFpeOBp+OBjeOBvuOBmeOAgjwvcD4KPHA+PGltZyBzcmM9Imh0dHBzOi8vaW1hZ2UucmFrdXRlbi5jby5qcC9oYXJyeS9jYWJpbmV0L3Npbi1mdC9sMjQtMDEtc2luLW1uNTcuanBnIiBib3JkZXI9IjAiIHdpZHRoPSI3MDAiIC8+PC9wPgo8cD48aW1nIHNyYz0iaHR0cHM6Ly9pbWFnZS5yYWt1dGVuLmNvLmpwL2hhcnJ5L2NhYmluZXQvc2luLWZ0L2wyNC0wMS1zaW4tbW41N18xLmpwZyIgYm9yZGVyPSIwIiB3aWR0aD0iNzAwIiAvPjwvcD4KCjxwIHN0eWxlPSJib3JkZXItbGVmdDogNXB4IHNvbGlkICM0ZTQ1M2E7IGJvcmRlci1ib3R0b206IDFweCBzb2xpZCAjNGU0NTNhOyBmb250LXNpemU6IDI0cHg7IHBhZGRpbmctbGVmdDogNXB4OyI+44OV44Ot44Ki44K/44Kk44Or44Gu6LK844KK5pa5PC9wPgoKPHAgc3R5bGU9ImNvbG9yOiMyMjIyMjI7IGZvbnQtc2l6ZTozMHB4OyBmb250LXdlaWdodDpib2xkOyBtYXJnaW46MHB4OyBwYWRkaW5nLWxlZnQ6MTBweDsgcGFkZGluZy10b3A6MTBweDsgcGFkZGluZy1ib3R0b206MjBweDsgZm9udC1mYW1pbHk6IEdlb3JnaWEsIFRpbWVzIE5ldyBSb21hbiwgVGltZXM7Ij5oYXJyeeOBp+Wls+aAp+OBruaWueOBq+Wcp+WAkueahOS6uuawl+OBruenmOWvhuKApjwvcD4KPHAgc3R5bGU9ImNvbG9yOiMzMzMzMzM7IGZvbnQtc2l6ZToxNnB4OyBtYXJnaW46MHB4OyBwYWRkaW5nLWxlZnQ6MTBweDsiPuOBneOCjOOBr+ODleODreOCouOCv+OCpOODq+OBjOOBiuaJi+i7veewoeWNmOOBoOOBi+OCie+8gTwvcD4KPGJyPgo8YnI+Cjx0YWJsZSB3aWR0aD0iNzAwIiBib3JkZXI9IjAiIGNlbGxzcGFjaW5nPSIwIiBjZWxscGFkZGluZz0iMCIgc3R5bGU9ImZvbnQtc2l6ZToxNHB4OyBjb2xvcjojMzMzMzMzIj4KICA8dHI+CiAgICA8dGQ+PGltZyBzcmM9Imh0dHBzOi8vaW1hZ2UucmFrdXRlbi5jby5qcC9oYXJyeS9jYWJpbmV0L2Zsb29yX3RpbGUvZmxvb3JfdGlsZV9ob3cwMS5qcGciIHdpZHRoPSIyMjUiIGhlaWdodD0iMjI1Ij48L3RkPgogICAgPHRkIHdpZHRoPSIxMiI+Jm5ic3A7PC90ZD4KICAgIDx0ZD48aW1nIHNyYz0iaHR0cHM6Ly9pbWFnZS5yYWt1dGVuLmNvLmpwL2hhcnJ5L2NhYmluZXQvZmxvb3JfdGlsZS9mbG9vcl90aWxlX2hvdzAyLmpwZyIgd2lkdGg9IjIyNSIgaGVpZ2h0PSIyMjUiPjwvdGQ+CiAgICA8dGQgd2lkdGg9IjEzIj4mbmJzcDs8L3RkPgogICAgPHRkPjxpbWcgc3JjPSJodHRwczovL2ltYWdlLnJha3V0ZW4uY28uanAvaGFycnkvY2FiaW5ldC9mbG9vcl90aWxlL2Zsb29yX3RpbGVfaG93MDMuanBnIiB3aWR0aD0iMjI1IiBoZWlnaHQ9IjIyNSI+PC90ZD4KICA8L3RyPjx0cj4KPHRkIGNvbHNwYW49IjUiIGhlaWdodD0iMTAiPiZuYnNwOzwvdGQ+CjwvdHI+CiAgPHRyPgogICAgPHRkIGFsaWduPSJsZWZ0IiB2YWxpZ249InRvcCI+44GK6YOo5bGL44Gu6ZqF44Gu44Kr44OD44OI6YOo5YiG44Gv44CB44GK5a6244Gr44GC44KL5a6a6KaP44Gn5Y2B5YiG77yBPGJyPuWumuimj+OCkuOBguOBpuOBpuOBk+OBruOCiOOBhuOBq+S9leW6puOBi+WIh+OCiuebruOCkuOBhOOCjOOBvuOBl+OCh+OBhu+8gTwvdGQ+CiAgICA8dGQgYWxpZ249ImxlZnQiIHZhbGlnbj0idG9wIj4mbmJzcDs8L3RkPgogICAgPHRkIGFsaWduPSJsZWZ0IiB2YWxpZ249InRvcCI+6Lu944GP5oqY44KK5puy44GS44KM44Gw44GT44Gu44Go44GK44KK44CCPC90ZD4KICAgIDx0ZCBhbGlnbj0ibGVmdCIgdmFsaWduPSJ0b3AiPiZuYnNwOzwvdGQ+CiAgICA8dGQgYWxpZ249ImxlZnQiIHZhbGlnbj0idG9wIj7mipjjgormm7LjgZLjgZ/pg6jliIbjgpLjgZPjga7jgojjgYbjgavjgqvjg4Pjgr/jg7zjgafjgIHjgrfjg6Xjg4Pjgajou73jgY/liIPjgpLjgYTjgozjgozjgbDvvIE8L3RkPgogIDwvdHI+CiAgPHRyPgogICAgPHRkIGhlaWdodD0iMTUiIGNvbHNwYW49IjUiPiZuYnNwOzwvdGQ+CiAgPC90cj4KICA8dHI+CiAgICA8dGQ+PGltZyBzcmM9Imh0dHBzOi8vaW1hZ2UucmFrdXRlbi5jby5qcC9oYXJyeS9jYWJpbmV0L2Zsb29yX3RpbGUvZmxvb3JfdGlsZV9ob3cwNC5qcGciIHdpZHRoPSIyMjUiIGhlaWdodD0iMjI1Ij48L3RkPgogICAgPHRkIHdpZHRoPSIxMiI+Jm5ic3A7PC90ZD4KICAgIDx0ZD48aW1nIHNyYz0iaHR0cHM6Ly9pbWFnZS5yYWt1dGVuLmNvLmpwL2hhcnJ5L2NhYmluZXQvZmxvb3JfdGlsZS9mbG9vcl90aWxlX2hvdzA1LmpwZyIgd2lkdGg9IjIyNSIgaGVpZ2h0PSIyMjUiPjwvdGQ+CiAgICA8dGQgd2lkdGg9IjEzIj4mbmJzcDs8L3RkPgogICAgPHRkPjxpbWcgc3JjPSJodHRwczovL2ltYWdlLnJha3V0ZW4uY28uanAvaGFycnkvY2FiaW5ldC9mbG9vcl90aWxlL2Zsb29yX3RpbGVfaG93MDYuanBnIiB3aWR0aD0iMjI1IiBoZWlnaHQ9IjIyNSI+PC90ZD4KICA8L3RyPjx0cj4KPHRkIGNvbHNwYW49IjUiIGhlaWdodD0iMTAiPiZuYnNwOzwvdGQ+CjwvdHI+CiAgPHRyPgogICAgPHRkIGFsaWduPSJsZWZ0IiB2YWxpZ249InRvcCI+44Gv44GE77yBPGJyPuOCq+ODg+ODiOWujOS6huOBp+OBmeOAgjwvdGQ+CiAgICA8dGQ+Jm5ic3A7PC90ZD4KICAgIDx0ZCBhbGlnbj0ibGVmdCIgdmFsaWduPSJ0b3AiPuOBr+OBleOBv+OBp+OCguOAgeOCguOBoeOCjeOCk++8r++8q++8gTxicj7lh7rmnaXjgozjgbDlpKfjgY3jgYTjga/jgZXjgb/jgafjga3jg7vjg7vjg7s8L3RkPgogICAgPHRkPiZuYnNwOzwvdGQ+CiAgICA8dGQgYWxpZ249ImxlZnQiIHZhbGlnbj0idG9wIj7lv4XopoHjgarloLTmiYDjgavjgII8L3RkPgogIDwvdHI+CjwvdGFibGU+PGJyPjxicj4KCjxwIHN0eWxlPSJib3JkZXItbGVmdDogNXB4IHNvbGlkICM0ZTQ1M2E7IGJvcmRlci1ib3R0b206IDFweCBzb2xpZCAjNGU0NTNhOyBmb250LXNpemU6IDI0cHg7IHBhZGRpbmctbGVmdDogNXB4OyI+44OV44Ot44Ki44K/44Kk44Or5bCC55So44Gu44KK44Gu44GU57S55LuLPC9wPgoKPGJyIC8+Cgo8cCBzdHlsZT0idGV4dC1hbGlnbjogY2VudGVyOyI+PGEgaHJlZj0iaHR0cHM6Ly9pdGVtLnJha3V0ZW4uY28uanAvaGFycnkvYy8wMDAwMDAwNDQyLyIgdGFyZ2V0PSJfYmxhbmsiPjxpbWcgc3JjPSJodHRwczovL2ltYWdlLnJha3V0ZW4uY28uanAvaGFycnkvY2FiaW5ldC8wMjM4MDQ3OC9mbG9vcnRpbGUta2FucmVuLWJhbi5qcGciIGJvcmRlcj0iMCIgYWx0PSLpgZPlhbfpoZ4iPjwvYT48L3A+PGJyIC8+CgoKPHA+PGEgaHJlZj0iaHR0cHM6Ly9pdGVtLnJha3V0ZW4uY28uanAvaGFycnkvYy8wMDAwMDAxMzg4LyIgdGFyZ2V0PSJfYmxhbmsiPjxpbWcgc3JjPSJodHRwczovL2ltYWdlLnJha3V0ZW4uY28uanAvaGFycnkvY2FiaW5ldC8wMjM4MDQ3OC9mbG9vcnRpbGUtc2FtcGxlLWJhbi5qcGciIGJvcmRlcj0iMCIgYWx0PSLnlLvlg48iPjwvYT48L3A+PGJyPjxicj4KCjxwIHN0eWxlPSJib3JkZXItbGVmdDogNXB4IHNvbGlkICM0ZTQ1M2E7IGJvcmRlci1ib3R0b206IDFweCBzb2xpZCAjNGU0NTNhOyBmb250LXNpemU6IDI0cHg7IHBhZGRpbmctbGVmdDogNXB4OyI+44OV44Ot44Ki44K/44Kk44Or5LiA6KanPC9wPgoKPHA+PGEgaHJlZj0iaHR0cHM6Ly9pdGVtLnJha3V0ZW4uY28uanAvaGFycnkvYy8wMDAwMDAwMjUyLyIgdGFyZ2V0PSJfYmxhbmsiPjxpbWcgc3JjPSJodHRwczovL2ltYWdlLnJha3V0ZW4uY28uanAvaGFycnkvY2FiaW5ldC8wMzUyNTg4Mi9mdC10by10b3AuanBnIiBib3JkZXI9IjAiIGFsdD0i55S75YOPIj48L2E+PC9wPjxicj48YnI+Cgo8L2Rpdj48ZGl2IHN0eWxlPSJ3aWR0aDo0NDBweDsgYm9yZGVyOjBweDsgdGV4dC1hbGlnbjpjZW50ZXI7Ij4KCjxpbWcgc3JjPSJodHRwczovL2ltYWdlLnJha3V0ZW4uY28uanAvaGFycnkvY2FiaW5ldC9zbWFydF9waG9uZS9mdGR1Z3UuanBnIiB3aWR0aD0iNDQwIiBib3JkZXI9IjAiIHN0eWxlPSJtYXJnaW4tYm90dG9tOjVweDsiPgoKCjxpbWcgc3JjPSJodHRwczovL2ltYWdlLnJha3V0ZW4uY28uanAvaGFycnkvY2FiaW5ldC9zbWFydF9waG9uZS9mdHplbmdhcmEuanBnIiB3aWR0aD0iNDQwIiBib3JkZXI9IjAiIHN0eWxlPSJtYXJnaW4tYm90dG9tOjVweDsiPgoKCjxpbWcgc3JjPSJodHRwczovL2ltYWdlLnJha3V0ZW4uY28uanAvaGFycnkvY2FiaW5ldC9zbWFydF9waG9uZS9kZWNvdGFpcnUuanBnIiB3aWR0aD0iNDQwIiBib3JkZXI9IjAiIHN0eWxlPSJtYXJnaW4tYm90dG9tOjVweDsiPgoKPC9kaXY+PHA+PGltZyBzcmM9Imh0dHBzOi8vaW1hZ2UucmFrdXRlbi5jby5qcC9oYXJyeS9jYWJpbmV0L3NvdXJ5b3UtNDQwbi5qcGciIGJvcmRlcj0iMCI+PC9wPjxpbWcgc3JjPSJodHRwczovL2ltYWdlLnJha3V0ZW4uY28uanAvaGFycnkvY2FiaW5ldC9ndWlkZS9ucF80NDAuanBnIiBib3JkZXI9IjAiIHN0eWxlPSJtYXJnaW46MTBweCAwcHg7Ij48cCBzdHlsZT0iY29sb3I6ICNmZmY7IGJhY2tncm91bmQtY29sb3I6ICNmNjk7IGZvbnQtc2l6ZTogMjRweDsgcGFkZGluZzogMTBweDsgd2lkdGg6IDM4MHB4OyI+4oC744GT44Gh44KJ44Gu5ZWG5ZOB44GvMeaemuWNmOS9jeOBi+OCieOBlOizvOWFpeOBp+OBjeOBvuOBmeOAgjwvcD4KPHRhYmxlIHdpZHRoPSI0NDAiIGJvcmRlcj0iMCIgY2VsbHNwYWNpbmc9IjEiIGNlbGxwYWRkaW5nPSIzIiBiZ2NvbG9yPSIjNjY2NjY2IiBzdHlsZT0iZm9udC1mYW1pbHk6J+ODkuODqeOCruODjuinkuOCtCBQcm8gVzMnLCAnSGlyYWdpbm8gS2FrdSBHb3RoaWMgUHJvJywgJ+ODoeOCpOODquOCqicsIE1laXJ5bywgT3Nha2EsICfvvK3vvLMg77yw44K044K344OD44KvJywgJ01TIFBHb3RoaWMnLCBzYW5zLXNlcmlmOyBmb250LXNpemU6MTJweDsiPiA8dHI+ICAgIDx0ZCBiZ2NvbG9yPSIjQ0NDQ0NDIiBhbGlnbj0iY2VudGVyIj7llYblk4HlkI08L3RkPiAgICA8dGQgYmdjb2xvcj0iI0ZGRkZGRiI+44K344Oz44Kz44O844OrKHNpbmNvbCkgRkxPT1IgVElMRTxicj7jg4bjg6njgr7jg7wg44Ot44OD44K944OZ44Ot44O844OKPC90ZD4gIDwvdHI+IDx0ZCBiZ2NvbG9yPSIjQ0NDQ0NDIiBhbGlnbj0iY2VudGVyIj7llYblk4HoqqzmmI48L3RkPiAgICA8dGQgYmdjb2xvcj0iI0ZGRkZGRiI+5bqX6IiX44GL44KJ5L2P5a6F44G+44Gn44CB5aSa5b2p44Gq44OL44O844K644Gr5b+c44GI44KL6KSH5bGk44OT44OL44Or5bqK44K/44Kk44Or44CM44Oe44OD44OI44ON44Op44CN6LK844KK5pu/44GI44GM57Ch5Y2Y44Gr5Ye65p2l44GmCuizg+iyuOS9j+WuheOBruePvueKtuWbnuW+qeetieOBq+S+v+WIqeOBp+OBmeOAgjxicj48YnI+CuODleODreOCouOCv+OCpOODq+WwgumWgOW6l+OBp+W/heimgeOBquWVhuWTgeaPg+OBiOOCpOODs+ODhuODquOCouOCt+ODp+ODg+ODl+ODj+ODquODvOOBp+OBr+OAgeOCteODs+OCsuODhOODu+adseODquODu+OCt+ODs+OCs+ODvOODq+ODu+ODquODquOCq+ODqeS7luOCkuOBlOeUqOaEj+OBl+OBpuOBiuOCiuOBvuOBme+8gSA8YnI+44OV44Ot44Ki44K/44Kk44Or44Gu5p+E44KC6LGK5a+M77yB5Lq65rCX44Gu44OV44Ot44O844Oq44Oz44Kw6Kq/44Gu44Oq44Ki44Or44GqIOacqOebrijjgqbjg4Pjg4kp5p+E44GvIOeEoeWeouadkOmiqOOChCDjgYrjgZfjgoPjgozjgaog44O044Kj44Oz44OG44O844K4IOOCueOCr+ODqeODg+ODl+OCpuODg+ODiemiqOOAgeODquOCouODq+OBq+ihqOePvuWkp+eQhuefsyjjgrnjg4jjg7zjg7Mp44CBcOOCv+OCpOODq+OBruanmOOBqiDjg5fjg6zjg7zjg7Pmn4Qg44OG44Op44Kz44OD44K/5p+EIOetieOCr+ODg+OCt+ODp+ODs+ODleODreOCouOCiOOCiuOCguiAkOS5heaAp+OBq+WEquOCjOOBpuOBhOOCi+OBruOBp+W6l+iIl+eUqOOBp+OCguOBiuOBmeOBmeOCgeOBp+OBme+8geaOsui8ieOBleOCjOOBpuOBhOOBquOBhOODleODreOCouOCv+OCpOODq+OCguOBlOmBoOaFruOBquOBj+OBiuWVj+OBhOWQiOOCj+OBm+S4i+OBleOBhOOAguaOpeedgOWJpOS4jeimgeOBriDosrzjgovjgaDjgZEg572u44GP44Gg44GR44K/44Kk44OX44Gu44OP44Oq44O844Kk44O844K444O844OH44Kz44K/44Kk44Or44KC44GU5qSc6KiO44GP44Gg44GV44GE44CCPGJyPjxicj4KPHNwYW4gc3R5bGU9ImNvbG9yOiNmZjAwMDA7IGZvbnQtc2l6ZToxMnB4Ij7igLvjgYrkvb/jgYTjga7jg5Hjgr3jgrPjg7PnkrDlooPjgavjgojjgaPjgabjga/jgIEgPGJyPuOAgOWVhuWTgeOBruiJsuOBjOimi+acrOOBqOWkmuWwkeeVsOOBquOCi+WgtOWQiOOBjOOBguOCiuOBvuOBmeOAgiA8YnI+PC9zcGFuPjxicj5zdG9uZSDjg5njg7zjgrjjg6Ug44Kq44Os44Oz44K4IOiyvOOCi+OBoOOBkSDjgr/jgqTjg6sg44OV44Ot44Ki44O8IOOCt+ODvOODiCDjg5Hjg43jg6sg5YK3IOaxmuOCjCDpmLLmraIg44OV44Ot44O844Oq44Oz44KwIOOCq+ODvOODmuODg+ODiCDoo5zkv64g5L+u55CGIOS/neittyDlvLfljJYg5pa95belIOOCquODleOCo+OCuSDjg6rjg5Pjg7PjgrAg44Oe44Oz44K344On44OzIOizg+iyuCDjgrXjg63jg7Mg44Oi44Or44K/44OrICDjgrPjg7Pjg5Hjg40g5LqM6YeN5bqVPC90ZD4gIDwvdHI+IDx0ZCBiZ2NvbG9yPSIjQ0NDQ0NDIiBhbGlnbj0iY2VudGVyIj7mjrLovInlk4Hnlao8L3RkPiAgICA8dGQgYmdjb2xvcj0iI0ZGRkZGRiI+TVMtOTgyMe+8iOWNiuiJtuOCv+OCpOODl++8iQpNUy05ODIy77yI5Y2K6Im244K/44Kk44OX77yJCk1TLTk4MjPvvIjljYroibbjgr/jgqTjg5fvvIkKTVMtOTgyNO+8iOWNiuiJtuOCv+OCpOODl++8iQpNUy05ODI177yI5Y2K6Im244K/44Kk44OX77yJPC90ZD4gIDwvdHI+IDx0ZCBiZ2NvbG9yPSIjQ0NDQ0NDIiBhbGlnbj0iY2VudGVyIj7oibI8L3RkPiAgICA8dGQgYmdjb2xvcj0iI0ZGRkZGRiI+44Oe44O844OW44OrIOWkp+eQhuefszwvdGQ+PC90cj4gPHRyPiAgICA8dGQgYmdjb2xvcj0iI0NDQ0NDQyIgYWxpZ249ImNlbnRlciI+44K144Kk44K6PC90ZD4gICAgPHRkIGJnY29sb3I9IiNGRkZGRkYiPuOCteOCpOOCuu+8mjQ1Ny4ybW14NDU3LjJtbTxicj7ljprjgb/vvJoyLjVtbTxicj7jg4jjg4Pjg5flsaTvvJrjgq/jg6rjgqLjg7wwLjNtPC90ZD4gIDwvdHI+IDx0cj4gICAgPHRkIGJnY29sb3I9IiNDQ0NDQ0MiIGFsaWduPSJjZW50ZXIiPuapn+iDvTwvdGQ+ICAgIDx0ZCBiZ2NvbG9yPSIjRkZGRkZGIj48cD7pnaLlj5bnhKHjgZcgPC90cj4gIDx0cj4gICAgPHRkIGJnY29sb3I9IiNDQ0NDQ0MiIHdpZHRoPSIxMDAiIGFsaWduPSJjZW50ZXIiPumAgSDmlpk8L3RkPiAgICA8dGQgYmdjb2xvcj0iI0ZGRkZGRiI+44CQ6YCBIOaWmeOAkeilv+a/g+mBi+i8uCDku5bvvJo3MDDlhobvvIjnqI7liKXvvIk8YnI+4oC75YyX5rW36YGT44O75rKW57iE44G744GL5LiA6YOo44Gu5Zyw5Z+f44Gv6Zmk44GN44G+44GZ44CCPGJyPjxiPumAgeaWmeOBruips+e0sOOBq+OBpOOBhOOBpuOBr+OBk+OBoeOCieOBuO+8nu+8njwvYj48L3RkPiAgIDwvdHI+ICA8dHI+ICAgIDx0ZCBiZ2NvbG9yPSIjQ0NDQ0NDIiBhbGlnbj0iY2VudGVyIj7ntI0g5pyfPC90ZD4gICAgPHRkIGJnY29sb3I9IiNGRkZGRkYiPuOBlOazqOaWh+eiuuWumuW+jOOAgee0hDPvvZ415Za25qWt5pelPC90ZD4gIDwvdHI+PC90YWJsZT48c3R5bGUgdHlwZT0idGV4dC9jc3MiPgo8IS0tCgpkaXYjSGVhZGVyS2V5d29yZCB7Cglwb3NpdGlvbjphYnNvbHV0ZTsKCXRvcDo1MHB4Oy8q5LiA55Wq5LiK44GL44KJ44Gu5L2N572uKi8KCWxlZnQ6OHB4Oy8q5bem56uv44GL44KJ44Gu5L2N572uKi8KCXdpZHRoOjEyMDBweDsKfQoKZGl2I0hlYWRlcktleXdvcmQgc3BhbiB7CgliYWNrZ3JvdW5kOiAjYmYwMDAwOwoJY29sb3I6I2ZmZjsKCWZvbnQtd2VpZ2h0OmJvbGQ7Cglmb250LXNpemU6MTJweDsKCWZvbnQtZmFtaWx5OiLjg6HjgqTjg6rjgqoiOwoJcGFkZGluZzoycHggNXB4Owp9CgpkaXYjSGVhZGVyS2V5d29yZCBhIHsKCWNvbG9yOiMwMDQ0Q0M7Cglmb250LXNpemU6MTJweDsKCWZvbnQtZmFtaWx5OiLjg6HjgqTjg6rjgqoiOwp9CgotLT4KPC9zdHlsZT4KCjxkaXYgaWQ9IkhlYWRlcktleXdvcmQiPgo8c3Bhbj7ms6jnm67jga7jgq3jg7zjg6/jg7zjg4k8L3NwYW4+CuOCquODvOODgOODvOOCq+ODvOODhuODswogLyAK44OG44Op44Kz44OD44K/5p+E5bqK44K344O844OICiAvIArmtJfjgYjjgovjgr/jgqTjg6vjgqvjg7zjg5rjg4Pjg4gKIC8gCuaZguioiOS7mOOBjeOCpuOCqeODvOODq+OCueODhuODg+OCq+ODvAo8L2Rpdj4=,44OV44Ot44Ki44K/44Kk44OrIOOCt+ODs+OCs+ODvOODqyDjg57jg4Pjg4jjg43jg6kg5bqKIOW6iuadkCDjg5Xjg63jg7zjg6rjg7PjgrAg44OT44OL44OrIFDjgr/jgqTjg6sg44OV44Ot44KiIGRpeSDjg6rjg5Xjgqnjg7zjg6Ag5Zyf6Laz5a++5b+cIOOCpOODs+ODhuODquOCoiDlupfoiJcg5L2P5a6FIOOCueODiOODvOODsyDjg4bjg6njgr7jg7wg44Ot44OD44K944OZ44Ot44O844OKIOefsyDnn7Pnm67oqr8g5aSn55CG55+zIOOCs+ODs+OCr+ODquODvOODiCDnn7PmnZAg44Oe44O844OW44OrIDAzUO+8muOCpOODs+ODhuODquOCouOCt+ODp+ODg+ODlyDjgJDjg4/jg6rjg7zjgJE=,44Km44Kp44O844Or44K544OG44OD44Kr44O844K/44Kk44Or44Kr44O844Oa44OD44OI44Kv44OD44K344On44Oz44OV44Ot44Ki44Ks44Op44K544OV44Kj44Or44Og44OV44Ot44Ki44K/44Kk44Or44Kr44OD44OG44Kj44Oz44Kw44K344O844OI44K544OG44OD44Kr44O844Km44Kq44O844Or44K544OG44OD44Kr44O844K344O844Or44Kr44O844Oa44OD44OIZGl56Lui5YaZ44Km44Kp44O844Or44K544OG44OD44Kr44O8T0Hjg5Xjg63jgqLlo4HntJnjg6njgrDjgq/jg4Pjgrfjg6fjg7Pjg5Xjg63jgqLjg7zlo4HntJnjgrfjg7zjg6vjg4/jg6rjg7zjgrnjg4bjg4Pjgqvjg7zjg5Xjg63jgqLjg7zjgr/jgqTjg6vjgqTjg7Pjg4bjg6rjgqLjgqbjgqnjg7zjg6vjgrnjg4bjg4Pjgqvjg7zjg5Xjg63jgqLjgr/jgqTjg6sg44K344Oz44Kz44O844OrIOODnuODg+ODiOODjeODqSDluoog5bqK5p2QIOODleODreODvOODquODs+OCsCDjg5Pjg4vjg6sgUOOCv+OCpOODqyDjg5Xjg63jgqIgZGl5IOODquODleOCqeODvOODoCDlnJ/otrPlr77lv5wg44Kk44Oz44OG44Oq44KiIOW6l+iIlyDkvY/lroUg44K544OI44O844OzIOODhuODqeOCvuODvCDjg63jg4Pjgr3jg5njg63jg7zjg4og55+zIOefs+ebruiqvyDlpKfnkIbnn7Mg44Kz44Oz44Kv44Oq44O844OIIOefs+adkCDjg57jg7zjg5bjg6sgMDNQ,c2luY29sIG1hdHRvbmVsbGEg44OV44Ot44Ki44O844K/44Kk44OrIDHmnprljZjkvY0g54i244Gu5pel44CC44OV44Ot44Ki44K/44Kk44OrIOOCt+ODs+OCs+ODvOODqyDjg57jg4Pjg4jjg43jg6kg5bqKIOW6iuadkCDjg5Xjg63jg7zjg6rjg7PjgrAg44OT44OL44OrIFDjgr/jgqTjg6sg44OV44Ot44KiIGRpeSDjg6rjg5Xjgqnjg7zjg6Ag5Zyf6Laz5a++5b+cIOOCpOODs+ODhuODquOCoiDlupfoiJcg5L2P5a6FIOOCueODiOODvOODsyDjg4bjg6njgr7jg7wg44Ot44OD44K944OZ44Ot44O844OKIOefsyDnn7Pnm67oqr8g5aSn55CG55+zIOOCs+ODs+OCr+ODquODvOODiCDnn7PmnZAg44Oe44O844OW44OrIDAzUA==[rn]
31-2630,aHR0cDovL3RzaG9wLnIxMHMuanAvaGFycnkvY2FiaW5ldC9zaW4tZnQvbDI0LTAxLXNpbi1tbjQwLmpwZz9maXRpbj03MDA6NzAw,OTMwLjQwMDA=,,6Iqx44O744Ks44O844OH44Oz44O7RElZID4g5L2P5a6F5bu65p2Q44O76Kit5YKZID4g5bqK5p2QID4g44Gd44Gu5LuW,44OV44Ot44Ki44K/44Kk44OrIOOCt+ODs+OCs+ODvOODqyDjg57jg4Pjg4jjg43jg6kg5bqKIOW6iuadkCDjg5Xjg63jg7zjg6rjg7PjgrAg44OT44OL44OrIFDjgr/jgqTjg6sg44OV44Ot44KiIGRpeSDjg6rjg5Xjgqnjg7zjg6Ag5Zyf6Laz5a++5b+cIOOCpOODs+ODhuODquOCoiDlupfoiJcg5L2P5a6FIOOCueODiOODvOODsyDjg6Ljgqvjgrnjg4jjg7zjg6Ag55+zIOefs+ebruiqvyDlpKfnkIbnn7Mg55+z5p2QIDAzUA==,c2luY29sIG1hdHRvbmVsbGEg44OV44Ot44Ki44O844K/44Kk44OrIDHmnprljZjkvY0g54i244Gu5pel,PGRpdiBzdHlsZT0id2lkdGg6IDcwMHB4OyBsaW5lLWhlaWdodDogMS41OyBjb2xvcjogIzJmMmIyNyI+CjxwIHN0eWxlPSJjb2xvcjogI2ZmZjsgYmFja2dyb3VuZC1jb2xvcjogI2Y2OTsgZm9udC1zaXplOiAyNHB4OyBwYWRkaW5nOiAxMHB4OyI+4oC744GT44Gh44KJ44Gu5ZWG5ZOB44GvMeaemuWNmOS9jeOBi+OCieOBlOizvOWFpeOBp+OBjeOBvuOBmeOAgjwvcD4KPHA+PGltZyBzcmM9Imh0dHBzOi8vaW1hZ2UucmFrdXRlbi5jby5qcC9oYXJyeS9jYWJpbmV0L3Npbi1mdC9sMjQtMDEtc2luLW1uNDAuanBnIiBib3JkZXI9IjAiIHdpZHRoPSI3MDAiIC8+PC9wPgo8cD48aW1nIHNyYz0iaHR0cHM6Ly9pbWFnZS5yYWt1dGVuLmNvLmpwL2hhcnJ5L2NhYmluZXQvc2luLWZ0L2wyNC0wMS1zaW4tbW40MF8xLmpwZyIgYm9yZGVyPSIwIiB3aWR0aD0iNzAwIiAvPjwvcD4KCjxwIHN0eWxlPSJib3JkZXItbGVmdDogNXB4IHNvbGlkICM0ZTQ1M2E7IGJvcmRlci1ib3R0b206IDFweCBzb2xpZCAjNGU0NTNhOyBmb250LXNpemU6IDI0cHg7IHBhZGRpbmctbGVmdDogNXB4OyI+44OV44Ot44Ki44K/44Kk44Or44Gu6LK844KK5pa5PC9wPgoKPHAgc3R5bGU9ImNvbG9yOiMyMjIyMjI7IGZvbnQtc2l6ZTozMHB4OyBmb250LXdlaWdodDpib2xkOyBtYXJnaW46MHB4OyBwYWRkaW5nLWxlZnQ6MTBweDsgcGFkZGluZy10b3A6MTBweDsgcGFkZGluZy1ib3R0b206MjBweDsgZm9udC1mYW1pbHk6IEdlb3JnaWEsIFRpbWVzIE5ldyBSb21hbiwgVGltZXM7Ij5oYXJyeeOBp+Wls+aAp+OBruaWueOBq+Wcp+WAkueahOS6uuawl+OBruenmOWvhuKApjwvcD4KPHAgc3R5bGU9ImNvbG9yOiMzMzMzMzM7IGZvbnQtc2l6ZToxNnB4OyBtYXJnaW46MHB4OyBwYWRkaW5nLWxlZnQ6MTBweDsiPuOBneOCjOOBr+ODleODreOCouOCv+OCpOODq+OBjOOBiuaJi+i7veewoeWNmOOBoOOBi+OCie+8gTwvcD4KPGJyPgo8YnI+Cjx0YWJsZSB3aWR0aD0iNzAwIiBib3JkZXI9IjAiIGNlbGxzcGFjaW5nPSIwIiBjZWxscGFkZGluZz0iMCIgc3R5bGU9ImZvbnQtc2l6ZToxNHB4OyBjb2xvcjojMzMzMzMzIj4KICA8dHI+CiAgICA8dGQ+PGltZyBzcmM9Imh0dHBzOi8vaW1hZ2UucmFrdXRlbi5jby5qcC9oYXJyeS9jYWJpbmV0L2Zsb29yX3RpbGUvZmxvb3JfdGlsZV9ob3cwMS5qcGciIHdpZHRoPSIyMjUiIGhlaWdodD0iMjI1Ij48L3RkPgogICAgPHRkIHdpZHRoPSIxMiI+Jm5ic3A7PC90ZD4KICAgIDx0ZD48aW1nIHNyYz0iaHR0cHM6Ly9pbWFnZS5yYWt1dGVuLmNvLmpwL2hhcnJ5L2NhYmluZXQvZmxvb3JfdGlsZS9mbG9vcl90aWxlX2hvdzAyLmpwZyIgd2lkdGg9IjIyNSIgaGVpZ2h0PSIyMjUiPjwvdGQ+CiAgICA8dGQgd2lkdGg9IjEzIj4mbmJzcDs8L3RkPgogICAgPHRkPjxpbWcgc3JjPSJodHRwczovL2ltYWdlLnJha3V0ZW4uY28uanAvaGFycnkvY2FiaW5ldC9mbG9vcl90aWxlL2Zsb29yX3RpbGVfaG93MDMuanBnIiB3aWR0aD0iMjI1IiBoZWlnaHQ9IjIyNSI+PC90ZD4KICA8L3RyPjx0cj4KPHRkIGNvbHNwYW49IjUiIGhlaWdodD0iMTAiPiZuYnNwOzwvdGQ+CjwvdHI+CiAgPHRyPgogICAgPHRkIGFsaWduPSJsZWZ0IiB2YWxpZ249InRvcCI+44GK6YOo5bGL44Gu6ZqF44Gu44Kr44OD44OI6YOo5YiG44Gv44CB44GK5a6244Gr44GC44KL5a6a6KaP44Gn5Y2B5YiG77yBPGJyPuWumuimj+OCkuOBguOBpuOBpuOBk+OBruOCiOOBhuOBq+S9leW6puOBi+WIh+OCiuebruOCkuOBhOOCjOOBvuOBl+OCh+OBhu+8gTwvdGQ+CiAgICA8dGQgYWxpZ249ImxlZnQiIHZhbGlnbj0idG9wIj4mbmJzcDs8L3RkPgogICAgPHRkIGFsaWduPSJsZWZ0IiB2YWxpZ249InRvcCI+6Lu944GP5oqY44KK5puy44GS44KM44Gw44GT44Gu44Go44GK44KK44CCPC90ZD4KICAgIDx0ZCBhbGlnbj0ibGVmdCIgdmFsaWduPSJ0b3AiPiZuYnNwOzwvdGQ+CiAgICA8dGQgYWxpZ249ImxlZnQiIHZhbGlnbj0idG9wIj7mipjjgormm7LjgZLjgZ/pg6jliIbjgpLjgZPjga7jgojjgYbjgavjgqvjg4Pjgr/jg7zjgafjgIHjgrfjg6Xjg4Pjgajou73jgY/liIPjgpLjgYTjgozjgozjgbDvvIE8L3RkPgogIDwvdHI+CiAgPHRyPgogICAgPHRkIGhlaWdodD0iMTUiIGNvbHNwYW49IjUiPiZuYnNwOzwvdGQ+CiAgPC90cj4KICA8dHI+CiAgICA8dGQ+PGltZyBzcmM9Imh0dHBzOi8vaW1hZ2UucmFrdXRlbi5jby5qcC9oYXJyeS9jYWJpbmV0L2Zsb29yX3RpbGUvZmxvb3JfdGlsZV9ob3cwNC5qcGciIHdpZHRoPSIyMjUiIGhlaWdodD0iMjI1Ij48L3RkPgogICAgPHRkIHdpZHRoPSIxMiI+Jm5ic3A7PC90ZD4KICAgIDx0ZD48aW1nIHNyYz0iaHR0cHM6Ly9pbWFnZS5yYWt1dGVuLmNvLmpwL2hhcnJ5L2NhYmluZXQvZmxvb3JfdGlsZS9mbG9vcl90aWxlX2hvdzA1LmpwZyIgd2lkdGg9IjIyNSIgaGVpZ2h0PSIyMjUiPjwvdGQ+CiAgICA8dGQgd2lkdGg9IjEzIj4mbmJzcDs8L3RkPgogICAgPHRkPjxpbWcgc3JjPSJodHRwczovL2ltYWdlLnJha3V0ZW4uY28uanAvaGFycnkvY2FiaW5ldC9mbG9vcl90aWxlL2Zsb29yX3RpbGVfaG93MDYuanBnIiB3aWR0aD0iMjI1IiBoZWlnaHQ9IjIyNSI+PC90ZD4KICA8L3RyPjx0cj4KPHRkIGNvbHNwYW49IjUiIGhlaWdodD0iMTAiPiZuYnNwOzwvdGQ+CjwvdHI+CiAgPHRyPgogICAgPHRkIGFsaWduPSJsZWZ0IiB2YWxpZ249InRvcCI+44Gv44GE77yBPGJyPuOCq+ODg+ODiOWujOS6huOBp+OBmeOAgjwvdGQ+CiAgICA8dGQ+Jm5ic3A7PC90ZD4KICAgIDx0ZCBhbGlnbj0ibGVmdCIgdmFsaWduPSJ0b3AiPuOBr+OBleOBv+OBp+OCguOAgeOCguOBoeOCjeOCk++8r++8q++8gTxicj7lh7rmnaXjgozjgbDlpKfjgY3jgYTjga/jgZXjgb/jgafjga3jg7vjg7vjg7s8L3RkPgogICAgPHRkPiZuYnNwOzwvdGQ+CiAgICA8dGQgYWxpZ249ImxlZnQiIHZhbGlnbj0idG9wIj7lv4XopoHjgarloLTmiYDjgavjgII8L3RkPgogIDwvdHI+CjwvdGFibGU+PGJyPjxicj4KCjxwIHN0eWxlPSJib3JkZXItbGVmdDogNXB4IHNvbGlkICM0ZTQ1M2E7IGJvcmRlci1ib3R0b206IDFweCBzb2xpZCAjNGU0NTNhOyBmb250LXNpemU6IDI0cHg7IHBhZGRpbmctbGVmdDogNXB4OyI+44OV44Ot44Ki44K/44Kk44Or5bCC55So44Gu44KK44Gu44GU57S55LuLPC9wPgoKPGJyIC8+Cgo8cCBzdHlsZT0idGV4dC1hbGlnbjogY2VudGVyOyI+PGEgaHJlZj0iaHR0cHM6Ly9pdGVtLnJha3V0ZW4uY28uanAvaGFycnkvYy8wMDAwMDAwNDQyLyIgdGFyZ2V0PSJfYmxhbmsiPjxpbWcgc3JjPSJodHRwczovL2ltYWdlLnJha3V0ZW4uY28uanAvaGFycnkvY2FiaW5ldC8wMjM4MDQ3OC9mbG9vcnRpbGUta2FucmVuLWJhbi5qcGciIGJvcmRlcj0iMCIgYWx0PSLpgZPlhbfpoZ4iPjwvYT48L3A+PGJyIC8+CgoKPHA+PGEgaHJlZj0iaHR0cHM6Ly9pdGVtLnJha3V0ZW4uY28uanAvaGFycnkvYy8wMDAwMDAxMzg4LyIgdGFyZ2V0PSJfYmxhbmsiPjxpbWcgc3JjPSJodHRwczovL2ltYWdlLnJha3V0ZW4uY28uanAvaGFycnkvY2FiaW5ldC8wMjM4MDQ3OC9mbG9vcnRpbGUtc2FtcGxlLWJhbi5qcGciIGJvcmRlcj0iMCIgYWx0PSLnlLvlg48iPjwvYT48L3A+PGJyPjxicj4KCjxwIHN0eWxlPSJib3JkZXItbGVmdDogNXB4IHNvbGlkICM0ZTQ1M2E7IGJvcmRlci1ib3R0b206IDFweCBzb2xpZCAjNGU0NTNhOyBmb250LXNpemU6IDI0cHg7IHBhZGRpbmctbGVmdDogNXB4OyI+44OV44Ot44Ki44K/44Kk44Or5LiA6KanPC9wPgoKPHA+PGEgaHJlZj0iaHR0cHM6Ly9pdGVtLnJha3V0ZW4uY28uanAvaGFycnkvYy8wMDAwMDAwMjUyLyIgdGFyZ2V0PSJfYmxhbmsiPjxpbWcgc3JjPSJodHRwczovL2ltYWdlLnJha3V0ZW4uY28uanAvaGFycnkvY2FiaW5ldC8wMzUyNTg4Mi9mdC10by10b3AuanBnIiBib3JkZXI9IjAiIGFsdD0i55S75YOPIj48L2E+PC9wPjxicj48YnI+Cgo8L2Rpdj48ZGl2IHN0eWxlPSJ3aWR0aDo0NDBweDsgYm9yZGVyOjBweDsgdGV4dC1hbGlnbjpjZW50ZXI7Ij4KCjxpbWcgc3JjPSJodHRwczovL2ltYWdlLnJha3V0ZW4uY28uanAvaGFycnkvY2FiaW5ldC9zbWFydF9waG9uZS9mdGR1Z3UuanBnIiB3aWR0aD0iNDQwIiBib3JkZXI9IjAiIHN0eWxlPSJtYXJnaW4tYm90dG9tOjVweDsiPgoKCjxpbWcgc3JjPSJodHRwczovL2ltYWdlLnJha3V0ZW4uY28uanAvaGFycnkvY2FiaW5ldC9zbWFydF9waG9uZS9mdHplbmdhcmEuanBnIiB3aWR0aD0iNDQwIiBib3JkZXI9IjAiIHN0eWxlPSJtYXJnaW4tYm90dG9tOjVweDsiPgoKCjxpbWcgc3JjPSJodHRwczovL2ltYWdlLnJha3V0ZW4uY28uanAvaGFycnkvY2FiaW5ldC9zbWFydF9waG9uZS9kZWNvdGFpcnUuanBnIiB3aWR0aD0iNDQwIiBib3JkZXI9IjAiIHN0eWxlPSJtYXJnaW4tYm90dG9tOjVweDsiPgoKPC9kaXY+PHA+PGltZyBzcmM9Imh0dHBzOi8vaW1hZ2UucmFrdXRlbi5jby5qcC9oYXJyeS9jYWJpbmV0L3NvdXJ5b3UtNDQwbi5qcGciIGJvcmRlcj0iMCI+PC9wPjxpbWcgc3JjPSJodHRwczovL2ltYWdlLnJha3V0ZW4uY28uanAvaGFycnkvY2FiaW5ldC9ndWlkZS9ucF80NDAuanBnIiBib3JkZXI9IjAiIHN0eWxlPSJtYXJnaW46MTBweCAwcHg7Ij48cCBzdHlsZT0iY29sb3I6ICNmZmY7IGJhY2tncm91bmQtY29sb3I6ICNmNjk7IGZvbnQtc2l6ZTogMjRweDsgcGFkZGluZzogMTBweDsgd2lkdGg6IDM4MHB4OyI+4oC744GT44Gh44KJ44Gu5ZWG5ZOB44GvMeaemuWNmOS9jeOBi+OCieOBlOizvOWFpeOBp+OBjeOBvuOBmeOAgjwvcD4KPHRhYmxlIHdpZHRoPSI0NDAiIGJvcmRlcj0iMCIgY2VsbHNwYWNpbmc9IjEiIGNlbGxwYWRkaW5nPSIzIiBiZ2NvbG9yPSIjNjY2NjY2IiBzdHlsZT0iZm9udC1mYW1pbHk6J+ODkuODqeOCruODjuinkuOCtCBQcm8gVzMnLCAnSGlyYWdpbm8gS2FrdSBHb3RoaWMgUHJvJywgJ+ODoeOCpOODquOCqicsIE1laXJ5bywgT3Nha2EsICfvvK3vvLMg77yw44K044K344OD44KvJywgJ01TIFBHb3RoaWMnLCBzYW5zLXNlcmlmOyBmb250LXNpemU6MTJweDsiPiA8dHI+ICAgIDx0ZCBiZ2NvbG9yPSIjQ0NDQ0NDIiBhbGlnbj0iY2VudGVyIj7llYblk4HlkI08L3RkPiAgICA8dGQgYmdjb2xvcj0iI0ZGRkZGRiI+44K344Oz44Kz44O844OrKHNpbmNvbCkgRkxPT1IgVElMRTxicj7jg6Ljgqvjgrnjg4jjg7zjg6A8L3RkPiAgPC90cj4gPHRkIGJnY29sb3I9IiNDQ0NDQ0MiIGFsaWduPSJjZW50ZXIiPuWVhuWTgeiqrOaYjjwvdGQ+ICAgIDx0ZCBiZ2NvbG9yPSIjRkZGRkZGIj7lupfoiJfjgYvjgonkvY/lroXjgb7jgafjgIHlpJrlvanjgarjg4vjg7zjgrrjgavlv5zjgYjjgovopIflsaTjg5Pjg4vjg6vluorjgr/jgqTjg6vjgIzjg57jg4Pjg4jjg43jg6njgI3osrzjgormm7/jgYjjgYznsKHljZjjgavlh7rmnaXjgaYK6LOD6LK45L2P5a6F44Gu54++54q25Zue5b6p562J44Gr5L6/5Yip44Gn44GZ44CCPGJyPjxicj4K44OV44Ot44Ki44K/44Kk44Or5bCC6ZaA5bqX44Gn5b+F6KaB44Gq5ZWG5ZOB5o+D44GI44Kk44Oz44OG44Oq44Ki44K344On44OD44OX44OP44Oq44O844Gn44Gv44CB44K144Oz44Ky44OE44O75p2x44Oq44O744K344Oz44Kz44O844Or44O744Oq44Oq44Kr44Op5LuW44KS44GU55So5oSP44GX44Gm44GK44KK44G+44GZ77yBIDxicj7jg5Xjg63jgqLjgr/jgqTjg6vjga7mn4TjgoLosYrlr4zvvIHkurrmsJfjga7jg5Xjg63jg7zjg6rjg7PjgrDoqr/jga7jg6rjgqLjg6vjgaog5pyo55uuKOOCpuODg+ODiSnmn4Tjga8g54Sh5Z6i5p2Q6aKo44KEIOOBiuOBl+OCg+OCjOOBqiDjg7TjgqPjg7Pjg4bjg7zjgrgg44K544Kv44Op44OD44OX44Km44OD44OJ6aKo44CB44Oq44Ki44Or44Gr6KGo54++5aSn55CG55+zKOOCueODiOODvOODsynjgIFw44K/44Kk44Or44Gu5qeY44GqIOODl+ODrOODvOODs+afhCDjg4bjg6njgrPjg4Pjgr/mn4Qg562J44Kv44OD44K344On44Oz44OV44Ot44Ki44KI44KK44KC6ICQ5LmF5oCn44Gr5YSq44KM44Gm44GE44KL44Gu44Gn5bqX6IiX55So44Gn44KC44GK44GZ44GZ44KB44Gn44GZ77yB5o6y6LyJ44GV44KM44Gm44GE44Gq44GE44OV44Ot44Ki44K/44Kk44Or44KC44GU6YGg5oWu44Gq44GP44GK5ZWP44GE5ZCI44KP44Gb5LiL44GV44GE44CC5o6l552A5Ymk5LiN6KaB44GuIOiyvOOCi+OBoOOBkSDnva7jgY/jgaDjgZHjgr/jgqTjg5fjga7jg4/jg6rjg7zjgqTjg7zjgrjjg7zjg4fjgrPjgr/jgqTjg6vjgoLjgZTmpJzoqI7jgY/jgaDjgZXjgYTjgII8YnI+PGJyPgo8c3BhbiBzdHlsZT0iY29sb3I6I2ZmMDAwMDsgZm9udC1zaXplOjEycHgiPuKAu+OBiuS9v+OBhOOBruODkeOCveOCs+ODs+eSsOWig+OBq+OCiOOBo+OBpuOBr+OAgSA8YnI+44CA5ZWG5ZOB44Gu6Imy44GM6KaL5pys44Go5aSa5bCR55Ww44Gq44KL5aC05ZCI44GM44GC44KK44G+44GZ44CCIDxicj48L3NwYW4+PGJyPnN0b25lIOOCsOODrOODvCDjg5njg7zjgrjjg6Ug44ON44Kk44OT44O8IOiyvOOCi+OBoOOBkSDjgr/jgqTjg6sg44OV44Ot44Ki44O8IOOCt+ODvOODiCDjg5Hjg43jg6sg5YK3IOaxmuOCjCDpmLLmraIg44OV44Ot44O844Oq44Oz44KwIOOCq+ODvOODmuODg+ODiCDoo5zkv64g5L+u55CGIOS/neittyDlvLfljJYg5pa95belIOOCquODleOCo+OCuSDjg6rjg5Pjg7PjgrAg44Oe44Oz44K344On44OzIOizg+iyuCDjgrXjg63jg7Mg44Oi44Or44K/44OrICDjgrPjg7Pjg5Hjg40g5LqM6YeN5bqVPC90ZD4gIDwvdHI+IDx0ZCBiZ2NvbG9yPSIjQ0NDQ0NDIiBhbGlnbj0iY2VudGVyIj7mjrLovInlk4Hnlao8L3RkPiAgICA8dGQgYmdjb2xvcj0iI0ZGRkZGRiI+TVMtOTczMgpNUy05NzMzCk1TLTk3MzQKTVMtOTczNQpNUy05NzM2Ck1TLTk3MzcKTVMtOTczODwvdGQ+ICA8L3RyPiA8dGQgYmdjb2xvcj0iI0NDQ0NDQyIgYWxpZ249ImNlbnRlciI+6ImyPC90ZD4gICAgPHRkIGJnY29sb3I9IiNGRkZGRkYiPuefs+ebruafhDwvdGQ+PC90cj4gPHRyPiAgICA8dGQgYmdjb2xvcj0iI0NDQ0NDQyIgYWxpZ249ImNlbnRlciI+44K144Kk44K6PC90ZD4gICAgPHRkIGJnY29sb3I9IiNGRkZGRkYiPuOCteOCpOOCuu+8mjQ1Ny4ybW14OTE0LjRtbTxicj7ljprjgb/vvJoyLjVtbTxicj7jg4jjg4Pjg5flsaTvvJrjgq/jg6rjgqLjg7wwLjNtPC90ZD4gIDwvdHI+IDx0cj4gICAgPHRkIGJnY29sb3I9IiNDQ0NDQ0MiIGFsaWduPSJjZW50ZXIiPuapn+iDvTwvdGQ+ICAgIDx0ZCBiZ2NvbG9yPSIjRkZGRkZGIj48cD7jgqvjg6njg7zjg5Djg4Pjgqvjg7w8L3RyPiAgPHRyPiAgICA8dGQgYmdjb2xvcj0iI0NDQ0NDQyIgd2lkdGg9IjEwMCIgYWxpZ249ImNlbnRlciI+6YCBIOaWmTwvdGQ+ICAgIDx0ZCBiZ2NvbG9yPSIjRkZGRkZGIj7jgJDpgIEg5paZ44CR6KW/5r+D6YGL6Ly4IOS7lu+8mjcwMOWGhu+8iOeojuWIpe+8iTxicj7igLvljJfmtbfpgZPjg7vmspbnuITjgbvjgYvkuIDpg6jjga7lnLDln5/jga/pmaTjgY3jgb7jgZnjgII8YnI+PGI+6YCB5paZ44Gu6Kmz57Sw44Gr44Gk44GE44Gm44Gv44GT44Gh44KJ44G477ye77yePC9iPjwvdGQ+ICAgPC90cj4gIDx0cj4gICAgPHRkIGJnY29sb3I9IiNDQ0NDQ0MiIGFsaWduPSJjZW50ZXIiPue0jSDmnJ88L3RkPiAgICA8dGQgYmdjb2xvcj0iI0ZGRkZGRiI+44GU5rOo5paH56K65a6a5b6M44CB57SEM++9njXllrbmpa3ml6U8L3RkPiAgPC90cj48L3RhYmxlPjxzdHlsZSB0eXBlPSJ0ZXh0L2NzcyI+CjwhLS0KCmRpdiNIZWFkZXJLZXl3b3JkIHsKCXBvc2l0aW9uOmFic29sdXRlOwoJdG9wOjUwcHg7LyrkuIDnlarkuIrjgYvjgonjga7kvY3nva4qLwoJbGVmdDo4cHg7Lyrlt6bnq6/jgYvjgonjga7kvY3nva4qLwoJd2lkdGg6MTIwMHB4Owp9CgpkaXYjSGVhZGVyS2V5d29yZCBzcGFuIHsKCWJhY2tncm91bmQ6ICNiZjAwMDA7Cgljb2xvcjojZmZmOwoJZm9udC13ZWlnaHQ6Ym9sZDsKCWZvbnQtc2l6ZToxMnB4OwoJZm9udC1mYW1pbHk6IuODoeOCpOODquOCqiI7CglwYWRkaW5nOjJweCA1cHg7Cn0KCmRpdiNIZWFkZXJLZXl3b3JkIGEgewoJY29sb3I6IzAwNDRDQzsKCWZvbnQtc2l6ZToxMnB4OwoJZm9udC1mYW1pbHk6IuODoeOCpOODquOCqiI7Cn0KCi0tPgo8L3N0eWxlPgoKPGRpdiBpZD0iSGVhZGVyS2V5d29yZCI+CjxzcGFuPuazqOebruOBruOCreODvOODr+ODvOODiTwvc3Bhbj4K44Kq44O844OA44O844Kr44O844OG44OzCiAvIArjg4bjg6njgrPjg4Pjgr/mn4Tluorjgrfjg7zjg4gKIC8gCua0l+OBiOOCi+OCv+OCpOODq+OCq+ODvOODmuODg+ODiAogLyAK5pmC6KiI5LuY44GN44Km44Kp44O844Or44K544OG44OD44Kr44O8CjwvZGl2Pg==,44OV44Ot44Ki44K/44Kk44OrIOOCt+ODs+OCs+ODvOODqyDjg57jg4Pjg4jjg43jg6kg5bqKIOW6iuadkCDjg5Xjg63jg7zjg6rjg7PjgrAg44OT44OL44OrIFDjgr/jgqTjg6sg44OV44Ot44KiIGRpeSDjg6rjg5Xjgqnjg7zjg6Ag5Zyf6Laz5a++5b+cIOOCpOODs+ODhuODquOCoiDlupfoiJcg5L2P5a6FIOOCueODiOODvOODsyDjg6Ljgqvjgrnjg4jjg7zjg6Ag55+zIOefs+ebruiqvyDlpKfnkIbnn7Mg55+z5p2QIDAzUO+8muOCpOODs+ODhuODquOCouOCt+ODp+ODg+ODlyDjgJDjg4/jg6rjg7zjgJE=,44Km44Kp44O844Or44K544OG44OD44Kr44O844K/44Kk44Or44Kr44O844Oa44OD44OI44Kv44OD44K344On44Oz44OV44Ot44Ki44Ks44Op44K544OV44Kj44Or44Og44OV44Ot44Ki44K/44Kk44Or44Kr44OD44OG44Kj44Oz44Kw44K344O844OI44K544OG44OD44Kr44O844Km44Kq44O844Or44K544OG44OD44Kr44O844K344O844Or44Kr44O844Oa44OD44OIZGl56Lui5YaZ44Km44Kp44O844Or44K544OG44OD44Kr44O8T0Hjg5Xjg63jgqLlo4HntJnjg6njgrDjgq/jg4Pjgrfjg6fjg7Pjg5Xjg63jgqLjg7zlo4HntJnjgrfjg7zjg6vjg4/jg6rjg7zjgrnjg4bjg4Pjgqvjg7zjg5Xjg63jgqLjg7zjgr/jgqTjg6vjgqTjg7Pjg4bjg6rjgqLjgqbjgqnjg7zjg6vjgrnjg4bjg4Pjgqvjg7zjg5Xjg63jgqLjgr/jgqTjg6sg44K344Oz44Kz44O844OrIOODnuODg+ODiOODjeODqSDluoog5bqK5p2QIOODleODreODvOODquODs+OCsCDjg5Pjg4vjg6sgUOOCv+OCpOODqyDjg5Xjg63jgqIgZGl5IOODquODleOCqeODvOODoCDlnJ/otrPlr77lv5wg44Kk44Oz44OG44Oq44KiIOW6l+iIlyDkvY/lroUg44K544OI44O844OzIOODouOCq+OCueODiOODvOODoCDnn7Mg55+z55uu6Kq/IOWkp+eQhuefsyDnn7PmnZAgMDNQ,c2luY29sIG1hdHRvbmVsbGEg44OV44Ot44Ki44O844K/44Kk44OrIDHmnprljZjkvY0g54i244Gu5pel44CC44OV44Ot44Ki44K/44Kk44OrIOOCt+ODs+OCs+ODvOODqyDjg57jg4Pjg4jjg43jg6kg5bqKIOW6iuadkCDjg5Xjg63jg7zjg6rjg7PjgrAg44OT44OL44OrIFDjgr/jgqTjg6sg44OV44Ot44KiIGRpeSDjg6rjg5Xjgqnjg7zjg6Ag5Zyf6Laz5a++5b+cIOOCpOODs+ODhuODquOCoiDlupfoiJcg5L2P5a6FIOOCueODiOODvOODsyDjg6Ljgqvjgrnjg4jjg7zjg6Ag55+zIOefs+ebruiqvyDlpKfnkIbnn7Mg55+z5p2QIDAzUA==[rn]
31-2631,aHR0cDovL3RzaG9wLnIxMHMuanAvaGFycnkvY2FiaW5ldC9zaW4tZnQvbDI0LTAxLXNpbi1tbjEyLmpwZz9maXRpbj03MDA6NzAw,MzExLjIwMDA=,,6Iqx44O744Ks44O844OH44Oz44O7RElZID4g5L2P5a6F5bu65p2Q44O76Kit5YKZID4g5bqK5p2QID4g44Gd44Gu5LuW,44OV44Ot44Ki44K/44Kk44OrIOOCt+ODs+OCs+ODvOODqyDjg57jg4Pjg4jjg43jg6kg5bqKIOW6iuadkCDjg5Xjg63jg7zjg6rjg7PjgrAg44OT44OL44OrIFDjgr/jgqTjg6sg44OV44Ot44KiIGRpeSDjg6rjg5Xjgqnjg7zjg6Ag5Zyf6Laz5a++5b+cIOOCpOODs+ODhuODquOCoiDlupfoiJcg5L2P5a6FIOOCpuODg+ODiSDjg6/jgrfjg7Pjg4jjg7Pjgqbjgqnjg7zjg6sg5pyoIOacqOebruiqvyDmnKjmnZAgMDNQ,c2luY29sIG1hdHRvbmVsbGEg44OV44Ot44Ki44O844K/44Kk44OrIDHmnprljZjkvY0g54i244Gu5pel,PGRpdiBzdHlsZT0id2lkdGg6IDcwMHB4OyBsaW5lLWhlaWdodDogMS41OyBjb2xvcjogIzJmMmIyNyI+CjxwIHN0eWxlPSJjb2xvcjogI2ZmZjsgYmFja2dyb3VuZC1jb2xvcjogI2Y2OTsgZm9udC1zaXplOiAyNHB4OyBwYWRkaW5nOiAxMHB4OyI+4oC744GT44Gh44KJ44Gu5ZWG5ZOB44GvMeaemuWNmOS9jeOBi+OCieOBlOizvOWFpeOBp+OBjeOBvuOBmeOAgjwvcD4KPHA+PGltZyBzcmM9Imh0dHBzOi8vaW1hZ2UucmFrdXRlbi5jby5qcC9oYXJyeS9jYWJpbmV0L3Npbi1mdC9sMjQtMDEtc2luLW1uMTIuanBnIiBib3JkZXI9IjAiIHdpZHRoPSI3MDAiIC8+PC9wPgo8cD48aW1nIHNyYz0iaHR0cHM6Ly9pbWFnZS5yYWt1dGVuLmNvLmpwL2hhcnJ5L2NhYmluZXQvc2luLWZ0L2wyNC0wMS1zaW4tbW4xMl8xLmpwZyIgYm9yZGVyPSIwIiB3aWR0aD0iNzAwIiAvPjwvcD4KCjxwIHN0eWxlPSJib3JkZXItbGVmdDogNXB4IHNvbGlkICM0ZTQ1M2E7IGJvcmRlci1ib3R0b206IDFweCBzb2xpZCAjNGU0NTNhOyBmb250LXNpemU6IDI0cHg7IHBhZGRpbmctbGVmdDogNXB4OyI+44OV44Ot44Ki44K/44Kk44Or44Gu6LK844KK5pa5PC9wPgoKPHAgc3R5bGU9ImNvbG9yOiMyMjIyMjI7IGZvbnQtc2l6ZTozMHB4OyBmb250LXdlaWdodDpib2xkOyBtYXJnaW46MHB4OyBwYWRkaW5nLWxlZnQ6MTBweDsgcGFkZGluZy10b3A6MTBweDsgcGFkZGluZy1ib3R0b206MjBweDsgZm9udC1mYW1pbHk6IEdlb3JnaWEsIFRpbWVzIE5ldyBSb21hbiwgVGltZXM7Ij5oYXJyeeOBp+Wls+aAp+OBruaWueOBq+Wcp+WAkueahOS6uuawl+OBruenmOWvhuKApjwvcD4KPHAgc3R5bGU9ImNvbG9yOiMzMzMzMzM7IGZvbnQtc2l6ZToxNnB4OyBtYXJnaW46MHB4OyBwYWRkaW5nLWxlZnQ6MTBweDsiPuOBneOCjOOBr+ODleODreOCouOCv+OCpOODq+OBjOOBiuaJi+i7veewoeWNmOOBoOOBi+OCie+8gTwvcD4KPGJyPgo8YnI+Cjx0YWJsZSB3aWR0aD0iNzAwIiBib3JkZXI9IjAiIGNlbGxzcGFjaW5nPSIwIiBjZWxscGFkZGluZz0iMCIgc3R5bGU9ImZvbnQtc2l6ZToxNHB4OyBjb2xvcjojMzMzMzMzIj4KICA8dHI+CiAgICA8dGQ+PGltZyBzcmM9Imh0dHBzOi8vaW1hZ2UucmFrdXRlbi5jby5qcC9oYXJyeS9jYWJpbmV0L2Zsb29yX3RpbGUvZmxvb3JfdGlsZV9ob3cwMS5qcGciIHdpZHRoPSIyMjUiIGhlaWdodD0iMjI1Ij48L3RkPgogICAgPHRkIHdpZHRoPSIxMiI+Jm5ic3A7PC90ZD4KICAgIDx0ZD48aW1nIHNyYz0iaHR0cHM6Ly9pbWFnZS5yYWt1dGVuLmNvLmpwL2hhcnJ5L2NhYmluZXQvZmxvb3JfdGlsZS9mbG9vcl90aWxlX2hvdzAyLmpwZyIgd2lkdGg9IjIyNSIgaGVpZ2h0PSIyMjUiPjwvdGQ+CiAgICA8dGQgd2lkdGg9IjEzIj4mbmJzcDs8L3RkPgogICAgPHRkPjxpbWcgc3JjPSJodHRwczovL2ltYWdlLnJha3V0ZW4uY28uanAvaGFycnkvY2FiaW5ldC9mbG9vcl90aWxlL2Zsb29yX3RpbGVfaG93MDMuanBnIiB3aWR0aD0iMjI1IiBoZWlnaHQ9IjIyNSI+PC90ZD4KICA8L3RyPjx0cj4KPHRkIGNvbHNwYW49IjUiIGhlaWdodD0iMTAiPiZuYnNwOzwvdGQ+CjwvdHI+CiAgPHRyPgogICAgPHRkIGFsaWduPSJsZWZ0IiB2YWxpZ249InRvcCI+44GK6YOo5bGL44Gu6ZqF44Gu44Kr44OD44OI6YOo5YiG44Gv44CB44GK5a6244Gr44GC44KL5a6a6KaP44Gn5Y2B5YiG77yBPGJyPuWumuimj+OCkuOBguOBpuOBpuOBk+OBruOCiOOBhuOBq+S9leW6puOBi+WIh+OCiuebruOCkuOBhOOCjOOBvuOBl+OCh+OBhu+8gTwvdGQ+CiAgICA8dGQgYWxpZ249ImxlZnQiIHZhbGlnbj0idG9wIj4mbmJzcDs8L3RkPgogICAgPHRkIGFsaWduPSJsZWZ0IiB2YWxpZ249InRvcCI+6Lu944GP5oqY44KK5puy44GS44KM44Gw44GT44Gu44Go44GK44KK44CCPC90ZD4KICAgIDx0ZCBhbGlnbj0ibGVmdCIgdmFsaWduPSJ0b3AiPiZuYnNwOzwvdGQ+CiAgICA8dGQgYWxpZ249ImxlZnQiIHZhbGlnbj0idG9wIj7mipjjgormm7LjgZLjgZ/pg6jliIbjgpLjgZPjga7jgojjgYbjgavjgqvjg4Pjgr/jg7zjgafjgIHjgrfjg6Xjg4Pjgajou73jgY/liIPjgpLjgYTjgozjgozjgbDvvIE8L3RkPgogIDwvdHI+CiAgPHRyPgogICAgPHRkIGhlaWdodD0iMTUiIGNvbHNwYW49IjUiPiZuYnNwOzwvdGQ+CiAgPC90cj4KICA8dHI+CiAgICA8dGQ+PGltZyBzcmM9Imh0dHBzOi8vaW1hZ2UucmFrdXRlbi5jby5qcC9oYXJyeS9jYWJpbmV0L2Zsb29yX3RpbGUvZmxvb3JfdGlsZV9ob3cwNC5qcGciIHdpZHRoPSIyMjUiIGhlaWdodD0iMjI1Ij48L3RkPgogICAgPHRkIHdpZHRoPSIxMiI+Jm5ic3A7PC90ZD4KICAgIDx0ZD48aW1nIHNyYz0iaHR0cHM6Ly9pbWFnZS5yYWt1dGVuLmNvLmpwL2hhcnJ5L2NhYmluZXQvZmxvb3JfdGlsZS9mbG9vcl90aWxlX2hvdzA1LmpwZyIgd2lkdGg9IjIyNSIgaGVpZ2h0PSIyMjUiPjwvdGQ+CiAgICA8dGQgd2lkdGg9IjEzIj4mbmJzcDs8L3RkPgogICAgPHRkPjxpbWcgc3JjPSJodHRwczovL2ltYWdlLnJha3V0ZW4uY28uanAvaGFycnkvY2FiaW5ldC9mbG9vcl90aWxlL2Zsb29yX3RpbGVfaG93MDYuanBnIiB3aWR0aD0iMjI1IiBoZWlnaHQ9IjIyNSI+PC90ZD4KICA8L3RyPjx0cj4KPHRkIGNvbHNwYW49IjUiIGhlaWdodD0iMTAiPiZuYnNwOzwvdGQ+CjwvdHI+CiAgPHRyPgogICAgPHRkIGFsaWduPSJsZWZ0IiB2YWxpZ249InRvcCI+44Gv44GE77yBPGJyPuOCq+ODg+ODiOWujOS6huOBp+OBmeOAgjwvdGQ+CiAgICA8dGQ+Jm5ic3A7PC90ZD4KICAgIDx0ZCBhbGlnbj0ibGVmdCIgdmFsaWduPSJ0b3AiPuOBr+OBleOBv+OBp+OCguOAgeOCguOBoeOCjeOCk++8r++8q++8gTxicj7lh7rmnaXjgozjgbDlpKfjgY3jgYTjga/jgZXjgb/jgafjga3jg7vjg7vjg7s8L3RkPgogICAgPHRkPiZuYnNwOzwvdGQ+CiAgICA8dGQgYWxpZ249ImxlZnQiIHZhbGlnbj0idG9wIj7lv4XopoHjgarloLTmiYDjgavjgII8L3RkPgogIDwvdHI+CjwvdGFibGU+PGJyPjxicj4KCjxwIHN0eWxlPSJib3JkZXItbGVmdDogNXB4IHNvbGlkICM0ZTQ1M2E7IGJvcmRlci1ib3R0b206IDFweCBzb2xpZCAjNGU0NTNhOyBmb250LXNpemU6IDI0cHg7IHBhZGRpbmctbGVmdDogNXB4OyI+44OV44Ot44Ki44K/44Kk44Or5bCC55So44Gu44KK44Gu44GU57S55LuLPC9wPgoKPGJyIC8+Cgo8cCBzdHlsZT0idGV4dC1hbGlnbjogY2VudGVyOyI+PGEgaHJlZj0iaHR0cHM6Ly9pdGVtLnJha3V0ZW4uY28uanAvaGFycnkvYy8wMDAwMDAwNDQyLyIgdGFyZ2V0PSJfYmxhbmsiPjxpbWcgc3JjPSJodHRwczovL2ltYWdlLnJha3V0ZW4uY28uanAvaGFycnkvY2FiaW5ldC8wMjM4MDQ3OC9mbG9vcnRpbGUta2FucmVuLWJhbi5qcGciIGJvcmRlcj0iMCIgYWx0PSLpgZPlhbfpoZ4iPjwvYT48L3A+PGJyIC8+CgoKPHA+PGEgaHJlZj0iaHR0cHM6Ly9pdGVtLnJha3V0ZW4uY28uanAvaGFycnkvYy8wMDAwMDAxMzg4LyIgdGFyZ2V0PSJfYmxhbmsiPjxpbWcgc3JjPSJodHRwczovL2ltYWdlLnJha3V0ZW4uY28uanAvaGFycnkvY2FiaW5ldC8wMjM4MDQ3OC9mbG9vcnRpbGUtc2FtcGxlLWJhbi5qcGciIGJvcmRlcj0iMCIgYWx0PSLnlLvlg48iPjwvYT48L3A+PGJyPjxicj4KCjxwIHN0eWxlPSJib3JkZXItbGVmdDogNXB4IHNvbGlkICM0ZTQ1M2E7IGJvcmRlci1ib3R0b206IDFweCBzb2xpZCAjNGU0NTNhOyBmb250LXNpemU6IDI0cHg7IHBhZGRpbmctbGVmdDogNXB4OyI+44OV44Ot44Ki44K/44Kk44Or5LiA6KanPC9wPgoKPHA+PGEgaHJlZj0iaHR0cHM6Ly9pdGVtLnJha3V0ZW4uY28uanAvaGFycnkvYy8wMDAwMDAwMjUyLyIgdGFyZ2V0PSJfYmxhbmsiPjxpbWcgc3JjPSJodHRwczovL2ltYWdlLnJha3V0ZW4uY28uanAvaGFycnkvY2FiaW5ldC8wMzUyNTg4Mi9mdC10by10b3AuanBnIiBib3JkZXI9IjAiIGFsdD0i55S75YOPIj48L2E+PC9wPjxicj48YnI+Cgo8L2Rpdj48ZGl2IHN0eWxlPSJ3aWR0aDo0NDBweDsgYm9yZGVyOjBweDsgdGV4dC1hbGlnbjpjZW50ZXI7Ij4KCjxpbWcgc3JjPSJodHRwczovL2ltYWdlLnJha3V0ZW4uY28uanAvaGFycnkvY2FiaW5ldC9zbWFydF9waG9uZS9mdGR1Z3UuanBnIiB3aWR0aD0iNDQwIiBib3JkZXI9IjAiIHN0eWxlPSJtYXJnaW4tYm90dG9tOjVweDsiPgoKCjxpbWcgc3JjPSJodHRwczovL2ltYWdlLnJha3V0ZW4uY28uanAvaGFycnkvY2FiaW5ldC9zbWFydF9waG9uZS9mdHplbmdhcmEuanBnIiB3aWR0aD0iNDQwIiBib3JkZXI9IjAiIHN0eWxlPSJtYXJnaW4tYm90dG9tOjVweDsiPgoKCjxpbWcgc3JjPSJodHRwczovL2ltYWdlLnJha3V0ZW4uY28uanAvaGFycnkvY2FiaW5ldC9zbWFydF9waG9uZS9kZWNvdGFpcnUuanBnIiB3aWR0aD0iNDQwIiBib3JkZXI9IjAiIHN0eWxlPSJtYXJnaW4tYm90dG9tOjVweDsiPgoKPC9kaXY+PHA+PGltZyBzcmM9Imh0dHBzOi8vaW1hZ2UucmFrdXRlbi5jby5qcC9oYXJyeS9jYWJpbmV0L3NvdXJ5b3UtNDQwbi5qcGciIGJvcmRlcj0iMCI+PC9wPjxpbWcgc3JjPSJodHRwczovL2ltYWdlLnJha3V0ZW4uY28uanAvaGFycnkvY2FiaW5ldC9ndWlkZS9ucF80NDAuanBnIiBib3JkZXI9IjAiIHN0eWxlPSJtYXJnaW46MTBweCAwcHg7Ij48cCBzdHlsZT0iY29sb3I6ICNmZmY7IGJhY2tncm91bmQtY29sb3I6ICNmNjk7IGZvbnQtc2l6ZTogMjRweDsgcGFkZGluZzogMTBweDsgd2lkdGg6IDM4MHB4OyI+4oC744GT44Gh44KJ44Gu5ZWG5ZOB44GvMeaemuWNmOS9jeOBi+OCieOBlOizvOWFpeOBp+OBjeOBvuOBmeOAgjwvcD4KPHRhYmxlIHdpZHRoPSI0NDAiIGJvcmRlcj0iMCIgY2VsbHNwYWNpbmc9IjEiIGNlbGxwYWRkaW5nPSIzIiBiZ2NvbG9yPSIjNjY2NjY2IiBzdHlsZT0iZm9udC1mYW1pbHk6J+ODkuODqeOCruODjuinkuOCtCBQcm8gVzMnLCAnSGlyYWdpbm8gS2FrdSBHb3RoaWMgUHJvJywgJ+ODoeOCpOODquOCqicsIE1laXJ5bywgT3Nha2EsICfvvK3vvLMg77yw44K044K344OD44KvJywgJ01TIFBHb3RoaWMnLCBzYW5zLXNlcmlmOyBmb250LXNpemU6MTJweDsiPiA8dHI+ICAgIDx0ZCBiZ2NvbG9yPSIjQ0NDQ0NDIiBhbGlnbj0iY2VudGVyIj7llYblk4HlkI08L3RkPiAgICA8dGQgYmdjb2xvcj0iI0ZGRkZGRiI+44K344Oz44Kz44O844OrKHNpbmNvbCkgRkxPT1IgVElMRTxicj7jg6/jgrfjg7Pjg4jjg7Pjgqbjgqnjg7zjg6s8L3RkPiAgPC90cj4gPHRkIGJnY29sb3I9IiNDQ0NDQ0MiIGFsaWduPSJjZW50ZXIiPuWVhuWTgeiqrOaYjjwvdGQ+ICAgIDx0ZCBiZ2NvbG9yPSIjRkZGRkZGIj7lupfoiJfjgYvjgonkvY/lroXjgb7jgafjgIHlpJrlvanjgarjg4vjg7zjgrrjgavlv5zjgYjjgovopIflsaTjg5Pjg4vjg6vluorjgr/jgqTjg6vjgIzjg57jg4Pjg4jjg43jg6njgI3osrzjgormm7/jgYjjgYznsKHljZjjgavlh7rmnaXjgaYK6LOD6LK45L2P5a6F44Gu54++54q25Zue5b6p562J44Gr5L6/5Yip44Gn44GZ44CCPGJyPjxicj4K44OV44Ot44Ki44K/44Kk44Or5bCC6ZaA5bqX44Gn5b+F6KaB44Gq5ZWG5ZOB5o+D44GI44Kk44Oz44OG44Oq44Ki44K344On44OD44OX44OP44Oq44O844Gn44Gv44CB44K144Oz44Ky44OE44O75p2x44Oq44O744K344Oz44Kz44O844Or44O744Oq44Oq44Kr44Op5LuW44KS44GU55So5oSP44GX44Gm44GK44KK44G+44GZ77yBIDxicj7jg5Xjg63jgqLjgr/jgqTjg6vjga7mn4TjgoLosYrlr4zvvIHkurrmsJfjga7jg5Xjg63jg7zjg6rjg7PjgrDoqr/jga7jg6rjgqLjg6vjgaog5pyo55uuKOOCpuODg+ODiSnmn4Tjga8g54Sh5Z6i5p2Q6aKo44KEIOOBiuOBl+OCg+OCjOOBqiDjg7TjgqPjg7Pjg4bjg7zjgrgg44K544Kv44Op44OD44OX44Km44OD44OJ6aKo44CB44Oq44Ki44Or44Gr6KGo54++5aSn55CG55+zKOOCueODiOODvOODsynjgIFw44K/44Kk44Or44Gu5qeY44GqIOODl+ODrOODvOODs+afhCDjg4bjg6njgrPjg4Pjgr/mn4Qg562J44Kv44OD44K344On44Oz44OV44Ot44Ki44KI44KK44KC6ICQ5LmF5oCn44Gr5YSq44KM44Gm44GE44KL44Gu44Gn5bqX6IiX55So44Gn44KC44GK44GZ44GZ44KB44Gn44GZ77yB5o6y6LyJ44GV44KM44Gm44GE44Gq44GE44OV44Ot44Ki44K/44Kk44Or44KC44GU6YGg5oWu44Gq44GP44GK5ZWP44GE5ZCI44KP44Gb5LiL44GV44GE44CC5o6l552A5Ymk5LiN6KaB44GuIOiyvOOCi+OBoOOBkSDnva7jgY/jgaDjgZHjgr/jgqTjg5fjga7jg4/jg6rjg7zjgqTjg7zjgrjjg7zjg4fjgrPjgr/jgqTjg6vjgoLjgZTmpJzoqI7jgY/jgaDjgZXjgYTjgII8YnI+PGJyPgo8c3BhbiBzdHlsZT0iY29sb3I6I2ZmMDAwMDsgZm9udC1zaXplOjEycHgiPuKAu+OBiuS9v+OBhOOBruODkeOCveOCs+ODs+eSsOWig+OBq+OCiOOBo+OBpuOBr+OAgSA8YnI+44CA5ZWG5ZOB44Gu6Imy44GM6KaL5pys44Go5aSa5bCR55Ww44Gq44KL5aC05ZCI44GM44GC44KK44G+44GZ44CCIDxicj48L3NwYW4+PGJyPndvb2Qg44OW44Op44Km44OzIOODgOODvOOCr+ODluODqeOCpuODsyDojLboibIg6LK844KL44Gg44GRIOOCv+OCpOODqyDjg5Xjg63jgqLjg7wg44K344O844OIIOODkeODjeODqyDlgrcg5rGa44KMIOmYsuatoiDjg5Xjg63jg7zjg6rjg7PjgrAg44Kr44O844Oa44OD44OIIOijnOS/riDkv67nkIYg5L+d6K23IOW8t+WMliDmlr3lt6Ug44Kq44OV44Kj44K5IOODquODk+ODs+OCsCDjg57jg7Pjgrfjg6fjg7Mg6LOD6LK4IOOCteODreODsyDjg6Ljg6vjgr/jg6sgIOOCs+ODs+ODkeODjSDkuozph43lupU8L3RkPiAgPC90cj4gPHRkIGJnY29sb3I9IiNDQ0NDQ0MiIGFsaWduPSJjZW50ZXIiPuaOsui8ieWTgeeVqjwvdGQ+ICAgIDx0ZCBiZ2NvbG9yPSIjRkZGRkZGIj5SVy05MDIxClJXLTkwMjI8L3RkPiAgPC90cj4gPHRkIGJnY29sb3I9IiNDQ0NDQ0MiIGFsaWduPSJjZW50ZXIiPuiJsjwvdGQ+ICAgIDx0ZCBiZ2NvbG9yPSIjRkZGRkZGIj7mnKjnm67mn4Q8L3RkPjwvdHI+IDx0cj4gICAgPHRkIGJnY29sb3I9IiNDQ0NDQ0MiIGFsaWduPSJjZW50ZXIiPuOCteOCpOOCujwvdGQ+ICAgIDx0ZCBiZ2NvbG9yPSIjRkZGRkZGIj7jgrXjgqTjgrrvvJoxNTIuNG1teDkxNC40bW08YnI+5Y6a44G/77yaMi41bW08YnI+44OI44OD44OX5bGk77ya44Kv44Oq44Ki44O8MC4zbTwvdGQ+ICA8L3RyPiA8dHI+ICAgIDx0ZCBiZ2NvbG9yPSIjQ0NDQ0NDIiBhbGlnbj0iY2VudGVyIj7mqZ/og708L3RkPiAgICA8dGQgYmdjb2xvcj0iI0ZGRkZGRiI+PHA+UumdouWPljwvdHI+ICA8dHI+ICAgIDx0ZCBiZ2NvbG9yPSIjQ0NDQ0NDIiB3aWR0aD0iMTAwIiBhbGlnbj0iY2VudGVyIj7pgIEg5paZPC90ZD4gICAgPHRkIGJnY29sb3I9IiNGRkZGRkYiPuOAkOmAgSDmlpnjgJHopb/mv4PpgYvovLgg5LuW77yaNzAw5YaG77yI56iO5Yil77yJPGJyPuKAu+WMl+a1t+mBk+ODu+aylue4hOOBu+OBi+S4gOmDqOOBruWcsOWfn+OBr+mZpOOBjeOBvuOBmeOAgjxicj48Yj7pgIHmlpnjga7oqbPntLDjgavjgaTjgYTjgabjga/jgZPjgaHjgonjgbjvvJ7vvJ48L2I+PC90ZD4gICA8L3RyPiAgPHRyPiAgICA8dGQgYmdjb2xvcj0iI0NDQ0NDQyIgYWxpZ249ImNlbnRlciI+57SNIOacnzwvdGQ+ICAgIDx0ZCBiZ2NvbG9yPSIjRkZGRkZGIj7jgZTms6jmlofnorrlrprlvozjgIHntIQz772eNeWWtualreaXpTwvdGQ+ICA8L3RyPjwvdGFibGU+PHN0eWxlIHR5cGU9InRleHQvY3NzIj4KPCEtLQoKZGl2I0hlYWRlcktleXdvcmQgewoJcG9zaXRpb246YWJzb2x1dGU7Cgl0b3A6NTBweDsvKuS4gOeVquS4iuOBi+OCieOBruS9jee9riovCglsZWZ0OjhweDsvKuW3puerr+OBi+OCieOBruS9jee9riovCgl3aWR0aDoxMjAwcHg7Cn0KCmRpdiNIZWFkZXJLZXl3b3JkIHNwYW4gewoJYmFja2dyb3VuZDogI2JmMDAwMDsKCWNvbG9yOiNmZmY7Cglmb250LXdlaWdodDpib2xkOwoJZm9udC1zaXplOjEycHg7Cglmb250LWZhbWlseToi44Oh44Kk44Oq44KqIjsKCXBhZGRpbmc6MnB4IDVweDsKfQoKZGl2I0hlYWRlcktleXdvcmQgYSB7Cgljb2xvcjojMDA0NENDOwoJZm9udC1zaXplOjEycHg7Cglmb250LWZhbWlseToi44Oh44Kk44Oq44KqIjsKfQoKLS0+Cjwvc3R5bGU+Cgo8ZGl2IGlkPSJIZWFkZXJLZXl3b3JkIj4KPHNwYW4+5rOo55uu44Gu44Kt44O844Ov44O844OJPC9zcGFuPgrjgqrjg7zjg4Djg7zjgqvjg7zjg4bjg7MKIC8gCuODhuODqeOCs+ODg+OCv+afhOW6iuOCt+ODvOODiAogLyAK5rSX44GI44KL44K/44Kk44Or44Kr44O844Oa44OD44OICiAvIArmmYLoqIjku5jjgY3jgqbjgqnjg7zjg6vjgrnjg4bjg4Pjgqvjg7wKPC9kaXY+,44OV44Ot44Ki44K/44Kk44OrIOOCt+ODs+OCs+ODvOODqyDjg57jg4Pjg4jjg43jg6kg5bqKIOW6iuadkCDjg5Xjg63jg7zjg6rjg7PjgrAg44OT44OL44OrIFDjgr/jgqTjg6sg44OV44Ot44KiIGRpeSDjg6rjg5Xjgqnjg7zjg6Ag5Zyf6Laz5a++5b+cIOOCpOODs+ODhuODquOCoiDlupfoiJcg5L2P5a6FIOOCpuODg+ODiSDjg6/jgrfjg7Pjg4jjg7Pjgqbjgqnjg7zjg6sg5pyoIOacqOebruiqvyDmnKjmnZAgMDNQ77ya44Kk44Oz44OG44Oq44Ki44K344On44OD44OXIOOAkOODj+ODquODvOOAkQ==,44Km44Kp44O844Or44K544OG44OD44Kr44O844K/44Kk44Or44Kr44O844Oa44OD44OI44Kv44OD44K344On44Oz44OV44Ot44Ki44Ks44Op44K544OV44Kj44Or44Og44OV44Ot44Ki44K/44Kk44Or44Kr44OD44OG44Kj44Oz44Kw44K344O844OI44K544OG44OD44Kr44O844Km44Kq44O844Or44K544OG44OD44Kr44O844K344O844Or44Kr44O844Oa44OD44OIZGl56Lui5YaZ44Km44Kp44O844Or44K544OG44OD44Kr44O8T0Hjg5Xjg63jgqLlo4HntJnjg6njgrDjgq/jg4Pjgrfjg6fjg7Pjg5Xjg63jgqLjg7zlo4HntJnjgrfjg7zjg6vjg4/jg6rjg7zjgrnjg4bjg4Pjgqvjg7zjg5Xjg63jgqLjg7zjgr/jgqTjg6vjgqTjg7Pjg4bjg6rjgqLjgqbjgqnjg7zjg6vjgrnjg4bjg4Pjgqvjg7zjg5Xjg63jgqLjgr/jgqTjg6sg44K344Oz44Kz44O844OrIOODnuODg+ODiOODjeODqSDluoog5bqK5p2QIOODleODreODvOODquODs+OCsCDjg5Pjg4vjg6sgUOOCv+OCpOODqyDjg5Xjg63jgqIgZGl5IOODquODleOCqeODvOODoCDlnJ/otrPlr77lv5wg44Kk44Oz44OG44Oq44KiIOW6l+iIlyDkvY/lroUg44Km44OD44OJIOODr+OCt+ODs+ODiOODs+OCpuOCqeODvOODqyDmnKgg5pyo55uu6Kq/IOacqOadkCAwM1A=,c2luY29sIG1hdHRvbmVsbGEg44OV44Ot44Ki44O844K/44Kk44OrIDHmnprljZjkvY0g54i244Gu5pel44CC44OV44Ot44Ki44K/44Kk44OrIOOCt+ODs+OCs+ODvOODqyDjg57jg4Pjg4jjg43jg6kg5bqKIOW6iuadkCDjg5Xjg63jg7zjg6rjg7PjgrAg44OT44OL44OrIFDjgr/jgqTjg6sg44OV44Ot44KiIGRpeSDjg6rjg5Xjgqnjg7zjg6Ag5Zyf6Laz5a++5b+cIOOCpOODs+ODhuODquOCoiDlupfoiJcg5L2P5a6FIOOCpuODg+ODiSDjg6/jgrfjg7Pjg4jjg7Pjgqbjgqnjg7zjg6sg5pyoIOacqOebruiqvyDmnKjmnZAgMDNQ[rn]
31-2632,aHR0cDovL3RzaG9wLnIxMHMuanAvaGFycnkvY2FiaW5ldC9zaW4tZnQvbDI0LTAxLXNpbi1tbjEwLmpwZz9maXRpbj03MDA6NzAw,MzA1LjYwMDA=,,6Iqx44O744Ks44O844OH44Oz44O7RElZID4g5L2P5a6F5bu65p2Q44O76Kit5YKZID4g5bqK5p2QID4g44Gd44Gu5LuW,44OV44Ot44Ki44K/44Kk44OrIOOCt+ODs+OCs+ODvOODqyDjg57jg4Pjg4jjg43jg6kg5bqKIOW6iuadkCDjg5Xjg63jg7zjg6rjg7PjgrAg44OT44OL44OrIFDjgr/jgqTjg6sg44OV44Ot44KiIGRpeSDjg6rjg5Xjgqnjg7zjg6Ag5Zyf6Laz5a++5b+cIOOCpOODs+ODhuODquOCoiDlupfoiJcg5L2P5a6FIOOCpuODg+ODiSDjg5jjgqTjgqLjg7Pjg5Ljg47jgq0g5pyoIOacqOebruiqvyDmnKjmnZAgMDNQ,c2luY29sIG1hdHRvbmVsbGEg44OV44Ot44Ki44O844K/44Kk44OrIDHmnprljZjkvY0g54i244Gu5pel,PGRpdiBzdHlsZT0id2lkdGg6IDcwMHB4OyBsaW5lLWhlaWdodDogMS41OyBjb2xvcjogIzJmMmIyNyI+CjxwIHN0eWxlPSJjb2xvcjogI2ZmZjsgYmFja2dyb3VuZC1jb2xvcjogI2Y2OTsgZm9udC1zaXplOiAyNHB4OyBwYWRkaW5nOiAxMHB4OyI+4oC744GT44Gh44KJ44Gu5ZWG5ZOB44GvMeaemuWNmOS9jeOBi+OCieOBlOizvOWFpeOBp+OBjeOBvuOBmeOAgjwvcD4KPHA+PGltZyBzcmM9Imh0dHBzOi8vaW1hZ2UucmFrdXRlbi5jby5qcC9oYXJyeS9jYWJpbmV0L3Npbi1mdC9sMjQtMDEtc2luLW1uMTAuanBnIiBib3JkZXI9IjAiIHdpZHRoPSI3MDAiIC8+PC9wPgo8cD48aW1nIHNyYz0iaHR0cHM6Ly9pbWFnZS5yYWt1dGVuLmNvLmpwL2hhcnJ5L2NhYmluZXQvc2luLWZ0L2wyNC0wMS1zaW4tbW4xMF8xLmpwZyIgYm9yZGVyPSIwIiB3aWR0aD0iNzAwIiAvPjwvcD4KCjxwIHN0eWxlPSJib3JkZXItbGVmdDogNXB4IHNvbGlkICM0ZTQ1M2E7IGJvcmRlci1ib3R0b206IDFweCBzb2xpZCAjNGU0NTNhOyBmb250LXNpemU6IDI0cHg7IHBhZGRpbmctbGVmdDogNXB4OyI+44OV44Ot44Ki44K/44Kk44Or44Gu6LK844KK5pa5PC9wPgoKPHAgc3R5bGU9ImNvbG9yOiMyMjIyMjI7IGZvbnQtc2l6ZTozMHB4OyBmb250LXdlaWdodDpib2xkOyBtYXJnaW46MHB4OyBwYWRkaW5nLWxlZnQ6MTBweDsgcGFkZGluZy10b3A6MTBweDsgcGFkZGluZy1ib3R0b206MjBweDsgZm9udC1mYW1pbHk6IEdlb3JnaWEsIFRpbWVzIE5ldyBSb21hbiwgVGltZXM7Ij5oYXJyeeOBp+Wls+aAp+OBruaWueOBq+Wcp+WAkueahOS6uuawl+OBruenmOWvhuKApjwvcD4KPHAgc3R5bGU9ImNvbG9yOiMzMzMzMzM7IGZvbnQtc2l6ZToxNnB4OyBtYXJnaW46MHB4OyBwYWRkaW5nLWxlZnQ6MTBweDsiPuOBneOCjOOBr+ODleODreOCouOCv+OCpOODq+OBjOOBiuaJi+i7veewoeWNmOOBoOOBi+OCie+8gTwvcD4KPGJyPgo8YnI+Cjx0YWJsZSB3aWR0aD0iNzAwIiBib3JkZXI9IjAiIGNlbGxzcGFjaW5nPSIwIiBjZWxscGFkZGluZz0iMCIgc3R5bGU9ImZvbnQtc2l6ZToxNHB4OyBjb2xvcjojMzMzMzMzIj4KICA8dHI+CiAgICA8dGQ+PGltZyBzcmM9Imh0dHBzOi8vaW1hZ2UucmFrdXRlbi5jby5qcC9oYXJyeS9jYWJpbmV0L2Zsb29yX3RpbGUvZmxvb3JfdGlsZV9ob3cwMS5qcGciIHdpZHRoPSIyMjUiIGhlaWdodD0iMjI1Ij48L3RkPgogICAgPHRkIHdpZHRoPSIxMiI+Jm5ic3A7PC90ZD4KICAgIDx0ZD48aW1nIHNyYz0iaHR0cHM6Ly9pbWFnZS5yYWt1dGVuLmNvLmpwL2hhcnJ5L2NhYmluZXQvZmxvb3JfdGlsZS9mbG9vcl90aWxlX2hvdzAyLmpwZyIgd2lkdGg9IjIyNSIgaGVpZ2h0PSIyMjUiPjwvdGQ+CiAgICA8dGQgd2lkdGg9IjEzIj4mbmJzcDs8L3RkPgogICAgPHRkPjxpbWcgc3JjPSJodHRwczovL2ltYWdlLnJha3V0ZW4uY28uanAvaGFycnkvY2FiaW5ldC9mbG9vcl90aWxlL2Zsb29yX3RpbGVfaG93MDMuanBnIiB3aWR0aD0iMjI1IiBoZWlnaHQ9IjIyNSI+PC90ZD4KICA8L3RyPjx0cj4KPHRkIGNvbHNwYW49IjUiIGhlaWdodD0iMTAiPiZuYnNwOzwvdGQ+CjwvdHI+CiAgPHRyPgogICAgPHRkIGFsaWduPSJsZWZ0IiB2YWxpZ249InRvcCI+44GK6YOo5bGL44Gu6ZqF44Gu44Kr44OD44OI6YOo5YiG44Gv44CB44GK5a6244Gr44GC44KL5a6a6KaP44Gn5Y2B5YiG77yBPGJyPuWumuimj+OCkuOBguOBpuOBpuOBk+OBruOCiOOBhuOBq+S9leW6puOBi+WIh+OCiuebruOCkuOBhOOCjOOBvuOBl+OCh+OBhu+8gTwvdGQ+CiAgICA8dGQgYWxpZ249ImxlZnQiIHZhbGlnbj0idG9wIj4mbmJzcDs8L3RkPgogICAgPHRkIGFsaWduPSJsZWZ0IiB2YWxpZ249InRvcCI+6Lu944GP5oqY44KK5puy44GS44KM44Gw44GT44Gu44Go44GK44KK44CCPC90ZD4KICAgIDx0ZCBhbGlnbj0ibGVmdCIgdmFsaWduPSJ0b3AiPiZuYnNwOzwvdGQ+CiAgICA8dGQgYWxpZ249ImxlZnQiIHZhbGlnbj0idG9wIj7mipjjgormm7LjgZLjgZ/pg6jliIbjgpLjgZPjga7jgojjgYbjgavjgqvjg4Pjgr/jg7zjgafjgIHjgrfjg6Xjg4Pjgajou73jgY/liIPjgpLjgYTjgozjgozjgbDvvIE8L3RkPgogIDwvdHI+CiAgPHRyPgogICAgPHRkIGhlaWdodD0iMTUiIGNvbHNwYW49IjUiPiZuYnNwOzwvdGQ+CiAgPC90cj4KICA8dHI+CiAgICA8dGQ+PGltZyBzcmM9Imh0dHBzOi8vaW1hZ2UucmFrdXRlbi5jby5qcC9oYXJyeS9jYWJpbmV0L2Zsb29yX3RpbGUvZmxvb3JfdGlsZV9ob3cwNC5qcGciIHdpZHRoPSIyMjUiIGhlaWdodD0iMjI1Ij48L3RkPgogICAgPHRkIHdpZHRoPSIxMiI+Jm5ic3A7PC90ZD4KICAgIDx0ZD48aW1nIHNyYz0iaHR0cHM6Ly9pbWFnZS5yYWt1dGVuLmNvLmpwL2hhcnJ5L2NhYmluZXQvZmxvb3JfdGlsZS9mbG9vcl90aWxlX2hvdzA1LmpwZyIgd2lkdGg9IjIyNSIgaGVpZ2h0PSIyMjUiPjwvdGQ+CiAgICA8dGQgd2lkdGg9IjEzIj4mbmJzcDs8L3RkPgogICAgPHRkPjxpbWcgc3JjPSJodHRwczovL2ltYWdlLnJha3V0ZW4uY28uanAvaGFycnkvY2FiaW5ldC9mbG9vcl90aWxlL2Zsb29yX3RpbGVfaG93MDYuanBnIiB3aWR0aD0iMjI1IiBoZWlnaHQ9IjIyNSI+PC90ZD4KICA8L3RyPjx0cj4KPHRkIGNvbHNwYW49IjUiIGhlaWdodD0iMTAiPiZuYnNwOzwvdGQ+CjwvdHI+CiAgPHRyPgogICAgPHRkIGFsaWduPSJsZWZ0IiB2YWxpZ249InRvcCI+44Gv44GE77yBPGJyPuOCq+ODg+ODiOWujOS6huOBp+OBmeOAgjwvdGQ+CiAgICA8dGQ+Jm5ic3A7PC90ZD4KICAgIDx0ZCBhbGlnbj0ibGVmdCIgdmFsaWduPSJ0b3AiPuOBr+OBleOBv+OBp+OCguOAgeOCguOBoeOCjeOCk++8r++8q++8gTxicj7lh7rmnaXjgozjgbDlpKfjgY3jgYTjga/jgZXjgb/jgafjga3jg7vjg7vjg7s8L3RkPgogICAgPHRkPiZuYnNwOzwvdGQ+CiAgICA8dGQgYWxpZ249ImxlZnQiIHZhbGlnbj0idG9wIj7lv4XopoHjgarloLTmiYDjgavjgII8L3RkPgogIDwvdHI+CjwvdGFibGU+PGJyPjxicj4KCjxwIHN0eWxlPSJib3JkZXItbGVmdDogNXB4IHNvbGlkICM0ZTQ1M2E7IGJvcmRlci1ib3R0b206IDFweCBzb2xpZCAjNGU0NTNhOyBmb250LXNpemU6IDI0cHg7IHBhZGRpbmctbGVmdDogNXB4OyI+44OV44Ot44Ki44K/44Kk44Or5bCC55So44Gu44KK44Gu44GU57S55LuLPC9wPgoKPGJyIC8+Cgo8cCBzdHlsZT0idGV4dC1hbGlnbjogY2VudGVyOyI+PGEgaHJlZj0iaHR0cHM6Ly9pdGVtLnJha3V0ZW4uY28uanAvaGFycnkvYy8wMDAwMDAwNDQyLyIgdGFyZ2V0PSJfYmxhbmsiPjxpbWcgc3JjPSJodHRwczovL2ltYWdlLnJha3V0ZW4uY28uanAvaGFycnkvY2FiaW5ldC8wMjM4MDQ3OC9mbG9vcnRpbGUta2FucmVuLWJhbi5qcGciIGJvcmRlcj0iMCIgYWx0PSLpgZPlhbfpoZ4iPjwvYT48L3A+PGJyIC8+CgoKPHA+PGEgaHJlZj0iaHR0cHM6Ly9pdGVtLnJha3V0ZW4uY28uanAvaGFycnkvYy8wMDAwMDAxMzg4LyIgdGFyZ2V0PSJfYmxhbmsiPjxpbWcgc3JjPSJodHRwczovL2ltYWdlLnJha3V0ZW4uY28uanAvaGFycnkvY2FiaW5ldC8wMjM4MDQ3OC9mbG9vcnRpbGUtc2FtcGxlLWJhbi5qcGciIGJvcmRlcj0iMCIgYWx0PSLnlLvlg48iPjwvYT48L3A+PGJyPjxicj4KCjxwIHN0eWxlPSJib3JkZXItbGVmdDogNXB4IHNvbGlkICM0ZTQ1M2E7IGJvcmRlci1ib3R0b206IDFweCBzb2xpZCAjNGU0NTNhOyBmb250LXNpemU6IDI0cHg7IHBhZGRpbmctbGVmdDogNXB4OyI+44OV44Ot44Ki44K/44Kk44Or5LiA6KanPC9wPgoKPHA+PGEgaHJlZj0iaHR0cHM6Ly9pdGVtLnJha3V0ZW4uY28uanAvaGFycnkvYy8wMDAwMDAwMjUyLyIgdGFyZ2V0PSJfYmxhbmsiPjxpbWcgc3JjPSJodHRwczovL2ltYWdlLnJha3V0ZW4uY28uanAvaGFycnkvY2FiaW5ldC8wMzUyNTg4Mi9mdC10by10b3AuanBnIiBib3JkZXI9IjAiIGFsdD0i55S75YOPIj48L2E+PC9wPjxicj48YnI+Cgo8L2Rpdj48ZGl2IHN0eWxlPSJ3aWR0aDo0NDBweDsgYm9yZGVyOjBweDsgdGV4dC1hbGlnbjpjZW50ZXI7Ij4KCjxpbWcgc3JjPSJodHRwczovL2ltYWdlLnJha3V0ZW4uY28uanAvaGFycnkvY2FiaW5ldC9zbWFydF9waG9uZS9mdGR1Z3UuanBnIiB3aWR0aD0iNDQwIiBib3JkZXI9IjAiIHN0eWxlPSJtYXJnaW4tYm90dG9tOjVweDsiPgoKCjxpbWcgc3JjPSJodHRwczovL2ltYWdlLnJha3V0ZW4uY28uanAvaGFycnkvY2FiaW5ldC9zbWFydF9waG9uZS9mdHplbmdhcmEuanBnIiB3aWR0aD0iNDQwIiBib3JkZXI9IjAiIHN0eWxlPSJtYXJnaW4tYm90dG9tOjVweDsiPgoKCjxpbWcgc3JjPSJodHRwczovL2ltYWdlLnJha3V0ZW4uY28uanAvaGFycnkvY2FiaW5ldC9zbWFydF9waG9uZS9kZWNvdGFpcnUuanBnIiB3aWR0aD0iNDQwIiBib3JkZXI9IjAiIHN0eWxlPSJtYXJnaW4tYm90dG9tOjVweDsiPgoKPC9kaXY+PHA+PGltZyBzcmM9Imh0dHBzOi8vaW1hZ2UucmFrdXRlbi5jby5qcC9oYXJyeS9jYWJpbmV0L3NvdXJ5b3UtNDQwbi5qcGciIGJvcmRlcj0iMCI+PC9wPjxpbWcgc3JjPSJodHRwczovL2ltYWdlLnJha3V0ZW4uY28uanAvaGFycnkvY2FiaW5ldC9ndWlkZS9ucF80NDAuanBnIiBib3JkZXI9IjAiIHN0eWxlPSJtYXJnaW46MTBweCAwcHg7Ij48cCBzdHlsZT0iY29sb3I6ICNmZmY7IGJhY2tncm91bmQtY29sb3I6ICNmNjk7IGZvbnQtc2l6ZTogMjRweDsgcGFkZGluZzogMTBweDsgd2lkdGg6IDM4MHB4OyI+4oC744GT44Gh44KJ44Gu5ZWG5ZOB44GvMeaemuWNmOS9jeOBi+OCieOBlOizvOWFpeOBp+OBjeOBvuOBmeOAgjwvcD4KPHRhYmxlIHdpZHRoPSI0NDAiIGJvcmRlcj0iMCIgY2VsbHNwYWNpbmc9IjEiIGNlbGxwYWRkaW5nPSIzIiBiZ2NvbG9yPSIjNjY2NjY2IiBzdHlsZT0iZm9udC1mYW1pbHk6J+ODkuODqeOCruODjuinkuOCtCBQcm8gVzMnLCAnSGlyYWdpbm8gS2FrdSBHb3RoaWMgUHJvJywgJ+ODoeOCpOODquOCqicsIE1laXJ5bywgT3Nha2EsICfvvK3vvLMg77yw44K044K344OD44KvJywgJ01TIFBHb3RoaWMnLCBzYW5zLXNlcmlmOyBmb250LXNpemU6MTJweDsiPiA8dHI+ICAgIDx0ZCBiZ2NvbG9yPSIjQ0NDQ0NDIiBhbGlnbj0iY2VudGVyIj7llYblk4HlkI08L3RkPiAgICA8dGQgYmdjb2xvcj0iI0ZGRkZGRiI+44K344Oz44Kz44O844OrKHNpbmNvbCkgRkxPT1IgVElMRTxicj7jg5jjgqTjgqLjg7Pjg5Ljg47jgq08L3RkPiAgPC90cj4gPHRkIGJnY29sb3I9IiNDQ0NDQ0MiIGFsaWduPSJjZW50ZXIiPuWVhuWTgeiqrOaYjjwvdGQ+ICAgIDx0ZCBiZ2NvbG9yPSIjRkZGRkZGIj7lupfoiJfjgYvjgonkvY/lroXjgb7jgafjgIHlpJrlvanjgarjg4vjg7zjgrrjgavlv5zjgYjjgovopIflsaTjg5Pjg4vjg6vluorjgr/jgqTjg6vjgIzjg57jg4Pjg4jjg43jg6njgI3osrzjgormm7/jgYjjgYznsKHljZjjgavlh7rmnaXjgaYK6LOD6LK45L2P5a6F44Gu54++54q25Zue5b6p562J44Gr5L6/5Yip44Gn44GZ44CCPGJyPjxicj4K44OV44Ot44Ki44K/44Kk44Or5bCC6ZaA5bqX44Gn5b+F6KaB44Gq5ZWG5ZOB5o+D44GI44Kk44Oz44OG44Oq44Ki44K344On44OD44OX44OP44Oq44O844Gn44Gv44CB44K144Oz44Ky44OE44O75p2x44Oq44O744K344Oz44Kz44O844Or44O744Oq44Oq44Kr44Op5LuW44KS44GU55So5oSP44GX44Gm44GK44KK44G+44GZ77yBIDxicj7jg5Xjg63jgqLjgr/jgqTjg6vjga7mn4TjgoLosYrlr4zvvIHkurrmsJfjga7jg5Xjg63jg7zjg6rjg7PjgrDoqr/jga7jg6rjgqLjg6vjgaog5pyo55uuKOOCpuODg+ODiSnmn4Tjga8g54Sh5Z6i5p2Q6aKo44KEIOOBiuOBl+OCg+OCjOOBqiDjg7TjgqPjg7Pjg4bjg7zjgrgg44K544Kv44Op44OD44OX44Km44OD44OJ6aKo44CB44Oq44Ki44Or44Gr6KGo54++5aSn55CG55+zKOOCueODiOODvOODsynjgIFw44K/44Kk44Or44Gu5qeY44GqIOODl+ODrOODvOODs+afhCDjg4bjg6njgrPjg4Pjgr/mn4Qg562J44Kv44OD44K344On44Oz44OV44Ot44Ki44KI44KK44KC6ICQ5LmF5oCn44Gr5YSq44KM44Gm44GE44KL44Gu44Gn5bqX6IiX55So44Gn44KC44GK44GZ44GZ44KB44Gn44GZ77yB5o6y6LyJ44GV44KM44Gm44GE44Gq44GE44OV44Ot44Ki44K/44Kk44Or44KC44GU6YGg5oWu44Gq44GP44GK5ZWP44GE5ZCI44KP44Gb5LiL44GV44GE44CC5o6l552A5Ymk5LiN6KaB44GuIOiyvOOCi+OBoOOBkSDnva7jgY/jgaDjgZHjgr/jgqTjg5fjga7jg4/jg6rjg7zjgqTjg7zjgrjjg7zjg4fjgrPjgr/jgqTjg6vjgoLjgZTmpJzoqI7jgY/jgaDjgZXjgYTjgII8YnI+PGJyPgo8c3BhbiBzdHlsZT0iY29sb3I6I2ZmMDAwMDsgZm9udC1zaXplOjEycHgiPuKAu+OBiuS9v+OBhOOBruODkeOCveOCs+ODs+eSsOWig+OBq+OCiOOBo+OBpuOBr+OAgSA8YnI+44CA5ZWG5ZOB44Gu6Imy44GM6KaL5pys44Go5aSa5bCR55Ww44Gq44KL5aC05ZCI44GM44GC44KK44G+44GZ44CCIDxicj48L3NwYW4+PGJyPndvb2Qg44OW44Op44Km44OzIOiMtuiJsiDjg5Ljg47jgq0g5qqcIOiyvOOCi+OBoOOBkSDjgr/jgqTjg6sg44OV44Ot44Ki44O8IOOCt+ODvOODiCDjg5Hjg43jg6sg5YK3IOaxmuOCjCDpmLLmraIg44OV44Ot44O844Oq44Oz44KwIOOCq+ODvOODmuODg+ODiCDoo5zkv64g5L+u55CGIOS/neittyDlvLfljJYg5pa95belIOOCquODleOCo+OCuSDjg6rjg5Pjg7PjgrAg44Oe44Oz44K344On44OzIOizg+iyuCDjgrXjg63jg7Mg44Oi44Or44K/44OrICDjgrPjg7Pjg5Hjg40g5LqM6YeN5bqVPC90ZD4gIDwvdHI+IDx0ZCBiZ2NvbG9yPSIjQ0NDQ0NDIiBhbGlnbj0iY2VudGVyIj7mjrLovInlk4Hnlao8L3RkPiAgICA8dGQgYmdjb2xvcj0iI0ZGRkZGRiI+UlctOTAxODwvdGQ+ICA8L3RyPiA8dGQgYmdjb2xvcj0iI0NDQ0NDQyIgYWxpZ249ImNlbnRlciI+6ImyPC90ZD4gICAgPHRkIGJnY29sb3I9IiNGRkZGRkYiPuacqOebruafhDwvdGQ+PC90cj4gPHRyPiAgICA8dGQgYmdjb2xvcj0iI0NDQ0NDQyIgYWxpZ249ImNlbnRlciI+44K144Kk44K6PC90ZD4gICAgPHRkIGJnY29sb3I9IiNGRkZGRkYiPuOCteOCpOOCuu+8mjE1MG1teDkxNC40bW08YnI+5Y6a44G/77yaMi41bW08YnI+44OI44OD44OX5bGk77ya44Kv44Oq44Ki44O8MC4zbTwvdGQ+ICA8L3RyPiA8dHI+ICAgIDx0ZCBiZ2NvbG9yPSIjQ0NDQ0NDIiBhbGlnbj0iY2VudGVyIj7mqZ/og708L3RkPiAgICA8dGQgYmdjb2xvcj0iI0ZGRkZGRiI+PHA+UumdouWPljwvdHI+ICA8dHI+ICAgIDx0ZCBiZ2NvbG9yPSIjQ0NDQ0NDIiB3aWR0aD0iMTAwIiBhbGlnbj0iY2VudGVyIj7pgIEg5paZPC90ZD4gICAgPHRkIGJnY29sb3I9IiNGRkZGRkYiPuOAkOmAgSDmlpnjgJHopb/mv4PpgYvovLgg5LuW77yaNzAw5YaG77yI56iO5Yil77yJPGJyPuKAu+WMl+a1t+mBk+ODu+aylue4hOOBu+OBi+S4gOmDqOOBruWcsOWfn+OBr+mZpOOBjeOBvuOBmeOAgjxicj48Yj7pgIHmlpnjga7oqbPntLDjgavjgaTjgYTjgabjga/jgZPjgaHjgonjgbjvvJ7vvJ48L2I+PC90ZD4gICA8L3RyPiAgPHRyPiAgICA8dGQgYmdjb2xvcj0iI0NDQ0NDQyIgYWxpZ249ImNlbnRlciI+57SNIOacnzwvdGQ+ICAgIDx0ZCBiZ2NvbG9yPSIjRkZGRkZGIj7jgZTms6jmlofnorrlrprlvozjgIHntIQz772eNeWWtualreaXpTwvdGQ+ICA8L3RyPjwvdGFibGU+PHN0eWxlIHR5cGU9InRleHQvY3NzIj4KPCEtLQoKZGl2I0hlYWRlcktleXdvcmQgewoJcG9zaXRpb246YWJzb2x1dGU7Cgl0b3A6NTBweDsvKuS4gOeVquS4iuOBi+OCieOBruS9jee9riovCglsZWZ0OjhweDsvKuW3puerr+OBi+OCieOBruS9jee9riovCgl3aWR0aDoxMjAwcHg7Cn0KCmRpdiNIZWFkZXJLZXl3b3JkIHNwYW4gewoJYmFja2dyb3VuZDogI2JmMDAwMDsKCWNvbG9yOiNmZmY7Cglmb250LXdlaWdodDpib2xkOwoJZm9udC1zaXplOjEycHg7Cglmb250LWZhbWlseToi44Oh44Kk44Oq44KqIjsKCXBhZGRpbmc6MnB4IDVweDsKfQoKZGl2I0hlYWRlcktleXdvcmQgYSB7Cgljb2xvcjojMDA0NENDOwoJZm9udC1zaXplOjEycHg7Cglmb250LWZhbWlseToi44Oh44Kk44Oq44KqIjsKfQoKLS0+Cjwvc3R5bGU+Cgo8ZGl2IGlkPSJIZWFkZXJLZXl3b3JkIj4KPHNwYW4+5rOo55uu44Gu44Kt44O844Ov44O844OJPC9zcGFuPgrjgqrjg7zjg4Djg7zjgqvjg7zjg4bjg7MKIC8gCuODhuODqeOCs+ODg+OCv+afhOW6iuOCt+ODvOODiAogLyAK5rSX44GI44KL44K/44Kk44Or44Kr44O844Oa44OD44OICiAvIArmmYLoqIjku5jjgY3jgqbjgqnjg7zjg6vjgrnjg4bjg4Pjgqvjg7wKPC9kaXY+,44OV44Ot44Ki44K/44Kk44OrIOOCt+ODs+OCs+ODvOODqyDjg57jg4Pjg4jjg43jg6kg5bqKIOW6iuadkCDjg5Xjg63jg7zjg6rjg7PjgrAg44OT44OL44OrIFDjgr/jgqTjg6sg44OV44Ot44KiIGRpeSDjg6rjg5Xjgqnjg7zjg6Ag5Zyf6Laz5a++5b+cIOOCpOODs+ODhuODquOCoiDlupfoiJcg5L2P5a6FIOOCpuODg+ODiSDjg5jjgqTjgqLjg7Pjg5Ljg47jgq0g5pyoIOacqOebruiqvyDmnKjmnZAgMDNQ77ya44Kk44Oz44OG44Oq44Ki44K344On44OD44OXIOOAkOODj+ODquODvOOAkQ==,44Km44Kp44O844Or44K544OG44OD44Kr44O844K/44Kk44Or44Kr44O844Oa44OD44OI44Kv44OD44K344On44Oz44OV44Ot44Ki44Ks44Op44K544OV44Kj44Or44Og44OV44Ot44Ki44K/44Kk44Or44Kr44OD44OG44Kj44Oz44Kw44K344O844OI44K544OG44OD44Kr44O844Km44Kq44O844Or44K544OG44OD44Kr44O844K344O844Or44Kr44O844Oa44OD44OIZGl56Lui5YaZ44Km44Kp44O844Or44K544OG44OD44Kr44O8T0Hjg5Xjg63jgqLlo4HntJnjg6njgrDjgq/jg4Pjgrfjg6fjg7Pjg5Xjg63jgqLjg7zlo4HntJnjgrfjg7zjg6vjg4/jg6rjg7zjgrnjg4bjg4Pjgqvjg7zjg5Xjg63jgqLjg7zjgr/jgqTjg6vjgqTjg7Pjg4bjg6rjgqLjgqbjgqnjg7zjg6vjgrnjg4bjg4Pjgqvjg7zjg5Xjg63jgqLjgr/jgqTjg6sg44K344Oz44Kz44O844OrIOODnuODg+ODiOODjeODqSDluoog5bqK5p2QIOODleODreODvOODquODs+OCsCDjg5Pjg4vjg6sgUOOCv+OCpOODqyDjg5Xjg63jgqIgZGl5IOODquODleOCqeODvOODoCDlnJ/otrPlr77lv5wg44Kk44Oz44OG44Oq44KiIOW6l+iIlyDkvY/lroUg44Km44OD44OJIOODmOOCpOOCouODs+ODkuODjuOCrSDmnKgg5pyo55uu6Kq/IOacqOadkCAwM1A=,c2luY29sIG1hdHRvbmVsbGEg44OV44Ot44Ki44O844K/44Kk44OrIDHmnprljZjkvY0g54i244Gu5pel44CC44OV44Ot44Ki44K/44Kk44OrIOOCt+ODs+OCs+ODvOODqyDjg57jg4Pjg4jjg43jg6kg5bqKIOW6iuadkCDjg5Xjg63jg7zjg6rjg7PjgrAg44OT44OL44OrIFDjgr/jgqTjg6sg44OV44Ot44KiIGRpeSDjg6rjg5Xjgqnjg7zjg6Ag5Zyf6Laz5a++5b+cIOOCpOODs+ODhuODquOCoiDlupfoiJcg5L2P5a6FIOOCpuODg+ODiSDjg5jjgqTjgqLjg7Pjg5Ljg47jgq0g5pyoIOacqOebruiqvyDmnKjmnZAgMDNQ[rn]
31-2633,aHR0cDovL3RzaG9wLnIxMHMuanAvaGFycnkvY2FiaW5ldC9zaW4tZnQvbDI0LTAxLXNpbi1tbjYwLmpwZz9maXRpbj03MDA6NzAw,OTAzMi44MDAw,,6Iqx44O744Ks44O844OH44Oz44O7RElZID4g5L2P5a6F5bu65p2Q44O76Kit5YKZID4g5bqK5p2QID4g44Gd44Gu5LuW,44OV44Ot44Ki44K/44Kk44OrIOOCt+ODs+OCs+ODvOODqyDjg57jg4Pjg4jjg43jg6kg5bqKIOW6iuadkCDjg5Xjg63jg7zjg6rjg7PjgrAg44OT44OL44OrIFDjgr/jgqTjg6sg44OV44Ot44KiIGRpeSDjg6rjg5Xjgqnjg7zjg6Ag5Zyf6Laz5a++5b+cIOOCpOODs+ODhuODquOCoiDlupfoiJcg5L2P5a6FIOOCouODvOODkOODsyDjg6njgrnjg4bjgqPjg6Hjgr/jg6sg55+zIOefs+ebruiqvyDlpKfnkIbnn7Mg44Kz44Oz44Kv44Oq44O844OIIOefs+adkCAwM1M=,c2luY29sIG1hdHRvbmVsbGEg44OV44Ot44Ki44O844K/44Kk44OrIDHjgrHjg7zjgrnvvIgyMOaemuWFpe+8iSDniLbjga7ml6U=,PGRpdiBzdHlsZT0id2lkdGg6IDcwMHB4OyBsaW5lLWhlaWdodDogMS41OyBjb2xvcjogIzJmMmIyNyI+CjxwIHN0eWxlPSJjb2xvcjogI2ZmZjsgYmFja2dyb3VuZC1jb2xvcjogI2Y2OTsgZm9udC1zaXplOiAyNHB4OyBwYWRkaW5nOiAxMHB4OyI+4oC744GT44Gh44KJ44Gu5ZWG5ZOB44Gv44Kx44O844K55Y2Y5L2N44Gn44GU6LO85YWl44Gn44GN44G+44GZ44CCPC9wPgo8cD48aW1nIHNyYz0iaHR0cHM6Ly9pbWFnZS5yYWt1dGVuLmNvLmpwL2hhcnJ5L2NhYmluZXQvc2luLWZ0L2wyNC0wMS1zaW4tbW42MC5qcGciIGJvcmRlcj0iMCIgd2lkdGg9IjcwMCIgLz48L3A+CjxwPjxpbWcgc3JjPSJodHRwczovL2ltYWdlLnJha3V0ZW4uY28uanAvaGFycnkvY2FiaW5ldC9zaW4tZnQvbDI0LTAxLXNpbi1tbjYwXzEuanBnIiBib3JkZXI9IjAiIHdpZHRoPSI3MDAiIC8+PC9wPgoKPHAgc3R5bGU9ImJvcmRlci1sZWZ0OiA1cHggc29saWQgIzRlNDUzYTsgYm9yZGVyLWJvdHRvbTogMXB4IHNvbGlkICM0ZTQ1M2E7IGZvbnQtc2l6ZTogMjRweDsgcGFkZGluZy1sZWZ0OiA1cHg7Ij7jg5Xjg63jgqLjgr/jgqTjg6vjga7osrzjgormlrk8L3A+Cgo8cCBzdHlsZT0iY29sb3I6IzIyMjIyMjsgZm9udC1zaXplOjMwcHg7IGZvbnQtd2VpZ2h0OmJvbGQ7IG1hcmdpbjowcHg7IHBhZGRpbmctbGVmdDoxMHB4OyBwYWRkaW5nLXRvcDoxMHB4OyBwYWRkaW5nLWJvdHRvbToyMHB4OyBmb250LWZhbWlseTogR2VvcmdpYSwgVGltZXMgTmV3IFJvbWFuLCBUaW1lczsiPmhhcnJ544Gn5aWz5oCn44Gu5pa544Gr5Zyn5YCS55qE5Lq65rCX44Gu56eY5a+G4oCmPC9wPgo8cCBzdHlsZT0iY29sb3I6IzMzMzMzMzsgZm9udC1zaXplOjE2cHg7IG1hcmdpbjowcHg7IHBhZGRpbmctbGVmdDoxMHB4OyI+44Gd44KM44Gv44OV44Ot44Ki44K/44Kk44Or44GM44GK5omL6Lu957Ch5Y2Y44Gg44GL44KJ77yBPC9wPgo8YnI+Cjxicj4KPHRhYmxlIHdpZHRoPSI3MDAiIGJvcmRlcj0iMCIgY2VsbHNwYWNpbmc9IjAiIGNlbGxwYWRkaW5nPSIwIiBzdHlsZT0iZm9udC1zaXplOjE0cHg7IGNvbG9yOiMzMzMzMzMiPgogIDx0cj4KICAgIDx0ZD48aW1nIHNyYz0iaHR0cHM6Ly9pbWFnZS5yYWt1dGVuLmNvLmpwL2hhcnJ5L2NhYmluZXQvZmxvb3JfdGlsZS9mbG9vcl90aWxlX2hvdzAxLmpwZyIgd2lkdGg9IjIyNSIgaGVpZ2h0PSIyMjUiPjwvdGQ+CiAgICA8dGQgd2lkdGg9IjEyIj4mbmJzcDs8L3RkPgogICAgPHRkPjxpbWcgc3JjPSJodHRwczovL2ltYWdlLnJha3V0ZW4uY28uanAvaGFycnkvY2FiaW5ldC9mbG9vcl90aWxlL2Zsb29yX3RpbGVfaG93MDIuanBnIiB3aWR0aD0iMjI1IiBoZWlnaHQ9IjIyNSI+PC90ZD4KICAgIDx0ZCB3aWR0aD0iMTMiPiZuYnNwOzwvdGQ+CiAgICA8dGQ+PGltZyBzcmM9Imh0dHBzOi8vaW1hZ2UucmFrdXRlbi5jby5qcC9oYXJyeS9jYWJpbmV0L2Zsb29yX3RpbGUvZmxvb3JfdGlsZV9ob3cwMy5qcGciIHdpZHRoPSIyMjUiIGhlaWdodD0iMjI1Ij48L3RkPgogIDwvdHI+PHRyPgo8dGQgY29sc3Bhbj0iNSIgaGVpZ2h0PSIxMCI+Jm5ic3A7PC90ZD4KPC90cj4KICA8dHI+CiAgICA8dGQgYWxpZ249ImxlZnQiIHZhbGlnbj0idG9wIj7jgYrpg6jlsYvjga7pmoXjga7jgqvjg4Pjg4jpg6jliIbjga/jgIHjgYrlrrbjgavjgYLjgovlrpropo/jgafljYHliIbvvIE8YnI+5a6a6KaP44KS44GC44Gm44Gm44GT44Gu44KI44GG44Gr5L2V5bqm44GL5YiH44KK55uu44KS44GE44KM44G+44GX44KH44GG77yBPC90ZD4KICAgIDx0ZCBhbGlnbj0ibGVmdCIgdmFsaWduPSJ0b3AiPiZuYnNwOzwvdGQ+CiAgICA8dGQgYWxpZ249ImxlZnQiIHZhbGlnbj0idG9wIj7ou73jgY/mipjjgormm7LjgZLjgozjgbDjgZPjga7jgajjgYrjgorjgII8L3RkPgogICAgPHRkIGFsaWduPSJsZWZ0IiB2YWxpZ249InRvcCI+Jm5ic3A7PC90ZD4KICAgIDx0ZCBhbGlnbj0ibGVmdCIgdmFsaWduPSJ0b3AiPuaKmOOCiuabsuOBkuOBn+mDqOWIhuOCkuOBk+OBruOCiOOBhuOBq+OCq+ODg+OCv+ODvOOBp+OAgeOCt+ODpeODg+OBqOi7veOBj+WIg+OCkuOBhOOCjOOCjOOBsO+8gTwvdGQ+CiAgPC90cj4KICA8dHI+CiAgICA8dGQgaGVpZ2h0PSIxNSIgY29sc3Bhbj0iNSI+Jm5ic3A7PC90ZD4KICA8L3RyPgogIDx0cj4KICAgIDx0ZD48aW1nIHNyYz0iaHR0cHM6Ly9pbWFnZS5yYWt1dGVuLmNvLmpwL2hhcnJ5L2NhYmluZXQvZmxvb3JfdGlsZS9mbG9vcl90aWxlX2hvdzA0LmpwZyIgd2lkdGg9IjIyNSIgaGVpZ2h0PSIyMjUiPjwvdGQ+CiAgICA8dGQgd2lkdGg9IjEyIj4mbmJzcDs8L3RkPgogICAgPHRkPjxpbWcgc3JjPSJodHRwczovL2ltYWdlLnJha3V0ZW4uY28uanAvaGFycnkvY2FiaW5ldC9mbG9vcl90aWxlL2Zsb29yX3RpbGVfaG93MDUuanBnIiB3aWR0aD0iMjI1IiBoZWlnaHQ9IjIyNSI+PC90ZD4KICAgIDx0ZCB3aWR0aD0iMTMiPiZuYnNwOzwvdGQ+CiAgICA8dGQ+PGltZyBzcmM9Imh0dHBzOi8vaW1hZ2UucmFrdXRlbi5jby5qcC9oYXJyeS9jYWJpbmV0L2Zsb29yX3RpbGUvZmxvb3JfdGlsZV9ob3cwNi5qcGciIHdpZHRoPSIyMjUiIGhlaWdodD0iMjI1Ij48L3RkPgogIDwvdHI+PHRyPgo8dGQgY29sc3Bhbj0iNSIgaGVpZ2h0PSIxMCI+Jm5ic3A7PC90ZD4KPC90cj4KICA8dHI+CiAgICA8dGQgYWxpZ249ImxlZnQiIHZhbGlnbj0idG9wIj7jga/jgYTvvIE8YnI+44Kr44OD44OI5a6M5LqG44Gn44GZ44CCPC90ZD4KICAgIDx0ZD4mbmJzcDs8L3RkPgogICAgPHRkIGFsaWduPSJsZWZ0IiB2YWxpZ249InRvcCI+44Gv44GV44G/44Gn44KC44CB44KC44Gh44KN44KT77yv77yr77yBPGJyPuWHuuadpeOCjOOBsOWkp+OBjeOBhOOBr+OBleOBv+OBp+OBreODu+ODu+ODuzwvdGQ+CiAgICA8dGQ+Jm5ic3A7PC90ZD4KICAgIDx0ZCBhbGlnbj0ibGVmdCIgdmFsaWduPSJ0b3AiPuW/heimgeOBquWgtOaJgOOBq+OAgjwvdGQ+CiAgPC90cj4KPC90YWJsZT48YnI+PGJyPgoKPHAgc3R5bGU9ImJvcmRlci1sZWZ0OiA1cHggc29saWQgIzRlNDUzYTsgYm9yZGVyLWJvdHRvbTogMXB4IHNvbGlkICM0ZTQ1M2E7IGZvbnQtc2l6ZTogMjRweDsgcGFkZGluZy1sZWZ0OiA1cHg7Ij7jg5Xjg63jgqLjgr/jgqTjg6vlsILnlKjjga7jgorjga7jgZTntLnku4s8L3A+Cgo8YnIgLz4KCjxwIHN0eWxlPSJ0ZXh0LWFsaWduOiBjZW50ZXI7Ij48YSBocmVmPSJodHRwczovL2l0ZW0ucmFrdXRlbi5jby5qcC9oYXJyeS9jLzAwMDAwMDA0NDIvIiB0YXJnZXQ9Il9ibGFuayI+PGltZyBzcmM9Imh0dHBzOi8vaW1hZ2UucmFrdXRlbi5jby5qcC9oYXJyeS9jYWJpbmV0LzAyMzgwNDc4L2Zsb29ydGlsZS1rYW5yZW4tYmFuLmpwZyIgYm9yZGVyPSIwIiBhbHQ9IumBk+WFt+mhniI+PC9hPjwvcD48YnIgLz4KCgo8cD48YSBocmVmPSJodHRwczovL2l0ZW0ucmFrdXRlbi5jby5qcC9oYXJyeS9jLzAwMDAwMDEzODgvIiB0YXJnZXQ9Il9ibGFuayI+PGltZyBzcmM9Imh0dHBzOi8vaW1hZ2UucmFrdXRlbi5jby5qcC9oYXJyeS9jYWJpbmV0LzAyMzgwNDc4L2Zsb29ydGlsZS1zYW1wbGUtYmFuLmpwZyIgYm9yZGVyPSIwIiBhbHQ9IueUu+WDjyI+PC9hPjwvcD48YnI+PGJyPgoKPHAgc3R5bGU9ImJvcmRlci1sZWZ0OiA1cHggc29saWQgIzRlNDUzYTsgYm9yZGVyLWJvdHRvbTogMXB4IHNvbGlkICM0ZTQ1M2E7IGZvbnQtc2l6ZTogMjRweDsgcGFkZGluZy1sZWZ0OiA1cHg7Ij7jg5Xjg63jgqLjgr/jgqTjg6vkuIDopqc8L3A+Cgo8cD48YSBocmVmPSJodHRwczovL2l0ZW0ucmFrdXRlbi5jby5qcC9oYXJyeS9jLzAwMDAwMDAyNTIvIiB0YXJnZXQ9Il9ibGFuayI+PGltZyBzcmM9Imh0dHBzOi8vaW1hZ2UucmFrdXRlbi5jby5qcC9oYXJyeS9jYWJpbmV0LzAzNTI1ODgyL2Z0LXRvLXRvcC5qcGciIGJvcmRlcj0iMCIgYWx0PSLnlLvlg48iPjwvYT48L3A+PGJyPjxicj4KCjwvZGl2PjxkaXYgc3R5bGU9IndpZHRoOjQ0MHB4OyBib3JkZXI6MHB4OyB0ZXh0LWFsaWduOmNlbnRlcjsiPgoKPGltZyBzcmM9Imh0dHBzOi8vaW1hZ2UucmFrdXRlbi5jby5qcC9oYXJyeS9jYWJpbmV0L3NtYXJ0X3Bob25lL2Z0ZHVndS5qcGciIHdpZHRoPSI0NDAiIGJvcmRlcj0iMCIgc3R5bGU9Im1hcmdpbi1ib3R0b206NXB4OyI+CgoKPGltZyBzcmM9Imh0dHBzOi8vaW1hZ2UucmFrdXRlbi5jby5qcC9oYXJyeS9jYWJpbmV0L3NtYXJ0X3Bob25lL2Z0emVuZ2FyYS5qcGciIHdpZHRoPSI0NDAiIGJvcmRlcj0iMCIgc3R5bGU9Im1hcmdpbi1ib3R0b206NXB4OyI+CgoKPGltZyBzcmM9Imh0dHBzOi8vaW1hZ2UucmFrdXRlbi5jby5qcC9oYXJyeS9jYWJpbmV0L3NtYXJ0X3Bob25lL2RlY290YWlydS5qcGciIHdpZHRoPSI0NDAiIGJvcmRlcj0iMCIgc3R5bGU9Im1hcmdpbi1ib3R0b206NXB4OyI+Cgo8L2Rpdj48cD48aW1nIHNyYz0iaHR0cHM6Ly9pbWFnZS5yYWt1dGVuLmNvLmpwL2hhcnJ5L2NhYmluZXQvc291cnlvdS00NDBuLmpwZyIgYm9yZGVyPSIwIj48L3A+PGltZyBzcmM9Imh0dHBzOi8vaW1hZ2UucmFrdXRlbi5jby5qcC9oYXJyeS9jYWJpbmV0L2d1aWRlL25wXzQ0MC5qcGciIGJvcmRlcj0iMCIgc3R5bGU9Im1hcmdpbjoxMHB4IDBweDsiPjxwIHN0eWxlPSJjb2xvcjogI2ZmZjsgYmFja2dyb3VuZC1jb2xvcjogI2Y2OTsgZm9udC1zaXplOiAyNHB4OyBwYWRkaW5nOiAxMHB4OyB3aWR0aDogMzgwcHg7Ij7igLvjgZPjgaHjgonjga7llYblk4Hjga/jgrHjg7zjgrnljZjkvY3jgafjgZTos7zlhaXjgafjgY3jgb7jgZnjgII8L3A+Cjx0YWJsZSB3aWR0aD0iNDQwIiBib3JkZXI9IjAiIGNlbGxzcGFjaW5nPSIxIiBjZWxscGFkZGluZz0iMyIgYmdjb2xvcj0iIzY2NjY2NiIgc3R5bGU9ImZvbnQtZmFtaWx5Oifjg5Ljg6njgq7jg47op5LjgrQgUHJvIFczJywgJ0hpcmFnaW5vIEtha3UgR290aGljIFBybycsICfjg6HjgqTjg6rjgqonLCBNZWlyeW8sIE9zYWthLCAn77yt77yzIO+8sOOCtOOCt+ODg+OCrycsICdNUyBQR290aGljJywgc2Fucy1zZXJpZjsgZm9udC1zaXplOjEycHg7Ij4gPHRyPiAgICA8dGQgYmdjb2xvcj0iI0NDQ0NDQyIgYWxpZ249ImNlbnRlciI+5ZWG5ZOB5ZCNPC90ZD4gICAgPHRkIGJnY29sb3I9IiNGRkZGRkYiPuOCt+ODs+OCs+ODvOODqyhzaW5jb2wpIEZMT09SIFRJTEU8YnI+44Op44K544OG44Kj44Oh44K/44OrPC90ZD4gIDwvdHI+IDx0ZCBiZ2NvbG9yPSIjQ0NDQ0NDIiBhbGlnbj0iY2VudGVyIj7llYblk4HoqqzmmI48L3RkPiAgICA8dGQgYmdjb2xvcj0iI0ZGRkZGRiI+5bqX6IiX44GL44KJ5L2P5a6F44G+44Gn44CB5aSa5b2p44Gq44OL44O844K644Gr5b+c44GI44KL6KSH5bGk44OT44OL44Or5bqK44K/44Kk44Or44CM44Oe44OD44OI44ON44Op44CN6LK844KK5pu/44GI44GM57Ch5Y2Y44Gr5Ye65p2l44GmCuizg+iyuOS9j+WuheOBruePvueKtuWbnuW+qeetieOBq+S+v+WIqeOBp+OBmeOAgjxicj48YnI+CuODleODreOCouOCv+OCpOODq+WwgumWgOW6l+OBp+W/heimgeOBquWVhuWTgeaPg+OBiOOCpOODs+ODhuODquOCouOCt+ODp+ODg+ODl+ODj+ODquODvOOBp+OBr+OAgeOCteODs+OCsuODhOODu+adseODquODu+OCt+ODs+OCs+ODvOODq+ODu+ODquODquOCq+ODqeS7luOCkuOBlOeUqOaEj+OBl+OBpuOBiuOCiuOBvuOBme+8gSA8YnI+44OV44Ot44Ki44K/44Kk44Or44Gu5p+E44KC6LGK5a+M77yB5Lq65rCX44Gu44OV44Ot44O844Oq44Oz44Kw6Kq/44Gu44Oq44Ki44Or44GqIOacqOebrijjgqbjg4Pjg4kp5p+E44GvIOeEoeWeouadkOmiqOOChCDjgYrjgZfjgoPjgozjgaog44O044Kj44Oz44OG44O844K4IOOCueOCr+ODqeODg+ODl+OCpuODg+ODiemiqOOAgeODquOCouODq+OBq+ihqOePvuWkp+eQhuefsyjjgrnjg4jjg7zjg7Mp44CBcOOCv+OCpOODq+OBruanmOOBqiDjg5fjg6zjg7zjg7Pmn4Qg44OG44Op44Kz44OD44K/5p+EIOetieOCr+ODg+OCt+ODp+ODs+ODleODreOCouOCiOOCiuOCguiAkOS5heaAp+OBq+WEquOCjOOBpuOBhOOCi+OBruOBp+W6l+iIl+eUqOOBp+OCguOBiuOBmeOBmeOCgeOBp+OBme+8geaOsui8ieOBleOCjOOBpuOBhOOBquOBhOODleODreOCouOCv+OCpOODq+OCguOBlOmBoOaFruOBquOBj+OBiuWVj+OBhOWQiOOCj+OBm+S4i+OBleOBhOOAguaOpeedgOWJpOS4jeimgeOBriDosrzjgovjgaDjgZEg572u44GP44Gg44GR44K/44Kk44OX44Gu44OP44Oq44O844Kk44O844K444O844OH44Kz44K/44Kk44Or44KC44GU5qSc6KiO44GP44Gg44GV44GE44CCPGJyPjxicj4KPHNwYW4gc3R5bGU9ImNvbG9yOiNmZjAwMDA7IGZvbnQtc2l6ZToxMnB4Ij7igLvjgYrkvb/jgYTjga7jg5Hjgr3jgrPjg7PnkrDlooPjgavjgojjgaPjgabjga/jgIEgPGJyPuOAgOWVhuWTgeOBruiJsuOBjOimi+acrOOBqOWkmuWwkeeVsOOBquOCi+WgtOWQiOOBjOOBguOCiuOBvuOBmeOAgiA8YnI+PC9zcGFuPjxicj5zdG9uZSDjg5bjg6njgqbjg7Mg44OW44Op44OD44KvIOiyvOOCi+OBoOOBkSDjgr/jgqTjg6sg44OV44Ot44Ki44O8IOOCt+ODvOODiCDjg5Hjg43jg6sg5YK3IOaxmuOCjCDpmLLmraIg44OV44Ot44O844Oq44Oz44KwIOOCq+ODvOODmuODg+ODiCDoo5zkv64g5L+u55CGIOS/neittyDlvLfljJYg5pa95belIOOCquODleOCo+OCuSDjg6rjg5Pjg7PjgrAg44Oe44Oz44K344On44OzIOizg+iyuCDjgrXjg63jg7Mg44Oi44Or44K/44OrICDjgrPjg7Pjg5Hjg40g5LqM6YeN5bqVPC90ZD4gIDwvdHI+IDx0ZCBiZ2NvbG9yPSIjQ0NDQ0NDIiBhbGlnbj0iY2VudGVyIj7mjrLovInlk4Hnlao8L3RkPiAgICA8dGQgYmdjb2xvcj0iI0ZGRkZGRiI+TVMtOTgzNgpNUy05ODM3Ck1TLTk4Mzg8L3RkPiAgPC90cj4gPHRkIGJnY29sb3I9IiNDQ0NDQ0MiIGFsaWduPSJjZW50ZXIiPuiJsjwvdGQ+ICAgIDx0ZCBiZ2NvbG9yPSIjRkZGRkZGIj7jg57jg7zjg5bjg6sg5aSn55CG55+zPC90ZD48L3RyPiA8dHI+ICAgIDx0ZCBiZ2NvbG9yPSIjQ0NDQ0NDIiBhbGlnbj0iY2VudGVyIj7jgrXjgqTjgro8L3RkPiAgICA8dGQgYmdjb2xvcj0iI0ZGRkZGRiI+44K144Kk44K677yaNDU3LjJtbXg0NTcuMm1tPGJyPuWOmuOBv++8mjIuNW1tPGJyPuODiOODg+ODl+WxpO+8muOCr+ODquOCouODvDAuM208dHI+ICAgIDx0ZCBiZ2NvbG9yPSIjQ0NDQ0NDIiBhbGlnbj0iY2VudGVyIj4x44Kx44O844K55Y2Y5L2NPC90ZD4gICAgPHRkIGJnY29sb3I9IiNGRkZGRkYiPjIw5p6a5YWl77yI57SE77yaNC4xOOW5s+aWueODoeODvOODiOODq++8iTwvdGQ+ICA8L3RyPiA8dHI+ICAgIDx0ZCBiZ2NvbG9yPSIjQ0NDQ0NDIiBhbGlnbj0iY2VudGVyIj7mqZ/og708L3RkPiAgICA8dGQgYmdjb2xvcj0iI0ZGRkZGRiI+PHA+6Z2i5Y+W54Sh44GXIDwvdHI+ICA8dHI+ICAgIDx0ZCBiZ2NvbG9yPSIjQ0NDQ0NDIiB3aWR0aD0iMTAwIiBhbGlnbj0iY2VudGVyIj7pgIEg5paZPC90ZD4gICAgPHRkIGJnY29sb3I9IiNGRkZGRkYiPuOAkOmAgSDmlpnjgJHopb/mv4PpgYvovLgg5LuW77yaNzAw5YaG77yI56iO5Yil77yJPGJyPuKAu+WMl+a1t+mBk+ODu+aylue4hOOBu+OBi+S4gOmDqOOBruWcsOWfn+OBr+mZpOOBjeOBvuOBmeOAgjxicj48Yj7pgIHmlpnjga7oqbPntLDjgavjgaTjgYTjgabjga/jgZPjgaHjgonjgbjvvJ7vvJ48L2I+PC90ZD4gICA8L3RyPiAgPHRyPiAgICA8dGQgYmdjb2xvcj0iI0NDQ0NDQyIgYWxpZ249ImNlbnRlciI+57SNIOacnzwvdGQ+ICAgIDx0ZCBiZ2NvbG9yPSIjRkZGRkZGIj7jgZTms6jmlofnorrlrprlvozjgIHntIQz772eNeWWtualreaXpTwvdGQ+ICA8L3RyPjwvdGFibGU+PHN0eWxlIHR5cGU9InRleHQvY3NzIj4KPCEtLQoKZGl2I0hlYWRlcktleXdvcmQgewoJcG9zaXRpb246YWJzb2x1dGU7Cgl0b3A6NTBweDsvKuS4gOeVquS4iuOBi+OCieOBruS9jee9riovCglsZWZ0OjhweDsvKuW3puerr+OBi+OCieOBruS9jee9riovCgl3aWR0aDoxMjAwcHg7Cn0KCmRpdiNIZWFkZXJLZXl3b3JkIHNwYW4gewoJYmFja2dyb3VuZDogI2JmMDAwMDsKCWNvbG9yOiNmZmY7Cglmb250LXdlaWdodDpib2xkOwoJZm9udC1zaXplOjEycHg7Cglmb250LWZhbWlseToi44Oh44Kk44Oq44KqIjsKCXBhZGRpbmc6MnB4IDVweDsKfQoKZGl2I0hlYWRlcktleXdvcmQgYSB7Cgljb2xvcjojMDA0NENDOwoJZm9udC1zaXplOjEycHg7Cglmb250LWZhbWlseToi44Oh44Kk44Oq44KqIjsKfQoKLS0+Cjwvc3R5bGU+Cgo8ZGl2IGlkPSJIZWFkZXJLZXl3b3JkIj4KPHNwYW4+5rOo55uu44Gu44Kt44O844Ov44O844OJPC9zcGFuPgrjgqrjg7zjg4Djg7zjgqvjg7zjg4bjg7MKIC8gCuODhuODqeOCs+ODg+OCv+afhOW6iuOCt+ODvOODiAogLyAK5rSX44GI44KL44K/44Kk44Or44Kr44O844Oa44OD44OICiAvIArmmYLoqIjku5jjgY3jgqbjgqnjg7zjg6vjgrnjg4bjg4Pjgqvjg7wKPC9kaXY+,44OV44Ot44Ki44K/44Kk44OrIOOCt+ODs+OCs+ODvOODqyDjg57jg4Pjg4jjg43jg6kg5bqKIOW6iuadkCDjg5Xjg63jg7zjg6rjg7PjgrAg44OT44OL44OrIFDjgr/jgqTjg6sg44OV44Ot44KiIGRpeSDjg6rjg5Xjgqnjg7zjg6Ag5Zyf6Laz5a++5b+cIOOCpOODs+ODhuODquOCoiDlupfoiJcg5L2P5a6FIOOCouODvOODkOODsyDjg6njgrnjg4bjgqPjg6Hjgr/jg6sg55+zIOefs+ebruiqvyDlpKfnkIbnn7Mg44Kz44Oz44Kv44Oq44O844OIIOefs+adkCAwM1PvvJrjgqTjg7Pjg4bjg6rjgqLjgrfjg6fjg4Pjg5cg44CQ44OP44Oq44O844CR,44Km44Kp44O844Or44K544OG44OD44Kr44O844K/44Kk44Or44Kr44O844Oa44OD44OI44Kv44OD44K344On44Oz44OV44Ot44Ki44Ks44Op44K544OV44Kj44Or44Og44OV44Ot44Ki44K/44Kk44Or44Kr44OD44OG44Kj44Oz44Kw44K344O844OI44K544OG44OD44Kr44O844Km44Kq44O844Or44K544OG44OD44Kr44O844K344O844Or44Kr44O844Oa44OD44OIZGl56Lui5YaZ44Km44Kp44O844Or44K544OG44OD44Kr44O8T0Hjg5Xjg63jgqLlo4HntJnjg6njgrDjgq/jg4Pjgrfjg6fjg7Pjg5Xjg63jgqLjg7zlo4HntJnjgrfjg7zjg6vjg4/jg6rjg7zjgrnjg4bjg4Pjgqvjg7zjg5Xjg63jgqLjg7zjgr/jgqTjg6vjgqTjg7Pjg4bjg6rjgqLjgqbjgqnjg7zjg6vjgrnjg4bjg4Pjgqvjg7zjg5Xjg63jgqLjgr/jgqTjg6sg44K344Oz44Kz44O844OrIOODnuODg+ODiOODjeODqSDluoog5bqK5p2QIOODleODreODvOODquODs+OCsCDjg5Pjg4vjg6sgUOOCv+OCpOODqyDjg5Xjg63jgqIgZGl5IOODquODleOCqeODvOODoCDlnJ/otrPlr77lv5wg44Kk44Oz44OG44Oq44KiIOW6l+iIlyDkvY/lroUg44Ki44O844OQ44OzIOODqeOCueODhuOCo+ODoeOCv+ODqyDnn7Mg55+z55uu6Kq/IOWkp+eQhuefsyDjgrPjg7Pjgq/jg6rjg7zjg4gg55+z5p2QIDAzUw==,c2luY29sIG1hdHRvbmVsbGEg44OV44Ot44Ki44O844K/44Kk44OrIDHjgrHjg7zjgrnvvIgyMOaemuWFpe+8iSDniLbjga7ml6XjgILjg5Xjg63jgqLjgr/jgqTjg6sg44K344Oz44Kz44O844OrIOODnuODg+ODiOODjeODqSDluoog5bqK5p2QIOODleODreODvOODquODs+OCsCDjg5Pjg4vjg6sgUOOCv+OCpOODqyDjg5Xjg63jgqIgZGl5IOODquODleOCqeODvOODoCDlnJ/otrPlr77lv5wg44Kk44Oz44OG44Oq44KiIOW6l+iIlyDkvY/lroUg44Ki44O844OQ44OzIOODqeOCueODhuOCo+ODoeOCv+ODqyDnn7Mg55+z55uu6Kq/IOWkp+eQhuefsyDjgrPjg7Pjgq/jg6rjg7zjg4gg55+z5p2QIDAzUw==[rn]
31-2634,aHR0cDovL3RzaG9wLnIxMHMuanAvdGFraXN5by9jYWJpbmV0LzAxMjExODQzL2ltZzYzODk3ODg4LmpwZz9maXRpbj03MDA6NzAw,MzUyMC4wMDAw,,6Iqx44O744Ks44O844OH44Oz44O7RElZID4g5L2P5a6F5bu65p2Q44O76Kit5YKZID4g5bqK5p2QID4g44Gd44Gu5LuW,55m96J+75LqI6Ziy44O76aeG6Zmk55So5rK55Ymk5pyo5p2Q55SoIOW8t+WKm+OCouODquOCs+ODreODsyDmsrnliaQgMy42TA==,44K344Ot44Ki44Oq44CB44Kt44Kv44Kk44Og44K344Gu5LqI6Ziy44O76aeG6Zmk44Gr,PFRBQkxFIGJvcmRlcj0iMCIgd2lkdGg9IjY1MSI+CiAgICA8VFI+CiAgICAgIDxURD48SU1HIHNyYz0iaHR0cDovL2ltYWdlLnJha3V0ZW4uY28uanAvdGFraXN5by9jYWJpbmV0LzAxMjExODQzL2ltZzYzODk3NzE5LmpwZyIgd2lkdGg9IjY4MCIgaGVpZ2h0PSI2OSIgYm9yZGVyPSIwIj48L1REPgogICAgPC9UUj4KICAgIDxUUj4KICAgICAgPFREIGFsaWduPSJyaWdodCI+6KO95ZOB44Gv77yu77yp77yz77yp77y677yv77yu77yv44CAPC9URD4KICAgIDwvVFI+CiAgICA8VFI+CiAgICAgIDxURCBhbGlnbj0icmlnaHQiPjxJTUcgc3JjPSJodHRwOi8vaW1hZ2UucmFrdXRlbi5jby5qcC90YWtpc3lvL2NhYmluZXQvMDEyMTE4NDMvaW1nNjM4OTc3MTcuanBnIiB3aWR0aD0iNjgwIiBoZWlnaHQ9IjI5OCIgYm9yZGVyPSIwIj48L1REPgogICAgPC9UUj4KICAgIDxUUj4KICAgICAgPFREIGFsaWduPSJjZW50ZXIiPgogICAgICAgPFRBQkxFIGJvcmRlcj0iMCIgd2lkdGg9IjY4MCIgYmdjb2xvcj0iIzY2NjY2NiI+CiAgICAgICAgPFRCT0RZPgogICAgICAgICAgPFRSPgogICAgICAgICAgICA8VEQgYmdjb2xvcj0iI2YzNGIwYyIgYWxpZ249ImNlbnRlciIgcm93c3Bhbj0iMiIgd2lkdGg9IjE1NyI+PEZPTlQgc2l6ZT0iKzAiIGNvbG9yPSIjZmZmZmZmIj48Qj7msrnliaTjgqrjg6zjg7PjgrjvvJHvvJTvvKw8L0I+PC9GT05UPjwvVEQ+CiAgICAgICAgICAgIDxURCBiZ2NvbG9yPSIjZjM0YjBjIiBhbGlnbj0iY2VudGVyIiByb3dzcGFuPSIyIiB3aWR0aD0iMTg2Ij48Rk9OVCBzaXplPSIrMCI+PEI+PEZPTlQgc2l6ZT0iKzEiIGNvbG9yPSIjZmZmZmZmIj7msrnliaQ8L0ZPTlQ+PC9CPjwvRk9OVD48Rk9OVCBzaXplPSIrMCIgY29sb3I9IiNmZmZmZmYiPjxCPuOCquODrOODs+OCuO+8k++8ju+8lu+8rDwvQj48L0ZPTlQ+PC9URD4KICAgICAgICAgICAgPFREIGJnY29sb3I9IiNmMzRiMGMiIGFsaWduPSJjZW50ZXIiIHdpZHRoPSIxNjUiIGhlaWdodD0iMjQiPjxGT05UIHNpemU9IiswIiBjb2xvcj0iI2ZmZmZmZiI+PEI+5rC05oCn44Kq44Os44Oz44K477yT77yO77yW77ysPC9CPjxCUj4KICAgICAgICAgICAgPC9GT05UPjwvVEQ+CiAgICAgICAgICAgIDxURCBiZ2NvbG9yPSIjZjM0YjBjIiBhbGlnbj0iY2VudGVyIiB3aWR0aD0iMTUyIiBoZWlnaHQ9IjI0Ij48Rk9OVCBzaXplPSIrMCIgY29sb3I9IiNmZmZmZmYiPjxCPuawtOaAp+OCquODrOODs+OCuO+8ke+8lu+8rDwvQj48QlI+CiAgICAgICAgICAgIDwvRk9OVD48L1REPgogICAgICAgICAgPC9UUj4KICAgICAgICAgIDxUUj4KICAgICAgICAgICAgPFREIGJnY29sb3I9IiNmZmZmZmYiIGFsaWduPSJjZW50ZXIiIHdpZHRoPSIxNjUiIGhlaWdodD0iMjQiPjxGT05UIHNpemU9IiswIj4KICAgICAgICAgICAgPEI+5rC05oCn6YCP5piO77yT77yO77yW77ysPC9CPjwvRk9OVD48L1REPgogICAgICAgICAgICA8VEQgYmdjb2xvcj0iI2ZmZmZmZiIgYWxpZ249ImNlbnRlciIgd2lkdGg9IjE1MiIgaGVpZ2h0PSIyNCI+PEZPTlQgc2l6ZT0iKzAiPjxCPuawtOaAp+mAj+aYju+8ke+8lu+8rDwvQj48L0ZPTlQ+PC9URD4KICAgICAgICAgIDwvVFI+CiAgICAgICAgPC9UQk9EWT4KICAgICAgPC9UQUJMRT4KICAgICAgPC9URD4KICA8L1RSPgogICAgPFRSPgogICAgICA8VEQgYWxpZ249ImxlZnQiPiZuYnNwOzwvVEQ+CiAgICA8L1RSPgogICAgPFRSPgogICAgICA8VEQgYWxpZ249ImNlbnRlciI+CiAgICAgIDxUQUJMRSBib3JkZXI9IjAiIHdpZHRoPSI2MjAiPgogICAgICAgICAgPFRSPgogICAgICAgICAgICA8VEQgYWxpZ249ImNlbnRlciIgd2lkdGg9IjI4OCI+PEI+PEZPTlQgc2l6ZT0iKzEiPuacqOadkOWHpueQhjwvRk9OVD48L0I+PC9URD4KICAgICAgICAgICAgPFREIGFsaWduPSJjZW50ZXIiIHdpZHRoPSIzMjIiPjxCPjxGT05UIHNpemU9IisxIj7lnJ/lo4zlh6bnkIY8L0ZPTlQ+PC9CPjwvVEQ+CiAgICAgICAgICA8L1RSPgogICAgICA8L1RBQkxFPgogICAgICA8L1REPgogICAgPC9UUj4KICAgIDxUUj4KICAgICAgPFREIGFsaWduPSJjZW50ZXIiPjxJTUcgc3JjPSJodHRwOi8vaW1hZ2UucmFrdXRlbi5jby5qcC90YWtpc3lvL2NhYmluZXQvMDEyMTE4NDMvaW1nNjM4OTc3MjIuanBnIiB3aWR0aD0iNjE5IiBoZWlnaHQ9IjE3MiIgYm9yZGVyPSIwIj48L1REPgogICAgPC9UUj4KICAgIDxUUj4KICAgICAgPFREIGFsaWduPSJjZW50ZXIiPgogICAgICA8VEFCTEUgYm9yZGVyPSIwIiB3aWR0aD0iNjQ3Ij4KICAgICAgICAgIDxUUj4KICAgICAgICAgICAgPFREIHdpZHRoPSIzMjciPuacqOadkOOBruihqOmdouOBq+OCouODquOCs+ODreODs+OCkuWIt+avm+OChOWZtOmcp+OBp+Whl+W4g+OBl+OBvuOBmeOAguacqOWPo+OAgeWJsuOCjOOAgemHkeeJqeWPluS7mOeuh+aJgOOAgeOCs+ODs+OCr+ODquODvOODiOOBjOaOpeOBmeOCi+mDqOWIhuOBr+eJueOBq+WFpeW/teOBquWHpueQhuOBjOW/heimgeOBp+OBmeOAguS9v+eUqOmHj+OBr+OAgDMwMG1sLzHlubPmlrltPC9URD4KICAgICAgICAgICAgPFREIHdpZHRoPSIxNiI+PC9URD4KICAgICAgICAgICAgPFREIHdpZHRoPSIyOTAiPuW6iuS4i+Wcn+WjjOihqOmdouOBq+WOn+a2suOBruOBvuOBvuaVo+W4g+OBl+OBvuOBmeOAguWfuuekjuOBruWGheWkluOAgeadn+efs+OBruWRqOWbsuOAgea1tOWupOODiOOCpOODrOWPsOaJgOOBquOBqeawtOWbnuOCiumDqOWIhuOBr+eJueOBq+WFpeW/teOBquWHpueQhuOBjOW/heimgeOBp+OBmeOAguS9v+eUqOmHj+OBr+W5hTIwY23jgY/jgonjgYTjgacxbeW9k+OBn+OCiue0hDFMPC9URD4KICAgICAgICAgIDwvVFI+CiAgICAgIDwvVEFCTEU+CiAgICAgIDwvVEQ+CiAgICA8L1RSPgogICAgPFRSPgogICAgICA8VEQgYWxpZ249ImNlbnRlciI+CiAgICAgIDxUQUJMRSBib3JkZXI9IjAiIHdpZHRoPSI2MzMiIGJnY29sb3I9IiM2NjY2NjYiPgogICAgICAgICAgPFRSPgogICAgICAgICAgICA8VEQgYWxpZ249ImNlbnRlciIgYmdjb2xvcj0iI2MyZDllZiIgd2lkdGg9IjE4MSI+5a656YePPC9URD4KICAgICAgICAgICAgPFREIGFsaWduPSJjZW50ZXIiIGJnY29sb3I9IiNjMmQ5ZWYiIHdpZHRoPSIxNjMiPuWhl+OCiumdouepje+8iDLlm57loZfjgorvvIk8L1REPgogICAgICAgICAgICA8VEQgYWxpZ249ImNlbnRlciIgYmdjb2xvcj0iI2MyZDllZiIgd2lkdGg9IjE2MyI+55Wz44Gu5p6a5pWw44GnPC9URD4KICAgICAgICAgICAgPFREIGFsaWduPSJjZW50ZXIiIGJnY29sb3I9IiNjMmQ5ZWYiIHdpZHRoPSIxMDQiPuiJsjwvVEQ+CiAgICAgICAgICA8L1RSPgogICAgICAgICAgPFRSPgogICAgICAgICAgICA8VEQgYWxpZ249ImNlbnRlciIgYmdjb2xvcj0iI2ZmZmY4YyIgd2lkdGg9IjE4MSI+PEI+PEEgaHJlZj0iaHR0cDovL2l0ZW0ucmFrdXRlbi5jby5qcC90YWtpc3lvL3dhdGEwMjkwLyIgdGFyZ2V0PSJfYmxhbmsiPuOCouODquOCs+ODreODs+ayueWJpDMuNkw8L0E+PC9CPjwvVEQ+CiAgICAgICAgICAgIDxURCBhbGlnbj0iY2VudGVyIiBiZ2NvbG9yPSIjZmZmZmZmIiB3aWR0aD0iMTYzIj7ntIQxMC44772eMTjlubPmlrltPC9URD4KICAgICAgICAgICAgPFREIGFsaWduPSJjZW50ZXIiIGJnY29sb3I9IiNmZmZmZmYiIHdpZHRoPSIxNjMiPue0hDYuOO+9njEy5p6a5Zm0PC9URD4KICAgICAgICAgICAgPFREIHJvd3NwYW49IjIiIGFsaWduPSJjZW50ZXIiIGJnY29sb3I9IiNmZmZmZmYiIHdpZHRoPSIxMDQiPuOCquODrOODs+OCuOODu+mAj+aYjjwvVEQ+CiAgICAgICAgICA8L1RSPgogICAgICAgICAgPFRSPgogICAgICAgICAgICA8VEQgYWxpZ249ImNlbnRlciIgYmdjb2xvcj0iI2ZmZmY4YyIgd2lkdGg9IjE4MSI+PEEgaHJlZj0iaHR0cDovL2l0ZW0ucmFrdXRlbi5jby5qcC90YWtpc3lvL3dhdGEwMjg5LyIgdGFyZ2V0PSJfYmxhbmsiPjxCPuOCouODquOCs+ODreODs+ayueWJpDE0TDwvQj48L0E+PC9URD4KICAgICAgICAgICAgPFREIGFsaWduPSJjZW50ZXIiIGJnY29sb3I9IiNmZmZmZmYiIHdpZHRoPSIxNjMiPue0hDQw772eODDlubPmlrltPC9URD4KICAgICAgICAgICAgPFREIGFsaWduPSJjZW50ZXIiIGJnY29sb3I9IiNmZmZmZmYiIHdpZHRoPSIxNjMiPue0hDMw772eNDnmnprliIY8L1REPgogICAgICAgICAgPC9UUj4KICAgICAgPC9UQUJMRT4KICAgICAgPC9URD4KICAgIDwvVFI+CiAgICA8VFI+CiAgICAgIDxURCBhbGlnbj0iY2VudGVyIj4mbmJzcDvlrrnph4/jgpLjgq/jg6rjg4Pjgq/jgZnjgovjgajnp7vli5XjgZfjgb7jgZnjgII8L1REPgogICAgPC9UUj4KICAgIDxUUj4KICAgICAgPFREIGFsaWduPSJjZW50ZXIiPiZuYnNwOwogICAgICA8VEFCTEUgYm9yZGVyPSIwIiB3aWR0aD0iNjEzIj4KICAgICAgICAgIDxUUj4KICAgICAgICAgICAgPFREIHdpZHRoPSIzMDQiIHJvd3NwYW49IjIiPjxJTUcgc3JjPSJodHRwOi8vaW1hZ2UucmFrdXRlbi5jby5qcC90YWtpc3lvL2NhYmluZXQvMDEyMTE4NDMvaW1nNjM4OTc3MjQuanBnIiB3aWR0aD0iMjgwIiBoZWlnaHQ9IjEyNiIgYm9yZGVyPSIwIj48L1REPgogICAgICAgICAgICA8VEQgd2lkdGg9IjI5OSI+PElNRyBzcmM9Imh0dHA6Ly9pbWFnZS5yYWt1dGVuLmNvLmpwL3Rha2lzeW8vY2FiaW5ldC8wMTIxMTg0My9pbWc2Mzg5NzcyNS5qcGciIHdpZHRoPSIzMDAiIGhlaWdodD0iNTEiIGJvcmRlcj0iMCI+PC9URD4KICAgICAgICAgIDwvVFI+CiAgICAgICAgICA8VFI+CiAgICAgICAgICAgIDxURCB3aWR0aD0iMjk5Ij7msLTmurbmgKfjgqLjg6rjgrPjg63jg7Pjga/jgIA8QSBocmVmPSJodHRwOi8vaXRlbS5yYWt1dGVuLmNvLmpwL3Rha2lzeW8vd2F0YTAyOTEvIiB0YXJnZXQ9Il9ibGFuayI+44GT44GT44GL44KJPC9BPuOAgCZuYnNwO+enu+WLleOBl+OBvuOBmTwvVEQ+CiAgICAgICAgICA8L1RSPgogICAgICA8L1RBQkxFPgogICAgICA8L1REPgogICAgPC9UUj4KICAgIDxUUj4KICAgICAgPFREIGFsaWduPSJjZW50ZXIiPiZuYnNwOzxCUj4KICAgICAgPC9URD4KICAgIDwvVFI+CiAgICA8VFI+CiAgICAgIDxURCBhbGlnbj0iY2VudGVyIj48SU1HIHNyYz0iaHR0cDovL2ltYWdlLnJha3V0ZW4uY28uanAvdGFraXN5by9jYWJpbmV0LzAxMjExODQzL2ltZzYzODk3NzIwLmpwZyIgd2lkdGg9IjU1NyIgaGVpZ2h0PSI1MjIiIGJvcmRlcj0iMCI+PC9URD4KICAgIDwvVFI+CiAgICA8VFI+CiAgICAgIDxURCBhbGlnbj0iY2VudGVyIj4mbmJzcDsKICAgICAgPFRBQkxFIGJvcmRlcj0iMCIgd2lkdGg9IjYwOCI+CiAgICAgICAgICA8VFI+CiAgICAgICAgICAgIDxURCB3aWR0aD0iMzIzIiB2YWxpZ249InRvcCIgYWxpZ249ImxlZnQiPjxCPuOCt+ODreOCouODquOBqOODpOODnuODiOOCt+ODreOCouODqjwvQj48QlI+CiAgICAgICAgICAgIOWMl+a1t+mBk+OBruS4gOmDqOOCkumZpOOBjeeZveifu+iiq+Wus+OBr+WFqOWbveOBq+W6g+OBjOOBo+OBpuOBhOOBvuOBmeOAguWFheWIhuOBq+S5vueHpeOBl+OBpuOBhOOCi+WgtOaJgOOBp+OCguawtOWIhuOBjOijnOe1puOBp+OBjeOCjOOBsOOAgeOBneOBruWgtOaJgOOBq+WxheW6p+OCiuOBvuOBmeOAgjxCUj4KICAgICAgICAgICAg44K344Ot44Ki44Oq44Gv5YWJ44CB6aKo44CB5oyv5YuV44KS5auM44GG44Gf44KB44CB5a625bGL44Gu6aKo6YCa44GX44GM5oKq44GE44CB5pqX44GE5bqK5LiL44CB44Go44GP44Gr5rC05YiG44GM44GC44KL5Zue44KK44KS5aW944G/5aSn6LuN6ZqK44Go44Gq44Gj44Gm5pyo5p2Q44KS6aOf44GE44KA44GX44Gj44Gm44GE44GN44G+44GZ44CCPEJSPgogICAgICAgICAgICDnm67jgYzlsYrjgYvjgarjgYTml6XlvZPjgZ/jgorjgYzmgqrjgYTloLTmiYDjgpLjg4Hjgqfjg4Pjgq/jgZfkuojpmLLjgZfjgb7jgZfjgofjgYbjgII8L1REPgogICAgICAgICAgICA8VEQgd2lkdGg9IjI3NSIgYWxpZ249ImNlbnRlciI+PElNRyBzcmM9Imh0dHA6Ly9pbWFnZS5yYWt1dGVuLmNvLmpwL3Rha2lzeW8vY2FiaW5ldC8wMTIxMTg0My9pbWc2Mzg5NzcyMy5qcGciIHdpZHRoPSIyMDAiIGhlaWdodD0iMTkwIiBib3JkZXI9IjAiPjwvVEQ+CiAgICAgICAgICA8L1RSPgogICAgICA8L1RBQkxFPgogICAgICA8L1REPgogICAgPC9UUj4KPC9UQUJMRT7mspbnuITjg7vpm6Lls7bjgbjjga7pgIHmlpnjga/jgYropovnqY3jgorjgavjgarjgorjgb7jgZnjgII8YnI+Cjxicj4=,55m96J+75LqI6Ziy44O76aeG6Zmk55So5rK55Ymk5pyo5p2Q55SoIOW8t+WKm+OCouODquOCs+ODreODsyDmsrnliaQgMy42TO+8mueAp+WVhuW6lw==,5bGL5aSW54Wn5piO6L6y5qWt55So5ZOB6L6y5qmf5YW36Jek5qOa44G244Gp44GG5qOa44OR44O844K044Op5ZyS6Iq455So5ZOB5a625bqt6I+c5ZyS44Of44K944OO5YyF5LiB5rip5a6k44OQ44O844OZ44Kt44Ol44O844Kz44Oz44Ot5rip5a6k44OP44Op44OD44Kv44K544K/44Kr44K344On44O844OU44Kr6Ziy6I2J44K344O844OI44K244OQ44O844Oz6Zmk6I2J5Ymk55m96J+75LqI6Ziy44O76aeG6Zmk55So5rK55Ymk5pyo5p2Q55SoIOW8t+WKm+OCouODquOCs+ODreODsyDmsrnliaQgMy42TA==,44K344Ot44Ki44Oq44CB44Kt44Kv44Kk44Og44K344Gu5LqI6Ziy44O76aeG6Zmk44Gr44CC55m96J+75LqI6Ziy44O76aeG6Zmk55So5rK55Ymk5pyo5p2Q55SoIOW8t+WKm+OCouODquOCs+ODreODsyDmsrnliaQgMy42TA==[rn]
31-2635,aHR0cDovL3RzaG9wLnIxMHMuanAvdGFraXN5by9jYWJpbmV0LzAxMjExODQzL2ltZzYzOTA1MjQyLmpwZz9maXRpbj03MDA6NzAw,ODQwMC4wMDAw,,6Iqx44O744Ks44O844OH44Oz44O7RElZID4g5L2P5a6F5bu65p2Q44O76Kit5YKZID4g5bqK5p2QID4g44Gd44Gu5LuW,55m96J+75LqI6Ziy44O76aeG6Zmk55So5rC05rq25oCn5pyo5p2Q55SoIOW8t+WKm+OCouODquOCs+ODreODsyDmsLTmgKcgMTZM,44K344Ot44Ki44Oq44CB44Kt44Kv44Kk44Og44K344Gu5LqI6Ziy44O76aeG6Zmk44Gr,PFRBQkxFIGJvcmRlcj0iMCIgd2lkdGg9IjY1MSI+CiAgICA8VFI+CiAgICAgIDxURD48SU1HIHNyYz0iaHR0cDovL2ltYWdlLnJha3V0ZW4uY28uanAvdGFraXN5by9jYWJpbmV0LzAxMjExODQzL2ltZzYzODk3OTA1LmpwZyIgd2lkdGg9IjY4MCIgaGVpZ2h0PSI3MCIgYm9yZGVyPSIwIj48L1REPgogICAgPC9UUj4KICAgIDxUUj4KICAgICAgPFREIGFsaWduPSJyaWdodCI+6KO95ZOB44Gv77yu77yp77yz77yp77y677yv77yu77yv44CAPC9URD4KICAgIDwvVFI+CiAgICA8VFI+CiAgICAgIDxURCBhbGlnbj0icmlnaHQiPjxJTUcgc3JjPSJodHRwOi8vaW1hZ2UucmFrdXRlbi5jby5qcC90YWtpc3lvL2NhYmluZXQvMDEyMTE4NDMvaW1nNjM4OTc5MDQuanBnIiB3aWR0aD0iNjgwIiBoZWlnaHQ9IjMwNiIgYm9yZGVyPSIwIj48L1REPgogICAgPC9UUj4KICAgIDxUUj4KICAgICAgPFREIGFsaWduPSJsZWZ0Ij48SU1HIHNyYz0iaHR0cDovL2ltYWdlLnJha3V0ZW4uY28uanAvdGFraXN5by9jYWJpbmV0LzAxMjExODQzL2ltZzYzODk3NzE4LmpwZyIgd2lkdGg9IjY3MCIgaGVpZ2h0PSI2MSIgYm9yZGVyPSIwIj48L1REPgogICAgPC9UUj4KICAgIDxUUj4KICAgICAgPFREIGFsaWduPSJsZWZ0Ij4mbmJzcDs8L1REPgogICAgPC9UUj4KICAgIDxUUj4KICAgICAgPFREIGFsaWduPSJjZW50ZXIiPgogICAgICA8VEFCTEUgYm9yZGVyPSIwIiB3aWR0aD0iNjIwIj4KICAgICAgICAgIDxUUj4KICAgICAgICAgICAgPFREIGFsaWduPSJjZW50ZXIiIHdpZHRoPSIyODgiPjxCPjxGT05UIHNpemU9IisxIj7mnKjmnZDlh6bnkIY8L0ZPTlQ+PC9CPjwvVEQ+CiAgICAgICAgICAgIDxURCBhbGlnbj0iY2VudGVyIiB3aWR0aD0iMzIyIj48Qj48Rk9OVCBzaXplPSIrMSI+5Zyf5aOM5Yem55CGPC9GT05UPjwvQj48L1REPgogICAgICAgICAgPC9UUj4KICAgICAgPC9UQUJMRT4KICAgICAgPC9URD4KICAgIDwvVFI+CiAgICA8VFI+CiAgICAgIDxURCBhbGlnbj0iY2VudGVyIj48SU1HIHNyYz0iaHR0cDovL2ltYWdlLnJha3V0ZW4uY28uanAvdGFraXN5by9jYWJpbmV0LzAxMjExODQzL2ltZzYzODk3NzIyLmpwZyIgd2lkdGg9IjYxOSIgaGVpZ2h0PSIxNzIiIGJvcmRlcj0iMCI+PC9URD4KICAgIDwvVFI+CiAgICA8VFI+CiAgICAgIDxURCBhbGlnbj0iY2VudGVyIj4KICAgICAgPFRBQkxFIGJvcmRlcj0iMCIgd2lkdGg9IjY0NyI+CiAgICAgICAgICA8VFI+CiAgICAgICAgICAgIDxURCB3aWR0aD0iMzI3Ij7mnKjmnZDjga7ooajpnaLjgavjgqLjg6rjgrPjg63jg7PjgpLliLfmr5vjgoTlmbTpnKfjgafloZfluIPjgZfjgb7jgZnjgILmnKjlj6PjgIHlibLjgozjgIHph5Hnianlj5bku5jnrofmiYDjgIHjgrPjg7Pjgq/jg6rjg7zjg4jjgYzmjqXjgZnjgovpg6jliIbjga/nibnjgavlhaXlv7Xjgarlh6bnkIbjgYzlv4XopoHjgafjgZnjgILkvb/nlKjph4/jga/jgIAzMDBtbC8x5bmz5pa5bTwvVEQ+CiAgICAgICAgICAgIDxURCB3aWR0aD0iMTYiPjwvVEQ+CiAgICAgICAgICAgIDxURCB3aWR0aD0iMjkwIj7luorkuIvlnJ/lo4zooajpnaLjgavljp/mtrLjga7jgb7jgb7mlaPluIPjgZfjgb7jgZnjgILln7rnpI7jga7lhoXlpJbjgIHmnZ/nn7Pjga7lkajlm7LjgIHmtbTlrqTjg4jjgqTjg6zlj7DmiYDjgarjganmsLTlm57jgorpg6jliIbjga/nibnjgavlhaXlv7Xjgarlh6bnkIbjgYzlv4XopoHjgafjgZnjgILkvb/nlKjph4/jga/luYUyMGNt44GP44KJ44GE44GnMW3lvZPjgZ/jgorntIQxTDwvVEQ+CiAgICAgICAgICA8L1RSPgogICAgICA8L1RBQkxFPgogICAgICA8L1REPgogICAgPC9UUj4KICAgIDxUUj4KICAgICAgPFREIGFsaWduPSJjZW50ZXIiPgogICAgICA8VEFCTEUgYm9yZGVyPSIwIiB3aWR0aD0iNjgwIiBiZ2NvbG9yPSIjNjY2NjY2Ij4KICAgICAgICAgIDxUUj4KICAgICAgICAgICAgPFREIGFsaWduPSJjZW50ZXIiIGJnY29sb3I9IiNjMmQ5ZWYiIHdpZHRoPSIxOTciPuWuuemHjzwvVEQ+CiAgICAgICAgICAgIDxURCBhbGlnbj0iY2VudGVyIiBiZ2NvbG9yPSIjYzJkOWVmIiB3aWR0aD0iMTczIj7loZfjgorpnaLnqY3vvIgy5Zue5aGX44KK77yJPC9URD4KICAgICAgICAgICAgPFREIGFsaWduPSJjZW50ZXIiIGJnY29sb3I9IiNjMmQ5ZWYiIHdpZHRoPSIxNjgiPueVs+OBruaemuaVsOOBpzwvVEQ+CiAgICAgICAgICAgIDxURCBhbGlnbj0iY2VudGVyIiBiZ2NvbG9yPSIjYzJkOWVmIiB3aWR0aD0iMTIxIj7oibI8L1REPgogICAgICAgICAgPC9UUj4KICAgICAgICAgIDxUUj4KICAgICAgICAgICAgPFREIGFsaWduPSJjZW50ZXIiIGJnY29sb3I9IiNmZmZmOGMiIHdpZHRoPSIxOTciPjxCPjxBIGhyZWY9Imh0dHA6Ly9pdGVtLnJha3V0ZW4uY28uanAvdGFraXN5by93YXRhMDI5Mi8iIHRhcmdldD0iX2JsYW5rIj7jgqLjg6rjgrPjg63jg7PmsLTmurbmgKczLjZMPC9BPjwvQj48L1REPgogICAgICAgICAgICA8VEQgYWxpZ249ImNlbnRlciIgYmdjb2xvcj0iI2ZmZmZmZiIgd2lkdGg9IjE3MyI+57SEMTAuOO+9njE45bmz5pa5bTwvVEQ+CiAgICAgICAgICAgIDxURCBhbGlnbj0iY2VudGVyIiBiZ2NvbG9yPSIjZmZmZmZmIiB3aWR0aD0iMTY4Ij7ntIQ2LjjvvZ4xMuaemuWZtDwvVEQ+CiAgICAgICAgICAgIDxURCByb3dzcGFuPSIyIiBhbGlnbj0iY2VudGVyIiBiZ2NvbG9yPSIjZmZmZmZmIiB3aWR0aD0iMTIxIj7jgqrjg6zjg7Pjgrjjg7vpgI/mmI48L1REPgogICAgICAgICAgPC9UUj4KICAgICAgICAgIDxUUj4KICAgICAgICAgICAgPFREIGFsaWduPSJjZW50ZXIiIGJnY29sb3I9IiNmZmZmOGMiIHdpZHRoPSIxOTciPjxCPjxBIGhyZWY9Imh0dHA6Ly9pdGVtLnJha3V0ZW4uY28uanAvdGFraXN5by93YXRhMDI5MS8iIHRhcmdldD0iX2JsYW5rIj7jgqLjg6rjgrPjg63jg7PmsLTmurbmgKcxNkw8L0E+PC9CPjwvVEQ+CiAgICAgICAgICAgIDxURCBhbGlnbj0iY2VudGVyIiBiZ2NvbG9yPSIjZmZmZmZmIiB3aWR0aD0iMTczIj7ntIQ0MO+9njgw5bmz5pa5bTwvVEQ+CiAgICAgICAgICAgIDxURCBhbGlnbj0iY2VudGVyIiBiZ2NvbG9yPSIjZmZmZmZmIiB3aWR0aD0iMTY4Ij7ntIQzMO+9njQ55p6a5YiGPC9URD4KICAgICAgICAgIDwvVFI+CiAgICAgIDwvVEFCTEU+CiAgICAgIDwvVEQ+CiAgICA8L1RSPgogICAgPFRSPgogICAgICA8VEQgYWxpZ249InJpZ2h0Ij4mbmJzcDvlrrnph4/jgpLjgq/jg6rjg4Pjgq/jgZnjgovjgajnp7vli5XjgZfjgb7jgZnjgII8L1REPgogICAgPC9UUj4KICAgIDxUUj4KICAgICAgPFREIGFsaWduPSJjZW50ZXIiPiZuYnNwOwogICAgICA8VEFCTEUgYm9yZGVyPSIwIiB3aWR0aD0iNjEzIj4KICAgICAgICAgIDxUUj4KICAgICAgICAgICAgPFREIHdpZHRoPSIzMDQiIHJvd3NwYW49IjIiPjxJTUcgc3JjPSJodHRwOi8vaW1hZ2UucmFrdXRlbi5jby5qcC90YWtpc3lvL2NhYmluZXQvMDEyMTE4NDMvaW1nNjM5MDQ1NjkuanBnIiB3aWR0aD0iMjgwIiBoZWlnaHQ9IjEyMyIgYm9yZGVyPSIwIj48L1REPgogICAgICAgICAgICA8VEQgd2lkdGg9IjI5OSI+PElNRyBzcmM9Imh0dHA6Ly9pbWFnZS5yYWt1dGVuLmNvLmpwL3Rha2lzeW8vY2FiaW5ldC8wMTIxMTg0My9pbWc2MzkwNDU3MC5qcGciIHdpZHRoPSIzMDAiIGhlaWdodD0iNDkiIGJvcmRlcj0iMCI+PC9URD4KICAgICAgICAgIDwvVFI+CiAgICAgICAgICA8VFI+CiAgICAgICAgICAgIDxURCB3aWR0aD0iMjk5Ij7jgqLjg6rjgrPjg63jg7PmsrnliaTjga/jgIA8QSBocmVmPSJodHRwOi8vaXRlbS5yYWt1dGVuLmNvLmpwL3Rha2lzeW8vd2F0YTAyODkvIiB0YXJnZXQ9Il9ibGFuayI+44GT44GT44GL44KJPC9BPuOAgCZuYnNwO+enu+WLleOBl+OBvuOBmTwvVEQ+CiAgICAgICAgICA8L1RSPgogICAgICA8L1RBQkxFPgogICAgICA8L1REPgogICAgPC9UUj4KICAgIDxUUj4KICAgICAgPFREIGFsaWduPSJjZW50ZXIiPiZuYnNwOzxCUj4KICAgICAgPC9URD4KICAgIDwvVFI+CiAgICA8VFI+CiAgICAgIDxURCBhbGlnbj0iY2VudGVyIj48SU1HIHNyYz0iaHR0cDovL2ltYWdlLnJha3V0ZW4uY28uanAvdGFraXN5by9jYWJpbmV0LzAxMjExODQzL2ltZzYzODk3NzIwLmpwZyIgd2lkdGg9IjU1NyIgaGVpZ2h0PSI1MjIiIGJvcmRlcj0iMCI+PC9URD4KICAgIDwvVFI+CiAgICA8VFI+CiAgICAgIDxURCBhbGlnbj0iY2VudGVyIj4mbmJzcDsKICAgICAgPFRBQkxFIGJvcmRlcj0iMCIgd2lkdGg9IjYwOCI+CiAgICAgICAgICA8VFI+CiAgICAgICAgICAgIDxURCB3aWR0aD0iMzIzIiB2YWxpZ249InRvcCIgYWxpZ249ImxlZnQiPjxCPuOCt+ODreOCouODquOBqOODpOODnuODiOOCt+ODreOCouODqjwvQj48QlI+CiAgICAgICAgICAgIOWMl+a1t+mBk+OBruS4gOmDqOOCkumZpOOBjeeZveifu+iiq+Wus+OBr+WFqOWbveOBq+W6g+OBjOOBo+OBpuOBhOOBvuOBmeOAguWFheWIhuOBq+S5vueHpeOBl+OBpuOBhOOCi+WgtOaJgOOBp+OCguawtOWIhuOBjOijnOe1puOBp+OBjeOCjOOBsOOAgeOBneOBruWgtOaJgOOBq+WxheW6p+OCiuOBvuOBmeOAgjxCUj4KICAgICAgICAgICAg44K344Ot44Ki44Oq44Gv5YWJ44CB6aKo44CB5oyv5YuV44KS5auM44GG44Gf44KB44CB5a625bGL44Gu6aKo6YCa44GX44GM5oKq44GE44CB5pqX44GE5bqK5LiL44CB44Go44GP44Gr5rC05YiG44GM44GC44KL5Zue44KK44KS5aW944G/5aSn6LuN6ZqK44Go44Gq44Gj44Gm5pyo5p2Q44KS6aOf44GE44KA44GX44Gj44Gm44GE44GN44G+44GZ44CCPEJSPgogICAgICAgICAgICDnm67jgYzlsYrjgYvjgarjgYTml6XlvZPjgZ/jgorjgYzmgqrjgYTloLTmiYDjgpLjg4Hjgqfjg4Pjgq/jgZfkuojpmLLjgZfjgb7jgZfjgofjgYbjgII8L1REPgogICAgICAgICAgICA8VEQgd2lkdGg9IjI3NSIgYWxpZ249ImNlbnRlciI+PElNRyBzcmM9Imh0dHA6Ly9pbWFnZS5yYWt1dGVuLmNvLmpwL3Rha2lzeW8vY2FiaW5ldC8wMTIxMTg0My9pbWc2Mzg5NzcyMy5qcGciIHdpZHRoPSIyMDAiIGhlaWdodD0iMTkwIiBib3JkZXI9IjAiPjwvVEQ+CiAgICAgICAgICA8L1RSPgogICAgICA8L1RBQkxFPgogICAgICA8L1REPgogICAgPC9UUj4KPC9UQUJMRT4K5rKW57iE44O76Zui5bO244G444Gu6YCB5paZ44Gv44GK6KaL56mN44KK44Gr44Gq44KK44G+44GZ44CCPGJyPgo8YnI+,55m96J+75LqI6Ziy44O76aeG6Zmk55So5rC05rq25oCn5pyo5p2Q55SoIOW8t+WKm+OCouODquOCs+ODreODsyDmsLTmgKcgMTZM77ya54Cn5ZWG5bqX,5bGL5aSW54Wn5piO6L6y5qWt55So5ZOB6L6y5qmf5YW36Jek5qOa44G244Gp44GG5qOa44OR44O844K044Op5ZyS6Iq455So5ZOB5a625bqt6I+c5ZyS44Of44K944OO5YyF5LiB5rip5a6k44OQ44O844OZ44Kt44Ol44O844Kz44Oz44Ot5rip5a6k44OP44Op44OD44Kv44K544K/44Kr44K344On44O844OU44Kr6Ziy6I2J44K344O844OI44K244OQ44O844Oz6Zmk6I2J5Ymk55m96J+75LqI6Ziy44O76aeG6Zmk55So5rC05rq25oCn5pyo5p2Q55SoIOW8t+WKm+OCouODquOCs+ODreODsyDmsLTmgKcgMTZM,44K344Ot44Ki44Oq44CB44Kt44Kv44Kk44Og44K344Gu5LqI6Ziy44O76aeG6Zmk44Gr44CC55m96J+75LqI6Ziy44O76aeG6Zmk55So5rC05rq25oCn5pyo5p2Q55SoIOW8t+WKm+OCouODquOCs+ODreODsyDmsLTmgKcgMTZM[rn]
31-2636,aHR0cDovL3RzaG9wLnIxMHMuanAvdGFraXN5by9jYWJpbmV0LzAxMjExODQzL2ltZzYzOTA1MjU4LmpwZz9maXRpbj03MDA6NzAw,MzIwMC4wMDAw,,6Iqx44O744Ks44O844OH44Oz44O7RElZID4g5L2P5a6F5bu65p2Q44O76Kit5YKZID4g5bqK5p2QID4g44Gd44Gu5LuW,55m96J+75LqI6Ziy44O76aeG6Zmk55So5rC05rq25oCn5pyo5p2Q55SoIOW8t+WKm+OCouODquOCs+ODreODsyDmsLTmgKcgMy42TA==,44K344Ot44Ki44Oq44CB44Kt44Kv44Kk44Og44K344Gu5LqI6Ziy44O76aeG6Zmk44Gr,PFRBQkxFIGJvcmRlcj0iMCIgd2lkdGg9IjY1MSI+CiAgICA8VFI+CiAgICAgIDxURD48SU1HIHNyYz0iaHR0cDovL2ltYWdlLnJha3V0ZW4uY28uanAvdGFraXN5by9jYWJpbmV0LzAxMjExODQzL2ltZzYzODk3OTA1LmpwZyIgd2lkdGg9IjY4MCIgaGVpZ2h0PSI3MCIgYm9yZGVyPSIwIj48L1REPgogICAgPC9UUj4KICAgIDxUUj4KICAgICAgPFREIGFsaWduPSJyaWdodCI+6KO95ZOB44Gv77yu77yp77yz77yp77y677yv77yu77yv44CAPC9URD4KICAgIDwvVFI+CiAgICA8VFI+CiAgICAgIDxURCBhbGlnbj0icmlnaHQiPjxJTUcgc3JjPSJodHRwOi8vaW1hZ2UucmFrdXRlbi5jby5qcC90YWtpc3lvL2NhYmluZXQvMDEyMTE4NDMvaW1nNjM4OTc5MDQuanBnIiB3aWR0aD0iNjgwIiBoZWlnaHQ9IjMwNiIgYm9yZGVyPSIwIj48L1REPgogICAgPC9UUj4KICAgIDxUUj4KICAgICAgPFREIGFsaWduPSJsZWZ0Ij48SU1HIHNyYz0iaHR0cDovL2ltYWdlLnJha3V0ZW4uY28uanAvdGFraXN5by9jYWJpbmV0LzAxMjExODQzL2ltZzYzODk3NzE4LmpwZyIgd2lkdGg9IjY3MCIgaGVpZ2h0PSI2MSIgYm9yZGVyPSIwIj48L1REPgogICAgPC9UUj4KICAgIDxUUj4KICAgICAgPFREIGFsaWduPSJsZWZ0Ij4mbmJzcDs8L1REPgogICAgPC9UUj4KICAgIDxUUj4KICAgICAgPFREIGFsaWduPSJjZW50ZXIiPgogICAgICA8VEFCTEUgYm9yZGVyPSIwIiB3aWR0aD0iNjIwIj4KICAgICAgICAgIDxUUj4KICAgICAgICAgICAgPFREIGFsaWduPSJjZW50ZXIiIHdpZHRoPSIyODgiPjxCPjxGT05UIHNpemU9IisxIj7mnKjmnZDlh6bnkIY8L0ZPTlQ+PC9CPjwvVEQ+CiAgICAgICAgICAgIDxURCBhbGlnbj0iY2VudGVyIiB3aWR0aD0iMzIyIj48Qj48Rk9OVCBzaXplPSIrMSI+5Zyf5aOM5Yem55CGPC9GT05UPjwvQj48L1REPgogICAgICAgICAgPC9UUj4KICAgICAgPC9UQUJMRT4KICAgICAgPC9URD4KICAgIDwvVFI+CiAgICA8VFI+CiAgICAgIDxURCBhbGlnbj0iY2VudGVyIj48SU1HIHNyYz0iaHR0cDovL2ltYWdlLnJha3V0ZW4uY28uanAvdGFraXN5by9jYWJpbmV0LzAxMjExODQzL2ltZzYzODk3NzIyLmpwZyIgd2lkdGg9IjYxOSIgaGVpZ2h0PSIxNzIiIGJvcmRlcj0iMCI+PC9URD4KICAgIDwvVFI+CiAgICA8VFI+CiAgICAgIDxURCBhbGlnbj0iY2VudGVyIj4KICAgICAgPFRBQkxFIGJvcmRlcj0iMCIgd2lkdGg9IjY0NyI+CiAgICAgICAgICA8VFI+CiAgICAgICAgICAgIDxURCB3aWR0aD0iMzI3Ij7mnKjmnZDjga7ooajpnaLjgavjgqLjg6rjgrPjg63jg7PjgpLliLfmr5vjgoTlmbTpnKfjgafloZfluIPjgZfjgb7jgZnjgILmnKjlj6PjgIHlibLjgozjgIHph5Hnianlj5bku5jnrofmiYDjgIHjgrPjg7Pjgq/jg6rjg7zjg4jjgYzmjqXjgZnjgovpg6jliIbjga/nibnjgavlhaXlv7Xjgarlh6bnkIbjgYzlv4XopoHjgafjgZnjgILkvb/nlKjph4/jga/jgIAzMDBtbC8x5bmz5pa5bTwvVEQ+CiAgICAgICAgICAgIDxURCB3aWR0aD0iMTYiPjwvVEQ+CiAgICAgICAgICAgIDxURCB3aWR0aD0iMjkwIj7luorkuIvlnJ/lo4zooajpnaLjgavljp/mtrLjga7jgb7jgb7mlaPluIPjgZfjgb7jgZnjgILln7rnpI7jga7lhoXlpJbjgIHmnZ/nn7Pjga7lkajlm7LjgIHmtbTlrqTjg4jjgqTjg6zlj7DmiYDjgarjganmsLTlm57jgorpg6jliIbjga/nibnjgavlhaXlv7Xjgarlh6bnkIbjgYzlv4XopoHjgafjgZnjgILkvb/nlKjph4/jga/luYUyMGNt44GP44KJ44GE44GnMW3lvZPjgZ/jgorntIQxTDwvVEQ+CiAgICAgICAgICA8L1RSPgogICAgICA8L1RBQkxFPgogICAgICA8L1REPgogICAgPC9UUj4KICAgIDxUUj4KICAgICAgPFREIGFsaWduPSJjZW50ZXIiPgogICAgICA8VEFCTEUgYm9yZGVyPSIwIiB3aWR0aD0iNjgwIiBiZ2NvbG9yPSIjNjY2NjY2Ij4KICAgICAgICAgIDxUUj4KICAgICAgICAgICAgPFREIGFsaWduPSJjZW50ZXIiIGJnY29sb3I9IiNjMmQ5ZWYiIHdpZHRoPSIxOTciPuWuuemHjzwvVEQ+CiAgICAgICAgICAgIDxURCBhbGlnbj0iY2VudGVyIiBiZ2NvbG9yPSIjYzJkOWVmIiB3aWR0aD0iMTczIj7loZfjgorpnaLnqY3vvIgy5Zue5aGX44KK77yJPC9URD4KICAgICAgICAgICAgPFREIGFsaWduPSJjZW50ZXIiIGJnY29sb3I9IiNjMmQ5ZWYiIHdpZHRoPSIxNjgiPueVs+OBruaemuaVsOOBpzwvVEQ+CiAgICAgICAgICAgIDxURCBhbGlnbj0iY2VudGVyIiBiZ2NvbG9yPSIjYzJkOWVmIiB3aWR0aD0iMTIxIj7oibI8L1REPgogICAgICAgICAgPC9UUj4KICAgICAgICAgIDxUUj4KICAgICAgICAgICAgPFREIGFsaWduPSJjZW50ZXIiIGJnY29sb3I9IiNmZmZmOGMiIHdpZHRoPSIxOTciPjxCPjxBIGhyZWY9Imh0dHA6Ly9pdGVtLnJha3V0ZW4uY28uanAvdGFraXN5by93YXRhMDI5Mi8iIHRhcmdldD0iX2JsYW5rIj7jgqLjg6rjgrPjg63jg7PmsLTmurbmgKczLjZMPC9BPjwvQj48L1REPgogICAgICAgICAgICA8VEQgYWxpZ249ImNlbnRlciIgYmdjb2xvcj0iI2ZmZmZmZiIgd2lkdGg9IjE3MyI+57SEMTAuOO+9njE45bmz5pa5bTwvVEQ+CiAgICAgICAgICAgIDxURCBhbGlnbj0iY2VudGVyIiBiZ2NvbG9yPSIjZmZmZmZmIiB3aWR0aD0iMTY4Ij7ntIQ2LjjvvZ4xMuaemuWZtDwvVEQ+CiAgICAgICAgICAgIDxURCByb3dzcGFuPSIyIiBhbGlnbj0iY2VudGVyIiBiZ2NvbG9yPSIjZmZmZmZmIiB3aWR0aD0iMTIxIj7jgqrjg6zjg7Pjgrjjg7vpgI/mmI48L1REPgogICAgICAgICAgPC9UUj4KICAgICAgICAgIDxUUj4KICAgICAgICAgICAgPFREIGFsaWduPSJjZW50ZXIiIGJnY29sb3I9IiNmZmZmOGMiIHdpZHRoPSIxOTciPjxCPjxBIGhyZWY9Imh0dHA6Ly9pdGVtLnJha3V0ZW4uY28uanAvdGFraXN5by93YXRhMDI5MS8iIHRhcmdldD0iX2JsYW5rIj7jgqLjg6rjgrPjg63jg7PmsLTmurbmgKcxNkw8L0E+PC9CPjwvVEQ+CiAgICAgICAgICAgIDxURCBhbGlnbj0iY2VudGVyIiBiZ2NvbG9yPSIjZmZmZmZmIiB3aWR0aD0iMTczIj7ntIQ0MO+9njgw5bmz5pa5bTwvVEQ+CiAgICAgICAgICAgIDxURCBhbGlnbj0iY2VudGVyIiBiZ2NvbG9yPSIjZmZmZmZmIiB3aWR0aD0iMTY4Ij7ntIQzMO+9njQ55p6a5YiGPC9URD4KICAgICAgICAgIDwvVFI+CiAgICAgIDwvVEFCTEU+CiAgICAgIDwvVEQ+CiAgICA8L1RSPgogICAgPFRSPgogICAgICA8VEQgYWxpZ249InJpZ2h0Ij4mbmJzcDvlrrnph4/jgpLjgq/jg6rjg4Pjgq/jgZnjgovjgajnp7vli5XjgZfjgb7jgZnjgII8L1REPgogICAgPC9UUj4KICAgIDxUUj4KICAgICAgPFREIGFsaWduPSJjZW50ZXIiPiZuYnNwOwogICAgICA8VEFCTEUgYm9yZGVyPSIwIiB3aWR0aD0iNjEzIj4KICAgICAgICAgIDxUUj4KICAgICAgICAgICAgPFREIHdpZHRoPSIzMDQiIHJvd3NwYW49IjIiPjxJTUcgc3JjPSJodHRwOi8vaW1hZ2UucmFrdXRlbi5jby5qcC90YWtpc3lvL2NhYmluZXQvMDEyMTE4NDMvaW1nNjM5MDQ1NjkuanBnIiB3aWR0aD0iMjgwIiBoZWlnaHQ9IjEyMyIgYm9yZGVyPSIwIj48L1REPgogICAgICAgICAgICA8VEQgd2lkdGg9IjI5OSI+PElNRyBzcmM9Imh0dHA6Ly9pbWFnZS5yYWt1dGVuLmNvLmpwL3Rha2lzeW8vY2FiaW5ldC8wMTIxMTg0My9pbWc2MzkwNDU3MC5qcGciIHdpZHRoPSIzMDAiIGhlaWdodD0iNDkiIGJvcmRlcj0iMCI+PC9URD4KICAgICAgICAgIDwvVFI+CiAgICAgICAgICA8VFI+CiAgICAgICAgICAgIDxURCB3aWR0aD0iMjk5Ij7jgqLjg6rjgrPjg63jg7PmsrnliaTjga/jgIA8QSBocmVmPSJodHRwOi8vaXRlbS5yYWt1dGVuLmNvLmpwL3Rha2lzeW8vd2F0YTAyODkvIiB0YXJnZXQ9Il9ibGFuayI+44GT44GT44GL44KJPC9BPuOAgCZuYnNwO+enu+WLleOBl+OBvuOBmTwvVEQ+CiAgICAgICAgICA8L1RSPgogICAgICA8L1RBQkxFPgogICAgICA8L1REPgogICAgPC9UUj4KICAgIDxUUj4KICAgICAgPFREIGFsaWduPSJjZW50ZXIiPiZuYnNwOzxCUj4KICAgICAgPC9URD4KICAgIDwvVFI+CiAgICA8VFI+CiAgICAgIDxURCBhbGlnbj0iY2VudGVyIj48SU1HIHNyYz0iaHR0cDovL2ltYWdlLnJha3V0ZW4uY28uanAvdGFraXN5by9jYWJpbmV0LzAxMjExODQzL2ltZzYzODk3NzIwLmpwZyIgd2lkdGg9IjU1NyIgaGVpZ2h0PSI1MjIiIGJvcmRlcj0iMCI+PC9URD4KICAgIDwvVFI+CiAgICA8VFI+CiAgICAgIDxURCBhbGlnbj0iY2VudGVyIj4mbmJzcDsKICAgICAgPFRBQkxFIGJvcmRlcj0iMCIgd2lkdGg9IjYwOCI+CiAgICAgICAgICA8VFI+CiAgICAgICAgICAgIDxURCB3aWR0aD0iMzIzIiB2YWxpZ249InRvcCIgYWxpZ249ImxlZnQiPjxCPuOCt+ODreOCouODquOBqOODpOODnuODiOOCt+ODreOCouODqjwvQj48QlI+CiAgICAgICAgICAgIOWMl+a1t+mBk+OBruS4gOmDqOOCkumZpOOBjeeZveifu+iiq+Wus+OBr+WFqOWbveOBq+W6g+OBjOOBo+OBpuOBhOOBvuOBmeOAguWFheWIhuOBq+S5vueHpeOBl+OBpuOBhOOCi+WgtOaJgOOBp+OCguawtOWIhuOBjOijnOe1puOBp+OBjeOCjOOBsOOAgeOBneOBruWgtOaJgOOBq+WxheW6p+OCiuOBvuOBmeOAgjxCUj4KICAgICAgICAgICAg44K344Ot44Ki44Oq44Gv5YWJ44CB6aKo44CB5oyv5YuV44KS5auM44GG44Gf44KB44CB5a625bGL44Gu6aKo6YCa44GX44GM5oKq44GE44CB5pqX44GE5bqK5LiL44CB44Go44GP44Gr5rC05YiG44GM44GC44KL5Zue44KK44KS5aW944G/5aSn6LuN6ZqK44Go44Gq44Gj44Gm5pyo5p2Q44KS6aOf44GE44KA44GX44Gj44Gm44GE44GN44G+44GZ44CCPEJSPgogICAgICAgICAgICDnm67jgYzlsYrjgYvjgarjgYTml6XlvZPjgZ/jgorjgYzmgqrjgYTloLTmiYDjgpLjg4Hjgqfjg4Pjgq/jgZfkuojpmLLjgZfjgb7jgZfjgofjgYbjgII8L1REPgogICAgICAgICAgICA8VEQgd2lkdGg9IjI3NSIgYWxpZ249ImNlbnRlciI+PElNRyBzcmM9Imh0dHA6Ly9pbWFnZS5yYWt1dGVuLmNvLmpwL3Rha2lzeW8vY2FiaW5ldC8wMTIxMTg0My9pbWc2Mzg5NzcyMy5qcGciIHdpZHRoPSIyMDAiIGhlaWdodD0iMTkwIiBib3JkZXI9IjAiPjwvVEQ+CiAgICAgICAgICA8L1RSPgogICAgICA8L1RBQkxFPgogICAgICA8L1REPgogICAgPC9UUj4KPC9UQUJMRT4K5rKW57iE44O76Zui5bO244G444Gu6YCB5paZ44Gv44GK6KaL56mN44KK44Gr44Gq44KK44G+44GZ44CCPGJyPgo8YnI+,55m96J+75LqI6Ziy44O76aeG6Zmk55So5rC05rq25oCn5pyo5p2Q55SoIOW8t+WKm+OCouODquOCs+ODreODsyDmsLTmgKcgMy42TO+8mueAp+WVhuW6lw==,5bGL5aSW54Wn5piO6L6y5qWt55So5ZOB6L6y5qmf5YW36Jek5qOa44G244Gp44GG5qOa44OR44O844K044Op5ZyS6Iq455So5ZOB5a625bqt6I+c5ZyS44Of44K944OO5YyF5LiB5rip5a6k44OQ44O844OZ44Kt44Ol44O844Kz44Oz44Ot5rip5a6k44OP44Op44OD44Kv44K544K/44Kr44K344On44O844OU44Kr6Ziy6I2J44K344O844OI44K244OQ44O844Oz6Zmk6I2J5Ymk55m96J+75LqI6Ziy44O76aeG6Zmk55So5rC05rq25oCn5pyo5p2Q55SoIOW8t+WKm+OCouODquOCs+ODreODsyDmsLTmgKcgMy42TA==,44K344Ot44Ki44Oq44CB44Kt44Kv44Kk44Og44K344Gu5LqI6Ziy44O76aeG6Zmk44Gr44CC55m96J+75LqI6Ziy44O76aeG6Zmk55So5rC05rq25oCn5pyo5p2Q55SoIOW8t+WKm+OCouODquOCs+ODreODsyDmsLTmgKcgMy42TA==[rn]
31-2637,aHR0cDovL3RzaG9wLnIxMHMuanAvdGFraXN5by9jYWJpbmV0LzAxMjExODQzL2ltZzU5MTEzMTg3LmpwZz9maXRpbj03MDA6NzAw,NjI4Ni40MDAw,,6Iqx44O744Ks44O844OH44Oz44O7RElZID4g5L2P5a6F5bu65p2Q44O76Kit5YKZID4g5bqK5p2QID4g44Gd44Gu5LuW,54Kt5YWrIOW6iuS4i+eUqCDoqr/mub/mnZAgMS4za2fDlzjooovlhaUvMS4z55WzIO+8u+W6iuS4i+OCkuS5vuOBi+OBmSDluorkuIvoqr/mub/mnKjngq0g5raI6IetIOS5vueHpSDpmaTmub/vvL0=,W+eCreWFq13luorkuIvnlKjoqr/mub/mnZDjga/ngKfllYblupfvvIEgIOmAgeaWmeeEoeaWmQ==,PFRBQkxFIGJvcmRlcj0iMCI+CiAgICA8VFI+CiAgICAgIDxURD48SU1HIHNyYz0iaHR0cDovL2ltYWdlLnJha3V0ZW4uY28uanAvdGFraXN5by9jYWJpbmV0LzAxMjExODQzL2ltZzU5MTEzMTY0LmpwZyIgd2lkdGg9IjY3MCIgaGVpZ2h0PSIxMTAiIGJvcmRlcj0iMCI+PC9URD4KICAgIDwvVFI+CiAgICA8VFI+CiAgICAgIDxURD48Rk9OVCBzaXplPSItMSI+6Z2S44GE56m644Gr55m944GE6Zuy44CB44CA6Ieq54S244Gu6aKo44Gr44Gu44Gj44Gm5b+r6YGp44Gr44GZ44GU44GX44Gf44GE44CCPC9GT05UPjxCUj4KICAgICAgPC9URD4KICAgIDwvVFI+CiAgICA8VFI+CiAgICAgIDxURCBhbGlnbj0iY2VudGVyIj48Rk9OVCBzaXplPSIrMSI+PEI+5bqK5LiL44KS44GL44KP44GL44GZPC9CPjwvRk9OVD48Qj7jgIDjgIA8Rk9OVCBzaXplPSIrNCI+54Kt5YWrPC9GT05UPuOAgDxGT05UIHNpemU9IisxIj7luorkuIvkub7nh6XmnKjngq08L0ZPTlQ+PC9CPjwvVEQ+CiAgICA8L1RSPgogICAgPFRSPgogICAgICA8VEQgYWxpZ249ImNlbnRlciI+PElNRyBzcmM9Imh0dHA6Ly9pbWFnZS5yYWt1dGVuLmNvLmpwL3Rha2lzeW8vY2FiaW5ldC8wMTIxMTg0My9pbWc1OTExMzE2MS5qcGciIHdpZHRoPSI2NDgiIGhlaWdodD0iMjU0IiBib3JkZXI9IjAiPjwvVEQ+CiAgICA8L1RSPgogICAgPFRSPgogICAgICA8VEQgYWxpZ249ImNlbnRlciI+PEZPTlQgc2l6ZT0iLTEiPjxCPuS9j+OBvuOBhOOCkuS5vuOBi+OBneOBhuOAgeaXpeOAhSDjga7jgbPjga7jgbPjgajlv6vpganjgavmmq7jgonjgZ3jgYY8L0I+PC9GT05UPjxCUj4KICAgICAgPEJSPgogICAgICA8L1REPgogICAgPC9UUj4KICAgIDxUUj4KICAgICAgPFREIGFsaWduPSJsZWZ0Ij4KICAgICAgPFRBQkxFIGJvcmRlcj0iMCI+CiAgICAgICAgICA8VFI+CiAgICAgICAgICAgIDxURCBhbGlnbj0iY2VudGVyIiB3aWR0aD0iMjA0Ij48Qj48Rk9OVCBzaXplPSItMSI+54Kt5YWr77yI6Yed6JGJ5qi577yJPC9GT05UPjwvQj48L1REPgogICAgICAgICAgICA8VEQgYWxpZ249ImNlbnRlciIgd2lkdGg9IjIwNSI+PEZPTlQgc2l6ZT0iLTEiPjxCPuWCmemVt+eCre+8iOW6g+iRieaoue+8iTwvQj48L0ZPTlQ+PC9URD4KICAgICAgICAgICAgPFREIHdpZHRoPSIyNDEiPjwvVEQ+CiAgICAgICAgICA8L1RSPgogICAgICA8L1RBQkxFPgogICAgICA8L1REPgogICAgPC9UUj4KICAgIDxUUj4KICAgICAgPFREIGFsaWduPSJjZW50ZXIiPjxJTUcgc3JjPSJodHRwOi8vaW1hZ2UucmFrdXRlbi5jby5qcC90YWtpc3lvL2NhYmluZXQvMDEyMTE4NDMvaW1nNTkxMTMxNjAuanBnIiB3aWR0aD0iNjUyIiBoZWlnaHQ9IjE5NCIgYm9yZGVyPSIwIj48L1REPgogICAgPC9UUj4KICAgIDxUUj4KICAgICAgPFREPgogICAgICA8UD48Rk9OVCBzaXplPSItMSI+PEJSPgogICAgICDil4/ngq3jgavjga/nlKjpgJTjgavjgojjgaPjgabjgIHnlKjpgJTjgavpganjgaPjgZ/ngq3jgYzjgYLjgorjgb7jgZnjgII8QlI+CiAgICAgIDxCUj4KICAgICAg4peP5Luu5bCO566h44Go44GE44GG6ZqZ6ZaT44GM5LuW44Gu54Kt44Gr5q+U44G544Gm5aSn44GN44GE44Gu44Gn56m65rCX44Gu5ZC45o6S5rCX44GM44Gd44KM44Gg44GR5Yq5546H44GM5LiK44GM44KK44G+44GZ44CCPEJSPgogICAgICDjgIDogonjgpLjgYrjgYTjgZfjgY/nhLzjgY3jgYLjgZLjgovngq3jgoTjgIHjg4vjgqrjgqTjga7lkLjnnYDjgavpganjgZfjgZ/ngq3jgYzjgYLjgorjgIHmua/msrjjgZfmmYLjgavlh7rjgovokrjmsJfjga7lkLjlj47jgas8QlI+CiAgICAgIOOAgOmBqeOBl+OBn+eCreOBjOOBguOCiuOBvuOBmeOAgjwvRk9OVD48QlI+CiAgICAgIDxGT05UIHNpemU9Ii0xIj7il4/lgpnplbfngq3jgoLpu5Lngq3jgoLlkIzjgZjnh4PmlpnnlKjjga7ngq3jgafjgZnjgYzjgIHmnKjmnZDjga7nqK7poZ7jgoToo73pgKDmlrnms5XjgavjgojjgaPjgabmgKfos6rjgYzlpInjgo/jgorjgb7jgZnjgII8L0ZPTlQ+PEJSPgogICAgICA8Rk9OVCBzaXplPSItMSI+4peP54Kt5YWr44Gv5a6244KS6Kq/5rm/44GZ44KL55uu55qE44Gn55Sj5a2m5Y2U5ZCM56CU56m244GL44KJ55Sf44G+44KM44Gf6KO95ZOB44Gn44GZ44CCPC9GT05UPjxCUj4KICAgICAgPC9QPgogICAgICA8L1REPgogICAgPC9UUj4KICAgIDxUUj4KICAgICAgPFREPjwvVEQ+CiAgICA8L1RSPgogICAgPFRSPgogICAgICA8VEQ+44CA44CA44CA44CA44CA44CA44CA44CAPEJSPgogICAgICA8Rk9OVCBzaXplPSItMSI+44CA44CA44CA44CA44CA44CA44CA44CA5bqK5LiL55So6Kq/5rm/5pyo54Kt44CM54Kt5YWr44CN44Gu5b+F6KaB6YePPC9GT05UPjwvVEQ+CiAgICA8L1RSPgogICAgPFRSPgogICAgICA8VEQgYWxpZ249ImNlbnRlciI+CiAgICAgIDxUQUJMRSBib3JkZXI9IjAiIGJnY29sb3I9IiM2NjY2NjYiIHdpZHRoPSI1MTgiPgogICAgICAgICAgPFRSPgogICAgICAgICAgICA8VEQgYWxpZ249ImNlbnRlciIgYmdjb2xvcj0iI2IxZDFlYiIgd2lkdGg9IjEyMiI+PEZPTlQgc2l6ZT0iLTEiPjLlnaovNOeVszwvRk9OVD48L1REPgogICAgICAgICAgICA8VEQgYWxpZ249ImNlbnRlciIgYmdjb2xvcj0iI2IxZDFlYiIgd2lkdGg9IjEyMCI+PEZPTlQgc2l6ZT0iLTEiPjTlnaovOOeVszwvRk9OVD48L1REPgogICAgICAgICAgICA8VEQgYWxpZ249ImNlbnRlciIgYmdjb2xvcj0iI2IxZDFlYiIgd2lkdGg9IjEyNyI+PEZPTlQgc2l6ZT0iLTEiPjjlnaovMTbnlbM8L0ZPTlQ+PC9URD4KICAgICAgICAgICAgPFREIGFsaWduPSJjZW50ZXIiIGJnY29sb3I9IiNiMWQxZWIiIHdpZHRoPSIxMzEiPjxGT05UIHNpemU9Ii0xIj4xNuWdqi8zMuadoTwvRk9OVD48L1REPgogICAgICAgICAgPC9UUj4KICAgICAgICAgIDxUUj4KICAgICAgICAgICAgPFREIGFsaWduPSJjZW50ZXIiIGJnY29sb3I9IiNmZmZmZmYiIHdpZHRoPSIxMjIiPjxGT05UIHNpemU9Ii0xIj4yNOiii++8iDPnrrHvvIk8L0ZPTlQ+PC9URD4KICAgICAgICAgICAgPFREIGFsaWduPSJjZW50ZXIiIGJnY29sb3I9IiNmZmZmZmYiIHdpZHRoPSIxMjAiPjxGT05UIHNpemU9Ii0xIj40OOiii++8iDbnrrHvvIk8L0ZPTlQ+PC9URD4KICAgICAgICAgICAgPFREIGFsaWduPSJjZW50ZXIiIGJnY29sb3I9IiNmZmZmZmYiIHdpZHRoPSIxMjciPjxGT05UIHNpemU9Ii0xIj45Nuiii++8iDEy566x77yJPC9GT05UPjwvVEQ+CiAgICAgICAgICAgIDxURCBhbGlnbj0iY2VudGVyIiBiZ2NvbG9yPSIjZmZmZmZmIiB3aWR0aD0iMTMxIj48Rk9OVCBzaXplPSItMSI+MTky6KKL77yIMjTnrrHvvIk8L0ZPTlQ+PC9URD4KICAgICAgICAgIDwvVFI+CiAgICAgIDwvVEFCTEU+CiAgICAgIDxCUj4KICAgICAgPC9URD4KICAgIDwvVFI+CiAgICA8VFI+CiAgICAgIDxURD7jgIA8Qj48Rk9OVCBzaXplPSItMSI+6Kit572u6aCGPC9GT05UPjwvQj48L1REPgogICAgPC9UUj4KICAgIDxUUj4KICAgICAgPFREPjxJTUcgc3JjPSJodHRwOi8vaW1hZ2UucmFrdXRlbi5jby5qcC90YWtpc3lvL2NhYmluZXQvMDEyMTE4NDMvaW1nNTkxMTMxNjIuanBnIiB3aWR0aD0iNjc5IiBoZWlnaHQ9IjE1NCIgYm9yZGVyPSIwIj48L1REPgogICAgPC9UUj4KICAgIDxUUj4KICAgICAgPFREIGFsaWduPSJjZW50ZXIiPgogICAgICA8VEFCTEUgYm9yZGVyPSIwIiB3aWR0aD0iNjcyIj4KICAgICAgICAgIDxUUj4KICAgICAgICAgICAgPFREIGFsaWduPSJjZW50ZXIiIHdpZHRoPSIyMTkiPjxCPjxJPjxGT05UIHNpemU9IisxIj4xIDwvRk9OVD48L0k+PC9CPjxGT05UIHNpemU9Ii0xIj7nlbPjgpLjgYLjgZLjgos8L0ZPTlQ+PC9URD4KICAgICAgICAgICAgPFREIGFsaWduPSJjZW50ZXIiIHdpZHRoPSIyMjAiPjxCPjxGT05UIHNpemU9Ii0xIj48ST48Rk9OVCBzaXplPSIrMSI+MiA8L0ZPTlQ+PC9JPjwvRk9OVD48L0I+PEZPTlQgc2l6ZT0iLTEiPuW6p+adv+OCkuOBr+OBmuOBmTwvRk9OVD48L1REPgogICAgICAgICAgICA8VEQgYWxpZ249ImNlbnRlciIgd2lkdGg9IjIxOSI+PEI+PEk+MyA8L0k+PC9CPjxGT05UIHNpemU9Ii0xIj7ngq3lhavjgpLmlbfoqK3jgZnjgos8L0ZPTlQ+PC9URD4KICAgICAgICAgIDwvVFI+CiAgICAgIDwvVEFCTEU+CiAgICAgIDwvVEQ+CiAgICA8L1RSPgogICAgPFRSPgogICAgICA8VEQgaGVpZ2h0PSIxNzUiPjxJTUcgc3JjPSJodHRwOi8vaW1hZ2UucmFrdXRlbi5jby5qcC90YWtpc3lvL2NhYmluZXQvMDEyMTE4NDMvaW1nNTkxMTMxNjMuanBnIiB3aWR0aD0iNjgwIiBoZWlnaHQ9IjE1NSIgYm9yZGVyPSIwIj48L1REPgogICAgPC9UUj4KICAgIDxUUj4KICAgICAgPFREIGFsaWduPSJjZW50ZXIiPgogICAgICA8VEFCTEUgYm9yZGVyPSIwIj4KICAgICAgICAgIDxUUj4KICAgICAgICAgICAgPFREPjwvVEQ+CiAgICAgICAgICAgIDxURD48ST48Qj40IDwvQj48L0k+PEZPTlQgc2l6ZT0iLTEiPuaVt+ioreWujOS6hjwvRk9OVD48L1REPgogICAgICAgICAgICA8VEQ+PC9URD4KICAgICAgICAgIDwvVFI+CiAgICAgIDwvVEFCTEU+CiAgICAgIDwvVEQ+CiAgICA8L1RSPgogICAgPFRSPgogICAgICA8VEQ+PElNRyBzcmM9Imh0dHA6Ly9pbWFnZS5yYWt1dGVuLmNvLmpwL3Rha2lzeW8vY2FiaW5ldC8wMTIxMTg0My9pbWc1OTExMzE2NS5qcGciIHdpZHRoPSI2ODEiIGhlaWdodD0iMTY4IiBib3JkZXI9IjAiPjwvVEQ+CiAgICA8L1RSPgogICAgPFRSPgogICAgICA8VEQgYWxpZ249ImNlbnRlciI+CiAgICAgIDxUQUJMRSBib3JkZXI9IjAiPgogICAgICAgICAgPFRSPgogICAgICAgICAgICA8VEQgYWxpZ249ImNlbnRlciIgd2lkdGg9IjIxNSI+PEk+PEI+NSA8L0I+PC9JPjxGT05UIHNpemU9Ii0xIj7luqfmnb/jgpLmiLvjgZk8L0ZPTlQ+PC9URD4KICAgICAgICAgICAgPFREIGFsaWduPSJjZW50ZXIiIHdpZHRoPSIyMTkiPjxJPjxCPjY8L0I+PC9JPjxGT05UIHNpemU9Ii0xIj4g55Wz44KS5YWD44Gr5oi744GZPC9GT05UPjwvVEQ+CiAgICAgICAgICAgIDxURCBhbGlnbj0iY2VudGVyIiB3aWR0aD0iMjE1Ij48L1REPgogICAgICAgICAgPC9UUj4KICAgICAgPC9UQUJMRT4KICAgICAgPC9URD4KICAgIDwvVFI+CiAgICA8VFI+CiAgICAgIDxURCBhbGlnbj0iY2VudGVyIj4KICAgICAgPFRBQkxFIGJvcmRlcj0iMCI+CiAgICAgICAgICA8VFI+CiAgICAgICAgICAgIDxURD48QlI+CiAgICAgICAgICAgIDxJTUcgc3JjPSJodHRwOi8vaW1hZ2UucmFrdXRlbi5jby5qcC90YWtpc3lvL2NhYmluZXQvMDEyMTE4NDMvaW1nNTkxMTMxNjYuanBnIiB3aWR0aD0iNjY5IiBoZWlnaHQ9IjE5MyIgYm9yZGVyPSIwIj48L1REPgogICAgICAgICAgPC9UUj4KICAgICAgICAgIDxUUj4KICAgICAgICAgICAgPFREPjxGT05UIHNpemU9Ii0xIj7kv53ogrLlnJLjgIHoqLrnmYLmiYDjgIHlhazmsJHppKjjgarjganjga7lhazlhbHmlr3oqK3jgafjga/lpKnkupXoo4/jgavmlr3oqK3jgZXjgozjgabjgYTjgb7jgZk8L0ZPTlQ+PC9URD4KICAgICAgICAgIDwvVFI+CiAgICAgIDwvVEFCTEU+CiAgICAgIDwvVEQ+CiAgICA8L1RSPgogICAgPFRSPgogICAgICA8VEQgYWxpZ249ImNlbnRlciI+PEJSPgogICAgICA8SU1HIHNyYz0iaHR0cDovL2ltYWdlLnJha3V0ZW4uY28uanAvdGFraXN5by9jYWJpbmV0LzAxMjExODQzL2ltZzU5MTEzMTU5LmpwZyIgd2lkdGg9IjUxMiIgaGVpZ2h0PSIyMCIgYm9yZGVyPSIwIj48L1REPgogICAgPC9UUj4KICAgIDxUUj4KICAgICAgPFREPuOAgDxGT05UIHNpemU9Ii0xIj7nlKjpgJTjgavlv5zjgZjjgabjgr/jgqTjg5fliKXjgavjgrvjg4Pjg4jjgavjgarjgaPjgabjgYTjgb7jgZnjgII8L0ZPTlQ+PEZPTlQgc2l6ZT0iLTEiPjwvRk9OVD7jgIA8Rk9OVCBzaXplPSItMSIgY29sb3I9IiNmZjAwMDAiPuKXjzwvRk9OVD48Rk9OVCBzaXplPSItMSI+5Y2w44KS44GT44GT44Gn6LKp5aOy44GX44Gm44GE44G+44GZ44CCPC9GT05UPjwvVEQ+CiAgICA8L1RSPgogICAgPFRSPgogICAgICA8VEQgYWxpZ249ImNlbnRlciI+CiAgICAgIDxUQUJMRSBib3JkZXI9IjAiIGJnY29sb3I9IiM2NjY2NjYiPgogICAgICAgICAgPFRSPgogICAgICAgICAgICA8VEQgYWxpZ249ImNlbnRlciIgYmdjb2xvcj0iI2JmZGVlYSI+PEZPTlQgc2l6ZT0iLTEiIGNvbG9yPSIjZmYwMDAwIj7il488L0ZPTlQ+PEZPTlQgc2l6ZT0iLTEiPuW6iuS4i+iqv+a5v+acqOeCrTwvRk9OVD48L1REPgogICAgICAgICAgICA8VEQgYWxpZ249ImNlbnRlciIgYmdjb2xvcj0iI2JmZGVlYSI+PEZPTlQgc2l6ZT0iLTEiPuaKvOWFpeiqv+a5v+acqOeCrTwvRk9OVD48L1REPgogICAgICAgICAgICA8VEQgYWxpZ249ImNlbnRlciIgYmdjb2xvcj0iI2JmZGVlYSI+PEZPTlQgc2l6ZT0iLTEiPuaKvOWFpeeUqOiqv+a5v+acqOeCre+8iOajkuW9ou+8iTwvRk9OVD48L1REPgogICAgICAgICAgICA8VEQgYWxpZ249ImNlbnRlciIgYmdjb2xvcj0iI2JmZGVlYSI+PEZPTlQgc2l6ZT0iLTEiPuOCv+ODs+OCueeUqOiqv+a5v+acqOeCre+8iOajkuW9ou+8iTwvRk9OVD48L1REPgogICAgICAgICAgPC9UUj4KICAgICAgICAgIDxUUj4KICAgICAgICAgICAgPFREIGJnY29sb3I9IiNmZmZmZmYiPjxhIGhyZWY9Imh0dHA6Ly9pdGVtLnJha3V0ZW4uY28uanAvdGFraXN5by9zeW9lMDAwMS8iIHRhcmdldD0iX2JsYW5rIj48SU1HIHNyYz0iaHR0cDovL2ltYWdlLnJha3V0ZW4uY28uanAvdGFraXN5by9jYWJpbmV0LzAxMjExODQzL2ltZzU5MTEzMTY3LmpwZyIgd2lkdGg9IjE1NiIgaGVpZ2h0PSIxMjciIGJvcmRlcj0iMCI+PC9hPjwvVEQ+CiAgICAgICAgICAgIDxURCB2YWxpZ249Im1pZGRsZSIgYmdjb2xvcj0iI2ZmZmZmZiI+PGEgaHJlZj0iaHR0cDovL2l0ZW0ucmFrdXRlbi5jby5qcC90YWtpc3lvL3N5b2UwMDA0LyIgdGFyZ2V0PSJfYmxhbmsiPjxJTUcgc3JjPSJodHRwOi8vaW1hZ2UucmFrdXRlbi5jby5qcC90YWtpc3lvL2NhYmluZXQvMDEyMTE4NDMvaW1nNTkxMTMxNzAuanBnIiB3aWR0aD0iMTU1IiBoZWlnaHQ9IjEzOSIgYm9yZGVyPSIwIj48L2E+PC9URD4KICAgICAgICAgICAgPFREIHZhbGlnbj0ibWlkZGxlIiBiZ2NvbG9yPSIjZmZmZmZmIj48YSBocmVmPSJodHRwOi8vaXRlbS5yYWt1dGVuLmNvLmpwL3Rha2lzeW8vc3lvZTAwMDUvIiB0YXJnZXQ9Il9ibGFuayI+PElNRyBzcmM9Imh0dHA6Ly9pbWFnZS5yYWt1dGVuLmNvLmpwL3Rha2lzeW8vY2FiaW5ldC8wMTIxMTg0My9pbWc1OTExMzE2OC5qcGciIHdpZHRoPSIxNTAiIGhlaWdodD0iMTQyIiBib3JkZXI9IjAiPjwvYT48L1REPgogICAgICAgICAgICA8VEQgdmFsaWduPSJtaWRkbGUiIGJnY29sb3I9IiNmZmZmZmYiIGFsaWduPSJjZW50ZXIiPjxhIGhyZWY9Imh0dHA6Ly9pdGVtLnJha3V0ZW4uY28uanAvdGFraXN5by9zeW9lMDAwNy8iIHRhcmdldD0iX2JsYW5rIj48SU1HIHNyYz0iaHR0cDovL2ltYWdlLnJha3V0ZW4uY28uanAvdGFraXN5by9jYWJpbmV0LzAxMjExODQzL2ltZzU5MTEzMTY5LmpwZyIgd2lkdGg9IjEwMCIgaGVpZ2h0PSI5OCIgYm9yZGVyPSIwIj48L2E+PC9URD4KICAgICAgICAgIDwvVFI+CiAgICAgIDwvVEFCTEU+CiAgICAgIDwvVEQ+CiAgICA8L1RSPgo8L1RBQkxFPgrmspbnuITjg7vpm6Lls7bjgbjjga7pgIHmlpnjga/jgYropovnqY3jgorjgavjgarjgorjgb7jgZnjgII8YnI+Cjxicj4KOOiii++8iDEuM+eVs+OBguOBn+OCiu+8ieWNmOS9jeOBp+OBruiyqeWjsuOBq+OBquOCiuOBvuOBmeOAgjxicj4KPGJyPg==,54Kt5YWrIOW6iuS4i+eUqCDoqr/mub/mnZAgMS4za2cmdGltZXM7OOiii+WFpS8xLjPnlbMg77y75bqK5LiL44KS5Lm+44GL44GZIOW6iuS4i+iqv+a5v+acqOeCrSDmtojoh60g5Lm+54elIOmZpOa5v++8ve+8mueAp+WVhuW6lw==,5bGL5aSW54Wn5piO6L6y5qWt55So5ZOB6L6y5qmf5YW36Jek5qOa44G244Gp44GG5qOa44OR44O844K044Op5ZyS6Iq455So5ZOB5a625bqt6I+c5ZyS44Of44K944OO5YyF5LiB5rip5a6k44OQ44O844OZ44Kt44Ol44O844Kz44Oz44Ot5rip5a6k44OP44Op44OD44Kv44K544K/44Kr44K344On44O844OU44Kr6Ziy6I2J44K344O844OI44K244OQ44O844Oz6Zmk6I2J5Ymk54Kt5YWrIOW6iuS4i+eUqCDoqr/mub/mnZAgMS4za2cmdGltZXM7OOiii+WFpS8xLjPnlbMg77y75bqK5LiL44KS5Lm+44GL44GZIOW6iuS4i+iqv+a5v+acqOeCrSDmtojoh60g5Lm+54elIOmZpOa5v++8vQ==,W+eCreWFq13luorkuIvnlKjoqr/mub/mnZDjga/ngKfllYblupfvvIEgIOmAgeaWmeeEoeaWmeOAgueCreWFqyDluorkuIvnlKgg6Kq/5rm/5p2QIDEuM2tnJnRpbWVzOzjooovlhaUvMS4z55WzIO+8u+W6iuS4i+OCkuS5vuOBi+OBmSDluorkuIvoqr/mub/mnKjngq0g5raI6IetIOS5vueHpSDpmaTmub/vvL0=[rn]
31-2638,aHR0cDovL3RzaG9wLnIxMHMuanAvdGFraXN5by9jYWJpbmV0LzAxMjExODQzL2ltZzYxMTc1NzY0LmpwZz9maXRpbj03MDA6NzAw,MjQyNzQuNDAwMA==,,6Iqx44O744Ks44O844OH44Oz44O7RElZID4g5L2P5a6F5bu65p2Q44O76Kit5YKZID4g5bqK5p2QID4g44Gd44Gu5LuW,54Kt5YWrIOW6iuS4i+eUqCDoqr/mub/mnKjngq0xLjNrZ8OXMzLooovlhaUvNeeVsyDvvLvluorkuIvjgpLkub7jgYvjgZkg5bqK5LiL6Kq/5rm/5pyo54KtIOa2iOiHrSDkub7nh6Ug6Zmk5rm/77y9IOOAkHNtdGItbXPjgJE=,6YCB5paZ54Sh5paZ5b+D5Zyw44KI44GE5L2P44G+44GE44Gu44Gf44KB44Gr44CB55Sj5a2m5YWx5ZCM44Gn6ZaL55m644GV44KM44G+44GX44Gf,PFRBQkxFIGJvcmRlcj0iMCI+CiAgICA8VFI+CiAgICAgIDxURD48SU1HIHNyYz0iaHR0cDovL2ltYWdlLnJha3V0ZW4uY28uanAvdGFraXN5by9jYWJpbmV0LzAxMjExODQzL2ltZzU5MTEzMTY0LmpwZyIgd2lkdGg9IjY3MCIgaGVpZ2h0PSIxMTAiIGJvcmRlcj0iMCI+PC9URD4KICAgIDwvVFI+CiAgICA8VFI+CiAgICAgIDxURD48Rk9OVCBzaXplPSItMSI+6Z2S44GE56m644Gr55m944GE6Zuy44CB44CA6Ieq54S244Gu6aKo44Gr44Gu44Gj44Gm5b+r6YGp44Gr44GZ44GU44GX44Gf44GE44CCPC9GT05UPjxCUj4KICAgICAgPC9URD4KICAgIDwvVFI+CiAgICA8VFI+CiAgICAgIDxURCBhbGlnbj0iY2VudGVyIj48Rk9OVCBzaXplPSIrMSI+PEI+5bqK5LiL44KS44GL44KP44GL44GZPC9CPjwvRk9OVD48Qj7jgIDjgIA8Rk9OVCBzaXplPSIrNCI+54Kt5YWrPC9GT05UPuOAgDxGT05UIHNpemU9IisxIj7luorkuIvkub7nh6XmnKjngq08L0ZPTlQ+PC9CPjwvVEQ+CiAgICA8L1RSPgogICAgPFRSPgogICAgICA8VEQgYWxpZ249ImNlbnRlciI+PElNRyBzcmM9Imh0dHA6Ly9pbWFnZS5yYWt1dGVuLmNvLmpwL3Rha2lzeW8vY2FiaW5ldC8wMTIxMTg0My9pbWc1OTExMzE2MS5qcGciIHdpZHRoPSI2NDgiIGhlaWdodD0iMjU0IiBib3JkZXI9IjAiPjwvVEQ+CiAgICA8L1RSPgogICAgPFRSPgogICAgICA8VEQgYWxpZ249ImNlbnRlciI+PEZPTlQgc2l6ZT0iLTEiPjxCPuS9j+OBvuOBhOOCkuS5vuOBi+OBneOBhuOAgeaXpeOAhSDjga7jgbPjga7jgbPjgajlv6vpganjgavmmq7jgonjgZ3jgYY8L0I+PC9GT05UPjxCUj4KICAgICAgPEJSPgogICAgICA8L1REPgogICAgPC9UUj4KICAgIDxUUj4KICAgICAgPFREIGFsaWduPSJsZWZ0Ij4KICAgICAgPFRBQkxFIGJvcmRlcj0iMCI+CiAgICAgICAgICA8VFI+CiAgICAgICAgICAgIDxURCBhbGlnbj0iY2VudGVyIiB3aWR0aD0iMjA0Ij48Qj48Rk9OVCBzaXplPSItMSI+54Kt5YWr77yI6Yed6JGJ5qi577yJPC9GT05UPjwvQj48L1REPgogICAgICAgICAgICA8VEQgYWxpZ249ImNlbnRlciIgd2lkdGg9IjIwNSI+PEZPTlQgc2l6ZT0iLTEiPjxCPuWCmemVt+eCre+8iOW6g+iRieaoue+8iTwvQj48L0ZPTlQ+PC9URD4KICAgICAgICAgICAgPFREIHdpZHRoPSIyNDEiPjwvVEQ+CiAgICAgICAgICA8L1RSPgogICAgICA8L1RBQkxFPgogICAgICA8L1REPgogICAgPC9UUj4KICAgIDxUUj4KICAgICAgPFREIGFsaWduPSJjZW50ZXIiPjxJTUcgc3JjPSJodHRwOi8vaW1hZ2UucmFrdXRlbi5jby5qcC90YWtpc3lvL2NhYmluZXQvMDEyMTE4NDMvaW1nNTkxMTMxNjAuanBnIiB3aWR0aD0iNjUyIiBoZWlnaHQ9IjE5NCIgYm9yZGVyPSIwIj48L1REPgogICAgPC9UUj4KICAgIDxUUj4KICAgICAgPFREPgogICAgICA8UD48Rk9OVCBzaXplPSItMSI+PEJSPgogICAgICDil4/ngq3jgavjga/nlKjpgJTjgavjgojjgaPjgabjgIHnlKjpgJTjgavpganjgaPjgZ/ngq3jgYzjgYLjgorjgb7jgZnjgII8QlI+CiAgICAgIDxCUj4KICAgICAg4peP5Luu5bCO566h44Go44GE44GG6ZqZ6ZaT44GM5LuW44Gu54Kt44Gr5q+U44G544Gm5aSn44GN44GE44Gu44Gn56m65rCX44Gu5ZC45o6S5rCX44GM44Gd44KM44Gg44GR5Yq5546H44GM5LiK44GM44KK44G+44GZ44CCPEJSPgogICAgICDjgIDogonjgpLjgYrjgYTjgZfjgY/nhLzjgY3jgYLjgZLjgovngq3jgoTjgIHjg4vjgqrjgqTjga7lkLjnnYDjgavpganjgZfjgZ/ngq3jgYzjgYLjgorjgIHmua/msrjjgZfmmYLjgavlh7rjgovokrjmsJfjga7lkLjlj47jgas8QlI+CiAgICAgIOOAgOmBqeOBl+OBn+eCreOBjOOBguOCiuOBvuOBmeOAgjwvRk9OVD48QlI+CiAgICAgIDxGT05UIHNpemU9Ii0xIj7il4/lgpnplbfngq3jgoLpu5Lngq3jgoLlkIzjgZjnh4PmlpnnlKjjga7ngq3jgafjgZnjgYzjgIHmnKjmnZDjga7nqK7poZ7jgoToo73pgKDmlrnms5XjgavjgojjgaPjgabmgKfos6rjgYzlpInjgo/jgorjgb7jgZnjgII8L0ZPTlQ+PEJSPgogICAgICA8Rk9OVCBzaXplPSItMSI+4peP54Kt5YWr44Gv5a6244KS6Kq/5rm/44GZ44KL55uu55qE44Gn55Sj5a2m5Y2U5ZCM56CU56m244GL44KJ55Sf44G+44KM44Gf6KO95ZOB44Gn44GZ44CCPC9GT05UPjxCUj4KICAgICAgPC9QPgogICAgICA8L1REPgogICAgPC9UUj4KICAgIDxUUj4KICAgICAgPFREPjwvVEQ+CiAgICA8L1RSPgogICAgPFRSPgogICAgICA8VEQ+44CA44CA44CA44CA44CA44CA44CA44CAPEJSPgogICAgICA8Rk9OVCBzaXplPSItMSI+44CA44CA44CA44CA44CA44CA44CA44CA5bqK5LiL55So6Kq/5rm/5pyo54Kt44CM54Kt5YWr44CN44Gu5b+F6KaB6YePPC9GT05UPjwvVEQ+CiAgICA8L1RSPgogICAgPFRSPgogICAgICA8VEQgYWxpZ249ImNlbnRlciI+CiAgICAgIDxUQUJMRSBib3JkZXI9IjAiIGJnY29sb3I9IiM2NjY2NjYiIHdpZHRoPSI1MTgiPgogICAgICAgICAgPFRSPgogICAgICAgICAgICA8VEQgYWxpZ249ImNlbnRlciIgYmdjb2xvcj0iI2IxZDFlYiIgd2lkdGg9IjEyMiI+PEZPTlQgc2l6ZT0iLTEiPjLlnaovNOeVszwvRk9OVD48L1REPgogICAgICAgICAgICA8VEQgYWxpZ249ImNlbnRlciIgYmdjb2xvcj0iI2IxZDFlYiIgd2lkdGg9IjEyMCI+PEZPTlQgc2l6ZT0iLTEiPjTlnaovOOeVszwvRk9OVD48L1REPgogICAgICAgICAgICA8VEQgYWxpZ249ImNlbnRlciIgYmdjb2xvcj0iI2IxZDFlYiIgd2lkdGg9IjEyNyI+PEZPTlQgc2l6ZT0iLTEiPjjlnaovMTbnlbM8L0ZPTlQ+PC9URD4KICAgICAgICAgICAgPFREIGFsaWduPSJjZW50ZXIiIGJnY29sb3I9IiNiMWQxZWIiIHdpZHRoPSIxMzEiPjxGT05UIHNpemU9Ii0xIj4xNuWdqi8zMuadoTwvRk9OVD48L1REPgogICAgICAgICAgPC9UUj4KICAgICAgICAgIDxUUj4KICAgICAgICAgICAgPFREIGFsaWduPSJjZW50ZXIiIGJnY29sb3I9IiNmZmZmZmYiIHdpZHRoPSIxMjIiPjxGT05UIHNpemU9Ii0xIj4yNOiii++8iDPnrrHvvIk8L0ZPTlQ+PC9URD4KICAgICAgICAgICAgPFREIGFsaWduPSJjZW50ZXIiIGJnY29sb3I9IiNmZmZmZmYiIHdpZHRoPSIxMjAiPjxGT05UIHNpemU9Ii0xIj40OOiii++8iDbnrrHvvIk8L0ZPTlQ+PC9URD4KICAgICAgICAgICAgPFREIGFsaWduPSJjZW50ZXIiIGJnY29sb3I9IiNmZmZmZmYiIHdpZHRoPSIxMjciPjxGT05UIHNpemU9Ii0xIj45Nuiii++8iDEy566x77yJPC9GT05UPjwvVEQ+CiAgICAgICAgICAgIDxURCBhbGlnbj0iY2VudGVyIiBiZ2NvbG9yPSIjZmZmZmZmIiB3aWR0aD0iMTMxIj48Rk9OVCBzaXplPSItMSI+MTky6KKL77yIMjTnrrHvvIk8L0ZPTlQ+PC9URD4KICAgICAgICAgIDwvVFI+CiAgICAgIDwvVEFCTEU+CiAgICAgIDxCUj4KICAgICAgPC9URD4KICAgIDwvVFI+CiAgICA8VFI+CiAgICAgIDxURD7jgIA8Qj48Rk9OVCBzaXplPSItMSI+6Kit572u6aCGPC9GT05UPjwvQj48L1REPgogICAgPC9UUj4KICAgIDxUUj4KICAgICAgPFREPjxJTUcgc3JjPSJodHRwOi8vaW1hZ2UucmFrdXRlbi5jby5qcC90YWtpc3lvL2NhYmluZXQvMDEyMTE4NDMvaW1nNTkxMTMxNjIuanBnIiB3aWR0aD0iNjc5IiBoZWlnaHQ9IjE1NCIgYm9yZGVyPSIwIj48L1REPgogICAgPC9UUj4KICAgIDxUUj4KICAgICAgPFREIGFsaWduPSJjZW50ZXIiPgogICAgICA8VEFCTEUgYm9yZGVyPSIwIiB3aWR0aD0iNjcyIj4KICAgICAgICAgIDxUUj4KICAgICAgICAgICAgPFREIGFsaWduPSJjZW50ZXIiIHdpZHRoPSIyMTkiPjxCPjxJPjxGT05UIHNpemU9IisxIj4xIDwvRk9OVD48L0k+PC9CPjxGT05UIHNpemU9Ii0xIj7nlbPjgpLjgYLjgZLjgos8L0ZPTlQ+PC9URD4KICAgICAgICAgICAgPFREIGFsaWduPSJjZW50ZXIiIHdpZHRoPSIyMjAiPjxCPjxGT05UIHNpemU9Ii0xIj48ST48Rk9OVCBzaXplPSIrMSI+MiA8L0ZPTlQ+PC9JPjwvRk9OVD48L0I+PEZPTlQgc2l6ZT0iLTEiPuW6p+adv+OCkuOBr+OBmuOBmTwvRk9OVD48L1REPgogICAgICAgICAgICA8VEQgYWxpZ249ImNlbnRlciIgd2lkdGg9IjIxOSI+PEI+PEk+MyA8L0k+PC9CPjxGT05UIHNpemU9Ii0xIj7ngq3lhavjgpLmlbfoqK3jgZnjgos8L0ZPTlQ+PC9URD4KICAgICAgICAgIDwvVFI+CiAgICAgIDwvVEFCTEU+CiAgICAgIDwvVEQ+CiAgICA8L1RSPgogICAgPFRSPgogICAgICA8VEQgaGVpZ2h0PSIxNzUiPjxJTUcgc3JjPSJodHRwOi8vaW1hZ2UucmFrdXRlbi5jby5qcC90YWtpc3lvL2NhYmluZXQvMDEyMTE4NDMvaW1nNTkxMTMxNjMuanBnIiB3aWR0aD0iNjgwIiBoZWlnaHQ9IjE1NSIgYm9yZGVyPSIwIj48L1REPgogICAgPC9UUj4KICAgIDxUUj4KICAgICAgPFREIGFsaWduPSJjZW50ZXIiPgogICAgICA8VEFCTEUgYm9yZGVyPSIwIj4KICAgICAgICAgIDxUUj4KICAgICAgICAgICAgPFREPjwvVEQ+CiAgICAgICAgICAgIDxURD48ST48Qj40IDwvQj48L0k+PEZPTlQgc2l6ZT0iLTEiPuaVt+ioreWujOS6hjwvRk9OVD48L1REPgogICAgICAgICAgICA8VEQ+PC9URD4KICAgICAgICAgIDwvVFI+CiAgICAgIDwvVEFCTEU+CiAgICAgIDwvVEQ+CiAgICA8L1RSPgogICAgPFRSPgogICAgICA8VEQ+PElNRyBzcmM9Imh0dHA6Ly9pbWFnZS5yYWt1dGVuLmNvLmpwL3Rha2lzeW8vY2FiaW5ldC8wMTIxMTg0My9pbWc1OTExMzE2NS5qcGciIHdpZHRoPSI2ODEiIGhlaWdodD0iMTY4IiBib3JkZXI9IjAiPjwvVEQ+CiAgICA8L1RSPgogICAgPFRSPgogICAgICA8VEQgYWxpZ249ImNlbnRlciI+CiAgICAgIDxUQUJMRSBib3JkZXI9IjAiPgogICAgICAgICAgPFRSPgogICAgICAgICAgICA8VEQgYWxpZ249ImNlbnRlciIgd2lkdGg9IjIxNSI+PEk+PEI+NSA8L0I+PC9JPjxGT05UIHNpemU9Ii0xIj7luqfmnb/jgpLmiLvjgZk8L0ZPTlQ+PC9URD4KICAgICAgICAgICAgPFREIGFsaWduPSJjZW50ZXIiIHdpZHRoPSIyMTkiPjxJPjxCPjY8L0I+PC9JPjxGT05UIHNpemU9Ii0xIj4g55Wz44KS5YWD44Gr5oi744GZPC9GT05UPjwvVEQ+CiAgICAgICAgICAgIDxURCBhbGlnbj0iY2VudGVyIiB3aWR0aD0iMjE1Ij48L1REPgogICAgICAgICAgPC9UUj4KICAgICAgPC9UQUJMRT4KICAgICAgPC9URD4KICAgIDwvVFI+CiAgICA8VFI+CiAgICAgIDxURCBhbGlnbj0iY2VudGVyIj4KICAgICAgPFRBQkxFIGJvcmRlcj0iMCI+CiAgICAgICAgICA8VFI+CiAgICAgICAgICAgIDxURD48QlI+CiAgICAgICAgICAgIDxJTUcgc3JjPSJodHRwOi8vaW1hZ2UucmFrdXRlbi5jby5qcC90YWtpc3lvL2NhYmluZXQvMDEyMTE4NDMvaW1nNTkxMTMxNjYuanBnIiB3aWR0aD0iNjY5IiBoZWlnaHQ9IjE5MyIgYm9yZGVyPSIwIj48L1REPgogICAgICAgICAgPC9UUj4KICAgICAgICAgIDxUUj4KICAgICAgICAgICAgPFREPjxGT05UIHNpemU9Ii0xIj7kv53ogrLlnJLjgIHoqLrnmYLmiYDjgIHlhazmsJHppKjjgarjganjga7lhazlhbHmlr3oqK3jgafjga/lpKnkupXoo4/jgavmlr3oqK3jgZXjgozjgabjgYTjgb7jgZk8L0ZPTlQ+PC9URD4KICAgICAgICAgIDwvVFI+CiAgICAgIDwvVEFCTEU+CiAgICAgIDwvVEQ+CiAgICA8L1RSPgogICAgPFRSPgogICAgICA8VEQgYWxpZ249ImNlbnRlciI+PEJSPgogICAgICA8SU1HIHNyYz0iaHR0cDovL2ltYWdlLnJha3V0ZW4uY28uanAvdGFraXN5by9jYWJpbmV0LzAxMjExODQzL2ltZzU5MTEzMTU5LmpwZyIgd2lkdGg9IjUxMiIgaGVpZ2h0PSIyMCIgYm9yZGVyPSIwIj48L1REPgogICAgPC9UUj4KICAgIDxUUj4KICAgICAgPFREPuOAgDxGT05UIHNpemU9Ii0xIj7nlKjpgJTjgavlv5zjgZjjgabjgr/jgqTjg5fliKXjgavjgrvjg4Pjg4jjgavjgarjgaPjgabjgYTjgb7jgZnjgII8L0ZPTlQ+PEZPTlQgc2l6ZT0iLTEiPjwvRk9OVD7jgIA8Rk9OVCBzaXplPSItMSIgY29sb3I9IiNmZjAwMDAiPuKXjzwvRk9OVD48Rk9OVCBzaXplPSItMSI+5Y2w44KS44GT44GT44Gn6LKp5aOy44GX44Gm44GE44G+44GZ44CCPC9GT05UPjwvVEQ+CiAgICA8L1RSPgogICAgPFRSPgogICAgICA8VEQgYWxpZ249ImNlbnRlciI+CiAgICAgIDxUQUJMRSBib3JkZXI9IjAiIGJnY29sb3I9IiM2NjY2NjYiPgogICAgICAgICAgPFRSPgogICAgICAgICAgICA8VEQgYWxpZ249ImNlbnRlciIgYmdjb2xvcj0iI2JmZGVlYSI+PEZPTlQgc2l6ZT0iLTEiIGNvbG9yPSIjZmYwMDAwIj7il488L0ZPTlQ+PEZPTlQgc2l6ZT0iLTEiPuW6iuS4i+iqv+a5v+acqOeCrTwvRk9OVD48L1REPgogICAgICAgICAgICA8VEQgYWxpZ249ImNlbnRlciIgYmdjb2xvcj0iI2JmZGVlYSI+PEZPTlQgc2l6ZT0iLTEiPuaKvOWFpeiqv+a5v+acqOeCrTwvRk9OVD48L1REPgogICAgICAgICAgICA8VEQgYWxpZ249ImNlbnRlciIgYmdjb2xvcj0iI2JmZGVlYSI+PEZPTlQgc2l6ZT0iLTEiPuaKvOWFpeeUqOiqv+a5v+acqOeCre+8iOajkuW9ou+8iTwvRk9OVD48L1REPgogICAgICAgICAgICA8VEQgYWxpZ249ImNlbnRlciIgYmdjb2xvcj0iI2JmZGVlYSI+PEZPTlQgc2l6ZT0iLTEiPuOCv+ODs+OCueeUqOiqv+a5v+acqOeCre+8iOajkuW9ou+8iTwvRk9OVD48L1REPgogICAgICAgICAgPC9UUj4KICAgICAgICAgIDxUUj4KICAgICAgICAgICAgPFREIGJnY29sb3I9IiNmZmZmZmYiPjxhIGhyZWY9Imh0dHA6Ly9pdGVtLnJha3V0ZW4uY28uanAvdGFraXN5by9zeW9lMDAwMS8iIHRhcmdldD0iX2JsYW5rIj48SU1HIHNyYz0iaHR0cDovL2ltYWdlLnJha3V0ZW4uY28uanAvdGFraXN5by9jYWJpbmV0LzAxMjExODQzL2ltZzU5MTEzMTY3LmpwZyIgd2lkdGg9IjE1NiIgaGVpZ2h0PSIxMjciIGJvcmRlcj0iMCI+PC9hPjwvVEQ+CiAgICAgICAgICAgIDxURCB2YWxpZ249Im1pZGRsZSIgYmdjb2xvcj0iI2ZmZmZmZiI+PGEgaHJlZj0iaHR0cDovL2l0ZW0ucmFrdXRlbi5jby5qcC90YWtpc3lvL3N5b2UwMDA0LyIgdGFyZ2V0PSJfYmxhbmsiPjxJTUcgc3JjPSJodHRwOi8vaW1hZ2UucmFrdXRlbi5jby5qcC90YWtpc3lvL2NhYmluZXQvMDEyMTE4NDMvaW1nNTkxMTMxNzAuanBnIiB3aWR0aD0iMTU1IiBoZWlnaHQ9IjEzOSIgYm9yZGVyPSIwIj48L2E+PC9URD4KICAgICAgICAgICAgPFREIHZhbGlnbj0ibWlkZGxlIiBiZ2NvbG9yPSIjZmZmZmZmIj48YSBocmVmPSJodHRwOi8vaXRlbS5yYWt1dGVuLmNvLmpwL3Rha2lzeW8vc3lvZTAwMDUvIiB0YXJnZXQ9Il9ibGFuayI+PElNRyBzcmM9Imh0dHA6Ly9pbWFnZS5yYWt1dGVuLmNvLmpwL3Rha2lzeW8vY2FiaW5ldC8wMTIxMTg0My9pbWc1OTExMzE2OC5qcGciIHdpZHRoPSIxNTAiIGhlaWdodD0iMTQyIiBib3JkZXI9IjAiPjwvYT48L1REPgogICAgICAgICAgICA8VEQgdmFsaWduPSJtaWRkbGUiIGJnY29sb3I9IiNmZmZmZmYiIGFsaWduPSJjZW50ZXIiPjxhIGhyZWY9Imh0dHA6Ly9pdGVtLnJha3V0ZW4uY28uanAvdGFraXN5by9zeW9lMDAwNy8iIHRhcmdldD0iX2JsYW5rIj48SU1HIHNyYz0iaHR0cDovL2ltYWdlLnJha3V0ZW4uY28uanAvdGFraXN5by9jYWJpbmV0LzAxMjExODQzL2ltZzU5MTEzMTY5LmpwZyIgd2lkdGg9IjEwMCIgaGVpZ2h0PSI5OCIgYm9yZGVyPSIwIj48L2E+PC9URD4KICAgICAgICAgIDwvVFI+CiAgICAgIDwvVEFCTEU+CiAgICAgIDwvVEQ+CiAgICA8L1RSPgo8L1RBQkxFPgrmspbnuITjg7vpm6Lls7bjgbjjga7pgIHmlpnjga/jgYropovnqY3jgorjgavjgarjgorjgb7jgZnjgII8YnI+Cjxicj4K54Kt5YWr5bqK55So44CA44K144Kk44K677yaNDXDlzQ1w5c3Y23jgIDntIQxLjNrZ8OXMzLooos8YnI+Cjxicj4=,54Kt5YWrIOW6iuS4i+eUqCDoqr/mub/mnKjngq0xLjNrZyZ0aW1lczszMuiii+WFpS8155WzIO+8u+W6iuS4i+OCkuS5vuOBi+OBmSDluorkuIvoqr/mub/mnKjngq0g5raI6IetIOS5vueHpSDpmaTmub/vvL0g44CQc210Yi1tc+OAke+8mueAp+WVhuW6lw==,5bGL5aSW54Wn5piO6L6y5qWt55So5ZOB6L6y5qmf5YW36Jek5qOa44G244Gp44GG5qOa44OR44O844K044Op5ZyS6Iq455So5ZOB5a625bqt6I+c5ZyS44Of44K944OO5YyF5LiB5rip5a6k44OQ44O844OZ44Kt44Ol44O844Kz44Oz44Ot5rip5a6k44OP44Op44OD44Kv44K544K/44Kr44K344On44O844OU44Kr6Ziy6I2J44K344O844OI44K244OQ44O844Oz6Zmk6I2J5Ymk54Kt5YWrIOW6iuS4i+eUqCDoqr/mub/mnKjngq0xLjNrZyZ0aW1lczszMuiii+WFpS8155WzIO+8u+W6iuS4i+OCkuS5vuOBi+OBmSDluorkuIvoqr/mub/mnKjngq0g5raI6IetIOS5vueHpSDpmaTmub/vvL0g44CQc210Yi1tc+OAkQ==,6YCB5paZ54Sh5paZ5b+D5Zyw44KI44GE5L2P44G+44GE44Gu44Gf44KB44Gr44CB55Sj5a2m5YWx5ZCM44Gn6ZaL55m644GV44KM44G+44GX44Gf44CC54Kt5YWrIOW6iuS4i+eUqCDoqr/mub/mnKjngq0xLjNrZyZ0aW1lczszMuiii+WFpS8155WzIO+8u+W6iuS4i+OCkuS5vuOBi+OBmSDluorkuIvoqr/mub/mnKjngq0g5raI6IetIOS5vueHpSDpmaTmub/vvL0g44CQc210Yi1tc+OAkQ==[rn]
31-2639,aHR0cDovL3RzaG9wLnIxMHMuanAvdGFraXN5by9jYWJpbmV0LzAxMjExODQzL2ltZ3JjMDA3MzA2ODk2Ni5qcGc/Zml0aW49NzAwOjcwMA==,NDMyMC4wMDAw,,6Iqx44O744Ks44O844OH44Oz44O7RElZID4g5L2P5a6F5bu65p2Q44O76Kit5YKZID4g5bqK5p2QID4g44Gd44Gu5LuW,77y76Kq/5rm/5p2Q77y96LGK44OJ44Op44Kk44CAMjBM77yIMTZrZ++8ieOAgOeomuWGheePquiXu+W6iuS4i+iqv+a5v+OAgea2iOiHreWJpCDvvLvluorkuIvjgpLkub7jgYvjgZkg5bqK5LiL6Kq/5rm/IOS5vueHpSDpmaTmub/vvL0=,5b+D5Zyw44KI44GE5L2P44G+44GE44Gu44Gf44KB44Gr44CB55Sj5a2m5YWx5ZCM44Gn6ZaL55m644GV44KM44G+44GX44Gf,PGltZyBzcmM9Imh0dHA6Ly9pbWFnZS5yYWt1dGVuLmNvLmpwL3Rha2lzeW8vY2FiaW5ldC8wMTIxMTg0My9pbWdyYzAwNzMwNjg5NjMuanBnIj48YnI+CjxpbWcgc3JjPSJodHRwOi8vaW1hZ2UucmFrdXRlbi5jby5qcC90YWtpc3lvL2NhYmluZXQvMDEyMTE4NDMvaW1ncmMwMDczMDY4OTY0LmpwZyI+PGJyPgo8aW1nIHNyYz0iaHR0cDovL2ltYWdlLnJha3V0ZW4uY28uanAvdGFraXN5by9jYWJpbmV0LzAxMjExODQzL2ltZ3JjMDA3MzA2ODk2NS5qcGciPjxicj7mspbnuITjg7vpm6Lls7bjgbjjga7pgIHmlpnjga/jgYropovnqY3jgorjgavjgarjgorjgb7jgZnjgII8YnI+Cjxicj4=,77y76Kq/5rm/5p2Q77y96LGK44OJ44Op44Kk44CAMjBM77yIMTZrZ++8ieOAgOeomuWGheePquiXu+W6iuS4i+iqv+a5v+OAgea2iOiHreWJpCDvvLvluorkuIvjgpLkub7jgYvjgZkg5bqK5LiL6Kq/5rm/IOS5vueHpSDpmaTmub/vvL3vvJrngKfllYblupc=,5bGL5aSW54Wn5piO6L6y5qWt55So5ZOB6L6y5qmf5YW36Jek5qOa44G244Gp44GG5qOa44OR44O844K044Op5ZyS6Iq455So5ZOB5a625bqt6I+c5ZyS44Of44K944OO5YyF5LiB5rip5a6k44OQ44O844OZ44Kt44Ol44O844Kz44Oz44Ot5rip5a6k44OP44Op44OD44Kv44K544K/44Kr44K344On44O844OU44Kr6Ziy6I2J44K344O844OI44K244OQ44O844Oz6Zmk6I2J5Ymk77y76Kq/5rm/5p2Q77y96LGK44OJ44Op44Kk44CAMjBM77yIMTZrZ++8ieOAgOeomuWGheePquiXu+W6iuS4i+iqv+a5v+OAgea2iOiHreWJpCDvvLvluorkuIvjgpLkub7jgYvjgZkg5bqK5LiL6Kq/5rm/IOS5vueHpSDpmaTmub/vvL0=,5b+D5Zyw44KI44GE5L2P44G+44GE44Gu44Gf44KB44Gr44CB55Sj5a2m5YWx5ZCM44Gn6ZaL55m644GV44KM44G+44GX44Gf44CC77y76Kq/5rm/5p2Q77y96LGK44OJ44Op44Kk44CAMjBM77yIMTZrZ++8ieOAgOeomuWGheePquiXu+W6iuS4i+iqv+a5v+OAgea2iOiHreWJpCDvvLvluorkuIvjgpLkub7jgYvjgZkg5bqK5LiL6Kq/5rm/IOS5vueHpSDpmaTmub/vvL0=[rn]
31-2640,aHR0cDovL3RzaG9wLnIxMHMuanAvdGFraXN5by9jYWJpbmV0LzAxMjExODQzL2ltZzYxMTc1OTQ3LmpwZz9maXRpbj03MDA6NzAw,NDAzMi4wMDAw,,6Iqx44O744Ks44O844OH44Oz44O7RElZID4g5L2P5a6F5bu65p2Q44O76Kit5YKZID4g5bqK5p2QID4g44Gd44Gu5LuW,54Kt5YWrIOWupOWGheeUqCDmirzlhaXjgoznlKggMS4za2fDlzTooovlhaUg77y75biD5Zuj44KS5Lm+44GL44GZIOaKvOWFpeiqv+a5v+acqOeCrSDjgZnjgb/jga/jgaEg5raI6IetIOS5vueHpSDpmaTmub/vvL0=,W+eCreWFq13mirzlhaXjgoznlKjoqr/mub/mnZDjga/ngKfllYblupc=,PFRBQkxFIGJvcmRlcj0iMCI+CiAgICA8VFI+CiAgICAgIDxURCBhbGlnbj0iY2VudGVyIj48SU1HIHNyYz0iaHR0cDovL2ltYWdlLnJha3V0ZW4uY28uanAvdGFraXN5by9jYWJpbmV0LzAxMjExODQzL2ltZzU5MTE4NjE2LmpwZyIgd2lkdGg9IjY3MCIgaGVpZ2h0PSIxMTAiIGJvcmRlcj0iMCI+PC9URD4KICAgIDwvVFI+CiAgICA8VFI+CiAgICAgIDxURD48Rk9OVCBzaXplPSItMSI+6Z2S44GE56m644Gr55m944GE6Zuy44CB44CA6Ieq54S244Gu6aKo44Gr44Gu44Gj44Gm5b+r6YGp44Gr44GZ44GU44GX44Gf44GE44CCPC9GT05UPjxCUj4KICAgICAgPC9URD4KICAgIDwvVFI+CiAgICA8VFI+CiAgICAgIDxURD48SU1HIHNyYz0iaHR0cDovL2ltYWdlLnJha3V0ZW4uY28uanAvdGFraXN5by9jYWJpbmV0LzAxMjExODQzL2ltZzU5MTE4NjE0LmpwZyIgd2lkdGg9IjY3MiIgaGVpZ2h0PSIyMDciIGJvcmRlcj0iMCI+PC9URD4KICAgIDwvVFI+CiAgICA8VFI+CiAgICAgIDxURD48QlI+CiAgICAgIDxGT05UIHNpemU9Ii0xIj7il4/lsYvlhoXjga7lkITjgrnjg5rjg7zjgrnjgafkvb/nlKjjgafjgY3jgovlpKfooovjgr/jgqTjg5fjgIHooovjgYwy6YeN44Gr44Gq44Gj44Gm5ryP44KM44G+44Gb44KT44CCPEJSPgogICAgICDil4/lpKflrrnph4/jgaDjgYvjgonlirnjgY3nm67jgYzpq5jjgYTjgIHngq3lhavjga7oqr/mub/lipvjga/lgpnplbfngq3jga4y5YCN5Lul5LiK44CCPEJSPgogICAgICA8QlI+CiAgICAgIDwvRk9OVD48L1REPgogICAgPC9UUj4KICAgIDxUUj4KICAgICAgPFREIGFsaWduPSJjZW50ZXIiPjxJTUcgc3JjPSJodHRwOi8vaW1hZ2UucmFrdXRlbi5jby5qcC90YWtpc3lvL2NhYmluZXQvMDEyMTE4NDMvaW1nNTkxMTg2MTMuanBnIiB3aWR0aD0iNjY5IiBoZWlnaHQ9IjEzNiIgYm9yZGVyPSIwIj48L1REPgogICAgPC9UUj4KICAgIDxUUj4KICAgICAgPFREPjxGT05UIHNpemU9Ii0xIj7il4/ngq3lhavjgpLluIPlm6Pjga7plpPjgavjga/jgZXjgb/jgZPjgpPjgafjgZ/jgZ/jgb/jgb7jgZnjgILjgYTjgaTjgoLluIPlm6PjgYzjgbXjgaPjgY/jgonjgafmsJfmjIHjgaHjgojjgYTjgIE8QlI+CiAgICAgIOOAgOWwkeOBl+eCreWFq+OBrumgreOCkuWHuuOBmeOBk+OBqOOBq+OCiOOBo+OBpuOAgeeCreWFq+OBruWQuOaOkua5v+OBjOOBguOBjOOCiuOBvuOBmeOAgjxCUj4KICAgICAg4peP44G144GZ44G+44Gu5Lih5YG044KS5bCR44GX6ZaL44GR44Gm56m65rCX44Gu6YCa6Lev44KS44Gk44GP44KK44G+44GZ44CCPEJSPgogICAgICA8L0ZPTlQ+PEJSPgogICAgICA8L1REPgogICAgPC9UUj4KICAgIDxUUj4KICAgICAgPFREIGFsaWduPSJjZW50ZXIiPjxJTUcgc3JjPSJodHRwOi8vaW1hZ2UucmFrdXRlbi5jby5qcC90YWtpc3lvL2NhYmluZXQvMDEyMTE4NDMvaW1nNTkxMTg2MTIuanBnIiB3aWR0aD0iNjcwIiBoZWlnaHQ9IjIxNyIgYm9yZGVyPSIwIj48L1REPgogICAgPC9UUj4KICAgIDxUUj4KICAgICAgPFREPjxGT05UIHNpemU9Ii0xIj7il4/jg5njg4Pjg4njga7kuIvjgavngq3lhavjgpLmlbfjgY3oqbDjgoHjgovjgajjgIHlr53jgabjgYTjgovplpPjgavluIPlm6Pjga7mub/msJfjgpLlkLjjgYTlj5bjgaPjgabjgY/jgozjgb7jgZnjgII8QlI+CiAgICAgIOOAgOacnei1t+OBjeOBn+OBqOOBjeOBr+OAgeW4g+Wbo+OCkuWNiuWIhuOBq+aKmOOCiuOBn+OBn+OBv+OAgeeCreWFq+OBjOWkluawl+OBq+inpuOCjOOCjOOBsOOBleOCieOBq+WKueaenOeahOOBp+OBmeOAgjwvRk9OVD48L1REPgogICAgPC9UUj4KICAgIDxUUj4KICAgICAgPFREIGFsaWduPSJjZW50ZXIiPjxCUj4KICAgICAgPElNRyBzcmM9Imh0dHA6Ly9pbWFnZS5yYWt1dGVuLmNvLmpwL3Rha2lzeW8vY2FiaW5ldC8wMTIxMTg0My9pbWc1OTExMzE1OS5qcGciIHdpZHRoPSI1MTIiIGhlaWdodD0iMjAiIGJvcmRlcj0iMCI+PC9URD4KICAgIDwvVFI+CiAgICA8VFI+CiAgICAgIDxURD7jgIA8Rk9OVCBzaXplPSItMSI+55So6YCU44Gr5b+c44GY44Gm44K/44Kk44OX5Yil44Gr44K744OD44OI44Gr44Gq44Gj44Gm44GE44G+44GZ44CCPC9GT05UPjxGT05UIHNpemU9Ii0xIj48L0ZPTlQ+44CAPEZPTlQgc2l6ZT0iLTEiIGNvbG9yPSIjZmYwMDAwIj7il488L0ZPTlQ+PEZPTlQgc2l6ZT0iLTEiPuWNsOOCkuOBk+OBk+OBp+iyqeWjsuOBl+OBpuOBhOOBvuOBmeOAgjwvRk9OVD48L1REPgogICAgPC9UUj4KICAgIDxUUj4KICAgICAgPFREIGFsaWduPSJjZW50ZXIiPgogICAgICAgICAgICA8VEFCTEUgYm9yZGVyPSIwIiBiZ2NvbG9yPSIjNjY2NjY2Ij4KICAgICAgICAgIDxUUj4KICAgICAgICAgICAgPFREIGFsaWduPSJjZW50ZXIiIGJnY29sb3I9IiNiZmRlZWEiPjxGT05UIHNpemU9Ii0xIj7luorkuIvoqr/mub/mnKjngq08L0ZPTlQ+PC9URD4KICAgICAgICAgICAgPFREIGFsaWduPSJjZW50ZXIiIGJnY29sb3I9IiNiZmRlZWEiPjxGT05UIHNpemU9Ii0xIiBjb2xvcj0iI2ZmMDAwMCI+4pePPC9GT05UPjxGT05UIHNpemU9Ii0xIj7mirzlhaXoqr/mub/mnKjngq08L0ZPTlQ+PC9URD4KICAgICAgICAgICAgPFREIGFsaWduPSJjZW50ZXIiIGJnY29sb3I9IiNiZmRlZWEiPjxGT05UIHNpemU9Ii0xIj7mirzlhaXnlKjoqr/mub/mnKjngq3vvIjmo5LlvaLvvIk8L0ZPTlQ+PC9URD4KICAgICAgICAgICAgPFREIGFsaWduPSJjZW50ZXIiIGJnY29sb3I9IiNiZmRlZWEiPjxGT05UIHNpemU9Ii0xIj7jgr/jg7PjgrnnlKjoqr/mub/mnKjngq3vvIjmo5LlvaLvvIk8L0ZPTlQ+PC9URD4KICAgICAgICAgIDwvVFI+CiAgICAgICAgICA8VFI+CiAgICAgICAgICAgIDxURCBiZ2NvbG9yPSIjZmZmZmZmIj48YSBocmVmPSJodHRwOi8vaXRlbS5yYWt1dGVuLmNvLmpwL3Rha2lzeW8vc3lvZTAwMDEvIiB0YXJnZXQ9Il9ibGFuayI+PElNRyBzcmM9Imh0dHA6Ly9pbWFnZS5yYWt1dGVuLmNvLmpwL3Rha2lzeW8vY2FiaW5ldC8wMTIxMTg0My9pbWc1OTExMzE2Ny5qcGciIHdpZHRoPSIxNTYiIGhlaWdodD0iMTI3IiBib3JkZXI9IjAiPjwvYT48L1REPgogICAgICAgICAgICA8VEQgdmFsaWduPSJtaWRkbGUiIGJnY29sb3I9IiNmZmZmZmYiPjxhIGhyZWY9Imh0dHA6Ly9pdGVtLnJha3V0ZW4uY28uanAvdGFraXN5by9zeW9lMDAwNC8iIHRhcmdldD0iX2JsYW5rIj48SU1HIHNyYz0iaHR0cDovL2ltYWdlLnJha3V0ZW4uY28uanAvdGFraXN5by9jYWJpbmV0LzAxMjExODQzL2ltZzU5MTEzMTcwLmpwZyIgd2lkdGg9IjE1NSIgaGVpZ2h0PSIxMzkiIGJvcmRlcj0iMCI+PC9hPjwvVEQ+CiAgICAgICAgICAgIDxURCB2YWxpZ249Im1pZGRsZSIgYmdjb2xvcj0iI2ZmZmZmZiI+PGEgaHJlZj0iaHR0cDovL2l0ZW0ucmFrdXRlbi5jby5qcC90YWtpc3lvL3N5b2UwMDA1LyIgdGFyZ2V0PSJfYmxhbmsiPjxJTUcgc3JjPSJodHRwOi8vaW1hZ2UucmFrdXRlbi5jby5qcC90YWtpc3lvL2NhYmluZXQvMDEyMTE4NDMvaW1nNTkxMTMxNjguanBnIiB3aWR0aD0iMTUwIiBoZWlnaHQ9IjE0MiIgYm9yZGVyPSIwIj48L2E+PC9URD4KICAgICAgICAgICAgPFREIHZhbGlnbj0ibWlkZGxlIiBiZ2NvbG9yPSIjZmZmZmZmIiBhbGlnbj0iY2VudGVyIj48YSBocmVmPSJodHRwOi8vaXRlbS5yYWt1dGVuLmNvLmpwL3Rha2lzeW8vc3lvZTAwMDcvIiB0YXJnZXQ9Il9ibGFuayI+PElNRyBzcmM9Imh0dHA6Ly9pbWFnZS5yYWt1dGVuLmNvLmpwL3Rha2lzeW8vY2FiaW5ldC8wMTIxMTg0My9pbWc1OTExMzE2OS5qcGciIHdpZHRoPSIxMDAiIGhlaWdodD0iOTgiIGJvcmRlcj0iMCI+PC9hPjwvVEQ+CiAgICAgICAgICA8L1RSPgogICAgICA8L1RBQkxFPgogICAgICA8L1REPgogICAgPC9UUj4KICAgIDxUUj4KICAgICAgPFREIGFsaWduPSJjZW50ZXIiPjxCUj4KICAgICAgPElNRyBzcmM9Imh0dHA6Ly9pbWFnZS5yYWt1dGVuLmNvLmpwL3Rha2lzeW8vY2FiaW5ldC8wMTIxMTg0My9pbWc1OTExMzE1OS5qcGciIHdpZHRoPSI1MTIiIGhlaWdodD0iMjAiIGJvcmRlcj0iMCI+PEJSPgogICAgICA8Rk9OVCBzaXplPSItMSI+5Lul5LiL44Gv5bqK5LiL55So44Gu6Kqs5piO44Gr44Gq44KK44G+44GZPC9GT05UPuOAgjwvVEQ+CiAgICA8L1RSPgogICAgCiAgICAKICAgIDxUUj4KICAgICAgPFREIGFsaWduPSJjZW50ZXIiPjxGT05UIHNpemU9IisxIj48Qj7luorkuIvjgpLjgYvjgo/jgYvjgZk8L0I+PC9GT05UPjxCPuOAgOOAgDxGT05UIHNpemU9Iis0Ij7ngq3lhas8L0ZPTlQ+44CAPEZPTlQgc2l6ZT0iKzEiPuW6iuS4i+S5vueHpeacqOeCrTwvRk9OVD48L0I+PC9URD4KICAgIDwvVFI+CiAgICA8VFI+CiAgICAgIDxURCBhbGlnbj0iY2VudGVyIj4KICAgICAgPElNRyBzcmM9Imh0dHA6Ly9pbWFnZS5yYWt1dGVuLmNvLmpwL3Rha2lzeW8vY2FiaW5ldC8wMTIxMTg0My9pbWc1OTExODYxOS5qcGciIHdpZHRoPSI2NDgiIGhlaWdodD0iMjU0IiBib3JkZXI9IjAiPjwvVEQ+CiAgICA8L1RSPgogICAgPFRSPgogICAgICA8VEQgYWxpZ249ImNlbnRlciI+PEZPTlQgc2l6ZT0iLTEiPjxCPuS9j+OBvuOBhOOCkuS5vuOBi+OBneOBhuOAgeaXpeOAhSDjga7jgbPjga7jgbPjgajlv6vpganjgavmmq7jgonjgZ3jgYY8L0I+PC9GT05UPjxCUj4KICAgICAgPEJSPgogICAgICA8L1REPgogICAgPC9UUj4KICAgIDxUUj4KICAgICAgPFREIGFsaWduPSJsZWZ0Ij4KICAgICAgPFRBQkxFIGJvcmRlcj0iMCI+CiAgICAgICAgPFRCT0RZPgogICAgICAgICAgPFRSPgogICAgICAgICAgICA8VEQgYWxpZ249ImNlbnRlciIgd2lkdGg9IjIwNCI+PEI+PEZPTlQgc2l6ZT0iLTEiPueCreWFq++8iOmHneiRieaoue+8iTwvRk9OVD48L0I+PC9URD4KICAgICAgICAgICAgPFREIGFsaWduPSJjZW50ZXIiIHdpZHRoPSIyMDUiPjxGT05UIHNpemU9Ii0xIj48Qj7lgpnplbfngq3vvIjluoPokYnmqLnvvIk8L0I+PC9GT05UPjwvVEQ+CiAgICAgICAgICAgIDxURCB3aWR0aD0iMjQxIj48L1REPgogICAgICAgICAgPC9UUj4KICAgICAgICA8L1RCT0RZPgogICAgICA8L1RBQkxFPgogICAgICA8L1REPgogICAgPC9UUj4KICAgIAogICAgPFRSPgogICAgICA8VEQgYWxpZ249ImNlbnRlciI+CiAgICAgIAogICAgICA8SU1HIHNyYz0iaHR0cDovL2ltYWdlLnJha3V0ZW4uY28uanAvdGFraXN5by9jYWJpbmV0LzAxMjExODQzL2ltZzU5MTEzMTYwLmpwZyIgd2lkdGg9IjY1MiIgaGVpZ2h0PSIxOTQiIGJvcmRlcj0iMCI+PC9URD4KICAgIDwvVFI+CiAgICA8VFI+CiAgICAgIDxURD4KICAgICAgPFA+PEZPTlQgc2l6ZT0iLTEiPjxCUj4KICAgICAg4peP54Kt44Gr44Gv55So6YCU44Gr44KI44Gj44Gm44CB55So6YCU44Gr6YGp44Gj44Gf54Kt44GM44GC44KK44G+44GZ44CCPEJSPgogICAgICA8QlI+CiAgICAgIOKXj+S7ruWwjueuoeOBqOOBhOOBhumamemWk+OBjOS7luOBrueCreOBq+avlOOBueOBpuWkp+OBjeOBhOOBruOBp+epuuawl+OBruWQuOaOkuawl+OBjOOBneOCjOOBoOOBkeWKueeOh+OBjOS4iuOBjOOCiuOBvuOBmeOAgjxCUj4KICAgICAg44CA6IKJ44KS44GK44GE44GX44GP54S844GN44GC44GS44KL54Kt44KE44CB44OL44Kq44Kk44Gu5ZC4552A44Gr6YGp44GX44Gf54Kt44GM44GC44KK44CB5rmv5rK444GX5pmC44Gr5Ye644KL6JK45rCX44Gu5ZC45Y+O44GrPEJSPgogICAgICDjgIDpganjgZfjgZ/ngq3jgYzjgYLjgorjgb7jgZnjgII8L0ZPTlQ+PEJSPgogICAgICA8Rk9OVCBzaXplPSItMSI+4peP5YKZ6ZW354Kt44KC6buS54Kt44KC5ZCM44GY54eD5paZ55So44Gu54Kt44Gn44GZ44GM44CB5pyo5p2Q44Gu56iu6aGe44KE6KO96YCg5pa55rOV44Gr44KI44Gj44Gm5oCn6LOq44GM5aSJ44KP44KK44G+44GZ44CCPC9GT05UPjxCUj4KICAgICAgPEZPTlQgc2l6ZT0iLTEiPuKXj+eCreWFq+OBr+WutuOCkuiqv+a5v+OBmeOCi+ebrueahOOBp+eUo+WtpuWNlOWQjOeglOeptuOBi+OCieeUn+OBvuOCjOOBn+ijveWTgeOBp+OBmeOAgjwvRk9OVD48QlI+CiAgICAgIDwvUD4KICAgICAgPC9URD4KICAgIDwvVFI+CiAgICA8VFI+CiAgICAgIDxURD48L1REPgogICAgPC9UUj4KICAgIDxUUj4KICAgICAgPFREPuOAgOOAgOOAgOOAgOOAgOOAgOOAgOOAgDxCUj4KICAgICAgPEZPTlQgc2l6ZT0iLTEiPuOAgOOAgOOAgOOAgOOAgOOAgOOAgOOAgOW6iuS4i+eUqOiqv+a5v+acqOeCreOAjOeCreWFq+OAjeOBruW/heimgemHjzwvRk9OVD48L1REPgogICAgPC9UUj4KICAgIDxUUj4KICAgICAgPFREIGFsaWduPSJjZW50ZXIiPgogICAgICA8VEFCTEUgYm9yZGVyPSIwIiBiZ2NvbG9yPSIjNjY2NjY2IiB3aWR0aD0iNTE4Ij4KICAgICAgICAgIDxUUj4KICAgICAgICAgICAgPFREIGFsaWduPSJjZW50ZXIiIGJnY29sb3I9IiNiMWQxZWIiIHdpZHRoPSIxMjIiPjxGT05UIHNpemU9Ii0xIj4y5Z2qLzTnlbM8L0ZPTlQ+PC9URD4KICAgICAgICAgICAgPFREIGFsaWduPSJjZW50ZXIiIGJnY29sb3I9IiNiMWQxZWIiIHdpZHRoPSIxMjAiPjxGT05UIHNpemU9Ii0xIj405Z2qLzjnlbM8L0ZPTlQ+PC9URD4KICAgICAgICAgICAgPFREIGFsaWduPSJjZW50ZXIiIGJnY29sb3I9IiNiMWQxZWIiIHdpZHRoPSIxMjciPjxGT05UIHNpemU9Ii0xIj445Z2qLzE255WzPC9GT05UPjwvVEQ+CiAgICAgICAgICAgIDxURCBhbGlnbj0iY2VudGVyIiBiZ2NvbG9yPSIjYjFkMWViIiB3aWR0aD0iMTMxIj48Rk9OVCBzaXplPSItMSI+MTblnaovMzLmnaE8L0ZPTlQ+PC9URD4KICAgICAgICAgIDwvVFI+CiAgICAgICAgICA8VFI+CiAgICAgICAgICAgIDxURCBhbGlnbj0iY2VudGVyIiBiZ2NvbG9yPSIjZmZmZmZmIiB3aWR0aD0iMTIyIj48Rk9OVCBzaXplPSItMSI+MjTooovvvIgz566x77yJPC9GT05UPjwvVEQ+CiAgICAgICAgICAgIDxURCBhbGlnbj0iY2VudGVyIiBiZ2NvbG9yPSIjZmZmZmZmIiB3aWR0aD0iMTIwIj48Rk9OVCBzaXplPSItMSI+NDjooovvvIg2566x77yJPC9GT05UPjwvVEQ+CiAgICAgICAgICAgIDxURCBhbGlnbj0iY2VudGVyIiBiZ2NvbG9yPSIjZmZmZmZmIiB3aWR0aD0iMTI3Ij48Rk9OVCBzaXplPSItMSI+OTbooovvvIgxMueuse+8iTwvRk9OVD48L1REPgogICAgICAgICAgICA8VEQgYWxpZ249ImNlbnRlciIgYmdjb2xvcj0iI2ZmZmZmZiIgd2lkdGg9IjEzMSI+PEZPTlQgc2l6ZT0iLTEiPjE5Muiii++8iDI0566x77yJPC9GT05UPjwvVEQ+CiAgICAgICAgICA8L1RSPgogICAgICA8L1RBQkxFPgogICAgICA8QlI+CiAgICAgIDwvVEQ+CiAgICA8L1RSPgogICAgPFRSPgogICAgICA8VEQ+44CAPEI+PEZPTlQgc2l6ZT0iLTEiPuioree9rumghjwvRk9OVD48L0I+PC9URD4KICAgIDwvVFI+CiAgICA8VFI+CiAgICAgIDxURD48SU1HIHNyYz0iaHR0cDovL2ltYWdlLnJha3V0ZW4uY28uanAvdGFraXN5by9jYWJpbmV0LzAxMjExODQzL2ltZzU5MTEzMTYyLmpwZyIgd2lkdGg9IjY3OSIgaGVpZ2h0PSIxNTQiIGJvcmRlcj0iMCI+PC9URD4KICAgIDwvVFI+CiAgICA8VFI+CiAgICAgIDxURCBhbGlnbj0iY2VudGVyIj4KICAgICAgPFRBQkxFIGJvcmRlcj0iMCIgd2lkdGg9IjY3MiI+CiAgICAgICAgICA8VFI+CiAgICAgICAgICAgIDxURCBhbGlnbj0iY2VudGVyIiB3aWR0aD0iMjE5Ij48Qj48ST48Rk9OVCBzaXplPSIrMSI+MSA8L0ZPTlQ+PC9JPjwvQj48Rk9OVCBzaXplPSItMSI+55Wz44KS44GC44GS44KLPC9GT05UPjwvVEQ+CiAgICAgICAgICAgIDxURCBhbGlnbj0iY2VudGVyIiB3aWR0aD0iMjIwIj48Qj48Rk9OVCBzaXplPSItMSI+PEk+PEZPTlQgc2l6ZT0iKzEiPjIgPC9GT05UPjwvST48L0ZPTlQ+PC9CPjxGT05UIHNpemU9Ii0xIj7luqfmnb/jgpLjga/jgZrjgZk8L0ZPTlQ+PC9URD4KICAgICAgICAgICAgPFREIGFsaWduPSJjZW50ZXIiIHdpZHRoPSIyMTkiPjxCPjxJPjMgPC9JPjwvQj48Rk9OVCBzaXplPSItMSI+54Kt5YWr44KS5pW36Kit44GZ44KLPC9GT05UPjwvVEQ+CiAgICAgICAgICA8L1RSPgogICAgICA8L1RBQkxFPgogICAgICA8L1REPgogICAgPC9UUj4KICAgIDxUUj4KICAgICAgPFREIGhlaWdodD0iMTc1Ij48SU1HIHNyYz0iaHR0cDovL2ltYWdlLnJha3V0ZW4uY28uanAvdGFraXN5by9jYWJpbmV0LzAxMjExODQzL2ltZzU5MTEzMTYzLmpwZyIgd2lkdGg9IjY4MCIgaGVpZ2h0PSIxNTUiIGJvcmRlcj0iMCI+PC9URD4KICAgIDwvVFI+CiAgICA8VFI+CiAgICAgIDxURCBhbGlnbj0iY2VudGVyIj4KICAgICAgPFRBQkxFIGJvcmRlcj0iMCI+CiAgICAgICAgICA8VFI+CiAgICAgICAgICAgIDxURD48L1REPgogICAgICAgICAgICA8VEQ+PEk+PEI+NCA8L0I+PC9JPjxGT05UIHNpemU9Ii0xIj7mlbfoqK3lrozkuoY8L0ZPTlQ+PC9URD4KICAgICAgICAgICAgPFREPjwvVEQ+CiAgICAgICAgICA8L1RSPgogICAgICA8L1RBQkxFPgogICAgICA8L1REPgogICAgPC9UUj4KICAgIDxUUj4KICAgICAgPFREPjxJTUcgc3JjPSJodHRwOi8vaW1hZ2UucmFrdXRlbi5jby5qcC90YWtpc3lvL2NhYmluZXQvMDEyMTE4NDMvaW1nNTkxMTMxNjUuanBnIiB3aWR0aD0iNjgxIiBoZWlnaHQ9IjE2OCIgYm9yZGVyPSIwIj48L1REPgogICAgPC9UUj4KICAgIDxUUj4KICAgICAgPFREIGFsaWduPSJjZW50ZXIiPgogICAgICA8VEFCTEUgYm9yZGVyPSIwIj4KICAgICAgICAgIDxUUj4KICAgICAgICAgICAgPFREIGFsaWduPSJjZW50ZXIiIHdpZHRoPSIyMTUiPjxJPjxCPjUgPC9CPjwvST48Rk9OVCBzaXplPSItMSI+5bqn5p2/44KS5oi744GZPC9GT05UPjwvVEQ+CiAgICAgICAgICAgIDxURCBhbGlnbj0iY2VudGVyIiB3aWR0aD0iMjE5Ij48ST48Qj42PC9CPjwvST48Rk9OVCBzaXplPSItMSI+IOeVs+OCkuWFg+OBq+aIu+OBmTwvRk9OVD48L1REPgogICAgICAgICAgICA8VEQgYWxpZ249ImNlbnRlciIgd2lkdGg9IjIxNSI+PC9URD4KICAgICAgICAgIDwvVFI+CiAgICAgIDwvVEFCTEU+CiAgICAgIDwvVEQ+CiAgICA8L1RSPgo8L1RBQkxFPgrmspbnuITjg7vpm6Lls7bjgbjjga7pgIHmlpnjga/jgYropovnqY3jgorjgavjgarjgorjgb7jgZnjgII8YnI+Cjxicj4KNOiii+WNmOS9jeOBruiyqeWjsuOAguOAgDQ1w5c0NcOXN2Nt44CAMS4za2fjgIDkuozph43mp4vpgKA8YnI+Cjxicj4=,54Kt5YWrIOWupOWGheeUqCDmirzlhaXjgoznlKggMS4za2cmdGltZXM7NOiii+WFpSDvvLvluIPlm6PjgpLkub7jgYvjgZkg5oq85YWl6Kq/5rm/5pyo54KtIOOBmeOBv+OBr+OBoSDmtojoh60g5Lm+54elIOmZpOa5v++8ve+8mueAp+WVhuW6lw==,5bGL5aSW54Wn5piO6L6y5qWt55So5ZOB6L6y5qmf5YW36Jek5qOa44G244Gp44GG5qOa44OR44O844K044Op5ZyS6Iq455So5ZOB5a625bqt6I+c5ZyS44Of44K944OO5YyF5LiB5rip5a6k44OQ44O844OZ44Kt44Ol44O844Kz44Oz44Ot5rip5a6k44OP44Op44OD44Kv44K544K/44Kr44K344On44O844OU44Kr6Ziy6I2J44K344O844OI44K244OQ44O844Oz6Zmk6I2J5Ymk54Kt5YWrIOWupOWGheeUqCDmirzlhaXjgoznlKggMS4za2cmdGltZXM7NOiii+WFpSDvvLvluIPlm6PjgpLkub7jgYvjgZkg5oq85YWl6Kq/5rm/5pyo54KtIOOBmeOBv+OBr+OBoSDmtojoh60g5Lm+54elIOmZpOa5v++8vQ==,W+eCreWFq13mirzlhaXjgoznlKjoqr/mub/mnZDjga/ngKfllYblupfjgILngq3lhasg5a6k5YaF55SoIOaKvOWFpeOCjOeUqCAxLjNrZyZ0aW1lczs06KKL5YWlIO+8u+W4g+Wbo+OCkuS5vuOBi+OBmSDmirzlhaXoqr/mub/mnKjngq0g44GZ44G/44Gv44GhIOa2iOiHrSDkub7nh6Ug6Zmk5rm/77y9[rn]
31-2641,aHR0cDovL3RzaG9wLnIxMHMuanAvdGFraXN5by9jYWJpbmV0LzAxMjExODQzL2ltZzU5MTE5Nzc5LmpwZz9maXRpbj03MDA6NzAw,MTAzMjAuMDAwMA==,,6Iqx44O744Ks44O844OH44Oz44O7RElZID4g5L2P5a6F5bu65p2Q44O76Kit5YKZID4g5bqK5p2QID4g44Gd44Gu5LuW,54Kt5YWrIOaKvOWFpeOCjOeUqOajkiDoqr/mub/mnKjngq3jgIAzMDBnw5cxNeiii+WFpSDvvLvmirzlhaXoqr/mub/mnKjngq3vvIjmo5LvvIkg44GZ44G/44Gv44GhIOa2iOiHrSDkub7nh6Ug6Zmk5rm/77y944CQc210Yi1tc+OAkQ==,6YCB5paZ54Sh5paZ5oq85YWl44KM55So6Kq/5rm/5p2Q44Gq44KJ54Cn5ZWG5bqX77yB,PFRBQkxFIGJvcmRlcj0iMCI+CiAgICA8VFI+CiAgICAgIDxURCBhbGlnbj0iY2VudGVyIj48SU1HIHNyYz0iaHR0cDovL2ltYWdlLnJha3V0ZW4uY28uanAvdGFraXN5by9jYWJpbmV0LzAxMjExODQzL2ltZzU5MTE4NjE2LmpwZyIgd2lkdGg9IjY3MCIgaGVpZ2h0PSIxMTAiIGJvcmRlcj0iMCI+PC9URD4KICAgIDwvVFI+CiAgICA8VFI+CiAgICAgIDxURD48Rk9OVCBzaXplPSItMSI+6Z2S44GE56m644Gr55m944GE6Zuy44CB44CA6Ieq54S244Gu6aKo44Gr44Gu44Gj44Gm5b+r6YGp44Gr44GZ44GU44GX44Gf44GE44CCPC9GT05UPjxCUj4KICAgICAgPC9URD4KICAgIDwvVFI+CiAgICA8VFI+CiAgICAgIDxURCBhbGlnbj0iY2VudGVyIj48Qj48Rk9OVCBzaXplPSIrMyI+55+l44KM44Gw55+l44KL44G744Gp5L2P44G+44GE44Gr44GvPC9GT05UPjxGT05UIHNpemU9Iis0Ij7jgIzngq3lhavjgI08L0ZPTlQ+PC9CPjxCUj4KICAgICAgPEJSPgogICAgICDmirzlhaXnlKjjg7vjgr/jg7PjgrnnlKjjg6Ljg4vjgr/jg7zjgqLjg7PjgrHjg7zjg4jntZDmnpw8L1REPgogICAgPC9UUj4KICAgIDxUUj4KICAgICAgPFREPjxJTUcgc3JjPSJodHRwOi8vaW1hZ2UucmFrdXRlbi5jby5qcC90YWtpc3lvL2NhYmluZXQvMDEyMTE4NDMvaW1nNTkxMTkzOTMuanBnIiB3aWR0aD0iNjgzIiBoZWlnaHQ9IjE5NSIgYm9yZGVyPSIwIj48L1REPgogICAgPC9UUj4KICAgIDxUUj4KICAgICAgPFREPjxCUj4KICAgICAgPEZPTlQgc2l6ZT0iLTEiPuKXj+Wxi+WGheOBruWQhOOCueODmuODvOOCueOBp+S9v+eUqOOBp+OBjeOCi+OCs+ODs+ODkeOCr+ODiOOCv+OCpOODl+OAguKXj+iii+OBjDPph43jgavjgarjgaPjgabjgYTjgovjga7jgafmvI/jgozjgavjgY/jgYTjgII8QlI+CiAgICAgIOKXj+eCreWFq+OBruiqv+a5v+iDveWKm+WKm+OBr+WCmemVt+eCreOBrjLlgI3ku6XkuIrjgILoqr/mub/lirnmnpzjga/ljYrmsLjkuYXnmoTjgafjgZnjgII8QlI+CiAgICAgIOKXjzHjg7bmnIjjgavkuIDluqbjgIHooovjga7jgb7jgb7lpKnml6XlubLjgZfjgavjgZnjgovjgajkuIDlsaTlirnmnpznmoTjgafjgZnjgII8QlI+CiAgICAgIDxCUj4KICAgICAgPC9GT05UPjwvVEQ+CiAgICA8L1RSPgogICAgPFRSPgogICAgICA8VEQgYWxpZ249ImNlbnRlciI+PElNRyBzcmM9Imh0dHA6Ly9pbWFnZS5yYWt1dGVuLmNvLmpwL3Rha2lzeW8vY2FiaW5ldC8wMTIxMTg0My9pbWc1OTExOTM5NC5qcGciIHdpZHRoPSI2ODQiIGhlaWdodD0iMjg0IiBib3JkZXI9IjAiPjwvVEQ+CiAgICA8L1RSPgogICAgPFRSPgogICAgICA8VEQ+44CA44CAPEZPTlQgc2l6ZT0iLTEiPuW4g+Wbo+OBrumWk+OBq+OAgOOAgOOAgOOAgOOAgOOAgOOAgOOAgOOAgOOAgOOAgOOAgOOAgOWHuueVquOBruWwkeOBquOBhOiho+aWmeOBq+OBnOOBsuOAgOOAgOOAgOOAgOa5v+awl+OChOODi+OCquOCpOOBruOBk+OCguOCiuOBjOOBoeOBquOBqOOBk+OCjeOBqzxCUj4KICAgICAgPC9GT05UPjwvVEQ+CiAgICA8L1RSPgogICAgPFRSPgogICAgICA8VEQgYWxpZ249ImNlbnRlciI+PElNRyBzcmM9Imh0dHA6Ly9pbWFnZS5yYWt1dGVuLmNvLmpwL3Rha2lzeW8vY2FiaW5ldC8wMTIxMTg0My9pbWc1OTExOTM5NS5qcGciIHdpZHRoPSI2NzAiIGhlaWdodD0iMjExIiBib3JkZXI9IjAiPjwvVEQ+CiAgICA8L1RSPgogICAgPFRSPgogICAgICA8VEQ+PEZPTlQgc2l6ZT0iLTEiPumdtOOBruOCpOODpOOBquiHreOBhOOCkuiEseiHreOBq+OAgOOAgOOAgOWSjOODgOODs+OCueOBruW8leWHuuOBq+OBrzHooovjgYznm67lronjgIDjgIDjgIDjgIDou4rlhoXjga7jgZ/jgbDjgZPjga7oh63jgYTjgoLjgZnjgaPjgY3jgoo8L0ZPTlQ+PC9URD4KICAgIDwvVFI+CiAgICAKICAgIDxUUj4KICAgICAgPFREIGFsaWduPSJjZW50ZXIiPjxCUj4KICAgICAgPElNRyBzcmM9Imh0dHA6Ly9pbWFnZS5yYWt1dGVuLmNvLmpwL3Rha2lzeW8vY2FiaW5ldC8wMTIxMTg0My9pbWc1OTExMzE1OS5qcGciIHdpZHRoPSI1MTIiIGhlaWdodD0iMjAiIGJvcmRlcj0iMCI+PC9URD4KICAgIDwvVFI+CiAgICA8VFI+CiAgICAgIDxURD7jgIA8Rk9OVCBzaXplPSItMSI+55So6YCU44Gr5b+c44GY44Gm44K/44Kk44OX5Yil44Gr44K744OD44OI44Gr44Gq44Gj44Gm44GE44G+44GZ44CCPC9GT05UPjxGT05UIHNpemU9Ii0xIj48L0ZPTlQ+44CAPEZPTlQgc2l6ZT0iLTEiIGNvbG9yPSIjZmYwMDAwIj7il488L0ZPTlQ+PEZPTlQgc2l6ZT0iLTEiPuWNsOOCkuOBk+OBk+OBp+iyqeWjsuOBl+OBpuOBhOOBvuOBmeOAgjwvRk9OVD48L1REPgogICAgPC9UUj4KICAgIDxUUj4KICAgICAgPFREIGFsaWduPSJjZW50ZXIiPgogICAgICAgICAgICA8VEFCTEUgYm9yZGVyPSIwIiBiZ2NvbG9yPSIjNjY2NjY2Ij4KICAgICAgICAgIDxUUj4KICAgICAgICAgICAgPFREIGFsaWduPSJjZW50ZXIiIGJnY29sb3I9IiNiZmRlZWEiPjxGT05UIHNpemU9Ii0xIj7luorkuIvoqr/mub/mnKjngq08L0ZPTlQ+PC9URD4KICAgICAgICAgICAgPFREIGFsaWduPSJjZW50ZXIiIGJnY29sb3I9IiNiZmRlZWEiPjxGT05UIHNpemU9Ii0xIj7mirzlhaXoqr/mub/mnKjngq08L0ZPTlQ+PC9URD4KICAgICAgICAgICAgPFREIGFsaWduPSJjZW50ZXIiIGJnY29sb3I9IiNiZmRlZWEiPjxGT05UIHNpemU9Ii0xIiBjb2xvcj0iI2ZmMDAwMCI+4pePPC9GT05UPjxGT05UIHNpemU9Ii0xIj7mirzlhaXnlKjoqr/mub/mnKjngq3vvIjmo5LlvaLvvIk8L0ZPTlQ+PC9URD4KICAgICAgICAgICAgPFREIGFsaWduPSJjZW50ZXIiIGJnY29sb3I9IiNiZmRlZWEiPjxGT05UIHNpemU9Ii0xIj7jgr/jg7PjgrnnlKjoqr/mub/mnKjngq3vvIjmo5LlvaLvvIk8L0ZPTlQ+PC9URD4KICAgICAgICAgIDwvVFI+CiAgICAgICAgICA8VFI+CiAgICAgICAgICAgIDxURCBiZ2NvbG9yPSIjZmZmZmZmIj48YSBocmVmPSJodHRwOi8vaXRlbS5yYWt1dGVuLmNvLmpwL3Rha2lzeW8vc3lvZTAwMDEvIiB0YXJnZXQ9Il9ibGFuayI+PElNRyBzcmM9Imh0dHA6Ly9pbWFnZS5yYWt1dGVuLmNvLmpwL3Rha2lzeW8vY2FiaW5ldC8wMTIxMTg0My9pbWc1OTExMzE2Ny5qcGciIHdpZHRoPSIxNTYiIGhlaWdodD0iMTI3IiBib3JkZXI9IjAiPjwvYT48L1REPgogICAgICAgICAgICA8VEQgdmFsaWduPSJtaWRkbGUiIGJnY29sb3I9IiNmZmZmZmYiPjxhIGhyZWY9Imh0dHA6Ly9pdGVtLnJha3V0ZW4uY28uanAvdGFraXN5by9zeW9lMDAwNC8iIHRhcmdldD0iX2JsYW5rIj48SU1HIHNyYz0iaHR0cDovL2ltYWdlLnJha3V0ZW4uY28uanAvdGFraXN5by9jYWJpbmV0LzAxMjExODQzL2ltZzU5MTEzMTcwLmpwZyIgd2lkdGg9IjE1NSIgaGVpZ2h0PSIxMzkiIGJvcmRlcj0iMCI+PC9hPjwvVEQ+CiAgICAgICAgICAgIDxURCB2YWxpZ249Im1pZGRsZSIgYmdjb2xvcj0iI2ZmZmZmZiI+PGEgaHJlZj0iaHR0cDovL2l0ZW0ucmFrdXRlbi5jby5qcC90YWtpc3lvL3N5b2UwMDA1LyIgdGFyZ2V0PSJfYmxhbmsiPjxJTUcgc3JjPSJodHRwOi8vaW1hZ2UucmFrdXRlbi5jby5qcC90YWtpc3lvL2NhYmluZXQvMDEyMTE4NDMvaW1nNTkxMTMxNjguanBnIiB3aWR0aD0iMTUwIiBoZWlnaHQ9IjE0MiIgYm9yZGVyPSIwIj48L2E+PC9URD4KICAgICAgICAgICAgPFREIHZhbGlnbj0ibWlkZGxlIiBiZ2NvbG9yPSIjZmZmZmZmIiBhbGlnbj0iY2VudGVyIj48YSBocmVmPSJodHRwOi8vaXRlbS5yYWt1dGVuLmNvLmpwL3Rha2lzeW8vc3lvZTAwMDcvIiB0YXJnZXQ9Il9ibGFuayI+PElNRyBzcmM9Imh0dHA6Ly9pbWFnZS5yYWt1dGVuLmNvLmpwL3Rha2lzeW8vY2FiaW5ldC8wMTIxMTg0My9pbWc1OTExMzE2OS5qcGciIHdpZHRoPSIxMDAiIGhlaWdodD0iOTgiIGJvcmRlcj0iMCI+PC9hPjwvVEQ+CiAgICAgICAgICA8L1RSPgogICAgICA8L1RBQkxFPgogICAgICA8L1REPgogICAgPC9UUj4KICAgIDxUUj4KICAgICAgPFREIGFsaWduPSJjZW50ZXIiPjxCUj4KICAgICAgPElNRyBzcmM9Imh0dHA6Ly9pbWFnZS5yYWt1dGVuLmNvLmpwL3Rha2lzeW8vY2FiaW5ldC8wMTIxMTg0My9pbWc1OTExMzE1OS5qcGciIHdpZHRoPSI1MTIiIGhlaWdodD0iMjAiIGJvcmRlcj0iMCI+PEJSPgogICAgICA8Rk9OVCBzaXplPSItMSI+5Lul5LiL44Gv5bqK5LiL55So44Gu6Kqs5piO44Gr44Gq44KK44G+44GZPC9GT05UPuOAgjwvVEQ+CiAgICA8L1RSPgogICAgCiAgICAKICAgIDxUUj4KICAgICAgPFREIGFsaWduPSJjZW50ZXIiPjxGT05UIHNpemU9IisxIj48Qj7luorkuIvjgpLjgYvjgo/jgYvjgZk8L0I+PC9GT05UPjxCPuOAgOOAgDxGT05UIHNpemU9Iis0Ij7ngq3lhas8L0ZPTlQ+44CAPEZPTlQgc2l6ZT0iKzEiPuW6iuS4i+S5vueHpeacqOeCrTwvRk9OVD48L0I+PC9URD4KICAgIDwvVFI+CiAgICA8VFI+CiAgICAgIDxURCBhbGlnbj0iY2VudGVyIj4KICAgICAgPElNRyBzcmM9Imh0dHA6Ly9pbWFnZS5yYWt1dGVuLmNvLmpwL3Rha2lzeW8vY2FiaW5ldC8wMTIxMTg0My9pbWc1OTExODYxOS5qcGciIHdpZHRoPSI2NDgiIGhlaWdodD0iMjU0IiBib3JkZXI9IjAiPjwvVEQ+CiAgICA8L1RSPgogICAgPFRSPgogICAgICA8VEQgYWxpZ249ImNlbnRlciI+PEZPTlQgc2l6ZT0iLTEiPjxCPuS9j+OBvuOBhOOCkuS5vuOBi+OBneOBhuOAgeaXpeOAhSDjga7jgbPjga7jgbPjgajlv6vpganjgavmmq7jgonjgZ3jgYY8L0I+PC9GT05UPjxCUj4KICAgICAgPEJSPgogICAgICA8L1REPgogICAgPC9UUj4KICAgIDxUUj4KICAgICAgPFREIGFsaWduPSJsZWZ0Ij4KICAgICAgPFRBQkxFIGJvcmRlcj0iMCI+CiAgICAgICAgPFRCT0RZPgogICAgICAgICAgPFRSPgogICAgICAgICAgICA8VEQgYWxpZ249ImNlbnRlciIgd2lkdGg9IjIwNCI+PEI+PEZPTlQgc2l6ZT0iLTEiPueCreWFq++8iOmHneiRieaoue+8iTwvRk9OVD48L0I+PC9URD4KICAgICAgICAgICAgPFREIGFsaWduPSJjZW50ZXIiIHdpZHRoPSIyMDUiPjxGT05UIHNpemU9Ii0xIj48Qj7lgpnplbfngq3vvIjluoPokYnmqLnvvIk8L0I+PC9GT05UPjwvVEQ+CiAgICAgICAgICAgIDxURCB3aWR0aD0iMjQxIj48L1REPgogICAgICAgICAgPC9UUj4KICAgICAgICA8L1RCT0RZPgogICAgICA8L1RBQkxFPgogICAgICA8L1REPgogICAgPC9UUj4KICAgIAogICAgPFRSPgogICAgICA8VEQgYWxpZ249ImNlbnRlciI+CiAgICAgIAogICAgICA8SU1HIHNyYz0iaHR0cDovL2ltYWdlLnJha3V0ZW4uY28uanAvdGFraXN5by9jYWJpbmV0LzAxMjExODQzL2ltZzU5MTEzMTYwLmpwZyIgd2lkdGg9IjY1MiIgaGVpZ2h0PSIxOTQiIGJvcmRlcj0iMCI+PC9URD4KICAgIDwvVFI+CiAgICA8VFI+CiAgICAgIDxURD4KICAgICAgPFA+PEZPTlQgc2l6ZT0iLTEiPjxCUj4KICAgICAg4peP54Kt44Gr44Gv55So6YCU44Gr44KI44Gj44Gm44CB55So6YCU44Gr6YGp44Gj44Gf54Kt44GM44GC44KK44G+44GZ44CCPEJSPgogICAgICA8QlI+CiAgICAgIOKXj+S7ruWwjueuoeOBqOOBhOOBhumamemWk+OBjOS7luOBrueCreOBq+avlOOBueOBpuWkp+OBjeOBhOOBruOBp+epuuawl+OBruWQuOaOkuawl+OBjOOBneOCjOOBoOOBkeWKueeOh+OBjOS4iuOBjOOCiuOBvuOBmeOAgjxCUj4KICAgICAg44CA6IKJ44KS44GK44GE44GX44GP54S844GN44GC44GS44KL54Kt44KE44CB44OL44Kq44Kk44Gu5ZC4552A44Gr6YGp44GX44Gf54Kt44GM44GC44KK44CB5rmv5rK444GX5pmC44Gr5Ye644KL6JK45rCX44Gu5ZC45Y+O44GrPEJSPgogICAgICDjgIDpganjgZfjgZ/ngq3jgYzjgYLjgorjgb7jgZnjgII8L0ZPTlQ+PEJSPgogICAgICA8Rk9OVCBzaXplPSItMSI+4peP5YKZ6ZW354Kt44KC6buS54Kt44KC5ZCM44GY54eD5paZ55So44Gu54Kt44Gn44GZ44GM44CB5pyo5p2Q44Gu56iu6aGe44KE6KO96YCg5pa55rOV44Gr44KI44Gj44Gm5oCn6LOq44GM5aSJ44KP44KK44G+44GZ44CCPC9GT05UPjxCUj4KICAgICAgPEZPTlQgc2l6ZT0iLTEiPuKXj+eCreWFq+OBr+WutuOCkuiqv+a5v+OBmeOCi+ebrueahOOBp+eUo+WtpuWNlOWQjOeglOeptuOBi+OCieeUn+OBvuOCjOOBn+ijveWTgeOBp+OBmeOAgjwvRk9OVD48QlI+CiAgICAgIDwvUD4KICAgICAgPC9URD4KICAgIDwvVFI+CiAgICA8VFI+CiAgICAgIDxURD48L1REPgogICAgPC9UUj4KICAgIDxUUj4KICAgICAgPFREPuOAgOOAgOOAgOOAgOOAgOOAgOOAgOOAgDxCUj4KICAgICAgPEZPTlQgc2l6ZT0iLTEiPuOAgOOAgOOAgOOAgOOAgOOAgOOAgOOAgOW6iuS4i+eUqOiqv+a5v+acqOeCreOAjOeCreWFq+OAjeOBruW/heimgemHjzwvRk9OVD48L1REPgogICAgPC9UUj4KICAgIDxUUj4KICAgICAgPFREIGFsaWduPSJjZW50ZXIiPgogICAgICA8VEFCTEUgYm9yZGVyPSIwIiBiZ2NvbG9yPSIjNjY2NjY2IiB3aWR0aD0iNTE4Ij4KICAgICAgICAgIDxUUj4KICAgICAgICAgICAgPFREIGFsaWduPSJjZW50ZXIiIGJnY29sb3I9IiNiMWQxZWIiIHdpZHRoPSIxMjIiPjxGT05UIHNpemU9Ii0xIj4y5Z2qLzTnlbM8L0ZPTlQ+PC9URD4KICAgICAgICAgICAgPFREIGFsaWduPSJjZW50ZXIiIGJnY29sb3I9IiNiMWQxZWIiIHdpZHRoPSIxMjAiPjxGT05UIHNpemU9Ii0xIj405Z2qLzjnlbM8L0ZPTlQ+PC9URD4KICAgICAgICAgICAgPFREIGFsaWduPSJjZW50ZXIiIGJnY29sb3I9IiNiMWQxZWIiIHdpZHRoPSIxMjciPjxGT05UIHNpemU9Ii0xIj445Z2qLzE255WzPC9GT05UPjwvVEQ+CiAgICAgICAgICAgIDxURCBhbGlnbj0iY2VudGVyIiBiZ2NvbG9yPSIjYjFkMWViIiB3aWR0aD0iMTMxIj48Rk9OVCBzaXplPSItMSI+MTblnaovMzLmnaE8L0ZPTlQ+PC9URD4KICAgICAgICAgIDwvVFI+CiAgICAgICAgICA8VFI+CiAgICAgICAgICAgIDxURCBhbGlnbj0iY2VudGVyIiBiZ2NvbG9yPSIjZmZmZmZmIiB3aWR0aD0iMTIyIj48Rk9OVCBzaXplPSItMSI+MjTooovvvIgz566x77yJPC9GT05UPjwvVEQ+CiAgICAgICAgICAgIDxURCBhbGlnbj0iY2VudGVyIiBiZ2NvbG9yPSIjZmZmZmZmIiB3aWR0aD0iMTIwIj48Rk9OVCBzaXplPSItMSI+NDjooovvvIg2566x77yJPC9GT05UPjwvVEQ+CiAgICAgICAgICAgIDxURCBhbGlnbj0iY2VudGVyIiBiZ2NvbG9yPSIjZmZmZmZmIiB3aWR0aD0iMTI3Ij48Rk9OVCBzaXplPSItMSI+OTbooovvvIgxMueuse+8iTwvRk9OVD48L1REPgogICAgICAgICAgICA8VEQgYWxpZ249ImNlbnRlciIgYmdjb2xvcj0iI2ZmZmZmZiIgd2lkdGg9IjEzMSI+PEZPTlQgc2l6ZT0iLTEiPjE5Muiii++8iDI0566x77yJPC9GT05UPjwvVEQ+CiAgICAgICAgICA8L1RSPgogICAgICA8L1RBQkxFPgogICAgICA8QlI+CiAgICAgIDwvVEQ+CiAgICA8L1RSPgogICAgPFRSPgogICAgICA8VEQ+44CAPEI+PEZPTlQgc2l6ZT0iLTEiPuioree9rumghjwvRk9OVD48L0I+PC9URD4KICAgIDwvVFI+CiAgICA8VFI+CiAgICAgIDxURD48SU1HIHNyYz0iaHR0cDovL2ltYWdlLnJha3V0ZW4uY28uanAvdGFraXN5by9jYWJpbmV0LzAxMjExODQzL2ltZzU5MTEzMTYyLmpwZyIgd2lkdGg9IjY3OSIgaGVpZ2h0PSIxNTQiIGJvcmRlcj0iMCI+PC9URD4KICAgIDwvVFI+CiAgICA8VFI+CiAgICAgIDxURCBhbGlnbj0iY2VudGVyIj4KICAgICAgPFRBQkxFIGJvcmRlcj0iMCIgd2lkdGg9IjY3MiI+CiAgICAgICAgICA8VFI+CiAgICAgICAgICAgIDxURCBhbGlnbj0iY2VudGVyIiB3aWR0aD0iMjE5Ij48Qj48ST48Rk9OVCBzaXplPSIrMSI+MSA8L0ZPTlQ+PC9JPjwvQj48Rk9OVCBzaXplPSItMSI+55Wz44KS44GC44GS44KLPC9GT05UPjwvVEQ+CiAgICAgICAgICAgIDxURCBhbGlnbj0iY2VudGVyIiB3aWR0aD0iMjIwIj48Qj48Rk9OVCBzaXplPSItMSI+PEk+PEZPTlQgc2l6ZT0iKzEiPjIgPC9GT05UPjwvST48L0ZPTlQ+PC9CPjxGT05UIHNpemU9Ii0xIj7luqfmnb/jgpLjga/jgZrjgZk8L0ZPTlQ+PC9URD4KICAgICAgICAgICAgPFREIGFsaWduPSJjZW50ZXIiIHdpZHRoPSIyMTkiPjxCPjxJPjMgPC9JPjwvQj48Rk9OVCBzaXplPSItMSI+54Kt5YWr44KS5pW36Kit44GZ44KLPC9GT05UPjwvVEQ+CiAgICAgICAgICA8L1RSPgogICAgICA8L1RBQkxFPgogICAgICA8L1REPgogICAgPC9UUj4KICAgIDxUUj4KICAgICAgPFREIGhlaWdodD0iMTc1Ij48SU1HIHNyYz0iaHR0cDovL2ltYWdlLnJha3V0ZW4uY28uanAvdGFraXN5by9jYWJpbmV0LzAxMjExODQzL2ltZzU5MTEzMTYzLmpwZyIgd2lkdGg9IjY4MCIgaGVpZ2h0PSIxNTUiIGJvcmRlcj0iMCI+PC9URD4KICAgIDwvVFI+CiAgICA8VFI+CiAgICAgIDxURCBhbGlnbj0iY2VudGVyIj4KICAgICAgPFRBQkxFIGJvcmRlcj0iMCI+CiAgICAgICAgICA8VFI+CiAgICAgICAgICAgIDxURD48L1REPgogICAgICAgICAgICA8VEQ+PEk+PEI+NCA8L0I+PC9JPjxGT05UIHNpemU9Ii0xIj7mlbfoqK3lrozkuoY8L0ZPTlQ+PC9URD4KICAgICAgICAgICAgPFREPjwvVEQ+CiAgICAgICAgICA8L1RSPgogICAgICA8L1RBQkxFPgogICAgICA8L1REPgogICAgPC9UUj4KICAgIDxUUj4KICAgICAgPFREPjxJTUcgc3JjPSJodHRwOi8vaW1hZ2UucmFrdXRlbi5jby5qcC90YWtpc3lvL2NhYmluZXQvMDEyMTE4NDMvaW1nNTkxMTMxNjUuanBnIiB3aWR0aD0iNjgxIiBoZWlnaHQ9IjE2OCIgYm9yZGVyPSIwIj48L1REPgogICAgPC9UUj4KICAgIDxUUj4KICAgICAgPFREIGFsaWduPSJjZW50ZXIiPgogICAgICA8VEFCTEUgYm9yZGVyPSIwIj4KICAgICAgICAgIDxUUj4KICAgICAgICAgICAgPFREIGFsaWduPSJjZW50ZXIiIHdpZHRoPSIyMTUiPjxJPjxCPjUgPC9CPjwvST48Rk9OVCBzaXplPSItMSI+5bqn5p2/44KS5oi744GZPC9GT05UPjwvVEQ+CiAgICAgICAgICAgIDxURCBhbGlnbj0iY2VudGVyIiB3aWR0aD0iMjE5Ij48ST48Qj42PC9CPjwvST48Rk9OVCBzaXplPSItMSI+IOeVs+OCkuWFg+OBq+aIu+OBmTwvRk9OVD48L1REPgogICAgICAgICAgICA8VEQgYWxpZ249ImNlbnRlciIgd2lkdGg9IjIxNSI+PC9URD4KICAgICAgICAgIDwvVFI+CiAgICAgIDwvVEFCTEU+CiAgICAgIDwvVEQ+CiAgICA8L1RSPgo8L1RBQkxFPgrmspbnuITjg7vpm6Lls7bjgbjjga7pgIHmlpnjga/jgYropovnqY3jgorjgavjgarjgorjgb7jgZnjgII8YnI+Cjxicj4KMTXooovljZjkvY3jga7osqnlo7LjgIIxMsOXNDXDl0g3Y23jgIDntIQzMDBnw5cxNeiii+OAgDPph43mp4vpgKA=,54Kt5YWrIOaKvOWFpeOCjOeUqOajkiDoqr/mub/mnKjngq3jgIAzMDBnJnRpbWVzOzE16KKL5YWlIO+8u+aKvOWFpeiqv+a5v+acqOeCre+8iOajku+8iSDjgZnjgb/jga/jgaEg5raI6IetIOS5vueHpSDpmaTmub/vvL3jgJBzbXRiLW1z44CR77ya54Cn5ZWG5bqX,5bGL5aSW54Wn5piO6L6y5qWt55So5ZOB6L6y5qmf5YW36Jek5qOa44G244Gp44GG5qOa44OR44O844K044Op5ZyS6Iq455So5ZOB5a625bqt6I+c5ZyS44Of44K944OO5YyF5LiB5rip5a6k44OQ44O844OZ44Kt44Ol44O844Kz44Oz44Ot5rip5a6k44OP44Op44OD44Kv44K544K/44Kr44K344On44O844OU44Kr6Ziy6I2J44K344O844OI44K244OQ44O844Oz6Zmk6I2J5Ymk54Kt5YWrIOaKvOWFpeOCjOeUqOajkiDoqr/mub/mnKjngq3jgIAzMDBnJnRpbWVzOzE16KKL5YWlIO+8u+aKvOWFpeiqv+a5v+acqOeCre+8iOajku+8iSDjgZnjgb/jga/jgaEg5raI6IetIOS5vueHpSDpmaTmub/vvL3jgJBzbXRiLW1z44CR,6YCB5paZ54Sh5paZ5oq85YWl44KM55So6Kq/5rm/5p2Q44Gq44KJ54Cn5ZWG5bqX77yB44CC54Kt5YWrIOaKvOWFpeOCjOeUqOajkiDoqr/mub/mnKjngq3jgIAzMDBnJnRpbWVzOzE16KKL5YWlIO+8u+aKvOWFpeiqv+a5v+acqOeCre+8iOajku+8iSDjgZnjgb/jga/jgaEg5raI6IetIOS5vueHpSDpmaTmub/vvL3jgJBzbXRiLW1z44CR[rn]
31-2642,aHR0cDovL3RzaG9wLnIxMHMuanAvdGFraXN5by9jYWJpbmV0LzAxMjExODQzL2ltZzU5MTE5ODY2LmpwZz9maXRpbj03MDA6NzAw,MjQ2ODUuNjAwMA==,,6Iqx44O744Ks44O844OH44Oz44O7RElZID4g5L2P5a6F5bu65p2Q44O76Kit5YKZID4g5bqK5p2QID4g44Gd44Gu5LuW,54Kt5YWrIOOCv+ODs+OCueeUqOajkiAxMDBnw5c1MOiii+WFpSDvvLvoqr/mub/mnKjngq0g44GZ44G/44Gv44GhIOa2iOiHrSDkub7nh6Ug6Zmk5rm/77y944CQc210Yi1tc+OAkQ==,77yI54Kt5YWr77yJ6Kq/5rm/5p2Q44Gv54Cn5ZWG5bqX77yB6YCB5paZ54Sh5paZ,PFRBQkxFIGJvcmRlcj0iMCI+CiAgICA8VFI+CiAgICAgIDxURCBhbGlnbj0iY2VudGVyIj48SU1HIHNyYz0iaHR0cDovL2ltYWdlLnJha3V0ZW4uY28uanAvdGFraXN5by9jYWJpbmV0LzAxMjExODQzL2ltZzU5MTE4NjE2LmpwZyIgd2lkdGg9IjY3MCIgaGVpZ2h0PSIxMTAiIGJvcmRlcj0iMCI+PC9URD4KICAgIDwvVFI+CiAgICA8VFI+CiAgICAgIDxURD48Rk9OVCBzaXplPSItMSI+6Z2S44GE56m644Gr55m944GE6Zuy44CB44CA6Ieq54S244Gu6aKo44Gr44Gu44Gj44Gm5b+r6YGp44Gr44GZ44GU44GX44Gf44GE44CCPC9GT05UPjxCUj4KICAgICAgPC9URD4KICAgIDwvVFI+CiAgICA8VFI+CiAgICAgIDxURCBhbGlnbj0iY2VudGVyIj48Qj48Rk9OVCBzaXplPSIrMyI+55+l44KM44Gw55+l44KL44G744Gp5L2P44G+44GE44Gr44GvPC9GT05UPjxGT05UIHNpemU9Iis0Ij7jgIzngq3lhavjgI08L0ZPTlQ+PC9CPjxCUj4KICAgICAgPEJSPgogICAgICDmirzlhaXnlKjjg7vjgr/jg7PjgrnnlKjjg6Ljg4vjgr/jg7zjgqLjg7PjgrHjg7zjg4jntZDmnpw8L1REPgogICAgPC9UUj4KICAgIDxUUj4KICAgICAgPFREPjxJTUcgc3JjPSJodHRwOi8vaW1hZ2UucmFrdXRlbi5jby5qcC90YWtpc3lvL2NhYmluZXQvMDEyMTE4NDMvaW1nNTkxMTkzOTMuanBnIiB3aWR0aD0iNjgzIiBoZWlnaHQ9IjE5NSIgYm9yZGVyPSIwIj48L1REPgogICAgPC9UUj4KICAgIDxUUj4KICAgICAgPFREPjxCUj4KICAgICAgPEZPTlQgc2l6ZT0iLTEiPuKXj+Wxi+WGheOBruWQhOOCueODmuODvOOCueOBp+S9v+eUqOOBp+OBjeOCi+OCs+ODs+ODkeOCr+ODiOOCv+OCpOODl+OAguKXj+iii+OBjDPph43jgavjgarjgaPjgabjgYTjgovjga7jgafmvI/jgozjgavjgY/jgYTjgII8QlI+CiAgICAgIOKXj+eCreWFq+OBruiqv+a5v+iDveWKm+WKm+OBr+WCmemVt+eCreOBrjLlgI3ku6XkuIrjgILoqr/mub/lirnmnpzjga/ljYrmsLjkuYXnmoTjgafjgZnjgII8QlI+CiAgICAgIOKXjzHjg7bmnIjjgavkuIDluqbjgIHooovjga7jgb7jgb7lpKnml6XlubLjgZfjgavjgZnjgovjgajkuIDlsaTlirnmnpznmoTjgafjgZnjgII8QlI+CiAgICAgIDxCUj4KICAgICAgPC9GT05UPjwvVEQ+CiAgICA8L1RSPgogICAgPFRSPgogICAgICA8VEQgYWxpZ249ImNlbnRlciI+PElNRyBzcmM9Imh0dHA6Ly9pbWFnZS5yYWt1dGVuLmNvLmpwL3Rha2lzeW8vY2FiaW5ldC8wMTIxMTg0My9pbWc1OTExOTM5NC5qcGciIHdpZHRoPSI2ODQiIGhlaWdodD0iMjg0IiBib3JkZXI9IjAiPjwvVEQ+CiAgICA8L1RSPgogICAgPFRSPgogICAgICA8VEQ+44CA44CAPEZPTlQgc2l6ZT0iLTEiPuW4g+Wbo+OBrumWk+OBq+OAgOOAgOOAgOOAgOOAgOOAgOOAgOOAgOOAgOOAgOOAgOOAgOOAgOWHuueVquOBruWwkeOBquOBhOiho+aWmeOBq+OBnOOBsuOAgOOAgOOAgOOAgOa5v+awl+OChOODi+OCquOCpOOBruOBk+OCguOCiuOBjOOBoeOBquOBqOOBk+OCjeOBqzxCUj4KICAgICAgPC9GT05UPjwvVEQ+CiAgICA8L1RSPgogICAgPFRSPgogICAgICA8VEQgYWxpZ249ImNlbnRlciI+PElNRyBzcmM9Imh0dHA6Ly9pbWFnZS5yYWt1dGVuLmNvLmpwL3Rha2lzeW8vY2FiaW5ldC8wMTIxMTg0My9pbWc1OTExOTM5NS5qcGciIHdpZHRoPSI2NzAiIGhlaWdodD0iMjExIiBib3JkZXI9IjAiPjwvVEQ+CiAgICA8L1RSPgogICAgPFRSPgogICAgICA8VEQ+PEZPTlQgc2l6ZT0iLTEiPumdtOOBruOCpOODpOOBquiHreOBhOOCkuiEseiHreOBq+OAgOOAgOOAgOWSjOODgOODs+OCueOBruW8leWHuuOBq+OBrzHooovjgYznm67lronjgIDjgIDjgIDjgIDou4rlhoXjga7jgZ/jgbDjgZPjga7oh63jgYTjgoLjgZnjgaPjgY3jgoo8L0ZPTlQ+PC9URD4KICAgIDwvVFI+CiAgICAKICAgIDxUUj4KICAgICAgPFREIGFsaWduPSJjZW50ZXIiPjxCUj4KICAgICAgPElNRyBzcmM9Imh0dHA6Ly9pbWFnZS5yYWt1dGVuLmNvLmpwL3Rha2lzeW8vY2FiaW5ldC8wMTIxMTg0My9pbWc1OTExMzE1OS5qcGciIHdpZHRoPSI1MTIiIGhlaWdodD0iMjAiIGJvcmRlcj0iMCI+PC9URD4KICAgIDwvVFI+CiAgICA8VFI+CiAgICAgIDxURD7jgIA8Rk9OVCBzaXplPSItMSI+55So6YCU44Gr5b+c44GY44Gm44K/44Kk44OX5Yil44Gr44K744OD44OI44Gr44Gq44Gj44Gm44GE44G+44GZ44CCPC9GT05UPjxGT05UIHNpemU9Ii0xIj48L0ZPTlQ+44CAPEZPTlQgc2l6ZT0iLTEiIGNvbG9yPSIjZmYwMDAwIj7il488L0ZPTlQ+PEZPTlQgc2l6ZT0iLTEiPuWNsOOCkuOBk+OBk+OBp+iyqeWjsuOBl+OBpuOBhOOBvuOBmeOAgjwvRk9OVD48L1REPgogICAgPC9UUj4KICAgIDxUUj4KICAgICAgPFREIGFsaWduPSJjZW50ZXIiPgogICAgICAgICAgICA8VEFCTEUgYm9yZGVyPSIwIiBiZ2NvbG9yPSIjNjY2NjY2Ij4KICAgICAgICAgIDxUUj4KICAgICAgICAgICAgPFREIGFsaWduPSJjZW50ZXIiIGJnY29sb3I9IiNiZmRlZWEiPjxGT05UIHNpemU9Ii0xIj7luorkuIvoqr/mub/mnKjngq08L0ZPTlQ+PC9URD4KICAgICAgICAgICAgPFREIGFsaWduPSJjZW50ZXIiIGJnY29sb3I9IiNiZmRlZWEiPjxGT05UIHNpemU9Ii0xIj7mirzlhaXoqr/mub/mnKjngq08L0ZPTlQ+PC9URD4KICAgICAgICAgICAgPFREIGFsaWduPSJjZW50ZXIiIGJnY29sb3I9IiNiZmRlZWEiPjxGT05UIHNpemU9Ii0xIiBjb2xvcj0iI2ZmMDAwMCI+4pePPC9GT05UPjxGT05UIHNpemU9Ii0xIj7mirzlhaXnlKjoqr/mub/mnKjngq3vvIjmo5LlvaLvvIk8L0ZPTlQ+PC9URD4KICAgICAgICAgICAgPFREIGFsaWduPSJjZW50ZXIiIGJnY29sb3I9IiNiZmRlZWEiPjxGT05UIHNpemU9Ii0xIj7jgr/jg7PjgrnnlKjoqr/mub/mnKjngq3vvIjmo5LlvaLvvIk8L0ZPTlQ+PC9URD4KICAgICAgICAgIDwvVFI+CiAgICAgICAgICA8VFI+CiAgICAgICAgICAgIDxURCBiZ2NvbG9yPSIjZmZmZmZmIj48YSBocmVmPSJodHRwOi8vaXRlbS5yYWt1dGVuLmNvLmpwL3Rha2lzeW8vc3lvZTAwMDEvIiB0YXJnZXQ9Il9ibGFuayI+PElNRyBzcmM9Imh0dHA6Ly9pbWFnZS5yYWt1dGVuLmNvLmpwL3Rha2lzeW8vY2FiaW5ldC8wMTIxMTg0My9pbWc1OTExMzE2Ny5qcGciIHdpZHRoPSIxNTYiIGhlaWdodD0iMTI3IiBib3JkZXI9IjAiPjwvYT48L1REPgogICAgICAgICAgICA8VEQgdmFsaWduPSJtaWRkbGUiIGJnY29sb3I9IiNmZmZmZmYiPjxhIGhyZWY9Imh0dHA6Ly9pdGVtLnJha3V0ZW4uY28uanAvdGFraXN5by9zeW9lMDAwNC8iIHRhcmdldD0iX2JsYW5rIj48SU1HIHNyYz0iaHR0cDovL2ltYWdlLnJha3V0ZW4uY28uanAvdGFraXN5by9jYWJpbmV0LzAxMjExODQzL2ltZzU5MTEzMTcwLmpwZyIgd2lkdGg9IjE1NSIgaGVpZ2h0PSIxMzkiIGJvcmRlcj0iMCI+PC9hPjwvVEQ+CiAgICAgICAgICAgIDxURCB2YWxpZ249Im1pZGRsZSIgYmdjb2xvcj0iI2ZmZmZmZiI+PGEgaHJlZj0iaHR0cDovL2l0ZW0ucmFrdXRlbi5jby5qcC90YWtpc3lvL3N5b2UwMDA1LyIgdGFyZ2V0PSJfYmxhbmsiPjxJTUcgc3JjPSJodHRwOi8vaW1hZ2UucmFrdXRlbi5jby5qcC90YWtpc3lvL2NhYmluZXQvMDEyMTE4NDMvaW1nNTkxMTMxNjguanBnIiB3aWR0aD0iMTUwIiBoZWlnaHQ9IjE0MiIgYm9yZGVyPSIwIj48L2E+PC9URD4KICAgICAgICAgICAgPFREIHZhbGlnbj0ibWlkZGxlIiBiZ2NvbG9yPSIjZmZmZmZmIiBhbGlnbj0iY2VudGVyIj48YSBocmVmPSJodHRwOi8vaXRlbS5yYWt1dGVuLmNvLmpwL3Rha2lzeW8vc3lvZTAwMDcvIiB0YXJnZXQ9Il9ibGFuayI+PElNRyBzcmM9Imh0dHA6Ly9pbWFnZS5yYWt1dGVuLmNvLmpwL3Rha2lzeW8vY2FiaW5ldC8wMTIxMTg0My9pbWc1OTExMzE2OS5qcGciIHdpZHRoPSIxMDAiIGhlaWdodD0iOTgiIGJvcmRlcj0iMCI+PC9hPjwvVEQ+CiAgICAgICAgICA8L1RSPgogICAgICA8L1RBQkxFPgogICAgICA8L1REPgogICAgPC9UUj4KICAgIDxUUj4KICAgICAgPFREIGFsaWduPSJjZW50ZXIiPjxCUj4KICAgICAgPElNRyBzcmM9Imh0dHA6Ly9pbWFnZS5yYWt1dGVuLmNvLmpwL3Rha2lzeW8vY2FiaW5ldC8wMTIxMTg0My9pbWc1OTExMzE1OS5qcGciIHdpZHRoPSI1MTIiIGhlaWdodD0iMjAiIGJvcmRlcj0iMCI+PEJSPgogICAgICA8Rk9OVCBzaXplPSItMSI+5Lul5LiL44Gv5bqK5LiL55So44Gu6Kqs5piO44Gr44Gq44KK44G+44GZPC9GT05UPuOAgjwvVEQ+CiAgICA8L1RSPgogICAgCiAgICAKICAgIDxUUj4KICAgICAgPFREIGFsaWduPSJjZW50ZXIiPjxGT05UIHNpemU9IisxIj48Qj7luorkuIvjgpLjgYvjgo/jgYvjgZk8L0I+PC9GT05UPjxCPuOAgOOAgDxGT05UIHNpemU9Iis0Ij7ngq3lhas8L0ZPTlQ+44CAPEZPTlQgc2l6ZT0iKzEiPuW6iuS4i+S5vueHpeacqOeCrTwvRk9OVD48L0I+PC9URD4KICAgIDwvVFI+CiAgICA8VFI+CiAgICAgIDxURCBhbGlnbj0iY2VudGVyIj4KICAgICAgPElNRyBzcmM9Imh0dHA6Ly9pbWFnZS5yYWt1dGVuLmNvLmpwL3Rha2lzeW8vY2FiaW5ldC8wMTIxMTg0My9pbWc1OTExODYxOS5qcGciIHdpZHRoPSI2NDgiIGhlaWdodD0iMjU0IiBib3JkZXI9IjAiPjwvVEQ+CiAgICA8L1RSPgogICAgPFRSPgogICAgICA8VEQgYWxpZ249ImNlbnRlciI+PEZPTlQgc2l6ZT0iLTEiPjxCPuS9j+OBvuOBhOOCkuS5vuOBi+OBneOBhuOAgeaXpeOAhSDjga7jgbPjga7jgbPjgajlv6vpganjgavmmq7jgonjgZ3jgYY8L0I+PC9GT05UPjxCUj4KICAgICAgPEJSPgogICAgICA8L1REPgogICAgPC9UUj4KICAgIDxUUj4KICAgICAgPFREIGFsaWduPSJsZWZ0Ij4KICAgICAgPFRBQkxFIGJvcmRlcj0iMCI+CiAgICAgICAgPFRCT0RZPgogICAgICAgICAgPFRSPgogICAgICAgICAgICA8VEQgYWxpZ249ImNlbnRlciIgd2lkdGg9IjIwNCI+PEI+PEZPTlQgc2l6ZT0iLTEiPueCreWFq++8iOmHneiRieaoue+8iTwvRk9OVD48L0I+PC9URD4KICAgICAgICAgICAgPFREIGFsaWduPSJjZW50ZXIiIHdpZHRoPSIyMDUiPjxGT05UIHNpemU9Ii0xIj48Qj7lgpnplbfngq3vvIjluoPokYnmqLnvvIk8L0I+PC9GT05UPjwvVEQ+CiAgICAgICAgICAgIDxURCB3aWR0aD0iMjQxIj48L1REPgogICAgICAgICAgPC9UUj4KICAgICAgICA8L1RCT0RZPgogICAgICA8L1RBQkxFPgogICAgICA8L1REPgogICAgPC9UUj4KICAgIAogICAgPFRSPgogICAgICA8VEQgYWxpZ249ImNlbnRlciI+CiAgICAgIAogICAgICA8SU1HIHNyYz0iaHR0cDovL2ltYWdlLnJha3V0ZW4uY28uanAvdGFraXN5by9jYWJpbmV0LzAxMjExODQzL2ltZzU5MTEzMTYwLmpwZyIgd2lkdGg9IjY1MiIgaGVpZ2h0PSIxOTQiIGJvcmRlcj0iMCI+PC9URD4KICAgIDwvVFI+CiAgICA8VFI+CiAgICAgIDxURD4KICAgICAgPFA+PEZPTlQgc2l6ZT0iLTEiPjxCUj4KICAgICAg4peP54Kt44Gr44Gv55So6YCU44Gr44KI44Gj44Gm44CB55So6YCU44Gr6YGp44Gj44Gf54Kt44GM44GC44KK44G+44GZ44CCPEJSPgogICAgICA8QlI+CiAgICAgIOKXj+S7ruWwjueuoeOBqOOBhOOBhumamemWk+OBjOS7luOBrueCreOBq+avlOOBueOBpuWkp+OBjeOBhOOBruOBp+epuuawl+OBruWQuOaOkuawl+OBjOOBneOCjOOBoOOBkeWKueeOh+OBjOS4iuOBjOOCiuOBvuOBmeOAgjxCUj4KICAgICAg44CA6IKJ44KS44GK44GE44GX44GP54S844GN44GC44GS44KL54Kt44KE44CB44OL44Kq44Kk44Gu5ZC4552A44Gr6YGp44GX44Gf54Kt44GM44GC44KK44CB5rmv5rK444GX5pmC44Gr5Ye644KL6JK45rCX44Gu5ZC45Y+O44GrPEJSPgogICAgICDjgIDpganjgZfjgZ/ngq3jgYzjgYLjgorjgb7jgZnjgII8L0ZPTlQ+PEJSPgogICAgICA8Rk9OVCBzaXplPSItMSI+4peP5YKZ6ZW354Kt44KC6buS54Kt44KC5ZCM44GY54eD5paZ55So44Gu54Kt44Gn44GZ44GM44CB5pyo5p2Q44Gu56iu6aGe44KE6KO96YCg5pa55rOV44Gr44KI44Gj44Gm5oCn6LOq44GM5aSJ44KP44KK44G+44GZ44CCPC9GT05UPjxCUj4KICAgICAgPEZPTlQgc2l6ZT0iLTEiPuKXj+eCreWFq+OBr+WutuOCkuiqv+a5v+OBmeOCi+ebrueahOOBp+eUo+WtpuWNlOWQjOeglOeptuOBi+OCieeUn+OBvuOCjOOBn+ijveWTgeOBp+OBmeOAgjwvRk9OVD48QlI+CiAgICAgIDwvUD4KICAgICAgPC9URD4KICAgIDwvVFI+CiAgICA8VFI+CiAgICAgIDxURD48L1REPgogICAgPC9UUj4KICAgIDxUUj4KICAgICAgPFREPuOAgOOAgOOAgOOAgOOAgOOAgOOAgOOAgDxCUj4KICAgICAgPEZPTlQgc2l6ZT0iLTEiPuOAgOOAgOOAgOOAgOOAgOOAgOOAgOOAgOW6iuS4i+eUqOiqv+a5v+acqOeCreOAjOeCreWFq+OAjeOBruW/heimgemHjzwvRk9OVD48L1REPgogICAgPC9UUj4KICAgIDxUUj4KICAgICAgPFREIGFsaWduPSJjZW50ZXIiPgogICAgICA8VEFCTEUgYm9yZGVyPSIwIiBiZ2NvbG9yPSIjNjY2NjY2IiB3aWR0aD0iNTE4Ij4KICAgICAgICAgIDxUUj4KICAgICAgICAgICAgPFREIGFsaWduPSJjZW50ZXIiIGJnY29sb3I9IiNiMWQxZWIiIHdpZHRoPSIxMjIiPjxGT05UIHNpemU9Ii0xIj4y5Z2qLzTnlbM8L0ZPTlQ+PC9URD4KICAgICAgICAgICAgPFREIGFsaWduPSJjZW50ZXIiIGJnY29sb3I9IiNiMWQxZWIiIHdpZHRoPSIxMjAiPjxGT05UIHNpemU9Ii0xIj405Z2qLzjnlbM8L0ZPTlQ+PC9URD4KICAgICAgICAgICAgPFREIGFsaWduPSJjZW50ZXIiIGJnY29sb3I9IiNiMWQxZWIiIHdpZHRoPSIxMjciPjxGT05UIHNpemU9Ii0xIj445Z2qLzE255WzPC9GT05UPjwvVEQ+CiAgICAgICAgICAgIDxURCBhbGlnbj0iY2VudGVyIiBiZ2NvbG9yPSIjYjFkMWViIiB3aWR0aD0iMTMxIj48Rk9OVCBzaXplPSItMSI+MTblnaovMzLmnaE8L0ZPTlQ+PC9URD4KICAgICAgICAgIDwvVFI+CiAgICAgICAgICA8VFI+CiAgICAgICAgICAgIDxURCBhbGlnbj0iY2VudGVyIiBiZ2NvbG9yPSIjZmZmZmZmIiB3aWR0aD0iMTIyIj48Rk9OVCBzaXplPSItMSI+MjTooovvvIgz566x77yJPC9GT05UPjwvVEQ+CiAgICAgICAgICAgIDxURCBhbGlnbj0iY2VudGVyIiBiZ2NvbG9yPSIjZmZmZmZmIiB3aWR0aD0iMTIwIj48Rk9OVCBzaXplPSItMSI+NDjooovvvIg2566x77yJPC9GT05UPjwvVEQ+CiAgICAgICAgICAgIDxURCBhbGlnbj0iY2VudGVyIiBiZ2NvbG9yPSIjZmZmZmZmIiB3aWR0aD0iMTI3Ij48Rk9OVCBzaXplPSItMSI+OTbooovvvIgxMueuse+8iTwvRk9OVD48L1REPgogICAgICAgICAgICA8VEQgYWxpZ249ImNlbnRlciIgYmdjb2xvcj0iI2ZmZmZmZiIgd2lkdGg9IjEzMSI+PEZPTlQgc2l6ZT0iLTEiPjE5Muiii++8iDI0566x77yJPC9GT05UPjwvVEQ+CiAgICAgICAgICA8L1RSPgogICAgICA8L1RBQkxFPgogICAgICA8QlI+CiAgICAgIDwvVEQ+CiAgICA8L1RSPgogICAgPFRSPgogICAgICA8VEQ+44CAPEI+PEZPTlQgc2l6ZT0iLTEiPuioree9rumghjwvRk9OVD48L0I+PC9URD4KICAgIDwvVFI+CiAgICA8VFI+CiAgICAgIDxURD48SU1HIHNyYz0iaHR0cDovL2ltYWdlLnJha3V0ZW4uY28uanAvdGFraXN5by9jYWJpbmV0LzAxMjExODQzL2ltZzU5MTEzMTYyLmpwZyIgd2lkdGg9IjY3OSIgaGVpZ2h0PSIxNTQiIGJvcmRlcj0iMCI+PC9URD4KICAgIDwvVFI+CiAgICA8VFI+CiAgICAgIDxURCBhbGlnbj0iY2VudGVyIj4KICAgICAgPFRBQkxFIGJvcmRlcj0iMCIgd2lkdGg9IjY3MiI+CiAgICAgICAgICA8VFI+CiAgICAgICAgICAgIDxURCBhbGlnbj0iY2VudGVyIiB3aWR0aD0iMjE5Ij48Qj48ST48Rk9OVCBzaXplPSIrMSI+MSA8L0ZPTlQ+PC9JPjwvQj48Rk9OVCBzaXplPSItMSI+55Wz44KS44GC44GS44KLPC9GT05UPjwvVEQ+CiAgICAgICAgICAgIDxURCBhbGlnbj0iY2VudGVyIiB3aWR0aD0iMjIwIj48Qj48Rk9OVCBzaXplPSItMSI+PEk+PEZPTlQgc2l6ZT0iKzEiPjIgPC9GT05UPjwvST48L0ZPTlQ+PC9CPjxGT05UIHNpemU9Ii0xIj7luqfmnb/jgpLjga/jgZrjgZk8L0ZPTlQ+PC9URD4KICAgICAgICAgICAgPFREIGFsaWduPSJjZW50ZXIiIHdpZHRoPSIyMTkiPjxCPjxJPjMgPC9JPjwvQj48Rk9OVCBzaXplPSItMSI+54Kt5YWr44KS5pW36Kit44GZ44KLPC9GT05UPjwvVEQ+CiAgICAgICAgICA8L1RSPgogICAgICA8L1RBQkxFPgogICAgICA8L1REPgogICAgPC9UUj4KICAgIDxUUj4KICAgICAgPFREIGhlaWdodD0iMTc1Ij48SU1HIHNyYz0iaHR0cDovL2ltYWdlLnJha3V0ZW4uY28uanAvdGFraXN5by9jYWJpbmV0LzAxMjExODQzL2ltZzU5MTEzMTYzLmpwZyIgd2lkdGg9IjY4MCIgaGVpZ2h0PSIxNTUiIGJvcmRlcj0iMCI+PC9URD4KICAgIDwvVFI+CiAgICA8VFI+CiAgICAgIDxURCBhbGlnbj0iY2VudGVyIj4KICAgICAgPFRBQkxFIGJvcmRlcj0iMCI+CiAgICAgICAgICA8VFI+CiAgICAgICAgICAgIDxURD48L1REPgogICAgICAgICAgICA8VEQ+PEk+PEI+NCA8L0I+PC9JPjxGT05UIHNpemU9Ii0xIj7mlbfoqK3lrozkuoY8L0ZPTlQ+PC9URD4KICAgICAgICAgICAgPFREPjwvVEQ+CiAgICAgICAgICA8L1RSPgogICAgICA8L1RBQkxFPgogICAgICA8L1REPgogICAgPC9UUj4KICAgIDxUUj4KICAgICAgPFREPjxJTUcgc3JjPSJodHRwOi8vaW1hZ2UucmFrdXRlbi5jby5qcC90YWtpc3lvL2NhYmluZXQvMDEyMTE4NDMvaW1nNTkxMTMxNjUuanBnIiB3aWR0aD0iNjgxIiBoZWlnaHQ9IjE2OCIgYm9yZGVyPSIwIj48L1REPgogICAgPC9UUj4KICAgIDxUUj4KICAgICAgPFREIGFsaWduPSJjZW50ZXIiPgogICAgICA8VEFCTEUgYm9yZGVyPSIwIj4KICAgICAgICAgIDxUUj4KICAgICAgICAgICAgPFREIGFsaWduPSJjZW50ZXIiIHdpZHRoPSIyMTUiPjxJPjxCPjUgPC9CPjwvST48Rk9OVCBzaXplPSItMSI+5bqn5p2/44KS5oi744GZPC9GT05UPjwvVEQ+CiAgICAgICAgICAgIDxURCBhbGlnbj0iY2VudGVyIiB3aWR0aD0iMjE5Ij48ST48Qj42PC9CPjwvST48Rk9OVCBzaXplPSItMSI+IOeVs+OCkuWFg+OBq+aIu+OBmTwvRk9OVD48L1REPgogICAgICAgICAgICA8VEQgYWxpZ249ImNlbnRlciIgd2lkdGg9IjIxNSI+PC9URD4KICAgICAgICAgIDwvVFI+CiAgICAgIDwvVEFCTEU+CiAgICAgIDwvVEQ+CiAgICA8L1RSPgo8L1RBQkxFPgrmspbnuITjg7vpm6Lls7bjgbjjga7pgIHmlpnjga/jgYropovnqY3jgorjgavjgarjgorjgb7jgZnjgII8YnI+Cjxicj4KNTDooovljZjkvY3jga7osqnlo7LjgIIxMsOXMjLDl0g1Y23jgIAwLjFrZ+OAgDPph43mp4vpgKA=,54Kt5YWrIOOCv+ODs+OCueeUqOajkiAxMDBnJnRpbWVzOzUw6KKL5YWlIO+8u+iqv+a5v+acqOeCrSDjgZnjgb/jga/jgaEg5raI6IetIOS5vueHpSDpmaTmub/vvL3jgJBzbXRiLW1z44CR77ya54Cn5ZWG5bqX,5bGL5aSW54Wn5piO6L6y5qWt55So5ZOB6L6y5qmf5YW36Jek5qOa44G244Gp44GG5qOa44OR44O844K044Op5ZyS6Iq455So5ZOB5a625bqt6I+c5ZyS44Of44K944OO5YyF5LiB5rip5a6k44OQ44O844OZ44Kt44Ol44O844Kz44Oz44Ot5rip5a6k44OP44Op44OD44Kv44K544K/44Kr44K344On44O844OU44Kr6Ziy6I2J44K344O844OI44K244OQ44O844Oz6Zmk6I2J5Ymk54Kt5YWrIOOCv+ODs+OCueeUqOajkiAxMDBnJnRpbWVzOzUw6KKL5YWlIO+8u+iqv+a5v+acqOeCrSDjgZnjgb/jga/jgaEg5raI6IetIOS5vueHpSDpmaTmub/vvL3jgJBzbXRiLW1z44CR,77yI54Kt5YWr77yJ6Kq/5rm/5p2Q44Gv54Cn5ZWG5bqX77yB6YCB5paZ54Sh5paZ44CC54Kt5YWrIOOCv+ODs+OCueeUqOajkiAxMDBnJnRpbWVzOzUw6KKL5YWlIO+8u+iqv+a5v+acqOeCrSDjgZnjgb/jga/jgaEg5raI6IetIOS5vueHpSDpmaTmub/vvL3jgJBzbXRiLW1z44CR[rn]
31-2643,aHR0cDovL3RzaG9wLnIxMHMuanAvdGFraXN5by9jYWJpbmV0LzAxMjExODQzL2ltZ3JjMDA3MDQyNDMwNy5qcGc/Zml0aW49NzAwOjcwMA==,OTUyMC44MDAw,,6Iqx44O744Ks44O844OH44Oz44O7RElZID4g5L2P5a6F5bu65p2Q44O76Kit5YKZID4g5bqK5p2QID4g44Gd44Gu5LuW,56u554KtIOW6iuS4i+iqv+a5vyDjgr/jgrHjgr/jg7M4MDAgMTbooosv77yR5Z2q44CQc210Yi1tc+OAkQ==,56u554KtIOW6iuS4i+iqv+a5v+OBquOCieeAp+WVhuW6l++8gemAgeaWmeeEoeaWmQ==,PFRBQkxFIGJvcmRlcj0iMCIgd2lkdGg9IjU0MyI+CiAgICA8VFI+CiAgICAgIDxURD48SU1HIHNyYz0iaHR0cDovL2ltYWdlLnJha3V0ZW4uY28uanAvdGFraXN5by9jYWJpbmV0LzAxMjExODQzL2ltZ3JjMDA3MDQyNDMwOS5qcGciIHdpZHRoPSI2OTAiIGhlaWdodD0iMTQ5IiBib3JkZXI9IjAiPjwvVEQ+CiAgICA8L1RSPgogICAgPFRSPgogICAgICA8VEQ+PEJSPgogICAgICA8L1REPgogICAgPC9UUj4KICAgIDxUUj4KICAgICAgPFREPjxCPjxGT05UIHNpemU9IiszIiBjb2xvcj0iIzY2NjY2NiI+56u554Kt44Gu5bqK5LiL6Kq/5rm/5qmf6IO944Gu5Yq55p6c44KS56K66KqNPC9GT05UPjwvQj48L1REPgogICAgPC9UUj4KICAgIDxUUj4KICAgICAgPFREPuOCsOODqeODleOCkuOBlOimp+OBhOOBn+OBoOOBkeOCjOOBsOiqv+a5v+WKueaenOOBrumrmOOBleOBr+S4gOebrueereeEtuOBp+OBmeOAguS4gOiIrOOBq+iqv+izquWKueaenOOBjOmrmOOBhOOBqOOBhOOCj+OCjOOBpuOBhOOCi+mHneiRieaoueOBqOavlOOBueOBpuOCguOBneOBruW3ruOBr+attOeEtuOBqOOBl+OBpuOBhOOBvuOBmeOAgjwvVEQ+CiAgICA8L1RSPgogICAgPFRSPgogICAgICA8VEQ+PElNRyBzcmM9Imh0dHA6Ly9pbWFnZS5yYWt1dGVuLmNvLmpwL3Rha2lzeW8vY2FiaW5ldC8wMTIxMTg0My9pbWdyYzAwNzA0MjQzMDguanBnIiB3aWR0aD0iNjkwIiBoZWlnaHQ9IjQzMCIgYm9yZGVyPSIwIj48L1REPgogICAgPC9UUj4KICAgIDxUUj4KICAgICAgPFREPuOAgOiii+OCteOCpOOCuu+8mjQ1MMOXNDUwbW3jgIDvvJHjgrHjg7zjgrnvvJHvvJbooovlhaXjgIDjgIDmqJnmupbmlbfoqK3ph4/vvJrvvJHvvJbooosv5Z2qPEJSPgogICAgICA8QlI+CiAgICAgIDwvVEQ+CiAgICA8L1RSPgogICAgPFRSPgogICAgICA8VEQ+PElNRyBzcmM9Imh0dHA6Ly9pbWFnZS5yYWt1dGVuLmNvLmpwL3Rha2lzeW8vY2FiaW5ldC8wMTIxMTg0My9pbWdyYzAwNzA0MjQzMTAuanBnIiB3aWR0aD0iNjk4IiBoZWlnaHQ9IjMyMCIgYm9yZGVyPSIwIj48L1REPgogICAgPC9UUj4KICAgIDxUUj4KICAgICAgPFREPuWkj+a2vOOBl+OBj+OAgeWGrOaaluOBi+OBhOOAgeW6iuS4i+WBpeW6t+eUn+a0u+OAguWNiuawuOS5heeahOOBq+S9v+OBiOOBvuOBmeOAgjwvVEQ+CiAgICA8L1RSPgo8L1RBQkxFPgrmspbnuITjg7vpm6Lls7bjgbjjga7pgIHmlpnjga/jgYropovnqY3jgorjgavjgarjgorjgb7jgZnjgII8YnI+,56u554KtIOW6iuS4i+iqv+a5vyDjgr/jgrHjgr/jg7M4MDAgMTbooosv77yR5Z2q44CQc210Yi1tc+OAke+8mueAp+WVhuW6lw==,5bGL5aSW54Wn5piO6L6y5qWt55So5ZOB6L6y5qmf5YW36Jek5qOa44G244Gp44GG5qOa44OR44O844K044Op5ZyS6Iq455So5ZOB5a625bqt6I+c5ZyS44Of44K944OO5YyF5LiB5rip5a6k44OQ44O844OZ44Kt44Ol44O844Kz44Oz44Ot5rip5a6k44OP44Op44OD44Kv44K544K/44Kr44K344On44O844OU44Kr6Ziy6I2J44K344O844OI44K244OQ44O844Oz6Zmk6I2J5Ymk56u554KtIOW6iuS4i+iqv+a5vyDjgr/jgrHjgr/jg7M4MDAgMTbooosv77yR5Z2q44CQc210Yi1tc+OAkQ==,56u554KtIOW6iuS4i+iqv+a5v+OBquOCieeAp+WVhuW6l++8gemAgeaWmeeEoeaWmeOAguerueeCrSDluorkuIvoqr/mub8g44K/44Kx44K/44OzODAwIDE26KKLL++8keWdquOAkHNtdGItbXPjgJE=[rn]
31-2644,aHR0cDovL3RzaG9wLnIxMHMuanAvdGFraXN5by9jYWJpbmV0LzAxMjExODQzL2ltZzYzODk3NzI2LmpwZz9maXRpbj03MDA6NzAw,OTUyMC44MDAw,,6Iqx44O744Ks44O844OH44Oz44O7RElZID4g5L2P5a6F5bu65p2Q44O76Kit5YKZID4g5bqK5p2QID4g44Gd44Gu5LuW,55m96J+75LqI6Ziy44O76aeG6Zmk55So5rK55Ymk5pyo5p2Q55SoIOW8t+WKm+OCouODquOCs+ODreODsyDmsrnliaQgMTRM,6YCB5paZ54Sh5paZ44K344Ot44Ki44Oq44CB44Kt44Kv44Kk44Og44K344Gu5LqI6Ziy44O76aeG6Zmk44Gr,PFRBQkxFIGJvcmRlcj0iMCIgd2lkdGg9IjY1MSI+CiAgICA8VFI+CiAgICAgIDxURD48SU1HIHNyYz0iaHR0cDovL2ltYWdlLnJha3V0ZW4uY28uanAvdGFraXN5by9jYWJpbmV0LzAxMjExODQzL2ltZzYzODk3NzE5LmpwZyIgd2lkdGg9IjY4MCIgaGVpZ2h0PSI2OSIgYm9yZGVyPSIwIj48L1REPgogICAgPC9UUj4KICAgIDxUUj4KICAgICAgPFREIGFsaWduPSJyaWdodCI+6KO95ZOB44Gv77yu77yp77yz77yp77y677yv77yu77yv44CAPC9URD4KICAgIDwvVFI+CiAgICA8VFI+CiAgICAgIDxURCBhbGlnbj0icmlnaHQiPjxJTUcgc3JjPSJodHRwOi8vaW1hZ2UucmFrdXRlbi5jby5qcC90YWtpc3lvL2NhYmluZXQvMDEyMTE4NDMvaW1nNjM4OTc3MTcuanBnIiB3aWR0aD0iNjgwIiBoZWlnaHQ9IjI5OCIgYm9yZGVyPSIwIj48L1REPgogICAgPC9UUj4KICAgIDxUUj4KICAgICAgPFREIGFsaWduPSJjZW50ZXIiPgogICAgICAgPFRBQkxFIGJvcmRlcj0iMCIgd2lkdGg9IjY4MCIgYmdjb2xvcj0iIzY2NjY2NiI+CiAgICAgICAgPFRCT0RZPgogICAgICAgICAgPFRSPgogICAgICAgICAgICA8VEQgYmdjb2xvcj0iI2YzNGIwYyIgYWxpZ249ImNlbnRlciIgcm93c3Bhbj0iMiIgd2lkdGg9IjE1NyI+PEZPTlQgc2l6ZT0iKzAiIGNvbG9yPSIjZmZmZmZmIj48Qj7msrnliaTjgqrjg6zjg7PjgrjvvJHvvJTvvKw8L0I+PC9GT05UPjwvVEQ+CiAgICAgICAgICAgIDxURCBiZ2NvbG9yPSIjZjM0YjBjIiBhbGlnbj0iY2VudGVyIiByb3dzcGFuPSIyIiB3aWR0aD0iMTg2Ij48Rk9OVCBzaXplPSIrMCI+PEI+PEZPTlQgc2l6ZT0iKzEiIGNvbG9yPSIjZmZmZmZmIj7msrnliaQ8L0ZPTlQ+PC9CPjwvRk9OVD48Rk9OVCBzaXplPSIrMCIgY29sb3I9IiNmZmZmZmYiPjxCPuOCquODrOODs+OCuO+8k++8ju+8lu+8rDwvQj48L0ZPTlQ+PC9URD4KICAgICAgICAgICAgPFREIGJnY29sb3I9IiNmMzRiMGMiIGFsaWduPSJjZW50ZXIiIHdpZHRoPSIxNjUiIGhlaWdodD0iMjQiPjxGT05UIHNpemU9IiswIiBjb2xvcj0iI2ZmZmZmZiI+PEI+5rC05oCn44Kq44Os44Oz44K477yT77yO77yW77ysPC9CPjxCUj4KICAgICAgICAgICAgPC9GT05UPjwvVEQ+CiAgICAgICAgICAgIDxURCBiZ2NvbG9yPSIjZjM0YjBjIiBhbGlnbj0iY2VudGVyIiB3aWR0aD0iMTUyIiBoZWlnaHQ9IjI0Ij48Rk9OVCBzaXplPSIrMCIgY29sb3I9IiNmZmZmZmYiPjxCPuawtOaAp+OCquODrOODs+OCuO+8ke+8lu+8rDwvQj48QlI+CiAgICAgICAgICAgIDwvRk9OVD48L1REPgogICAgICAgICAgPC9UUj4KICAgICAgICAgIDxUUj4KICAgICAgICAgICAgPFREIGJnY29sb3I9IiNmZmZmZmYiIGFsaWduPSJjZW50ZXIiIHdpZHRoPSIxNjUiIGhlaWdodD0iMjQiPjxGT05UIHNpemU9IiswIj4KICAgICAgICAgICAgPEI+5rC05oCn6YCP5piO77yT77yO77yW77ysPC9CPjwvRk9OVD48L1REPgogICAgICAgICAgICA8VEQgYmdjb2xvcj0iI2ZmZmZmZiIgYWxpZ249ImNlbnRlciIgd2lkdGg9IjE1MiIgaGVpZ2h0PSIyNCI+PEZPTlQgc2l6ZT0iKzAiPjxCPuawtOaAp+mAj+aYju+8ke+8lu+8rDwvQj48L0ZPTlQ+PC9URD4KICAgICAgICAgIDwvVFI+CiAgICAgICAgPC9UQk9EWT4KICAgICAgPC9UQUJMRT4KICAgICAgPC9URD4KICA8L1RSPgogICAgPFRSPgogICAgICA8VEQgYWxpZ249ImxlZnQiPiZuYnNwOzwvVEQ+CiAgICA8L1RSPgogICAgPFRSPgogICAgICA8VEQgYWxpZ249ImNlbnRlciI+CiAgICAgIDxUQUJMRSBib3JkZXI9IjAiIHdpZHRoPSI2MjAiPgogICAgICAgICAgPFRSPgogICAgICAgICAgICA8VEQgYWxpZ249ImNlbnRlciIgd2lkdGg9IjI4OCI+PEI+PEZPTlQgc2l6ZT0iKzEiPuacqOadkOWHpueQhjwvRk9OVD48L0I+PC9URD4KICAgICAgICAgICAgPFREIGFsaWduPSJjZW50ZXIiIHdpZHRoPSIzMjIiPjxCPjxGT05UIHNpemU9IisxIj7lnJ/lo4zlh6bnkIY8L0ZPTlQ+PC9CPjwvVEQ+CiAgICAgICAgICA8L1RSPgogICAgICA8L1RBQkxFPgogICAgICA8L1REPgogICAgPC9UUj4KICAgIDxUUj4KICAgICAgPFREIGFsaWduPSJjZW50ZXIiPjxJTUcgc3JjPSJodHRwOi8vaW1hZ2UucmFrdXRlbi5jby5qcC90YWtpc3lvL2NhYmluZXQvMDEyMTE4NDMvaW1nNjM4OTc3MjIuanBnIiB3aWR0aD0iNjE5IiBoZWlnaHQ9IjE3MiIgYm9yZGVyPSIwIj48L1REPgogICAgPC9UUj4KICAgIDxUUj4KICAgICAgPFREIGFsaWduPSJjZW50ZXIiPgogICAgICA8VEFCTEUgYm9yZGVyPSIwIiB3aWR0aD0iNjQ3Ij4KICAgICAgICAgIDxUUj4KICAgICAgICAgICAgPFREIHdpZHRoPSIzMjciPuacqOadkOOBruihqOmdouOBq+OCouODquOCs+ODreODs+OCkuWIt+avm+OChOWZtOmcp+OBp+Whl+W4g+OBl+OBvuOBmeOAguacqOWPo+OAgeWJsuOCjOOAgemHkeeJqeWPluS7mOeuh+aJgOOAgeOCs+ODs+OCr+ODquODvOODiOOBjOaOpeOBmeOCi+mDqOWIhuOBr+eJueOBq+WFpeW/teOBquWHpueQhuOBjOW/heimgeOBp+OBmeOAguS9v+eUqOmHj+OBr+OAgDMwMG1sLzHlubPmlrltPC9URD4KICAgICAgICAgICAgPFREIHdpZHRoPSIxNiI+PC9URD4KICAgICAgICAgICAgPFREIHdpZHRoPSIyOTAiPuW6iuS4i+Wcn+WjjOihqOmdouOBq+WOn+a2suOBruOBvuOBvuaVo+W4g+OBl+OBvuOBmeOAguWfuuekjuOBruWGheWkluOAgeadn+efs+OBruWRqOWbsuOAgea1tOWupOODiOOCpOODrOWPsOaJgOOBquOBqeawtOWbnuOCiumDqOWIhuOBr+eJueOBq+WFpeW/teOBquWHpueQhuOBjOW/heimgeOBp+OBmeOAguS9v+eUqOmHj+OBr+W5hTIwY23jgY/jgonjgYTjgacxbeW9k+OBn+OCiue0hDFMPC9URD4KICAgICAgICAgIDwvVFI+CiAgICAgIDwvVEFCTEU+CiAgICAgIDwvVEQ+CiAgICA8L1RSPgogICAgPFRSPgogICAgICA8VEQgYWxpZ249ImNlbnRlciI+CiAgICAgIDxUQUJMRSBib3JkZXI9IjAiIHdpZHRoPSI2MzMiIGJnY29sb3I9IiM2NjY2NjYiPgogICAgICAgICAgPFRSPgogICAgICAgICAgICA8VEQgYWxpZ249ImNlbnRlciIgYmdjb2xvcj0iI2MyZDllZiIgd2lkdGg9IjE4MSI+5a656YePPC9URD4KICAgICAgICAgICAgPFREIGFsaWduPSJjZW50ZXIiIGJnY29sb3I9IiNjMmQ5ZWYiIHdpZHRoPSIxNjMiPuWhl+OCiumdouepje+8iDLlm57loZfjgorvvIk8L1REPgogICAgICAgICAgICA8VEQgYWxpZ249ImNlbnRlciIgYmdjb2xvcj0iI2MyZDllZiIgd2lkdGg9IjE2MyI+55Wz44Gu5p6a5pWw44GnPC9URD4KICAgICAgICAgICAgPFREIGFsaWduPSJjZW50ZXIiIGJnY29sb3I9IiNjMmQ5ZWYiIHdpZHRoPSIxMDQiPuiJsjwvVEQ+CiAgICAgICAgICA8L1RSPgogICAgICAgICAgPFRSPgogICAgICAgICAgICA8VEQgYWxpZ249ImNlbnRlciIgYmdjb2xvcj0iI2ZmZmY4YyIgd2lkdGg9IjE4MSI+PEI+PEEgaHJlZj0iaHR0cDovL2l0ZW0ucmFrdXRlbi5jby5qcC90YWtpc3lvL3dhdGEwMjkwLyIgdGFyZ2V0PSJfYmxhbmsiPuOCouODquOCs+ODreODs+ayueWJpDMuNkw8L0E+PC9CPjwvVEQ+CiAgICAgICAgICAgIDxURCBhbGlnbj0iY2VudGVyIiBiZ2NvbG9yPSIjZmZmZmZmIiB3aWR0aD0iMTYzIj7ntIQxMC44772eMTjlubPmlrltPC9URD4KICAgICAgICAgICAgPFREIGFsaWduPSJjZW50ZXIiIGJnY29sb3I9IiNmZmZmZmYiIHdpZHRoPSIxNjMiPue0hDYuOO+9njEy5p6a5Zm0PC9URD4KICAgICAgICAgICAgPFREIHJvd3NwYW49IjIiIGFsaWduPSJjZW50ZXIiIGJnY29sb3I9IiNmZmZmZmYiIHdpZHRoPSIxMDQiPuOCquODrOODs+OCuOODu+mAj+aYjjwvVEQ+CiAgICAgICAgICA8L1RSPgogICAgICAgICAgPFRSPgogICAgICAgICAgICA8VEQgYWxpZ249ImNlbnRlciIgYmdjb2xvcj0iI2ZmZmY4YyIgd2lkdGg9IjE4MSI+PEEgaHJlZj0iaHR0cDovL2l0ZW0ucmFrdXRlbi5jby5qcC90YWtpc3lvL3dhdGEwMjg5LyIgdGFyZ2V0PSJfYmxhbmsiPjxCPuOCouODquOCs+ODreODs+ayueWJpDE0TDwvQj48L0E+PC9URD4KICAgICAgICAgICAgPFREIGFsaWduPSJjZW50ZXIiIGJnY29sb3I9IiNmZmZmZmYiIHdpZHRoPSIxNjMiPue0hDQw772eODDlubPmlrltPC9URD4KICAgICAgICAgICAgPFREIGFsaWduPSJjZW50ZXIiIGJnY29sb3I9IiNmZmZmZmYiIHdpZHRoPSIxNjMiPue0hDMw772eNDnmnprliIY8L1REPgogICAgICAgICAgPC9UUj4KICAgICAgPC9UQUJMRT4KICAgICAgPC9URD4KICAgIDwvVFI+CiAgICA8VFI+CiAgICAgIDxURCBhbGlnbj0iY2VudGVyIj4mbmJzcDvlrrnph4/jgpLjgq/jg6rjg4Pjgq/jgZnjgovjgajnp7vli5XjgZfjgb7jgZnjgII8L1REPgogICAgPC9UUj4KICAgIDxUUj4KICAgICAgPFREIGFsaWduPSJjZW50ZXIiPiZuYnNwOwogICAgICA8VEFCTEUgYm9yZGVyPSIwIiB3aWR0aD0iNjEzIj4KICAgICAgICAgIDxUUj4KICAgICAgICAgICAgPFREIHdpZHRoPSIzMDQiIHJvd3NwYW49IjIiPjxJTUcgc3JjPSJodHRwOi8vaW1hZ2UucmFrdXRlbi5jby5qcC90YWtpc3lvL2NhYmluZXQvMDEyMTE4NDMvaW1nNjM4OTc3MjQuanBnIiB3aWR0aD0iMjgwIiBoZWlnaHQ9IjEyNiIgYm9yZGVyPSIwIj48L1REPgogICAgICAgICAgICA8VEQgd2lkdGg9IjI5OSI+PElNRyBzcmM9Imh0dHA6Ly9pbWFnZS5yYWt1dGVuLmNvLmpwL3Rha2lzeW8vY2FiaW5ldC8wMTIxMTg0My9pbWc2Mzg5NzcyNS5qcGciIHdpZHRoPSIzMDAiIGhlaWdodD0iNTEiIGJvcmRlcj0iMCI+PC9URD4KICAgICAgICAgIDwvVFI+CiAgICAgICAgICA8VFI+CiAgICAgICAgICAgIDxURCB3aWR0aD0iMjk5Ij7msLTmurbmgKfjgqLjg6rjgrPjg63jg7Pjga/jgIA8QSBocmVmPSJodHRwOi8vaXRlbS5yYWt1dGVuLmNvLmpwL3Rha2lzeW8vd2F0YTAyOTEvIiB0YXJnZXQ9Il9ibGFuayI+44GT44GT44GL44KJPC9BPuOAgCZuYnNwO+enu+WLleOBl+OBvuOBmTwvVEQ+CiAgICAgICAgICA8L1RSPgogICAgICA8L1RBQkxFPgogICAgICA8L1REPgogICAgPC9UUj4KICAgIDxUUj4KICAgICAgPFREIGFsaWduPSJjZW50ZXIiPiZuYnNwOzxCUj4KICAgICAgPC9URD4KICAgIDwvVFI+CiAgICA8VFI+CiAgICAgIDxURCBhbGlnbj0iY2VudGVyIj48SU1HIHNyYz0iaHR0cDovL2ltYWdlLnJha3V0ZW4uY28uanAvdGFraXN5by9jYWJpbmV0LzAxMjExODQzL2ltZzYzODk3NzIwLmpwZyIgd2lkdGg9IjU1NyIgaGVpZ2h0PSI1MjIiIGJvcmRlcj0iMCI+PC9URD4KICAgIDwvVFI+CiAgICA8VFI+CiAgICAgIDxURCBhbGlnbj0iY2VudGVyIj4mbmJzcDsKICAgICAgPFRBQkxFIGJvcmRlcj0iMCIgd2lkdGg9IjYwOCI+CiAgICAgICAgICA8VFI+CiAgICAgICAgICAgIDxURCB3aWR0aD0iMzIzIiB2YWxpZ249InRvcCIgYWxpZ249ImxlZnQiPjxCPuOCt+ODreOCouODquOBqOODpOODnuODiOOCt+ODreOCouODqjwvQj48QlI+CiAgICAgICAgICAgIOWMl+a1t+mBk+OBruS4gOmDqOOCkumZpOOBjeeZveifu+iiq+Wus+OBr+WFqOWbveOBq+W6g+OBjOOBo+OBpuOBhOOBvuOBmeOAguWFheWIhuOBq+S5vueHpeOBl+OBpuOBhOOCi+WgtOaJgOOBp+OCguawtOWIhuOBjOijnOe1puOBp+OBjeOCjOOBsOOAgeOBneOBruWgtOaJgOOBq+WxheW6p+OCiuOBvuOBmeOAgjxCUj4KICAgICAgICAgICAg44K344Ot44Ki44Oq44Gv5YWJ44CB6aKo44CB5oyv5YuV44KS5auM44GG44Gf44KB44CB5a625bGL44Gu6aKo6YCa44GX44GM5oKq44GE44CB5pqX44GE5bqK5LiL44CB44Go44GP44Gr5rC05YiG44GM44GC44KL5Zue44KK44KS5aW944G/5aSn6LuN6ZqK44Go44Gq44Gj44Gm5pyo5p2Q44KS6aOf44GE44KA44GX44Gj44Gm44GE44GN44G+44GZ44CCPEJSPgogICAgICAgICAgICDnm67jgYzlsYrjgYvjgarjgYTml6XlvZPjgZ/jgorjgYzmgqrjgYTloLTmiYDjgpLjg4Hjgqfjg4Pjgq/jgZfkuojpmLLjgZfjgb7jgZfjgofjgYbjgII8L1REPgogICAgICAgICAgICA8VEQgd2lkdGg9IjI3NSIgYWxpZ249ImNlbnRlciI+PElNRyBzcmM9Imh0dHA6Ly9pbWFnZS5yYWt1dGVuLmNvLmpwL3Rha2lzeW8vY2FiaW5ldC8wMTIxMTg0My9pbWc2Mzg5NzcyMy5qcGciIHdpZHRoPSIyMDAiIGhlaWdodD0iMTkwIiBib3JkZXI9IjAiPjwvVEQ+CiAgICAgICAgICA8L1RSPgogICAgICA8L1RBQkxFPgogICAgICA8L1REPgogICAgPC9UUj4KPC9UQUJMRT7mspbnuITjg7vpm6Lls7bjgbjjga7pgIHmlpnjga/jgYropovnqY3jgorjgavjgarjgorjgb7jgZnjgII8YnI+Cjxicj4=,55m96J+75LqI6Ziy44O76aeG6Zmk55So5rK55Ymk5pyo5p2Q55SoIOW8t+WKm+OCouODquOCs+ODreODsyDmsrnliaQgMTRM77ya54Cn5ZWG5bqX,5bGL5aSW54Wn5piO6L6y5qWt55So5ZOB6L6y5qmf5YW36Jek5qOa44G244Gp44GG5qOa44OR44O844K044Op5ZyS6Iq455So5ZOB5a625bqt6I+c5ZyS44Of44K944OO5YyF5LiB5rip5a6k44OQ44O844OZ44Kt44Ol44O844Kz44Oz44Ot5rip5a6k44OP44Op44OD44Kv44K544K/44Kr44K344On44O844OU44Kr6Ziy6I2J44K344O844OI44K244OQ44O844Oz6Zmk6I2J5Ymk55m96J+75LqI6Ziy44O76aeG6Zmk55So5rK55Ymk5pyo5p2Q55SoIOW8t+WKm+OCouODquOCs+ODreODsyDmsrnliaQgMTRM,6YCB5paZ54Sh5paZ44K344Ot44Ki44Oq44CB44Kt44Kv44Kk44Og44K344Gu5LqI6Ziy44O76aeG6Zmk44Gr44CC55m96J+75LqI6Ziy44O76aeG6Zmk55So5rK55Ymk5pyo5p2Q55SoIOW8t+WKm+OCouODquOCs+ODreODsyDmsrnliaQgMTRM[rn]
31-2645,aHR0cDovL3RzaG9wLnIxMHMuanAvdGFraXN5by9jYWJpbmV0LzAxMjExODQzL2ltZ3JjMDA3MDQyODIyOS5qcGc/Zml0aW49NzAwOjcwMA==,MTc3NjAuMDAwMA==,,6Iqx44O744Ks44O844OH44Oz44O7RElZID4g5L2P5a6F5bu65p2Q44O76Kit5YKZID4g5bqK5p2QID4g44Gd44Gu5LuW,56u554KtIOW6iuS4i+iqv+a5vyDjgr/jgrHjgr/jg7M4MDAg77yIMzLooosvMuWdqu+8ieOAkHNtdGItbXPjgJE=,56u554KtIOW6iuS4i+iqv+a5v+OBquOCieeAp+WVhuW6l++8gemAgeaWmeeEoeaWmQ==,PFRBQkxFIGJvcmRlcj0iMCIgd2lkdGg9IjU0MyI+CiAgICA8VFI+CiAgICAgIDxURD48SU1HIHNyYz0iaHR0cDovL2ltYWdlLnJha3V0ZW4uY28uanAvdGFraXN5by9jYWJpbmV0LzAxMjExODQzL2ltZ3JjMDA3MDQyNDMwOS5qcGciIHdpZHRoPSI2OTAiIGhlaWdodD0iMTQ5IiBib3JkZXI9IjAiPjwvVEQ+CiAgICA8L1RSPgogICAgPFRSPgogICAgICA8VEQ+PEJSPgogICAgICA8L1REPgogICAgPC9UUj4KICAgIDxUUj4KICAgICAgPFREPjxCPjxGT05UIHNpemU9IiszIiBjb2xvcj0iIzY2NjY2NiI+56u554Kt44Gu5bqK5LiL6Kq/5rm/5qmf6IO944Gu5Yq55p6c44KS56K66KqNPC9GT05UPjwvQj48L1REPgogICAgPC9UUj4KICAgIDxUUj4KICAgICAgPFREPuOCsOODqeODleOCkuOBlOimp+OBhOOBn+OBoOOBkeOCjOOBsOiqv+a5v+WKueaenOOBrumrmOOBleOBr+S4gOebrueereeEtuOBp+OBmeOAguS4gOiIrOOBq+iqv+izquWKueaenOOBjOmrmOOBhOOBqOOBhOOCj+OCjOOBpuOBhOOCi+mHneiRieaoueOBqOavlOOBueOBpuOCguOBneOBruW3ruOBr+attOeEtuOBqOOBl+OBpuOBhOOBvuOBmeOAgjwvVEQ+CiAgICA8L1RSPgogICAgPFRSPgogICAgICA8VEQ+PElNRyBzcmM9Imh0dHA6Ly9pbWFnZS5yYWt1dGVuLmNvLmpwL3Rha2lzeW8vY2FiaW5ldC8wMTIxMTg0My9pbWdyYzAwNzA0MjQzMDguanBnIiB3aWR0aD0iNjkwIiBoZWlnaHQ9IjQzMCIgYm9yZGVyPSIwIj48L1REPgogICAgPC9UUj4KICAgIDxUUj4KICAgICAgPFREPuOAgOiii+OCteOCpOOCuu+8mjQ1MMOXNDUwbW3jgIDvvJHjgrHjg7zjgrnvvJHvvJbooovlhaXjgIDjgIDmqJnmupbmlbfoqK3ph4/vvJrvvJHvvJbooosv5Z2qPEJSPgogICAgICA8QlI+CiAgICAgIDwvVEQ+CiAgICA8L1RSPgogICAgPFRSPgogICAgICA8VEQ+PElNRyBzcmM9Imh0dHA6Ly9pbWFnZS5yYWt1dGVuLmNvLmpwL3Rha2lzeW8vY2FiaW5ldC8wMTIxMTg0My9pbWdyYzAwNzA0MjQzMTAuanBnIiB3aWR0aD0iNjk4IiBoZWlnaHQ9IjMyMCIgYm9yZGVyPSIwIj48L1REPgogICAgPC9UUj4KICAgIDxUUj4KICAgICAgPFREPuWkj+a2vOOBl+OBj+OAgeWGrOaaluOBi+OBhOOAgeW6iuS4i+WBpeW6t+eUn+a0u+OAguWNiuawuOS5heeahOOBq+S9v+OBiOOBvuOBmeOAgjwvVEQ+CiAgICA8L1RSPgo8L1RBQkxFPgrmspbnuITjg7vpm6Lls7bjgbjjga7pgIHmlpnjga/jgYropovnqY3jgorjgavjgarjgorjgb7jgZnjgII8YnI+,56u554KtIOW6iuS4i+iqv+a5vyDjgr/jgrHjgr/jg7M4MDAg77yIMzLooosvMuWdqu+8ieOAkHNtdGItbXPjgJHvvJrngKfllYblupc=,5bGL5aSW54Wn5piO6L6y5qWt55So5ZOB6L6y5qmf5YW36Jek5qOa44G244Gp44GG5qOa44OR44O844K044Op5ZyS6Iq455So5ZOB5a625bqt6I+c5ZyS44Of44K944OO5YyF5LiB5rip5a6k44OQ44O844OZ44Kt44Ol44O844Kz44Oz44Ot5rip5a6k44OP44Op44OD44Kv44K544K/44Kr44K344On44O844OU44Kr6Ziy6I2J44K344O844OI44K244OQ44O844Oz6Zmk6I2J5Ymk56u554KtIOW6iuS4i+iqv+a5vyDjgr/jgrHjgr/jg7M4MDAg77yIMzLooosvMuWdqu+8ieOAkHNtdGItbXPjgJE=,56u554KtIOW6iuS4i+iqv+a5v+OBquOCieeAp+WVhuW6l++8gemAgeaWmeeEoeaWmeOAguerueeCrSDluorkuIvoqr/mub8g44K/44Kx44K/44OzODAwIO+8iDMy6KKLLzLlnarvvInjgJBzbXRiLW1z44CR[rn]
31-2646,aHR0cDovL3RzaG9wLnIxMHMuanAvdG9rdXNhbi1oaW4vY2FiaW5ldC8yNTEwMjU4YWVhZWJiNTQ1N2IvYWItMTAyNjkxMC5qcGc/Zml0aW49NzAwOjcwMA==,MTE4OC4wMDAw,,6Iqx44O744Ks44O844OH44Oz44O7RElZID4g5L2P5a6F5bu65p2Q44O76Kit5YKZID4g5bqK5p2QID4g44Gd44Gu5LuW,5bqK44KS44Kt44K644O75rGa44KM44GL44KJ5L+d6K2344GZ44KL44K344O844OI44CA57SENDbDlzE4MGNt44CAUy0zMTk=,6LK844KL44Gg44GR44Gn5rGa44KM44KC44Kt44K644KC44GX44Gj44GL44KK6Ziy5q2iIQ==,6YCP5piO44Gu44K344O844OI44Gq44Gu44Gn44CB6KaL44Gf55uu44KS5pCN44Gq44KP44Ga5rGa44KM44KE44Kt44K644GL44KJ44GX44Gj44GL44KK5L+d6K2344GX44G+44GZ44CC6LK844Gj44Gm44Gv44GM44Gb44Gm5L2/44GE44KE44GZ44GP44CB6LK844KK55u044GX44KC57Ch5Y2Y44Gn44GZ44CC5rGa44KM44Gf44KJ44GV44Gj44Go44G144GN5Y+W44KK44CB44GK5omL5YWl44KM44KC44KJ44GP44KJ44GP44Gn44GZ44CC44OG44O844OW44Or5LiL44O75a2Q5L6b5py65LiL44O744Kt44OD44OB44Oz44Oe44OD44OI44O744OI44Kk44Os44Oe44OD44OI44Gq44Gp44Kt44K644CB5rGa44KM6Ziy5q2i44Gr5aSn5rS76LqN44CC44OP44K144Of44Gn5aW944GN44Gq5aSn44GN44GV44Gr44Kr44OD44OI5Ye65p2l44G+44GZ44CCPHRhYmxlIHdpZHRoPSIzMDAiIGJvcmRlcj0iMCIgY2VsbHNwYWNpbmc9IjAiIGNlbGxwYWRkaW5nPSIwIj48dHI+PHRkPjxmb250IGNvbG9yPSIjMzMzMzMzIiBzaXplPSItMSI+6YCP5piO44Gu44K344O844OI44Gq44Gu44Gn44CB6KaL44Gf55uu44KS5pCN44Gq44KP44Ga5rGa44KM44KE44Kt44K644GL44KJ44GX44Gj44GL44KK5L+d6K2344GX44G+44GZ44CC6LK844Gj44Gm44Gv44GM44Gb44Gm5L2/44GE44KE44GZ44GP44CB6LK844KK55u044GX44KC57Ch5Y2Y44Gn44GZ44CC5rGa44KM44Gf44KJ44GV44Gj44Go44G144GN5Y+W44KK44CB44GK5omL5YWl44KM44KC44KJ44GP44KJ44GP44Gn44GZ44CC44OG44O844OW44Or5LiL44O75a2Q5L6b5py65LiL44O744Kt44OD44OB44Oz44Oe44OD44OI44O744OI44Kk44Os44Oe44OD44OI44Gq44Gp44Kt44K644CB5rGa44KM6Ziy5q2i44Gr5aSn5rS76LqN44CC44OP44K144Of44Gn5aW944GN44Gq5aSn44GN44GV44Gr44Kr44OD44OI5Ye65p2l44G+44GZ44CCPC9mb250PjwvdGQ+PC90cj48L3RhYmxlPjxicj48dGFibGUgd2lkdGg9IjMwMCIgYm9yZGVyPSIwIiBjZWxscGFkZGluZz0iNSIgY2VsbHNwYWNpbmc9IjEiIGJnY29sb3I9IiM2NjY2NjYiPjx0ciBiZ2NvbG9yPSIjRkZGRkZGIj48dGQgYWxpZ249ImNlbnRlciIgbm93cmFwIGJnY29sb3I9IiNGRkZGQ0MiPjxmb250IGNvbG9yPSIjMzMzMzMzIiBzaXplPSItMSI+44K144Kk44K6PC9mb250PjwvdGQ+PHRkIGFsaWduPSJsZWZ0Ij48Zm9udCBjb2xvcj0iIzMzMzMzMyIgc2l6ZT0iLTEiPue0hDQ2w5cxODBjbTwvZm9udD48YnI+PGZvbnQgY29sb3I9IiMzMzMzMzMiIHNpemU9Ii0xIj7lgIvoo4XjgrXjgqTjgrrvvJo0N8OXNsOXNmNtPC9mb250PjwvdGQ+PC90cj48dHIgYmdjb2xvcj0iI0ZGRkZGRiI+PHRkIGFsaWduPSJjZW50ZXIiIG5vd3JhcCBiZ2NvbG9yPSIjRkZGRkNDIj48Zm9udCBjb2xvcj0iIzMzMzMzMyIgc2l6ZT0iLTEiPumHjemHjzwvZm9udD48L3RkPjx0ZCBhbGlnbj0ibGVmdCI+PGZvbnQgY29sb3I9IiMzMzMzMzMiIHNpemU9Ii0xIj7lgIvoo4Xph43ph4/vvJoyNzBnPC9mb250PjwvdGQ+PC90cj48dHIgYmdjb2xvcj0iI0ZGRkZGRiI+PHRkIGFsaWduPSJjZW50ZXIiIG5vd3JhcCBiZ2NvbG9yPSIjRkZGRkNDIj48Zm9udCBjb2xvcj0iIzMzMzMzMyIgc2l6ZT0iLTEiPue0oOadkOODu+adkOizqjwvZm9udD48L3RkPjx0ZCBhbGlnbj0ibGVmdCI+PGZvbnQgY29sb3I9IiMzMzMzMzMiIHNpemU9Ii0xIj7jg53jg6rjgqjjgrnjg4bjg6vjgIHjgqLjgq/jg6rjg6vns7vnspjnnYDliaTjgIHntJk8L2ZvbnQ+PC90ZD48L3RyPjx0ciBiZ2NvbG9yPSIjRkZGRkZGIj48dGQgYWxpZ249ImNlbnRlciIgbm93cmFwIGJnY29sb3I9IiNGRkZGQ0MiPjxmb250IGNvbG9yPSIjMzMzMzMzIiBzaXplPSItMSI+6KO96YCg5Zu9PC9mb250PjwvdGQ+PHRkIGFsaWduPSJsZWZ0Ij48Zm9udCBjb2xvcj0iIzMzMzMzMyIgc2l6ZT0iLTEiPuaXpeacrDwvZm9udD48L3RkPjwvdHI+PC90YWJsZT48YnI+PGZvbnQgY29sb3I9IiMzMzMzMzMiIHNpemU9Ii0xIj7osqnlo7LkvJrnpL4v5bqD5ZGK5paH6LKsPGJyPuagquW8j+S8muekvkhhbmJpdDxicj5UZWwgMDUwLTEwNDAtNzMwNzwvZm9udD48c3R5bGUgdHlwZT0idGV4dC9jc3MiPgo8IS0tCmJvZHl7CgogICAgIGJhY2tncm91bmQtaW1hZ2U6IHVybCgiIik7CiAgICAgYmFja2dyb3VuZC1yZXBlYXQ6IHJlcGVhdC15OwogICAgIGJhY2tncm91bmQtYXR0YWNobWVudDogc2Nyb2xsOwogICAgIGJhY2tncm91bmQtcG9zaXRpb246cmlnaHQKfQotLT4KPC9zdHlsZT4KPCEtLee4puODkOODiuODvOOBk+OBk+OBvuOBpy0tPgoKCgo8IS0t5rOo5oSP5LqL6aCF44GT44GT44GL44KJLS0+CjxpbWcgc3JjPSJodHRwOi8vaW1hZ2UucmFrdXRlbi5jby5qcC90b2t1c2FuLWhpbi9jYWJpbmV0L2Jhbm5lci9iYW5hMTAuanBnIj4KPCEtLeazqOaEj+S6i+mgheOBk+OBk+OBi+OCiS0tPg==,5bqK44KS44Kt44K644O75rGa44KM44GL44KJ5L+d6K2344GZ44KL44K344O844OI44CA57SENDYmdGltZXM7MTgwY23jgIBTLTMxOe+8mueJueeUo+WTgeOBj+OCieOBtg==,54m555Sj5ZOB44GU5b2T5Zyw6aOf5p2Q44GU5b2T5Zyw44K544Kk44O844OE5bqK44KS44Kt44K644O75rGa44KM44GL44KJ5L+d6K2344GZ44KL44K344O844OI44CA57SENDYmdGltZXM7MTgwY23jgIBTLTMxOQ==,6LK844KL44Gg44GR44Gn5rGa44KM44KC44Kt44K644KC44GX44Gj44GL44KK6Ziy5q2iIeOAguW6iuOCkuOCreOCuuODu+axmuOCjOOBi+OCieS/neitt+OBmeOCi+OCt+ODvOODiOOAgOe0hDQ2JnRpbWVzOzE4MGNt44CAUy0zMTk=[rn]
31-2647,aHR0cDovL3RzaG9wLnIxMHMuanAveW9pbW9ub2hvbnBvL2NhYmluZXQvODgwNzM1NzIxYjk2MjczZDM0LzEwMjY5MTAuanBnP2ZpdGluPTcwMDo3MDA=,MTA1OS4yMDAw,,6Iqx44O744Ks44O844OH44Oz44O7RElZID4g5L2P5a6F5bu65p2Q44O76Kit5YKZID4g5bqK5p2QID4g44Gd44Gu5LuW,5bqK44KS44Kt44K644O75rGa44KM44GL44KJ5L+d6K2344GZ44KL44K344O844OI44CA57SENDbDlzE4MGNt44CAUy0zMTk=,6LK844KL44Gg44GR44Gn5rGa44KM44KC44Kt44K644KC44GX44Gj44GL44KK6Ziy5q2iIQ==,4pag44GK5Y+W44KK5a+E44Gb44Gu54K644CB44GU5rOo5paH44KS6aCC44GE44Gf5pmC54K544Gn5a6M5aOy44Go44Gq44Gj44Gm44GE44KL5Y+v6IO95oCn44GM44GU44GW44GE44G+44GZ44CCIOOBneOBruWgtOWQiOOBr+OBlOmAo+e1oeOBleOBm+OBpumgguOBjeOBvuOBmeOBruOBp+S6iOOCgeOBlOS6huaJv+OBj+OBoOOBleOBhDx0YWJsZSB3aWR0aD0iNjAwIiBib3JkZXI9IjAiIGFsaWduPSJjZW50ZXIiIGNlbGxwYWRkaW5nPSIwIiBjZWxsc3BhY2luZz0iMCI+PHRyPjx0ZD48Zm9udCBjb2xvcj0iIzAwOTk5OSIgc2l6ZT0iNSI+PHN0cm9uZz7osrzjgovjgaDjgZHjgafmsZrjgozjgoLjgq3jgrrjgoLjgZfjgaPjgYvjgorpmLLmraIhPC9zdHJvbmc+PC9mb250PjwvdGQ+PC90cj48L3RhYmxlPjxicj48dGFibGUgd2lkdGg9IjYxMCIgYm9yZGVyPSIwIiBhbGlnbj0iY2VudGVyIiBjZWxscGFkZGluZz0iMSIgY2VsbHNwYWNpbmc9IjAiPjx0cj48dGQgd2lkdGg9IjYxMCIgdmFsaWduPSJ0b3AiIGFsaWduPSJjZW50ZXIiPjxkaXY+PGltZyBzcmM9Imh0dHA6Ly9pbWFnZS5yYWt1dGVuLmNvLmpwL3R1aGFuLXlhL2NhYmluZXQvdF9zaW1wbGU1MzQzLzEwMjY5MTAtMDEuanBnIiB3aWR0aD0iNjAwIiBoZWlnaHQ9IjU5NSI+PGJyPjxmb250IHNpemU9Mz48L2ZvbnQ+PC9kaXY+PGJyPjx0YWJsZSB3aWR0aD0iNjAwIiBib3JkZXI9IjAiIGFsaWduPSJjZW50ZXIiIGNlbGxwYWRkaW5nPSIxIiBjZWxsc3BhY2luZz0iMCI+PHRyPjx0ZCB3aWR0aD0iNjAwIiB2YWxpZ249InRvcCIgYWxpZ249ImxlZnQiPjxmb250IHNpemU9IjMiPuKXhuacrOWTgeOBr+Wxi+WGheeUqOOBp+OBmeOAguWxi+WkluOBq+iyvOOCi+OBk+OBqOOBr+OBp+OBjeOBvuOBm+OCk+OAgjxicj48YnI+44CQ6LK844KM44KL6Z2i44CRPGJyPuODleODreODvOODquODs+OCsOadkOOAgeS4gOiIrOeahOOBquacqOijveW6iuadkDxicj7igLvkuIroqJjku6XlpJbjga/jgZTkvb/nlKjjgavjgarjgozjgb7jgZvjgpPjgII8YnI+PGJyPuOAkOiyvOOCjOOBquOBhOmdouOAkTxicj7jgZjjgoXjgYbjgZ/jgpPjgIHnlbPjgIHjgr/jgqTjg6vjgIHjgq/jg4Pjgrfjg6fjg7Pjg5Xjg63jgqLjgIHjgrPjg7Pjgq/jg6rjg7zjg4jjgIHjg6Ljg6vjgr/jg6s8L2ZvbnQ+PC90ZD48L3RyPjwvdGFibGU+PGJyPjxicj48dGFibGUgd2lkdGg9IjYwMCIgY2VsbHNwYWNpbmc9IjAiIGNlbGxwYWRkaW5nPSIwIiBib3JkZXI9IjAiIGFsaWduPSJjZW50ZXIiPjx0cj48dGQgd2lkdGg9IjYwMCIgdmFsaWduPSJ0b3AiPjxkaXYgYWxpZ249ImNlbnRlciI+PGltZyB3aWR0aD0iNjAwIiBoZWlnaHQ9IjQzMCIgc3JjPSJodHRwOi8vaW1hZ2UucmFrdXRlbi5jby5qcC90dWhhbi15YS9jYWJpbmV0L3Rfc2ltcGxlNTM0My8xMDI2OTEwLTAyLmpwZyI+PGJyPjxmb250IHNpemU9IjMiPuODj+OCteODn+OBp+WlveOBjeOBquOCteOCpOOCuuOBq+OCq+ODg+ODiOOBp+OBjeOBvuOBmeOAgjwvZm9udD48L2Rpdj48YnI+PC90ZD48L3RyPjx0cj48dGQgd2lkdGg9IjYwMCIgdmFsaWduPSJ0b3AiPjxkaXYgYWxpZ249ImNlbnRlciI+PGltZyB3aWR0aD0iNjAwIiBoZWlnaHQ9IjQ0MSIgc3JjPSJodHRwOi8vaW1hZ2UucmFrdXRlbi5jby5qcC90dWhhbi15YS9jYWJpbmV0L3Rfc2ltcGxlNTM0My8xMDI2OTEwLTAzLmpwZyI+PGJyPjxmb250IHNpemU9IjMiPumAj+aYjuOBquOBruOBp+imi+OBn+ebruOCkuaQjeOBquOBhOOBvuOBm+OCk+OAgjwvZm9udD48L2Rpdj48YnI+PC90ZD48L3RyPjx0cj48dGQgd2lkdGg9IjYwMCIgdmFsaWduPSJ0b3AiPjxkaXYgYWxpZ249ImNlbnRlciI+PGltZyB3aWR0aD0iNjAwIiBoZWlnaHQ9IjUwNiIgc3JjPSJodHRwOi8vaW1hZ2UucmFrdXRlbi5jby5qcC90dWhhbi15YS9jYWJpbmV0L3Rfc2ltcGxlNTM0My8xMDI2OTEwLTA0LmpwZyI+PGJyPjxmb250IHNpemU9IjMiPuWtkOS+m+acuuS4i+OBp+ODgeOCp+OCouODnuODg+ODiOOBqOOBl+OBpuOAgjwvZm9udD48L2Rpdj48YnI+PC90ZD48L3RyPjx0cj48dGQgd2lkdGg9IjYwMCIgdmFsaWduPSJ0b3AiPjxkaXYgYWxpZ249ImNlbnRlciI+PGltZyB3aWR0aD0iNjAwIiBoZWlnaHQ9IjQ0MCIgc3JjPSJodHRwOi8vaW1hZ2UucmFrdXRlbi5jby5qcC90dWhhbi15YS9jYWJpbmV0L3Rfc2ltcGxlNTM0My8xMDI2OTEwLTA1LmpwZyI+PGJyPjxmb250IHNpemU9IjMiPuODiOOCpOODrOOBrumjm+OBs+aVo+OCiuOCgumYsuatouOAgjwvZm9udD48L2Rpdj48YnI+PC90ZD48L3RyPjx0cj48dGQgd2lkdGg9IjYwMCIgdmFsaWduPSJ0b3AiPjxkaXYgYWxpZ249ImNlbnRlciI+PGltZyB3aWR0aD0iNjAwIiBoZWlnaHQ9IjIwMSIgc3JjPSJodHRwOi8vaW1hZ2UucmFrdXRlbi5jby5qcC90dWhhbi15YS9jYWJpbmV0L3Rfc2ltcGxlNTM0My8xMDI2OTEwLTA2LmpwZyI+PGJyPjxmb250IHNpemU9IjMiPuaxmuOCjOOBn+OCieOBleOBo+OBqOOBteOBjeWPluOCiuOAguOBiuaJi+WFpeOCieOBj+OCieOBj+OBp+OBmeKZqjwvZm9udD48L2Rpdj48YnI+PC90ZD48L3RyPjx0cj48dGQgd2lkdGg9IjYwMCIgdmFsaWduPSJ0b3AiPjxkaXYgYWxpZ249ImNlbnRlciI+PGltZyB3aWR0aD0iNjAwIiBoZWlnaHQ9IjI0NyIgc3JjPSJodHRwOi8vaW1hZ2UucmFrdXRlbi5jby5qcC90dWhhbi15YS9jYWJpbmV0L3Rfc2ltcGxlNTM0My8xMDI2OTEwLTA3LmpwZyI+PGJyPjxmb250IHNpemU9IjMiPjwvZm9udD48L2Rpdj48YnI+PC90ZD48L3RyPjwvdGFibGU+PC90ZD48L3RyPjwvdGFibGU+PHRhYmxlIHdpZHRoPSI2MDAiIGJvcmRlcj0iMCIgYWxpZ249ImNlbnRlciIgY2VsbHBhZGRpbmc9IjEiIGNlbGxzcGFjaW5nPSIwIj48dHI+PHRkIHdpZHRoPSI2MDAiIHZhbGlnbj0idG9wIiBhbGlnbj0ibGVmdCI+PGJyPjxmb250IHNpemU9IjMiPumAj+aYjuOBruOCt+ODvOODiOOBquOBruOBp+OAgeimi+OBn+ebruOCkuaQjeOBquOCj+OBmuaxmuOCjOOChOOCreOCuuOBi+OCieOBl+OBo+OBi+OCiuS/neitt+OBl+OBvuOBmeOAguiyvOOBo+OBpuOBr+OBjOOBm+OBpuS9v+OBhOOChOOBmeOBj+OAgeiyvOOCiuebtOOBl+OCguewoeWNmOOBp+OBmeOAguaxmuOCjOOBn+OCieOBleOBo+OBqOOBteOBjeWPluOCiuOAgeOBiuaJi+WFpeOCjOOCguOCieOBj+OCieOBj+OBp+OBmeOAguODhuODvOODluODq+S4i+ODu+WtkOS+m+acuuS4i+ODu+OCreODg+ODgeODs+ODnuODg+ODiOODu+ODiOOCpOODrOODnuODg+ODiOOBquOBqeOCreOCuuOAgeaxmuOCjOmYsuatouOBq+Wkp+a0u+i6jeOAguODj+OCteODn+OBp+WlveOBjeOBquWkp+OBjeOBleOBq+OCq+ODg+ODiOWHuuadpeOBvuOBmeOAgjwvZm9udD48L3RkPjwvdHI+PC90YWJsZT48YnI+PHNwYW4gc3R5bGU9InBhZGRpbmc6MDttYXJnaW46MDtmb250LXNpemU6MDtjb2xvcjojZmZmOyI+ZmswOTRpZ3Jqczwvc3Bhbj48IS0tYWItLT48IS0tYWIyMDE1LjYtLT7ilqDjgYrlj5bjgorlr4TjgZvjga7ngrrjgIHjgZTms6jmlofjgpLpoILjgYTjgZ/mmYLngrnjgaflrozlo7LjgajjgarjgaPjgabjgYTjgovlj6/og73mgKfjgYzjgZTjgZbjgYTjgb7jgZnjgIIgIOOBneOBruWgtOWQiOOBr+OBlOmAo+e1oeOBleOBm+OBpumgguOBjeOBvuOBmeOBruOBp+S6iOOCgeOBlOS6huaJv+OBj+OBoOOBleOBhDxicj48dGFibGUgd2lkdGg9IjMwMCIgYm9yZGVyPSIwIiBjZWxsc3BhY2luZz0iMCIgY2VsbHBhZGRpbmc9IjAiPjx0cj48dGQ+PGZvbnQgY29sb3I9IiMzMzMzMzMiIHNpemU9Ii0xIj7pgI/mmI7jga7jgrfjg7zjg4jjgarjga7jgafjgIHopovjgZ/nm67jgpLmkI3jgarjgo/jgZrmsZrjgozjgoTjgq3jgrrjgYvjgonjgZfjgaPjgYvjgorkv53orbfjgZfjgb7jgZnjgILosrzjgaPjgabjga/jgYzjgZvjgabkvb/jgYTjgoTjgZnjgY/jgIHosrzjgornm7TjgZfjgoLnsKHljZjjgafjgZnjgILmsZrjgozjgZ/jgonjgZXjgaPjgajjgbXjgY3lj5bjgorjgIHjgYrmiYvlhaXjgozjgoLjgonjgY/jgonjgY/jgafjgZnjgILjg4bjg7zjg5bjg6vkuIvjg7vlrZDkvpvmnLrkuIvjg7vjgq3jg4Pjg4Hjg7Pjg57jg4Pjg4jjg7vjg4jjgqTjg6zjg57jg4Pjg4jjgarjganjgq3jgrrjgIHmsZrjgozpmLLmraLjgavlpKfmtLvouo3jgILjg4/jgrXjg5/jgaflpb3jgY3jgarlpKfjgY3jgZXjgavjgqvjg4Pjg4jlh7rmnaXjgb7jgZnjgII8L2ZvbnQ+PC90ZD48L3RyPjwvdGFibGU+PGJyPjx0YWJsZSB3aWR0aD0iMzAwIiBib3JkZXI9IjAiIGNlbGxwYWRkaW5nPSI1IiBjZWxsc3BhY2luZz0iMSIgYmdjb2xvcj0iIzY2NjY2NiI+PHRyIGJnY29sb3I9IiNGRkZGRkYiPjx0ZCBhbGlnbj0iY2VudGVyIiBub3dyYXAgYmdjb2xvcj0iI0ZGRkZDQyI+PGZvbnQgY29sb3I9IiMzMzMzMzMiIHNpemU9Ii0xIj7jgrXjgqTjgro8L2ZvbnQ+PC90ZD48dGQgYWxpZ249ImxlZnQiPjxmb250IGNvbG9yPSIjMzMzMzMzIiBzaXplPSItMSI+57SENDbDlzE4MGNtPC9mb250Pjxicj48Zm9udCBjb2xvcj0iIzMzMzMzMyIgc2l6ZT0iLTEiPuWAi+ijheOCteOCpOOCuu+8mjQ3w5c2w5c2Y208L2ZvbnQ+PC90ZD48L3RyPjx0ciBiZ2NvbG9yPSIjRkZGRkZGIj48dGQgYWxpZ249ImNlbnRlciIgbm93cmFwIGJnY29sb3I9IiNGRkZGQ0MiPjxmb250IGNvbG9yPSIjMzMzMzMzIiBzaXplPSItMSI+6YeN6YePPC9mb250PjwvdGQ+PHRkIGFsaWduPSJsZWZ0Ij48Zm9udCBjb2xvcj0iIzMzMzMzMyIgc2l6ZT0iLTEiPuWAi+ijhemHjemHj++8mjI3MGc8L2ZvbnQ+PC90ZD48L3RyPjx0ciBiZ2NvbG9yPSIjRkZGRkZGIj48dGQgYWxpZ249ImNlbnRlciIgbm93cmFwIGJnY29sb3I9IiNGRkZGQ0MiPjxmb250IGNvbG9yPSIjMzMzMzMzIiBzaXplPSItMSI+57Sg5p2Q44O75p2Q6LOqPC9mb250PjwvdGQ+PHRkIGFsaWduPSJsZWZ0Ij48Zm9udCBjb2xvcj0iIzMzMzMzMyIgc2l6ZT0iLTEiPuODneODquOCqOOCueODhuODq+OAgeOCouOCr+ODquODq+ezu+eymOedgOWJpOOAgee0mTwvZm9udD48L3RkPjwvdHI+PHRyIGJnY29sb3I9IiNGRkZGRkYiPjx0ZCBhbGlnbj0iY2VudGVyIiBub3dyYXAgYmdjb2xvcj0iI0ZGRkZDQyI+PGZvbnQgY29sb3I9IiMzMzMzMzMiIHNpemU9Ii0xIj7oo73pgKDlm708L2ZvbnQ+PC90ZD48dGQgYWxpZ249ImxlZnQiPjxmb250IGNvbG9yPSIjMzMzMzMzIiBzaXplPSItMSI+5pel5pysPC9mb250PjwvdGQ+PC90cj48L3RhYmxlPjwhLS1hYi0tPjwhLS1hYjIwMTUuNi0tPuODu+W6g+WRiuaWh+iyrCjmoKrlvI/kvJrnpL7libXlkozjgIAwMjk5LTQ3LTA1MDYpPHN0eWxlIHR5cGU9InRleHQvY3NzIj4KLyrosrfjgYTnianjgYvjgZTjgavlhaXjgozjgovjg5zjgr/jg7MqLwpkaXYjcmFrdXRlbkxpbWl0ZWRJZF9hcm91bmRDYXJ0IGlucHV0LnJDYXJ0QnRuLCAKZGl2I3Jha3V0ZW5MaW1pdGVkSWRfYXJvdW5kQ2FydCBpbnB1dC5yQ2FydEJ0blt0eXBlPSJzdWJtaXQiXSB7CiAgICB3aWR0aDogMzMwcHggIWltcG9ydGFudDsKICAgIGhlaWdodDogODBweCAhaW1wb3J0YW50OwogICAgY3Vyc29yOiBwb2ludGVyICFpbXBvcnRhbnQ7CiAgICBiYWNrZ3JvdW5kOiB1cmwoImh0dHBzOi8vaW1hZ2UucmFrdXRlbi5jby5qcC95b2ltb25vaG9ucG8vY2FiaW5ldC8wMzEzMzg4OS9pbWdyYzAwNjg0MDA5MzMuanBnIiluby1yZXBlYXQgMCAwICFpbXBvcnRhbnQ7Cn0KCmRpdiNyYWt1dGVuTGltaXRlZElkX2Fyb3VuZENhcnQgaW5wdXQuckNhcnRCdG4sCmRpdiNyYWt1dGVuTGltaXRlZElkX2Fyb3VuZENhcnQgaW5wdXQuckNhcnRCdG5bdHlwZT0ic3VibWl0Il06aG92ZXIgewogICAgYmFja2dyb3VuZDogdXJsKCJodHRwczovL2ltYWdlLnJha3V0ZW4uY28uanAveW9pbW9ub2hvbnBvL2NhYmluZXQvMDMxMzM4ODkvaW1ncmMwMDY4NDAwOTM0LmpwZyIpbm8tcmVwZWF0IDAgMCAhaW1wb3J0YW50Owp9Cjwvc3R5bGU+,5bqK44KS44Kt44K644O75rGa44KM44GL44KJ5L+d6K2344GZ44KL44K344O844OI44CA57SENDYmdGltZXM7MTgwY23jgIBTLTMxOe+8muiJr+OBhOOCguOBruacrOiIlw==,44OP44Kk44OJ44Ot44Kt44OO44Oz6aqo55uk44K344On44O844OE44OZ44OT44O844OZ44OD44OJ44OR44OD44OI44OQ44K544OI44Ki44OD44OX44OB44Oj44Kk44Or44OJ44K344O844OI44Kr44OQ44O844Oc44OH44Kj44OW44Op44K344Op44Oz44OJ44K744Or44OR44OD44OJ44Kz44K544Oh44Oc44OD44Kv44K544Oh44Kk44Kv44Oc44OD44Kv44K56Jmr44KI44GR44OR44O844Kr44O86Zmk5q+b44Kv44Oq44O844Og6Jmr44KI44GR44OR44Oz44OE44Oh44K444Kr44Op44Kk44OK44O844K544Kt44Os44OD44OI44OV44Kn44Kk44K544Op44Kk44Oz5pW05b2i44OG44O844OX6Ziy6Jmr44OR44O844Kr44O844OI44Kk44Os44K/44Oz44Kv5rSX5rWE5Ymk44K+44O844Oq44Oz44Ky44Oz5q+b5oqc44GN44Ko44Kv44K544OV44Kp44O844Os44Kk44OM44Oq44Oz5bqK44KS44Kt44K644O75rGa44KM44GL44KJ5L+d6K2344GZ44KL44K344O844OI44CA57SENDYmdGltZXM7MTgwY23jgIBTLTMxOQ==,6LK844KL44Gg44GR44Gn5rGa44KM44KC44Kt44K644KC44GX44Gj44GL44KK6Ziy5q2iIeOAguW6iuOCkuOCreOCuuODu+axmuOCjOOBi+OCieS/neitt+OBmeOCi+OCt+ODvOODiOOAgOe0hDQ2JnRpbWVzOzE4MGNt44CAUy0zMTk=[rn]
31-2648,aHR0cDovL3RzaG9wLnIxMHMuanAvb2hpc2FtYTI1MjUvY2FiaW5ldC80OTk3NTU1Zjk0YTY0YTgwZTIvMTAyNjkxMS5qcGc/Zml0aW49NzAwOjcwMA==,MjMxMi44MDAw,,6Iqx44O744Ks44O844OH44Oz44O7RElZID4g5L2P5a6F5bu65p2Q44O76Kit5YKZID4g5bqK5p2QID4g44Gd44Gu5LuW,44CQ6YCB5paZ54Sh5paZ44CR5bqK44KS44Kt44K644O75rGa44KM44GL44KJ5L+d6K2344GZ44KL44K344O844OI44CA57SENDbDlzM2MGNt44CAUy0zMjA=,6LK844KL44Gg44GR44Gn5rGa44KM44KC44Kt44K644KC44GX44Gj44GL44KK6Ziy5q2iIQ==,44O75bqD5ZGK5paH6LKs77yI44GK44Gy44GV44G+44GP44KJ44G244O7MDk3Mi0yOC03MDc277yJPHRhYmxlIHdpZHRoPSI2MDAiIGJvcmRlcj0iMCIgYWxpZ249ImNlbnRlciIgY2VsbHBhZGRpbmc9IjAiIGNlbGxzcGFjaW5nPSIwIj48dHI+PHRkPjxmb250IGNvbG9yPSIjMDA5OTk5IiBzaXplPSI1Ij48c3Ryb25nPuiyvOOCi+OBoOOBkeOBp+axmuOCjOOCguOCreOCuuOCguOBl+OBo+OBi+OCiumYsuatoiE8L3N0cm9uZz48L2ZvbnQ+PC90ZD48L3RyPjwvdGFibGU+PGJyPjx0YWJsZSB3aWR0aD0iNjEwIiBib3JkZXI9IjAiIGFsaWduPSJjZW50ZXIiIGNlbGxwYWRkaW5nPSIxIiBjZWxsc3BhY2luZz0iMCI+PHRyPjx0ZCB3aWR0aD0iNjEwIiB2YWxpZ249InRvcCIgYWxpZ249ImNlbnRlciI+PGRpdj48aW1nIHNyYz0iaHR0cDovL2ltYWdlLnJha3V0ZW4uY28uanAvdHVoYW4teWEvY2FiaW5ldC90X3NpbXBsZTUzNDMvMTAyNjkxMS0wMS5qcGciIHdpZHRoPSI2MDAiIGhlaWdodD0iNTk1Ij48YnI+PGZvbnQgc2l6ZT0zPjwvZm9udD48L2Rpdj48YnI+PHRhYmxlIHdpZHRoPSI2MDAiIGJvcmRlcj0iMCIgYWxpZ249ImNlbnRlciIgY2VsbHBhZGRpbmc9IjEiIGNlbGxzcGFjaW5nPSIwIj48dHI+PHRkIHdpZHRoPSI2MDAiIHZhbGlnbj0idG9wIiBhbGlnbj0ibGVmdCI+PGZvbnQgc2l6ZT0iMyI+4peG5pys5ZOB44Gv5bGL5YaF55So44Gn44GZ44CC5bGL5aSW44Gr6LK844KL44GT44Go44Gv44Gn44GN44G+44Gb44KT44CCPGJyPjxicj7jgJDosrzjgozjgovpnaLjgJE8YnI+44OV44Ot44O844Oq44Oz44Kw5p2Q44CB5LiA6Iis55qE44Gq5pyo6KO95bqK5p2QPGJyPuKAu+S4iuiomOS7peWkluOBr+OBlOS9v+eUqOOBq+OBquOCjOOBvuOBm+OCk+OAgjxicj48YnI+44CQ6LK844KM44Gq44GE6Z2i44CRPGJyPuOBmOOCheOBhuOBn+OCk+OAgeeVs+OAgeOCv+OCpOODq+OAgeOCr+ODg+OCt+ODp+ODs+ODleODreOCouOAgeOCs+ODs+OCr+ODquODvOODiOOAgeODouODq+OCv+ODqzwvZm9udD48L3RkPjwvdHI+PC90YWJsZT48YnI+PGJyPjx0YWJsZSB3aWR0aD0iNjAwIiBjZWxsc3BhY2luZz0iMCIgY2VsbHBhZGRpbmc9IjAiIGJvcmRlcj0iMCIgYWxpZ249ImNlbnRlciI+PHRyPjx0ZCB3aWR0aD0iNjAwIiB2YWxpZ249InRvcCI+PGRpdiBhbGlnbj0iY2VudGVyIj48aW1nIHdpZHRoPSI2MDAiIGhlaWdodD0iNDMwIiBzcmM9Imh0dHA6Ly9pbWFnZS5yYWt1dGVuLmNvLmpwL3R1aGFuLXlhL2NhYmluZXQvdF9zaW1wbGU1MzQzLzEwMjY5MTEtMDIuanBnIj48YnI+PGZvbnQgc2l6ZT0iMyI+44OP44K144Of44Gn5aW944GN44Gq44K144Kk44K644Gr44Kr44OD44OI44Gn44GN44G+44GZ44CCPC9mb250PjwvZGl2Pjxicj48L3RkPjwvdHI+PHRyPjx0ZCB3aWR0aD0iNjAwIiB2YWxpZ249InRvcCI+PGRpdiBhbGlnbj0iY2VudGVyIj48aW1nIHdpZHRoPSI2MDAiIGhlaWdodD0iNDQxIiBzcmM9Imh0dHA6Ly9pbWFnZS5yYWt1dGVuLmNvLmpwL3R1aGFuLXlhL2NhYmluZXQvdF9zaW1wbGU1MzQzLzEwMjY5MTEtMDMuanBnIj48YnI+PGZvbnQgc2l6ZT0iMyI+6YCP5piO44Gq44Gu44Gn6KaL44Gf55uu44KS5pCN44Gq44GE44G+44Gb44KT44CCPC9mb250PjwvZGl2Pjxicj48L3RkPjwvdHI+PHRyPjx0ZCB3aWR0aD0iNjAwIiB2YWxpZ249InRvcCI+PGRpdiBhbGlnbj0iY2VudGVyIj48aW1nIHdpZHRoPSI2MDAiIGhlaWdodD0iNTA2IiBzcmM9Imh0dHA6Ly9pbWFnZS5yYWt1dGVuLmNvLmpwL3R1aGFuLXlhL2NhYmluZXQvdF9zaW1wbGU1MzQzLzEwMjY5MTEtMDQuanBnIj48YnI+PGZvbnQgc2l6ZT0iMyI+5a2Q5L6b5py65LiL44Gn44OB44Kn44Ki44Oe44OD44OI44Go44GX44Gm44CCPC9mb250PjwvZGl2Pjxicj48L3RkPjwvdHI+PHRyPjx0ZCB3aWR0aD0iNjAwIiB2YWxpZ249InRvcCI+PGRpdiBhbGlnbj0iY2VudGVyIj48aW1nIHdpZHRoPSI2MDAiIGhlaWdodD0iNDQwIiBzcmM9Imh0dHA6Ly9pbWFnZS5yYWt1dGVuLmNvLmpwL3R1aGFuLXlhL2NhYmluZXQvdF9zaW1wbGU1MzQzLzEwMjY5MTEtMDUuanBnIj48YnI+PGZvbnQgc2l6ZT0iMyI+44OI44Kk44Os44Gu6aOb44Gz5pWj44KK44KC6Ziy5q2i44CCPC9mb250PjwvZGl2Pjxicj48L3RkPjwvdHI+PHRyPjx0ZCB3aWR0aD0iNjAwIiB2YWxpZ249InRvcCI+PGRpdiBhbGlnbj0iY2VudGVyIj48aW1nIHdpZHRoPSI2MDAiIGhlaWdodD0iMjAxIiBzcmM9Imh0dHA6Ly9pbWFnZS5yYWt1dGVuLmNvLmpwL3R1aGFuLXlhL2NhYmluZXQvdF9zaW1wbGU1MzQzLzEwMjY5MTEtMDYuanBnIj48YnI+PGZvbnQgc2l6ZT0iMyI+5rGa44KM44Gf44KJ44GV44Gj44Go44G144GN5Y+W44KK44CC44GK5omL5YWl44KJ44GP44KJ44GP44Gn44GZ4pmqPC9mb250PjwvZGl2Pjxicj48L3RkPjwvdHI+PHRyPjx0ZCB3aWR0aD0iNjAwIiB2YWxpZ249InRvcCI+PGRpdiBhbGlnbj0iY2VudGVyIj48aW1nIHdpZHRoPSI2MDAiIGhlaWdodD0iMjQ3IiBzcmM9Imh0dHA6Ly9pbWFnZS5yYWt1dGVuLmNvLmpwL3R1aGFuLXlhL2NhYmluZXQvdF9zaW1wbGU1MzQzLzEwMjY5MTEtMDcuanBnIj48YnI+PGZvbnQgc2l6ZT0iMyI+PC9mb250PjwvZGl2Pjxicj48L3RkPjwvdHI+PC90YWJsZT48L3RkPjwvdHI+PC90YWJsZT48dGFibGUgd2lkdGg9IjYwMCIgYm9yZGVyPSIwIiBhbGlnbj0iY2VudGVyIiBjZWxscGFkZGluZz0iMSIgY2VsbHNwYWNpbmc9IjAiPjx0cj48dGQgd2lkdGg9IjYwMCIgdmFsaWduPSJ0b3AiIGFsaWduPSJsZWZ0Ij48YnI+PGZvbnQgc2l6ZT0iMyI+6YCP5piO44Gu44K344O844OI44Gq44Gu44Gn44CB6KaL44Gf55uu44KS5pCN44Gq44KP44Ga5rGa44KM44KE44Kt44K644GL44KJ44GX44Gj44GL44KK5L+d6K2344GX44G+44GZ44CC6LK844Gj44Gm44Gv44GM44Gb44Gm5L2/44GE44KE44GZ44GP44CB6LK844KK55u044GX44KC57Ch5Y2Y44Gn44GZ44CC5rGa44KM44Gf44KJ44GV44Gj44Go44G144GN5Y+W44KK44CB44GK5omL5YWl44KM44KC44KJ44GP44KJ44GP44Gn44GZ44CC44OG44O844OW44Or5LiL44O75a2Q5L6b5py65LiL44O744Kt44OD44OB44Oz44Oe44OD44OI44O744OI44Kk44Os44Oe44OD44OI44Gq44Gp44Kt44K644CB5rGa44KM6Ziy5q2i44Gr5aSn5rS76LqN44CC44OP44K144Of44Gn5aW944GN44Gq5aSn44GN44GV44Gr44Kr44OD44OI5Ye65p2l44G+44GZ44CCPC9mb250PjwvdGQ+PC90cj48L3RhYmxlPjxicj48c3BhbiBzdHlsZT0icGFkZGluZzowO21hcmdpbjowO2ZvbnQtc2l6ZTowO2NvbG9yOiNmZmY7Ij5mazA5NGlncmpzPC9zcGFuPuOAjOODoeODvOOCq+ODvOOCiOOCiuWPluOCiuWvhOOBm+WVhuWTgeOBruOBn+OCgeOAgeWcqOW6q+eKtuazgeOBq+OCiOOBo+OBpuOBr+asoOWTgeODu+W7g+ebpOOBruWPr+iDveaAp+OBjOOBguOCiuOBvuOBmeOAguOBguOCieOBi+OBmOOCgeOBlOS6huaJv+OBj+OBoOOBleOBhOOAguOAjeOAjOWMl+a1t+mBk+ODu+aylue4hOODu+mbouWztuOBuOOBr+i/veWKoOmAgeaWmSszMDDlhobjgpLpoILmiLToh7TjgZfjgb7jgZnjgILjgI08dGFibGUgd2lkdGg9IjMwMCIgYm9yZGVyPSIwIiBjZWxsc3BhY2luZz0iMCIgY2VsbHBhZGRpbmc9IjAiPjx0cj48dGQ+PGZvbnQgY29sb3I9IiMzMzMzMzMiIHNpemU9Ii0xIj7pgI/mmI7jga7jgrfjg7zjg4jjgarjga7jgafjgIHopovjgZ/nm67jgpLmkI3jgarjgo/jgZrmsZrjgozjgoTjgq3jgrrjgYvjgonjgZfjgaPjgYvjgorkv53orbfjgZfjgb7jgZnjgILosrzjgaPjgabjga/jgYzjgZvjgabkvb/jgYTjgoTjgZnjgY/jgIHosrzjgornm7TjgZfjgoLnsKHljZjjgafjgZnjgILmsZrjgozjgZ/jgonjgZXjgaPjgajjgbXjgY3lj5bjgorjgIHjgYrmiYvlhaXjgozjgoLjgonjgY/jgonjgY/jgafjgZnjgILjg4bjg7zjg5bjg6vkuIvjg7vlrZDkvpvmnLrkuIvjg7vjgq3jg4Pjg4Hjg7Pjg57jg4Pjg4jjg7vjg4jjgqTjg6zjg57jg4Pjg4jjgarjganjgq3jgrrjgIHmsZrjgozpmLLmraLjgavlpKfmtLvouo3jgILjg4/jgrXjg5/jgaflpb3jgY3jgarlpKfjgY3jgZXjgavjgqvjg4Pjg4jlh7rmnaXjgb7jgZnjgII8L2ZvbnQ+PC90ZD48L3RyPjwvdGFibGU+PGJyPjx0YWJsZSB3aWR0aD0iMzAwIiBib3JkZXI9IjAiIGNlbGxwYWRkaW5nPSI1IiBjZWxsc3BhY2luZz0iMSIgYmdjb2xvcj0iIzY2NjY2NiI+PHRyIGJnY29sb3I9IiNGRkZGRkYiPjx0ZCBhbGlnbj0iY2VudGVyIiBub3dyYXAgYmdjb2xvcj0iI0ZGRkZDQyI+PGZvbnQgY29sb3I9IiMzMzMzMzMiIHNpemU9Ii0xIj7jgrXjgqTjgro8L2ZvbnQ+PC90ZD48dGQgYWxpZ249ImxlZnQiPjxmb250IGNvbG9yPSIjMzMzMzMzIiBzaXplPSItMSI+57SENDbDlzM2MGNtPC9mb250Pjxicj48Zm9udCBjb2xvcj0iIzMzMzMzMyIgc2l6ZT0iLTEiPuWAi+ijheOCteOCpOOCuu+8mjQ3w5c2w5c2Y208L2ZvbnQ+PC90ZD48L3RyPjx0ciBiZ2NvbG9yPSIjRkZGRkZGIj48dGQgYWxpZ249ImNlbnRlciIgbm93cmFwIGJnY29sb3I9IiNGRkZGQ0MiPjxmb250IGNvbG9yPSIjMzMzMzMzIiBzaXplPSItMSI+6YeN6YePPC9mb250PjwvdGQ+PHRkIGFsaWduPSJsZWZ0Ij48Zm9udCBjb2xvcj0iIzMzMzMzMyIgc2l6ZT0iLTEiPuWAi+ijhemHjemHj++8mjQ5NWc8L2ZvbnQ+PC90ZD48L3RyPjx0ciBiZ2NvbG9yPSIjRkZGRkZGIj48dGQgYWxpZ249ImNlbnRlciIgbm93cmFwIGJnY29sb3I9IiNGRkZGQ0MiPjxmb250IGNvbG9yPSIjMzMzMzMzIiBzaXplPSItMSI+57Sg5p2Q44O75p2Q6LOqPC9mb250PjwvdGQ+PHRkIGFsaWduPSJsZWZ0Ij48Zm9udCBjb2xvcj0iIzMzMzMzMyIgc2l6ZT0iLTEiPuODneODquOCqOOCueODhuODq+OAgeOCouOCr+ODquODq+ezu+eymOedgOWJpOOAgee0mTwvZm9udD48L3RkPjwvdHI+PHRyIGJnY29sb3I9IiNGRkZGRkYiPjx0ZCBhbGlnbj0iY2VudGVyIiBub3dyYXAgYmdjb2xvcj0iI0ZGRkZDQyI+PGZvbnQgY29sb3I9IiMzMzMzMzMiIHNpemU9Ii0xIj7oo73pgKDlm708L2ZvbnQ+PC90ZD48dGQgYWxpZ249ImxlZnQiPjxmb250IGNvbG9yPSIjMzMzMzMzIiBzaXplPSItMSI+5pel5pysPC9mb250PjwvdGQ+PC90cj48L3RhYmxlPjxDRU5URVI+Cjxmb250IHNpemU9IjUiIGNvbG9yPSIjZmYwMDAwIj7il4bjg6Hjg7zjgqvjg7znm7TpgIHjga7llYblk4HjgoLlpJrjgYTjgZ/jgoHjg6Hjg7zjgqvjg7zjgbjlnKjluqvnorroqo3jgpLjgZfjgb7jgZnjgYw8YnI+5qyg5ZOB44GX44Gm44GE44KL5aC05ZCI44KC44GU44GW44GE44G+44GZ44Gu44Gn44GU5LqG5om/44GP44Gg44GV44GE44G+44Gb44CCPC9mb250Pjxicj48Zm9udCBzaXplPSI1IiBjb2xvcj0iIzMzMDBmZiI+4piF44GK5a6i5qeY44GU6YO95ZCI44Gr44KI44KL44Kt44Oj44Oz44K744Or44O76L+U5ZOB44O75Lqk5o+b44KS5om/44KL44GT44Go44GM44Gn44GN44G+44Gb44KT44CCPGJyPuiqoOOBq+WLneaJi+OBp+OBr+OBlOOBluOBhOOBvuOBmeOBjOOBlOeQhuino+OBruOBu+OBqeOBiumhmOOBhOeUs+OBl+S4iuOBkuOBvuOBmeOAgjwvZm9udD48QlI+PGZvbnQgc2l6ZT0iNSIgY29sb3I9IiNmZjAwMDAiPuKYheODoeODvOOCq+ODvOebtOmAgeWVhuWTgeOBruWgtOWQiOWMl+a1t+mBk+ODu+aylue4hOODu+mbouWztuOBruOBiuWuouanmOOBrzxicj7pgIHmlpnnhKHmlpnllYblk4HjgavliKXpgJTpgIHmlpnjgYzjgYvjgYvjgorjgb7jgZnjga7jgafjgYrllY/lkIjjgZvjgY/jgaDjgZXjgYTjgII8QlI+4piF54++5Zyo44GU5rOo5paH6ZuG5Lit44Gu44Gf44KB77yX5Za25qWt5pel5YmN5b6M44Gn55m66YCB6Ie044GX44G+44GZ44Gu44GnPGJyPuOBlOS6huaJv+OBj+OBoOOBleOBhOOBvuOBm++8ge+8ge+8iOeZuumAgeS6iOWumuaXpeOCiOOCiumBheOBj+OBquOCiuOBvuOBmeOAgu+8iTxicj7imIXjgYrmgKXjgY7jga7mlrnjga/jgZTms6jmlofjgpLjgYrmjqfjgYjjgY/jgaDjgZXjgYTjgb7jgZvjgII8YnI+4piF55Kw5aKD44Gr6YWN5oWu44GX44GK5a6i5qeY44Gu5YCL5Lq65oOF5aCx5L+d6K2344Gu54K644Gr44CQ44GU5rOo5paH56K66KqN44Oh44O844Or44CR44KSPGJyPuOAjOaYjue0sOabuOOAjeOAjOe0jeWTgeabuOOAjeOBruS7o+OCj+OCiuOBqOOBl+OAjOODmuODvOODkeODvOODrOOCueWMluOAjeOBl+OBvuOBmeOBruOBpzxicj7jgZTljZTlipvjgpLjgYrpoZjjgYToh7TjgZfjgb7jgZnvvIHvvIE8YnI+Cjxmb250IHNpemU9IjUiIGNvbG9yPSIjMzMwMGZmIj7imIXjgYrjgbLjgZXjgb7jgY/jgonjgbbjga7lkI3liY3jgpLkvb/jgaPjgZ/lgb3jgrXjgqTjg4jjgYzjgYLjgorjgb7jgZnjga7jgacK44GK5rCX44KS44Gk44GR44GP44Gg44GV44GE44G+44Gb44CCPGJyPuWwmuOAgemKgOihjOaMr+i+vOWFiOOBr+alveWkqemKgOihjO+8iOalveWkqeW4guWgtOaUr+W6l++8ieOBp+OBlOOBluOBhOOBvuOBmeOAgjxicj4K4piF77yUL++8ku+8me+9nu+8lS/vvJfjgb7jgafkvJHmpa3jgYTjgZ/jgZfjgb7jgZnjgII8YnI+44Oh44O844Kr44O855u06YCB5ZWG5ZOB44Gv77yVL++8mOaXpeS7pemZjeOBq+mghuasoeeZuumAgeiHtOOBl+OBvuOBmeOAgjxicj4KPC9mb250PjxCUj4KPENFTlRFUj4KPC9DRU5URVI+CjxCUj4KCjx0Ym9keT48dGQgdmFsaWduPSJ0b3AiPjx0YWJsZSB3aWR0aD0iNjQxIiBoZWlnaHQ9IjE5NiIgY2VsbHNwYWNpbmc9IjUiIHN0eWxlPSJDT0xPUjogIzAwMDA5OSIgYWxpZ249ImNlbnRlciI+CiAgICAgICAgICAgICAgICAgICAgICAgIDx0Ym9keT4KICAgICAgICAgICAgICAgICAgICAgICAgPHRkIHZhbGlnbj0idG9wIj48cCBjbGFzcz0ic3R5bGUzMSI+PGltZyBzcmM9Imh0dHA6Ly9pbWFnZS5yYWt1dGVuLmNvLmpwL29oaXNhbWEyNTI1L2NhYmluZXQvMDMyNTA2ODMvaW1nNjE1NTgxODEuanBnIiB3aWR0aD0iMTk2IiBoZWlnaHQ9IjE3OSIgYm9yZGVyPSIwIj48L3A+PC90ZD4KICAgICAgICAgICAgICAgICAgICAgICAgICA8dGQgdmFsaWduPSJ0b3AiPjxwIGNsYXNzPSJzdHlsZTMxIj48aW1nIHNyYz0iaHR0cDovL2ltYWdlLnJha3V0ZW4uY28uanAvb2hpc2FtYTI1MjUvY2FiaW5ldC8wMzgyMDM0NC9pbWc2MjU5MDAyMC5qcGciIHdpZHRoPSIyMDEiIGhlaWdodD0iMTc5IiBib3JkZXI9IjAiPjwvcD48L3RkPgogICAgICAgICAgICAgICAgICAgICAgICAgIDx0ZCB2YWxpZ249InRvcCI+PHAgY2xhc3M9InN0eWxlMzEiPjxpbWcgc3JjPSJodHRwOi8vaW1hZ2UucmFrdXRlbi5jby5qcC9vaGlzYW1hMjUyNS9jYWJpbmV0LzAzMjUwNjgzLzAzODQ5OTY5L2ltZzYyMzY4NzM5LmpwZyIgd2lkdGg9IjE5OSIgaGVpZ2h0PSIxNzgiIGJvcmRlcj0iMCI+CiAgICAgICAgICAgICAgICAgICAgICAgICAgPC9wPjwvdGQ+CiAgICAgICAgICAgICAgICAgICAgICAgICAgPC90YWJsZT4KICAgICAgICAgICAgICAgICAgICAgICAgPHRhYmxlIHdpZHRoPSI2NDEiIGhlaWdodD0iMTk2IiBjZWxsc3BhY2luZz0iNSIgc3R5bGU9IkNPTE9SOiAjMDAwMDk5IiBhbGlnbj0iY2VudGVyIj4KICAgICAgICAgICAgICAgICAgICAgICAgICA8dGJvZHk+CiAgICAgICAgICAgICAgICAgICAgICAgICAgPHRkIHZhbGlnbj0idG9wIj48cCBjbGFzcz0ic3R5bGUzMSI+PGltZyBzcmM9Imh0dHA6Ly9pbWFnZS5yYWt1dGVuLmNvLmpwL29oaXNhbWEyNTI1L2NhYmluZXQvMDM4MjAzNDQvaW1nNjMyMTkxODMuanBnIiB3aWR0aD0iMTk2IiBoZWlnaHQ9IjE3OSIgYm9yZGVyPSIwIj48L3A+PC90ZD4KICAgICAgICAgICAgICAgICAgICAgICAgICAgIDx0ZCB2YWxpZ249InRvcCI+PHAgY2xhc3M9InN0eWxlMzEiPjxpbWcgc3JjPSJodHRwOi8vaW1hZ2UucmFrdXRlbi5jby5qcC9vaGlzYW1hMjUyNS9jYWJpbmV0LzAzMjUwNjgzL3NraW4vaW1nNjI3Mzc0ODAuanBnIiB3aWR0aD0iMjAxIiBoZWlnaHQ9IjE3OSIgYm9yZGVyPSIwIj48L3A+PC90ZD4KICAgICAgICAgICAgICAgICAgICAgICAgICAgIDx0ZCB2YWxpZ249InRvcCI+PHAgY2xhc3M9InN0eWxlMzEiPjxpbWcgc3JjPSJodHRwOi8vaW1hZ2UucmFrdXRlbi5jby5qcC9vaGlzYW1hMjUyNS9jYWJpbmV0LzAzMzI0Mzg3L2ltZzYxODc0NDY3LmpwZyIgd2lkdGg9IjE5OSIgaGVpZ2h0PSIxNzgiIGJvcmRlcj0iMCI+PGJyPgoKICA8L3A+PC90ZD48L3RhYmxlPgo8dGJvZHk+Cjx0ZCB2YWxpZ249InRvcCI+PHRhYmxlIHdpZHRoPSI2NDEiIGhlaWdodD0iMTk2IiBjZWxsc3BhY2luZz0iNSIgc3R5bGU9IkNPTE9SOiAjMDAwMDk5IiBhbGlnbj0iY2VudGVyIj4KICA8dGJvZHk+CiAgPHRkIHZhbGlnbj0idG9wIj48cCBjbGFzcz0ic3R5bGUzMSI+PGltZyBzcmM9Imh0dHA6Ly9pbWFnZS5yYWt1dGVuLmNvLmpwL29oaXNhbWEyNTI1L2NhYmluZXQvMDMzMjQzODcvaW1nNjMyMDUxNzYuanBnIiB3aWR0aD0iMTk2IiBoZWlnaHQ9IjE3OSIgYm9yZGVyPSIwIj48L3A+PC90ZD4KICAgIDx0ZCB2YWxpZ249InRvcCI+PHAgY2xhc3M9InN0eWxlMzEiPjxpbWcgc3JjPSJodHRwOi8vaW1hZ2UucmFrdXRlbi5jby5qcC9vaGlzYW1hMjUyNS9jYWJpbmV0LzAzNjY3ODQ1L2ltZzYyNDI3MjM3LmpwZyIgd2lkdGg9IjIwMSIgaGVpZ2h0PSIxNzkiIGJvcmRlcj0iMCI+PC9wPjwvdGQ+CiAgICA8dGQgdmFsaWduPSJ0b3AiPjxwIGNsYXNzPSJzdHlsZTMxIj48aW1nIHNyYz0iaHR0cDovL2ltYWdlLnJha3V0ZW4uY28uanAvb2hpc2FtYTI1MjUvY2FiaW5ldC8wMzgyMDM0NC9pbWc2Mjk2NzAyOC5qcGciIHdpZHRoPSIxOTkiIGhlaWdodD0iMTc4IiBib3JkZXI9IjAiPjxicj4KICAgIDwvcD48L3RkPgo8L3RhYmxlPiAgPHAgY2xhc3M9InN0eWxlMzEiPjxicj4KCgoKPCEtLeODquOCouWPl+OBk+OBk+OBi+OCiS0tPgo8ZGl2IHN0eWxlPSJ3aWR0aDo3MzBweDsgbWFyZ2luOiAwOyBiYWNrZ3JvdW5kLWNvbG9yOiNmZmY7Ij4KCjxwIHN0eWxlPSJiYWNrZ3JvdW5kLWNvbG9yOiNjMDA7IGNvbG9yOiNmZmY7IGZvbnQtc2l6ZToxNnB4OyBmb250LXdlaWdodDpib2xkOyBsZXR0ZXItc3BhY2luZzowLjFlbTsgdGV4dC1hbGlnbjpjZW50ZXI7IGxpbmUtaGVpZ2h0OjIycHg7IHBhZGRpbmc6MnB4IDAgMCAwOyBtYXJnaW46MDsiPuOBlOazqOaWh+OBguOCiuOBjOOBqOOBhuOBlOOBluOBhOOBvuOBmSEhPC9wPgoKPGRpdiBzdHlsZT0iaGVpZ2h0OjM0MHB4OyBvdmVyZmxvdzpoaWRkZW47IGJvcmRlcjoxcHggc29saWQgI2MwMDsiPgoKCgo8L2Rpdj4KPC9kaXY+CjwhLS3jg6rjgqLlj5fjgZPjgZPjgb7jgactLT4KCgo8IS0t44Oq44Ki44Kz44Oh44GT44GT44GL44KJLS0+CjxkaXYgc3R5bGU9IndpZHRoOjczMHB4OyBtYXJnaW46IDA7IGJhY2tncm91bmQtY29sb3I6I2ZmZjsiPgoKPHAgc3R5bGU9ImJhY2tncm91bmQtY29sb3I6I2MwMDsgY29sb3I6I2ZmZjsgZm9udC1zaXplOjE2cHg7IGZvbnQtd2VpZ2h0OmJvbGQ7IGxldHRlci1zcGFjaW5nOjAuMWVtOyB0ZXh0LWFsaWduOmNlbnRlcjsgbGluZS1oZWlnaHQ6MjJweDsgcGFkZGluZzoycHggMCAwIDA7IG1hcmdpbjowOyI+44GK5a6i5qeY44KI44KK6aCC44GE44Gf44Os44OT44Ol44O844KS44GU57S55LuLPC9wPgoKPGRpdiBzdHlsZT0iaGVpZ2h0OjM1MHB4OyBvdmVyZmxvdzpoaWRkZW47IGJvcmRlcjoxcHggc29saWQgI2MwMDsiPgoKCgo8L2Rpdj4KPC9kaXY+CjwhLS3jg6rjgqLjgrPjg6HjgZPjgZPjgb7jgactLT4=,44CQ6YCB5paZ54Sh5paZ44CR5bqK44KS44Kt44K644O75rGa44KM44GL44KJ5L+d6K2344GZ44KL44K344O844OI44CA57SENDYmdGltZXM7MzYwY23jgIBTLTMyMO+8muOBiuOBsuOBleOBvuOBj+OCieOBtg==,44OB44O844K644Kx44O844Kt44Os44OH44Kj44O844K544OV44Kh44OD44K344On44Oz44OA44Kk44Ko44OD44OI44K144OX44Oq44Oh44Oz44OI44K/44Or44OI44GK44GE44GX44GE5rC054S86IKJ44Gu44Gf44KM44CQ6YCB5paZ54Sh5paZ44CR5bqK44KS44Kt44K644O75rGa44KM44GL44KJ5L+d6K2344GZ44KL44K344O844OI44CA57SENDYmdGltZXM7MzYwY23jgIBTLTMyMA==,6LK844KL44Gg44GR44Gn5rGa44KM44KC44Kt44K644KC44GX44Gj44GL44KK6Ziy5q2iIeOAguOAkOmAgeaWmeeEoeaWmeOAkeW6iuOCkuOCreOCuuODu+axmuOCjOOBi+OCieS/neitt+OBmeOCi+OCt+ODvOODiOOAgOe0hDQ2JnRpbWVzOzM2MGNt44CAUy0zMjA=[rn]
31-2649,aHR0cDovL3RzaG9wLnIxMHMuanAvYXNhaGlwcm9jdXJlYWNlL2NhYmluZXQvb3JhbmdlMjAxNy9hLTAwNzAwMDEtYS0wMDcyMDAwL3QwMTAwMDU0NzAxMDQuanBnP2ZpdGluPTcwMDo3MDA=,ODc2NC44MDAw,,6Iqx44O744Ks44O844OH44Oz44O7RElZID4g5L2P5a6F5bu65p2Q44O76Kit5YKZID4g5bqK5p2QID4g44Gd44Gu5LuW,77y077yy77y177yz77yj77yv44CA57KY552A44Kv44Oq44O844Oz44Oe44OD44OI44CA77yW77yQ77yQ77y477yZ77yQ77yQ77yt77yt44CA44OW44Or44O844CA77yR77yQ44K344O844OI5YWlIENNNjA5MC0xMEIgMTDmnprilrw0MTktODY2MiDjg4jjg6njgrnjgrPkuK3lsbHvvIjmoKrvvIkgIOOAkOS7o+W8leaxuua4iOS4jeWPr+OAkQ==,5Lya56S+6Kit56uLNTDlubTjga7lronlv4PmhJ/vvIHov4XpgJ/jgarlr77lv5zjgafllYblk4HjgpLjgYrlsYrjgZHoh7TjgZfjgb7jgZnvvIE=,44Kq44OV44Kj44K55L2P6Kit55So5ZOBIOW6iuadkOeUqOWTgSDjgq/jg6rjg7zjg7Pjg57jg4Pjg4gg44OI44Op44K544Kz5Lit5bGx77yI5qCq77yJPHA+PGltZyBzcmM9Imh0dHBzOi8vaW1hZ2UucmFrdXRlbi5jby5qcC9hc2FoaXByb2N1cmVhY2UvY2FiaW5ldC9hdHRlbnRpb24wMS5qcGciIGFsdD0i44GK5Y+W5a+E44Gb5ZWG5ZOB44Gr44Gk44GE44GmIj48L3A+PGltZyBzcmM9Imh0dHBzOi8vaW1hZ2UucmFrdXRlbi5jby5qcC9hc2FoaXByb2N1cmVhY2UvY2FiaW5ldC9pdGVtX3RpdGxlMDIuanBnIiBhbHQ9IiI+PHRhYmxlIHdpZHRoPSI2NDkiIGJvcmRlcj0iMCIgY2VsbHNwYWNpbmc9IjAiIGNlbGxwYWRkaW5nPSI1IiBzdHlsZT0iYm9yZGVyLWxlZnQ6IzY2NiBzb2xpZCAxcHg7IGJvcmRlci1yaWdodDojNjY2IHNvbGlkIDFweDsgYm9yZGVyLWNvbGxhcHNlOmNvbGxhcHNlOyBlbXB0eS1jZWxsczpzaG93OyI+PHRyPjx0aCB3aWR0aD0iMzAlIiBzdHlsZT0iYm9yZGVyLWJvdHRvbTojNjY2IHNvbGlkIDFweDsiPjxmb250IHNpemU9Ii0xIj7jg6Hjg7zjgqvjg7zlkI08L2ZvbnQ+PC90aD48dGQgd2lkdGg9IjgwJSIgc3R5bGU9ImJvcmRlci1sZWZ0OiM2NjYgc29saWQgMXB4OyBib3JkZXItYm90dG9tOiM2NjYgc29saWQgMXB4OyI+PGZvbnQgc2l6ZT0iLTEiPjwhLS3jg6Hjg7zjgqvjg7zlkI0tLT7jg4jjg6njgrnjgrPkuK3lsbHvvIjmoKrvvIk8IS0tL+ODoeODvOOCq+ODvOWQjS0tPjwvZm9udD48L3RkPjwvdHI+PHRyPjx0aCB3aWR0aD0iMzAlIiBzdHlsZT0iYm9yZGVyLWJvdHRvbTojNjY2IHNvbGlkIDFweDsiPjxmb250IHNpemU9Ii0xIj7jg5fjg6njgrnlkI3np7AgPC9mb250PjwvdGg+PHRkIHdpZHRoPSI4MCUiIHN0eWxlPSJib3JkZXItbGVmdDojNjY2IHNvbGlkIDFweDsgYm9yZGVyLWJvdHRvbTojNjY2IHNvbGlkIDFweDsiPjxmb250IHNpemU9Ii0xIj48IS0t44OX44Op44K55ZCN56ewLS0+PCEtLS/jg5fjg6njgrnlkI3np7AtLT48L2ZvbnQ+PC90ZD48L3RyPjx0cj48dGggd2lkdGg9IjMwJSIgc3R5bGU9ImJvcmRlci1ib3R0b206IzY2NiBzb2xpZCAxcHg7Ij48Zm9udCBzaXplPSItMSI+5ZWG5ZOB5ZCNPC9mb250PjwvdGg+PHRkIHdpZHRoPSI4MCUiIHN0eWxlPSJib3JkZXItbGVmdDojNjY2IHNvbGlkIDFweDsgYm9yZGVyLWJvdHRvbTojNjY2IHNvbGlkIDFweDsiPjxmb250IHNpemU9Ii0xIj48IS0t5ZWG5ZOB5ZCNLS0+77y077yy77y177yz77yj77yv44CA57KY552A44Kv44Oq44O844Oz44Oe44OD44OI44CA77yW77yQ77yQ77y477yZ77yQ77yQ77yt77yt44CA44OW44Or44O844CA77yR77yQ44K344O844OI5YWlPCEtLS/llYblk4HlkI0tLT48L2ZvbnQ+PC90ZD48L3RyPjx0aCBzdHlsZT0iYm9yZGVyLWJvdHRvbTojNjY2IHNvbGlkIDFweDsiPjxmb250IHNpemU9Ii0xIj7lnovlvI88L2ZvbnQ+PC90aD48dGQgc3R5bGU9ImJvcmRlci1sZWZ0OiM2NjYgc29saWQgMXB4OyBib3JkZXItYm90dG9tOiM2NjYgc29saWQgMXB4OyI+PGZvbnQgc2l6ZT0iLTEiPjwhLS3ln7rmnKzlk4Hnm64tLT5DTTYwOTAxMEI8IS0tL+WfuuacrOWTgeebri0tPjwvZm9udD48L3RkPjwvdHI+PHRyPjx0aCBzdHlsZT0iYm9yZGVyLWJvdHRvbTojNjY2IHNvbGlkIDFweDsiPjxmb250IHNpemU9Ii0xIj7jg6Hjg7zjgqvjg7zluIzmnJvlsI/lo7LkvqHmoLzjgJDnqI7mipzjgJE8L2ZvbnQ+PC90aD48dGQgc3R5bGU9ImJvcmRlci1sZWZ0OiM2NjYgc29saWQgMXB4OyBib3JkZXItYm90dG9tOiM2NjYgc29saWQgMXB4OyI+PGZvbnQgc2l6ZT0iLTEiPjwhLS3lrprkvqEtLT4xNzUxMOWGhu+8iOeojuaKnO+8iTwhLS0v5a6a5L6hLS0+PC9mb250PjwvdGQ+PC90cj48dHI+PHRoIHN0eWxlPSJib3JkZXItYm90dG9tOiM2NjYgc29saWQgMXB4OyI+PGZvbnQgc2l6ZT0iLTEiPuOCquODrOODs+OCuOODluODg+OCrzwvZm9udD48L3RoPjx0ZCBzdHlsZT0iYm9yZGVyLWxlZnQ6IzY2NiBzb2xpZCAxcHg7IGJvcmRlci1ib3R0b206IzY2NiBzb2xpZCAxcHg7Ij48Zm9udCBzaXplPSItMSI+PCEtLeOCquODrOODs+OCuOW5tOW6pjEr44Kq44Os44Oz44K45bm05bqmMeODmuODvOOCuDEtLT4yMDE35bm044CANSAyMDAy44Oa44O844K4PCEtLS/jgqrjg6zjg7PjgrjlubTluqYxK+OCquODrOODs+OCuOW5tOW6pjHjg5rjg7zjgrgxLS0+PC9mb250PjwvdGQ+PC90cj48dHI+PHRoIHN0eWxlPSJib3JkZXItYm90dG9tOiM2NjYgc29saWQgMXB4OyI+PGZvbnQgc2l6ZT0iLTEiPueZuuazqOOCs+ODvOODiTwvZm9udD48L3RoPjx0ZCBzdHlsZT0iYm9yZGVyLWxlZnQ6IzY2NiBzb2xpZCAxcHg7IGJvcmRlci1ib3R0b206IzY2NiBzb2xpZCAxcHg7Ij48Zm9udCBzaXplPSItMSI+PCEtLeeZuuazqOOCs+ODvOODiSvvvIjnmbrms6jjgrPjg7zjg4nvvIktLT40MTktODY2MuOAgCg0MTk4NjYyKTwhLS0v55m65rOo44Kz44O844OJK++8iOeZuuazqOOCs+ODvOODie+8iS0tPjwvZm9udD48L3RkPjwvdHI+PHRyPjx0aCBzdHlsZT0iYm9yZGVyLWJvdHRvbTojNjY2IHNvbGlkIDFweDsiPjxmb250IHNpemU9Ii0xIj7vvKrvvKHvvK7jgrPjg7zjg4k8L2ZvbnQ+PC90aD48dGQgc3R5bGU9ImJvcmRlci1sZWZ0OiM2NjYgc29saWQgMXB4OyBib3JkZXItYm90dG9tOiM2NjYgc29saWQgMXB4OyI+PGZvbnQgc2l6ZT0iLTEiPjwhLS3vvKrvvKHvvK7jgrPjg7zjg4ktLT40OTg5OTk5MjAzMjY0PCEtLS/vvKrvvKHvvK7jgrPjg7zjg4ktLT48L2ZvbnQ+PC90ZD48L3RyPjx0cj48dGggc3R5bGU9ImJvcmRlci1ib3R0b206IzY2NiBzb2xpZCAxcHg7Ij48Zm9udCBzaXplPSItMSI+54m56ZW3PC9mb250PjwvdGg+PHRkIHN0eWxlPSJib3JkZXItbGVmdDojNjY2IHNvbGlkIDFweDsgYm9yZGVyLWJvdHRvbTojNjY2IHNvbGlkIDFweDsiPjxmb250IHNpemU9Ii0xIj48IS0t54m56ZW3LS0+4peP5rGa44KM44Gf44OV44Kj44Or44Og44KS44Gv44GM44GZ44Gg44GR44Gn44GE44Gk44Gn44KC5riF5r2U44Gq55Kw5aKD44Gr44GZ44KL44GT44Go44GM44Gn44GN44G+44GZ44CCPGJyPuKXj+mAo+eVquOCv+OCsOS7mOOBp+ODnuODg+ODiOOBruaui+aVsOOBrueiuuiqjeOBjOWuueaYk+OBp+OBmeOAgjwhLS0v54m56ZW3LS0+PC9mb250PjwvdGQ+PC90cj48dHI+PHRoIHN0eWxlPSJib3JkZXItYm90dG9tOiM2NjYgc29saWQgMXB4OyI+PGZvbnQgc2l6ZT0iLTEiPueUqOmAlDwvZm9udD48L3RoPjx0ZCBzdHlsZT0iYm9yZGVyLWxlZnQ6IzY2NiBzb2xpZCAxcHg7IGJvcmRlci1ib3R0b206IzY2NiBzb2xpZCAxcHg7Ij48Zm9udCBzaXplPSItMSI+PCEtLeeUqOmAlC0tPjwhLS0v55So6YCULS0+PC9mb250PjwvdGQ+PC90cj48dHI+PHRoIHN0eWxlPSJib3JkZXItYm90dG9tOiM2NjYgc29saWQgMXB4OyI+PGZvbnQgc2l6ZT0iLTEiPuS7leanmDwvZm9udD48L3RoPjx0ZCBzdHlsZT0iYm9yZGVyLWxlZnQ6IzY2NiBzb2xpZCAxcHg7IGJvcmRlci1ib3R0b206IzY2NiBzb2xpZCAxcHg7Ij48Zm9udCBzaXplPSItMSI+PCEtLeS7leanmCvku5Xmp5gyLS0+4peP6Imy77ya44OW44Or44O8PGJyPuKXj+W5hShtbSnvvJo2MDA8YnI+4peP6ZW344GVKG1tKe+8mjkwMDxicj7il4/ljprjgb8obW0p77yaMeOAgTY8YnI+4peP566x5YWl5pWw77yI44K344O844OI77yJ77yaMTA8YnI+4pePMeOCt+ODvOODiO+8muODleOCo+ODq+ODoDMw5p6aPGJyPuKXj+ODleOCo+ODq+ODoOWOmuOBv++8mjUwzrxtPCEtLS/ku5Xmp5gr5LuV5qeYMi0tPjwvZm9udD48L3RkPjwvdHI+PHRyPjx0aCBzdHlsZT0iYm9yZGVyLWJvdHRvbTojNjY2IHNvbGlkIDFweDsiPjxmb250IHNpemU9Ii0xIj7mnZDos6o8L2ZvbnQ+PC90aD48dGQgc3R5bGU9ImJvcmRlci1sZWZ0OiM2NjYgc29saWQgMXB4OyBib3JkZXItYm90dG9tOiM2NjYgc29saWQgMXB4OyI+PGZvbnQgc2l6ZT0iLTEiPjwhLS3mnZDos6rvvI/ku5XkuIotLT7il4/jg5XjgqPjg6vjg6DvvJrkvY7lr4bluqbjg53jg6rjgqjjg4Hjg6zjg7PvvIhMRFBF77yJPGJyPuKXj+eymOedgOWJpO+8muawtOaAp+OCouOCr+ODquODq+S5s+mFuDwhLS0v5p2Q6LOq77yP5LuV5LiKLS0+PC9mb250PjwvdGQ+PC90cj48dHI+PHRoIHN0eWxlPSJib3JkZXItYm90dG9tOiM2NjYgc29saWQgMXB4OyI+PGZvbnQgc2l6ZT0iLTEiPuOCu+ODg+ODiOWGheWuue+8j+S7mOWxnuWTgTwvZm9udD48L3RoPjx0ZCBzdHlsZT0iYm9yZGVyLWxlZnQ6IzY2NiBzb2xpZCAxcHg7IGJvcmRlci1ib3R0b206IzY2NiBzb2xpZCAxcHg7Ij48Zm9udCBzaXplPSItMSI+PCEtLeOCu+ODg+ODiOWGheWuuS0tPjwhLS0v44K744OD44OI5YaF5a65LS0+PC9mb250PjwvdGQ+PC90cj48dHI+PHRoIHN0eWxlPSJib3JkZXItYm90dG9tOiM2NjYgc29saWQgMXB4OyI+PGZvbnQgc2l6ZT0iLTEiPuazqOaEjzwvZm9udD48L3RoPjx0ZCBzdHlsZT0iYm9yZGVyLWxlZnQ6IzY2NiBzb2xpZCAxcHg7IGJvcmRlci1ib3R0b206IzY2NiBzb2xpZCAxcHg7Ij48Zm9udCBzaXplPSItMSI+PCEtLeazqOaEjy0tPjwhLS0v5rOo5oSPLS0+PC9mb250PjwvdGQ+PC90cj48dHI+PHRoIHN0eWxlPSJib3JkZXItYm90dG9tOiM2NjYgc29saWQgMXB4OyI+PGZvbnQgc2l6ZT0iLTEiPuWOn+eUo+WbvTwvZm9udD48L3RoPjx0ZCBzdHlsZT0iYm9yZGVyLWxlZnQ6IzY2NiBzb2xpZCAxcHg7IGJvcmRlci1ib3R0b206IzY2NiBzb2xpZCAxcHg7Ij48Zm9udCBzaXplPSItMSI+PCEtLeWOn+eUo+Wbve+8iOWQjeensO+8iS0tPuS4reWbvTwhLS0v5Y6f55Sj5Zu977yI5ZCN56ew77yJLS0+PC9mb250PjwvdGQ+PC90cj48dHI+PHRoIHN0eWxlPSJib3JkZXItYm90dG9tOiM2NjYgc29saWQgMXB4OyI+PGZvbnQgc2l6ZT0iLTEiPuizqumHjzwvZm9udD48L3RoPjx0ZCBzdHlsZT0iYm9yZGVyLWxlZnQ6IzY2NiBzb2xpZCAxcHg7IGJvcmRlci1ib3R0b206IzY2NiBzb2xpZCAxcHg7Ij48Zm9udCBzaXplPSItMSI+PCEtLeizqumHjyvos6rph4/ljZjkvY0tLT44LjlLRzwhLS3os6rph48r6LOq6YeP5Y2Y5L2NLS0+PC9mb250PjwvdGQ+PC90cj48dHI+PHRoIHN0eWxlPSJib3JkZXItYm90dG9tOiM2NjYgc29saWQgMXB4OyI+PGZvbnQgc2l6ZT0iLTEiPue0jeacn+ebruWuiTwvZm9udD48L3RoPjx0ZCBzdHlsZT0iYm9yZGVyLWxlZnQ6IzY2NiBzb2xpZCAxcHg7IGJvcmRlci1ib3R0b206IzY2NiBzb2xpZCAxcHg7Ij48Zm9udCBzaXplPSItMSI+PCEtLee0jeacn+ebruWuiS0tPuOBiuWPluWvhOWTge+8iOmAmuW4uOWWtualreaXpTLvvZ4z5pel77yJPCEtLS/ntI3mnJ/nm67lroktLT48L2ZvbnQ+PC90ZD48L3RyPjwvdGFibGU+PHAgc3R5bGU9Im1hcmdpbjoxMHB4IDA7Ij48L3A+PHA+PGltZyBzcmM9Imh0dHBzOi8vaW1hZ2UucmFrdXRlbi5jby5qcC9hc2FoaXByb2N1cmVhY2UvY2FiaW5ldC9kZXRhaWxzMDEuanBnIiBhbHQ9IuOBiuiyt+OBhOS4iuOBkuaYjue0sOOBq+OBpOOBhOOBpiI+PC9wPjwhLS3jgYrnn6XjgonjgZstLT4KPCEtLTxwIHN0eWxlPSJtYXJnaW4tYm90dG9tOjEwcHg7Ij48aW1nIHNyYz0iaHR0cDovL3d3dy5yYWt1dGVuLm5lLmpwL2dvbGQvYXNhaGlwcm9jdXJlYWNlL2ltZy9pbmZvXzIwMTYwNDE4LmpwZyIgYWx0PSLnhormnKznnIzjgpLkuK3lv4PjgajjgZnjgovlnLDpnIfjga7lvbHpn7/jgavjgaTjgYTjgaYiPjwvcD4tLT4KCiAgPCEtLSDjgrnjg7zjg5Hjg7zjgrvjg7zjg6sgLS0+IAo8IS0tPHA+PGltZyBzcmM9Imh0dHA6Ly93d3cucmFrdXRlbi5uZS5qcC9nb2xkL2FzYWhpcHJvY3VyZWFjZS9pbWcvYmFubmVyLzIwMTYwOTAzLmpwZyIgYWx0PSIiIHdpZHRoPSI3NDAiIGJvcmRlcj0iMCI+PC9wPi0tPgoKCjwhLS0gc2FsZSAtLT4KPCEtLSA8ZGl2IHN0eWxlPSJ3aWR0aDo3NDBweDsiPiAKPGJyPiAtLT4KCgoKICAgICAgICAgICAgPCEtLTxwIHN0eWxlPSJtYXJnaW4tYm90dG9tOjEwcHg7Ij48aW1nIHNyYz0iaHR0cDovL3d3dy5yYWt1dGVuLm5lLmpwL2dvbGQvYXNhaGlwcm9jdXJlYWNlL2ltZy8yMDE0MTJfaG9saWRheS5qcGciIGFsdD0iIiBib3JkZXI9IjAiPjwvcD4tLT4KCgo8IS0tIOmAmuW4uOeUqCAtLT4KPC9kaXY+,77y077yy77y177yz77yj77yv44CA57KY552A44Kv44Oq44O844Oz44Oe44OD44OI44CA77yW77yQ77yQ77y477yZ77yQ77yQ77yt77yt44CA44OW44Or44O844CA77yR77yQ44K344O844OI5YWlIENNNjA5MC0xMEIgMTDmnprilrw0MTktODY2MiDjg4jjg6njgrnjgrPkuK3lsbHvvIjmoKrvvIkgIOOAkOS7o+W8leaxuua4iOS4jeWPr+OAke+8muODl+ODreOCreODpeOCouOCqOODvOOCuQ==,44OA44Kk44Kt44Oz44CA44K744Op44Og44OS44O844OI44OA44Kk44Kt44Oz44CA56m65rCX5riF5rWE5qmf44K344Oj44O844OX44CA56m65rCX5riF5rWE5qmfUE0yLjXvvLTvvLLvvLXvvLPvvKPvvK/jgIDnspjnnYDjgq/jg6rjg7zjg7Pjg57jg4Pjg4jjgIDvvJbvvJDvvJDvvLjvvJnvvJDvvJDvvK3vvK3jgIDjg5bjg6vjg7zjgIDvvJHvvJDjgrfjg7zjg4jlhaUgQ002MDkwLTEwQiAxMOaemuKWvDQxOS04NjYyIOODiOODqeOCueOCs+S4reWxse+8iOagqu+8iSAg44CQ5Luj5byV5rG65riI5LiN5Y+v44CR,5Lya56S+6Kit56uLNTDlubTjga7lronlv4PmhJ/vvIHov4XpgJ/jgarlr77lv5zjgafllYblk4HjgpLjgYrlsYrjgZHoh7TjgZfjgb7jgZnvvIHjgILvvLTvvLLvvLXvvLPvvKPvvK/jgIDnspjnnYDjgq/jg6rjg7zjg7Pjg57jg4Pjg4jjgIDvvJbvvJDvvJDvvLjvvJnvvJDvvJDvvK3vvK3jgIDjg5bjg6vjg7zjgIDvvJHvvJDjgrfjg7zjg4jlhaUgQ002MDkwLTEwQiAxMOaemuKWvDQxOS04NjYyIOODiOODqeOCueOCs+S4reWxse+8iOagqu+8iSAg44CQ5Luj5byV5rG65riI5LiN5Y+v44CR[rn]
31-2650,aHR0cDovL3RzaG9wLnIxMHMuanAvcmNtZGluL2NhYmluZXQvYXowMy9hei1kc3MtNzAyLmpwZz9maXRpbj03MDA6NzAw,MTgyMDguODAwMA==,,6Iqx44O744Ks44O844OH44Oz44O7RElZID4g5L2P5a6F5bu65p2Q44O76Kit5YKZID4g5bqK5p2QID4g44Gd44Gu5LuW,44Ko44KzIOOCr+ODqeODhuODhCDjg5Xjg63jgqLjg7wo5Luj5byV44GN5LiN5Y+vKeOAkOmAgeaWmeeEoeaWmeOAkQ==,44CA,PGNlbnRlcj48aW1nIHNyYz0iaHR0cDovL2ltYWdlLnJha3V0ZW4uY28uanAvcmNtZC9jYWJpbmV0L2F6MDMvYXotZHNzLTcwMi0wMDAuanBnIj48YnI+PGJyPjxpbWcgc3JjPSJodHRwOi8vaW1hZ2UucmFrdXRlbi5jby5qcC9yY21kL2NhYmluZXQvYXowMy9hei1kc3MtNzAyLTAwMS5qcGciPjxicj48YnI+PHRhYmxlIHdpZHRoPSI2MDAiIGJvcmRlcj0iMCIgY2VsbHBhZGRpbmc9IjEiIGNlbGxzcGFjaW5nPSIxIiBiZ2NvbG9yPSJhYjAxMDEiIHN0eWxlPSJmb250LXNpemU6IDEycHg7Ij48dGJvZHk+PHRyIGFsaWduPSJjZW50ZXIiPjx0ZCBjb2xzcGFuPSIzIiBzdHlsZT0icGFkZGluZzogNXB4OyBjb2xvcjogcmdiKDI1NSwgMjU1LCAyNTUpOyI+PGI+44Kz44K544Oh44OG44Kj44OD44Kv44Oc44OD44Kv44K5L0NPU01FVElDIEJPWDwvYj48L3RkPjwvdHI+PHRyIGFsaWduPSJjZW50ZXIiPjx0ZCB3aWR0aD0iMzMuNCUiIGJnY29sb3I9IndoaXRlIiBzdHlsZT0icGFkZGluZzo1cHg7Ij48YSBocmVmPSJodHRwOi8vaXRlbS5yYWt1dGVuLmNvLmpwL3JjbWRpbi9hei1kc3MtNzAxLyI+RFNTLTcwMTwvYT48L3RkPjx0ZCB3aWR0aD0iMzMuNCUiIGJnY29sb3I9IndoaXRlIiBzdHlsZT0icGFkZGluZzo1cHg7Ij48YSBocmVmPSJodHRwOi8vaXRlbS5yYWt1dGVuLmNvLmpwL3JjbWRpbi9hei1kc3MtNzAyLyI+RFNTLTcwMjwvYT48L3RkPjx0ZCB3aWR0aD0iMzMuNCUiIGJnY29sb3I9IndoaXRlIiBzdHlsZT0icGFkZGluZzo1cHg7Ij48YSBocmVmPSJodHRwOi8vaXRlbS5yYWt1dGVuLmNvLmpwL3JjbWRpbi9hei1kc3MtNzAzLyI+RFNTLTcwMzwvYT48L3RkPjwvdHI+PC90Ym9keT48L3RhYmxlPjwvY2VudGVyPuKWoOOCteOCpOOCuu+8iGNt77yJ77yaMeOCseODvOOCuTEy5p6a5YWl44KKLzI1w5cxMDXvvIgx5p6a44GC44Gf44KK77yJPGJyPjxicj48Rk9OVCBjb2xvcj0jZmY5OTAwPuOAkOmFjemAgeOBq+OBpOOBhOOBpuOAkTwvRk9OVD48YnI+44GT44Gh44KJ44Gu5ZWG5ZOB44Gv44CBPEZPTlQgY29sb3I9I2ZmMDAwMD7ku6PlvJXjgY3jgafjga7lh7rojbfjga/lj5fjgZHku5jjgZHjgabjgYrjgorjgb7jgZvjgpPjgII8L0ZPTlQ+PGJyPjxicj48Rk9OVCBjb2xvcj0jZmY5OTAwPuOAkOmAgeaWmeOBq+OBpOOBhOOBpuOAkTwvRk9OVD48YnI+PEZPTlQgY29sb3I9IiNmZjAwMDAiPuWMl+a1t+mBk+OAgeaylue4hOOAgembouWztuOBr+WIpemAlOmAgeaWmeOBjOOBi+OBi+OCiuOBvuOBmeOAgjwvRk9OVD48IS0tZXZpZGVuY2UtLT48YnI+PGJyPuODoeODvOOCq+ODvOW4jOacm+Wwj+WjsuS+oeagvOOBr+ODoeODvOOCq+ODvOOCq+OCv+ODreOCsOOBq+WfuuOBpeOBhOOBpuaOsui8ieOBl+OBpuOBhOOBvuOBmTxicj48Y2VudGVyPjxicj48IS0tY2F0ZWdvcnktLT48aW1nIHNyYz0iaHR0cDovL2ltYWdlLnJha3V0ZW4uY28uanAvcmNtZGluL2NhYmluZXQvY2F0L2t5b3UtY2F0ZS5naWYiPjx0YWJsZSB3aWR0aD0iNjcyIiBib3JkZXI9IjAiIGNlbGxzcGFjaW5nPSIwIiBjZWxscGFkZGluZz0iMCI+PHRyPjx0ZD48aW1nIHNyYz0iaHR0cDovL2ltYWdlLnJha3V0ZW4uY28uanAvcmNtZGluL2NhYmluZXQvY2F0L2t5b3UtY2F0ZTExLmpwZyIgYm9yZGVyPSIwIj48L3RkPjx0ZCB3aWR0aD0iMjMyIj48aW1nIHNyYz0iaHR0cDovL2ltYWdlLnJha3V0ZW4uY28uanAvcmNtZGluL2NhYmluZXQvY2F0L2t5b3UtY2F0ZTEyLmpwZyIgYm9yZGVyPSIwIj48L3RkPjx0ZCB3aWR0aD0iMjA3Ij48aW1nIHNyYz0iaHR0cDovL2ltYWdlLnJha3V0ZW4uY28uanAvcmNtZGluL2NhYmluZXQvY2F0L2t5b3UtY2F0ZTE3LmpwZyIgYm9yZGVyPSIwIj48L3RkPjwvdHI+PC90YWJsZT48YnI+PHRhYmxlIHdpZHRoPSI2NzIiIGJvcmRlcj0iMCIgY2VsbHNwYWNpbmc9IjAiIGNlbGxwYWRkaW5nPSIwIj48dHI+PHRkPjxpbWcgc3JjPSJodHRwOi8vaW1hZ2UucmFrdXRlbi5jby5qcC9yY21kaW4vY2FiaW5ldC9jYXQva3lvdS1jYXRlMTguanBnIiBib3JkZXI9IjAiPjwvdGQ+PHRkIHdpZHRoPSIyMzIiPjxpbWcgc3JjPSJodHRwOi8vaW1hZ2UucmFrdXRlbi5jby5qcC9yY21kaW4vY2FiaW5ldC9jYXQva3lvdS1jYXRlMTYuanBnIiBib3JkZXI9IjAiPjwvdGQ+PHRkIHdpZHRoPSIyMDciPjxpbWcgc3JjPSJodHRwOi8vaW1hZ2UucmFrdXRlbi5jby5qcC9yY21kaW4vY2FiaW5ldC9jYXQva3lvdS1jYXRlMS5qcGciIGJvcmRlcj0iMCI+PC90ZD48L3RyPjwvdGFibGU+PGJyPjx0YWJsZSB3aWR0aD0iNjcyIiBib3JkZXI9IjAiIGNlbGxzcGFjaW5nPSIwIiBjZWxscGFkZGluZz0iMCI+PHRyPjx0ZD48aW1nIHNyYz0iaHR0cDovL2ltYWdlLnJha3V0ZW4uY28uanAvcmNtZGluL2NhYmluZXQvY2F0L2t5b3UtY2F0ZTIuanBnIiBib3JkZXI9IjAiPjwvdGQ+PHRkIHdpZHRoPSIyMzIiPjxpbWcgc3JjPSJodHRwOi8vaW1hZ2UucmFrdXRlbi5jby5qcC9yY21kaW4vY2FiaW5ldC9jYXQva3lvdS1jYXRlNC5qcGciIGJvcmRlcj0iMCI+PC90ZD48dGQgd2lkdGg9IjIwNyI+PGltZyBzcmM9Imh0dHA6Ly9pbWFnZS5yYWt1dGVuLmNvLmpwL3JjbWRpbi9jYWJpbmV0L2NhdC9reW91LWNhdGU1LmpwZyIgYm9yZGVyPSIwIj48L3RkPjwvdHI+PC90YWJsZT48YnI+PHRhYmxlIHdpZHRoPSI2NzIiIGJvcmRlcj0iMCIgY2VsbHNwYWNpbmc9IjAiIGNlbGxwYWRkaW5nPSIwIj48dHI+PHRkPjxpbWcgc3JjPSJodHRwOi8vaW1hZ2UucmFrdXRlbi5jby5qcC9yY21kaW4vY2FiaW5ldC9jYXQva3lvdS1jYXRlMTAuanBnIiBib3JkZXI9IjAiPjwvdGQ+PHRkIHdpZHRoPSIyMzIiPjxpbWcgc3JjPSJodHRwOi8vaW1hZ2UucmFrdXRlbi5jby5qcC9yY21kaW4vY2FiaW5ldC9jYXQva3lvdS1jYXRlNy5qcGciIGJvcmRlcj0iMCI+PC90ZD48dGQgd2lkdGg9IjIwNyI+PGltZyBzcmM9Imh0dHA6Ly9pbWFnZS5yYWt1dGVuLmNvLmpwL3JjbWRpbi9jYWJpbmV0L2NhdC9reW91LWNhdGU4LmpwZyIgYm9yZGVyPSIwIj48L3RkPjwvdHI+PC90YWJsZT48YnI+PHRhYmxlIHdpZHRoPSI2NzIiIGJvcmRlcj0iMCIgY2VsbHNwYWNpbmc9IjAiIGNlbGxwYWRkaW5nPSIwIj48dHI+PHRkPjxpbWcgc3JjPSJodHRwOi8vaW1hZ2UucmFrdXRlbi5jby5qcC9yY21kaW4vY2FiaW5ldC9jYXQva3lvdS1jYXRlOS5qcGciIGJvcmRlcj0iMCI+PC90ZD48dGQgd2lkdGg9IjIzMiI+PGltZyBzcmM9Imh0dHA6Ly9pbWFnZS5yYWt1dGVuLmNvLmpwL3JjbWRpbi9jYWJpbmV0L2NhdC9reW91LWNhdGUxOS5qcGciIGJvcmRlcj0iMCI+PC90ZD48dGQgd2lkdGg9IjIwNyI+PGltZyBzcmM9Imh0dHA6Ly9pbWFnZS5yYWt1dGVuLmNvLmpwL3JjbWRpbi9jYWJpbmV0L2NhdC9reW91LWNhdGUxMy5qcGciIGJvcmRlcj0iMCI+IDwvdGQ+PC90cj48L3RhYmxlPjxicj48YnI+PGJyPjwhLS1waWNrdXAtLT48IS0tPGltZyBzcmM9Imh0dHA6Ly9pbWFnZS5yYWt1dGVuLmNvLmpwL3JjbWRpbi9jYWJpbmV0L2NhdC9reW91LXBpY2suZ2lmIj48YnI+PGltZyBzcmM9Imh0dHA6Ly9pbWFnZS5yYWt1dGVuLmNvLmpwL3JjbWRpbi9jYWJpbmV0L3BhcnRzL2V4Zy11bW91LXRvcC1iLmpwZyIgYm9yZGVyPSIwIj48YnI+PGJyPi0tPjxpbWcgc3JjPSJodHRwOi8vaW1hZ2UucmFrdXRlbi5jby5qcC9yY21kaW4vY2FiaW5ldC9wYXJ0cy9oaC1ocDQtcy10b3AtYi5qcGciIGJvcmRlcj0iMCI+PGJyPjxicj48aW1nIHNyYz0iaHR0cDovL2ltYWdlLnJha3V0ZW4uY28uanAvcmNtZGluL2NhYmluZXQvcGFydHMvbWFpdC10b3AtYi5qcGciIGJvcmRlcj0iMCI+PGJyPjxicj4KPGltZyBzcmM9Imh0dHA6Ly9pbWFnZS5yYWt1dGVuLmNvLmpwL3JjbWRpbi9jYWJpbmV0L3BhcnRzL2Rlc2lnbmVyX3RvcC1iLmpwZyIgd2lkdGg9IjY2MCIgaGVpZ2h0PSIyNDAiIGJvcmRlcj0iMCI+PGJyPjxicj48aW1nIHNyYz0iaHR0cDovL2ltYWdlLnJha3V0ZW4uY28uanAvcmNtZGluL2NhYmluZXQvcGFydHMvYXMtc2hiLTEyd190b3AtYi5qcGciIGJvcmRlcj0iMCI+PGJyPjxicj48aW1nIHNyYz0iaHR0cDovL2ltYWdlLnJha3V0ZW4uY28uanAvcmNtZGluL2NhYmluZXQvcGFydHMvZGYtcGxvZnQtc190b3AtYi5qcGciIGJvcmRlcj0iMCI+PCEtLTxicj48YnI+PGltZyBzcmM9Imh0dHA6Ly9pbWFnZS5yYWt1dGVuLmNvLmpwL3JjbWRpbi9jYWJpbmV0L3BhcnRzL21zLXBrai01NWhiLXNfdG9wLWIuanBnIiBib3JkZXI9IjAiPi0tPjxicj48YnI+PGltZyBzcmM9Imh0dHA6Ly9pbWFnZS5yYWt1dGVuLmNvLmpwL3JjbWRpbi9jYWJpbmV0L3BhcnRzL3NrLW9yaWdpbmFsLW5wX3RvcC1jLmpwZyIgYm9yZGVyPSIwIj48YnI+PGJyPjxpbWcgc3JjPSJodHRwOi8vaW1hZ2UucmFrdXRlbi5jby5qcC9yY21kaW4vY2FiaW5ldC9wYXJ0cy90b3BfdHJpcHAuanBnIiBib3JkZXI9IjAiPjxicj48YnI+PGltZyBzcmM9Imh0dHA6Ly9pbWFnZS5yYWt1dGVuLmNvLmpwL3JjbWRpbi9jYWJpbmV0L3BhcnRzL3RvcF9sZS5qcGciIGJvcmRlcj0iMCI+PC9jZW50ZXI+,44Ko44KzIOOCr+ODqeODhuODhCDjg5Xjg63jgqLjg7wo5Luj5byV44GN5LiN5Y+vKeOAkOmAgeaWmeeEoeaWmeOAke+8muODquOCs+ODoeODs+WgguOCpOODs+ODhuODquOCoumkqA==,44Ko44KzIOOCr+ODqeODhuODhCDjg5Xjg63jgqLjg7wo5Luj5byV44GN5LiN5Y+vKeOAkOmAgeaWmeeEoeaWmeOAkQ==,44CA44CC44Ko44KzIOOCr+ODqeODhuODhCDjg5Xjg63jgqLjg7wo5Luj5byV44GN5LiN5Y+vKeOAkOmAgeaWmeeEoeaWmeOAkQ==[rn]
31-2651,aHR0cDovL3RzaG9wLnIxMHMuanAvamlzbS9jYWJpbmV0LzA2MTkvNDkwMTQ4MDA0OTI3NC5qcGc/Zml0aW49NzAwOjcwMA==,MTgyNC4wMDAw,,5pel55So5ZOB6ZuR6LKo44O75paH5oi/5YW344O75omL6Iq4ID4g5paH5oi/5YW344O75LqL5YuZ55So5ZOBID4g44Op44OZ44Or44O744K544OG44OD44Kr44O8ID4g44Op44OZ44Or55So57SZ,44K/44KkLTIxMTFOLVfjgJDnqI7ovrzjgJEg44Kz44Kv44OoIOODr+ODvOODl+ODreeUqCDntJnjg6njg5njg6vvvIjlhbHnlKjjgr/jgqTjg5fvvIlBNCDjg47jg7zjgqvjg4Pjg4ggNTDmnpogS09LVVlPIFPvvIZUIFvjgr/jgqQyMTExTldd44CQ6L+U5ZOB56iu5YilQeOAkeOAkFJDUOOAkQ==,5qW95aSpU2hvcCBvZiB0aGUgWWVhciAyMDE2IOe3j+WQiOOCsOODqeODs+ODl+ODquWPl+iznuKYhQ==,5Zyo5bqr54q25rOB77ya5YWl6I235qyh56ys5Ye66I23PGJyPjxicj48YnI+PGZvbnQgY29sb3I9Ymx1ZT7ilqHjgIzov5Tlk4HnqK7liKXjgI3jgavjgaTjgYTjgaboqbPjgZfjgY/jga/jgZPjgaHjgonilqE8L2ZvbnQ+PGJyPjxicj48cD48YnI+PHA+PGZvbnQgY29sb3I9cmVkPuKAu+WvvuW/nOapn+eoruOCkuOBlOeiuuiqjeOBruS4iuOAgeOBlOizvOWFpeOBj+OBoOOBleOBhOOAgjxicj7igLvnlKjntJnljprjgZUxMTZnL20y5Lul5LiK44Gr5a++5b+c44GZ44KL5qmf56iu44Gn44GK5L2/44GE44GP44Gg44GV44GE44CCPC9mb250Pjxicj48YnI+4peG6KOP6Z2i44GuNW1t5pa555y844KS5Yip55So44GX44Gm44CB5b+F6KaB44Gq5a+45rOV44Gr44Kr44OD44OI44GX44Gm44GU5L2/55So44GE44Gf44Gg44GR44G+44GZ44CCPGJyPuKXhuWFseeUqOOCv+OCpOODl+OBrue0meODqeODmeODqzxicj7jg7vnhrHou6Llhpnjg5fjg6rjg7Pjgr/vvIjjg6rjg5zjg7Plv4XopoHvvIk8YnI+44O75L2O6YCf44Os44O844K244O844OX44Oq44Oz44K/77yIMjDmnpov5YiG56iL5bqm77yJPGJyPuODu+OCpOODs+OCr+OCuOOCp+ODg+ODiOODl+ODquODs+OCv++8iOODouODjuOCr+ODre+8iTxicj7jg7vmma7pgJrntJnjgrPjg5Tjg7zmqZ88YnI+PGJyPuKAu+ODr+ODvOODl+ODreOBp+OBlOS9v+eUqOaZguOBq+OBr+WNsOWtl+eUqOODquODnOODs+OBjOODmeODg+ODiOW/heimgeOBp+OBmeOAgjxicj7igLvnlKjntJnnqK7poZ7jgYzpgbjmip7jgafjgY3jgovmqZ/nqK7jgafjgIzjg6njg5njg6vntJnjgI3jgb7jgZ/jga/jgIzljprntJnjgI3jgavoqK3lrprjgZfjgIHljbDliLfjgZfjgabjgY/jgaDjgZXjgYTjgII8YnI+PGJyPuKWoOOAgOS7leanmOOAgOKWoDxVTD48TEk+44K144Kk44K677yaQTQoMeeJh+OBruWkp+OBjeOBle+8mjI5N8OXMjEwKTwvTEk+PExJPuWFpeaVsO+8mjUw5p6aPC9MST48TEk+57SZ5Y6a77yaMTE2Zy9tMuODuzAuMTNtbTwvTEk+PExJPueZveiJsuW6pu+8mjg177yF56iL5bqm77yISVNP77yJPC9MST48bGk+6Z2i5pWw77ya44OO44O844Kr44OD44OIPC9saT48L1VMPjxicj48YnI+PGJyPijigLvjgZPjga7oqqzmmI7mlofjga/mpb3lpKnluILloLTlupfjga7oqJjovInlhoXlrrnjgafjgZnjgIJVUkzjga9odHRwOi8vaXRlbS5yYWt1dGVuLmNvLmpwL2ppc20v44Gn5aeL44G+44KK44G+44GZ44CCVVJM44GM55Ww44Gq44KL6Zqb44Gv44K144Kk44OI44KS5Yip55So44GZ44KL44GT44Go44Gu44Gq44GE44KI44GG5Y2B5YiG44GU5rOo5oSP44GP44Gg44GV44GE44CCKTx0YWJsZSB3aWR0aD0iNjAwIiBib3JkZXI9MCBjZWxscGFkZGluZz01IGNlbGxzcGFjaW5nPTAgYmdjb2xvcj0iI0YwRURFNCI+PHRyPjx0ZCBhbGlnbj0iY2VudGVyIiBiZ2NvbG9yPSIjQkJBMDRFIj4KPHRhYmxlIHdpZHRoPSI1OTAiIGJvcmRlcj0wIGNlbGxwYWRkaW5nPTIgY2VsbHNwYWNpbmc9MSBiZ2NvbG9yPSIjRjBFREU0IiBzdW1tYXJ5PSIiIHN0eWxlPSJmb250LXNpemU6MTJweDsiPjx0cj48dGQ+44GK44GZ44GZ44KB44Kr44OG44K044Oq44O844CA77ya44CA44Ko44Ki44Kz44Oz44CA44O744CA5Yqg5rm/5Zmo44CA44O744CA5Ya36JS15bqr44CA44O744CA44Ob44OD44OI44Kr44O844Oa44OD44OI44CA44O744CA5biD5Zuj5Lm+54el5qmfPC90ZD48L3RyPjx0cj48dGQgYWxpZ249ImNlbnRlciI+44K044Or44OV44Oc44O844Or44CA44O744CA5o6D6Zmk5qmf44O744Kv44Oq44O844OK44O844CA44O744CA77y077y244Ky44O844Og44CA44O744CA6Zu75rGg44CA44O744CA5YWF6Zu75rGg44O75YWF6Zu75Zmo44CA44O744CA44Op44OD44OU44Oz44Kw6KKLCjwvdGQ+PC90cj48L3RhYmxlPgo8L3RkPjwvdHI+PC90YWJsZT48YnI+,44K/44KkLTIxMTFOLVfjgJDnqI7ovrzjgJEg44Kz44Kv44OoIOODr+ODvOODl+ODreeUqCDntJnjg6njg5njg6vvvIjlhbHnlKjjgr/jgqTjg5fvvIlBNCDjg47jg7zjgqvjg4Pjg4ggNTDmnpogS09LVVlPIFPvvIZUIFvjgr/jgqQyMTExTldd44CQ6L+U5ZOB56iu5YilQeOAkeOAkFJDUOOAke+8mkpvc2hpbiB3ZWIg5a626Zu744GoUEPjga7lpKflnovlsILploDlupc=,5a626Zu744OR44K944Kz44OzQVbmqZ/lmajpq5jntJrjgqrjg7zjg4fjgqPjgqrjg5vjg5Pjg7zjgYrjgoLjgaHjgoPjgrLjg7zjg6DpiYTpgZPmqKHlnovmmYLoqIhQQ+ODhuODrOODk+ODrOOCs+ODvOODgOODvOmbkeiyqOaooeWei+WGt+iUteW6q+a0l+a/r+apn+OCqOOCouOCs+ODs2dhbWVob2JieWNvbXB1dGVy44K/44KkLTIxMTFOLVfjgJDnqI7ovrzjgJEg44Kz44Kv44OoIOODr+ODvOODl+ODreeUqCDntJnjg6njg5njg6vvvIjlhbHnlKjjgr/jgqTjg5fvvIlBNCDjg47jg7zjgqvjg4Pjg4ggNTDmnpogS09LVVlPIFPvvIZUIFvjgr/jgqQyMTExTldd44CQ6L+U5ZOB56iu5YilQeOAkeOAkFJDUOOAkQ==,5qW95aSpU2hvcCBvZiB0aGUgWWVhciAyMDE2IOe3j+WQiOOCsOODqeODs+ODl+ODquWPl+iznuKYheOAguOCv+OCpC0yMTExTi1X44CQ56iO6L6844CRIOOCs+OCr+ODqCDjg6/jg7zjg5fjg63nlKgg57SZ44Op44OZ44Or77yI5YWx55So44K/44Kk44OX77yJQTQg44OO44O844Kr44OD44OIIDUw5p6aIEtPS1VZTyBT77yGVCBb44K/44KkMjExMU5XXeOAkOi/lOWTgeeoruWIpUHjgJHjgJBSQ1DjgJE=[rn]
31-2652,aHR0cDovL3RzaG9wLnIxMHMuanAvamlzbS9jYWJpbmV0LzAzNzkvNDkwMTQ4MDMwMzg0MC5qcGc/Zml0aW49NzAwOjcwMA==,MTQzMi4wMDAw,,5pel55So5ZOB6ZuR6LKo44O75paH5oi/5YW344O75omL6Iq4ID4g5paH5oi/5YW344O75LqL5YuZ55So5ZOBID4g44Op44OZ44Or44O744K544OG44OD44Kr44O8ID4g44Op44OZ44Or55So57SZ,TEJQLVdTNjgwMOOAkOeojui+vOOAkSDjgrPjgq/jg6gg44Os44O844K244O844OX44Oq44Oz44K/55So6LaF6ICQ5rC057SZ44Op44OZ44OrIEEz5YikIOODjuODvOOCq+ODg+ODiCA344K344O844OIICBbTEJQV1M2ODAwXeOAkOi/lOWTgeeoruWIpUHjgJHjgJBSQ1DjgJE=,5qW95aSpU2hvcCBvZiB0aGUgWWVhciAyMDE2IOe3j+WQiOOCsOODqeODs+ODl+ODquWPl+iznuKYhQ==,5Zyo5bqr54q25rOB77ya5YWl6I235qyh56ys5Ye66I23PGJyPjxicj48YnI+PGZvbnQgY29sb3I9Ymx1ZT7ilqHjgIzov5Tlk4HnqK7liKXjgI3jgavjgaTjgYTjgaboqbPjgZfjgY/jga/jgZPjgaHjgonilqE8L2ZvbnQ+PGJyPjxmb250IHNpemU9JzInIGNvbG9yPScjQ0MwMDAwJz48Yj4yMDE05bm0MDjmnIgg55m65aOyPC9iPjwvZm9udD48YnI+PHA+PGJyPjxwPjxmb250IGNvbG9yPXJlZD7igLvjgqTjg7Pjgq/jgrjjgqfjg4Pjg4jjg5fjg6rjg7Pjgr/jgafjga/kvb/nlKjjgafjgY3jgb7jgZvjgpPjgII8L2ZvbnQ+PGJyPjxicj7il4bogJDmsLTjg7vogJDkuYXmgKfjgavlhKrjgozjgZ/jg6njg5njg6vjgarjga7jgafjgIHmsLTjgavmv6HjgozjgabjgoLlpKfkuIjlpKvjgILlrqTlhoXjga7msLTjgb7jgo/jgorjga7ooajnpLrjg6njg5njg6vjgoTlgKTmnK3jga7jgbvjgYvjgIHlsYvlpJbmjrLnpLrjgarjganjgavmnIDpganjgafjgZnjgII8YnI+4peG5omL5pu444GN44Gn44KC44GK5L2/44GE44GE44Gf44Gg44GR44G+44GZ44CC77yI5rC05oCn44Kk44Oz44Kv44KS6Zmk44GP77yJPGJyPjxicj7ilqDjgIDku5Xmp5jjgIDilqA8dWw+PExJPuWvvuW/nOODl+ODquODs+OCv++8muOCq+ODqeODvOODrOODvOOCtuODvC/jg6Ljg47jgq/jg63jg6zjg7zjgrbjg7wv44Kr44Op44O844Kz44OU44O8L+ODouODjuOCr+ODreOCs+ODlOODvDwvTEk+PExJPueUqOe0meOCteOCpOOCuu+8mkEz44K144Kk44K677yIMjk3w5c0MjBtbe+8iTwvTEk+PExJPueUqOe0meeorumhnu+8muODnuODg+ODiDwvTEk+PExJPuWFpeOCiuaVsO+8mjfmnpo8L0xJPjxMST7ntJnljpov44Op44OZ44Or5pys5L2T77yaMC4xMm1t77yI57eP5Y6aMjIyZy9tMuODuzAuMjNtbe+8iTwvTEk+PExJPueZveiJsuW6pu+8mjgy77yF56iL5bqmPC9MST48L3VsPjxicj48YnI+PGJyPijigLvjgZPjga7oqqzmmI7mlofjga/mpb3lpKnluILloLTlupfjga7oqJjovInlhoXlrrnjgafjgZnjgIJVUkzjga9odHRwOi8vaXRlbS5yYWt1dGVuLmNvLmpwL2ppc20v44Gn5aeL44G+44KK44G+44GZ44CCVVJM44GM55Ww44Gq44KL6Zqb44Gv44K144Kk44OI44KS5Yip55So44GZ44KL44GT44Go44Gu44Gq44GE44KI44GG5Y2B5YiG44GU5rOo5oSP44GP44Gg44GV44GE44CCKTx0YWJsZSB3aWR0aD0iNjAwIiBib3JkZXI9MCBjZWxscGFkZGluZz01IGNlbGxzcGFjaW5nPTAgYmdjb2xvcj0iI0YwRURFNCI+PHRyPjx0ZCBhbGlnbj0iY2VudGVyIiBiZ2NvbG9yPSIjQkJBMDRFIj4KPHRhYmxlIHdpZHRoPSI1OTAiIGJvcmRlcj0wIGNlbGxwYWRkaW5nPTIgY2VsbHNwYWNpbmc9MSBiZ2NvbG9yPSIjRjBFREU0IiBzdW1tYXJ5PSIiIHN0eWxlPSJmb250LXNpemU6MTJweDsiPjx0cj48dGQ+44GK44GZ44GZ44KB44Kr44OG44K044Oq44O844CA77ya44CA44Ko44Ki44Kz44Oz44CA44O744CA5Yqg5rm/5Zmo44CA44O744CA5Ya36JS15bqr44CA44O744CA44Ob44OD44OI44Kr44O844Oa44OD44OI44CA44O744CA5biD5Zuj5Lm+54el5qmfPC90ZD48L3RyPjx0cj48dGQgYWxpZ249ImNlbnRlciI+44K044Or44OV44Oc44O844Or44CA44O744CA5o6D6Zmk5qmf44O744Kv44Oq44O844OK44O844CA44O744CA77y077y244Ky44O844Og44CA44O744CA6Zu75rGg44CA44O744CA5YWF6Zu75rGg44O75YWF6Zu75Zmo44CA44O744CA44Op44OD44OU44Oz44Kw6KKLCjwvdGQ+PC90cj48L3RhYmxlPgo8L3RkPjwvdHI+PC90YWJsZT48YnI+,TEJQLVdTNjgwMOOAkOeojui+vOOAkSDjgrPjgq/jg6gg44Os44O844K244O844OX44Oq44Oz44K/55So6LaF6ICQ5rC057SZ44Op44OZ44OrIEEz5YikIOODjuODvOOCq+ODg+ODiCA344K344O844OIICBbTEJQV1M2ODAwXeOAkOi/lOWTgeeoruWIpUHjgJHjgJBSQ1DjgJHvvJpKb3NoaW4gd2ViIOWutumbu+OBqFBD44Gu5aSn5Z6L5bCC6ZaA5bqX,5a626Zu744OR44K944Kz44OzQVbmqZ/lmajpq5jntJrjgqrjg7zjg4fjgqPjgqrjg5vjg5Pjg7zjgYrjgoLjgaHjgoPjgrLjg7zjg6DpiYTpgZPmqKHlnovmmYLoqIhQQ+ODhuODrOODk+ODrOOCs+ODvOODgOODvOmbkeiyqOaooeWei+WGt+iUteW6q+a0l+a/r+apn+OCqOOCouOCs+ODs2dhbWVob2JieWNvbXB1dGVyTEJQLVdTNjgwMOOAkOeojui+vOOAkSDjgrPjgq/jg6gg44Os44O844K244O844OX44Oq44Oz44K/55So6LaF6ICQ5rC057SZ44Op44OZ44OrIEEz5YikIOODjuODvOOCq+ODg+ODiCA344K344O844OIICBbTEJQV1M2ODAwXeOAkOi/lOWTgeeoruWIpUHjgJHjgJBSQ1DjgJE=,5qW95aSpU2hvcCBvZiB0aGUgWWVhciAyMDE2IOe3j+WQiOOCsOODqeODs+ODl+ODquWPl+iznuKYheOAgkxCUC1XUzY4MDDjgJDnqI7ovrzjgJEg44Kz44Kv44OoIOODrOODvOOCtuODvOODl+ODquODs+OCv+eUqOi2heiAkOawtOe0meODqeODmeODqyBBM+WIpCDjg47jg7zjgqvjg4Pjg4ggN+OCt+ODvOODiCAgW0xCUFdTNjgwMF3jgJDov5Tlk4HnqK7liKVB44CR44CQUkNQ44CR[rn]
31-2653,aHR0cDovL3RzaG9wLnIxMHMuanAvamlzbS9jYWJpbmV0LzAzNzgvNDkwNjE4NjI4NDk0My5qcGc/Zml0aW49NzAwOjcwMA==,NTUyLjAwMDA=,,5pel55So5ZOB6ZuR6LKo44O75paH5oi/5YW344O75omL6Iq4ID4g5paH5oi/5YW344O75LqL5YuZ55So5ZOBID4g44Op44OZ44Or44O744K544OG44OD44Kr44O8ID4g44Op44OZ44Or55So57SZ,Mjg0OTTjgJDnqI7ovrzjgJEg44Ko44O844Ov44OzIOODnuODq+ODgeODl+ODquODs+OCv+ODqeODmeODqyBBNOWIpCDjg47jg7zjgqvjg4Pjg4ggMTXjgrfjg7zjg4jvvIjjgq/jg6rjg7zjg6DvvIkgQS1vbmUgWzI4NDk044Ko44Ov44OzXeOAkOi/lOWTgeeoruWIpUHjgJHjgJBSQ1DjgJE=,5qW95aSpU2hvcCBvZiB0aGUgWWVhciAyMDE2IOe3j+WQiOOCsOODqeODs+ODl+ODquWPl+iznuKYhQ==,5Zyo5bqr54q25rOB77ya5YWl6I235qyh56ys5Ye66I23PGJyPjxicj48YnI+PGZvbnQgY29sb3I9Ymx1ZT7ilqHjgIzov5Tlk4HnqK7liKXjgI3jgavjgaTjgYTjgaboqbPjgZfjgY/jga/jgZPjgaHjgonilqE8L2ZvbnQ+PGJyPjxicj48cD48YnI+PHA+PGJyPuKXhuOBhOOCjeOBhOOCjeOBquODl+ODquODs+OCv+OBp+WNsOWIt+OBp+OBjeOCi+ODqeODmeODq+OCt+ODvOODq+OBp+OBmeOAgjxicj7il4bkuIrlk4Hjgarmt6HjgYToibLjga7ntJnjg6njg5njg6vjgafjgZnjgILjg47jg7zjgqvjg4Pjg4jjgarjga7jgafoh6rnlLHjgavliIfjgaPjgabkvb/jgYjjgb7jgZnjgII8YnI+4peG6auY5ZOB6LOq44Gu57Sg5p2Q44KS5L2/55So44GX44Gm44GE44KL44Gf44KB44CB5Y2w5Yi36YGp5oCn44Gr5YSq44KM44Gm44GE44G+44GZ44CCPGJyPjxicj7ilqDjgIDku5Xmp5jjgIDilqA8dWw+PExJPuWvvuW/nOODl+ODquODs+OCv++8muOCq+ODqeODvOODrOODvOOCtuODvC/jg6Ljg47jgq/jg63jg6zjg7zjgrbjg7wv44Kk44Oz44Kv44K444Kn44OD44OI77yI5p+T5paZ44O76aGU5paZT0vvvIkv44Kr44Op44O844Kz44OU44O8L+ODouODjuOCr+ODreOCs+ODlOODvC/nhrHou6Llhpkv5omL5pu444GNPGJyPuKAu+mhlOaWmeOCpOODs+OCr+OBp+OBr+OAgeihqOmdoue0oOadkOOBrueJueaAp+S4iuOAgeOCpOODs+OCr+OBjOS5vuOBjeOBq+OBj+OBhOOBruOBp+OAgeWNsOWIt+mdouOBq+OBr+OBp+OBjeOCi+OBoOOBkeinpuOCjOOBquOBhOOCiOOBhuOBq+OBl+OBpuOBj+OBoOOBleOBhOOAgjwvTEk+PExJPuOCt+ODvOODiOOCteOCpOOCuu+8mkE05Yik77yIMjEww5cyOTdtbe+8iTwvTEk+PExJPuS4gOeJh+OCteOCpOOCuu+8mjIxMMOXMjk3bW08L0xJPjxMST7pnaLku5jjgZHvvJox6Z2iPC9MST48TEk+5Y6a44G/77yaMTI1Zy9tMu+8iDAuMTRtbe+8iTwvTEk+PExJPuODqeODmeODq+ODu+OCq+ODvOODieWOmuOBv++8mjAuMDhtbTwvTEk+PExJPuadkOizqu+8muS4iuizque0mTwvTEk+PExJPueUqOe0meeJueaAp++8muODnuODg+ODiOe0mTwvTEk+PExJPuWFpeOCiuaVsO+8mjE144K344O844OIPC9MST48L3VsPjxicj48YnI+PGJyPijigLvjgZPjga7oqqzmmI7mlofjga/mpb3lpKnluILloLTlupfjga7oqJjovInlhoXlrrnjgafjgZnjgIJVUkzjga9odHRwOi8vaXRlbS5yYWt1dGVuLmNvLmpwL2ppc20v44Gn5aeL44G+44KK44G+44GZ44CCVVJM44GM55Ww44Gq44KL6Zqb44Gv44K144Kk44OI44KS5Yip55So44GZ44KL44GT44Go44Gu44Gq44GE44KI44GG5Y2B5YiG44GU5rOo5oSP44GP44Gg44GV44GE44CCKTx0YWJsZSB3aWR0aD0iNjAwIiBib3JkZXI9MCBjZWxscGFkZGluZz01IGNlbGxzcGFjaW5nPTAgYmdjb2xvcj0iI0YwRURFNCI+PHRyPjx0ZCBhbGlnbj0iY2VudGVyIiBiZ2NvbG9yPSIjQkJBMDRFIj4KPHRhYmxlIHdpZHRoPSI1OTAiIGJvcmRlcj0wIGNlbGxwYWRkaW5nPTIgY2VsbHNwYWNpbmc9MSBiZ2NvbG9yPSIjRjBFREU0IiBzdW1tYXJ5PSIiIHN0eWxlPSJmb250LXNpemU6MTJweDsiPjx0cj48dGQ+44GK44GZ44GZ44KB44Kr44OG44K044Oq44O844CA77ya44CA44Ko44Ki44Kz44Oz44CA44O744CA5Yqg5rm/5Zmo44CA44O744CA5Ya36JS15bqr44CA44O744CA44Ob44OD44OI44Kr44O844Oa44OD44OI44CA44O744CA5biD5Zuj5Lm+54el5qmfPC90ZD48L3RyPjx0cj48dGQgYWxpZ249ImNlbnRlciI+44K044Or44OV44Oc44O844Or44CA44O744CA5o6D6Zmk5qmf44O744Kv44Oq44O844OK44O844CA44O744CA77y077y244Ky44O844Og44CA44O744CA6Zu75rGg44CA44O744CA5YWF6Zu75rGg44O75YWF6Zu75Zmo44CA44O744CA44Op44OD44OU44Oz44Kw6KKLCjwvdGQ+PC90cj48L3RhYmxlPgo8L3RkPjwvdHI+PC90YWJsZT48YnI+,Mjg0OTTjgJDnqI7ovrzjgJEg44Ko44O844Ov44OzIOODnuODq+ODgeODl+ODquODs+OCv+ODqeODmeODqyBBNOWIpCDjg47jg7zjgqvjg4Pjg4ggMTXjgrfjg7zjg4jvvIjjgq/jg6rjg7zjg6DvvIkgQS1vbmUgWzI4NDk044Ko44Ov44OzXeOAkOi/lOWTgeeoruWIpUHjgJHjgJBSQ1DjgJHvvJpKb3NoaW4gd2ViIOWutumbu+OBqFBD44Gu5aSn5Z6L5bCC6ZaA5bqX,5a626Zu744OR44K944Kz44OzQVbmqZ/lmajpq5jntJrjgqrjg7zjg4fjgqPjgqrjg5vjg5Pjg7zjgYrjgoLjgaHjgoPjgrLjg7zjg6DpiYTpgZPmqKHlnovmmYLoqIhQQ+ODhuODrOODk+ODrOOCs+ODvOODgOODvOmbkeiyqOaooeWei+WGt+iUteW6q+a0l+a/r+apn+OCqOOCouOCs+ODs2dhbWVob2JieWNvbXB1dGVyMjg0OTTjgJDnqI7ovrzjgJEg44Ko44O844Ov44OzIOODnuODq+ODgeODl+ODquODs+OCv+ODqeODmeODqyBBNOWIpCDjg47jg7zjgqvjg4Pjg4ggMTXjgrfjg7zjg4jvvIjjgq/jg6rjg7zjg6DvvIkgQS1vbmUgWzI4NDk044Ko44Ov44OzXeOAkOi/lOWTgeeoruWIpUHjgJHjgJBSQ1DjgJE=,5qW95aSpU2hvcCBvZiB0aGUgWWVhciAyMDE2IOe3j+WQiOOCsOODqeODs+ODl+ODquWPl+iznuKYheOAgjI4NDk044CQ56iO6L6844CRIOOCqOODvOODr+ODsyDjg57jg6vjg4Hjg5fjg6rjg7Pjgr/jg6njg5njg6sgQTTliKQg44OO44O844Kr44OD44OIIDE144K344O844OI77yI44Kv44Oq44O844Og77yJIEEtb25lIFsyODQ5NOOCqOODr+ODs13jgJDov5Tlk4HnqK7liKVB44CR44CQUkNQ44CR[rn]
31-2654,aHR0cDovL3RzaG9wLnIxMHMuanAvamlzbS9jYWJpbmV0LzAwNDMvNDk1MzEwMzA3MTY2Ny5qcGc/Zml0aW49NzAwOjcwMA==,NTg0LjAwMDA=,,5pel55So5ZOB6ZuR6LKo44O75paH5oi/5YW344O75omL6Iq4ID4g5paH5oi/5YW344O75LqL5YuZ55So5ZOBID4g44Op44OZ44Or44O744K544OG44OD44Kr44O8ID4g44Op44OZ44Or55So57SZ,RURULUZGQ+OAkOeojui+vOOAkSDjgqjjg6zjgrPjg6Ag44OV44Oq44O844Kr44OD44OI44OV44Kj44Or44Og44Op44OZ44OrIOWFieayouODu+mAj+aYju+8iEE044K144Kk44K644O7NeOCt+ODvOODiO+8iSAgW0VEVEZGQ13jgJDov5Tlk4HnqK7liKVB44CR44CQUkNQ44CR,5qW95aSpU2hvcCBvZiB0aGUgWWVhciAyMDE2IOe3j+WQiOOCsOODqeODs+ODl+ODquWPl+iznuKYhQ==,5Zyo5bqr54q25rOB77ya4paz5Zyo5bqr5YOF5bCRPGJyPjxicj48YnI+PGZvbnQgY29sb3I9Ymx1ZT7ilqHjgIzov5Tlk4HnqK7liKXjgI3jgavjgaTjgYTjgaboqbPjgZfjgY/jga/jgZPjgaHjgonilqE8L2ZvbnQ+PGJyPjxicj48cD48YnI+PHA+PGZvbnQgY29sb3I9cmVkPuKAu+ODkeODg+OCseODvOOCuOeUu+WDj+OBqOWun+mam+OBruWVhuWTgeODkeODg+OCseODvOOCuOOBjOeVsOOBquOCi+WgtOWQiOOBjOOBlOOBluOBhOOBvuOBmeOAgjwvZm9udD48YnI+PGJyPuKXhumrmOe0muaEn+OBguOBteOCjOOCi+mAj+aYjuWFieayouODleOCo+ODq+ODoOODqeODmeODqzxicj7oh6rnlLHjgarlpKfjgY3jgZXjgoTlvaLjgavjgqvjg4Pjg4jjgafjgY3jgovjg47jg7zjgqvjg4Pjg4jjgr/jgqTjg5fjga7jg6njg5njg6vjgafjgZnjgII8YnI+6YCP5piO44Gu5YWJ5rKi44OV44Kj44Or44Og44Op44OZ44Or44Gn44GZ44CC576O44GX44GP5YWJ5rKi5oSf44Gu44GC44KL5pyA6auY55S76LOq44Gu44K344O844Or44KE44K544OG44OD44Kr44O844GM5L2c44KM44G+44GZ44CCPGJyPjxicj7il4bjgqTjg7Pjgq/jgrjjgqfjg4Pjg4jjg5fjg6rjg7Pjgr/lsILnlKg8YnI+PGZvbnQgY29sb3I9cmVkPuKAu+mhlOaWmeOCv+OCpOODl+OBruOCpOODs+OCr+OBq+OBr+WvvuW/nOOBl+OBpuOBiuOCiuOBvuOBm+OCk+OAgjwvZm9udD48YnI+PGJyPuKWoOOAgOS7leanmOOAgOKWoDx1bD48bGk+5a++5b+c44OX44Oq44Oz44K/77ya44Kk44Oz44Kv44K444Kn44OD44OIPC9saT48bGk+55So57SZ44K144Kk44K677yaQTTjgrXjgqTjgrrvvIgyMTDDlzI5N21t77yJPC9saT48bGk+57SZ5Y6a77yaMC4xNW1tPC9saT48bGk+5YWl5pWw77yaNeOCt+ODvOODiDwvbGk+PExJPuOCpOODs+OCr+WvvuW/nO+8muafk+aWmeWvvuW/nDwvTEk+PC91bD48IS0tQ09OX1NULS0+PHA+PGltZyBzcmM9aHR0cDovL3d3dy5yYWt1dGVuLm5lLmpwL2dvbGQvamlzbS9pbWcva2FucmVuX2JyLmdpZiBib3JkZXI9MCB3aWR0aD00MDAgaGVpZ2h0PTQwPjwvcD48YnI+PGJyPjxicj4o4oC744GT44Gu6Kqs5piO5paH44Gv5qW95aSp5biC5aC05bqX44Gu6KiY6LyJ5YaF5a6544Gn44GZ44CCVVJM44GvaHR0cDovL2l0ZW0ucmFrdXRlbi5jby5qcC9qaXNtL+OBp+Wni+OBvuOCiuOBvuOBmeOAglVSTOOBjOeVsOOBquOCi+mam+OBr+OCteOCpOODiOOCkuWIqeeUqOOBmeOCi+OBk+OBqOOBruOBquOBhOOCiOOBhuWNgeWIhuOBlOazqOaEj+OBj+OBoOOBleOBhOOAgik8dGFibGUgd2lkdGg9IjYwMCIgYm9yZGVyPTAgY2VsbHBhZGRpbmc9NSBjZWxsc3BhY2luZz0wIGJnY29sb3I9IiNGMEVERTQiPjx0cj48dGQgYWxpZ249ImNlbnRlciIgYmdjb2xvcj0iI0JCQTA0RSI+Cjx0YWJsZSB3aWR0aD0iNTkwIiBib3JkZXI9MCBjZWxscGFkZGluZz0yIGNlbGxzcGFjaW5nPTEgYmdjb2xvcj0iI0YwRURFNCIgc3VtbWFyeT0iIiBzdHlsZT0iZm9udC1zaXplOjEycHg7Ij48dHI+PHRkPuOBiuOBmeOBmeOCgeOCq+ODhuOCtOODquODvOOAgO+8muOAgOOCqOOCouOCs+ODs+OAgOODu+OAgOWKoOa5v+WZqOOAgOODu+OAgOWGt+iUteW6q+OAgOODu+OAgOODm+ODg+ODiOOCq+ODvOODmuODg+ODiOOAgOODu+OAgOW4g+Wbo+S5vueHpeapnzwvdGQ+PC90cj48dHI+PHRkIGFsaWduPSJjZW50ZXIiPuOCtOODq+ODleODnOODvOODq+OAgOODu+OAgOaOg+mZpOapn+ODu+OCr+ODquODvOODiuODvOOAgOODu+OAgO+8tO+8tuOCsuODvOODoOOAgOODu+OAgOmbu+axoOOAgOODu+OAgOWFhembu+axoOODu+WFhembu+WZqOOAgOODu+OAgOODqeODg+ODlOODs+OCsOiiiwo8L3RkPjwvdHI+PC90YWJsZT4KPC90ZD48L3RyPjwvdGFibGU+PGJyPg==,RURULUZGQ+OAkOeojui+vOOAkSDjgqjjg6zjgrPjg6Ag44OV44Oq44O844Kr44OD44OI44OV44Kj44Or44Og44Op44OZ44OrIOWFieayouODu+mAj+aYju+8iEE044K144Kk44K644O7NeOCt+ODvOODiO+8iSAgW0VEVEZGQ13jgJDov5Tlk4HnqK7liKVB44CR44CQUkNQ44CR77yaSm9zaGluIHdlYiDlrrbpm7vjgahQQ+OBruWkp+Wei+WwgumWgOW6lw==,5a626Zu744OR44K944Kz44OzQVbmqZ/lmajpq5jntJrjgqrjg7zjg4fjgqPjgqrjg5vjg5Pjg7zjgYrjgoLjgaHjgoPjgrLjg7zjg6DpiYTpgZPmqKHlnovmmYLoqIhQQ+ODhuODrOODk+ODrOOCs+ODvOODgOODvOmbkeiyqOaooeWei+WGt+iUteW6q+a0l+a/r+apn+OCqOOCouOCs+ODs2dhbWVob2JieWNvbXB1dGVyRURULUZGQ+OAkOeojui+vOOAkSDjgqjjg6zjgrPjg6Ag44OV44Oq44O844Kr44OD44OI44OV44Kj44Or44Og44Op44OZ44OrIOWFieayouODu+mAj+aYju+8iEE044K144Kk44K644O7NeOCt+ODvOODiO+8iSAgW0VEVEZGQ13jgJDov5Tlk4HnqK7liKVB44CR44CQUkNQ44CR,5qW95aSpU2hvcCBvZiB0aGUgWWVhciAyMDE2IOe3j+WQiOOCsOODqeODs+ODl+ODquWPl+iznuKYheOAgkVEVC1GRkPjgJDnqI7ovrzjgJEg44Ko44Os44Kz44OgIOODleODquODvOOCq+ODg+ODiOODleOCo+ODq+ODoOODqeODmeODqyDlhYnmsqLjg7vpgI/mmI7vvIhBNOOCteOCpOOCuuODuzXjgrfjg7zjg4jvvIkgIFtFRFRGRkNd44CQ6L+U5ZOB56iu5YilQeOAkeOAkFJDUOOAkQ==[rn]
31-2655,aHR0cDovL3RzaG9wLnIxMHMuanAvamlzbS9jYWJpbmV0LzAxMDYvNDkwMjY2ODA1MTUwOC5qcGc/Zml0aW49NzAwOjcwMA==,MjIyNC4wMDAw,,5pel55So5ZOB6ZuR6LKo44O75paH5oi/5YW344O75omL6Iq4ID4g5paH5oi/5YW344O75LqL5YuZ55So5ZOBID4g44Op44OZ44Or44O744K544OG44OD44Kr44O8ID4g44Op44OZ44Or55So57SZ,R0ItODYy44CQ56iO6L6844CRIOODkuOCteOCtCBBNOOCv+ODg+OCr+OCt+ODvOODqyDlhajpnaLjg47jg7zjgqvjg4Pjg4ggMTAw44K344O844OI5YWl44KKICBbR0I4NjJd44CQ6L+U5ZOB56iu5YilQeOAkeOAkFJDUOOAkQ==,5qW95aSpU2hvcCBvZiB0aGUgWWVhciAyMDE2IOe3j+WQiOOCsOODqeODs+ODl+ODquWPl+iznuKYhQ==,5Zyo5bqr54q25rOB77ya5YWl6I235qyh56ys5Ye66I23PGJyPjPml6XvvZ415pel44Gn5Ye66I23PGJyPjxicj48YnI+PGZvbnQgY29sb3I9Ymx1ZT7ilqHjgIzov5Tlk4HnqK7liKXjgI3jgavjgaTjgYTjgaboqbPjgZfjgY/jga/jgZPjgaHjgonilqE8L2ZvbnQ+PGJyPjxicj48cD48YnI+PHA+PGJyPuKXhuOBguOCieOChuOCi+ODl+ODquODs+OCv+OBp+S9v+eUqOOBp+OBjeOCi+ODqeODmeODq+OBp+OBmeOAgjxicj7il4bjgr/jg4Pjgq/jgrfjg7zjg6sg5YWo6Z2iPGJyPjxicj7ilqDjgIDku5Xmp5jjgIDilqA8dWw+PExJPuWvvuW/nOODl+ODquODs+OCv++8muOCq+ODqeODvOODrOODvOOCtuODvC/jg6Ljg47jgq/jg63jg6zjg7zjgrbjg7wv44Kk44Oz44Kv44K444Kn44OD44OI77yI5p+T5paZ44O76aGU5paZT0vvvIkv44Kr44Op44O844Kz44OU44O8L+ODouODjuOCr+ODreOCs+ODlOODvC/nhrHou6Llhpk8L0xJPjxMST7nlKjntJnjgrXjgqTjgrrvvJpBNOOCteOCpOOCuu+8iDIxMMOXMjk3bW3vvIk8L0xJPjxMST7jg6njg5njg6vjgrXjgqTjgrrvvJoyMTDDlzI5N21tPC9MST48TEk+6Z2i5LuY44GR77yaMemdojwvTEk+PExJPuWOmuOBle+8mjAuMTNtbTwvTEk+PExJPuWdqumHj++8mjExNWcvbTLnqIvluqY8L0xJPjxMST7mnZDos6rvvJrkuIros6rntJk8L0xJPjxMST7lhaXjgormlbDvvJoxMDDjgrfjg7zjg4g8L0xJPjwvdWw+PCEtLUNPTl9TVC0tPjxwPjxpbWcgc3JjPWh0dHA6Ly93d3cucmFrdXRlbi5uZS5qcC9nb2xkL2ppc20vaW1nL2thbnJlbl9ici5naWYgYm9yZGVyPTAgd2lkdGg9NDAwIGhlaWdodD00MD48L3A+PGJyPjxicj48YnI+KOKAu+OBk+OBruiqrOaYjuaWh+OBr+alveWkqeW4guWgtOW6l+OBruiomOi8ieWGheWuueOBp+OBmeOAglVSTOOBr2h0dHA6Ly9pdGVtLnJha3V0ZW4uY28uanAvamlzbS/jgaflp4vjgb7jgorjgb7jgZnjgIJVUkzjgYznlbDjgarjgovpmpvjga/jgrXjgqTjg4jjgpLliKnnlKjjgZnjgovjgZPjgajjga7jgarjgYTjgojjgYbljYHliIbjgZTms6jmhI/jgY/jgaDjgZXjgYTjgIIpPHRhYmxlIHdpZHRoPSI2MDAiIGJvcmRlcj0wIGNlbGxwYWRkaW5nPTUgY2VsbHNwYWNpbmc9MCBiZ2NvbG9yPSIjRjBFREU0Ij48dHI+PHRkIGFsaWduPSJjZW50ZXIiIGJnY29sb3I9IiNCQkEwNEUiPgo8dGFibGUgd2lkdGg9IjU5MCIgYm9yZGVyPTAgY2VsbHBhZGRpbmc9MiBjZWxsc3BhY2luZz0xIGJnY29sb3I9IiNGMEVERTQiIHN1bW1hcnk9IiIgc3R5bGU9ImZvbnQtc2l6ZToxMnB4OyI+PHRyPjx0ZD7jgYrjgZnjgZnjgoHjgqvjg4bjgrTjg6rjg7zjgIDvvJrjgIDjgqjjgqLjgrPjg7PjgIDjg7vjgIDliqDmub/lmajjgIDjg7vjgIDlhrfolLXluqvjgIDjg7vjgIDjg5vjg4Pjg4jjgqvjg7zjg5rjg4Pjg4jjgIDjg7vjgIDluIPlm6Pkub7nh6XmqZ88L3RkPjwvdHI+PHRyPjx0ZCBhbGlnbj0iY2VudGVyIj7jgrTjg6vjg5Xjg5zjg7zjg6vjgIDjg7vjgIDmjoPpmaTmqZ/jg7vjgq/jg6rjg7zjg4rjg7zjgIDjg7vjgIDvvLTvvLbjgrLjg7zjg6DjgIDjg7vjgIDpm7vmsaDjgIDjg7vjgIDlhYXpm7vmsaDjg7vlhYXpm7vlmajjgIDjg7vjgIDjg6njg4Pjg5Tjg7PjgrDooosKPC90ZD48L3RyPjwvdGFibGU+CjwvdGQ+PC90cj48L3RhYmxlPjxicj4=,R0ItODYy44CQ56iO6L6844CRIOODkuOCteOCtCBBNOOCv+ODg+OCr+OCt+ODvOODqyDlhajpnaLjg47jg7zjgqvjg4Pjg4ggMTAw44K344O844OI5YWl44KKICBbR0I4NjJd44CQ6L+U5ZOB56iu5YilQeOAkeOAkFJDUOOAke+8mkpvc2hpbiB3ZWIg5a626Zu744GoUEPjga7lpKflnovlsILploDlupc=,5a626Zu744OR44K944Kz44OzQVbmqZ/lmajpq5jntJrjgqrjg7zjg4fjgqPjgqrjg5vjg5Pjg7zjgYrjgoLjgaHjgoPjgrLjg7zjg6DpiYTpgZPmqKHlnovmmYLoqIhQQ+ODhuODrOODk+ODrOOCs+ODvOODgOODvOmbkeiyqOaooeWei+WGt+iUteW6q+a0l+a/r+apn+OCqOOCouOCs+ODs2dhbWVob2JieWNvbXB1dGVyR0ItODYy44CQ56iO6L6844CRIOODkuOCteOCtCBBNOOCv+ODg+OCr+OCt+ODvOODqyDlhajpnaLjg47jg7zjgqvjg4Pjg4ggMTAw44K344O844OI5YWl44KKICBbR0I4NjJd44CQ6L+U5ZOB56iu5YilQeOAkeOAkFJDUOOAkQ==,5qW95aSpU2hvcCBvZiB0aGUgWWVhciAyMDE2IOe3j+WQiOOCsOODqeODs+ODl+ODquWPl+iznuKYheOAgkdCLTg2MuOAkOeojui+vOOAkSDjg5LjgrXjgrQgQTTjgr/jg4Pjgq/jgrfjg7zjg6sg5YWo6Z2i44OO44O844Kr44OD44OIIDEwMOOCt+ODvOODiOWFpeOCiiAgW0dCODYyXeOAkOi/lOWTgeeoruWIpUHjgJHjgJBSQ1DjgJE=[rn]
31-2656,aHR0cDovL3RzaG9wLnIxMHMuanAvamlzbS9jYWJpbmV0LzA0OTMvNDk2OTg4NzQyNTI2OC5qcGc/Zml0aW49NzAwOjcwMA==,MjE5Mi4wMDAw,,5pel55So5ZOB6ZuR6LKo44O75paH5oi/5YW344O75omL6Iq4ID4g5paH5oi/5YW344O75LqL5YuZ55So5ZOBID4g44Op44OZ44Or44O744K544OG44OD44Kr44O8ID4g44Op44OZ44Or55So57SZ,TEItRU0wMk4tMeOAkOeojui+vOOAkSDjgrXjg7Pjg6/jgrXjg5fjg6njgqQg44Oe44Or44OB44Op44OZ44Or44O75aKX6YeP44K/44Kk44OX77yI44Gk44KE44Gq44GX44Oe44OD44OI44O7QTTjg5Xjg6rjg7zjgqvjg4Pjg4jvvIkxMDDjgrfjg7zjg4ggIFtMQkVNMDJOMV3jgJDov5Tlk4HnqK7liKVB44CR44CQUkNQ44CR,5qW95aSpU2hvcCBvZiB0aGUgWWVhciAyMDE2IOe3j+WQiOOCsOODqeODs+ODl+ODquWPl+iznuKYhQ==,5Zyo5bqr54q25rOB77ya5YWl6I235qyh56ys5Ye66I23PGJyPjxicj48YnI+PGZvbnQgY29sb3I9Ymx1ZT7ilqHjgIzov5Tlk4HnqK7liKXjgI3jgavjgaTjgYTjgaboqbPjgZfjgY/jga/jgZPjgaHjgonilqE8L2ZvbnQ+PGJyPjxmb250IHNpemU9JzInIGNvbG9yPScjQ0MwMDAwJz48Yj4yMDE25bm0MDLmnIgg55m65aOyPC9iPjwvZm9udD48YnI+PHA+PGJyPjxwPjxicj7il4bjg5fjg6rjg7Pjgr/jgpLpgbjjgbDjgZrjgIHjg57jg6vjg4Hjgavkvb/jgYjjgovjg6njg5njg6vjgILjgqTjg7Pjgq/jgrjjgqfjg4Pjg4jjg5fjg6rjg7Pjgr/jgIHjgqvjg6njg7zjg7vjg6Ljg47jgq/jg63jg6zjg7zjgrbjg7zjgIHjgqvjg6njg7zjg7vjg6Ljg47jgq/jg63jgrPjg5Tjg7zjgarjganjgafliKnnlKjjgafjgY3jgb7jgZnjgII8YnI+4oC744Kk44Oz44Kv44K444Kn44OD44OI44OX44Oq44Oz44K/44Gn5YaZ55yf55S75YOP5Lit5b+D44Gu5Y2w5Yi344Gr44Gv5ZCR44GN44G+44Gb44KT44CCPGJyPjxicj7il4bjgaTjgoTjgarjgZfjg57jg4Pjg4jjgr/jgqTjg5fjga7jg6njg5njg6vjgafjgIHmloflrZfjgoTjgqTjg6njgrnjg4jjgarjganjga7jgYrmiYvou73jgarljbDliLfjgavjgYrjgZnjgZnjgoHjgafjgZnjgILjga/jgYzjgozjgavjgY/jgYTlvLfnspjnnYDjgr/jgqTjg5fjgafjgZnjgII8YnI+PGJyPuKXhueymOedgOWJpOOBruWJpembouWKm+OCkumHjeOBj+ioreWumuOBl+OBpuOBhOOCi+OBruOBp+OAgeeGseOBruOBi+OBi+OCi+ODrOODvOOCtuODvOODl+ODquODs+OCv+OBruS4reOBp+ODqeODmeODq+OBjOWJpeOBjOOCjOOBq+OBj+OBj+OBquOBo+OBpuOBhOOBvuOBmeOAguOBvuOBn+OAgeODrOODvOOCtuODvOODl+ODquODs+OCv+OBruS4reOBp+eGseOBjOOBi+OBi+OBo+OBpuOCgueziuOBjOOBr+OBv+WHuuOBl+OBq+OBj+OBj+OAgeODieODqeODoOOCkuaxmuOBl+OBq+OBj+OBhOioreioiOOBp+OBmeOAgjxicj48YnI+4peG5aW944GN44Gq5b2i44Gr5YiH44Gj44Gm5L2/44GI44KL44CB44OV44Oq44O844Kr44OD44OI44K/44Kk44OX44Gn44GZ44CCPGJyPjxicj7jgJDjgZTms6jmhI/jgJE8YnI+4oC744Op44OZ44Or44Gr5a++5b+c44GX44Gm44GE44Gq44GE44Kr44Op44O844O744Oi44OO44Kv44Ot44Os44O844K244O844OX44Oq44Oz44K/44Gn44Gv5L2/55So44Gn44GN44G+44Gb44KT44CCPGJyPiDigLvjgqvjg6njg7zjg7vjg6Ljg47jgq/jg63jg6zjg7zjgrbjg7zjg5fjg6rjg7Pjgr/jgavjga/jgIHljbDliLflj6/og73jgarnlKjntJnjg7vjg6njg5njg6vjga7lnarph48oMTM4Zy/lubPmlrnjg6Hjg7zjg4jjg6vku6XkuIvjgarjganvvInjgYzjgYLjgorjgb7jgZnjgILlr77lv5zlj6/og73jgarlnarph4/jgYvjganjgYbjgYvjgZTnorroqo3jga7kuIrjgIHjgZTliKnnlKjjgY/jgaDjgZXjgYTjgII8YnI+4oC744OI44OK44O844Gu6Imv5aW944Gq5a6a552A44Gu44Gf44KB44Gr44Gv44CB5Y2w5Yi35pmC44Gr6YGp5YiH44Gq55So57SZ6Kit5a6a44GM5b+F6KaB44Gn44GZ44CCPGJyPuKAu+WJpemboue0meOBq+OBr+OAgee4puOBqzLmnKzjgrnjg6rjg4Pjg4jlhaXjgorjgILjga/jgYzjgZfjgoTjgZnjgYTliqDlt6XjgpLjgZfjgabjgYTjgb7jgZnjgII8YnI+PGJyPuKWoOOAgOS7leOAgOanmOOAgOKWoDxVTD48bGk+5a++5b+c44OX44Oq44Oz44K/77yaPEJSPuODu+OCpOODs+OCr+OCuOOCp+ODg+ODiOODl+ODquODs+OCv++8iOafk+aWmS/poZTmlpnvvIk8YnI+44CA4oC744Ko44OX44K944OzIFBNLTQwMDBQWOOAgVBYLTU2MDDjgIFQWC1H44O7VuODu0Hjgrfjg6rjg7zjgrrjgarjganjga7poZTmlpnns7vjgqTjg7Pjgq/jgavjgoLlr77lv5zjgZfjgb7jgZnjgII8YnI+44CA4oC744Gf44Gg44GX44CB5YaZ55yf55S75YOP44KS44GN44KM44GE44Gr5Y2w5Yi344GZ44KL55So6YCU44Gr44Gv5ZCR44GN44G+44Gb44KT44CC5YaZ55yf44KS5Y2w5Yi344GV44KM44KL44Go44GN44Gv44Kk44Oz44Kv44K444Kn44OD44OI5bCC55So44Op44OZ44Or44KS44GU5L2/55So44GP44Gg44GV44GE44CCPGJyPuODu+OCq+ODqeODvOODu+ODouODjuOCr+ODreODrOODvOOCtuODvOODl+ODquODs+OCvzxicj7jgIDigLvjg5fjg6rjg7Pjgr/jgavjgojjgaPjgabljbDliLflj6/og73jgarnlKjntJnjga7ljprjgZXjg7vlnarph4/jgYznlbDjgarjgorjgb7jgZnjgILoqbPjgZfjgY/jga/lkITjg5fjg6rjg7Pjgr/jga7lj5bmibHoqqzmmI7mm7jjgpLjgZTopqfjgY/jgaDjgZXjgYTjgII8YnI+44O744Kr44Op44O844O744Oi44OO44Kv44Ot44Kz44OU44O8PGJyPuODu+eGsei7ouWGmeODl+ODquODs+OCv++8iOOCpOODs+OCr+ODquODnOODs+S9v+eUqOaZguOBruOBv++8iTwvbGk+PGxpPuOCt+ODvOODiOOCteOCpOOCuu+8mkE077yIMjEww5cyOTdtbe+8iTwvbGk+PGxpPuODqeODmeODq+OCteOCpOOCuu+8mkE077yIMjEww5cyOTdtbe+8iTwvbGk+PGxpPumdouS7mO+8muODleODquODvOOCq+ODg+ODiDwvbGk+PGxpPuWFpeaVsO+8mjEwMOOCt+ODvOODiOOAgTEwMOODqeODmeODq+WFpeOCijwvbGk+PGxpPumHjemHj++8mjEzNGcv5bmz5pa544Oh44O844OI44OrPC9saT48bGk+5Y6a44G/77yaMC4xNTJtbe+8iOODqeODmeODq+OBruOBvzAuMDg1bW0pPC9saT48bGk+55m96Imy5bqm77yaOTLCsTPvvIU8L2xpPjwvVUw+PGJyPjxicj48YnI+KOKAu+OBk+OBruiqrOaYjuaWh+OBr+alveWkqeW4guWgtOW6l+OBruiomOi8ieWGheWuueOBp+OBmeOAglVSTOOBr2h0dHA6Ly9pdGVtLnJha3V0ZW4uY28uanAvamlzbS/jgaflp4vjgb7jgorjgb7jgZnjgIJVUkzjgYznlbDjgarjgovpmpvjga/jgrXjgqTjg4jjgpLliKnnlKjjgZnjgovjgZPjgajjga7jgarjgYTjgojjgYbljYHliIbjgZTms6jmhI/jgY/jgaDjgZXjgYTjgIIpPHRhYmxlIHdpZHRoPSI2MDAiIGJvcmRlcj0wIGNlbGxwYWRkaW5nPTUgY2VsbHNwYWNpbmc9MCBiZ2NvbG9yPSIjRjBFREU0Ij48dHI+PHRkIGFsaWduPSJjZW50ZXIiIGJnY29sb3I9IiNCQkEwNEUiPgo8dGFibGUgd2lkdGg9IjU5MCIgYm9yZGVyPTAgY2VsbHBhZGRpbmc9MiBjZWxsc3BhY2luZz0xIGJnY29sb3I9IiNGMEVERTQiIHN1bW1hcnk9IiIgc3R5bGU9ImZvbnQtc2l6ZToxMnB4OyI+PHRyPjx0ZD7jgYrjgZnjgZnjgoHjgqvjg4bjgrTjg6rjg7zjgIDvvJrjgIDjgqjjgqLjgrPjg7PjgIDjg7vjgIDliqDmub/lmajjgIDjg7vjgIDlhrfolLXluqvjgIDjg7vjgIDjg5vjg4Pjg4jjgqvjg7zjg5rjg4Pjg4jjgIDjg7vjgIDluIPlm6Pkub7nh6XmqZ88L3RkPjwvdHI+PHRyPjx0ZCBhbGlnbj0iY2VudGVyIj7jgrTjg6vjg5Xjg5zjg7zjg6vjgIDjg7vjgIDmjoPpmaTmqZ/jg7vjgq/jg6rjg7zjg4rjg7zjgIDjg7vjgIDvvLTvvLbjgrLjg7zjg6DjgIDjg7vjgIDpm7vmsaDjgIDjg7vjgIDlhYXpm7vmsaDjg7vlhYXpm7vlmajjgIDjg7vjgIDjg6njg4Pjg5Tjg7PjgrDooosKPC90ZD48L3RyPjwvdGFibGU+CjwvdGQ+PC90cj48L3RhYmxlPjxicj4=,TEItRU0wMk4tMeOAkOeojui+vOOAkSDjgrXjg7Pjg6/jgrXjg5fjg6njgqQg44Oe44Or44OB44Op44OZ44Or44O75aKX6YeP44K/44Kk44OX77yI44Gk44KE44Gq44GX44Oe44OD44OI44O7QTTjg5Xjg6rjg7zjgqvjg4Pjg4jvvIkxMDDjgrfjg7zjg4ggIFtMQkVNMDJOMV3jgJDov5Tlk4HnqK7liKVB44CR44CQUkNQ44CR77yaSm9zaGluIHdlYiDlrrbpm7vjgahQQ+OBruWkp+Wei+WwgumWgOW6lw==,5a626Zu744OR44K944Kz44OzQVbmqZ/lmajpq5jntJrjgqrjg7zjg4fjgqPjgqrjg5vjg5Pjg7zjgYrjgoLjgaHjgoPjgrLjg7zjg6DpiYTpgZPmqKHlnovmmYLoqIhQQ+ODhuODrOODk+ODrOOCs+ODvOODgOODvOmbkeiyqOaooeWei+WGt+iUteW6q+a0l+a/r+apn+OCqOOCouOCs+ODs2dhbWVob2JieWNvbXB1dGVyTEItRU0wMk4tMeOAkOeojui+vOOAkSDjgrXjg7Pjg6/jgrXjg5fjg6njgqQg44Oe44Or44OB44Op44OZ44Or44O75aKX6YeP44K/44Kk44OX77yI44Gk44KE44Gq44GX44Oe44OD44OI44O7QTTjg5Xjg6rjg7zjgqvjg4Pjg4jvvIkxMDDjgrfjg7zjg4ggIFtMQkVNMDJOMV3jgJDov5Tlk4HnqK7liKVB44CR44CQUkNQ44CR,5qW95aSpU2hvcCBvZiB0aGUgWWVhciAyMDE2IOe3j+WQiOOCsOODqeODs+ODl+ODquWPl+iznuKYheOAgkxCLUVNMDJOLTHjgJDnqI7ovrzjgJEg44K144Oz44Ov44K144OX44Op44KkIOODnuODq+ODgeODqeODmeODq+ODu+Wil+mHj+OCv+OCpOODl++8iOOBpOOChOOBquOBl+ODnuODg+ODiOODu0E044OV44Oq44O844Kr44OD44OI77yJMTAw44K344O844OIICBbTEJFTTAyTjFd44CQ6L+U5ZOB56iu5YilQeOAkeOAkFJDUOOAkQ==[rn]
31-2657,aHR0cDovL3RzaG9wLnIxMHMuanAvamlzbS9jYWJpbmV0LzAwNTYvNDkwNjE4NjMxMjYyMi5qcGc/Zml0aW49NzAwOjcwMA==,MjM1Ni44MDAw,,5pel55So5ZOB6ZuR6LKo44O75paH5oi/5YW344O75omL6Iq4ID4g5paH5oi/5YW344O75LqL5YuZ55So5ZOBID4g44Op44OZ44Or44O744K544OG44OD44Kr44O8ID4g44Op44OZ44Or55So57SZ,MzEyNjLjgJDnqI7ovrzjgJEg44Ko44O844Ov44OzIOODnuODq+ODgeODl+ODquODs+OCv+ODqeODmeODq+OAgOWGjeOBr+OBj+OCiuOCv+OCpOODl+OAgEE05YikIOihqOekuueUqCA0NOmdouOAgDEwMOOCt+ODvOODiCAgWzMxMjYyXeOAkOi/lOWTgeeoruWIpUHjgJHjgJBSQ1DjgJE=,5qW95aSpU2hvcCBvZiB0aGUgWWVhciAyMDE2IOe3j+WQiOOCsOODqeODs+ODl+ODquWPl+iznuKYhQ==,5Zyo5bqr54q25rOB77ya4paz5Zyo5bqr5YOF5bCRPGJyPjxicj48YnI+PGZvbnQgY29sb3I9Ymx1ZT7ilqHjgIzov5Tlk4HnqK7liKXjgI3jgavjgaTjgYTjgaboqbPjgZfjgY/jga/jgZPjgaHjgonilqE8L2ZvbnQ+PGJyPjxicj48cD48YnI+PHA+44OX44Oq44Oz44K/6YGp5oCnIDo8YnI+4peP44Kk44Oz44Kv44K444Kn44OD44OI77yI5p+T5paZ44O76aGU5paZ77yJICA8YnI+4peP44Kr44Op44O844Os44O844K244O8ICA8YnI+4peP44Oi44OO44Kv44Ot44Os44O844K244O8PGJyPuKXj+ODouODjuOCr+ODreOCs+ODlOODvDxicj7il4/nhrHou6Llhpk8YnI+4peP44OJ44OD44OIPGJyPjxiPueJuemVtzwvYj48YnI+IOODu+WCmeWTgeeuoeeQhuODu+S+oeagvOihqOekuuODu+ODkOODvOOCs+ODvOODieWNsOWIt+OBquOBqeOBq+acgOmBqeOBquOCteOCpOOCuuOBp+OBmeOAgiA8YnI+44O75qeY44CF44Gq56iu6aGe44Gu44OX44Oq44Oz44K/44Gn5L2/44GI44KL44Gf44KB44CB44Kq44OV44Kj44K544Gg44GR44Gn44Gq44GP44GU5a625bqt44Gn44KC44GU5Yip55So44GE44Gf44Gg44GR44G+44GZ44CCIDxicj7jg7vjga/jgYzjgZfjgabjgoLjga7jgormrovjgorjgZfjgarjgYTjga7jgafjgIHkuIDmmYLnmoTjgarooajnpLrjgavjgoLkvr/liKnjgafjgZnjgIIgIDxicj48YnI+PGI+44K544Oa44OD44Kv6Kmz57SwPC9CPjxicj7ilqDlhaXmlbDvvJoxMDDjgrfjg7zjg4jvvIg0NDAw54mH77yJPGJyPuKWoOmdouS7mOOBje+8mjQ06Z2i77yINOWIl8OXMTHmrrXvvIkgPGJyPuKWoOS4gOeJh+OCteOCpOOCuu+8mjQ4LjPDlzI1LjRtbTxicj4gICDilqDntKDmnZDvvJrkuIros6rntJkgPGJyPuKWoOWOmuOBv++8mjEyNWcvbTLvvIgwLjEzbW0pL+iWhOaJizxicj7ilqDjgrfjg7zjg4jjgrXjgqTjgrrvvJogQTTliKQg77yIMjEww5cyOTdtbe+8iTxicj7ilqDnlKjntJnnibnmgKfvvJrjg57jg4Pjg4jntJnjgIDjgq3jg6zjgqTjgavjga/jgYzjgZvjgos8YnI+PGJyPjxicj4o4oC744GT44Gu6Kqs5piO5paH44Gv5qW95aSp5biC5aC05bqX44Gu6KiY6LyJ5YaF5a6544Gn44GZ44CCVVJM44GvaHR0cDovL2l0ZW0ucmFrdXRlbi5jby5qcC9qaXNtL+OBp+Wni+OBvuOCiuOBvuOBmeOAglVSTOOBjOeVsOOBquOCi+mam+OBr+OCteOCpOODiOOCkuWIqeeUqOOBmeOCi+OBk+OBqOOBruOBquOBhOOCiOOBhuWNgeWIhuOBlOazqOaEj+OBj+OBoOOBleOBhOOAgik8dGFibGUgd2lkdGg9IjYwMCIgYm9yZGVyPTAgY2VsbHBhZGRpbmc9NSBjZWxsc3BhY2luZz0wIGJnY29sb3I9IiNGMEVERTQiPjx0cj48dGQgYWxpZ249ImNlbnRlciIgYmdjb2xvcj0iI0JCQTA0RSI+Cjx0YWJsZSB3aWR0aD0iNTkwIiBib3JkZXI9MCBjZWxscGFkZGluZz0yIGNlbGxzcGFjaW5nPTEgYmdjb2xvcj0iI0YwRURFNCIgc3VtbWFyeT0iIiBzdHlsZT0iZm9udC1zaXplOjEycHg7Ij48dHI+PHRkPuOBiuOBmeOBmeOCgeOCq+ODhuOCtOODquODvOOAgO+8muOAgOOCqOOCouOCs+ODs+OAgOODu+OAgOWKoOa5v+WZqOOAgOODu+OAgOWGt+iUteW6q+OAgOODu+OAgOODm+ODg+ODiOOCq+ODvOODmuODg+ODiOOAgOODu+OAgOW4g+Wbo+S5vueHpeapnzwvdGQ+PC90cj48dHI+PHRkIGFsaWduPSJjZW50ZXIiPuOCtOODq+ODleODnOODvOODq+OAgOODu+OAgOaOg+mZpOapn+ODu+OCr+ODquODvOODiuODvOOAgOODu+OAgO+8tO+8tuOCsuODvOODoOOAgOODu+OAgOmbu+axoOOAgOODu+OAgOWFhembu+axoOODu+WFhembu+WZqOOAgOODu+OAgOODqeODg+ODlOODs+OCsOiiiwo8L3RkPjwvdHI+PC90YWJsZT4KPC90ZD48L3RyPjwvdGFibGU+PGJyPg==,MzEyNjLjgJDnqI7ovrzjgJEg44Ko44O844Ov44OzIOODnuODq+ODgeODl+ODquODs+OCv+ODqeODmeODq+OAgOWGjeOBr+OBj+OCiuOCv+OCpOODl+OAgEE05YikIOihqOekuueUqCA0NOmdouOAgDEwMOOCt+ODvOODiCAgWzMxMjYyXeOAkOi/lOWTgeeoruWIpUHjgJHjgJBSQ1DjgJHvvJpKb3NoaW4gd2ViIOWutumbu+OBqFBD44Gu5aSn5Z6L5bCC6ZaA5bqX,5a626Zu744OR44K944Kz44OzQVbmqZ/lmajpq5jntJrjgqrjg7zjg4fjgqPjgqrjg5vjg5Pjg7zjgYrjgoLjgaHjgoPjgrLjg7zjg6DpiYTpgZPmqKHlnovmmYLoqIhQQ+ODhuODrOODk+ODrOOCs+ODvOODgOODvOmbkeiyqOaooeWei+WGt+iUteW6q+a0l+a/r+apn+OCqOOCouOCs+ODs2dhbWVob2JieWNvbXB1dGVyMzEyNjLjgJDnqI7ovrzjgJEg44Ko44O844Ov44OzIOODnuODq+ODgeODl+ODquODs+OCv+ODqeODmeODq+OAgOWGjeOBr+OBj+OCiuOCv+OCpOODl+OAgEE05YikIOihqOekuueUqCA0NOmdouOAgDEwMOOCt+ODvOODiCAgWzMxMjYyXeOAkOi/lOWTgeeoruWIpUHjgJHjgJBSQ1DjgJE=,5qW95aSpU2hvcCBvZiB0aGUgWWVhciAyMDE2IOe3j+WQiOOCsOODqeODs+ODl+ODquWPl+iznuKYheOAgjMxMjYy44CQ56iO6L6844CRIOOCqOODvOODr+ODsyDjg57jg6vjg4Hjg5fjg6rjg7Pjgr/jg6njg5njg6vjgIDlho3jga/jgY/jgorjgr/jgqTjg5fjgIBBNOWIpCDooajnpLrnlKggNDTpnaLjgIAxMDDjgrfjg7zjg4ggIFszMTI2Ml3jgJDov5Tlk4HnqK7liKVB44CR44CQUkNQ44CR[rn]
31-2658,aHR0cDovL3RzaG9wLnIxMHMuanAvamlzbS9jYWJpbmV0LzAwNDMvNDk1MzEwMzA3MTU5OS5qcGc/Zml0aW49NzAwOjcwMA==,MjI0LjAwMDA=,,5pel55So5ZOB6ZuR6LKo44O75paH5oi/5YW344O75omL6Iq4ID4g5paH5oi/5YW344O75LqL5YuZ55So5ZOBID4g44Op44OZ44Or44O744K544OG44OD44Kr44O8ID4g44Op44OZ44Or55So57SZ,RURULUZIRlfjgJDnqI7ovrzjgJEg44Ko44Os44Kz44OgIOODleODquODvOOCq+ODg+ODiOODleOCo+ODq+ODoOODqeODmeODqyDlhYnmsqLjg5XjgqPjg6vjg6DvvIjjga/jgYzjgY3jgrXjgqTjgrrjg7s144K344O844OI77yJICBbRURURkhGV13jgJDov5Tlk4HnqK7liKVB44CR44CQUkNQ44CR,5qW95aSpU2hvcCBvZiB0aGUgWWVhciAyMDE2IOe3j+WQiOOCsOODqeODs+ODl+ODquWPl+iznuKYhQ==,5Zyo5bqr54q25rOB77ya5YWl6I235qyh56ys5Ye66I23PGJyPjPml6XvvZ415pel44Gn5Ye66I23PGJyPjxicj48YnI+PGZvbnQgY29sb3I9Ymx1ZT7ilqHjgIzov5Tlk4HnqK7liKXjgI3jgavjgaTjgYTjgaboqbPjgZfjgY/jga/jgZPjgaHjgonilqE8L2ZvbnQ+PGJyPjxicj48cD48YnI+PHA+PGZvbnQgY29sb3I9cmVkPuKAu+ODkeODg+OCseODvOOCuOeUu+WDj+OBqOWun+mam+OBruWVhuWTgeODkeODg+OCseODvOOCuOOBjOeVsOOBquOCi+WgtOWQiOOBjOOBlOOBluOBhOOBvuOBmeOAgjwvZm9udD48YnI+PGJyPuKXhumrmOe0muaEn+OBguOBteOCjOOCi+ODm+ODr+OCpOODiOWFieayouODleOCo+ODq+ODoOODqeODmeODqzxicj7oh6rnlLHjgarlpKfjgY3jgZXjgoTlvaLjgavjgqvjg4Pjg4jjgafjgY3jgovjg47jg7zjgqvjg4Pjg4jjgr/jgqTjg5fjga7jg6njg5njg6vjgafjgZnjgII8YnI+44Ob44Ov44Kk44OI44Gu5YWJ5rKi44OV44Kj44Or44Og44Op44OZ44Or44Gn44GZ44CC576O44GX44GP5YWJ5rKi5oSf44Gu44GC44KL5pyA6auY55S76LOq44Gu44K344O844Or44KE44K544OG44OD44Kr44O844GM5L2c44KM44G+44GZ44CCPGJyPjxicj7il4bjgqTjg7Pjgq/jgrjjgqfjg4Pjg4jjg5fjg6rjg7Pjgr/lsILnlKg8YnI+PGZvbnQgY29sb3I9cmVkPuKAu+mhlOaWmeOCv+OCpOODl+OBruOCpOODs+OCr+OBq+OBr+WvvuW/nOOBl+OBpuOBiuOCiuOBvuOBm+OCk+OAgjwvZm9udD48YnI+PGJyPuKWoOOAgOS7leanmOOAgOKWoDx1bD48bGk+5a++5b+c44OX44Oq44Oz44K/77ya44Kk44Oz44Kv44K444Kn44OD44OIPC9saT48bGk+55So57SZ44K144Kk44K677ya44Gv44GM44GN44K144Kk44K677yIMTAww5cxNDhtbe+8iTwvbGk+PGxpPue0meWOmu+8mjAuMTVtbTwvbGk+PGxpPuWFpeaVsO+8mjXjgrfjg7zjg4g8L2xpPjxMST7jgqTjg7Pjgq/lr77lv5zvvJrmn5Pmlpnlr77lv5w8L0xJPjwvdWw+PCEtLUNPTl9TVC0tPjxwPjxpbWcgc3JjPWh0dHA6Ly93d3cucmFrdXRlbi5uZS5qcC9nb2xkL2ppc20vaW1nL2thbnJlbl9ici5naWYgYm9yZGVyPTAgd2lkdGg9NDAwIGhlaWdodD00MD48L3A+PGJyPjxicj48YnI+KOKAu+OBk+OBruiqrOaYjuaWh+OBr+alveWkqeW4guWgtOW6l+OBruiomOi8ieWGheWuueOBp+OBmeOAglVSTOOBr2h0dHA6Ly9pdGVtLnJha3V0ZW4uY28uanAvamlzbS/jgaflp4vjgb7jgorjgb7jgZnjgIJVUkzjgYznlbDjgarjgovpmpvjga/jgrXjgqTjg4jjgpLliKnnlKjjgZnjgovjgZPjgajjga7jgarjgYTjgojjgYbljYHliIbjgZTms6jmhI/jgY/jgaDjgZXjgYTjgIIpPHRhYmxlIHdpZHRoPSI2MDAiIGJvcmRlcj0wIGNlbGxwYWRkaW5nPTUgY2VsbHNwYWNpbmc9MCBiZ2NvbG9yPSIjRjBFREU0Ij48dHI+PHRkIGFsaWduPSJjZW50ZXIiIGJnY29sb3I9IiNCQkEwNEUiPgo8dGFibGUgd2lkdGg9IjU5MCIgYm9yZGVyPTAgY2VsbHBhZGRpbmc9MiBjZWxsc3BhY2luZz0xIGJnY29sb3I9IiNGMEVERTQiIHN1bW1hcnk9IiIgc3R5bGU9ImZvbnQtc2l6ZToxMnB4OyI+PHRyPjx0ZD7jgYrjgZnjgZnjgoHjgqvjg4bjgrTjg6rjg7zjgIDvvJrjgIDjgqjjgqLjgrPjg7PjgIDjg7vjgIDliqDmub/lmajjgIDjg7vjgIDlhrfolLXluqvjgIDjg7vjgIDjg5vjg4Pjg4jjgqvjg7zjg5rjg4Pjg4jjgIDjg7vjgIDluIPlm6Pkub7nh6XmqZ88L3RkPjwvdHI+PHRyPjx0ZCBhbGlnbj0iY2VudGVyIj7jgrTjg6vjg5Xjg5zjg7zjg6vjgIDjg7vjgIDmjoPpmaTmqZ/jg7vjgq/jg6rjg7zjg4rjg7zjgIDjg7vjgIDvvLTvvLbjgrLjg7zjg6DjgIDjg7vjgIDpm7vmsaDjgIDjg7vjgIDlhYXpm7vmsaDjg7vlhYXpm7vlmajjgIDjg7vjgIDjg6njg4Pjg5Tjg7PjgrDooosKPC90ZD48L3RyPjwvdGFibGU+CjwvdGQ+PC90cj48L3RhYmxlPjxicj4=,RURULUZIRlfjgJDnqI7ovrzjgJEg44Ko44Os44Kz44OgIOODleODquODvOOCq+ODg+ODiOODleOCo+ODq+ODoOODqeODmeODqyDlhYnmsqLjg5XjgqPjg6vjg6DvvIjjga/jgYzjgY3jgrXjgqTjgrrjg7s144K344O844OI77yJICBbRURURkhGV13jgJDov5Tlk4HnqK7liKVB44CR44CQUkNQ44CR77yaSm9zaGluIHdlYiDlrrbpm7vjgahQQ+OBruWkp+Wei+WwgumWgOW6lw==,5a626Zu744OR44K944Kz44OzQVbmqZ/lmajpq5jntJrjgqrjg7zjg4fjgqPjgqrjg5vjg5Pjg7zjgYrjgoLjgaHjgoPjgrLjg7zjg6DpiYTpgZPmqKHlnovmmYLoqIhQQ+ODhuODrOODk+ODrOOCs+ODvOODgOODvOmbkeiyqOaooeWei+WGt+iUteW6q+a0l+a/r+apn+OCqOOCouOCs+ODs2dhbWVob2JieWNvbXB1dGVyRURULUZIRlfjgJDnqI7ovrzjgJEg44Ko44Os44Kz44OgIOODleODquODvOOCq+ODg+ODiOODleOCo+ODq+ODoOODqeODmeODqyDlhYnmsqLjg5XjgqPjg6vjg6DvvIjjga/jgYzjgY3jgrXjgqTjgrrjg7s144K344O844OI77yJICBbRURURkhGV13jgJDov5Tlk4HnqK7liKVB44CR44CQUkNQ44CR,5qW95aSpU2hvcCBvZiB0aGUgWWVhciAyMDE2IOe3j+WQiOOCsOODqeODs+ODl+ODquWPl+iznuKYheOAgkVEVC1GSEZX44CQ56iO6L6844CRIOOCqOODrOOCs+ODoCDjg5Xjg6rjg7zjgqvjg4Pjg4jjg5XjgqPjg6vjg6Djg6njg5njg6sg5YWJ5rKi44OV44Kj44Or44Og77yI44Gv44GM44GN44K144Kk44K644O7NeOCt+ODvOODiO+8iSAgW0VEVEZIRldd44CQ6L+U5ZOB56iu5YilQeOAkeOAkFJDUOOAkQ==[rn]
31-2659,aHR0cDovL3RzaG9wLnIxMHMuanAvamlzbS9jYWJpbmV0LzA2MTcvNDkwMTQ4MDAxNDI1OC5qcGc/Zml0aW49NzAwOjcwMA==,Mjc4NC4wMDAw,,5pel55So5ZOB6ZuR6LKo44O75paH5oi/5YW344O75omL6Iq4ID4g5paH5oi/5YW344O75LqL5YuZ55So5ZOBID4g44Op44OZ44Or44O744K544OG44OD44Kr44O8ID4g44Op44OZ44Or55So57SZ,S0ItQTE1MOOAkOeojui+vOOAkSDjgrPjgq/jg6ggUFBD55So57SZ44Op44OZ44Or77yI5YWx55So44K/44Kk44OX77yJQjUg44OO44O844Kr44OD44OIIDEwMOaemiBLT0tVWU8gU++8hlQgW0tCQTE1MF3jgJDov5Tlk4HnqK7liKVB44CR44CQUkNQ44CR,5qW95aSpU2hvcCBvZiB0aGUgWWVhciAyMDE2IOe3j+WQiOOCsOODqeODs+ODl+ODquWPl+iznuKYhQ==,5Zyo5bqr54q25rOB77ya5YWl6I235qyh56ys5Ye66I23PGJyPjxicj48YnI+PGZvbnQgY29sb3I9Ymx1ZT7ilqHjgIzov5Tlk4HnqK7liKXjgI3jgavjgaTjgYTjgaboqbPjgZfjgY/jga/jgZPjgaHjgonilqE8L2ZvbnQ+PGJyPjxicj48cD48YnI+PHA+PGZvbnQgY29sb3I9cmVkPuKAu+eUqOe0meWOmuOBlTEzNGcvbTLku6XkuIrjgavlr77lv5zjgZnjgovmqZ/nqK7jgafjgYrkvb/jgYTjgY/jgaDjgZXjgYTjgII8YnI+4oC755So57SZ56iu6aGe44GM6YG45oqe44Gn44GN44KL5qmf56iu44Gn44CM44Op44OZ44Or57SZ44CN44G+44Gf44Gv44CM5Y6a57SZ44CN44Gr6Kit5a6a44GX44CB5Y2w5Yi344GX44Gm44GP44Gg44GV44GE44CCPGJyPuOCpOODs+OCr+OCuOOCp+ODg+ODiOODl+ODquODs+OCv+OBruWgtOWQiOOBr+OAjOaZrumAmue0meOAjeOBq+ioreWumuOBl+OBpuOBj+OBoOOBleOBhOOAgjwvZm9udD48YnI+PGJyPuKXhuOBleOBvuOBluOBvuOBquODl+ODquODs+OCv+OBq+mBqeW/nOOBmeOCi+WFseeUqOODqeODmeODq+OBp+OBmeOAgjxicj7il4bljp/nqL/jgpLkvZzjgaPjgabjgYrjgZHjgbDjgIHlv4XopoHjgarmmYLjgavjgrPjg5Tjg7zjgZnjgovjgaDjgZHjgaflrpvlkI3jg6njg5njg6vjgpLnsKHljZjjgavkvZzmiJDjgII8YnI+4peG44OO44O844Kr44OD44OI44Gu44K344O844OI44K/44Kk44OX44Gv44CB55So6YCU44Gr5b+c44GY44Gm6Ieq55Sx44Gr44Kr44OD44OI44GX44Gm44GK5L2/44GE44GE44Gf44Gg44GR44G+44GZ44CCPGJyPijoo4/pnaLjgavjga/mlrnnnLznvavjgYzljbDliLfjgZXjgozjgabjgYTjgb7jgZnjga7jgafjgIHjgqvjg4Pjg4jjgavjgoLkvr/liKnjgafjgZkpPGJyPjxicj7ilqDjgIDku5XjgIDmp5jjgIDilqA8dWw+PGxpPuaemuaVsO+8mjEwMOaemjwvbGk+PGxpPuOCteOCpOOCuu+8mkI1KDI1N8OXMTgybW0pPC9saT48bGk+6Z2i5pWw77ya44OO44O844Kr44OD44OIKOOBr+OBjOOBmemam+OBq+S+v+WIqeOBquOCueODquODg+ODiDLmnKzlhaUpPC9saT48bGk+55So6YCU77ya6KGo56S655SoPC9saT48TEk+57SZ5Y6a77yaMTM0Zy9tMuODuzAuMTRtbTwvTEk+PGxpPueZveiJsuW6pu+8mjg177yF56iL5bqmKElTTyk8L2xpPjwvdWw+PGJyPjxicj48YnI+KOKAu+OBk+OBruiqrOaYjuaWh+OBr+alveWkqeW4guWgtOW6l+OBruiomOi8ieWGheWuueOBp+OBmeOAglVSTOOBr2h0dHA6Ly9pdGVtLnJha3V0ZW4uY28uanAvamlzbS/jgaflp4vjgb7jgorjgb7jgZnjgIJVUkzjgYznlbDjgarjgovpmpvjga/jgrXjgqTjg4jjgpLliKnnlKjjgZnjgovjgZPjgajjga7jgarjgYTjgojjgYbljYHliIbjgZTms6jmhI/jgY/jgaDjgZXjgYTjgIIpPHRhYmxlIHdpZHRoPSI2MDAiIGJvcmRlcj0wIGNlbGxwYWRkaW5nPTUgY2VsbHNwYWNpbmc9MCBiZ2NvbG9yPSIjRjBFREU0Ij48dHI+PHRkIGFsaWduPSJjZW50ZXIiIGJnY29sb3I9IiNCQkEwNEUiPgo8dGFibGUgd2lkdGg9IjU5MCIgYm9yZGVyPTAgY2VsbHBhZGRpbmc9MiBjZWxsc3BhY2luZz0xIGJnY29sb3I9IiNGMEVERTQiIHN1bW1hcnk9IiIgc3R5bGU9ImZvbnQtc2l6ZToxMnB4OyI+PHRyPjx0ZD7jgYrjgZnjgZnjgoHjgqvjg4bjgrTjg6rjg7zjgIDvvJrjgIDjgqjjgqLjgrPjg7PjgIDjg7vjgIDliqDmub/lmajjgIDjg7vjgIDlhrfolLXluqvjgIDjg7vjgIDjg5vjg4Pjg4jjgqvjg7zjg5rjg4Pjg4jjgIDjg7vjgIDluIPlm6Pkub7nh6XmqZ88L3RkPjwvdHI+PHRyPjx0ZCBhbGlnbj0iY2VudGVyIj7jgrTjg6vjg5Xjg5zjg7zjg6vjgIDjg7vjgIDmjoPpmaTmqZ/jg7vjgq/jg6rjg7zjg4rjg7zjgIDjg7vjgIDvvLTvvLbjgrLjg7zjg6DjgIDjg7vjgIDpm7vmsaDjgIDjg7vjgIDlhYXpm7vmsaDjg7vlhYXpm7vlmajjgIDjg7vjgIDjg6njg4Pjg5Tjg7PjgrDooosKPC90ZD48L3RyPjwvdGFibGU+CjwvdGQ+PC90cj48L3RhYmxlPjxicj4=,S0ItQTE1MOOAkOeojui+vOOAkSDjgrPjgq/jg6ggUFBD55So57SZ44Op44OZ44Or77yI5YWx55So44K/44Kk44OX77yJQjUg44OO44O844Kr44OD44OIIDEwMOaemiBLT0tVWU8gU++8hlQgW0tCQTE1MF3jgJDov5Tlk4HnqK7liKVB44CR44CQUkNQ44CR77yaSm9zaGluIHdlYiDlrrbpm7vjgahQQ+OBruWkp+Wei+WwgumWgOW6lw==,5a626Zu744OR44K944Kz44OzQVbmqZ/lmajpq5jntJrjgqrjg7zjg4fjgqPjgqrjg5vjg5Pjg7zjgYrjgoLjgaHjgoPjgrLjg7zjg6DpiYTpgZPmqKHlnovmmYLoqIhQQ+ODhuODrOODk+ODrOOCs+ODvOODgOODvOmbkeiyqOaooeWei+WGt+iUteW6q+a0l+a/r+apn+OCqOOCouOCs+ODs2dhbWVob2JieWNvbXB1dGVyS0ItQTE1MOOAkOeojui+vOOAkSDjgrPjgq/jg6ggUFBD55So57SZ44Op44OZ44Or77yI5YWx55So44K/44Kk44OX77yJQjUg44OO44O844Kr44OD44OIIDEwMOaemiBLT0tVWU8gU++8hlQgW0tCQTE1MF3jgJDov5Tlk4HnqK7liKVB44CR44CQUkNQ44CR,5qW95aSpU2hvcCBvZiB0aGUgWWVhciAyMDE2IOe3j+WQiOOCsOODqeODs+ODl+ODquWPl+iznuKYheOAgktCLUExNTDjgJDnqI7ovrzjgJEg44Kz44Kv44OoIFBQQ+eUqOe0meODqeODmeODq++8iOWFseeUqOOCv+OCpOODl++8iUI1IOODjuODvOOCq+ODg+ODiCAxMDDmnpogS09LVVlPIFPvvIZUIFtLQkExNTBd44CQ6L+U5ZOB56iu5YilQeOAkeOAkFJDUOOAkQ==[rn]
31-2660,aHR0cDovL3RzaG9wLnIxMHMuanAvamlzbS9jYWJpbmV0LzA0MDYvNDkwNjE4NjMzNTQyMy5qcGc/Zml0aW49NzAwOjcwMA==,MzIwLjAwMDA=,,5pel55So5ZOB6ZuR6LKo44O75paH5oi/5YW344O75omL6Iq4ID4g5paH5oi/5YW344O75LqL5YuZ55So5ZOBID4g44Op44OZ44Or44O744K544OG44OD44Kr44O8ID4g44Op44OZ44Or55So57SZ,MzM1NDLjgJDnqI7ovrzjgJEg44Ko44O844Ov44OzIOW4g+ODl+ODquOAgOOCouOCpOODreODs+aOpeedgOOCv+OCpOODl+OAgOODjeODvOODoOeUqOOBr+OBjOOBjeOCteOCpOOCuuOAgOWkmumdouS7mOODuzPjgrfjg7zjg4jvvIg2MOeJh++8iSAgWzMzNTQyXeOAkOi/lOWTgeeoruWIpUHjgJHjgJBSQ1DjgJE=,5qW95aSpU2hvcCBvZiB0aGUgWWVhciAyMDE2IOe3j+WQiOOCsOODqeODs+ODl+ODquWPl+iznuKYhQ==,5Zyo5bqr54q25rOB77ya5YWl6I235qyh56ys5Ye66I23PGJyPjxicj48YnI+PGZvbnQgY29sb3I9Ymx1ZT7ilqHjgIzov5Tlk4HnqK7liKXjgI3jgavjgaTjgYTjgaboqbPjgZfjgY/jga/jgZPjgaHjgonilqE8L2ZvbnQ+PGJyPjxmb250IHNpemU9JzInIGNvbG9yPScjQ0MwMDAwJz48Yj4yMDE15bm0MDHmnIgg55m65aOyPC9iPjwvZm9udD48YnI+PHA+PGJyPjxwPjxmb250IGNvbG9yPSJyZWQiPuKAu+mhlOaWmeOCpOODs+OCr+OBp+OBr+OAgeihqOmdoue0oOadkOOBrueJueaAp+S4iuOAgeOCpOODs+OCr+OBjOS5vuOBjeOBq+OBj+OBhOOBruOBp+OAgeWNsOWIt+mdouOBq+OBr+OBp+OBjeOCi+OBoOOBkeinpuOCjOOBquOBhOOCiOOBhuOBq+OBl+OBpuOBj+OBoOOBleOBhOOAgjwvZm9udD48YnI+PGJyPuKXhuOCouOCpOODreODs+OBp+aOpeedgOOBp+OBjeOCi+OAgea4qeOBi+OBv+OBruOBguOCi+e2vzEwMO+8hee0oOadkOOBruW4g+ijveODqeODmeODq+OBp+OBmeOAgjxicj7il4bnibnmrorliqDlt6XmioDooZPjgafmloflrZfjgoTjgqTjg6njgrnjg4jjgYzjgavjgZjjgb7jgZrjgIHjgY/jgaPjgY3jgorprq7jgoTjgYvjgavljbDliLfjgafjgY3jgb7jgZnjgII8YnI+4peG5rSX5r+vT0vvvIHjgIDoibLjgYzokL3jgaHjgavjgY/jgYTliqDlt6XjgpLmlr3jgZfjgabjgYTjgb7jgZnjgII8YnI+PGJyPuKWoOOAgOS7leanmOOAgOKWoDxVTD48TEk+5a++5b+c44OX44Oq44Oz44K/77ya44Kk44Oz44Kv44K444Kn44OD44OI77yI5p+T5paZ44CB6aGU5paZ77yJPC9MST48TEk+5YWl5pWw77yaM+OCt+ODvOODiO+8iDYw54mH77yJPC9MST48TEk+44K344O844OI44K144Kk44K677ya44Gv44GM44GN44K144Kk44K677yIMTAww5cxNDhtbe+8iTwvTEk+PExJPuS4gOeJh+OCteOCpOOCuu+8mjI0w5c4bW3jgIE0MMOXMTJtbeOAgTg0w5cyMG1tPC9MST48TEk+6Z2i5LuY77yaMjTDlzhtbSAxMumdouOAgTQww5cxMm1tIDbpnaLjgIE4NMOXMjBtbSAy6Z2iPC9MST48TEk+5Y6a44G/77yaMC4zMW1tPC9MST48TEk+44Op44OZ44Or44O744Kr44O844OJ5Y6a44G/77yaMC4yNG1tPC9MST48TEk+5p2Q6LOq77ya57a/MTAw77yF77yI57Sw55uu77yJPC9MST48TEk+55So57SZ54m55oCn77ya5rC044Gr5by344GEPC9MST48TEk+57KY552A54m55oCn77ya44GX44Gj44GL44KK6LK844KM44KLPC9MST48L1VMPjwhLS1DT05fU1QtLT48cD48aW1nIHNyYz1odHRwOi8vd3d3LnJha3V0ZW4ubmUuanAvZ29sZC9qaXNtL2ltZy9rYW5yZW5fYnIuZ2lmIGJvcmRlcj0wIHdpZHRoPTQwMCBoZWlnaHQ9NDA+PC9wPjxicj48YnI+PGJyPijigLvjgZPjga7oqqzmmI7mlofjga/mpb3lpKnluILloLTlupfjga7oqJjovInlhoXlrrnjgafjgZnjgIJVUkzjga9odHRwOi8vaXRlbS5yYWt1dGVuLmNvLmpwL2ppc20v44Gn5aeL44G+44KK44G+44GZ44CCVVJM44GM55Ww44Gq44KL6Zqb44Gv44K144Kk44OI44KS5Yip55So44GZ44KL44GT44Go44Gu44Gq44GE44KI44GG5Y2B5YiG44GU5rOo5oSP44GP44Gg44GV44GE44CCKTx0YWJsZSB3aWR0aD0iNjAwIiBib3JkZXI9MCBjZWxscGFkZGluZz01IGNlbGxzcGFjaW5nPTAgYmdjb2xvcj0iI0YwRURFNCI+PHRyPjx0ZCBhbGlnbj0iY2VudGVyIiBiZ2NvbG9yPSIjQkJBMDRFIj4KPHRhYmxlIHdpZHRoPSI1OTAiIGJvcmRlcj0wIGNlbGxwYWRkaW5nPTIgY2VsbHNwYWNpbmc9MSBiZ2NvbG9yPSIjRjBFREU0IiBzdW1tYXJ5PSIiIHN0eWxlPSJmb250LXNpemU6MTJweDsiPjx0cj48dGQ+44GK44GZ44GZ44KB44Kr44OG44K044Oq44O844CA77ya44CA44Ko44Ki44Kz44Oz44CA44O744CA5Yqg5rm/5Zmo44CA44O744CA5Ya36JS15bqr44CA44O744CA44Ob44OD44OI44Kr44O844Oa44OD44OI44CA44O744CA5biD5Zuj5Lm+54el5qmfPC90ZD48L3RyPjx0cj48dGQgYWxpZ249ImNlbnRlciI+44K044Or44OV44Oc44O844Or44CA44O744CA5o6D6Zmk5qmf44O744Kv44Oq44O844OK44O844CA44O744CA77y077y244Ky44O844Og44CA44O744CA6Zu75rGg44CA44O744CA5YWF6Zu75rGg44O75YWF6Zu75Zmo44CA44O744CA44Op44OD44OU44Oz44Kw6KKLCjwvdGQ+PC90cj48L3RhYmxlPgo8L3RkPjwvdHI+PC90YWJsZT48YnI+,MzM1NDLjgJDnqI7ovrzjgJEg44Ko44O844Ov44OzIOW4g+ODl+ODquOAgOOCouOCpOODreODs+aOpeedgOOCv+OCpOODl+OAgOODjeODvOODoOeUqOOBr+OBjOOBjeOCteOCpOOCuuOAgOWkmumdouS7mOODuzPjgrfjg7zjg4jvvIg2MOeJh++8iSAgWzMzNTQyXeOAkOi/lOWTgeeoruWIpUHjgJHjgJBSQ1DjgJHvvJpKb3NoaW4gd2ViIOWutumbu+OBqFBD44Gu5aSn5Z6L5bCC6ZaA5bqX,5a626Zu744OR44K944Kz44OzQVbmqZ/lmajpq5jntJrjgqrjg7zjg4fjgqPjgqrjg5vjg5Pjg7zjgYrjgoLjgaHjgoPjgrLjg7zjg6DpiYTpgZPmqKHlnovmmYLoqIhQQ+ODhuODrOODk+ODrOOCs+ODvOODgOODvOmbkeiyqOaooeWei+WGt+iUteW6q+a0l+a/r+apn+OCqOOCouOCs+ODs2dhbWVob2JieWNvbXB1dGVyMzM1NDLjgJDnqI7ovrzjgJEg44Ko44O844Ov44OzIOW4g+ODl+ODquOAgOOCouOCpOODreODs+aOpeedgOOCv+OCpOODl+OAgOODjeODvOODoOeUqOOBr+OBjOOBjeOCteOCpOOCuuOAgOWkmumdouS7mOODuzPjgrfjg7zjg4jvvIg2MOeJh++8iSAgWzMzNTQyXeOAkOi/lOWTgeeoruWIpUHjgJHjgJBSQ1DjgJE=,5qW95aSpU2hvcCBvZiB0aGUgWWVhciAyMDE2IOe3j+WQiOOCsOODqeODs+ODl+ODquWPl+iznuKYheOAgjMzNTQy44CQ56iO6L6844CRIOOCqOODvOODr+ODsyDluIPjg5fjg6rjgIDjgqLjgqTjg63jg7PmjqXnnYDjgr/jgqTjg5fjgIDjg43jg7zjg6DnlKjjga/jgYzjgY3jgrXjgqTjgrrjgIDlpJrpnaLku5jjg7sz44K344O844OI77yINjDniYfvvIkgIFszMzU0Ml3jgJDov5Tlk4HnqK7liKVB44CR44CQUkNQ44CR[rn]
31-2661,aHR0cDovL3RzaG9wLnIxMHMuanAvamlzbS9jYWJpbmV0LzA1MjYvNDkwNjE4NjUyMTEyMy5qcGc/Zml0aW49NzAwOjcwMA==,Mjg2NC4wMDAw,,5pel55So5ZOB6ZuR6LKo44O75paH5oi/5YW344O75omL6Iq4ID4g5paH5oi/5YW344O75LqL5YuZ55So5ZOBID4g44Op44OZ44Or44O744K544OG44OD44Kr44O8ID4g44Op44OZ44Or55So57SZ,NTIxMTLjgJDnqI7ovrzjgJEg44Ko44O844Ov44OzIOi7ouWGmeOCt+ODvOODqyDpgI/mmI7jgr/jgqTjg5fvvIhBNOWIpCDjg47jg7zjgqvjg4Pjg4jvvIk344K344O844OI5YWlICBbNTIxMTJd44CQ6L+U5ZOB56iu5YilQeOAkeOAkFJDUOOAkQ==,5qW95aSpU2hvcCBvZiB0aGUgWWVhciAyMDE2IOe3j+WQiOOCsOODqeODs+ODl+ODquWPl+iznuKYhQ==,5Zyo5bqr54q25rOB77ya5YWl6I235qyh56ys5Ye66I23PGJyPjxicj48YnI+PGZvbnQgY29sb3I9Ymx1ZT7ilqHjgIzov5Tlk4HnqK7liKXjgI3jgavjgaTjgYTjgaboqbPjgZfjgY/jga/jgZPjgaHjgonilqE8L2ZvbnQ+PGJyPjxmb250IHNpemU9JzInIGNvbG9yPScjQ0MwMDAwJz48Yj4yMDE25bm0MDbmnIgg55m65aOyPC9iPjwvZm9udD48YnI+PHA+PGJyPjxwPjxicj7il4bmsLTjgpLkvb/jgaPjgabjg5Tjg4Pjgr/jg6rou6LlhpnvvIHjgIDjgqrjg6rjgrjjg4rjg6vjga7jgr/jg4jjgqXjg7zjgrfjg7zjg6vjgoTjg43jgqTjg6vjgrfjg7zjg6vjgIHmqKHlnovjgarjganjga7lsI/nianoo4Xpo77jgrfjg7zjg6vjgavjgoLjgII8YnI+4peG44K344O844Or44GM6JaE44GP44CB5Li444G/44KS5biv44Gz44Gf44Go44GT44KN44Gr44KC6L+96ZqP44GX44G+44GZ44CCPGJyPuKXhumAj+aYjuOBqueziuOCkuS9v+eUqOOBl+OBpuOBhOOCi+OBruOBp+OAgeiCjOOBq+OCguOBquOBmOOBv+OAgeiHqueEtuOBquS7leS4iuOBjOOCijxicj48YnI+4pag44CA5LuV44CA5qeY44CA4pagPFVMPjxsaT7lr77lv5zjg5fjg6rjg7Pjgr/vvJrjgqTjg7Pjgq/jgrjjgqfjg4Pjg4jvvIjmn5Pmlpnjga7jgb/vvIk8L2xpPjxsaT7jgrfjg7zjg4jjgrXjgqTjgrrvvJpBNOWIpO+8iDIxMMOXMjk3bW3vvIk8L2xpPjxsaT7pnaLku5jvvJox6Z2iIDHliJfDlzHmrrUgPC9saT48bGk+5Y6a44G/77yaMC4yMW1tPC9saT48bGk+5p2Q6LOq77ya5aGX5bel57SZK+mAj+aYjueziuODleOCo+ODq+ODoDwvbGk+PGxpPueUqOe0meeJueaAp++8mumAj+aYjuODleOCo+ODq+ODoDwvbGk+PGxpPuWFpeaVsO+8mjfjgrvjg4Pjg4g8L2xpPjwvVUw+PGJyPjxicj48YnI+KOKAu+OBk+OBruiqrOaYjuaWh+OBr+alveWkqeW4guWgtOW6l+OBruiomOi8ieWGheWuueOBp+OBmeOAglVSTOOBr2h0dHA6Ly9pdGVtLnJha3V0ZW4uY28uanAvamlzbS/jgaflp4vjgb7jgorjgb7jgZnjgIJVUkzjgYznlbDjgarjgovpmpvjga/jgrXjgqTjg4jjgpLliKnnlKjjgZnjgovjgZPjgajjga7jgarjgYTjgojjgYbljYHliIbjgZTms6jmhI/jgY/jgaDjgZXjgYTjgIIpPHRhYmxlIHdpZHRoPSI2MDAiIGJvcmRlcj0wIGNlbGxwYWRkaW5nPTUgY2VsbHNwYWNpbmc9MCBiZ2NvbG9yPSIjRjBFREU0Ij48dHI+PHRkIGFsaWduPSJjZW50ZXIiIGJnY29sb3I9IiNCQkEwNEUiPgo8dGFibGUgd2lkdGg9IjU5MCIgYm9yZGVyPTAgY2VsbHBhZGRpbmc9MiBjZWxsc3BhY2luZz0xIGJnY29sb3I9IiNGMEVERTQiIHN1bW1hcnk9IiIgc3R5bGU9ImZvbnQtc2l6ZToxMnB4OyI+PHRyPjx0ZD7jgYrjgZnjgZnjgoHjgqvjg4bjgrTjg6rjg7zjgIDvvJrjgIDjgqjjgqLjgrPjg7PjgIDjg7vjgIDliqDmub/lmajjgIDjg7vjgIDlhrfolLXluqvjgIDjg7vjgIDjg5vjg4Pjg4jjgqvjg7zjg5rjg4Pjg4jjgIDjg7vjgIDluIPlm6Pkub7nh6XmqZ88L3RkPjwvdHI+PHRyPjx0ZCBhbGlnbj0iY2VudGVyIj7jgrTjg6vjg5Xjg5zjg7zjg6vjgIDjg7vjgIDmjoPpmaTmqZ/jg7vjgq/jg6rjg7zjg4rjg7zjgIDjg7vjgIDvvLTvvLbjgrLjg7zjg6DjgIDjg7vjgIDpm7vmsaDjgIDjg7vjgIDlhYXpm7vmsaDjg7vlhYXpm7vlmajjgIDjg7vjgIDjg6njg4Pjg5Tjg7PjgrDooosKPC90ZD48L3RyPjwvdGFibGU+CjwvdGQ+PC90cj48L3RhYmxlPjxicj4=,NTIxMTLjgJDnqI7ovrzjgJEg44Ko44O844Ov44OzIOi7ouWGmeOCt+ODvOODqyDpgI/mmI7jgr/jgqTjg5fvvIhBNOWIpCDjg47jg7zjgqvjg4Pjg4jvvIk344K344O844OI5YWlICBbNTIxMTJd44CQ6L+U5ZOB56iu5YilQeOAkeOAkFJDUOOAke+8mkpvc2hpbiB3ZWIg5a626Zu744GoUEPjga7lpKflnovlsILploDlupc=,5a626Zu744OR44K944Kz44OzQVbmqZ/lmajpq5jntJrjgqrjg7zjg4fjgqPjgqrjg5vjg5Pjg7zjgYrjgoLjgaHjgoPjgrLjg7zjg6DpiYTpgZPmqKHlnovmmYLoqIhQQ+ODhuODrOODk+ODrOOCs+ODvOODgOODvOmbkeiyqOaooeWei+WGt+iUteW6q+a0l+a/r+apn+OCqOOCouOCs+ODs2dhbWVob2JieWNvbXB1dGVyNTIxMTLjgJDnqI7ovrzjgJEg44Ko44O844Ov44OzIOi7ouWGmeOCt+ODvOODqyDpgI/mmI7jgr/jgqTjg5fvvIhBNOWIpCDjg47jg7zjgqvjg4Pjg4jvvIk344K344O844OI5YWlICBbNTIxMTJd44CQ6L+U5ZOB56iu5YilQeOAkeOAkFJDUOOAkQ==,5qW95aSpU2hvcCBvZiB0aGUgWWVhciAyMDE2IOe3j+WQiOOCsOODqeODs+ODl+ODquWPl+iznuKYheOAgjUyMTEy44CQ56iO6L6844CRIOOCqOODvOODr+ODsyDou6Llhpnjgrfjg7zjg6sg6YCP5piO44K/44Kk44OX77yIQTTliKQg44OO44O844Kr44OD44OI77yJN+OCt+ODvOODiOWFpSAgWzUyMTEyXeOAkOi/lOWTgeeoruWIpUHjgJHjgJBSQ1DjgJE=[rn]
31-2662,aHR0cDovL3RzaG9wLnIxMHMuanAvamlzbS9jYWJpbmV0LzA1MjYvNDkwNjE4NjUyMTAyNC5qcGc/Zml0aW49NzAwOjcwMA==,MTY3Mi4wMDAw,,5pel55So5ZOB6ZuR6LKo44O75paH5oi/5YW344O75omL6Iq4ID4g5paH5oi/5YW344O75LqL5YuZ55So5ZOBID4g44Op44OZ44Or44O744K544OG44OD44Kr44O8ID4g44Op44OZ44Or55So57SZ,NTIxMDLjgJDnqI7ovrzjgJEg44Ko44O844Ov44OzIOi7ouWGmeOCt+ODvOODqyDpgI/mmI7jgr/jgqTjg5fvvIhBNOWIpCDjg47jg7zjgqvjg4Pjg4jvvIk044K344O844OI5YWlICBbNTIxMDJd44CQ6L+U5ZOB56iu5YilQeOAkeOAkFJDUOOAkQ==,5qW95aSpU2hvcCBvZiB0aGUgWWVhciAyMDE2IOe3j+WQiOOCsOODqeODs+ODl+ODquWPl+iznuKYhQ==,5Zyo5bqr54q25rOB77ya5YWl6I235qyh56ys5Ye66I23PGJyPjxicj48YnI+PGZvbnQgY29sb3I9Ymx1ZT7ilqHjgIzov5Tlk4HnqK7liKXjgI3jgavjgaTjgYTjgaboqbPjgZfjgY/jga/jgZPjgaHjgonilqE8L2ZvbnQ+PGJyPjxmb250IHNpemU9JzInIGNvbG9yPScjQ0MwMDAwJz48Yj4yMDE25bm0MDbmnIgg55m65aOyPC9iPjwvZm9udD48YnI+PHA+PGJyPjxwPjxicj7il4bmsLTjgpLkvb/jgaPjgabjg5Tjg4Pjgr/jg6rou6LlhpnvvIHjgIDjgqrjg6rjgrjjg4rjg6vjga7jgr/jg4jjgqXjg7zjgrfjg7zjg6vjgoTjg43jgqTjg6vjgrfjg7zjg6vjgIHmqKHlnovjgarjganjga7lsI/nianoo4Xpo77jgrfjg7zjg6vjgavjgoLjgII8YnI+4peG44K344O844Or44GM6JaE44GP44CB5Li444G/44KS5biv44Gz44Gf44Go44GT44KN44Gr44KC6L+96ZqP44GX44G+44GZ44CCPGJyPuKXhumAj+aYjuOBqueziuOCkuS9v+eUqOOBl+OBpuOBhOOCi+OBruOBp+OAgeiCjOOBq+OCguOBquOBmOOBv+OAgeiHqueEtuOBquS7leS4iuOBjOOCijxicj48YnI+4pag44CA5LuV44CA5qeY44CA4pagPFVMPjxsaT7lr77lv5zjg5fjg6rjg7Pjgr/vvJrjgqTjg7Pjgq/jgrjjgqfjg4Pjg4jvvIjmn5Pmlpnjga7jgb/vvIk8L2xpPjxsaT7jgrfjg7zjg4jjgrXjgqTjgrrvvJpBNOWIpO+8iDIxMMOXMjk3bW3vvIk8L2xpPjxsaT7pnaLku5jvvJox6Z2iIDHliJfDlzHmrrUgPC9saT48bGk+5Y6a44G/77yaMC4yMW1tPC9saT48bGk+5p2Q6LOq77ya5aGX5bel57SZK+mAj+aYjueziuODleOCo+ODq+ODoDwvbGk+PGxpPueUqOe0meeJueaAp++8mumAj+aYjuODleOCo+ODq+ODoDwvbGk+PGxpPuWFpeaVsO+8mjTjgrvjg4Pjg4g8L2xpPjwvVUw+PGJyPjxicj48YnI+KOKAu+OBk+OBruiqrOaYjuaWh+OBr+alveWkqeW4guWgtOW6l+OBruiomOi8ieWGheWuueOBp+OBmeOAglVSTOOBr2h0dHA6Ly9pdGVtLnJha3V0ZW4uY28uanAvamlzbS/jgaflp4vjgb7jgorjgb7jgZnjgIJVUkzjgYznlbDjgarjgovpmpvjga/jgrXjgqTjg4jjgpLliKnnlKjjgZnjgovjgZPjgajjga7jgarjgYTjgojjgYbljYHliIbjgZTms6jmhI/jgY/jgaDjgZXjgYTjgIIpPHRhYmxlIHdpZHRoPSI2MDAiIGJvcmRlcj0wIGNlbGxwYWRkaW5nPTUgY2VsbHNwYWNpbmc9MCBiZ2NvbG9yPSIjRjBFREU0Ij48dHI+PHRkIGFsaWduPSJjZW50ZXIiIGJnY29sb3I9IiNCQkEwNEUiPgo8dGFibGUgd2lkdGg9IjU5MCIgYm9yZGVyPTAgY2VsbHBhZGRpbmc9MiBjZWxsc3BhY2luZz0xIGJnY29sb3I9IiNGMEVERTQiIHN1bW1hcnk9IiIgc3R5bGU9ImZvbnQtc2l6ZToxMnB4OyI+PHRyPjx0ZD7jgYrjgZnjgZnjgoHjgqvjg4bjgrTjg6rjg7zjgIDvvJrjgIDjgqjjgqLjgrPjg7PjgIDjg7vjgIDliqDmub/lmajjgIDjg7vjgIDlhrfolLXluqvjgIDjg7vjgIDjg5vjg4Pjg4jjgqvjg7zjg5rjg4Pjg4jjgIDjg7vjgIDluIPlm6Pkub7nh6XmqZ88L3RkPjwvdHI+PHRyPjx0ZCBhbGlnbj0iY2VudGVyIj7jgrTjg6vjg5Xjg5zjg7zjg6vjgIDjg7vjgIDmjoPpmaTmqZ/jg7vjgq/jg6rjg7zjg4rjg7zjgIDjg7vjgIDvvLTvvLbjgrLjg7zjg6DjgIDjg7vjgIDpm7vmsaDjgIDjg7vjgIDlhYXpm7vmsaDjg7vlhYXpm7vlmajjgIDjg7vjgIDjg6njg4Pjg5Tjg7PjgrDooosKPC90ZD48L3RyPjwvdGFibGU+CjwvdGQ+PC90cj48L3RhYmxlPjxicj4=,NTIxMDLjgJDnqI7ovrzjgJEg44Ko44O844Ov44OzIOi7ouWGmeOCt+ODvOODqyDpgI/mmI7jgr/jgqTjg5fvvIhBNOWIpCDjg47jg7zjgqvjg4Pjg4jvvIk044K344O844OI5YWlICBbNTIxMDJd44CQ6L+U5ZOB56iu5YilQeOAkeOAkFJDUOOAke+8mkpvc2hpbiB3ZWIg5a626Zu744GoUEPjga7lpKflnovlsILploDlupc=,5a626Zu744OR44K944Kz44OzQVbmqZ/lmajpq5jntJrjgqrjg7zjg4fjgqPjgqrjg5vjg5Pjg7zjgYrjgoLjgaHjgoPjgrLjg7zjg6DpiYTpgZPmqKHlnovmmYLoqIhQQ+ODhuODrOODk+ODrOOCs+ODvOODgOODvOmbkeiyqOaooeWei+WGt+iUteW6q+a0l+a/r+apn+OCqOOCouOCs+ODs2dhbWVob2JieWNvbXB1dGVyNTIxMDLjgJDnqI7ovrzjgJEg44Ko44O844Ov44OzIOi7ouWGmeOCt+ODvOODqyDpgI/mmI7jgr/jgqTjg5fvvIhBNOWIpCDjg47jg7zjgqvjg4Pjg4jvvIk044K344O844OI5YWlICBbNTIxMDJd44CQ6L+U5ZOB56iu5YilQeOAkeOAkFJDUOOAkQ==,5qW95aSpU2hvcCBvZiB0aGUgWWVhciAyMDE2IOe3j+WQiOOCsOODqeODs+ODl+ODquWPl+iznuKYheOAgjUyMTAy44CQ56iO6L6844CRIOOCqOODvOODr+ODsyDou6Llhpnjgrfjg7zjg6sg6YCP5piO44K/44Kk44OX77yIQTTliKQg44OO44O844Kr44OD44OI77yJNOOCt+ODvOODiOWFpSAgWzUyMTAyXeOAkOi/lOWTgeeoruWIpUHjgJHjgJBSQ1DjgJE=[rn]
31-2663,aHR0cDovL3RzaG9wLnIxMHMuanAvamlzbS9jYWJpbmV0LzA1MjEvNDkwNjE4NjI4MTc2OC5qcGc/Zml0aW49NzAwOjcwMA==,MjMyMC4wMDAw,,5pel55So5ZOB6ZuR6LKo44O75paH5oi/5YW344O75omL6Iq4ID4g5paH5oi/5YW344O75LqL5YuZ55So5ZOBID4g44Op44OZ44Or44O744K544OG44OD44Kr44O8ID4g44Op44OZ44Or55So57SZ,MjgxNzYo44KoLeODr+ODsynjgJDnqI7ovrzjgJEg44Ko44O844Ov44OzIOODkeOCveOCs+ODs+ODl+ODquODs+OCv++8huODr+ODvOODl+ODreODqeODmeODq+OCt+ODvOODq+OAjOODl+ODquODs+OCv+WFvOeUqOOAjeWvjOWjq+mAmk9BU1lT44K344Oq44O844K644K/44Kk44OX44CA44Oe44OD44OI57SZ44O744Ob44Ov44Kk44OIIEE05YikIDEy6Z2iIEEtb25lIFsyODE3NuOCqOODr+ODs13jgJDov5Tlk4HnqK7liKVB44CR44CQUkNQ44CR,5qW95aSpU2hvcCBvZiB0aGUgWWVhciAyMDE2IOe3j+WQiOOCsOODqeODs+ODl+ODquWPl+iznuKYhQ==,5Zyo5bqr54q25rOB77ya5YWl6I235qyh56ys5Ye66I23PGJyPjxicj48YnI+PGZvbnQgY29sb3I9Ymx1ZT7ilqHjgIzov5Tlk4HnqK7liKXjgI3jgavjgaTjgYTjgaboqbPjgZfjgY/jga/jgZPjgaHjgonilqE8L2ZvbnQ+PGJyPjxmb250IHNpemU9JzInIGNvbG9yPScjQ0MwMDAwJz48Yj4xOTkw5bm0MDfmnIgg55m65aOyPC9iPjwvZm9udD48YnI+PHA+PGJyPjxwPjxicj7il4bjgYTjgo3jgYTjgo3jgarjg5fjg6rjg7Pjgr/jgafljbDliLfjgafjgY3jgovjg6njg5njg6vjgafjgZnjgII8QlI+4peG5a6b5ZCN55So44KE6KGo56S655So44Gu44Op44OZ44Or44GM5omL6Lu944Gr44Kt44Os44Kk44Gr5L2c44KM44G+44GZ44CCPEJSPuKXhuWkmuOBj+OBruODkeOCveOCs+ODs+OCveODleODiOOBp+aOqOWlqOOBleOCjOOBpuOBhOOBvuOBmeOAgjxicj7ilqDjgIDku5Xmp5jjgIDilqA8VUw+PExJPuWFpeaVsO+8mjEwMOOCt+ODvOODiCgxMjAw54mHKTwvTEk+PExJPuOCt+ODvOODiOOCteOCpOOCuu+8mkE05YikIO+8iDIxMMOXMjk3bW3vvIk8L0xJPiA8TEk+5LiA54mH44K144Kk44K677yaODMuOG1tw5c0Mi4zbW08L0xJPjxMST7pnaLku5jvvJoxMumdoiAy5YiXw5c25q61ICA8L0xJPjxMST7ljprjgb/vvJoxMjBnL208c3VwPjxzbWFsbD4yPC9zbWFsbD48L3N1cD7vvIgwLjEzbW3vvIk8L0xJPiA8TEk+44Op44OZ44Or44O744Kr44O844OJ5Y6a44G/77yaMC4wN21tPC9MST48TEk+5p2Q6LOq77ya5LiK6LOq57SZPC9MST4gPExJPueUqOe0meeJueaAp++8muODnuODg+ODiDwvTEk+PC9VTD48YnI+PGJyPjxicj4o4oC744GT44Gu6Kqs5piO5paH44Gv5qW95aSp5biC5aC05bqX44Gu6KiY6LyJ5YaF5a6544Gn44GZ44CCVVJM44GvaHR0cDovL2l0ZW0ucmFrdXRlbi5jby5qcC9qaXNtL+OBp+Wni+OBvuOCiuOBvuOBmeOAglVSTOOBjOeVsOOBquOCi+mam+OBr+OCteOCpOODiOOCkuWIqeeUqOOBmeOCi+OBk+OBqOOBruOBquOBhOOCiOOBhuWNgeWIhuOBlOazqOaEj+OBj+OBoOOBleOBhOOAgik8dGFibGUgd2lkdGg9IjYwMCIgYm9yZGVyPTAgY2VsbHBhZGRpbmc9NSBjZWxsc3BhY2luZz0wIGJnY29sb3I9IiNGMEVERTQiPjx0cj48dGQgYWxpZ249ImNlbnRlciIgYmdjb2xvcj0iI0JCQTA0RSI+Cjx0YWJsZSB3aWR0aD0iNTkwIiBib3JkZXI9MCBjZWxscGFkZGluZz0yIGNlbGxzcGFjaW5nPTEgYmdjb2xvcj0iI0YwRURFNCIgc3VtbWFyeT0iIiBzdHlsZT0iZm9udC1zaXplOjEycHg7Ij48dHI+PHRkPuOBiuOBmeOBmeOCgeOCq+ODhuOCtOODquODvOOAgO+8muOAgOOCqOOCouOCs+ODs+OAgOODu+OAgOWKoOa5v+WZqOOAgOODu+OAgOWGt+iUteW6q+OAgOODu+OAgOODm+ODg+ODiOOCq+ODvOODmuODg+ODiOOAgOODu+OAgOW4g+Wbo+S5vueHpeapnzwvdGQ+PC90cj48dHI+PHRkIGFsaWduPSJjZW50ZXIiPuOCtOODq+ODleODnOODvOODq+OAgOODu+OAgOaOg+mZpOapn+ODu+OCr+ODquODvOODiuODvOOAgOODu+OAgO+8tO+8tuOCsuODvOODoOOAgOODu+OAgOmbu+axoOOAgOODu+OAgOWFhembu+axoOODu+WFhembu+WZqOOAgOODu+OAgOODqeODg+ODlOODs+OCsOiiiwo8L3RkPjwvdHI+PC90YWJsZT4KPC90ZD48L3RyPjwvdGFibGU+PGJyPg==,MjgxNzYo44KoLeODr+ODsynjgJDnqI7ovrzjgJEg44Ko44O844Ov44OzIOODkeOCveOCs+ODs+ODl+ODquODs+OCv++8huODr+ODvOODl+ODreODqeODmeODq+OCt+ODvOODq+OAjOODl+ODquODs+OCv+WFvOeUqOOAjeWvjOWjq+mAmk9BU1lT44K344Oq44O844K644K/44Kk44OX44CA44Oe44OD44OI57SZ44O744Ob44Ov44Kk44OIIEE05YikIDEy6Z2iIEEtb25lIFsyODE3NuOCqOODr+ODs13jgJDov5Tlk4HnqK7liKVB44CR44CQUkNQ44CR77yaSm9zaGluIHdlYiDlrrbpm7vjgahQQ+OBruWkp+Wei+WwgumWgOW6lw==,5a626Zu744OR44K944Kz44OzQVbmqZ/lmajpq5jntJrjgqrjg7zjg4fjgqPjgqrjg5vjg5Pjg7zjgYrjgoLjgaHjgoPjgrLjg7zjg6DpiYTpgZPmqKHlnovmmYLoqIhQQ+ODhuODrOODk+ODrOOCs+ODvOODgOODvOmbkeiyqOaooeWei+WGt+iUteW6q+a0l+a/r+apn+OCqOOCouOCs+ODs2dhbWVob2JieWNvbXB1dGVyMjgxNzYo44KoLeODr+ODsynjgJDnqI7ovrzjgJEg44Ko44O844Ov44OzIOODkeOCveOCs+ODs+ODl+ODquODs+OCv++8huODr+ODvOODl+ODreODqeODmeODq+OCt+ODvOODq+OAjOODl+ODquODs+OCv+WFvOeUqOOAjeWvjOWjq+mAmk9BU1lT44K344Oq44O844K644K/44Kk44OX44CA44Oe44OD44OI57SZ44O744Ob44Ov44Kk44OIIEE05YikIDEy6Z2iIEEtb25lIFsyODE3NuOCqOODr+ODs13jgJDov5Tlk4HnqK7liKVB44CR44CQUkNQ44CR,5qW95aSpU2hvcCBvZiB0aGUgWWVhciAyMDE2IOe3j+WQiOOCsOODqeODs+ODl+ODquWPl+iznuKYheOAgjI4MTc2KOOCqC3jg6/jg7Mp44CQ56iO6L6844CRIOOCqOODvOODr+ODsyDjg5Hjgr3jgrPjg7Pjg5fjg6rjg7Pjgr/vvIbjg6/jg7zjg5fjg63jg6njg5njg6vjgrfjg7zjg6vjgIzjg5fjg6rjg7Pjgr/lhbznlKjjgI3lr4zlo6vpgJpPQVNZU+OCt+ODquODvOOCuuOCv+OCpOODl+OAgOODnuODg+ODiOe0meODu+ODm+ODr+OCpOODiCBBNOWIpCAxMumdoiBBLW9uZSBbMjgxNzbjgqjjg6/jg7Nd44CQ6L+U5ZOB56iu5YilQeOAkeOAkFJDUOOAkQ==[rn]
31-2664,aHR0cDovL3RzaG9wLnIxMHMuanAvamlzbS9jYWJpbmV0LzAwMzYvNDkwNjE4NjI4MzY2My5qcGc/Zml0aW49NzAwOjcwMA==,MjgwOC4wMDAw,,5pel55So5ZOB6ZuR6LKo44O75paH5oi/5YW344O75omL6Iq4ID4g5paH5oi/5YW344O75LqL5YuZ55So5ZOBID4g44Op44OZ44Or44O744K544OG44OD44Kr44O8ID4g44Op44OZ44Or55So57SZ,MjgzNjbjgJDnqI7ovrzjgJEg44Ko44O844Ov44OzIOODrOODvOOCtuODvOODl+ODquODs+OCv+ODqeODmeODqyBBNOWIpCAyNOmdouWum+WQjeODu+ihqOekuueUqCAxMDDjgrfjg7zjg4gg44Os44O844K244O844OX44Oq44Oz44K/44Op44OZ44OrIFsyODM2NuOCqOODr+ODs13jgJDov5Tlk4HnqK7liKVB44CR44CQUkNQ44CR,5qW95aSpU2hvcCBvZiB0aGUgWWVhciAyMDE2IOe3j+WQiOOCsOODqeODs+ODl+ODquWPl+iznuKYhQ==,5Zyo5bqr54q25rOB77ya5YWl6I235qyh56ys5Ye66I23PGJyPjxicj48YnI+PGZvbnQgY29sb3I9Ymx1ZT7ilqHjgIzov5Tlk4HnqK7liKXjgI3jgavjgaTjgYTjgaboqbPjgZfjgY/jga/jgZPjgaHjgonilqE8L2ZvbnQ+PGJyPjxicj48cD48YnI+PHA+PGJyPuaJi+mWk+OBruOBi+OBi+OCi+Wum+WQjeOChOihqOekuuODqeODmeODq+OBjOOBiuaJi+i7veODu+OCreODrOOCpOOAgjxicj4g54m55q6K5Yqg5bel44Gn5oqc576k44Gu44OI44OK44O85a6a552A44KS5a6f54++44CCPGJyPjxicj7jgJDku5Xmp5jjgJE8YnI+5LiA54mH44K144Kk44K677yaNzDDlzMzLjltbTxicj7ljprjgb/vvJoxMzBnL208c3VwPjxzbWFsbD4yPC9zbWFsbD48L3N1cD7vvIgwLjE0bW0pPGJyPue0oOadkO+8muWhl+W3pee0me+8iOODnuODg+ODiOOCv+OCpOODl++8iTxicj7lhaXjgormlbDvvJoxMDDjgrfjg7zjg4jvvIgyNDAw54mH77yJPGJyPjxicj48YnI+PGJyPjxicj48YnI+KOKAu+OBk+OBruiqrOaYjuaWh+OBr+alveWkqeW4guWgtOW6l+OBruiomOi8ieWGheWuueOBp+OBmeOAglVSTOOBr2h0dHA6Ly9pdGVtLnJha3V0ZW4uY28uanAvamlzbS/jgaflp4vjgb7jgorjgb7jgZnjgIJVUkzjgYznlbDjgarjgovpmpvjga/jgrXjgqTjg4jjgpLliKnnlKjjgZnjgovjgZPjgajjga7jgarjgYTjgojjgYbljYHliIbjgZTms6jmhI/jgY/jgaDjgZXjgYTjgIIpPHRhYmxlIHdpZHRoPSI2MDAiIGJvcmRlcj0wIGNlbGxwYWRkaW5nPTUgY2VsbHNwYWNpbmc9MCBiZ2NvbG9yPSIjRjBFREU0Ij48dHI+PHRkIGFsaWduPSJjZW50ZXIiIGJnY29sb3I9IiNCQkEwNEUiPgo8dGFibGUgd2lkdGg9IjU5MCIgYm9yZGVyPTAgY2VsbHBhZGRpbmc9MiBjZWxsc3BhY2luZz0xIGJnY29sb3I9IiNGMEVERTQiIHN1bW1hcnk9IiIgc3R5bGU9ImZvbnQtc2l6ZToxMnB4OyI+PHRyPjx0ZD7jgYrjgZnjgZnjgoHjgqvjg4bjgrTjg6rjg7zjgIDvvJrjgIDjgqjjgqLjgrPjg7PjgIDjg7vjgIDliqDmub/lmajjgIDjg7vjgIDlhrfolLXluqvjgIDjg7vjgIDjg5vjg4Pjg4jjgqvjg7zjg5rjg4Pjg4jjgIDjg7vjgIDluIPlm6Pkub7nh6XmqZ88L3RkPjwvdHI+PHRyPjx0ZCBhbGlnbj0iY2VudGVyIj7jgrTjg6vjg5Xjg5zjg7zjg6vjgIDjg7vjgIDmjoPpmaTmqZ/jg7vjgq/jg6rjg7zjg4rjg7zjgIDjg7vjgIDvvLTvvLbjgrLjg7zjg6DjgIDjg7vjgIDpm7vmsaDjgIDjg7vjgIDlhYXpm7vmsaDjg7vlhYXpm7vlmajjgIDjg7vjgIDjg6njg4Pjg5Tjg7PjgrDooosKPC90ZD48L3RyPjwvdGFibGU+CjwvdGQ+PC90cj48L3RhYmxlPjxicj4=,MjgzNjbjgJDnqI7ovrzjgJEg44Ko44O844Ov44OzIOODrOODvOOCtuODvOODl+ODquODs+OCv+ODqeODmeODqyBBNOWIpCAyNOmdouWum+WQjeODu+ihqOekuueUqCAxMDDjgrfjg7zjg4gg44Os44O844K244O844OX44Oq44Oz44K/44Op44OZ44OrIFsyODM2NuOCqOODr+ODs13jgJDov5Tlk4HnqK7liKVB44CR44CQUkNQ44CR77yaSm9zaGluIHdlYiDlrrbpm7vjgahQQ+OBruWkp+Wei+WwgumWgOW6lw==,5a626Zu744OR44K944Kz44OzQVbmqZ/lmajpq5jntJrjgqrjg7zjg4fjgqPjgqrjg5vjg5Pjg7zjgYrjgoLjgaHjgoPjgrLjg7zjg6DpiYTpgZPmqKHlnovmmYLoqIhQQ+ODhuODrOODk+ODrOOCs+ODvOODgOODvOmbkeiyqOaooeWei+WGt+iUteW6q+a0l+a/r+apn+OCqOOCouOCs+ODs2dhbWVob2JieWNvbXB1dGVyMjgzNjbjgJDnqI7ovrzjgJEg44Ko44O844Ov44OzIOODrOODvOOCtuODvOODl+ODquODs+OCv+ODqeODmeODqyBBNOWIpCAyNOmdouWum+WQjeODu+ihqOekuueUqCAxMDDjgrfjg7zjg4gg44Os44O844K244O844OX44Oq44Oz44K/44Op44OZ44OrIFsyODM2NuOCqOODr+ODs13jgJDov5Tlk4HnqK7liKVB44CR44CQUkNQ44CR,5qW95aSpU2hvcCBvZiB0aGUgWWVhciAyMDE2IOe3j+WQiOOCsOODqeODs+ODl+ODquWPl+iznuKYheOAgjI4MzY244CQ56iO6L6844CRIOOCqOODvOODr+ODsyDjg6zjg7zjgrbjg7zjg5fjg6rjg7Pjgr/jg6njg5njg6sgQTTliKQgMjTpnaLlrpvlkI3jg7vooajnpLrnlKggMTAw44K344O844OIIOODrOODvOOCtuODvOODl+ODquODs+OCv+ODqeODmeODqyBbMjgzNjbjgqjjg6/jg7Nd44CQ6L+U5ZOB56iu5YilQeOAkeOAkFJDUOOAkQ==[rn]
31-2665,aHR0cDovL3RzaG9wLnIxMHMuanAvamlzbS9jYWJpbmV0LzAwMzYvNDkwNjE4NjI4Mzg3OC5qcGc/Zml0aW49NzAwOjcwMA==,NjU2LjAwMDA=,,5pel55So5ZOB6ZuR6LKo44O75paH5oi/5YW344O75omL6Iq4ID4g5paH5oi/5YW344O75LqL5YuZ55So5ZOBID4g44Op44OZ44Or44O744K544OG44OD44Kr44O8ID4g44Op44OZ44Or55So57SZ,MjgzODfjgJDnqI7ovrzjgJEg44Ko44O844Ov44OzIOODrOODvOOCtuODvOODl+ODquODs+OCv+ODqeODmeODqyBBNOWIpDEw6Z2i5a6b5ZCN44O76KGo56S655SoIDIw44K344O844OIIOODrOODvOOCtuODvOODl+ODquODs+OCv+ODqeODmeODqyBbMjgzODfjgqjjg6/jg7Nd44CQ6L+U5ZOB56iu5YilQeOAkeOAkFJDUOOAkQ==,5qW95aSpU2hvcCBvZiB0aGUgWWVhciAyMDE2IOe3j+WQiOOCsOODqeODs+ODl+ODquWPl+iznuKYhQ==,5Zyo5bqr54q25rOB77ya5YWl6I235qyh56ys5Ye66I23PGJyPjxicj48YnI+PGZvbnQgY29sb3I9Ymx1ZT7ilqHjgIzov5Tlk4HnqK7liKXjgI3jgavjgaTjgYTjgaboqbPjgZfjgY/jga/jgZPjgaHjgonilqE8L2ZvbnQ+PGJyPjxicj48cD48YnI+PHA+PGJyPuaJi+mWk+OBruOBi+OBi+OCi+Wum+WQjeOChOihqOekuuODqeODmeODq+OBjOOBiuaJi+i7veODu+OCreODrOOCpOOBq+OAgjxicj7nibnmrorliqDlt6XjgafmipznvqTjga7jg4jjg4rjg7zlrprnnYDjgpLlrp/nj77jgII8YnI+IOOCq+ODqeODvOODrOODvOOCtuODvOODl+ODquODs+OCv+OBp+OCguS9v+eUqOWPr+iDveOAgjxicj48YnI+44CQ5LuV5qeY44CRPGJyPuS4gOeJh+OCteOCpOOCuu+8mjg2LjTDlzUwLjhtbTxicj7ljprjgb/vvJoxMzBnL208c3VwPjxzbWFsbD4yPC9zbWFsbD48L3N1cD4oMC4xNG1t77yJPGJyPue0oOadkO+8muWhl+W3pee0me+8iOODnuODg+ODiOOCv+OCpOODl++8iTxicj7lhaXjgormlbDvvJoyMOOCt+ODvOODiO+8iDIwMOeJh++8iTxicj48YnI+PGJyPjxicj48YnI+PGJyPijigLvjgZPjga7oqqzmmI7mlofjga/mpb3lpKnluILloLTlupfjga7oqJjovInlhoXlrrnjgafjgZnjgIJVUkzjga9odHRwOi8vaXRlbS5yYWt1dGVuLmNvLmpwL2ppc20v44Gn5aeL44G+44KK44G+44GZ44CCVVJM44GM55Ww44Gq44KL6Zqb44Gv44K144Kk44OI44KS5Yip55So44GZ44KL44GT44Go44Gu44Gq44GE44KI44GG5Y2B5YiG44GU5rOo5oSP44GP44Gg44GV44GE44CCKTx0YWJsZSB3aWR0aD0iNjAwIiBib3JkZXI9MCBjZWxscGFkZGluZz01IGNlbGxzcGFjaW5nPTAgYmdjb2xvcj0iI0YwRURFNCI+PHRyPjx0ZCBhbGlnbj0iY2VudGVyIiBiZ2NvbG9yPSIjQkJBMDRFIj4KPHRhYmxlIHdpZHRoPSI1OTAiIGJvcmRlcj0wIGNlbGxwYWRkaW5nPTIgY2VsbHNwYWNpbmc9MSBiZ2NvbG9yPSIjRjBFREU0IiBzdW1tYXJ5PSIiIHN0eWxlPSJmb250LXNpemU6MTJweDsiPjx0cj48dGQ+44GK44GZ44GZ44KB44Kr44OG44K044Oq44O844CA77ya44CA44Ko44Ki44Kz44Oz44CA44O744CA5Yqg5rm/5Zmo44CA44O744CA5Ya36JS15bqr44CA44O744CA44Ob44OD44OI44Kr44O844Oa44OD44OI44CA44O744CA5biD5Zuj5Lm+54el5qmfPC90ZD48L3RyPjx0cj48dGQgYWxpZ249ImNlbnRlciI+44K044Or44OV44Oc44O844Or44CA44O744CA5o6D6Zmk5qmf44O744Kv44Oq44O844OK44O844CA44O744CA77y077y244Ky44O844Og44CA44O744CA6Zu75rGg44CA44O744CA5YWF6Zu75rGg44O75YWF6Zu75Zmo44CA44O744CA44Op44OD44OU44Oz44Kw6KKLCjwvdGQ+PC90cj48L3RhYmxlPgo8L3RkPjwvdHI+PC90YWJsZT48YnI+,MjgzODfjgJDnqI7ovrzjgJEg44Ko44O844Ov44OzIOODrOODvOOCtuODvOODl+ODquODs+OCv+ODqeODmeODqyBBNOWIpDEw6Z2i5a6b5ZCN44O76KGo56S655SoIDIw44K344O844OIIOODrOODvOOCtuODvOODl+ODquODs+OCv+ODqeODmeODqyBbMjgzODfjgqjjg6/jg7Nd44CQ6L+U5ZOB56iu5YilQeOAkeOAkFJDUOOAke+8mkpvc2hpbiB3ZWIg5a626Zu744GoUEPjga7lpKflnovlsILploDlupc=,5a626Zu744OR44K944Kz44OzQVbmqZ/lmajpq5jntJrjgqrjg7zjg4fjgqPjgqrjg5vjg5Pjg7zjgYrjgoLjgaHjgoPjgrLjg7zjg6DpiYTpgZPmqKHlnovmmYLoqIhQQ+ODhuODrOODk+ODrOOCs+ODvOODgOODvOmbkeiyqOaooeWei+WGt+iUteW6q+a0l+a/r+apn+OCqOOCouOCs+ODs2dhbWVob2JieWNvbXB1dGVyMjgzODfjgJDnqI7ovrzjgJEg44Ko44O844Ov44OzIOODrOODvOOCtuODvOODl+ODquODs+OCv+ODqeODmeODqyBBNOWIpDEw6Z2i5a6b5ZCN44O76KGo56S655SoIDIw44K344O844OIIOODrOODvOOCtuODvOODl+ODquODs+OCv+ODqeODmeODqyBbMjgzODfjgqjjg6/jg7Nd44CQ6L+U5ZOB56iu5YilQeOAkeOAkFJDUOOAkQ==,5qW95aSpU2hvcCBvZiB0aGUgWWVhciAyMDE2IOe3j+WQiOOCsOODqeODs+ODl+ODquWPl+iznuKYheOAgjI4Mzg344CQ56iO6L6844CRIOOCqOODvOODr+ODsyDjg6zjg7zjgrbjg7zjg5fjg6rjg7Pjgr/jg6njg5njg6sgQTTliKQxMOmdouWum+WQjeODu+ihqOekuueUqCAyMOOCt+ODvOODiCDjg6zjg7zjgrbjg7zjg5fjg6rjg7Pjgr/jg6njg5njg6sgWzI4Mzg344Ko44Ov44OzXeOAkOi/lOWTgeeoruWIpUHjgJHjgJBSQ1DjgJE=[rn]
31-2666,aHR0cDovL3RzaG9wLnIxMHMuanAvamlzbS9jYWJpbmV0LzAwMzYvNDkwNjE4NjI4MzY4Ny5qcGc/Zml0aW49NzAwOjcwMA==,MjU3Ni4wMDAw,,5pel55So5ZOB6ZuR6LKo44O75paH5oi/5YW344O75omL6Iq4ID4g5paH5oi/5YW344O75LqL5YuZ55So5ZOBID4g44Op44OZ44Or44O744K544OG44OD44Kr44O8ID4g44Op44OZ44Or55So57SZ,MjgzNjjjgJDnqI7ovrzjgJEg44Ko44O844Ov44OzIOODrOODvOOCtuODvOODl+ODquODs+OCv+ODqeODmeODqyBBNOWIpCA0NOmdouWum+WQjeODu+ihqOekuueUqCAxMDDjgrfjg7zjg4gg44Os44O844K244O844OX44Oq44Oz44K/44Op44OZ44OrIFsyODM2OOOCqOODr+ODs13jgJDov5Tlk4HnqK7liKVB44CR44CQUkNQ44CR,5qW95aSpU2hvcCBvZiB0aGUgWWVhciAyMDE2IOe3j+WQiOOCsOODqeODs+ODl+ODquWPl+iznuKYhQ==,5Zyo5bqr54q25rOB77ya5YWl6I235qyh56ys5Ye66I23PGJyPjxicj48YnI+PGZvbnQgY29sb3I9Ymx1ZT7ilqHjgIzov5Tlk4HnqK7liKXjgI3jgavjgaTjgYTjgaboqbPjgZfjgY/jga/jgZPjgaHjgonilqE8L2ZvbnQ+PGJyPjxicj48cD48YnI+PHA+PGJyPuKXj+OCouODieODrOOCueOCt+ODvOODq+OChOWIhumhnuOCt+ODvOODq+OBq+acgOmBqeOBquOCteOCpOOCuuOBp+OBmeOAgjxicj7il4/mipznvqTjga7jg4jjg4rjg7zlrprnnYDvvIHjgIDjgqvjg6njg7zjg6zjg7zjgrbjg7zjgafjgoLkvb/nlKjjgafjgY3jgb7jgZnjgII8YnI+4peP5aSa44GP44Gu44K944OV44OI44Gr5a++5b+c44GX44Gm44GE44KL44Gu44Gn44OH44O844K/5L2c5oiQ44KC57Ch5Y2Y44CCPGJyPjxicj7jgJDku5Xmp5jjgJE8YnI+5LiA54mH44K144Kk44K677yaNDguM8OXMjUuNG1tPGJyPuWOmuOBv++8mjEzMGcvbTxzdXA+PHNtYWxsPjI8L3NtYWxsPjwvc3VwPigwLjE0bW3vvIk8YnI+57Sg5p2Q77ya5aGX5bel57SZ77yI44Oe44OD44OI44K/44Kk44OX77yJPGJyPuWFpeOCiuaVsO+8mjEwMOOCt+ODvOODiO+8iDQ0MDDniYfvvIk8YnI+PGJyPjxicj48YnI+PGJyPjxicj4o4oC744GT44Gu6Kqs5piO5paH44Gv5qW95aSp5biC5aC05bqX44Gu6KiY6LyJ5YaF5a6544Gn44GZ44CCVVJM44GvaHR0cDovL2l0ZW0ucmFrdXRlbi5jby5qcC9qaXNtL+OBp+Wni+OBvuOCiuOBvuOBmeOAglVSTOOBjOeVsOOBquOCi+mam+OBr+OCteOCpOODiOOCkuWIqeeUqOOBmeOCi+OBk+OBqOOBruOBquOBhOOCiOOBhuWNgeWIhuOBlOazqOaEj+OBj+OBoOOBleOBhOOAgik8dGFibGUgd2lkdGg9IjYwMCIgYm9yZGVyPTAgY2VsbHBhZGRpbmc9NSBjZWxsc3BhY2luZz0wIGJnY29sb3I9IiNGMEVERTQiPjx0cj48dGQgYWxpZ249ImNlbnRlciIgYmdjb2xvcj0iI0JCQTA0RSI+Cjx0YWJsZSB3aWR0aD0iNTkwIiBib3JkZXI9MCBjZWxscGFkZGluZz0yIGNlbGxzcGFjaW5nPTEgYmdjb2xvcj0iI0YwRURFNCIgc3VtbWFyeT0iIiBzdHlsZT0iZm9udC1zaXplOjEycHg7Ij48dHI+PHRkPuOBiuOBmeOBmeOCgeOCq+ODhuOCtOODquODvOOAgO+8muOAgOOCqOOCouOCs+ODs+OAgOODu+OAgOWKoOa5v+WZqOOAgOODu+OAgOWGt+iUteW6q+OAgOODu+OAgOODm+ODg+ODiOOCq+ODvOODmuODg+ODiOOAgOODu+OAgOW4g+Wbo+S5vueHpeapnzwvdGQ+PC90cj48dHI+PHRkIGFsaWduPSJjZW50ZXIiPuOCtOODq+ODleODnOODvOODq+OAgOODu+OAgOaOg+mZpOapn+ODu+OCr+ODquODvOODiuODvOOAgOODu+OAgO+8tO+8tuOCsuODvOODoOOAgOODu+OAgOmbu+axoOOAgOODu+OAgOWFhembu+axoOODu+WFhembu+WZqOOAgOODu+OAgOODqeODg+ODlOODs+OCsOiiiwo8L3RkPjwvdHI+PC90YWJsZT4KPC90ZD48L3RyPjwvdGFibGU+PGJyPg==,MjgzNjjjgJDnqI7ovrzjgJEg44Ko44O844Ov44OzIOODrOODvOOCtuODvOODl+ODquODs+OCv+ODqeODmeODqyBBNOWIpCA0NOmdouWum+WQjeODu+ihqOekuueUqCAxMDDjgrfjg7zjg4gg44Os44O844K244O844OX44Oq44Oz44K/44Op44OZ44OrIFsyODM2OOOCqOODr+ODs13jgJDov5Tlk4HnqK7liKVB44CR44CQUkNQ44CR77yaSm9zaGluIHdlYiDlrrbpm7vjgahQQ+OBruWkp+Wei+WwgumWgOW6lw==,5a626Zu744OR44K944Kz44OzQVbmqZ/lmajpq5jntJrjgqrjg7zjg4fjgqPjgqrjg5vjg5Pjg7zjgYrjgoLjgaHjgoPjgrLjg7zjg6DpiYTpgZPmqKHlnovmmYLoqIhQQ+ODhuODrOODk+ODrOOCs+ODvOODgOODvOmbkeiyqOaooeWei+WGt+iUteW6q+a0l+a/r+apn+OCqOOCouOCs+ODs2dhbWVob2JieWNvbXB1dGVyMjgzNjjjgJDnqI7ovrzjgJEg44Ko44O844Ov44OzIOODrOODvOOCtuODvOODl+ODquODs+OCv+ODqeODmeODqyBBNOWIpCA0NOmdouWum+WQjeODu+ihqOekuueUqCAxMDDjgrfjg7zjg4gg44Os44O844K244O844OX44Oq44Oz44K/44Op44OZ44OrIFsyODM2OOOCqOODr+ODs13jgJDov5Tlk4HnqK7liKVB44CR44CQUkNQ44CR,5qW95aSpU2hvcCBvZiB0aGUgWWVhciAyMDE2IOe3j+WQiOOCsOODqeODs+ODl+ODquWPl+iznuKYheOAgjI4MzY444CQ56iO6L6844CRIOOCqOODvOODr+ODsyDjg6zjg7zjgrbjg7zjg5fjg6rjg7Pjgr/jg6njg5njg6sgQTTliKQgNDTpnaLlrpvlkI3jg7vooajnpLrnlKggMTAw44K344O844OIIOODrOODvOOCtuODvOODl+ODquODs+OCv+ODqeODmeODqyBbMjgzNjjjgqjjg6/jg7Nd44CQ6L+U5ZOB56iu5YilQeOAkeOAkFJDUOOAkQ==[rn]
31-2667,aHR0cDovL3RzaG9wLnIxMHMuanAvamlzbS9jYWJpbmV0LzA1MDEvNDkwNjE4NjI4NzcwOC5qcGc/Zml0aW49NzAwOjcwMA==,MjM2OC4wMDAw,,5pel55So5ZOB6ZuR6LKo44O75paH5oi/5YW344O75omL6Iq4ID4g5paH5oi/5YW344O75LqL5YuZ55So5ZOBID4g44Op44OZ44Or44O744K544OG44OD44Kr44O8ID4g44Op44OZ44Or55So57SZ,Mjg3NzDjgJDnqI7ovrzjgJEg44Ko44O844Ov44OzIOODqeODmeODq+OCt+ODvOODq+OAjOOCs+ODlOODvOapn+OAjeODnuODg+ODiOe0meODu+ODm+ODr+OCpOODiCBBNCA5NemdoiDlm5vovrrkvZnnmb3ku5jop5LkuLggQS1vbmUgWzI4NzcwXeOAkOi/lOWTgeeoruWIpUHjgJHjgJBSQ1DjgJE=,5qW95aSpU2hvcCBvZiB0aGUgWWVhciAyMDE2IOe3j+WQiOOCsOODqeODs+ODl+ODquWPl+iznuKYhQ==,5Zyo5bqr54q25rOB77ya5YWl6I235qyh56ys5Ye66I23PGJyPjxicj48YnI+PGZvbnQgY29sb3I9Ymx1ZT7ilqHjgIzov5Tlk4HnqK7liKXjgI3jgavjgaTjgYTjgaboqbPjgZfjgY/jga/jgZPjgaHjgonilqE8L2ZvbnQ+PGJyPjxmb250IHNpemU9JzInIGNvbG9yPScjQ0MwMDAwJz48Yj4yMDEx5bm0MDjmnIgg55m65aOyPC9iPjwvZm9udD48YnI+PHA+PGJyPjxwPjxicj7il4bjgqvjg6njg7zjgrPjg5Tjg7zmqZ/jgafjga7ljbDlrZfpganmgKfjgavlhKrjgozjgZ/jg6njg5njg6vjgrfjg7zjg6vjgafjgZnjgII8QlI+4peG44ON44O844Og55So44KE6KGo56S655So44Gr5L6/5Yip44Gq44Op44OZ44Or44GM5omL6Lu944Gr44Kt44Os44Kk44Gr5L2c44KM44G+44GZ44CCPEJSPuKXhumrmOeGseOBq+iAkOOBiOOCi+WuieW/g+iAkOeGseioreioiOOAgjxicj7ilqDjgIDku5Xmp5jjgIDilqA8VUw+PExJPuWvvuW/nOODl+ODquODs+OCv++8mlBQQ+OAgeODrOODvOOCtuODvDwvTEk+PExJPuWFpeaVsO+8mjEwMOOCt+ODvOODiCg5NTAw54mHKTwvTEk+PExJPuOCt+ODvOODiOOCteOCpOOCuu+8mkE05YikIO+8iDIxMMOXMjk3bW3vvIk8L0xJPiA8TEk+5LiA54mH44K144Kk44K677yaMzVtbcOXMTJtbTwvTEk+PExJPumdouS7mO+8mjk16Z2iIDXliJfDlzE55q61PC9MST48TEk+5Y6a44G/77yaMTIwZy9tPHN1cD48c21hbGw+Mjwvc21hbGw+PC9zdXA+77yIMC4xM21t77yJPC9MST4gPExJPuODqeODmeODq+ODu+OCq+ODvOODieWOmuOBv++8mjAuMDZtbTwvTEk+PExJPuadkOizqu+8muS4iuizque0me+8i+OCs+ODlOODvOWwgueUqOWhl+W3pTwvTEk+IDxMST7nlKjntJnnibnmgKfvvJrjg57jg4Pjg4jjgIHjga/jgYzjgZfjgoTjgZnjgYQ8L0xJPjwvVUw+PGJyPjxicj48YnI+KOKAu+OBk+OBruiqrOaYjuaWh+OBr+alveWkqeW4guWgtOW6l+OBruiomOi8ieWGheWuueOBp+OBmeOAglVSTOOBr2h0dHA6Ly9pdGVtLnJha3V0ZW4uY28uanAvamlzbS/jgaflp4vjgb7jgorjgb7jgZnjgIJVUkzjgYznlbDjgarjgovpmpvjga/jgrXjgqTjg4jjgpLliKnnlKjjgZnjgovjgZPjgajjga7jgarjgYTjgojjgYbljYHliIbjgZTms6jmhI/jgY/jgaDjgZXjgYTjgIIpPHRhYmxlIHdpZHRoPSI2MDAiIGJvcmRlcj0wIGNlbGxwYWRkaW5nPTUgY2VsbHNwYWNpbmc9MCBiZ2NvbG9yPSIjRjBFREU0Ij48dHI+PHRkIGFsaWduPSJjZW50ZXIiIGJnY29sb3I9IiNCQkEwNEUiPgo8dGFibGUgd2lkdGg9IjU5MCIgYm9yZGVyPTAgY2VsbHBhZGRpbmc9MiBjZWxsc3BhY2luZz0xIGJnY29sb3I9IiNGMEVERTQiIHN1bW1hcnk9IiIgc3R5bGU9ImZvbnQtc2l6ZToxMnB4OyI+PHRyPjx0ZD7jgYrjgZnjgZnjgoHjgqvjg4bjgrTjg6rjg7zjgIDvvJrjgIDjgqjjgqLjgrPjg7PjgIDjg7vjgIDliqDmub/lmajjgIDjg7vjgIDlhrfolLXluqvjgIDjg7vjgIDjg5vjg4Pjg4jjgqvjg7zjg5rjg4Pjg4jjgIDjg7vjgIDluIPlm6Pkub7nh6XmqZ88L3RkPjwvdHI+PHRyPjx0ZCBhbGlnbj0iY2VudGVyIj7jgrTjg6vjg5Xjg5zjg7zjg6vjgIDjg7vjgIDmjoPpmaTmqZ/jg7vjgq/jg6rjg7zjg4rjg7zjgIDjg7vjgIDvvLTvvLbjgrLjg7zjg6DjgIDjg7vjgIDpm7vmsaDjgIDjg7vjgIDlhYXpm7vmsaDjg7vlhYXpm7vlmajjgIDjg7vjgIDjg6njg4Pjg5Tjg7PjgrDooosKPC90ZD48L3RyPjwvdGFibGU+CjwvdGQ+PC90cj48L3RhYmxlPjxicj4=,Mjg3NzDjgJDnqI7ovrzjgJEg44Ko44O844Ov44OzIOODqeODmeODq+OCt+ODvOODq+OAjOOCs+ODlOODvOapn+OAjeODnuODg+ODiOe0meODu+ODm+ODr+OCpOODiCBBNCA5NemdoiDlm5vovrrkvZnnmb3ku5jop5LkuLggQS1vbmUgWzI4NzcwXeOAkOi/lOWTgeeoruWIpUHjgJHjgJBSQ1DjgJHvvJpKb3NoaW4gd2ViIOWutumbu+OBqFBD44Gu5aSn5Z6L5bCC6ZaA5bqX,5a626Zu744OR44K944Kz44OzQVbmqZ/lmajpq5jntJrjgqrjg7zjg4fjgqPjgqrjg5vjg5Pjg7zjgYrjgoLjgaHjgoPjgrLjg7zjg6DpiYTpgZPmqKHlnovmmYLoqIhQQ+ODhuODrOODk+ODrOOCs+ODvOODgOODvOmbkeiyqOaooeWei+WGt+iUteW6q+a0l+a/r+apn+OCqOOCouOCs+ODs2dhbWVob2JieWNvbXB1dGVyMjg3NzDjgJDnqI7ovrzjgJEg44Ko44O844Ov44OzIOODqeODmeODq+OCt+ODvOODq+OAjOOCs+ODlOODvOapn+OAjeODnuODg+ODiOe0meODu+ODm+ODr+OCpOODiCBBNCA5NemdoiDlm5vovrrkvZnnmb3ku5jop5LkuLggQS1vbmUgWzI4NzcwXeOAkOi/lOWTgeeoruWIpUHjgJHjgJBSQ1DjgJE=,5qW95aSpU2hvcCBvZiB0aGUgWWVhciAyMDE2IOe3j+WQiOOCsOODqeODs+ODl+ODquWPl+iznuKYheOAgjI4Nzcw44CQ56iO6L6844CRIOOCqOODvOODr+ODsyDjg6njg5njg6vjgrfjg7zjg6vjgIzjgrPjg5Tjg7zmqZ/jgI3jg57jg4Pjg4jntJnjg7vjg5vjg6/jgqTjg4ggQTQgOTXpnaIg5Zub6L665L2Z55m95LuY6KeS5Li4IEEtb25lIFsyODc3MF3jgJDov5Tlk4HnqK7liKVB44CR44CQUkNQ44CR[rn]
31-2668,aHR0cDovL3RzaG9wLnIxMHMuanAvamlzbS9jYWJpbmV0LzA0NDQvNDkwMjY2ODU3MTg3Ny5qcGc/Zml0aW49NzAwOjcwMA==,ODE2LjAwMDA=,,5pel55So5ZOB6ZuR6LKo44O75paH5oi/5YW344O75omL6Iq4ID4g5paH5oi/5YW344O75LqL5YuZ55So5ZOBID4g44Op44OZ44Or44O744K544OG44OD44Kr44O8ID4g44Op44OZ44Or55So57SZ,U09QODYx44CQ56iO6L6844CRIOODkuOCteOCtCDjgrfjg6Xjg6zjg4Pjg4Djg7zjg6njg5njg6sgMTLpnaIgMjDjgrfjg7zjg4ggIFtTT1A4NjFd44CQ6L+U5ZOB56iu5YilQeOAkeOAkFJDUOOAkQ==,5qW95aSpU2hvcCBvZiB0aGUgWWVhciAyMDE2IOe3j+WQiOOCsOODqeODs+ODl+ODquWPl+iznuKYhQ==,5Zyo5bqr54q25rOB77ya5YWl6I235qyh56ys5Ye66I23PGJyPjPml6XvvZ415pel44Gn5Ye66I23PGJyPjxicj48YnI+PGZvbnQgY29sb3I9Ymx1ZT7ilqHjgIzov5Tlk4HnqK7liKXjgI3jgavjgaTjgYTjgaboqbPjgZfjgY/jga/jgZPjgaHjgonilqE8L2ZvbnQ+PGJyPjxmb250IHNpemU9JzInIGNvbG9yPScjQ0MwMDAwJz48Yj4yMDEx5bm0MDfmnIgg55m65aOyPC9iPjwvZm9udD48YnI+PHA+PGJyPjxwPjxicj7il4blgIvkurrmg4XloLHjga7mvI/mtKnjgpLpmLLjgZDvvIHjgIDlt67lh7rkurrmp5jjga7jgqTjg6Hjg7zjgrhVUOOBq++8geOAgOWPl+WPluS6uuOBjOWuieW/g+OBl+OBpuaNqOOBpuOCieOCjOOCi+Wum+WQjeODqeODmeODq+OBp+OBmeOAgjxCUj7il4blj5flj5bkurrjgYznsKHljZjjgavjg6njg5njg6vjgpLliIbmlq3jgZfjgabmjajjgabjgovjgZPjgajjgYzjgafjgY3jgIHnoLTmo4TlvozjgavlgIvkurrmg4XloLHoqq3jgb/lj5bjgonjgozjgovjgZPjgajjgpLpmLLmraLjgafjgY3jgb7jgZnjgII8QlI+PEJSPuKAu+OBlOS9v+eUqOOBruWJjeOBq+OAgeODl+ODquODs+OCv+ODu+OCs+ODlOODvOapn+OBruWPluaJseiqrOaYjuabuOOBp+S9v+eUqOOBp+OBjeOCi+eUqOe0meOBruWOmuOBleODu+WdqumHj+OCkuW/heOBmuOBlOeiuuiqjeOBruS4iuOAgeOBlOS9v+eUqOOBj+OBoOOBleOBhOOAgjxCUj7igLvnlKjntJnjgpLljbDliLfjgZnjgovpmpvjga/jgIzjg6njg5njg6vjgI3jgb7jgZ/jga/jgIzljprntJnjgI3oqK3lrprjgafjgZTkvb/nlKjjgY/jgaDjgZXjgYTjgII8QlI+4oC75Y2w5Yi344Gu6Zqb44Gv5b+F44Ga5omL5beu44GX44OI44Os44Kk44GL44KJ57Wm57SZ44GX44Gm44GP44Gg44GV44GE44CCPEJSPuKAu+acrOijveWTgeOBr+OAgeOBmeOBueOBpuOBrueKtuazgeODu+S9v+eUqOW9ouaFi+OBq+OBiuOBhOOBpuOAgeWujOWFqOOBq+WAi+S6uuaDheWgseOCkuS/neitt+OBmeOCi+OBk+OBqOOCkuS/neiovOOBmeOCi+OCguOBruOBp+OBr+OBguOCiuOBvuOBm+OCk+OAgjxCUj48YnI+4pag44CA5LuV5qeY44CA4pagPHVsPjxMST7lr77lv5zjg5fjg6rjg7Pjgr/jg7zvvJrjgqTjg7Pjgq/jgrjjgqfjg4Pjg4jvvIjmn5Pmlpkv6aGU5paZ77yJ44CB44Os44O844K244O877yI44Kr44Op44O8L+ODouODjuOCr+ODre+8ieOAgeOCs+ODlOODvO+8iOOCq+ODqeODvC/jg6Ljg47jgq/jg63vvInjgIHnhrHou6Llhpk8L0xJPjxMST7llYblk4HjgrXjgqTjgrrvvJpBNCAyMTDDlzI5N21tPC9MST48TEk+44Op44OZ44Or44K144Kk44K677yaODMuOMOXNDIuM21tPC9MST48TEk+6Z2i5LuY77yaMTLpnaLvvIgyw5c277yJPC9MST48TEk+57SZ5Y6a77yaMC4xNm1tPC9MST48TEk+5Z2q6YeP77yaMTUzZy9tMueoi+W6pjwvTEk+PExJPuadkOizqu+8muS4iuizque0mTwvTEk+PExJPuWFpeOCiuaVsO+8mjIw44K344O844OIPC9MST48L3VsPjxicj48YnI+PGJyPijigLvjgZPjga7oqqzmmI7mlofjga/mpb3lpKnluILloLTlupfjga7oqJjovInlhoXlrrnjgafjgZnjgIJVUkzjga9odHRwOi8vaXRlbS5yYWt1dGVuLmNvLmpwL2ppc20v44Gn5aeL44G+44KK44G+44GZ44CCVVJM44GM55Ww44Gq44KL6Zqb44Gv44K144Kk44OI44KS5Yip55So44GZ44KL44GT44Go44Gu44Gq44GE44KI44GG5Y2B5YiG44GU5rOo5oSP44GP44Gg44GV44GE44CCKTx0YWJsZSB3aWR0aD0iNjAwIiBib3JkZXI9MCBjZWxscGFkZGluZz01IGNlbGxzcGFjaW5nPTAgYmdjb2xvcj0iI0YwRURFNCI+PHRyPjx0ZCBhbGlnbj0iY2VudGVyIiBiZ2NvbG9yPSIjQkJBMDRFIj4KPHRhYmxlIHdpZHRoPSI1OTAiIGJvcmRlcj0wIGNlbGxwYWRkaW5nPTIgY2VsbHNwYWNpbmc9MSBiZ2NvbG9yPSIjRjBFREU0IiBzdW1tYXJ5PSIiIHN0eWxlPSJmb250LXNpemU6MTJweDsiPjx0cj48dGQ+44GK44GZ44GZ44KB44Kr44OG44K044Oq44O844CA77ya44CA44Ko44Ki44Kz44Oz44CA44O744CA5Yqg5rm/5Zmo44CA44O744CA5Ya36JS15bqr44CA44O744CA44Ob44OD44OI44Kr44O844Oa44OD44OI44CA44O744CA5biD5Zuj5Lm+54el5qmfPC90ZD48L3RyPjx0cj48dGQgYWxpZ249ImNlbnRlciI+44K044Or44OV44Oc44O844Or44CA44O744CA5o6D6Zmk5qmf44O744Kv44Oq44O844OK44O844CA44O744CA77y077y244Ky44O844Og44CA44O744CA6Zu75rGg44CA44O744CA5YWF6Zu75rGg44O75YWF6Zu75Zmo44CA44O744CA44Op44OD44OU44Oz44Kw6KKLCjwvdGQ+PC90cj48L3RhYmxlPgo8L3RkPjwvdHI+PC90YWJsZT48YnI+,U09QODYx44CQ56iO6L6844CRIOODkuOCteOCtCDjgrfjg6Xjg6zjg4Pjg4Djg7zjg6njg5njg6sgMTLpnaIgMjDjgrfjg7zjg4ggIFtTT1A4NjFd44CQ6L+U5ZOB56iu5YilQeOAkeOAkFJDUOOAke+8mkpvc2hpbiB3ZWIg5a626Zu744GoUEPjga7lpKflnovlsILploDlupc=,5a626Zu744OR44K944Kz44OzQVbmqZ/lmajpq5jntJrjgqrjg7zjg4fjgqPjgqrjg5vjg5Pjg7zjgYrjgoLjgaHjgoPjgrLjg7zjg6DpiYTpgZPmqKHlnovmmYLoqIhQQ+ODhuODrOODk+ODrOOCs+ODvOODgOODvOmbkeiyqOaooeWei+WGt+iUteW6q+a0l+a/r+apn+OCqOOCouOCs+ODs2dhbWVob2JieWNvbXB1dGVyU09QODYx44CQ56iO6L6844CRIOODkuOCteOCtCDjgrfjg6Xjg6zjg4Pjg4Djg7zjg6njg5njg6sgMTLpnaIgMjDjgrfjg7zjg4ggIFtTT1A4NjFd44CQ6L+U5ZOB56iu5YilQeOAkeOAkFJDUOOAkQ==,5qW95aSpU2hvcCBvZiB0aGUgWWVhciAyMDE2IOe3j+WQiOOCsOODqeODs+ODl+ODquWPl+iznuKYheOAglNPUDg2MeOAkOeojui+vOOAkSDjg5LjgrXjgrQg44K344Ol44Os44OD44OA44O844Op44OZ44OrIDEy6Z2iIDIw44K344O844OIICBbU09QODYxXeOAkOi/lOWTgeeoruWIpUHjgJHjgJBSQ1DjgJE=[rn]
31-2669,aHR0cDovL3RzaG9wLnIxMHMuanAvamlzbS9jYWJpbmV0LzA0NjgvNDkwMjY2ODU2NTgwNy5qcGc/Zml0aW49NzAwOjcwMA==,NDY4NDAuMDAwMA==,,5pel55So5ZOB6ZuR6LKo44O75paH5oi/5YW344O75omL6Iq4ID4g5paH5oi/5YW344O75LqL5YuZ55So5ZOBID4g44Op44OZ44Or44O744K544OG44OD44Kr44O8ID4g44Op44OZ44Or55So57SZ,TEIyNDAz44CQ56iO6L6844CRIOODkuOCteOCtCDnm67pmqDjgZfjg6njg5njg6sgQTTjg7s46Z2iL+WcsOe0iyA1MDDmnprlhaUgIFtMQjI0MDNd44CQ6L+U5ZOB56iu5YilQeOAkeOAkOmAgeaWmeeEoeaWmeOAkeOAkFJDUOOAkQ==,5YWI552A5pyA5aSnMjAw5YaG44Kv44O844Od44OzKOODq+ODvOODq+OCkuOBlOeiuuiqjeS4i+OBleOBhCnimIU=,5Zyo5bqr54q25rOB77ya5YWl6I235qyh56ys5Ye66I23PGJyPjPml6XvvZ415pel44Gn5Ye66I23PGJyPjxicj48YnI+PGZvbnQgY29sb3I9Ymx1ZT7ilqHjgIzov5Tlk4HnqK7liKXjgI3jgavjgaTjgYTjgaboqbPjgZfjgY/jga/jgZPjgaHjgonilqE8L2ZvbnQ+PGJyPjxicj48cD48YnI+PHA+PGJyPuKXhuWPsOe0meOBi+OCieODqeODmeODq+OCkuOBr+OBjOOBl+OBpuOAgeaJi+aMgeOBoeOBruOBr+OBjOOBjeOBq+iyvOOCi+OBoOOBkeOBp+OAgeaDheWgseOCkuS/neitt+OBmeOCi+OBk+OBqOOBjOOBp+OBjeOCi+ebrumaoOOBl+eUqOODqeODmeODq+OBp+OBmeOAgjxicj7il4bjga/jgYzjgY3jga7ntIQxLzLjgrXjgqTjgrrjgarjga7jgafjgIHpg6jliIbnmoTjgavpmqDjgZnjgZPjgajjgYzjgafjgY3jgb7jgZnjgII8YnI+4peG44Op44OZ44Or5LiA5p6a5q+O44Gr5YiH44KK6Zui44Gb44KL44KI44GG44Gr44CB5Y+w57SZ44Gr44Of44K344Oz55uu44GM5YWl44Gj44Gm44GE44G+44GZ44CCPGJyPuKXhuihqOmdouOBr+WcsOe0i+WFpeOCiuOBquOBruOBp+mdouWAkuOBquWNsOWIt+OBr+WFqOOBj+S4jeimgeOAgjxicj7il4bjg6njg5njg6voo4/pnaLjgYzpu5LlnLDjgarjga7jgafjgIHjg6njg5njg6vkuIvjga7ljbDliLfjgYzpgI/jgZHjgb7jgZvjgpPjgII8YnI+4peG44Gv44GM44GN5Y2K5YiG44Gu44K144Kk44K644KI44KK44Gy44Go5Zue44KK5bCP44GV44Gq44Op44OZ44Or44K144Kk44K644Gn44CB44Gv44GM44GN44Gr6LK844Gj44Gf44Op44OZ44Or44KS44KB44GP44KL44Go44CB5LiL44Gr6Zqg44KM44Gm44GE44Gf5oOF5aCx44KS56K66KqN44GZ44KL44GT44Go44GM44Gn44GN44G+44GZ44CCPGJyPuKXhuiyvOOCiuS7mOOBkeOBn+ODqeODmeODq+OBr+OAgeS4gOW6puOBr+OBjOOBmeOBqOWFg+OBq+aIu+OBmeOBk+OBqOOBr+OBp+OBjeOBvuOBm+OCk+OAgjxicj48YnI+4oC75pys6KO95ZOB44Gr44Gv44CB5Y2w5Yi344GM44Gn44GN44G+44Gb44KT44CCPGJyPuKAu+WVhuWTgeOBrueJueaAp+S4iuOAgeOBr+OBjOOBjeOBquOBqeOBq+iyvOOBo+OBpuWJpeOBjOOBl+OBn+OBguOBqOOBq+OBr+OAgeOBhuOBmeOBhOearuiGnOOBjOaui+OCi+OBruOBp+OAgeWGmeecn+OBquOBqeOBruS4iuOBq+iyvOOCi+WgtOWQiOOBq+OBr+mBqeOBleOBquOBhOOBk+OBqOOBjOOBguOCiuOBvuOBmeOAgjxicj7igLvnmq7pnanjg7vmnKjmnZDjg7vmm7LpnaLjg7vlh7nlh7jpnaLjgavjga/jgYrosrzjgorjgYTjgZ/jgaDjgZHjgb7jgZvjgpPjgII8YnI+4oC744Kr44O844Oc44Oz57SZ562J44Gn6KSH5YaZ44GX44Gf44KC44Gu44Gr5L2/55So44GX44Gf5aC05ZCI44CB5YyW5a2m5aSJ5YyW44Gr44KI44KK5Y2w5a2X44GM6JaE44GP44Gq44KL44GT44Go44GM44GC44KK44G+44GZ44Gu44Gn44GU5rOo5oSP44GP44Gg44GV44GE44CCPGJyPjxicj7ilqDjgIDku5Xmp5jjgIDilqA8dWw+PExJPuWVhuWTgeOCteOCpOOCuu+8mkE0IDIxMMOXMjk3bW08L0xJPjxMST7jg6njg5njg6vjgrXjgqTjgrrvvJo5NsOXNzDjgIA8L0xJPjxMST7ntJnljprvvJowLjIzbW08L0xJPjxsaT7pnaLku5jjgZHvvJo4KDLDlzQpPC9saT48TEk+5Z2q6YeP77yaMjMxZy9tMueoi+W6pjwvTEk+PExJPuWFpeaVsO+8mjUwMOOCt+ODvOODiDwvTEk+PC91bD48YnI+PGJyPjxicj4o4oC744GT44Gu6Kqs5piO5paH44Gv5qW95aSp5biC5aC05bqX44Gu6KiY6LyJ5YaF5a6544Gn44GZ44CCVVJM44GvaHR0cDovL2l0ZW0ucmFrdXRlbi5jby5qcC9qaXNtL+OBp+Wni+OBvuOCiuOBvuOBmeOAglVSTOOBjOeVsOOBquOCi+mam+OBr+OCteOCpOODiOOCkuWIqeeUqOOBmeOCi+OBk+OBqOOBruOBquOBhOOCiOOBhuWNgeWIhuOBlOazqOaEj+OBj+OBoOOBleOBhOOAgik8dGFibGUgd2lkdGg9IjYwMCIgYm9yZGVyPTAgY2VsbHBhZGRpbmc9NSBjZWxsc3BhY2luZz0wIGJnY29sb3I9IiNGMEVERTQiPjx0cj48dGQgYWxpZ249ImNlbnRlciIgYmdjb2xvcj0iI0JCQTA0RSI+Cjx0YWJsZSB3aWR0aD0iNTkwIiBib3JkZXI9MCBjZWxscGFkZGluZz0yIGNlbGxzcGFjaW5nPTEgYmdjb2xvcj0iI0YwRURFNCIgc3VtbWFyeT0iIiBzdHlsZT0iZm9udC1zaXplOjEycHg7Ij48dHI+PHRkPuOBiuOBmeOBmeOCgeOCq+ODhuOCtOODquODvOOAgO+8muOAgOOCqOOCouOCs+ODs+OAgOODu+OAgOWKoOa5v+WZqOOAgOODu+OAgOWGt+iUteW6q+OAgOODu+OAgOODm+ODg+ODiOOCq+ODvOODmuODg+ODiOOAgOODu+OAgOW4g+Wbo+S5vueHpeapnzwvdGQ+PC90cj48dHI+PHRkIGFsaWduPSJjZW50ZXIiPuOCtOODq+ODleODnOODvOODq+OAgOODu+OAgOaOg+mZpOapn+ODu+OCr+ODquODvOODiuODvOOAgOODu+OAgO+8tO+8tuOCsuODvOODoOOAgOODu+OAgOmbu+axoOOAgOODu+OAgOWFhembu+axoOODu+WFhembu+WZqOOAgOODu+OAgOODqeODg+ODlOODs+OCsOiiiwo8L3RkPjwvdHI+PC90YWJsZT4KPC90ZD48L3RyPjwvdGFibGU+PGJyPg==,TEIyNDAz44CQ56iO6L6844CRIOODkuOCteOCtCDnm67pmqDjgZfjg6njg5njg6sgQTTjg7s46Z2iL+WcsOe0iyA1MDDmnprlhaUgIFtMQjI0MDNd44CQ6L+U5ZOB56iu5YilQeOAkeOAkOmAgeaWmeeEoeaWmeOAkeOAkFJDUOOAke+8mkpvc2hpbiB3ZWIg5a626Zu744GoUEPjga7lpKflnovlsILploDlupc=,5a626Zu744OR44K944Kz44OzQVbmqZ/lmajpq5jntJrjgqrjg7zjg4fjgqPjgqrjg5vjg5Pjg7zjgYrjgoLjgaHjgoPjgrLjg7zjg6DpiYTpgZPmqKHlnovmmYLoqIhQQ+ODhuODrOODk+ODrOOCs+ODvOODgOODvOmbkeiyqOaooeWei+WGt+iUteW6q+a0l+a/r+apn+OCqOOCouOCs+ODs2dhbWVob2JieWNvbXB1dGVyTEIyNDAz44CQ56iO6L6844CRIOODkuOCteOCtCDnm67pmqDjgZfjg6njg5njg6sgQTTjg7s46Z2iL+WcsOe0iyA1MDDmnprlhaUgIFtMQjI0MDNd44CQ6L+U5ZOB56iu5YilQeOAkeOAkOmAgeaWmeeEoeaWmeOAkeOAkFJDUOOAkQ==,5YWI552A5pyA5aSnMjAw5YaG44Kv44O844Od44OzKOODq+ODvOODq+OCkuOBlOeiuuiqjeS4i+OBleOBhCnimIXjgIJMQjI0MDPjgJDnqI7ovrzjgJEg44OS44K144K0IOebrumaoOOBl+ODqeODmeODqyBBNOODuzjpnaIv5Zyw57SLIDUwMOaemuWFpSAgW0xCMjQwM13jgJDov5Tlk4HnqK7liKVB44CR44CQ6YCB5paZ54Sh5paZ44CR44CQUkNQ44CR[rn]
31-2670,aHR0cDovL3RzaG9wLnIxMHMuanAvamlzbS9jYWJpbmV0LzAzNDUvNDkwMjY2ODU4MDU1OC5qcGc/Zml0aW49NzAwOjcwMA==,OTYxNi4wMDAw,,5pel55So5ZOB6ZuR6LKo44O75paH5oi/5YW344O75omL6Iq4ID4g5paH5oi/5YW344O75LqL5YuZ55So5ZOBID4g44Op44OZ44Or44O744K544OG44OD44Kr44O8ID4g44Op44OZ44Or55So57SZ,SkxCMDAy44CQ56iO6L6844CRIOODkuOCteOCtCDmg4XloLHkv53orbfjg6njg5njg6sg6LK844KK55u044GXT0vjgr/jgqTjg5cg44Gv44GM44GNMS8y44K144Kk44K6IDEwMDDjgrfjg7zjg4ggIFtKTEIwMDJd44CQ6L+U5ZOB56iu5YilQeOAkeOAkOmAgeaWmeeEoeaWmeOAkeOAkFJDUOOAkQ==,5YWI552A5pyA5aSnMjAw5YaG44Kv44O844Od44OzKOODq+ODvOODq+OCkuOBlOeiuuiqjeS4i+OBleOBhCnimIU=,5Zyo5bqr54q25rOB77ya5YWl6I235qyh56ys5Ye66I23PGJyPjPml6XvvZ415pel44Gn5Ye66I23PGJyPjxicj48YnI+PGZvbnQgY29sb3I9Ymx1ZT7ilqHjgIzov5Tlk4HnqK7liKXjgI3jgavjgaTjgYTjgaboqbPjgZfjgY/jga/jgZPjgaHjgonilqE8L2ZvbnQ+PGJyPjxmb250IHNpemU9JzInIGNvbG9yPScjQ0MwMDAwJz48Yj4yMDEz5bm0MTDmnIgg55m65aOyPC9iPjwvZm9udD48YnI+PHA+PGJyPjxwPjxGT05UIENPTE9SPSJSRUQiPuKAu+acrOijveWTgeOBq+OBr+WNsOWIt+OBp+OBjeOBvuOBm+OCk+OAgjxCUj7igLvjgqTjg7Pjgq/jgrjjgqfjg4Pjg4jjg5fjg6rjg7Pjgr/lsILnlKjntJnjgavjga/jgIHjgZTkvb/nlKjjgYTjgZ/jgaDjgZHjgb7jgZvjgpPjgII8L0ZPTlQ+PEJSPjxicj7il4bjg6njg5njg6vjgpLosrzjgorku5jjgZHjgabjgIHpg7XpgIHkuK3jgarjgankuIDmmYLnmoTjgavmg4XloLHjg7vlhoXlrrnjgpLkv53orbfjgZnjgovjgZPjgajjgYzjgafjgY3jgb7jgZnjgII8QlI+4peG44Kt44Os44Kk44Gr44Gv44GM44Gb44Gm44CB44KC44GG5LiA5bqm6LK844KL44GT44Go44GM44Gn44GN44G+44GZ44CCPEJSPuKXhuOBmeOBp+OBq+WcsOe0i+OBjOWNsOWIt+OBleOCjOOBpuOBhOOCi+OBn+OCgeOAgemdouWAkuOBquWNsOWIt+OBruaJi+mWk+OBr+OBhOOCiuOBvuOBm+OCk+OAgjxCUj7il4bjg6njg5njg6vjga/jgIHjg4/jgqzjgq3ljYrliIbjga7jgrXjgqTjgrrjgojjgorjgbLjgajlm57jgorlsI/jgZXjgarjgrXjgqTjgrrjgafjgZnjgII8QlI+PGJyPuKWoOOAgOS7leanmOOAgOKWoDx1bD48TEk+5ZWG5ZOB44K144Kk44K677yaMTAww5c3NG1tPC9MST48TEk+44Op44OZ44Or44K144Kk44K677yaOTLDlzY2bW08L0xJPjxMST7ntJnljprvvJowLjIybW08L0xJPjxMST7lnarph4/vvJoxMThnL20y56iL5bqmPC9MST48TEk+5YWl44KK5pWw77yaMTAwMOOCt+ODvOODiDwvTEk+PC91bD48IS0tQ09OX1NULS0+PHA+PGltZyBzcmM9aHR0cDovL3d3dy5yYWt1dGVuLm5lLmpwL2dvbGQvamlzbS9pbWcva2FucmVuX2JyLmdpZiBib3JkZXI9MCB3aWR0aD00MDAgaGVpZ2h0PTQwPjwvcD48YnI+PGJyPjxicj4o4oC744GT44Gu6Kqs5piO5paH44Gv5qW95aSp5biC5aC05bqX44Gu6KiY6LyJ5YaF5a6544Gn44GZ44CCVVJM44GvaHR0cDovL2l0ZW0ucmFrdXRlbi5jby5qcC9qaXNtL+OBp+Wni+OBvuOCiuOBvuOBmeOAglVSTOOBjOeVsOOBquOCi+mam+OBr+OCteOCpOODiOOCkuWIqeeUqOOBmeOCi+OBk+OBqOOBruOBquOBhOOCiOOBhuWNgeWIhuOBlOazqOaEj+OBj+OBoOOBleOBhOOAgik8dGFibGUgd2lkdGg9IjYwMCIgYm9yZGVyPTAgY2VsbHBhZGRpbmc9NSBjZWxsc3BhY2luZz0wIGJnY29sb3I9IiNGMEVERTQiPjx0cj48dGQgYWxpZ249ImNlbnRlciIgYmdjb2xvcj0iI0JCQTA0RSI+Cjx0YWJsZSB3aWR0aD0iNTkwIiBib3JkZXI9MCBjZWxscGFkZGluZz0yIGNlbGxzcGFjaW5nPTEgYmdjb2xvcj0iI0YwRURFNCIgc3VtbWFyeT0iIiBzdHlsZT0iZm9udC1zaXplOjEycHg7Ij48dHI+PHRkPuOBiuOBmeOBmeOCgeOCq+ODhuOCtOODquODvOOAgO+8muOAgOOCqOOCouOCs+ODs+OAgOODu+OAgOWKoOa5v+WZqOOAgOODu+OAgOWGt+iUteW6q+OAgOODu+OAgOODm+ODg+ODiOOCq+ODvOODmuODg+ODiOOAgOODu+OAgOW4g+Wbo+S5vueHpeapnzwvdGQ+PC90cj48dHI+PHRkIGFsaWduPSJjZW50ZXIiPuOCtOODq+ODleODnOODvOODq+OAgOODu+OAgOaOg+mZpOapn+ODu+OCr+ODquODvOODiuODvOOAgOODu+OAgO+8tO+8tuOCsuODvOODoOOAgOODu+OAgOmbu+axoOOAgOODu+OAgOWFhembu+axoOODu+WFhembu+WZqOOAgOODu+OAgOODqeODg+ODlOODs+OCsOiiiwo8L3RkPjwvdHI+PC90YWJsZT4KPC90ZD48L3RyPjwvdGFibGU+PGJyPg==,SkxCMDAy44CQ56iO6L6844CRIOODkuOCteOCtCDmg4XloLHkv53orbfjg6njg5njg6sg6LK844KK55u044GXT0vjgr/jgqTjg5cg44Gv44GM44GNMS8y44K144Kk44K6IDEwMDDjgrfjg7zjg4ggIFtKTEIwMDJd44CQ6L+U5ZOB56iu5YilQeOAkeOAkOmAgeaWmeeEoeaWmeOAkeOAkFJDUOOAke+8mkpvc2hpbiB3ZWIg5a626Zu744GoUEPjga7lpKflnovlsILploDlupc=,5a626Zu744OR44K944Kz44OzQVbmqZ/lmajpq5jntJrjgqrjg7zjg4fjgqPjgqrjg5vjg5Pjg7zjgYrjgoLjgaHjgoPjgrLjg7zjg6DpiYTpgZPmqKHlnovmmYLoqIhQQ+ODhuODrOODk+ODrOOCs+ODvOODgOODvOmbkeiyqOaooeWei+WGt+iUteW6q+a0l+a/r+apn+OCqOOCouOCs+ODs2dhbWVob2JieWNvbXB1dGVySkxCMDAy44CQ56iO6L6844CRIOODkuOCteOCtCDmg4XloLHkv53orbfjg6njg5njg6sg6LK844KK55u044GXT0vjgr/jgqTjg5cg44Gv44GM44GNMS8y44K144Kk44K6IDEwMDDjgrfjg7zjg4ggIFtKTEIwMDJd44CQ6L+U5ZOB56iu5YilQeOAkeOAkOmAgeaWmeeEoeaWmeOAkeOAkFJDUOOAkQ==,5YWI552A5pyA5aSnMjAw5YaG44Kv44O844Od44OzKOODq+ODvOODq+OCkuOBlOeiuuiqjeS4i+OBleOBhCnimIXjgIJKTEIwMDLjgJDnqI7ovrzjgJEg44OS44K144K0IOaDheWgseS/neitt+ODqeODmeODqyDosrzjgornm7TjgZdPS+OCv+OCpOODlyDjga/jgYzjgY0xLzLjgrXjgqTjgrogMTAwMOOCt+ODvOODiCAgW0pMQjAwMl3jgJDov5Tlk4HnqK7liKVB44CR44CQ6YCB5paZ54Sh5paZ44CR44CQUkNQ44CR[rn]
31-2671,aHR0cDovL3RzaG9wLnIxMHMuanAvamlzbS9jYWJpbmV0LzAxNDEvNDkwMjY2ODU2NTg1Mi5qcGc/Zml0aW49NzAwOjcwMA==,NTA0LjAwMDA=,,5pel55So5ZOB6ZuR6LKo44O75paH5oi/5YW344O75omL6Iq4ID4g5paH5oi/5YW344O75LqL5YuZ55So5ZOBID4g44Op44OZ44Or44O744K544OG44OD44Kr44O8ID4g44Op44OZ44Or55So57SZ,T1AyNDEw44CQ56iO6L6844CRIOODkuOCteOCtCDnsKHmmJPmg4XloLHkv53orbfjg6njg5njg6sg44Gv44GM44GN5YWo6Z2i77yI57SZ44K/44Kk44OX77yJIDIw44K344O844OIICBbT1AyNDEwXeOAkOi/lOWTgeeoruWIpUHjgJHjgJBSQ1DjgJE=,5qW95aSpU2hvcCBvZiB0aGUgWWVhciAyMDE2IOe3j+WQiOOCsOODqeODs+ODl+ODquWPl+iznuKYhQ==,5Zyo5bqr54q25rOB77ya5YWl6I235qyh56ys5Ye66I23PGJyPjPml6XvvZ415pel44Gn5Ye66I23PGJyPjxicj48YnI+PGZvbnQgY29sb3I9Ymx1ZT7ilqHjgIzov5Tlk4HnqK7liKXjgI3jgavjgaTjgYTjgaboqbPjgZfjgY/jga/jgZPjgaHjgonilqE8L2ZvbnQ+PGJyPjxicj48cD48YnI+PHA+PEZPTlQgQ09MT1I9IlJFRCI+4oC75pys6KO95ZOB44Gr44Gv5Y2w5Yi344Gn44GN44G+44Gb44KT44CCPEJSPuKAu+OCpOODs+OCr+OCuOOCp+ODg+ODiOODl+ODquODs+OCv+WwgueUqOe0meOBq+OBr+OAgeOBlOS9v+eUqOOBhOOBn+OBoOOBkeOBvuOBm+OCk+OAgjwvRk9OVD48QlI+PGJyPuKXhuODqeODmeODq+OCkuiyvOOCiuS7mOOBkeOBpuOAgemDtemAgeS4reOBquOBqeS4gOaZgueahOOBq+aDheWgseODu+WGheWuueOCkuS/neitt+OBmeOCi+OBk+OBqOOBjOOBp+OBjeOBvuOBmeOAgjxCUj7il4bjgq3jg6zjgqTjgavjga/jgYzjgZvjgabjgIHjgoLjgYbkuIDluqbosrzjgovjgZPjgajjgYzjgafjgY3jgb7jgZnjgII8QlI+4peG44GZ44Gn44Gr5Zyw57SL44GM5Y2w5Yi344GV44KM44Gm44GE44KL44Gf44KB44CB6Z2i5YCS44Gq5Y2w5Yi344Gu5omL6ZaT44Gv44GE44KK44G+44Gb44KT44CCPEJSPuKXhuODqeODmeODq+OBr+OAgeODj+OCrOOCreOCiOOCiuOBsuOBqOWbnuOCiuWwj+OBleOBquOCteOCpOOCuuOBp+OBmeOAgjxCUj48YnI+4pag44CA5LuV5qeY44CA4pagPHVsPjxMST7nlKjntJnjgrXjgqTjgrrvvJpBNu+8iDEwNcOXMTQ4LjVtbe+8iTwvTEk+PExJPuODqeODmeODq+OCteOCpOOCuu+8mjk2w5cxNDJtbTwvTEk+PExJPumdouS7mOOBke+8mkE244O7MemdojwvTEk+PExJPue0meWOmu+8mjAuMjBtbTwvTEk+PExJPuWdqumHj++8mjE3NmcvbTLnqIvluqY8L0xJPjxMST7lhaXjgormlbDvvJoyMOOCt+ODvOODiDwvTEk+PC91bD48YnI+PGJyPjxicj4o4oC744GT44Gu6Kqs5piO5paH44Gv5qW95aSp5biC5aC05bqX44Gu6KiY6LyJ5YaF5a6544Gn44GZ44CCVVJM44GvaHR0cDovL2l0ZW0ucmFrdXRlbi5jby5qcC9qaXNtL+OBp+Wni+OBvuOCiuOBvuOBmeOAglVSTOOBjOeVsOOBquOCi+mam+OBr+OCteOCpOODiOOCkuWIqeeUqOOBmeOCi+OBk+OBqOOBruOBquOBhOOCiOOBhuWNgeWIhuOBlOazqOaEj+OBj+OBoOOBleOBhOOAgik8dGFibGUgd2lkdGg9IjYwMCIgYm9yZGVyPTAgY2VsbHBhZGRpbmc9NSBjZWxsc3BhY2luZz0wIGJnY29sb3I9IiNGMEVERTQiPjx0cj48dGQgYWxpZ249ImNlbnRlciIgYmdjb2xvcj0iI0JCQTA0RSI+Cjx0YWJsZSB3aWR0aD0iNTkwIiBib3JkZXI9MCBjZWxscGFkZGluZz0yIGNlbGxzcGFjaW5nPTEgYmdjb2xvcj0iI0YwRURFNCIgc3VtbWFyeT0iIiBzdHlsZT0iZm9udC1zaXplOjEycHg7Ij48dHI+PHRkPuOBiuOBmeOBmeOCgeOCq+ODhuOCtOODquODvOOAgO+8muOAgOOCqOOCouOCs+ODs+OAgOODu+OAgOWKoOa5v+WZqOOAgOODu+OAgOWGt+iUteW6q+OAgOODu+OAgOODm+ODg+ODiOOCq+ODvOODmuODg+ODiOOAgOODu+OAgOW4g+Wbo+S5vueHpeapnzwvdGQ+PC90cj48dHI+PHRkIGFsaWduPSJjZW50ZXIiPuOCtOODq+ODleODnOODvOODq+OAgOODu+OAgOaOg+mZpOapn+ODu+OCr+ODquODvOODiuODvOOAgOODu+OAgO+8tO+8tuOCsuODvOODoOOAgOODu+OAgOmbu+axoOOAgOODu+OAgOWFhembu+axoOODu+WFhembu+WZqOOAgOODu+OAgOODqeODg+ODlOODs+OCsOiiiwo8L3RkPjwvdHI+PC90YWJsZT4KPC90ZD48L3RyPjwvdGFibGU+PGJyPg==,T1AyNDEw44CQ56iO6L6844CRIOODkuOCteOCtCDnsKHmmJPmg4XloLHkv53orbfjg6njg5njg6sg44Gv44GM44GN5YWo6Z2i77yI57SZ44K/44Kk44OX77yJIDIw44K344O844OIICBbT1AyNDEwXeOAkOi/lOWTgeeoruWIpUHjgJHjgJBSQ1DjgJHvvJpKb3NoaW4gd2ViIOWutumbu+OBqFBD44Gu5aSn5Z6L5bCC6ZaA5bqX,5a626Zu744OR44K944Kz44OzQVbmqZ/lmajpq5jntJrjgqrjg7zjg4fjgqPjgqrjg5vjg5Pjg7zjgYrjgoLjgaHjgoPjgrLjg7zjg6DpiYTpgZPmqKHlnovmmYLoqIhQQ+ODhuODrOODk+ODrOOCs+ODvOODgOODvOmbkeiyqOaooeWei+WGt+iUteW6q+a0l+a/r+apn+OCqOOCouOCs+ODs2dhbWVob2JieWNvbXB1dGVyT1AyNDEw44CQ56iO6L6844CRIOODkuOCteOCtCDnsKHmmJPmg4XloLHkv53orbfjg6njg5njg6sg44Gv44GM44GN5YWo6Z2i77yI57SZ44K/44Kk44OX77yJIDIw44K344O844OIICBbT1AyNDEwXeOAkOi/lOWTgeeoruWIpUHjgJHjgJBSQ1DjgJE=,5qW95aSpU2hvcCBvZiB0aGUgWWVhciAyMDE2IOe3j+WQiOOCsOODqeODs+ODl+ODquWPl+iznuKYheOAgk9QMjQxMOOAkOeojui+vOOAkSDjg5LjgrXjgrQg57Ch5piT5oOF5aCx5L+d6K2344Op44OZ44OrIOOBr+OBjOOBjeWFqOmdou+8iOe0meOCv+OCpOODl++8iSAyMOOCt+ODvOODiCAgW09QMjQxMF3jgJDov5Tlk4HnqK7liKVB44CR44CQUkNQ44CR[rn]
31-2672,aHR0cDovL3RzaG9wLnIxMHMuanAvamlzbS9jYWJpbmV0LzA0NDQvNDkwMjY2ODU2NzU1OS5qcGc/Zml0aW49NzAwOjcwMA==,NDQ4LjAwMDA=,,5pel55So5ZOB6ZuR6LKo44O75paH5oi/5YW344O75omL6Iq4ID4g5paH5oi/5YW344O75LqL5YuZ55So5ZOBID4g44Op44OZ44Or44O744K544OG44OD44Kr44O8ID4g44Op44OZ44Or55So57SZ,T1AyNDEz44CQ56iO6L6844CRIOODkuOCteOCtCDnm67pmqDjgZfjg6njg5njg6vjg7vov5TpgIHnlKgg44Gv44GM44GN5YWo6Z2iIDEw44K344O844OIICBbT1AyNDEzXeOAkOi/lOWTgeeoruWIpUHjgJHjgJBSQ1DjgJE=,5qW95aSpU2hvcCBvZiB0aGUgWWVhciAyMDE2IOe3j+WQiOOCsOODqeODs+ODl+ODquWPl+iznuKYhQ==,5Zyo5bqr54q25rOB77ya5YWl6I235qyh56ys5Ye66I23PGJyPjPml6XvvZ415pel44Gn5Ye66I23PGJyPjxicj48YnI+PGZvbnQgY29sb3I9Ymx1ZT7ilqHjgIzov5Tlk4HnqK7liKXjgI3jgavjgaTjgYTjgaboqbPjgZfjgY/jga/jgZPjgaHjgonilqE8L2ZvbnQ+PGJyPjxicj48cD48YnI+PHA+PEZPTlQgQ09MT1I9IlJFRCI+4oC75pys6KO95ZOB44Gr44Gv44CB5Y2w5Yi344Gv44Gn44GN44G+44Gb44KT44CCPC9GT05UPjxCUj48YnI+4peG5LiL5Zyw44GM6YCP44GR44Gq44GE55uu6Zqg44GX44Op44OZ44Or44Gn44GZ44CC6L+U6YCB55So44Gv44GM44GN562J44Go5LiA57eS44Gr55So5oSP44GX44Gm44GK44GR44Gw44CB6YO16YCB5pmC44Gr44KC44GK5a6i5qeY5oOF5aCx44KE5paH5pu45YaF5a6544KS5L+d6K2344GZ44KL44GT44Go44GM44Gn44GN44G+44GZ44CCPEJSPuKXhuODqeODmeODq+OBq+S9v+eUqOaWueazleOBjOOBguOCieOBi+OBmOOCgeWNsOWIt+OBleOCjOOBpuOBhOOCi+OBruOBp+WPl+WPluS6uuOBq+eUqOmAlOOBjOS8neOCj+OCiuOChOOBmeOBj+OAgei/lOmAgeeUqOOBruOBr+OBjOOBjeOChOabuOmhnuOBq+a3u+S7mOOBmeOCi+OBoOOBkeOBp+OAgeewoeWNmOOBq+S9v+eUqOOBl+OBpuOBhOOBn+OBoOOBkeOBvuOBmeOAgjxCUj7il4bosrzjgorku5jjgZHjgZ/jg6njg5njg6vjga/jgIHkuIDluqbjga/jgYzjgZnjgajlhYPjgavmiLvjgZnjgZPjgajjga/jgafjgY3jgb7jgZvjgpPjgII8QlI+4peG44Op44OZ44Or44Gv44CB44OP44Ks44Kt44KI44KK44Gy44Go5Zue44KK5bCP44GV44Gq44K144Kk44K644Gn44GZ44CCPEJSPjxCUj7igLvjga/jgYzjgY3jg7vlsIHnrZLnrYnjgavjgZTkvb/nlKjjgY/jgaDjgZXjgYTjgILnmq7pnanjg7vmnKjmnZDjg7vmm7LpnaLjg7vlh7nlh7jpnaLjgavjga/jgYrosrzjgorjgYTjgZ/jgaDjgZHjgb7jgZvjgpPjgII8QlI+4oC75ZWG5ZOB44Gu54m55oCn5LiK44CB44Gv44GM44GN44Gr44Gq44Gp44Gr6LK844Gj44Gm44Gv44GM44GX44Gf44GC44Go44Gr44Gv44CB44GG44GZ44GE55qu6Iac44GM5q6L44KL44Gu44Gn44CB5YaZ55yf44Gq44Gp44Gu5LiK44Gr44Gv44KL5aC05ZCI44Gr44Gv6YGp44GV44Gq44GE44GT44Go44GM44GC44KK44G+44GZ44CCPEJSPuKAu+OCq+ODvOODnOODs+e0meetieOBp+ikh+WGmeOBl+OBn+OCguOBruOBq+S9v+eUqOOBl+OBn+WgtOWQiOOAgeWMluWtpuWkieWMluOBq+OCiOOCiuWNsOWtl+OBjOiWhOOBj+OBquOCi+OBk+OBqOOBjOOBguOCiuOBvuOBmeOBruOBp+OBlOazqOaEj+OBj+OBoOOBleOBhOOAgjxCUj48YnI+4pag44CA5LuV5qeY44CA4pagPHVsPjxMST7nlKjntJnjgrXjgqTjgrrvvJpBNuOCteOCpOOCuu+8iDEwNcOXMTQ4LjVtbe+8iTwvTEk+PExJPuODqeODmeODq+OCteOCpOOCuu+8mjk2w5cxNDJtbTwvTEk+PExJPumdouS7mOOBke+8mkE244O7MemdojwvTEk+PExJPuWOmuOBle+8mjAuMjNtbTwvTEk+PExJPuWdqumHj++8mjIzMWcvbTLnqIvluqY8L0xJPjxMST7lhaXjgormlbDvvJoxMOOCt+ODvOODiDwvTEk+PC91bD48YnI+PGJyPjxicj4o4oC744GT44Gu6Kqs5piO5paH44Gv5qW95aSp5biC5aC05bqX44Gu6KiY6LyJ5YaF5a6544Gn44GZ44CCVVJM44GvaHR0cDovL2l0ZW0ucmFrdXRlbi5jby5qcC9qaXNtL+OBp+Wni+OBvuOCiuOBvuOBmeOAglVSTOOBjOeVsOOBquOCi+mam+OBr+OCteOCpOODiOOCkuWIqeeUqOOBmeOCi+OBk+OBqOOBruOBquOBhOOCiOOBhuWNgeWIhuOBlOazqOaEj+OBj+OBoOOBleOBhOOAgik8dGFibGUgd2lkdGg9IjYwMCIgYm9yZGVyPTAgY2VsbHBhZGRpbmc9NSBjZWxsc3BhY2luZz0wIGJnY29sb3I9IiNGMEVERTQiPjx0cj48dGQgYWxpZ249ImNlbnRlciIgYmdjb2xvcj0iI0JCQTA0RSI+Cjx0YWJsZSB3aWR0aD0iNTkwIiBib3JkZXI9MCBjZWxscGFkZGluZz0yIGNlbGxzcGFjaW5nPTEgYmdjb2xvcj0iI0YwRURFNCIgc3VtbWFyeT0iIiBzdHlsZT0iZm9udC1zaXplOjEycHg7Ij48dHI+PHRkPuOBiuOBmeOBmeOCgeOCq+ODhuOCtOODquODvOOAgO+8muOAgOOCqOOCouOCs+ODs+OAgOODu+OAgOWKoOa5v+WZqOOAgOODu+OAgOWGt+iUteW6q+OAgOODu+OAgOODm+ODg+ODiOOCq+ODvOODmuODg+ODiOOAgOODu+OAgOW4g+Wbo+S5vueHpeapnzwvdGQ+PC90cj48dHI+PHRkIGFsaWduPSJjZW50ZXIiPuOCtOODq+ODleODnOODvOODq+OAgOODu+OAgOaOg+mZpOapn+ODu+OCr+ODquODvOODiuODvOOAgOODu+OAgO+8tO+8tuOCsuODvOODoOOAgOODu+OAgOmbu+axoOOAgOODu+OAgOWFhembu+axoOODu+WFhembu+WZqOOAgOODu+OAgOODqeODg+ODlOODs+OCsOiiiwo8L3RkPjwvdHI+PC90YWJsZT4KPC90ZD48L3RyPjwvdGFibGU+PGJyPg==,T1AyNDEz44CQ56iO6L6844CRIOODkuOCteOCtCDnm67pmqDjgZfjg6njg5njg6vjg7vov5TpgIHnlKgg44Gv44GM44GN5YWo6Z2iIDEw44K344O844OIICBbT1AyNDEzXeOAkOi/lOWTgeeoruWIpUHjgJHjgJBSQ1DjgJHvvJpKb3NoaW4gd2ViIOWutumbu+OBqFBD44Gu5aSn5Z6L5bCC6ZaA5bqX,5a626Zu744OR44K944Kz44OzQVbmqZ/lmajpq5jntJrjgqrjg7zjg4fjgqPjgqrjg5vjg5Pjg7zjgYrjgoLjgaHjgoPjgrLjg7zjg6DpiYTpgZPmqKHlnovmmYLoqIhQQ+ODhuODrOODk+ODrOOCs+ODvOODgOODvOmbkeiyqOaooeWei+WGt+iUteW6q+a0l+a/r+apn+OCqOOCouOCs+ODs2dhbWVob2JieWNvbXB1dGVyT1AyNDEz44CQ56iO6L6844CRIOODkuOCteOCtCDnm67pmqDjgZfjg6njg5njg6vjg7vov5TpgIHnlKgg44Gv44GM44GN5YWo6Z2iIDEw44K344O844OIICBbT1AyNDEzXeOAkOi/lOWTgeeoruWIpUHjgJHjgJBSQ1DjgJE=,5qW95aSpU2hvcCBvZiB0aGUgWWVhciAyMDE2IOe3j+WQiOOCsOODqeODs+ODl+ODquWPl+iznuKYheOAgk9QMjQxM+OAkOeojui+vOOAkSDjg5LjgrXjgrQg55uu6Zqg44GX44Op44OZ44Or44O76L+U6YCB55SoIOOBr+OBjOOBjeWFqOmdoiAxMOOCt+ODvOODiCAgW09QMjQxM13jgJDov5Tlk4HnqK7liKVB44CR44CQUkNQ44CR[rn]
31-2673,aHR0cDovL3RzaG9wLnIxMHMuanAvamlzbS9jYWJpbmV0LzA0NjgvNDkwMjY2ODU5MDkwOC5qcGc/Zml0aW49NzAwOjcwMA==,Nzg0LjAwMDA=,,5pel55So5ZOB6ZuR6LKo44O75paH5oi/5YW344O75omL6Iq4ID4g5paH5oi/5YW344O75LqL5YuZ55So5ZOBID4g44Op44OZ44Or44O744K544OG44OD44Kr44O8ID4g44Op44OZ44Or55So57SZ,T1AyNDI444CQ56iO6L6844CRIOODkuOCteOCtCDjga/jgYzjgZnjgajlo4rjgozjgovplovlsIHpmLLmraLjgrfjg7zjg6sgMumdoiAxMOOCt+ODvOODiOWFpSAgW09QMjQyOF3jgJDov5Tlk4HnqK7liKVB44CR44CQUkNQ44CR,5qW95aSpU2hvcCBvZiB0aGUgWWVhciAyMDE2IOe3j+WQiOOCsOODqeODs+ODl+ODquWPl+iznuKYhQ==,5Zyo5bqr54q25rOB77ya5YWl6I235qyh56ys5Ye66I23PGJyPjPml6XvvZ415pel44Gn5Ye66I23PGJyPjxicj48YnI+PGZvbnQgY29sb3I9Ymx1ZT7ilqHjgIzov5Tlk4HnqK7liKXjgI3jgavjgaTjgYTjgaboqbPjgZfjgY/jga/jgZPjgaHjgonilqE8L2ZvbnQ+PGJyPjxmb250IHNpemU9JzInIGNvbG9yPScjQ0MwMDAwJz48Yj4yMDE15bm0MTHmnIgg55m65aOyPC9iPjwvZm9udD48YnI+PHA+PGJyPjxwPjxmb250IGNvbG9yPSJyZWQiPuKAu+acrOijveWTgeOBq+OBr+WNsOWIt+OBp+OBjeOBvuOBm+OCkzxicj7igLvkuIDluqbosrzjgaPjgZ/jgonjga/jgYzjgZnjgZPjgajjgYzpm6PjgZfjgYTjga7jgafjgIHosrzjgorku5jjgZHjga7pmpvjgavjga/ljYHliIbjgZTms6jmhI/jgY/jgaDjgZXjgYTjgII8YnI+4oC755qu6Z2p44O75pyo5p2Q44O75puy6Z2i44O75Ye55Ye46Z2i44Gr44Gv44GK6LK844KK44GE44Gf44Gg44GR44G+44Gb44KT44CCPGJyPuKAu+OCt+ODvOODq+OBruWGjeWIqeeUqOOBr+OBp+OBjeOBvuOBm+OCk+OAgiA8L2ZvbnQ+PGJyPuKXhuOBr+OBjOOBneOBhuOBqOOBmeOCi+OBqOODnOODreODnOODreOBqOWjiuOCjOOBpuOBr+OBjOOBm+OBquOBhOOCt+ODvOODq+OBp+OBmeOAgjxicj48YnI+4peG6Leh44GM5q6L44Gj44Gm6ZaL5bCB44GX44Gf44GT44Go44GM5Yik5Yil44Gn44GN44G+44GZ44CCPGJyPjxicj7il4bmm7jpoZ7kv53nrqHnrrHjga7lsIHjgYvjgpPjgavkvr/liKnjgarjgrXjgqTjgrrjgafjgZnjgII8YnI+PGJyPuKXhuODnOODvOODq+ODmuODs+OBquOBqeOBp+OAgeODoeODouOCkuabuOOBjei+vOOCgeOBvuOBmeOAgjxicj48YnI+4peG5bCB562S44Gq44Gp44Gu57SZ44CB44Ks44Op44K544CB44OX44Op44K544OB44OD44Kv44Gq44Gp44Gr44GU5Yip55So44GP44Gg44GV44GE44CCPGJyPuKWoOOAgOS7leanmOOAgOKWoDx1bD48TEk+5ZWG5ZOB44K144Kk44K677yaQTYoMTA1w5cxNDhtbSkgPC9MST48TEk+44Op44OZ44Or44K144Kk44K677yaOTV4NjZtbTwvTEk+PGxpPuODqeODmeODq+OBruOBv+OBruWOmuOBle+8mjAuMTBtbTwvbGk+PExJPue0meWOmu+8mjAuMjdtbTwvTEk+PGxpPumdouS7mOOBke+8mjLpnaI8L2xpPjxMST7lnarph4/vvJozMzVnL20y56iL5bqmPC9MST48TEk+5YWl5pWw77yaMTDjgrfjg7zjg4g8L0xJPjwvdWw+PGJyPjxicj48YnI+KOKAu+OBk+OBruiqrOaYjuaWh+OBr+alveWkqeW4guWgtOW6l+OBruiomOi8ieWGheWuueOBp+OBmeOAglVSTOOBr2h0dHA6Ly9pdGVtLnJha3V0ZW4uY28uanAvamlzbS/jgaflp4vjgb7jgorjgb7jgZnjgIJVUkzjgYznlbDjgarjgovpmpvjga/jgrXjgqTjg4jjgpLliKnnlKjjgZnjgovjgZPjgajjga7jgarjgYTjgojjgYbljYHliIbjgZTms6jmhI/jgY/jgaDjgZXjgYTjgIIpPHRhYmxlIHdpZHRoPSI2MDAiIGJvcmRlcj0wIGNlbGxwYWRkaW5nPTUgY2VsbHNwYWNpbmc9MCBiZ2NvbG9yPSIjRjBFREU0Ij48dHI+PHRkIGFsaWduPSJjZW50ZXIiIGJnY29sb3I9IiNCQkEwNEUiPgo8dGFibGUgd2lkdGg9IjU5MCIgYm9yZGVyPTAgY2VsbHBhZGRpbmc9MiBjZWxsc3BhY2luZz0xIGJnY29sb3I9IiNGMEVERTQiIHN1bW1hcnk9IiIgc3R5bGU9ImZvbnQtc2l6ZToxMnB4OyI+PHRyPjx0ZD7jgYrjgZnjgZnjgoHjgqvjg4bjgrTjg6rjg7zjgIDvvJrjgIDjgqjjgqLjgrPjg7PjgIDjg7vjgIDliqDmub/lmajjgIDjg7vjgIDlhrfolLXluqvjgIDjg7vjgIDjg5vjg4Pjg4jjgqvjg7zjg5rjg4Pjg4jjgIDjg7vjgIDluIPlm6Pkub7nh6XmqZ88L3RkPjwvdHI+PHRyPjx0ZCBhbGlnbj0iY2VudGVyIj7jgrTjg6vjg5Xjg5zjg7zjg6vjgIDjg7vjgIDmjoPpmaTmqZ/jg7vjgq/jg6rjg7zjg4rjg7zjgIDjg7vjgIDvvLTvvLbjgrLjg7zjg6DjgIDjg7vjgIDpm7vmsaDjgIDjg7vjgIDlhYXpm7vmsaDjg7vlhYXpm7vlmajjgIDjg7vjgIDjg6njg4Pjg5Tjg7PjgrDooosKPC90ZD48L3RyPjwvdGFibGU+CjwvdGQ+PC90cj48L3RhYmxlPjxicj4=,T1AyNDI444CQ56iO6L6844CRIOODkuOCteOCtCDjga/jgYzjgZnjgajlo4rjgozjgovplovlsIHpmLLmraLjgrfjg7zjg6sgMumdoiAxMOOCt+ODvOODiOWFpSAgW09QMjQyOF3jgJDov5Tlk4HnqK7liKVB44CR44CQUkNQ44CR77yaSm9zaGluIHdlYiDlrrbpm7vjgahQQ+OBruWkp+Wei+WwgumWgOW6lw==,5a626Zu744OR44K944Kz44OzQVbmqZ/lmajpq5jntJrjgqrjg7zjg4fjgqPjgqrjg5vjg5Pjg7zjgYrjgoLjgaHjgoPjgrLjg7zjg6DpiYTpgZPmqKHlnovmmYLoqIhQQ+ODhuODrOODk+ODrOOCs+ODvOODgOODvOmbkeiyqOaooeWei+WGt+iUteW6q+a0l+a/r+apn+OCqOOCouOCs+ODs2dhbWVob2JieWNvbXB1dGVyT1AyNDI444CQ56iO6L6844CRIOODkuOCteOCtCDjga/jgYzjgZnjgajlo4rjgozjgovplovlsIHpmLLmraLjgrfjg7zjg6sgMumdoiAxMOOCt+ODvOODiOWFpSAgW09QMjQyOF3jgJDov5Tlk4HnqK7liKVB44CR44CQUkNQ44CR,5qW95aSpU2hvcCBvZiB0aGUgWWVhciAyMDE2IOe3j+WQiOOCsOODqeODs+ODl+ODquWPl+iznuKYheOAgk9QMjQyOOOAkOeojui+vOOAkSDjg5LjgrXjgrQg44Gv44GM44GZ44Go5aOK44KM44KL6ZaL5bCB6Ziy5q2i44K344O844OrIDLpnaIgMTDjgrfjg7zjg4jlhaUgIFtPUDI0Mjhd44CQ6L+U5ZOB56iu5YilQeOAkeOAkFJDUOOAkQ==[rn]
31-2674,aHR0cDovL3RzaG9wLnIxMHMuanAvamlzbS9jYWJpbmV0LzA0NjgvNDkwMjY2ODU5MDg1NC5qcGc/Zml0aW49NzAwOjcwMA==,NzEyLjAwMDA=,,5pel55So5ZOB6ZuR6LKo44O75paH5oi/5YW344O75omL6Iq4ID4g5paH5oi/5YW344O75LqL5YuZ55So5ZOBID4g44Op44OZ44Or44O744K544OG44OD44Kr44O8ID4g44Op44OZ44Or55So57SZ,T1AyNDI044CQ56iO6L6844CRIOODkuOCteOCtCDjgaHjgY7jgaPjgabosrzjgovmg4XloLHkv53orbfjg6njg5njg6sg6LK844KK55u044GXT0vjgr/jgqTjg5cgMjDjgrfjg7zjg4ggIFtPUDI0MjRd44CQ6L+U5ZOB56iu5YilQeOAkeOAkFJDUOOAkQ==,5qW95aSpU2hvcCBvZiB0aGUgWWVhciAyMDE2IOe3j+WQiOOCsOODqeODs+ODl+ODquWPl+iznuKYhQ==,5Zyo5bqr54q25rOB77ya5YWl6I235qyh56ys5Ye66I23PGJyPjPml6XvvZ415pel44Gn5Ye66I23PGJyPjxicj48YnI+PGZvbnQgY29sb3I9Ymx1ZT7ilqHjgIzov5Tlk4HnqK7liKXjgI3jgavjgaTjgYTjgaboqbPjgZfjgY/jga/jgZPjgaHjgonilqE8L2ZvbnQ+PGJyPjxmb250IHNpemU9JzInIGNvbG9yPScjQ0MwMDAwJz48Yj4yMDE15bm0MTHmnIgg55m65aOyPC9iPjwvZm9udD48YnI+PHA+PGJyPjxwPjxGT05UIENPTE9SPSJSRUQiPuKAu+acrOijveWTgeOBq+OBr+WNsOWIt+OBp+OBjeOBvuOBm+OCk+OAgjxCUj7igLvjgqTjg7Pjgq/jgrjjgqfjg4Pjg4jjg5fjg6rjg7Pjgr/lsILnlKjntJnjgavjga/jgIHjgZTkvb/nlKjjgYTjgZ/jgaDjgZHjgb7jgZvjgpPjgII8L0ZPTlQ+PEJSPjxicj7il4YxMG1t5pa555y844Gu44Of44K344Oz55uu5YWl44KK44Gn44CB5b+F6KaB44Gq5aSn44GN44GV44Gr44Kr44OD44OI44GX44Gm5L2/44GI44KL5oOF5aCx5L+d6K2344K344O844Or44Gn44GZ44CCPGJyPjxicj7il4bosrzjgornm7TjgZflj6/og73jgarjgr/jgqTjg5fjgarjga7jgafjgIHkuIDmmYLnmoTjgavmg4XloLHjgpLpmqDjgZnjgZPjgajjgYzjgafjgY3jgb7jgZnjgII8YnI+PGJyPuKXhuOBr+OBjOOBjeOBq+iyvOOCjOOBsOOAgemDtemAgeS4reOBruaDheWgseOChOWGheWuueOCkuS/neitt+OBmeOCi+OBk+OBqOOBjOOBp+OBjeOBvuOBmeOAgjxicj48YnI+4peG5LiL44GL44KJMWNt44Gu5L2N572u44Gr44KB44GP44KK44KE44GZ44GE44KI44GG44Gr44CB44K544Oq44OD44OI44GM5YWl44Gj44Gm44GE44G+44GZ44CCPGJyPjxicj7ilqDjgIDku5Xmp5jjgIDilqA8dWw+PExJPuWVhuWTgeOCteOCpOOCuu+8mjEwMMOXMTUwbW08L0xJPjxMST7jg6njg5njg6vjgrXjgqTjgrrvvJoxMDDDlzE0MG1tPC9MST48TEk+57SZ5Y6a77yaMC4yMG1tPC9MST48TEk+5Z2q6YeP77yaMTc2Zy9tMueoi+W6pjwvTEk+PExJPuWFpeOCiuaVsO+8mjIw44K344O844OIPC9MST48L3VsPjxicj48YnI+PGJyPijigLvjgZPjga7oqqzmmI7mlofjga/mpb3lpKnluILloLTlupfjga7oqJjovInlhoXlrrnjgafjgZnjgIJVUkzjga9odHRwOi8vaXRlbS5yYWt1dGVuLmNvLmpwL2ppc20v44Gn5aeL44G+44KK44G+44GZ44CCVVJM44GM55Ww44Gq44KL6Zqb44Gv44K144Kk44OI44KS5Yip55So44GZ44KL44GT44Go44Gu44Gq44GE44KI44GG5Y2B5YiG44GU5rOo5oSP44GP44Gg44GV44GE44CCKTx0YWJsZSB3aWR0aD0iNjAwIiBib3JkZXI9MCBjZWxscGFkZGluZz01IGNlbGxzcGFjaW5nPTAgYmdjb2xvcj0iI0YwRURFNCI+PHRyPjx0ZCBhbGlnbj0iY2VudGVyIiBiZ2NvbG9yPSIjQkJBMDRFIj4KPHRhYmxlIHdpZHRoPSI1OTAiIGJvcmRlcj0wIGNlbGxwYWRkaW5nPTIgY2VsbHNwYWNpbmc9MSBiZ2NvbG9yPSIjRjBFREU0IiBzdW1tYXJ5PSIiIHN0eWxlPSJmb250LXNpemU6MTJweDsiPjx0cj48dGQ+44GK44GZ44GZ44KB44Kr44OG44K044Oq44O844CA77ya44CA44Ko44Ki44Kz44Oz44CA44O744CA5Yqg5rm/5Zmo44CA44O744CA5Ya36JS15bqr44CA44O744CA44Ob44OD44OI44Kr44O844Oa44OD44OI44CA44O744CA5biD5Zuj5Lm+54el5qmfPC90ZD48L3RyPjx0cj48dGQgYWxpZ249ImNlbnRlciI+44K044Or44OV44Oc44O844Or44CA44O744CA5o6D6Zmk5qmf44O744Kv44Oq44O844OK44O844CA44O744CA77y077y244Ky44O844Og44CA44O744CA6Zu75rGg44CA44O744CA5YWF6Zu75rGg44O75YWF6Zu75Zmo44CA44O744CA44Op44OD44OU44Oz44Kw6KKLCjwvdGQ+PC90cj48L3RhYmxlPgo8L3RkPjwvdHI+PC90YWJsZT48YnI+,T1AyNDI044CQ56iO6L6844CRIOODkuOCteOCtCDjgaHjgY7jgaPjgabosrzjgovmg4XloLHkv53orbfjg6njg5njg6sg6LK844KK55u044GXT0vjgr/jgqTjg5cgMjDjgrfjg7zjg4ggIFtPUDI0MjRd44CQ6L+U5ZOB56iu5YilQeOAkeOAkFJDUOOAke+8mkpvc2hpbiB3ZWIg5a626Zu744GoUEPjga7lpKflnovlsILploDlupc=,5a626Zu744OR44K944Kz44OzQVbmqZ/lmajpq5jntJrjgqrjg7zjg4fjgqPjgqrjg5vjg5Pjg7zjgYrjgoLjgaHjgoPjgrLjg7zjg6DpiYTpgZPmqKHlnovmmYLoqIhQQ+ODhuODrOODk+ODrOOCs+ODvOODgOODvOmbkeiyqOaooeWei+WGt+iUteW6q+a0l+a/r+apn+OCqOOCouOCs+ODs2dhbWVob2JieWNvbXB1dGVyT1AyNDI044CQ56iO6L6844CRIOODkuOCteOCtCDjgaHjgY7jgaPjgabosrzjgovmg4XloLHkv53orbfjg6njg5njg6sg6LK844KK55u044GXT0vjgr/jgqTjg5cgMjDjgrfjg7zjg4ggIFtPUDI0MjRd44CQ6L+U5ZOB56iu5YilQeOAkeOAkFJDUOOAkQ==,5qW95aSpU2hvcCBvZiB0aGUgWWVhciAyMDE2IOe3j+WQiOOCsOODqeODs+ODl+ODquWPl+iznuKYheOAgk9QMjQyNOOAkOeojui+vOOAkSDjg5LjgrXjgrQg44Gh44GO44Gj44Gm6LK844KL5oOF5aCx5L+d6K2344Op44OZ44OrIOiyvOOCiuebtOOBl09L44K/44Kk44OXIDIw44K344O844OIICBbT1AyNDI0XeOAkOi/lOWTgeeoruWIpUHjgJHjgJBSQ1DjgJE=[rn]
31-2675,aHR0cDovL3RzaG9wLnIxMHMuanAvamlzbS9jYWJpbmV0LzA0NjgvNDkwMjY2ODU5MDg4NS5qcGc/Zml0aW49NzAwOjcwMA==,MTExMi4wMDAw,,5pel55So5ZOB6ZuR6LKo44O75paH5oi/5YW344O75omL6Iq4ID4g5paH5oi/5YW344O75LqL5YuZ55So5ZOBID4g44Op44OZ44Or44O744K544OG44OD44Kr44O8ID4g44Op44OZ44Or55So57SZ,T1AyNDI244CQ56iO6L6844CRIOODkuOCteOCtCDplovlsIHpmLLmraLjgrfjg7zjg6sg5bCB562SIOmVt+W9ojblj7fnlKggNemdoiAxMOOCt+ODvOODiOWFpSAgW09QMjQyNl3jgJDov5Tlk4HnqK7liKVB44CR44CQUkNQ44CR,5qW95aSpU2hvcCBvZiB0aGUgWWVhciAyMDE2IOe3j+WQiOOCsOODqeODs+ODl+ODquWPl+iznuKYhQ==,5Zyo5bqr54q25rOB77ya5YWl6I235qyh56ys5Ye66I23PGJyPjPml6XvvZ415pel44Gn5Ye66I23PGJyPjxicj48YnI+PGZvbnQgY29sb3I9Ymx1ZT7ilqHjgIzov5Tlk4HnqK7liKXjgI3jgavjgaTjgYTjgaboqbPjgZfjgY/jga/jgZPjgaHjgonilqE8L2ZvbnQ+PGJyPjxmb250IHNpemU9JzInIGNvbG9yPScjQ0MwMDAwJz48Yj4yMDE15bm0MTHmnIgg55m65aOyPC9iPjwvZm9udD48YnI+PHA+PGJyPjxwPjxmb250IGNvbG9yPSJyZWQiPuKAu+acrOijveWTgeOBq+OBr+WNsOWIt+OBp+OBjeOBvuOBm+OCkzxicj7igLvjgqTjg7Pjgq/jgrjjgqfjg4Pjg4jjg5fjg6rjg7Pjgr/lsILnlKjntJnjgavjga/jgZTkvb/nlKjjgYTjgZ/jgaDjgZHjgb7jgZvjgpPjgII8YnI+4oC755qu6Z2p44O75pyo5p2Q44O75puy6Z2i44O75Ye55Ye46Z2i44Gr44Gv44GK6LK844KK44GE44Gf44Gg44GR44G+44Gb44KT44CCPGJyPuKAu+S4gOW6puOBr+OBjOOBmeOBqOWGjeWIqeeUqOOBp+OBjeOBvuOBm+OCk+OAgiA8L2ZvbnQ+PGJyPuKXhuOBr+OBjOOBmeOBqOOAjFZPSUTjgI0o54Sh5Yq577yJ44Gu5paH5a2X44GM54++44KM44KL44Gu44Gn44CB6ZaL5bCB44GX44Gf44GT44Go44GM5Yik5Yil44Gn44GN44G+44GZ44CCPGJyPjxicj7il4bplbflvaI25Y+377yIQTTkuInjg4TmipjnlKjvvInjga7lsIHnrZLjgavjgbTjgaPjgZ/jgorjga7jgrXjgqTjgrrjgafjgZnjgII8YnI+PGJyPuKXhuWPsOe0meOBq+ODn+OCt+ODs+ebruOBjOWFpeOBo+OBpuOBhOOCi+OBruOBp+OAgei/lOmAgeeUqOOBruWwgeOBi+OCk+OCt+ODvOODq+OBqOOBl+OBpuOCguS+v+WIqeOBp+OBmeOAgjxicj48YnI+4peG57SZ6KO944Gu5bCB562S44Gn44KC44CB6ZaL5bCB5pmC44Gr6KGo6Z2i44KS5YK344KB44G+44Gb44KT44CCPGJyPjxicj7il4bjg5fjg6njgrnjg4Hjg4Pjgq/jgavjgoLjgYrkvb/jgYTjgYTjgZ/jgaDjgZHjgb7jgZnjgII8YnI+PGJyPuKXhumWi+WwgeW+jOOAjFZPSUTjgI3jga7mloflrZfjgYzkuI3opoHjga7loLTlkIjjga/jgIHmtojjgZfjgrTjg6DjgarjganjgafjgZPjgZnjgovjgajjgIHjga/jgYzjgZnjgZPjgajjgYzjgafjgY3jgb7jgZnjgII8YnI+4pag44CA5LuV5qeY44CA4pagPHVsPjxMST7llYblk4HjgrXjgqTjgrrvvJpBNigxMDXDlzE0OG1tKSA8L0xJPjxMST7jg6njg5njg6vjgrXjgqTjgrrvvJoxMDB4MjBtbTwvTEk+PGxpPuODqeODmeODq+OBruOBv+OBruWOmuOBle+8mjAuMTBtbTwvbGk+PExJPue0meWOmu+8mjAuMTVtbTwvTEk+PGxpPumdouS7mOOBke+8mjXpnaI8L2xpPjxMST7lnarph4/vvJoxNzZnL20y56iL5bqmPC9MST48TEk+5YWl5pWw77yaMTDjgrfjg7zjg4g8L0xJPjwvdWw+PGJyPjxicj48YnI+KOKAu+OBk+OBruiqrOaYjuaWh+OBr+alveWkqeW4guWgtOW6l+OBruiomOi8ieWGheWuueOBp+OBmeOAglVSTOOBr2h0dHA6Ly9pdGVtLnJha3V0ZW4uY28uanAvamlzbS/jgaflp4vjgb7jgorjgb7jgZnjgIJVUkzjgYznlbDjgarjgovpmpvjga/jgrXjgqTjg4jjgpLliKnnlKjjgZnjgovjgZPjgajjga7jgarjgYTjgojjgYbljYHliIbjgZTms6jmhI/jgY/jgaDjgZXjgYTjgIIpPHRhYmxlIHdpZHRoPSI2MDAiIGJvcmRlcj0wIGNlbGxwYWRkaW5nPTUgY2VsbHNwYWNpbmc9MCBiZ2NvbG9yPSIjRjBFREU0Ij48dHI+PHRkIGFsaWduPSJjZW50ZXIiIGJnY29sb3I9IiNCQkEwNEUiPgo8dGFibGUgd2lkdGg9IjU5MCIgYm9yZGVyPTAgY2VsbHBhZGRpbmc9MiBjZWxsc3BhY2luZz0xIGJnY29sb3I9IiNGMEVERTQiIHN1bW1hcnk9IiIgc3R5bGU9ImZvbnQtc2l6ZToxMnB4OyI+PHRyPjx0ZD7jgYrjgZnjgZnjgoHjgqvjg4bjgrTjg6rjg7zjgIDvvJrjgIDjgqjjgqLjgrPjg7PjgIDjg7vjgIDliqDmub/lmajjgIDjg7vjgIDlhrfolLXluqvjgIDjg7vjgIDjg5vjg4Pjg4jjgqvjg7zjg5rjg4Pjg4jjgIDjg7vjgIDluIPlm6Pkub7nh6XmqZ88L3RkPjwvdHI+PHRyPjx0ZCBhbGlnbj0iY2VudGVyIj7jgrTjg6vjg5Xjg5zjg7zjg6vjgIDjg7vjgIDmjoPpmaTmqZ/jg7vjgq/jg6rjg7zjg4rjg7zjgIDjg7vjgIDvvLTvvLbjgrLjg7zjg6DjgIDjg7vjgIDpm7vmsaDjgIDjg7vjgIDlhYXpm7vmsaDjg7vlhYXpm7vlmajjgIDjg7vjgIDjg6njg4Pjg5Tjg7PjgrDooosKPC90ZD48L3RyPjwvdGFibGU+CjwvdGQ+PC90cj48L3RhYmxlPjxicj4=,T1AyNDI244CQ56iO6L6844CRIOODkuOCteOCtCDplovlsIHpmLLmraLjgrfjg7zjg6sg5bCB562SIOmVt+W9ojblj7fnlKggNemdoiAxMOOCt+ODvOODiOWFpSAgW09QMjQyNl3jgJDov5Tlk4HnqK7liKVB44CR44CQUkNQ44CR77yaSm9zaGluIHdlYiDlrrbpm7vjgahQQ+OBruWkp+Wei+WwgumWgOW6lw==,5a626Zu744OR44K944Kz44OzQVbmqZ/lmajpq5jntJrjgqrjg7zjg4fjgqPjgqrjg5vjg5Pjg7zjgYrjgoLjgaHjgoPjgrLjg7zjg6DpiYTpgZPmqKHlnovmmYLoqIhQQ+ODhuODrOODk+ODrOOCs+ODvOODgOODvOmbkeiyqOaooeWei+WGt+iUteW6q+a0l+a/r+apn+OCqOOCouOCs+ODs2dhbWVob2JieWNvbXB1dGVyT1AyNDI244CQ56iO6L6844CRIOODkuOCteOCtCDplovlsIHpmLLmraLjgrfjg7zjg6sg5bCB562SIOmVt+W9ojblj7fnlKggNemdoiAxMOOCt+ODvOODiOWFpSAgW09QMjQyNl3jgJDov5Tlk4HnqK7liKVB44CR44CQUkNQ44CR,5qW95aSpU2hvcCBvZiB0aGUgWWVhciAyMDE2IOe3j+WQiOOCsOODqeODs+ODl+ODquWPl+iznuKYheOAgk9QMjQyNuOAkOeojui+vOOAkSDjg5LjgrXjgrQg6ZaL5bCB6Ziy5q2i44K344O844OrIOWwgeetkiDplbflvaI25Y+355SoIDXpnaIgMTDjgrfjg7zjg4jlhaUgIFtPUDI0MjZd44CQ6L+U5ZOB56iu5YilQeOAkeOAkFJDUOOAkQ==[rn]
31-2676,aHR0cDovL3RzaG9wLnIxMHMuanAvYnVuZ3VraW11cmF5YS9jYWJpbmV0L3NjaG9vbF9zdGEvcGl0YTAxXzAxLmpwZz9maXRpbj03MDA6NzAw,NTE4LjQwMDA=,,5pel55So5ZOB6ZuR6LKo44O75paH5oi/5YW344O75omL6Iq4ID4g5paH5oi/5YW344O75LqL5YuZ55So5ZOBID4g6KO95Zuz55So5ZOBID4g5a6a6KaP,55u057ea5a6a6KaP44CM44OU44K/44OD44OI44Or44O844Op44O8IDE1Y23jgI3mu5HjgonjgarjgYTnm7Tnt5rlrpropo80NTgwNDE2NjQwMDE1IFttb2NoaW1vbm8v44Oi44OB44Oi44OOXeOAkOODjeOCs+ODneOCuU9L77yB44CR44CQUkNQ44CR,5o6I5qWt44Gn5b2556uL44Gk5qmf6IO944GM44GE44Gj44Gx44GE77yB,PFRBQkxFIEJPUkRFUj0iMCIgV0lEVEg9IjcwMCI+CjxUUj4KPFREPjxjZW50ZXI+CjxpbWcgc3JjPSJodHRwczovL2ltYWdlLnJha3V0ZW4uY28uanAvYnVuZ3VraW11cmF5YS9jYWJpbmV0L3NjaG9vbF9zdGEvcGl0YTAxXzA0LmpwZyI+PGJyPgo8YnI+CjxpbWcgc3JjPSJodHRwczovL2ltYWdlLnJha3V0ZW4uY28uanAvYnVuZ3VraW11cmF5YS9jYWJpbmV0L3NjaG9vbF9zdGEvcGl0YTAxXzA1LmpwZyI+PGJyPgo8YnI+CjxpbWcgc3JjPSJodHRwczovL2ltYWdlLnJha3V0ZW4uY28uanAvYnVuZ3VraW11cmF5YS9jYWJpbmV0L3NjaG9vbF9zdGEvcGl0YTAxXzAyLmpwZyI+PGJyPgo8YnI+CjxpbWcgc3JjPSJodHRwczovL2ltYWdlLnJha3V0ZW4uY28uanAvYnVuZ3VraW11cmF5YS9jYWJpbmV0L3NjaG9vbF9zdGEvcGl0YTAxXzAzLmpwZyI+PGJyPgo8YnI+Cjxicj4KCjwhLS3jg43jgrPjg53jgrnlr77lv5wtLT4KPGltZyBzcmM9Imh0dHBzOi8vaW1hZ2UucmFrdXRlbi5jby5qcC9idW5ndWtpbXVyYXlhL2NhYmluZXQvYmFubmVyL21haWxkZWxpX29rLmdpZiI+PGJyPgo8Zm9udCBjb2xvcj0jNkI4RTIzPgrjg43jgrPjg53jgrnjga7oqbPntLDjgavjgaTjgY3jgb7jgZfjgabjga88YSBocmVmPWh0dHBzOi8vd3d3LnJha3V0ZW4uY28uanAvYnVuZ3VraW11cmF5YS9pbmZvLmh0bWw+5Lya56S+5qaC6KaBPC9hPuOCkuOBlOWPgueFp+OBj+OBoOOBleOBhOOAggo8L2ZvbnQ+PC9URD48L1RSPgo8L1RBQkxFPjxUQUJMRSBCT1JERVI9IjAiIGJnY29sb3I9IiM2NjY2NjYiIFdJRFRIPSI1MDAiIENFTExTUEFDSU5HPSIxIiBjZWxscGFkZGluZz0iMyI+CjxUUj4KPFREIGJnY29sb3I9IiM2NjY2NjYiPgo8Zm9udCBjb2xvcj0iI0ZGRkZGRiI+4peP4peP4pePPGI+5ZWG5ZOB44Gu54m55b60PC9iPuKXj+KXj+KXjzwvZm9udD4KPC9URD48L1RSPgoKPFRSPjxURCBiZ2NvbG9yPSIjZmZmZmZmIj4KPGZvbnQgY29sb3I9IiMzMzMzMzMiIHNpemU9IjIiPgo8YnI+CjxiPjIwMTTlubTjgrDjg4Pjg4njg4fjgrbjgqTjg7Pos57vvIYyMDE15bm05pel5pys5paH5YW35aSn6LOe5Y+X6LOe77yBPC9iPjxicj4KCjxiPua7keOCieOBquOBhOeQhuaDs+eahOOBquWumuimj+OAjOODlOOCv+ODg+ODiOODq+ODvOODqeODvO+8ke+8lWNt44CNPC9iPiDjgIAKPGJyPjxicj4K44O75oq844GV44GI44KL44Go5ruR44KJ44Gq44GEPGJyPgrkuIrjgYvjgonou73jgY/mirzjgZXjgYjjgovjgajli5XjgYvjgarjgYTjgILntJnpnaLkuIrjgpLjgrnjg6Djg7zjgrrjgavmu5HjgonjgZvnp7vli5XjgZnjgovjgII8YnI+CuS9jee9ruOBjOaxuuOBvuOBo+OBn+OCieS4iuOBi+OCiei7veOBj+aKvOOBmeOBqOWumuimj+OBjOa7keOCieOBquOBj+OBquOCi+OBruOBp+OAgTxicj4K57ea44KS5byV44GP5pmC44KE44Kr44OD44K/44O844Gn5YiH44KL5pmC44Gr44K644Os44KL44GT44Go44Gv44GC44KK44G+44Gb44KT44CCPGJyPjxicj4K44O744Ki44Or44Of44Go44Ki44Kv44Oq44Or44Gu5LqM5YiA5rWBPGJyPgrjgqLjg6vjg5/lrpropo/jgajjgqLjgq/jg6rjg6vlrpropo/jgYzjgZPjga7kuIDmnKzjgafkvb/jgYjjgovjgII8YnI+CuOCq+ODg+OCv+ODvOOBp+WIh+OCi+OBqOOBjeOCguOCuuODrOOBquOBhOOCouODq+ODn+Wumuimj+OBr+OCq+ODg+OCv+ODvOOBjOS9v+OBiDxicj4K6YCP5piO44Ki44Kv44Oq44Or5a6a6KaP44Gv5LiL44Gu5paH5a2X44GM6KaL44GI44KL44Gu44Gn57ea44GM5byV44GN44KE44GZ44GE77yBPGJyPgo8YnI+Cgrjg7vmkLrluK/jgavkvr/liKnjgaoxNWNt44K144Kk44K6PGJyPgrjg5rjg7PjgrHjg7zjgrnjgavlhaXjgozjgonjgozjgabmkLrluK/jgavkvr/liKnimao8YnI+CjE1Y23lrpropo/jga/jg47jg7zjg4jjgavjg5Tjg4Pjgr/jg6rjga7jgrXjgqTjgrrjgafjgZnjgII8YnI+Cjxicj4KPGJyPgrjg7vjgrXjgqTjgrrvvJpXMjbDl0gxNjDDl0Q2bW08YnI+CuODu+ebruebm+OCiuWvuOazle+8mjE1Y208L2ZvbnQ+CjwvVEQ+PC9UUj4KPC9UQUJMRT4KPGJyPgoKPCEtLeODjeOCs+ODneOCueWvvuW/nC0tPgo8aW1nIHNyYz0iaHR0cHM6Ly9pbWFnZS5yYWt1dGVuLmNvLmpwL2J1bmd1a2ltdXJheWEvY2FiaW5ldC9iYW5uZXIvbWFpbGRlbGlfb2suZ2lmIj48YnI+Cjxmb250IGNvbG9yPSM2QjhFMjM+CuODjeOCs+ODneOCueOBruips+e0sOOBq+OBpOOBjeOBvuOBl+OBpuOBr+S8muekvuamguimgeOCkuOBlOWPgueFp+OBj+OBoOOBleOBhOOAggo8L2ZvbnQ+,55u057ea5a6a6KaP44CM44OU44K/44OD44OI44Or44O844Op44O8IDE1Y23jgI3mu5HjgonjgarjgYTnm7Tnt5rlrpropo80NTgwNDE2NjQwMDE1IFttb2NoaW1vbm8v44Oi44OB44Oi44OOXeOAkOODjeOCs+ODneOCuU9L77yB44CR44CQUkNQ44CR77ya5paH5YW344Gu44Ov44Oz44OA44O844Op44Oz44OJ44CA44Kt44Og44Op44Ok,6Ymb562G5ZCN5YWl44KM5paH5YW35ZCN5YWl44KM6Ymb562G44K444Kn44OD44OI44K544OI44Oq44O844Og6Ymb562G44CA5ZCN5YWl44KM44Km44Kp44O844Or44Od44Kx44OD44OI6Ymb562G44GK44KG44G+44KL44GI44KT44G044Gk5ZCN5YWl44KM562G6KiY5YW35Y2S5ZyS6KiY5b+15ZOB44K444Kn44OD44OI44K544OI44Oq44O844Og44CA5ZCN5YWl44KM5a2m5qCh5ZCN5YWl44KM44CA54Sh5paZ5Zyw55CD5YSA5qOu5p6X5qW944OW44OD44Kv44Kr44OQ44O844Om44OK44Kk44OG44OD44OJ44OT44O844K644Kq44OV44Kj44K55a625YW355u057ea5a6a6KaP44CM44OU44K/44OD44OI44Or44O844Op44O8IDE1Y23jgI3mu5HjgonjgarjgYTnm7Tnt5rlrpropo80NTgwNDE2NjQwMDE1IFttb2NoaW1vbm8v44Oi44OB44Oi44OOXeOAkOODjeOCs+ODneOCuU9L77yB44CR44CQUkNQ44CR,5o6I5qWt44Gn5b2556uL44Gk5qmf6IO944GM44GE44Gj44Gx44GE77yB44CC55u057ea5a6a6KaP44CM44OU44K/44OD44OI44Or44O844Op44O8IDE1Y23jgI3mu5HjgonjgarjgYTnm7Tnt5rlrpropo80NTgwNDE2NjQwMDE1IFttb2NoaW1vbm8v44Oi44OB44Oi44OOXeOAkOODjeOCs+ODneOCuU9L77yB44CR44CQUkNQ44CR[rn]
31-2677,aHR0cDovL3RzaG9wLnIxMHMuanAvdW5vb25saW5lL2NhYmluZXQvZGV0YWlsL2RldGFpbC0yL2ltZzYxMDk5OTMyLmpwZz9maXRpbj03MDA6NzAw,NDY0OC4wMDAw,,5pel55So5ZOB6ZuR6LKo44O75paH5oi/5YW344O75omL6Iq4ID4g5paH5oi/5YW344O75LqL5YuZ55So5ZOBID4g6KO95Zuz55So5ZOBID4g5a6a6KaP,44K344Oz44Ov5ris5a6aIOOCqOODq+OCouODs+OCsOODqyDjgqLjgrjjg6Pjgrnjg4gg77yU77yV772D772N5L2155So55uu55ub6KeS5bqm6Kq/5pW05LuYIOOAkCA0MDQ2MzE1IOOAkSA3NzM3MCDjgJAg5a6a6KaPIOOCguOBruOBleOBlyDjgrnjgrHjg7zjg6sg44CRIOOAkCDkuLjjg47jgrPliIfmlq3nlKjlrpropo8g5Li46Yu4IOWumuimjyDjgJE=,44CK44K344Oz44Ov5ris5a6aIOS4uOODjuOCs+WIh+aWreeUqOWumuimj+OAi+OBjOOBiuiyt+W+l++8gQ==,44GG44Gu44Kq44Oz44Op44Kk44Oz5Y6z6YG45ZWG5ZOB77yB77yB5pel55So5ZOB772e44OX44Ot5LuV5qeY5bel5YW344G+44Gn44CA6LaF54m55L6h77yB77yB44CQ54m56ZW344CRPGJyPuKXj+WIh+aWreinkuW6puOCkuW+ruiqv+aVtOOBmeOCi+OBk+OBqOOBjOOBp+OBjeOBvuOBmeOAgjxicj7il4/jg6/jgqTjg4njgqzjgqTjg4njgarjga7jgaflhYjnq6/jgYzjg5bjg6zjgb7jgZvjgpPjgII8YnI+4peP5p2Q5paZ44KS5YK344Gk44GR44Gr44GP44GE5L+d6K2344Kt44Oj44OD44OX5LuY44Gn44GZ44CCPGJyPuKXj+eZveOBhOerv+OBq+m7kuOBhOebruebm+OBjOOBj+OBo+OBjeOCiuOBqOaYoOOBiOOAgeiqreOBv+WPluOCiuOChOOBmeOBhOOBp+OBmeOAgjxicj48YnI+44CQ55So6YCU44CRPGJyPuKXj+adkOaWmeOCkuS4uOODjuOCs+OBp+ebtOinkuWIh+OCiuOBmeOCi+OBqOOBjeOBq+S9v+eUqOOBmeOCi+OCrOOCpOODieWumuimj+OAgjxicj48YnI+44CQ5LuV5qeY44CRPGJyPuKXj+WFqOmVtyhtbSk6NTkyPGJyPuKXj+W5hShtbSk6MzUwPGJyPuKXj+WOmuOBvyhtbSk6NzU8YnI+4peP5ZG844Gz5a+45rOVKG1tKTo0NTA8YnI+4peP6KeS5bqm57K+5bqmOsKxMC40NeS7peWGhe+8iDQ1MC4wMG1t77yJPGJyPuKXj+WwuuebuOW9k+OBqGNt44Gu5L2155So55uu55ubPGJyPjxicj7jgJDjgrvjg4Pjg4jlhoXlrrnjgJE8YnI+4peP5o2o44Gm5pyo77yR5pysPGJyPjxicj7jgJDmnZDos6rvvI/ku5XkuIrjgJE8YnI+4peP5pys5L2T77ya44Ki44Or44OfPGJyPuKXj+OCrOOCpOODie+8muOCueODhuODs+ODrOOCue+8iFNVUzQzMO+8iTxicj7il4/lj5bmiYvvvJrvvKHvvKLvvLPmqLnohILjg7vjgqjjg6njgrnjg4jjg57jg7zmqLnohII8YnI+4peP5L+d6K2344Kt44Oj44OD44OX77ya77yw77yv77yt5qi56ISCPGJyPjxicj7jgJDms6jmhI/jgJE8YnI+4peP55So6YCU5Lul5aSW44Gr5L2/55So44GX44Gq44GE44Gn5LiL44GV44GE44CCPGJyPjxicj7jgJDvvKrvvKHvvK7jgrPjg7zjg4njgJE8YnI+NDk2MDkxMDc3MzcwNzxicj48YnI+44CQ44Oh44O844Kr77yN5ZCN44CRPGJyPuOCt+ODs+ODr+a4rOWumu+8iOagqu+8iTxicj48YnI+44CQ5Y6f55Sj5Zu944CRPGJyPuaXpeacrDxicj48YnI+44CQ6LOq6YeP44CRPGJyPuKXjzFrZzxicj48YnI+PGhyPjxmb250IHNpemU9JzEnPuOAkOaknOe0oueUqOOCreODvOODr+ODvOODieOAkS8g5L2c5qWt5bel5YW3IC8g5aSn5bel6YGT5YW3IC8g5ris5a6a5Zmo5YW3IC8gRElZ5bel5YW3IC8g5qWt5YuZ55SoIC8g44OX44Ot55SoIC8g5L6/5YipIC8g6Kit6KiIIC8g57WE56uLIC8g5bel5aC0IC8g5qSc5p+7IC8g5a+45rOVIC8g57WE44G/56uL44GmIC8g5ris5a6a6YGT5YW3IC8g5ris5a6a5bel5YW3IC88L2ZvbnQ+Cjxicj48Zm9udCBzaXplPScxJz4K44CQ6LKp5L+D55So44Kt44O844Ov44O844OJ44CRLyDpgJrosqkgLyDkvqHmoLwgLyDjgYrosrfjgYTlvpfllYblk4EgLyDkurrmsJfllYblk4EgLyDmpb3lpKkgLzwvZm9udD48c3R5bGUgdHlwZT0idGV4dC9jc3MiPgovKuiyt+OBhOeJqeOBi+OBlOOBq+WFpeOCjOOCi+ODnOOCv+ODsyovCiNyYWt1dGVuTGltaXRlZElkX2Fyb3VuZENhcnQgaW5wdXRbdmFsdWU9Iuiyt+OBhOeJqeOBi+OBlOOBq+WFpeOCjOOCiyJdewpiYWNrZ3JvdW5kOiB1cmwoImh0dHA6Ly9pbWFnZS5yYWt1dGVuLmNvLmpwL3Vub29ubGluZS9jYWJpbmV0L3NwYXJ0cy9pbWdyYzAwNjMyNjgzMjUuZ2lmIikgbGVmdCB0b3Agbm8tcmVwZWF0Owp3aWR0aDoyNzBweDsKaGVpZ2h0OjYwcHg7CnRleHQtaW5kZW50OjEwMCU7CndoaXRlLXNwYWNlOm5vd3JhcDsKb3ZlcmZsb3c6aGlkZGVuOwpib3JkZXI6IG5vbmU7CnBhZGRpbmc6MDsKbWFyZ2luLXRvcDo1cHggMDsKY3Vyc29yOnBvaW50ZXI7Cn0KI3Jha3V0ZW5MaW1pdGVkSWRfYXJvdW5kQ2FydCB0Ym9keSB0ciB0ZCBpbnB1dDpob3ZlcnsKYWxwaGEob3BhY2l0eT04KTsKLW1vei1vcGFjaXR5OjAuODsKb3BhY2l0eTowLjg7CmN1cnNvcjpwb2ludGVyOwp9Cjwvc3R5bGU+,44K344Oz44Ov5ris5a6aIOOCqOODq+OCouODs+OCsOODqyDjgqLjgrjjg6Pjgrnjg4gg77yU77yV772D772N5L2155So55uu55ub6KeS5bqm6Kq/5pW05LuYIOOAkCA0MDQ2MzE1IOOAkSA3NzM3MCDjgJAg5a6a6KaPIOOCguOBruOBleOBlyDjgrnjgrHjg7zjg6sg44CRIOOAkCDkuLjjg47jgrPliIfmlq3nlKjlrpropo8g5Li46Yu4IOWumuimjyDjgJHvvJrjgYbjga7jgqrjg7Pjg6njgqTjg7PjgIDmpb3lpKnluILloLTlupc=,44GG44Gu44Kq44Oz44Op44Kk44Oz5a6H6YeO6YW457Sg6YGT5YW3566x44Kz44Oz44OG44OK44Oc44OD44Kv44K56Zu75bel44OJ44Op44Og5bel5YW3566xS1RD5aSn5bel6YGT5YW35Y+w6LuK5Y+O57SN44OE44O844Or44Oc44OD44Kv44K55L2c5qWt5omL6KKL5bel5YW344Kz44Oz44OG44OK6YCB5paZ54Sh5paZ5qWt5YuZ55So6Zu75YuV5bel5YW344OX44Ot55So44Kt44Oj44K544K/44O844O76LuK6Lyq5a6J5YWo6Z2044K344Oz44Ov5ris5a6aIOOCqOODq+OCouODs+OCsOODqyDjgqLjgrjjg6Pjgrnjg4gg77yU77yV772D772N5L2155So55uu55ub6KeS5bqm6Kq/5pW05LuYIOOAkCA0MDQ2MzE1IOOAkSA3NzM3MCDjgJAg5a6a6KaPIOOCguOBruOBleOBlyDjgrnjgrHjg7zjg6sg44CRIOOAkCDkuLjjg47jgrPliIfmlq3nlKjlrpropo8g5Li46Yu4IOWumuimjyDjgJE=,44CK44K344Oz44Ov5ris5a6aIOS4uOODjuOCs+WIh+aWreeUqOWumuimj+OAi+OBjOOBiuiyt+W+l++8geOAguOCt+ODs+ODr+a4rOWumiDjgqjjg6vjgqLjg7PjgrDjg6sg44Ki44K444Oj44K544OIIO+8lO+8le+9g++9jeS9teeUqOebruebm+inkuW6puiqv+aVtOS7mCDjgJAgNDA0NjMxNSDjgJEgNzczNzAg44CQIOWumuimjyDjgoLjga7jgZXjgZcg44K544Kx44O844OrIOOAkSDjgJAg5Li444OO44Kz5YiH5pat55So5a6a6KaPIOS4uOmLuCDlrpropo8g44CR[rn]
31-2678,aHR0cDovL3RzaG9wLnIxMHMuanAvdW5vb25saW5lL2NhYmluZXQvaXRlbTEtMWIvdDAxMDAwMjg0NDU5MC5qcGc/Zml0aW49NzAwOjcwMA==,MzIyLjQwMDA=,,5pel55So5ZOB6ZuR6LKo44O75paH5oi/5YW344O75omL6Iq4ID4g5paH5oi/5YW344O75LqL5YuZ55So5ZOBID4g6KO95Zuz55So5ZOBID4g5a6a6KaP,44K344Oz44Ov5ris5a6aIOS4ieWvuOazleW4q++9g++9jeebruebmyDjgJAgMjkwMTE4OCDjgJEgMTIxMDEg44CQIOabsuWwuiDjgJE=,44CK44K344Oz44Ov5ris5a6aIOabsuWwuuOAi+OBjOOBiuiyt+W+l+KXhu++jO++n+++mu++kO+9se++ke+9peWtpuWJsuWvvuixoeKXhg==,44GG44Gu44Kq44Oz44Op44Kk44Oz5Y6z6YG45ZWG5ZOB77yB77yB5pel55So5ZOB772e44OX44Ot5LuV5qeY5bel5YW344G+44Gn44CA6LaF54m55L6h77yB77yB44CQ54m56ZW344CRPGJyPuKXj+Wwj+Wei+OBp+S9v+OBhOWLneaJi+OBjOiJr+OBj+aQuuW4r+OBq+S+v+WIqeOBp+OBmeOAgjxicj7il4/jgqjjg4Pjg4Hjg7PjgrDjgafooajoo4/jgavnm67nm5vjgpLliLvjgpPjgafjgYTjgovjgZ/jgoHmtojjgYjjgavjgY/jgYTjgafjgZnjgII8YnI+PGJyPuOAkOeUqOmAlOOAkTxicj7il4/lr7jms5XmuKzlrprjgII8YnI+PGJyPuOAkOS7leanmOOAkTxicj7il4/plbfovroobW0pOjEwNTxicj7il4/nn63ovroobW0pOjU1PGJyPuKXj+W5hShtbSk6MTA8YnI+4peP5Y6a44G/KG1tKToxLjI8YnI+4peP5ZOB5ZCNOuS4ieWvuOazleW4qzxicj7il4/nm7Top5LluqY6MTAwbW3jgafCsTAuMW1t44KS6LaF44GI44Gq44GEPGJyPuKXj+mVt+OBleOBruioseWuueWApDrlhajplbfCsTAuMm1tPGJyPuKXj+ebruebmzpjbeihqOekujxicj48YnI+44CQ5p2Q6LOq77yP5LuV5LiK44CRPGJyPuKXj+OCueODhuODs+ODrOOCue+8iFNVUzQyMEoy77yJPGJyPjxicj7jgJDvvKrvvKHvvK7jgrPjg7zjg4njgJE8YnI+NDk2MDkxMDEyMTAxMDxicj48YnI+44CQ44Oh44O844Kr77yN5ZCN44CRPGJyPuOCt+ODs+ODr+a4rOWumu+8iOagqu+8iTxicj48YnI+44CQ5Y6f55Sj5Zu944CRPGJyPuS4reWbvTxicj48YnI+44CQ6LOq6YeP44CRPGJyPuKXjzE0Zzxicj48YnI+PGhyPjxmb250IHNpemU9JzEnPuOAkOaknOe0oueUqOOCreODvOODr+ODvOODieOAkS8g5L2c5qWt5bel5YW3IC8g5aSn5bel6YGT5YW3IC8g5ris5a6a5Zmo5YW3IC8gRElZ5bel5YW3IC8g5qWt5YuZ55SoIC8g44OX44Ot55SoIC8g5L6/5YipIC8g6Kit6KiIIC8g57WE56uLIC8g5bel5aC0IC8g5qSc5p+7IC8g5a+45rOVIC8g57WE44G/56uL44GmIC8g5ris5a6a6YGT5YW3IC8g5ris5a6a5bel5YW3IC88L2ZvbnQ+Cjxicj48Zm9udCBzaXplPScxJz4K44CQ6LKp5L+D55So44Kt44O844Ov44O844OJ44CRLyDpgJrosqkgLyDjgYrosrfjgYTlvpfllYblk4EgLyDkurrmsJfllYblk4EgLyDmpa3li5nnlKjjg7vjg5fjg63nlKggLyDmpb3lpKkgLzwvZm9udD48c3R5bGUgdHlwZT0idGV4dC9jc3MiPgovKuiyt+OBhOeJqeOBi+OBlOOBq+WFpeOCjOOCi+ODnOOCv+ODsyovCiNyYWt1dGVuTGltaXRlZElkX2Fyb3VuZENhcnQgaW5wdXRbdmFsdWU9Iuiyt+OBhOeJqeOBi+OBlOOBq+WFpeOCjOOCiyJdewpiYWNrZ3JvdW5kOiB1cmwoImh0dHA6Ly9pbWFnZS5yYWt1dGVuLmNvLmpwL3Vub29ubGluZS9jYWJpbmV0L3NwYXJ0cy9pbWdyYzAwNjMyNjgzMjUuZ2lmIikgbGVmdCB0b3Agbm8tcmVwZWF0Owp3aWR0aDoyNzBweDsKaGVpZ2h0OjYwcHg7CnRleHQtaW5kZW50OjEwMCU7CndoaXRlLXNwYWNlOm5vd3JhcDsKb3ZlcmZsb3c6aGlkZGVuOwpib3JkZXI6IG5vbmU7CnBhZGRpbmc6MDsKbWFyZ2luLXRvcDo1cHggMDsKY3Vyc29yOnBvaW50ZXI7Cn0KI3Jha3V0ZW5MaW1pdGVkSWRfYXJvdW5kQ2FydCB0Ym9keSB0ciB0ZCBpbnB1dDpob3ZlcnsKYWxwaGEob3BhY2l0eT04KTsKLW1vei1vcGFjaXR5OjAuODsKb3BhY2l0eTowLjg7CmN1cnNvcjpwb2ludGVyOwp9Cjwvc3R5bGU+,44K344Oz44Ov5ris5a6aIOS4ieWvuOazleW4q++9g++9jeebruebmyDjgJAgMjkwMTE4OCDjgJEgMTIxMDEg44CQIOabsuWwuiDjgJHvvJrjgYbjga7jgqrjg7Pjg6njgqTjg7PjgIDmpb3lpKnluILloLTlupc=,44GG44Gu44Kq44Oz44Op44Kk44Oz5a6H6YeO6YW457Sg6YGT5YW3566x44Kz44Oz44OG44OK44Oc44OD44Kv44K56Zu75bel44OJ44Op44Og5bel5YW3566xS1RD5aSn5bel6YGT5YW35Y+w6LuK5Y+O57SN44OE44O844Or44Oc44OD44Kv44K55L2c5qWt5omL6KKL5bel5YW344Kz44Oz44OG44OK6YCB5paZ54Sh5paZ5qWt5YuZ55So6Zu75YuV5bel5YW344OX44Ot55So44Kt44Oj44K544K/44O844O76LuK6Lyq5a6J5YWo6Z2044K344Oz44Ov5ris5a6aIOS4ieWvuOazleW4q++9g++9jeebruebmyDjgJAgMjkwMTE4OCDjgJEgMTIxMDEg44CQIOabsuWwuiDjgJE=,44CK44K344Oz44Ov5ris5a6aIOabsuWwuuOAi+OBjOOBiuiyt+W+l+KXhu++jO++n+++mu++kO+9se++ke+9peWtpuWJsuWvvuixoeKXhuOAguOCt+ODs+ODr+a4rOWumiDkuInlr7jms5XluKvvvYPvvY3nm67nm5sg44CQIDI5MDExODgg44CRIDEyMTAxIOOAkCDmm7LlsLog44CR[rn]
31-2679,aHR0cDovL3RzaG9wLnIxMHMuanAveW9zaGltaS1zL2NhYmluZXQvc2hvaGluMDEvc2hvaGluX2UvZTEwMDAwL2UxMDI4OS5qcGc/Zml0aW49NzAwOjcwMA==,OTcyLjAwMDA=,,5pel55So5ZOB6ZuR6LKo44O75paH5oi/5YW344O75omL6Iq4ID4g5paH5oi/5YW344O75LqL5YuZ55So5ZOBID4g6KO95Zuz55So5ZOBID4g5a6a6KaP,44Ki44OH44Kj44OA44K5ICDlrpropo/jgJA15pysMeOCu+ODg+ODiOOAkeOAkDHmnKzjgYLjgZ/jgooyMjXlhoYo56iO5YilKeOAkeKXhlsg562G6KiY55So5YW3IOethuiomOWFtyDmloflhbcg44Kt44Oj44Op44Kv44K/44O8IOeUt+WtkCDnlLfjga7lrZAg44K544Od44O844OEIOODluODqeODs+ODiSDjgrDjg4Pjgrog5Y+X6aiTIOippumokyDkurrmsJcg5YWl5a2mIOWNkualrSDlrZDkvpsg57KX5ZOBIOiomOW/teWTgSDjgYrmpb3jgZfjgb/kvJog44OR44O844OG44Kj44O8IOWtkOS+m+S8miDnpa0g44Ku44OV44OIIF0=,5YWl5ZyS44O75YWl5a2m5rqW5YKZ44Gv44KC44Gh44KN44KT44CB5a2Q44Gp44KC5Lya44Gu5pmv5ZOB44Gr44KC44Kq44K544K544Oh77yB,44CQ44K744OD44OI6LKp5aOy44CR44GT44Gh44KJ44Gu5ZWG5ZOB44GvNeacrDHjgrvjg4Pjg4jjga7jgYrlgKTmrrXjgafjgZk8dGFibGUgd2lkdGg9IjYwMCIgYmdjb2xvcj0iI2E3YzY3YSIgY2VsbHNwYWNpbmc9IjEiIGNlbGxwYWRkaW5nPSIzIj48dHI+PHRoIGNvbHNwYW49IjIiIGFsaWduPSJjZW50ZXIiIGJnY29sb3I9IiNjM2U5OWMiPjxiPjxmb250IGNvbG9yPSIjMzMzMzMzIj7llYblk4HoqqzmmI48L2ZvbnQ+PC9iPjwvdGg+PC90cj48dHI+PHRoIHdpZHRoPSI5NCIgYWxpZ249ImNlbnRlciIgYmdjb2xvcj0iI2MzZTk5YyI+PGZvbnQgc2l6ZT0iMiIgY29sb3I9IiMzMzMzMzMiPuiJsuafhOaMh+WumjwvZm9udD48L3RoPjx0ZCB3aWR0aD0iNDkxIiBiZ2NvbG9yPSIjZmZmZmZmIj48Zm9udCBzaXplPSIyIiBjb2xvcj0iIzMzMzMzMyI+LTwvZm9udD48L3RkPjwvdHI+PHRyPjx0aCB3aWR0aD0iOTQiIGFsaWduPSJjZW50ZXIiIGJnY29sb3I9IiNjM2U5OWMiPjxmb250IHNpemU9IjIiIGNvbG9yPSIjMzMzMzMzIj7jgrXjgqTjgro8L2ZvbnQ+PC90aD48dGQgd2lkdGg9IjQ5MSIgYmdjb2xvcj0iI2ZmZmZmZiI+PGZvbnQgc2l6ZT0iMiIgY29sb3I9IiMzMzMzMzMiPue0hDE2w5c0LjRjbTwvZm9udD48L3RkPjwvdHI+PHRyPjx0aCB3aWR0aD0iOTQiIGFsaWduPSJjZW50ZXIiIGJnY29sb3I9IiNjM2U5OWMiPjxmb250IHNpemU9IjIiIGNvbG9yPSIjMzMzMzMzIj7kuLvjgarku5Xmp5g8L2ZvbnQ+PC90aD48dGQgd2lkdGg9IjQ5MSIgYmdjb2xvcj0iI2ZmZmZmZiI+PGZvbnQgc2l6ZT0iMiIgY29sb3I9IiMzMzMzMzMiPi08L2ZvbnQ+PC90ZD48L3RyPjx0cj48dGggd2lkdGg9Ijk0IiBhbGlnbj0iY2VudGVyIiBiZ2NvbG9yPSIjYzNlOTljIj48Zm9udCBzaXplPSIyIiBjb2xvcj0iIzMzMzMzMyI+5ZWG5ZOB6Kmz57SwPC9mb250PjwvdGg+PHRkIHdpZHRoPSI0OTEiIGJnY29sb3I9IiNmZmZmZmYiPjxmb250IHNpemU9IjIiIGNvbG9yPSIjMzMzMzMzIj7kurrmsJfjga7jgrnjg53jg7zjg4Tjg5bjg6njg7Pjg4njgIzjgqLjg4fjgqPjg4DjgrnjgI3jga7lrpropo/jgafjgZk8L2ZvbnQ+PC90ZD48L3RyPjwvdGFibGU+PCEtLQo8aW1nIHNyYz0iaHR0cDovL3d3dy5yYWt1dGVuLm5lLmpwL2dvbGQveW9zaGltaS1zL2ltZy95b3RlaV9zZWwucG5nIiB3aWR0aD0iNjE0cHgiPgo8YnI+PGJyPgotLT4KCjwhLS0KPGltZyBzcmM9Imh0dHA6Ly9pbWFnZS5yYWt1dGVuLmNvLmpwL3lvc2hpbWktcy9jYWJpbmV0L2NhdGVnb3J5L2hvbGlkYXlfMjAxNzA0LmdpZiIgd2lkdGg9IjYxNHB4IiBhbHQ9IumVt+acn+mAo+S8kSIgLz4KPGJyPgotLT4KCjxzdHlsZSB0eXBlPSJ0ZXh0L2NzcyI+CiNjb250YWluZXJ7IGJhY2tncm91bmQtY29sb3I6ICM1ZWI2MmY7IGJhY2tncm91bmQtaW1hZ2U6dXJsKGh0dHA6Ly93d3cucmFrdXRlbi5uZS5qcC9nb2xkL3lvc2hpbWktcy9pbWcvYmcucG5nKTsgYmFja2dyb3VuZC1yZXBlYXQ6cmVwZWF0LXg7fQo8L3N0eWxlPgoKPCEtLSDjgZPjgZPjgYvjgonjgIDos7zlhaXjg5zjgr/jg7PjgrXjgqTjgrrlpInmm7QgLS0+CjxzdHlsZSB0eXBlPSJ0ZXh0L2NzcyI+CgovKiDlgIvmlbDlhaXlipvmrITjga7lpKfjgY3jgZUgKi8KaW5wdXQjdW5pdHMgewpmb250LXNpemU6IDE1cHg7CnBhZGRpbmc6IDFweCAwcHg7Cn0KCi8qIOOBiuiyt+OBhOeJqeOBi+OBlOODnOOCv+ODs+OBruWkp+OBjeOBlSAqLwp0ZCA+IGlucHV0IHsKZm9udC1zaXplOiAxNXB4OwpwYWRkaW5nOjIwcHggNTBweDsKd2lkdGg6IGF1dG87Cn0KCi8qIOOAjOWVhuWTgeOBq+OBpOOBhOOBpuOBruWVj+OBhOWQiOOCj+OBm+OAjeODnOOCv+ODs+OBruWkp+OBjeOBlSovCmZvbnQgaW5wdXQgewpmb250LXNpemU6IDEycHg7CnBhZGRpbmc6MnB4Owp3aWR0aDogMTUwcHg7Cn0KCjwvc3R5bGU+CjwhLS0g44GT44GT44G+44Gn44CA6LO85YWl44Oc44K/44Oz44K144Kk44K65aSJ5pu0IC0tPgoKPCEtLSDjgqrjg6rjgrjjg4rjg6vllY/jgYTlkIjjgo/jgZvjg5zjgr/jg7MKLS0+CjxzdHlsZSB0eXBlPSJ0ZXh0L2NzcyI+Ci8q5ZWG5ZOB5ZWP5ZCI44KP44Gb44Oc44K/44OzKi8KI3Jha3V0ZW5MaW1pdGVkSWRfYXJvdW5kQ2FydCBpbnB1dFt2YWx1ZT0i5ZWG5ZOB44Gr44Gk44GE44Gm44Gu5ZWP5ZCI44KP44GbIl17CmJhY2tncm91bmQ6IHVybCgiaHR0cDovL2ltYWdlLnJha3V0ZW4uY28uanAveW9zaGltaS1zL2NhYmluZXQvY2F0ZWdvcnkvcWFuZGEuanBnIikgbGVmdCB0b3Agbm8tcmVwZWF0Owp3aWR0aDozMjBweDsKaGVpZ2h0OjE2MHB4Owp0ZXh0LWluZGVudDoxMDAlOwp3aGl0ZS1zcGFjZTpub3dyYXA7Cm92ZXJmbG93OmhpZGRlbjsKYm9yZGVyOiBub25lOwpwYWRkaW5nOjA7Cm1hcmdpbi10b3A6NXB4IDA7CmN1cnNvcjpwb2ludGVyOwp9Cjwvc3R5bGU+Cgo8aW1nIHNyYz0iaHR0cDovL2ltYWdlLnJha3V0ZW4uY28uanAveW9zaGltaS1zL2NhYmluZXQvY2F0ZWdvcnkvZS1jYXRhbG9nLmdpZiIgd2lkdGg9IjYxNHB4IiBhbHQ9Iumbu+WtkOOCq+OCv+ODreOCsCIgLz4KPGJyPgo8aW1nIHNyYz0iaHR0cDovL2ltYWdlLnJha3V0ZW4uY28uanAveW9zaGltaS1zL2NhYmluZXQvY2F0ZWdvcnkvd2FybmluZ19zZXQxLmpwZyIgPgo8QlI+CjxpbWcgc3JjPSJodHRwOi8vaW1hZ2UucmFrdXRlbi5jby5qcC95b3NoaW1pLXMvY2FiaW5ldC9jYXRlZ29yeS93YXJuaW5nX2lyb2dhcmEuanBnIiA+CjxCUj4KPGltZyBzcmM9Imh0dHA6Ly9pbWFnZS5yYWt1dGVuLmNvLmpwL3lvc2hpbWktcy9jYWJpbmV0L2NhdGVnb3J5L3dhcm5pbmdfb2thc2hpLmpwZyIgPgoKPCEtLeODquOCouWPl+OBk+OBk+OBi+OCiS0tPgo8YnI+PGJyPgo8ZGl2IHN0eWxlPSJ3aWR0aDo2MTRweDsgYm9yZGVyOjFweCBzb2xpZCAjQzJDMkMyOyBiYWNrZ3JvdW5kLWltYWdlOnVybCgnaHR0cDovL3d3dy5yYWt1dGVuLm5lLmpwL2dvbGQveW9zaGltaS1zL2FzcC9ibnIuZ2lmJyk7IGJhY2tncm91bmQtcmVwZWF0OiByZXBlYXQ7IiBhbGlnbj0iY2VudGVyIj4KPHAgc3R5bGU9ImNvbG9yOiM0OTZDMDA7IGZvbnQtc2l6ZToxN3B4OyBmb250LWZhbWlseTon44OS44Op44Ku44OO6KeS44K0IFBybyBXMycsICdIaXJhZ2lubyBLYWt1IEdvdGhpYyBQcm8nLCAn44Oh44Kk44Oq44KqJywgTWVpcnlvLCBPc2FrYSwgJ++8re+8syDvvLDjgrTjgrfjg4Pjgq8nLCAnTVMgUEdvdGhpYycsIHNhbnMtc2VyaWY7IGZvbnQtd2VpZ2h0OmJvbGQ7IG1hcmdpbjowOyBsaW5lLWhlaWdodDo0MHB4OyB0ZXh0LWFsaWduOmxlZnQ7IHBhZGRpbmctbGVmdDoxMHB4Ij7jgZTms6jmlofjgYLjgorjgYzjgajjgYbjgZTjgZbjgYTjgb7jgZk8L3A+CjwvZGl2Pgo8ZGl2IHN0eWxlPSJ3aWR0aDo2MTRweDsgaGVpZ2h0OjIyMHB4OyBvdmVyZmxvdzpoaWRkZW47Ij4KCjwvZGl2Pgo8IS0t44Oq44Ki5Y+X44GT44GT44G+44GnLS0+Cgo8IS0tIOOBk+OBk+OBi+OCiSDjg6rjgqLjgrPjg6EgLS0+CjxkaXYgc3R5bGU9IndpZHRoOjYxNHB4OyBib3JkZXI6MXB4IHNvbGlkICNDMkMyQzI7IGJhY2tncm91bmQtaW1hZ2U6dXJsKCdodHRwOi8vd3d3LnJha3V0ZW4ubmUuanAvZ29sZC95b3NoaW1pLXMvYXNwL2Juci5naWYnKTsgYmFja2dyb3VuZC1yZXBlYXQ6IHJlcGVhdDsiIGFsaWduPSJjZW50ZXIiPgogIDxwIHN0eWxlPSJjb2xvcjojNDk2QzAwOyBmb250LXNpemU6MTdweDsgZm9udC1mYW1pbHk6J+ODkuODqeOCruODjuinkuOCtCBQcm8gVzMnLCAnSGlyYWdpbm8gS2FrdSBHb3RoaWMgUHJvJywgJ+ODoeOCpOODquOCqicsIE1laXJ5bywgT3Nha2EsICfvvK3vvLMg77yw44K044K344OD44KvJywgJ01TIFBHb3RoaWMnLCBzYW5zLXNlcmlmOyBmb250LXdlaWdodDpib2xkOyBtYXJnaW46MDsgbGluZS1oZWlnaHQ6NDBweDsgdGV4dC1hbGlnbjpsZWZ0OyBwYWRkaW5nLWxlZnQ6MTBweCI+44GK5a6i5qeY44Gu5Zac44Gz44Gu5aOwPC9wPgogIDxkaXYgc3R5bGU9ImJhY2tncm91bmQ6I2ZmZjsgbWFyZ2luOjA7IHBhZGRpbmc6MDsgaGVpZ2h0OjI4NXB4OyBvdmVyZmxvdzpoaWRkZW47Ij4KPC9kaXY+CjwvZGl2Pgo8IS0tIOOBk+OBk+OBvuOBpyDjg6rjgqLjgrPjg6EgLS0+,44Ki44OH44Kj44OA44K5ICDlrpropo/jgJA15pysMeOCu+ODg+ODiOOAkeOAkDHmnKzjgYLjgZ/jgooyMjXlhoYo56iO5YilKeOAkeKXhlsg562G6KiY55So5YW3IOethuiomOWFtyDmloflhbcg44Kt44Oj44Op44Kv44K/44O8IOeUt+WtkCDnlLfjga7lrZAg44K544Od44O844OEIOODluODqeODs+ODiSDjgrDjg4Pjgrog5Y+X6aiTIOippumokyDkurrmsJcg5YWl5a2mIOWNkualrSDlrZDkvpsg57KX5ZOBIOiomOW/teWTgSDjgYrmpb3jgZfjgb/kvJog44OR44O844OG44Kj44O8IOWtkOS+m+S8miDnpa0g44Ku44OV44OIIF3vvJrlkInopovlh7rniYjjgIDjgrvjg6zjgq/jg4jjgrfjg6fjg4Pjg5c=,44Ki44OH44Kj44OA44K5ICDlrpropo/jgJA15pysMeOCu+ODg+ODiOOAkeOAkDHmnKzjgYLjgZ/jgooyMjXlhoYo56iO5YilKeOAkeKXhlsg562G6KiY55So5YW3IOethuiomOWFtyDmloflhbcg44Kt44Oj44Op44Kv44K/44O8IOeUt+WtkCDnlLfjga7lrZAg44K544Od44O844OEIOODluODqeODs+ODiSDjgrDjg4Pjgrog5Y+X6aiTIOippumokyDkurrmsJcg5YWl5a2mIOWNkualrSDlrZDkvpsg57KX5ZOBIOiomOW/teWTgSDjgYrmpb3jgZfjgb/kvJog44OR44O844OG44Kj44O8IOWtkOS+m+S8miDnpa0g44Ku44OV44OIIF0=,5YWl5ZyS44O75YWl5a2m5rqW5YKZ44Gv44KC44Gh44KN44KT44CB5a2Q44Gp44KC5Lya44Gu5pmv5ZOB44Gr44KC44Kq44K544K544Oh77yB44CC44Ki44OH44Kj44OA44K5ICDlrpropo/jgJA15pysMeOCu+ODg+ODiOOAkeOAkDHmnKzjgYLjgZ/jgooyMjXlhoYo56iO5YilKeOAkeKXhlsg562G6KiY55So5YW3IOethuiomOWFtyDmloflhbcg44Kt44Oj44Op44Kv44K/44O8IOeUt+WtkCDnlLfjga7lrZAg44K544Od44O844OEIOODluODqeODs+ODiSDjgrDjg4Pjgrog5Y+X6aiTIOippumokyDkurrmsJcg5YWl5a2mIOWNkualrSDlrZDkvpsg57KX5ZOBIOiomOW/teWTgSDjgYrmpb3jgZfjgb/kvJog44OR44O844OG44Kj44O8IOWtkOS+m+S8miDnpa0g44Ku44OV44OIIF0=[rn]
31-2680,aHR0cDovL3RzaG9wLnIxMHMuanAveW9zaGltaS1zL2NhYmluZXQvc2hvaGluMDEvc2hvaGluX2UvZTExMDAwL2UxMTI2NS5qcGc/Zml0aW49NzAwOjcwMA==,NDIzLjIwMDA=,,5pel55So5ZOB6ZuR6LKo44O75paH5oi/5YW344O75omL6Iq4ID4g5paH5oi/5YW344O75LqL5YuZ55So5ZOBID4g6KO95Zuz55So5ZOBID4g5a6a6KaP,44Kk44K/44Oq44Ki44Oz44OV44OD44OI44Oc44O844Or44Oq44O844Kw77yR77yVY23lrpropo/jgJAxMOacrDHjgrvjg4Pjg4jjgJHjgJAx5pys44GC44Gf44KKNDnlhoYo56iO5YilKeOAkeOAkOiJsuafhOaMh+WumuS4jeWPr+OAkeKXhlsg562G6KiY55So5YW3IOethuiomOWFtyDmloflhbcg55S35a2QIOeUt+OBruWtkCDjgrnjg53jg7zjg4Qg44OW44Op44Oz44OJIOOCsOODg+OCuiDlj5fpqJMg6Kmm6aiTIOS6uuawlyDlhaXlraYg5Y2S5qWtIOWtkOS+myDnspflk4Eg6KiY5b+15ZOBIOOBiualveOBl+OBv+S8miDjg5Hjg7zjg4bjgqPjg7wg5a2Q5L6b5LyaIOelrSDjgq7jg5Xjg4ggXQ==,44Kk44OZ44Oz44OI44KE6KGM5LqL44Gr5aSn5rS76LqN77yB5a2Q44Gp44KC5Lya44Gu5pmv5ZOB44Gr44KC44Kq44K544K544Oh77yB,44CQ44K744OD44OI6LKp5aOy44CR44GT44Gh44KJ44Gu5ZWG5ZOB44GvMTDmnKwx44K744OD44OI44Gu44GK5YCk5q6144Gn44GZPHRhYmxlIHdpZHRoPSI2MDAiIGJnY29sb3I9IiNhN2M2N2EiIGNlbGxzcGFjaW5nPSIxIiBjZWxscGFkZGluZz0iMyI+PHRyPjx0aCBjb2xzcGFuPSIyIiBhbGlnbj0iY2VudGVyIiBiZ2NvbG9yPSIjYzNlOTljIj48Yj48Zm9udCBjb2xvcj0iIzMzMzMzMyI+5ZWG5ZOB6Kqs5piOPC9mb250PjwvYj48L3RoPjwvdHI+PHRyPjx0aCB3aWR0aD0iOTQiIGFsaWduPSJjZW50ZXIiIGJnY29sb3I9IiNjM2U5OWMiPjxmb250IHNpemU9IjIiIGNvbG9yPSIjMzMzMzMzIj7oibLmn4TmjIflrpo8L2ZvbnQ+PC90aD48dGQgd2lkdGg9IjQ5MSIgYmdjb2xvcj0iI2ZmZmZmZiI+PGZvbnQgc2l6ZT0iMiIgY29sb3I9IiMzMzMzMzMiPuS4jeWPrzwvZm9udD48L3RkPjwvdHI+PHRyPjx0aCB3aWR0aD0iOTQiIGFsaWduPSJjZW50ZXIiIGJnY29sb3I9IiNjM2U5OWMiPjxmb250IHNpemU9IjIiIGNvbG9yPSIjMzMzMzMzIj7jgrXjgqTjgro8L2ZvbnQ+PC90aD48dGQgd2lkdGg9IjQ5MSIgYmdjb2xvcj0iI2ZmZmZmZiI+PGZvbnQgc2l6ZT0iMiIgY29sb3I9IiMzMzMzMzMiPue0hDE2w5c0LjLDlzAuMmNtPC9mb250PjwvdGQ+PC90cj48dHI+PHRoIHdpZHRoPSI5NCIgYWxpZ249ImNlbnRlciIgYmdjb2xvcj0iI2MzZTk5YyI+PGZvbnQgc2l6ZT0iMiIgY29sb3I9IiMzMzMzMzMiPuS4u+OBquS7leanmDwvZm9udD48L3RoPjx0ZCB3aWR0aD0iNDkxIiBiZ2NvbG9yPSIjZmZmZmZmIj48Zm9udCBzaXplPSIyIiBjb2xvcj0iIzMzMzMzMyI+LTwvZm9udD48L3RkPjwvdHI+PHRyPjx0aCB3aWR0aD0iOTQiIGFsaWduPSJjZW50ZXIiIGJnY29sb3I9IiNjM2U5OWMiPjxmb250IHNpemU9IjIiIGNvbG9yPSIjMzMzMzMzIj7llYblk4HoqbPntLA8L2ZvbnQ+PC90aD48dGQgd2lkdGg9IjQ5MSIgYmdjb2xvcj0iI2ZmZmZmZiI+PGZvbnQgc2l6ZT0iMiIgY29sb3I9IiMzMzMzMzMiPueUt+OBruWtkOWQkeOBkeOBruOBi+OBo+OBk+OBhOOBhDE1Y23lrpropo/jgafjgZkhPC9mb250PjwvdGQ+PC90cj48L3RhYmxlPjwhLS0KPGltZyBzcmM9Imh0dHA6Ly93d3cucmFrdXRlbi5uZS5qcC9nb2xkL3lvc2hpbWktcy9pbWcveW90ZWlfc2VsLnBuZyIgd2lkdGg9IjYxNHB4Ij4KPGJyPjxicj4KLS0+Cgo8IS0tCjxpbWcgc3JjPSJodHRwOi8vaW1hZ2UucmFrdXRlbi5jby5qcC95b3NoaW1pLXMvY2FiaW5ldC9jYXRlZ29yeS9ob2xpZGF5XzIwMTcwNC5naWYiIHdpZHRoPSI2MTRweCIgYWx0PSLplbfmnJ/pgKPkvJEiIC8+Cjxicj4KLS0+Cgo8c3R5bGUgdHlwZT0idGV4dC9jc3MiPgojY29udGFpbmVyeyBiYWNrZ3JvdW5kLWNvbG9yOiAjNWViNjJmOyBiYWNrZ3JvdW5kLWltYWdlOnVybChodHRwOi8vd3d3LnJha3V0ZW4ubmUuanAvZ29sZC95b3NoaW1pLXMvaW1nL2JnLnBuZyk7IGJhY2tncm91bmQtcmVwZWF0OnJlcGVhdC14O30KPC9zdHlsZT4KCjwhLS0g44GT44GT44GL44KJ44CA6LO85YWl44Oc44K/44Oz44K144Kk44K65aSJ5pu0IC0tPgo8c3R5bGUgdHlwZT0idGV4dC9jc3MiPgoKLyog5YCL5pWw5YWl5Yqb5qyE44Gu5aSn44GN44GVICovCmlucHV0I3VuaXRzIHsKZm9udC1zaXplOiAxNXB4OwpwYWRkaW5nOiAxcHggMHB4Owp9CgovKiDjgYrosrfjgYTnianjgYvjgZTjg5zjgr/jg7Pjga7lpKfjgY3jgZUgKi8KdGQgPiBpbnB1dCB7CmZvbnQtc2l6ZTogMTVweDsKcGFkZGluZzoyMHB4IDUwcHg7CndpZHRoOiBhdXRvOwp9CgovKiDjgIzllYblk4HjgavjgaTjgYTjgabjga7llY/jgYTlkIjjgo/jgZvjgI3jg5zjgr/jg7Pjga7lpKfjgY3jgZUqLwpmb250IGlucHV0IHsKZm9udC1zaXplOiAxMnB4OwpwYWRkaW5nOjJweDsKd2lkdGg6IDE1MHB4Owp9Cgo8L3N0eWxlPgo8IS0tIOOBk+OBk+OBvuOBp+OAgOizvOWFpeODnOOCv+ODs+OCteOCpOOCuuWkieabtCAtLT4KCjwhLS0g44Kq44Oq44K444OK44Or5ZWP44GE5ZCI44KP44Gb44Oc44K/44OzCi0tPgo8c3R5bGUgdHlwZT0idGV4dC9jc3MiPgovKuWVhuWTgeWVj+WQiOOCj+OBm+ODnOOCv+ODsyovCiNyYWt1dGVuTGltaXRlZElkX2Fyb3VuZENhcnQgaW5wdXRbdmFsdWU9IuWVhuWTgeOBq+OBpOOBhOOBpuOBruWVj+WQiOOCj+OBmyJdewpiYWNrZ3JvdW5kOiB1cmwoImh0dHA6Ly9pbWFnZS5yYWt1dGVuLmNvLmpwL3lvc2hpbWktcy9jYWJpbmV0L2NhdGVnb3J5L3FhbmRhLmpwZyIpIGxlZnQgdG9wIG5vLXJlcGVhdDsKd2lkdGg6MzIwcHg7CmhlaWdodDoxNjBweDsKdGV4dC1pbmRlbnQ6MTAwJTsKd2hpdGUtc3BhY2U6bm93cmFwOwpvdmVyZmxvdzpoaWRkZW47CmJvcmRlcjogbm9uZTsKcGFkZGluZzowOwptYXJnaW4tdG9wOjVweCAwOwpjdXJzb3I6cG9pbnRlcjsKfQo8L3N0eWxlPgoKPGltZyBzcmM9Imh0dHA6Ly9pbWFnZS5yYWt1dGVuLmNvLmpwL3lvc2hpbWktcy9jYWJpbmV0L2NhdGVnb3J5L2UtY2F0YWxvZy5naWYiIHdpZHRoPSI2MTRweCIgYWx0PSLpm7vlrZDjgqvjgr/jg63jgrAiIC8+Cjxicj4KPGltZyBzcmM9Imh0dHA6Ly9pbWFnZS5yYWt1dGVuLmNvLmpwL3lvc2hpbWktcy9jYWJpbmV0L2NhdGVnb3J5L3dhcm5pbmdfc2V0MS5qcGciID4KPEJSPgo8aW1nIHNyYz0iaHR0cDovL2ltYWdlLnJha3V0ZW4uY28uanAveW9zaGltaS1zL2NhYmluZXQvY2F0ZWdvcnkvd2FybmluZ19pcm9nYXJhLmpwZyIgPgo8QlI+CjxpbWcgc3JjPSJodHRwOi8vaW1hZ2UucmFrdXRlbi5jby5qcC95b3NoaW1pLXMvY2FiaW5ldC9jYXRlZ29yeS93YXJuaW5nX29rYXNoaS5qcGciID4KCjwhLS3jg6rjgqLlj5fjgZPjgZPjgYvjgoktLT4KPGJyPjxicj4KPGRpdiBzdHlsZT0id2lkdGg6NjE0cHg7IGJvcmRlcjoxcHggc29saWQgI0MyQzJDMjsgYmFja2dyb3VuZC1pbWFnZTp1cmwoJ2h0dHA6Ly93d3cucmFrdXRlbi5uZS5qcC9nb2xkL3lvc2hpbWktcy9hc3AvYm5yLmdpZicpOyBiYWNrZ3JvdW5kLXJlcGVhdDogcmVwZWF0OyIgYWxpZ249ImNlbnRlciI+CjxwIHN0eWxlPSJjb2xvcjojNDk2QzAwOyBmb250LXNpemU6MTdweDsgZm9udC1mYW1pbHk6J+ODkuODqeOCruODjuinkuOCtCBQcm8gVzMnLCAnSGlyYWdpbm8gS2FrdSBHb3RoaWMgUHJvJywgJ+ODoeOCpOODquOCqicsIE1laXJ5bywgT3Nha2EsICfvvK3vvLMg77yw44K044K344OD44KvJywgJ01TIFBHb3RoaWMnLCBzYW5zLXNlcmlmOyBmb250LXdlaWdodDpib2xkOyBtYXJnaW46MDsgbGluZS1oZWlnaHQ6NDBweDsgdGV4dC1hbGlnbjpsZWZ0OyBwYWRkaW5nLWxlZnQ6MTBweCI+44GU5rOo5paH44GC44KK44GM44Go44GG44GU44GW44GE44G+44GZPC9wPgo8L2Rpdj4KPGRpdiBzdHlsZT0id2lkdGg6NjE0cHg7IGhlaWdodDoyMjBweDsgb3ZlcmZsb3c6aGlkZGVuOyI+Cgo8L2Rpdj4KPCEtLeODquOCouWPl+OBk+OBk+OBvuOBpy0tPgoKPCEtLSDjgZPjgZPjgYvjgokg44Oq44Ki44Kz44OhIC0tPgo8ZGl2IHN0eWxlPSJ3aWR0aDo2MTRweDsgYm9yZGVyOjFweCBzb2xpZCAjQzJDMkMyOyBiYWNrZ3JvdW5kLWltYWdlOnVybCgnaHR0cDovL3d3dy5yYWt1dGVuLm5lLmpwL2dvbGQveW9zaGltaS1zL2FzcC9ibnIuZ2lmJyk7IGJhY2tncm91bmQtcmVwZWF0OiByZXBlYXQ7IiBhbGlnbj0iY2VudGVyIj4KICA8cCBzdHlsZT0iY29sb3I6IzQ5NkMwMDsgZm9udC1zaXplOjE3cHg7IGZvbnQtZmFtaWx5Oifjg5Ljg6njgq7jg47op5LjgrQgUHJvIFczJywgJ0hpcmFnaW5vIEtha3UgR290aGljIFBybycsICfjg6HjgqTjg6rjgqonLCBNZWlyeW8sIE9zYWthLCAn77yt77yzIO+8sOOCtOOCt+ODg+OCrycsICdNUyBQR290aGljJywgc2Fucy1zZXJpZjsgZm9udC13ZWlnaHQ6Ym9sZDsgbWFyZ2luOjA7IGxpbmUtaGVpZ2h0OjQwcHg7IHRleHQtYWxpZ246bGVmdDsgcGFkZGluZy1sZWZ0OjEwcHgiPuOBiuWuouanmOOBruWWnOOBs+OBruWjsDwvcD4KICA8ZGl2IHN0eWxlPSJiYWNrZ3JvdW5kOiNmZmY7IG1hcmdpbjowOyBwYWRkaW5nOjA7IGhlaWdodDoyODVweDsgb3ZlcmZsb3c6aGlkZGVuOyI+CjwvZGl2Pgo8L2Rpdj4KPCEtLSDjgZPjgZPjgb7jgacg44Oq44Ki44Kz44OhIC0tPg==,44Kk44K/44Oq44Ki44Oz44OV44OD44OI44Oc44O844Or44Oq44O844Kw77yR77yVY23lrpropo/jgJAxMOacrDHjgrvjg4Pjg4jjgJHjgJAx5pys44GC44Gf44KKNDnlhoYo56iO5YilKeOAkeOAkOiJsuafhOaMh+WumuS4jeWPr+OAkeKXhlsg562G6KiY55So5YW3IOethuiomOWFtyDmloflhbcg55S35a2QIOeUt+OBruWtkCDjgrnjg53jg7zjg4Qg44OW44Op44Oz44OJIOOCsOODg+OCuiDlj5fpqJMg6Kmm6aiTIOS6uuawlyDlhaXlraYg5Y2S5qWtIOWtkOS+myDnspflk4Eg6KiY5b+15ZOBIOOBiualveOBl+OBv+S8miDjg5Hjg7zjg4bjgqPjg7wg5a2Q5L6b5LyaIOelrSDjgq7jg5Xjg4ggXe+8muWQieimi+WHuueJiOOAgOOCu+ODrOOCr+ODiOOCt+ODp+ODg+ODlw==,44Kk44K/44Oq44Ki44Oz44OV44OD44OI44Oc44O844Or44Oq44O844Kw77yR77yVY23lrpropo/jgJAxMOacrDHjgrvjg4Pjg4jjgJHjgJAx5pys44GC44Gf44KKNDnlhoYo56iO5YilKeOAkeOAkOiJsuafhOaMh+WumuS4jeWPr+OAkeKXhlsg562G6KiY55So5YW3IOethuiomOWFtyDmloflhbcg55S35a2QIOeUt+OBruWtkCDjgrnjg53jg7zjg4Qg44OW44Op44Oz44OJIOOCsOODg+OCuiDlj5fpqJMg6Kmm6aiTIOS6uuawlyDlhaXlraYg5Y2S5qWtIOWtkOS+myDnspflk4Eg6KiY5b+15ZOBIOOBiualveOBl+OBv+S8miDjg5Hjg7zjg4bjgqPjg7wg5a2Q5L6b5LyaIOelrSDjgq7jg5Xjg4ggXQ==,44Kk44OZ44Oz44OI44KE6KGM5LqL44Gr5aSn5rS76LqN77yB5a2Q44Gp44KC5Lya44Gu5pmv5ZOB44Gr44KC44Kq44K544K544Oh77yB44CC44Kk44K/44Oq44Ki44Oz44OV44OD44OI44Oc44O844Or44Oq44O844Kw77yR77yVY23lrpropo/jgJAxMOacrDHjgrvjg4Pjg4jjgJHjgJAx5pys44GC44Gf44KKNDnlhoYo56iO5YilKeOAkeOAkOiJsuafhOaMh+WumuS4jeWPr+OAkeKXhlsg562G6KiY55So5YW3IOethuiomOWFtyDmloflhbcg55S35a2QIOeUt+OBruWtkCDjgrnjg53jg7zjg4Qg44OW44Op44Oz44OJIOOCsOODg+OCuiDlj5fpqJMg6Kmm6aiTIOS6uuawlyDlhaXlraYg5Y2S5qWtIOWtkOS+myDnspflk4Eg6KiY5b+15ZOBIOOBiualveOBl+OBv+S8miDjg5Hjg7zjg4bjgqPjg7wg5a2Q5L6b5LyaIOelrSDjgq7jg5Xjg4ggXQ==[rn]
31-2681,aHR0cDovL3RzaG9wLnIxMHMuanAveW9zaGltaS1zL2NhYmluZXQvc2hvaGluMDEvc2hvaGluX2UvZTExMDAwL2UxMTE3MS5qcGc/Zml0aW49NzAwOjcwMA==,OTIyLjQwMDA=,,5pel55So5ZOB6ZuR6LKo44O75paH5oi/5YW344O75omL6Iq4ID4g5paH5oi/5YW344O75LqL5YuZ55So5ZOBID4g6KO95Zuz55So5ZOBID4g5a6a6KaP,77yq77ym77yhICDlrpropo/jgJA25pysMeOCu+ODg+ODiOOAkeOAkDHmnKzjgYLjgZ/jgooxNzjlhoYo56iO5YilKeOAkeOAkOiJsuafhOaMh+WumuS4jeWPr+OAkeKXhlsg562G6KiY55So5YW3IOethuiomOWFtyDmloflhbcg44Kt44Oj44Op44Kv44K/44O8IOeUt+WtkCDnlLfjga7lrZAg44K544Od44O844OEIOODluODqeODs+ODiSDjgrXjg4Pjgqvjg7wg44Kw44OD44K6IOWPl+mokyDoqabpqJMg5Lq65rCXIOWFpeWtpiDljZLmpa0g5a2Q5L6bIOeyl+WTgSDoqJjlv7Xlk4Eg44GK5qW944GX44G/5LyaIOODkeODvOODhuOCo+ODvCDlrZDkvpvkvJog56WtIOOCruODleODiCBd,5YWl5ZyS44O75YWl5a2m5rqW5YKZ44Gv44KC44Gh44KN44KT44CB5a2Q44Gp44KC5Lya44Gu5pmv5ZOB44Gr44KC44Kq44K544K544Oh77yB,44CQ44K744OD44OI6LKp5aOy44CR44GT44Gh44KJ44Gu5ZWG5ZOB44GvNuacrDHjgrvjg4Pjg4jjga7jgYrlgKTmrrXjgafjgZk8dGFibGUgd2lkdGg9IjYwMCIgYmdjb2xvcj0iI2E3YzY3YSIgY2VsbHNwYWNpbmc9IjEiIGNlbGxwYWRkaW5nPSIzIj48dHI+PHRoIGNvbHNwYW49IjIiIGFsaWduPSJjZW50ZXIiIGJnY29sb3I9IiNjM2U5OWMiPjxiPjxmb250IGNvbG9yPSIjMzMzMzMzIj7llYblk4HoqqzmmI48L2ZvbnQ+PC9iPjwvdGg+PC90cj48dHI+PHRoIHdpZHRoPSI5NCIgYWxpZ249ImNlbnRlciIgYmdjb2xvcj0iI2MzZTk5YyI+PGZvbnQgc2l6ZT0iMiIgY29sb3I9IiMzMzMzMzMiPuiJsuafhOaMh+WumjwvZm9udD48L3RoPjx0ZCB3aWR0aD0iNDkxIiBiZ2NvbG9yPSIjZmZmZmZmIj48Zm9udCBzaXplPSIyIiBjb2xvcj0iIzMzMzMzMyI+5LiN5Y+vPC9mb250PjwvdGQ+PC90cj48dHI+PHRoIHdpZHRoPSI5NCIgYWxpZ249ImNlbnRlciIgYmdjb2xvcj0iI2MzZTk5YyI+PGZvbnQgc2l6ZT0iMiIgY29sb3I9IiMzMzMzMzMiPuOCteOCpOOCujwvZm9udD48L3RoPjx0ZCB3aWR0aD0iNDkxIiBiZ2NvbG9yPSIjZmZmZmZmIj48Zm9udCBzaXplPSIyIiBjb2xvcj0iIzMzMzMzMyI+57SEMTbDlzIuNGNtPC9mb250PjwvdGQ+PC90cj48dHI+PHRoIHdpZHRoPSI5NCIgYWxpZ249ImNlbnRlciIgYmdjb2xvcj0iI2MzZTk5YyI+PGZvbnQgc2l6ZT0iMiIgY29sb3I9IiMzMzMzMzMiPuS4u+OBquS7leanmDwvZm9udD48L3RoPjx0ZCB3aWR0aD0iNDkxIiBiZ2NvbG9yPSIjZmZmZmZmIj48Zm9udCBzaXplPSIyIiBjb2xvcj0iIzMzMzMzMyI+LTwvZm9udD48L3RkPjwvdHI+PHRyPjx0aCB3aWR0aD0iOTQiIGFsaWduPSJjZW50ZXIiIGJnY29sb3I9IiNjM2U5OWMiPjxmb250IHNpemU9IjIiIGNvbG9yPSIjMzMzMzMzIj7llYblk4HoqbPntLA8L2ZvbnQ+PC90aD48dGQgd2lkdGg9IjQ5MSIgYmdjb2xvcj0iI2ZmZmZmZiI+PGZvbnQgc2l6ZT0iMiIgY29sb3I9IiMzMzMzMzMiPlNBTVVSQUkgQkxVReOBruWumuimj+OBp+OBmSE8L2ZvbnQ+PC90ZD48L3RyPjwvdGFibGU+PCEtLQo8aW1nIHNyYz0iaHR0cDovL3d3dy5yYWt1dGVuLm5lLmpwL2dvbGQveW9zaGltaS1zL2ltZy95b3RlaV9zZWwucG5nIiB3aWR0aD0iNjE0cHgiPgo8YnI+PGJyPgotLT4KCjwhLS0KPGltZyBzcmM9Imh0dHA6Ly9pbWFnZS5yYWt1dGVuLmNvLmpwL3lvc2hpbWktcy9jYWJpbmV0L2NhdGVnb3J5L2hvbGlkYXlfMjAxNzA0LmdpZiIgd2lkdGg9IjYxNHB4IiBhbHQ9IumVt+acn+mAo+S8kSIgLz4KPGJyPgotLT4KCjxzdHlsZSB0eXBlPSJ0ZXh0L2NzcyI+CiNjb250YWluZXJ7IGJhY2tncm91bmQtY29sb3I6ICM1ZWI2MmY7IGJhY2tncm91bmQtaW1hZ2U6dXJsKGh0dHA6Ly93d3cucmFrdXRlbi5uZS5qcC9nb2xkL3lvc2hpbWktcy9pbWcvYmcucG5nKTsgYmFja2dyb3VuZC1yZXBlYXQ6cmVwZWF0LXg7fQo8L3N0eWxlPgoKPCEtLSDjgZPjgZPjgYvjgonjgIDos7zlhaXjg5zjgr/jg7PjgrXjgqTjgrrlpInmm7QgLS0+CjxzdHlsZSB0eXBlPSJ0ZXh0L2NzcyI+CgovKiDlgIvmlbDlhaXlipvmrITjga7lpKfjgY3jgZUgKi8KaW5wdXQjdW5pdHMgewpmb250LXNpemU6IDE1cHg7CnBhZGRpbmc6IDFweCAwcHg7Cn0KCi8qIOOBiuiyt+OBhOeJqeOBi+OBlOODnOOCv+ODs+OBruWkp+OBjeOBlSAqLwp0ZCA+IGlucHV0IHsKZm9udC1zaXplOiAxNXB4OwpwYWRkaW5nOjIwcHggNTBweDsKd2lkdGg6IGF1dG87Cn0KCi8qIOOAjOWVhuWTgeOBq+OBpOOBhOOBpuOBruWVj+OBhOWQiOOCj+OBm+OAjeODnOOCv+ODs+OBruWkp+OBjeOBlSovCmZvbnQgaW5wdXQgewpmb250LXNpemU6IDEycHg7CnBhZGRpbmc6MnB4Owp3aWR0aDogMTUwcHg7Cn0KCjwvc3R5bGU+CjwhLS0g44GT44GT44G+44Gn44CA6LO85YWl44Oc44K/44Oz44K144Kk44K65aSJ5pu0IC0tPgoKPCEtLSDjgqrjg6rjgrjjg4rjg6vllY/jgYTlkIjjgo/jgZvjg5zjgr/jg7MKLS0+CjxzdHlsZSB0eXBlPSJ0ZXh0L2NzcyI+Ci8q5ZWG5ZOB5ZWP5ZCI44KP44Gb44Oc44K/44OzKi8KI3Jha3V0ZW5MaW1pdGVkSWRfYXJvdW5kQ2FydCBpbnB1dFt2YWx1ZT0i5ZWG5ZOB44Gr44Gk44GE44Gm44Gu5ZWP5ZCI44KP44GbIl17CmJhY2tncm91bmQ6IHVybCgiaHR0cDovL2ltYWdlLnJha3V0ZW4uY28uanAveW9zaGltaS1zL2NhYmluZXQvY2F0ZWdvcnkvcWFuZGEuanBnIikgbGVmdCB0b3Agbm8tcmVwZWF0Owp3aWR0aDozMjBweDsKaGVpZ2h0OjE2MHB4Owp0ZXh0LWluZGVudDoxMDAlOwp3aGl0ZS1zcGFjZTpub3dyYXA7Cm92ZXJmbG93OmhpZGRlbjsKYm9yZGVyOiBub25lOwpwYWRkaW5nOjA7Cm1hcmdpbi10b3A6NXB4IDA7CmN1cnNvcjpwb2ludGVyOwp9Cjwvc3R5bGU+Cgo8aW1nIHNyYz0iaHR0cDovL2ltYWdlLnJha3V0ZW4uY28uanAveW9zaGltaS1zL2NhYmluZXQvY2F0ZWdvcnkvZS1jYXRhbG9nLmdpZiIgd2lkdGg9IjYxNHB4IiBhbHQ9Iumbu+WtkOOCq+OCv+ODreOCsCIgLz4KPGJyPgo8aW1nIHNyYz0iaHR0cDovL2ltYWdlLnJha3V0ZW4uY28uanAveW9zaGltaS1zL2NhYmluZXQvY2F0ZWdvcnkvd2FybmluZ19zZXQxLmpwZyIgPgo8QlI+CjxpbWcgc3JjPSJodHRwOi8vaW1hZ2UucmFrdXRlbi5jby5qcC95b3NoaW1pLXMvY2FiaW5ldC9jYXRlZ29yeS93YXJuaW5nX2lyb2dhcmEuanBnIiA+CjxCUj4KPGltZyBzcmM9Imh0dHA6Ly9pbWFnZS5yYWt1dGVuLmNvLmpwL3lvc2hpbWktcy9jYWJpbmV0L2NhdGVnb3J5L3dhcm5pbmdfb2thc2hpLmpwZyIgPgoKPCEtLeODquOCouWPl+OBk+OBk+OBi+OCiS0tPgo8YnI+PGJyPgo8ZGl2IHN0eWxlPSJ3aWR0aDo2MTRweDsgYm9yZGVyOjFweCBzb2xpZCAjQzJDMkMyOyBiYWNrZ3JvdW5kLWltYWdlOnVybCgnaHR0cDovL3d3dy5yYWt1dGVuLm5lLmpwL2dvbGQveW9zaGltaS1zL2FzcC9ibnIuZ2lmJyk7IGJhY2tncm91bmQtcmVwZWF0OiByZXBlYXQ7IiBhbGlnbj0iY2VudGVyIj4KPHAgc3R5bGU9ImNvbG9yOiM0OTZDMDA7IGZvbnQtc2l6ZToxN3B4OyBmb250LWZhbWlseTon44OS44Op44Ku44OO6KeS44K0IFBybyBXMycsICdIaXJhZ2lubyBLYWt1IEdvdGhpYyBQcm8nLCAn44Oh44Kk44Oq44KqJywgTWVpcnlvLCBPc2FrYSwgJ++8re+8syDvvLDjgrTjgrfjg4Pjgq8nLCAnTVMgUEdvdGhpYycsIHNhbnMtc2VyaWY7IGZvbnQtd2VpZ2h0OmJvbGQ7IG1hcmdpbjowOyBsaW5lLWhlaWdodDo0MHB4OyB0ZXh0LWFsaWduOmxlZnQ7IHBhZGRpbmctbGVmdDoxMHB4Ij7jgZTms6jmlofjgYLjgorjgYzjgajjgYbjgZTjgZbjgYTjgb7jgZk8L3A+CjwvZGl2Pgo8ZGl2IHN0eWxlPSJ3aWR0aDo2MTRweDsgaGVpZ2h0OjIyMHB4OyBvdmVyZmxvdzpoaWRkZW47Ij4KCjwvZGl2Pgo8IS0t44Oq44Ki5Y+X44GT44GT44G+44GnLS0+Cgo8IS0tIOOBk+OBk+OBi+OCiSDjg6rjgqLjgrPjg6EgLS0+CjxkaXYgc3R5bGU9IndpZHRoOjYxNHB4OyBib3JkZXI6MXB4IHNvbGlkICNDMkMyQzI7IGJhY2tncm91bmQtaW1hZ2U6dXJsKCdodHRwOi8vd3d3LnJha3V0ZW4ubmUuanAvZ29sZC95b3NoaW1pLXMvYXNwL2Juci5naWYnKTsgYmFja2dyb3VuZC1yZXBlYXQ6IHJlcGVhdDsiIGFsaWduPSJjZW50ZXIiPgogIDxwIHN0eWxlPSJjb2xvcjojNDk2QzAwOyBmb250LXNpemU6MTdweDsgZm9udC1mYW1pbHk6J+ODkuODqeOCruODjuinkuOCtCBQcm8gVzMnLCAnSGlyYWdpbm8gS2FrdSBHb3RoaWMgUHJvJywgJ+ODoeOCpOODquOCqicsIE1laXJ5bywgT3Nha2EsICfvvK3vvLMg77yw44K044K344OD44KvJywgJ01TIFBHb3RoaWMnLCBzYW5zLXNlcmlmOyBmb250LXdlaWdodDpib2xkOyBtYXJnaW46MDsgbGluZS1oZWlnaHQ6NDBweDsgdGV4dC1hbGlnbjpsZWZ0OyBwYWRkaW5nLWxlZnQ6MTBweCI+44GK5a6i5qeY44Gu5Zac44Gz44Gu5aOwPC9wPgogIDxkaXYgc3R5bGU9ImJhY2tncm91bmQ6I2ZmZjsgbWFyZ2luOjA7IHBhZGRpbmc6MDsgaGVpZ2h0OjI4NXB4OyBvdmVyZmxvdzpoaWRkZW47Ij4KPC9kaXY+CjwvZGl2Pgo8IS0tIOOBk+OBk+OBvuOBpyDjg6rjgqLjgrPjg6EgLS0+,77yq77ym77yhICDlrpropo/jgJA25pysMeOCu+ODg+ODiOOAkeOAkDHmnKzjgYLjgZ/jgooxNzjlhoYo56iO5YilKeOAkeOAkOiJsuafhOaMh+WumuS4jeWPr+OAkeKXhlsg562G6KiY55So5YW3IOethuiomOWFtyDmloflhbcg44Kt44Oj44Op44Kv44K/44O8IOeUt+WtkCDnlLfjga7lrZAg44K544Od44O844OEIOODluODqeODs+ODiSDjgrXjg4Pjgqvjg7wg44Kw44OD44K6IOWPl+mokyDoqabpqJMg5Lq65rCXIOWFpeWtpiDljZLmpa0g5a2Q5L6bIOeyl+WTgSDoqJjlv7Xlk4Eg44GK5qW944GX44G/5LyaIOODkeODvOODhuOCo+ODvCDlrZDkvpvkvJog56WtIOOCruODleODiCBd77ya5ZCJ6KaL5Ye654mI44CA44K744Os44Kv44OI44K344On44OD44OX,77yq77ym77yhICDlrpropo/jgJA25pysMeOCu+ODg+ODiOOAkeOAkDHmnKzjgYLjgZ/jgooxNzjlhoYo56iO5YilKeOAkeOAkOiJsuafhOaMh+WumuS4jeWPr+OAkeKXhlsg562G6KiY55So5YW3IOethuiomOWFtyDmloflhbcg44Kt44Oj44Op44Kv44K/44O8IOeUt+WtkCDnlLfjga7lrZAg44K544Od44O844OEIOODluODqeODs+ODiSDjgrXjg4Pjgqvjg7wg44Kw44OD44K6IOWPl+mokyDoqabpqJMg5Lq65rCXIOWFpeWtpiDljZLmpa0g5a2Q5L6bIOeyl+WTgSDoqJjlv7Xlk4Eg44GK5qW944GX44G/5LyaIOODkeODvOODhuOCo+ODvCDlrZDkvpvkvJog56WtIOOCruODleODiCBd,5YWl5ZyS44O75YWl5a2m5rqW5YKZ44Gv44KC44Gh44KN44KT44CB5a2Q44Gp44KC5Lya44Gu5pmv5ZOB44Gr44KC44Kq44K544K544Oh77yB44CC77yq77ym77yhICDlrpropo/jgJA25pysMeOCu+ODg+ODiOOAkeOAkDHmnKzjgYLjgZ/jgooxNzjlhoYo56iO5YilKeOAkeOAkOiJsuafhOaMh+WumuS4jeWPr+OAkeKXhlsg562G6KiY55So5YW3IOethuiomOWFtyDmloflhbcg44Kt44Oj44Op44Kv44K/44O8IOeUt+WtkCDnlLfjga7lrZAg44K544Od44O844OEIOODluODqeODs+ODiSDjgrXjg4Pjgqvjg7wg44Kw44OD44K6IOWPl+mokyDoqabpqJMg5Lq65rCXIOWFpeWtpiDljZLmpa0g5a2Q5L6bIOeyl+WTgSDoqJjlv7Xlk4Eg44GK5qW944GX44G/5LyaIOODkeODvOODhuOCo+ODvCDlrZDkvpvkvJog56WtIOOCruODleODiCBd[rn]
31-2682,aHR0cDovL3RzaG9wLnIxMHMuanAveW9zaGltaS1zL2NhYmluZXQvc2hvaGluMDEvc2hvaGluX2UvZTExMDAwL2UxMTI2MS5qcGc/Zml0aW49NzAwOjcwMA==,NTg3LjIwMDA=,,5pel55So5ZOB6ZuR6LKo44O75paH5oi/5YW344O75omL6Iq4ID4g5paH5oi/5YW344O75LqL5YuZ55So5ZOBID4g6KO95Zuz55So5ZOBID4g5a6a6KaP,44Ov44Oz44OU44O844K5w5fvvLDvvLcgIOaKmOOCiuOBn+OBn+OBv+Wumuimj+OAkDEw5pysMeOCu+ODg+ODiOOAkeOAkDHmnKzjgYLjgZ/jgoo2OOWGhijnqI7liKUp44CR44CQ6Imy5p+E5oyH5a6a5LiN5Y+v44CR4peGWyAxNWNtIDMwY20g562G6KiY55So5YW3IOethuiomOWFtyDmloflhbcg44Kt44Oj44Op44Kv44K/44O8IOOCsOODg+OCuiDlj5fpqJMg6Kmm6aiTIOS6uuawlyDlhaXlraYg5Y2S5qWtIOWtkOS+myDnspflk4Eg6KiY5b+15ZOBIOOBiualveOBl+OBv+S8miDjg5Hjg7zjg4bjgqPjg7wg5a2Q5L6b5LyaIOelrSDjgq7jg5Xjg4ggXQ==,44Kk44OZ44Oz44OI44KE6KGM5LqL44Gr5aSn5rS76LqN77yB44OX44Os44K844Oz44OI44Gr44KC5pyA6YGp44Gn44GZ4pmq,44CQ44K744OD44OI6LKp5aOy44CR44GT44Gh44KJ44Gu5ZWG5ZOB44GvMTDmnKwx44K744OD44OI44Gu44GK5YCk5q6144Gn44GZPHRhYmxlIHdpZHRoPSI2MDAiIGJnY29sb3I9IiNhN2M2N2EiIGNlbGxzcGFjaW5nPSIxIiBjZWxscGFkZGluZz0iMyI+PHRyPjx0aCBjb2xzcGFuPSIyIiBhbGlnbj0iY2VudGVyIiBiZ2NvbG9yPSIjYzNlOTljIj48Yj48Zm9udCBjb2xvcj0iIzMzMzMzMyI+5ZWG5ZOB6Kqs5piOPC9mb250PjwvYj48L3RoPjwvdHI+PHRyPjx0aCB3aWR0aD0iOTQiIGFsaWduPSJjZW50ZXIiIGJnY29sb3I9IiNjM2U5OWMiPjxmb250IHNpemU9IjIiIGNvbG9yPSIjMzMzMzMzIj7oibLmn4TmjIflrpo8L2ZvbnQ+PC90aD48dGQgd2lkdGg9IjQ5MSIgYmdjb2xvcj0iI2ZmZmZmZiI+PGZvbnQgc2l6ZT0iMiIgY29sb3I9IiMzMzMzMzMiPuS4jeWPrzwvZm9udD48L3RkPjwvdHI+PHRyPjx0aCB3aWR0aD0iOTQiIGFsaWduPSJjZW50ZXIiIGJnY29sb3I9IiNjM2U5OWMiPjxmb250IHNpemU9IjIiIGNvbG9yPSIjMzMzMzMzIj7jgrXjgqTjgro8L2ZvbnQ+PC90aD48dGQgd2lkdGg9IjQ5MSIgYmdjb2xvcj0iI2ZmZmZmZiI+PGZvbnQgc2l6ZT0iMiIgY29sb3I9IiMzMzMzMzMiPue0hDE2LjXDlzMuN8OXMC41Y208L2ZvbnQ+PC90ZD48L3RyPjx0cj48dGggd2lkdGg9Ijk0IiBhbGlnbj0iY2VudGVyIiBiZ2NvbG9yPSIjYzNlOTljIj48Zm9udCBzaXplPSIyIiBjb2xvcj0iIzMzMzMzMyI+5Li744Gq5LuV5qeYPC9mb250PjwvdGg+PHRkIHdpZHRoPSI0OTEiIGJnY29sb3I9IiNmZmZmZmYiPjxmb250IHNpemU9IjIiIGNvbG9yPSIjMzMzMzMzIj4xNWNt5a6a6KaP44CB6ZaL44GP44GoMzBjbeWumuimj+OBqOOBl+OBpuS9v+OBiOOBvuOBmeOAgC/liIbluqblmajku5g8L2ZvbnQ+PC90ZD48L3RyPjx0cj48dGggd2lkdGg9Ijk0IiBhbGlnbj0iY2VudGVyIiBiZ2NvbG9yPSIjYzNlOTljIj48Zm9udCBzaXplPSIyIiBjb2xvcj0iIzMzMzMzMyI+5ZWG5ZOB6Kmz57SwPC9mb250PjwvdGg+PHRkIHdpZHRoPSI0OTEiIGJnY29sb3I9IiNmZmZmZmYiPjxmb250IHNpemU9IjIiIGNvbG9yPSIjMzMzMzMzIj7jgqLjg4vjg6Hjg4fjgrbjgqTjg7Pjgajjga/nlbDjgarjgovjg53jg4Pjg5fjgarjg6/jg7Pjg5Tjg7zjgrnjgq3jg6Pjg6njgq/jgr/jg7zmn4Tjga7lrpropo/jgafjgZkhPC9mb250PjwvdGQ+PC90cj48L3RhYmxlPjwhLS0KPGltZyBzcmM9Imh0dHA6Ly93d3cucmFrdXRlbi5uZS5qcC9nb2xkL3lvc2hpbWktcy9pbWcveW90ZWlfc2VsLnBuZyIgd2lkdGg9IjYxNHB4Ij4KPGJyPjxicj4KLS0+Cgo8IS0tCjxpbWcgc3JjPSJodHRwOi8vaW1hZ2UucmFrdXRlbi5jby5qcC95b3NoaW1pLXMvY2FiaW5ldC9jYXRlZ29yeS9ob2xpZGF5XzIwMTcwNC5naWYiIHdpZHRoPSI2MTRweCIgYWx0PSLplbfmnJ/pgKPkvJEiIC8+Cjxicj4KLS0+Cgo8c3R5bGUgdHlwZT0idGV4dC9jc3MiPgojY29udGFpbmVyeyBiYWNrZ3JvdW5kLWNvbG9yOiAjNWViNjJmOyBiYWNrZ3JvdW5kLWltYWdlOnVybChodHRwOi8vd3d3LnJha3V0ZW4ubmUuanAvZ29sZC95b3NoaW1pLXMvaW1nL2JnLnBuZyk7IGJhY2tncm91bmQtcmVwZWF0OnJlcGVhdC14O30KPC9zdHlsZT4KCjwhLS0g44GT44GT44GL44KJ44CA6LO85YWl44Oc44K/44Oz44K144Kk44K65aSJ5pu0IC0tPgo8c3R5bGUgdHlwZT0idGV4dC9jc3MiPgoKLyog5YCL5pWw5YWl5Yqb5qyE44Gu5aSn44GN44GVICovCmlucHV0I3VuaXRzIHsKZm9udC1zaXplOiAxNXB4OwpwYWRkaW5nOiAxcHggMHB4Owp9CgovKiDjgYrosrfjgYTnianjgYvjgZTjg5zjgr/jg7Pjga7lpKfjgY3jgZUgKi8KdGQgPiBpbnB1dCB7CmZvbnQtc2l6ZTogMTVweDsKcGFkZGluZzoyMHB4IDUwcHg7CndpZHRoOiBhdXRvOwp9CgovKiDjgIzllYblk4HjgavjgaTjgYTjgabjga7llY/jgYTlkIjjgo/jgZvjgI3jg5zjgr/jg7Pjga7lpKfjgY3jgZUqLwpmb250IGlucHV0IHsKZm9udC1zaXplOiAxMnB4OwpwYWRkaW5nOjJweDsKd2lkdGg6IDE1MHB4Owp9Cgo8L3N0eWxlPgo8IS0tIOOBk+OBk+OBvuOBp+OAgOizvOWFpeODnOOCv+ODs+OCteOCpOOCuuWkieabtCAtLT4KCjwhLS0g44Kq44Oq44K444OK44Or5ZWP44GE5ZCI44KP44Gb44Oc44K/44OzCi0tPgo8c3R5bGUgdHlwZT0idGV4dC9jc3MiPgovKuWVhuWTgeWVj+WQiOOCj+OBm+ODnOOCv+ODsyovCiNyYWt1dGVuTGltaXRlZElkX2Fyb3VuZENhcnQgaW5wdXRbdmFsdWU9IuWVhuWTgeOBq+OBpOOBhOOBpuOBruWVj+WQiOOCj+OBmyJdewpiYWNrZ3JvdW5kOiB1cmwoImh0dHA6Ly9pbWFnZS5yYWt1dGVuLmNvLmpwL3lvc2hpbWktcy9jYWJpbmV0L2NhdGVnb3J5L3FhbmRhLmpwZyIpIGxlZnQgdG9wIG5vLXJlcGVhdDsKd2lkdGg6MzIwcHg7CmhlaWdodDoxNjBweDsKdGV4dC1pbmRlbnQ6MTAwJTsKd2hpdGUtc3BhY2U6bm93cmFwOwpvdmVyZmxvdzpoaWRkZW47CmJvcmRlcjogbm9uZTsKcGFkZGluZzowOwptYXJnaW4tdG9wOjVweCAwOwpjdXJzb3I6cG9pbnRlcjsKfQo8L3N0eWxlPgoKPGltZyBzcmM9Imh0dHA6Ly9pbWFnZS5yYWt1dGVuLmNvLmpwL3lvc2hpbWktcy9jYWJpbmV0L2NhdGVnb3J5L2UtY2F0YWxvZy5naWYiIHdpZHRoPSI2MTRweCIgYWx0PSLpm7vlrZDjgqvjgr/jg63jgrAiIC8+Cjxicj4KPGltZyBzcmM9Imh0dHA6Ly9pbWFnZS5yYWt1dGVuLmNvLmpwL3lvc2hpbWktcy9jYWJpbmV0L2NhdGVnb3J5L3dhcm5pbmdfc2V0MS5qcGciID4KPEJSPgo8aW1nIHNyYz0iaHR0cDovL2ltYWdlLnJha3V0ZW4uY28uanAveW9zaGltaS1zL2NhYmluZXQvY2F0ZWdvcnkvd2FybmluZ19pcm9nYXJhLmpwZyIgPgo8QlI+CjxpbWcgc3JjPSJodHRwOi8vaW1hZ2UucmFrdXRlbi5jby5qcC95b3NoaW1pLXMvY2FiaW5ldC9jYXRlZ29yeS93YXJuaW5nX29rYXNoaS5qcGciID4KCjwhLS3jg6rjgqLlj5fjgZPjgZPjgYvjgoktLT4KPGJyPjxicj4KPGRpdiBzdHlsZT0id2lkdGg6NjE0cHg7IGJvcmRlcjoxcHggc29saWQgI0MyQzJDMjsgYmFja2dyb3VuZC1pbWFnZTp1cmwoJ2h0dHA6Ly93d3cucmFrdXRlbi5uZS5qcC9nb2xkL3lvc2hpbWktcy9hc3AvYm5yLmdpZicpOyBiYWNrZ3JvdW5kLXJlcGVhdDogcmVwZWF0OyIgYWxpZ249ImNlbnRlciI+CjxwIHN0eWxlPSJjb2xvcjojNDk2QzAwOyBmb250LXNpemU6MTdweDsgZm9udC1mYW1pbHk6J+ODkuODqeOCruODjuinkuOCtCBQcm8gVzMnLCAnSGlyYWdpbm8gS2FrdSBHb3RoaWMgUHJvJywgJ+ODoeOCpOODquOCqicsIE1laXJ5bywgT3Nha2EsICfvvK3vvLMg77yw44K044K344OD44KvJywgJ01TIFBHb3RoaWMnLCBzYW5zLXNlcmlmOyBmb250LXdlaWdodDpib2xkOyBtYXJnaW46MDsgbGluZS1oZWlnaHQ6NDBweDsgdGV4dC1hbGlnbjpsZWZ0OyBwYWRkaW5nLWxlZnQ6MTBweCI+44GU5rOo5paH44GC44KK44GM44Go44GG44GU44GW44GE44G+44GZPC9wPgo8L2Rpdj4KPGRpdiBzdHlsZT0id2lkdGg6NjE0cHg7IGhlaWdodDoyMjBweDsgb3ZlcmZsb3c6aGlkZGVuOyI+Cgo8L2Rpdj4KPCEtLeODquOCouWPl+OBk+OBk+OBvuOBpy0tPgoKPCEtLSDjgZPjgZPjgYvjgokg44Oq44Ki44Kz44OhIC0tPgo8ZGl2IHN0eWxlPSJ3aWR0aDo2MTRweDsgYm9yZGVyOjFweCBzb2xpZCAjQzJDMkMyOyBiYWNrZ3JvdW5kLWltYWdlOnVybCgnaHR0cDovL3d3dy5yYWt1dGVuLm5lLmpwL2dvbGQveW9zaGltaS1zL2FzcC9ibnIuZ2lmJyk7IGJhY2tncm91bmQtcmVwZWF0OiByZXBlYXQ7IiBhbGlnbj0iY2VudGVyIj4KICA8cCBzdHlsZT0iY29sb3I6IzQ5NkMwMDsgZm9udC1zaXplOjE3cHg7IGZvbnQtZmFtaWx5Oifjg5Ljg6njgq7jg47op5LjgrQgUHJvIFczJywgJ0hpcmFnaW5vIEtha3UgR290aGljIFBybycsICfjg6HjgqTjg6rjgqonLCBNZWlyeW8sIE9zYWthLCAn77yt77yzIO+8sOOCtOOCt+ODg+OCrycsICdNUyBQR290aGljJywgc2Fucy1zZXJpZjsgZm9udC13ZWlnaHQ6Ym9sZDsgbWFyZ2luOjA7IGxpbmUtaGVpZ2h0OjQwcHg7IHRleHQtYWxpZ246bGVmdDsgcGFkZGluZy1sZWZ0OjEwcHgiPuOBiuWuouanmOOBruWWnOOBs+OBruWjsDwvcD4KICA8ZGl2IHN0eWxlPSJiYWNrZ3JvdW5kOiNmZmY7IG1hcmdpbjowOyBwYWRkaW5nOjA7IGhlaWdodDoyODVweDsgb3ZlcmZsb3c6aGlkZGVuOyI+CjwvZGl2Pgo8L2Rpdj4KPCEtLSDjgZPjgZPjgb7jgacg44Oq44Ki44Kz44OhIC0tPg==,44Ov44Oz44OU44O844K5JnRpbWVzO++8sO+8tyAg5oqY44KK44Gf44Gf44G/5a6a6KaP44CQMTDmnKwx44K744OD44OI44CR44CQMeacrOOBguOBn+OCijY45YaGKOeojuWIpSnjgJHjgJDoibLmn4TmjIflrprkuI3lj6/jgJHil4ZbIDE1Y20gMzBjbSDnrYboqJjnlKjlhbcg562G6KiY5YW3IOaWh+WFtyDjgq3jg6Pjg6njgq/jgr/jg7wg44Kw44OD44K6IOWPl+mokyDoqabpqJMg5Lq65rCXIOWFpeWtpiDljZLmpa0g5a2Q5L6bIOeyl+WTgSDoqJjlv7Xlk4Eg44GK5qW944GX44G/5LyaIOODkeODvOODhuOCo+ODvCDlrZDkvpvkvJog56WtIOOCruODleODiCBd77ya5ZCJ6KaL5Ye654mI44CA44K744Os44Kv44OI44K344On44OD44OX,44Ov44Oz44OU44O844K5JnRpbWVzO++8sO+8tyAg5oqY44KK44Gf44Gf44G/5a6a6KaP44CQMTDmnKwx44K744OD44OI44CR44CQMeacrOOBguOBn+OCijY45YaGKOeojuWIpSnjgJHjgJDoibLmn4TmjIflrprkuI3lj6/jgJHil4ZbIDE1Y20gMzBjbSDnrYboqJjnlKjlhbcg562G6KiY5YW3IOaWh+WFtyDjgq3jg6Pjg6njgq/jgr/jg7wg44Kw44OD44K6IOWPl+mokyDoqabpqJMg5Lq65rCXIOWFpeWtpiDljZLmpa0g5a2Q5L6bIOeyl+WTgSDoqJjlv7Xlk4Eg44GK5qW944GX44G/5LyaIOODkeODvOODhuOCo+ODvCDlrZDkvpvkvJog56WtIOOCruODleODiCBd,44Kk44OZ44Oz44OI44KE6KGM5LqL44Gr5aSn5rS76LqN77yB44OX44Os44K844Oz44OI44Gr44KC5pyA6YGp44Gn44GZ4pmq44CC44Ov44Oz44OU44O844K5JnRpbWVzO++8sO+8tyAg5oqY44KK44Gf44Gf44G/5a6a6KaP44CQMTDmnKwx44K744OD44OI44CR44CQMeacrOOBguOBn+OCijY45YaGKOeojuWIpSnjgJHjgJDoibLmn4TmjIflrprkuI3lj6/jgJHil4ZbIDE1Y20gMzBjbSDnrYboqJjnlKjlhbcg562G6KiY5YW3IOaWh+WFtyDjgq3jg6Pjg6njgq/jgr/jg7wg44Kw44OD44K6IOWPl+mokyDoqabpqJMg5Lq65rCXIOWFpeWtpiDljZLmpa0g5a2Q5L6bIOeyl+WTgSDoqJjlv7Xlk4Eg44GK5qW944GX44G/5LyaIOODkeODvOODhuOCo+ODvCDlrZDkvpvkvJog56WtIOOCruODleODiCBd[rn]
31-2683,aHR0cDovL3RzaG9wLnIxMHMuanAveW9zaGltaS1zL2NhYmluZXQvc2hvaGluMDEvc2hvaGluX2UvZTExMDAwL2UxMTI5NS5qcGc/Zml0aW49NzAwOjcwMA==,OTg0LjgwMDA=,,5pel55So5ZOB6ZuR6LKo44O75paH5oi/5YW344O75omL6Iq4ID4g5paH5oi/5YW344O75LqL5YuZ55So5ZOBID4g6KO95Zuz55So5ZOBID4g5a6a6KaP,44OH44Kj44K644OL44O844OV44Kh44Oz44K344O8ICDmipjjgorjgZ/jgZ/jgb/lrpropo/jgJAxMuacrDHjgrvjg4Pjg4jjgJHjgJAx5pys44GC44Gf44KKOTXlhoYo56iO5YilKeOAkeOAkOiJsuafhOaMh+WumuS4jeWPr+OAkeKXhlsgMTVjbSAzMGNtIOethuiomOeUqOWFtyDnrYboqJjlhbcg5paH5YW3IOOCreODo+ODqeOCr+OCv+ODvCDjg4Tjg6Djg4Tjg6Ag44Kw44OD44K6IOWPl+mokyDoqabpqJMg5Lq65rCXIOWFpeWtpiDljZLmpa0g5a2Q5L6bIOeyl+WTgSDoqJjlv7Xlk4Eg44GK5qW944GX44G/5LyaIOODkeODvOODhuOCo+ODvCDlrZDkvpvkvJog56WtIOOCruODleODiCBd,44Kk44OZ44Oz44OI44KE6KGM5LqL44Gr5aSn5rS76LqN77yB44OX44Os44K844Oz44OI44Gr44KC5pyA6YGp44Gn44GZ4pmq,44CQ44K744OD44OI6LKp5aOy44CR44GT44Gh44KJ44Gu5ZWG5ZOB44GvMTLmnKwx44K744OD44OI44Gu44GK5YCk5q6144Gn44GZPHRhYmxlIHdpZHRoPSI2MDAiIGJnY29sb3I9IiNhN2M2N2EiIGNlbGxzcGFjaW5nPSIxIiBjZWxscGFkZGluZz0iMyI+PHRyPjx0aCBjb2xzcGFuPSIyIiBhbGlnbj0iY2VudGVyIiBiZ2NvbG9yPSIjYzNlOTljIj48Yj48Zm9udCBjb2xvcj0iIzMzMzMzMyI+5ZWG5ZOB6Kqs5piOPC9mb250PjwvYj48L3RoPjwvdHI+PHRyPjx0aCB3aWR0aD0iOTQiIGFsaWduPSJjZW50ZXIiIGJnY29sb3I9IiNjM2U5OWMiPjxmb250IHNpemU9IjIiIGNvbG9yPSIjMzMzMzMzIj7oibLmn4TmjIflrpo8L2ZvbnQ+PC90aD48dGQgd2lkdGg9IjQ5MSIgYmdjb2xvcj0iI2ZmZmZmZiI+PGZvbnQgc2l6ZT0iMiIgY29sb3I9IiMzMzMzMzMiPuS4jeWPrzwvZm9udD48L3RkPjwvdHI+PHRyPjx0aCB3aWR0aD0iOTQiIGFsaWduPSJjZW50ZXIiIGJnY29sb3I9IiNjM2U5OWMiPjxmb250IHNpemU9IjIiIGNvbG9yPSIjMzMzMzMzIj7jgrXjgqTjgro8L2ZvbnQ+PC90aD48dGQgd2lkdGg9IjQ5MSIgYmdjb2xvcj0iI2ZmZmZmZiI+PGZvbnQgc2l6ZT0iMiIgY29sb3I9IiMzMzMzMzMiPue0hDE5LjPDlzQuNMOXMC41Y208L2ZvbnQ+PC90ZD48L3RyPjx0cj48dGggd2lkdGg9Ijk0IiBhbGlnbj0iY2VudGVyIiBiZ2NvbG9yPSIjYzNlOTljIj48Zm9udCBzaXplPSIyIiBjb2xvcj0iIzMzMzMzMyI+5Li744Gq5LuV5qeYPC9mb250PjwvdGg+PHRkIHdpZHRoPSI0OTEiIGJnY29sb3I9IiNmZmZmZmYiPjxmb250IHNpemU9IjIiIGNvbG9yPSIjMzMzMzMzIj4xNWNt5a6a6KaP44CB6ZaL44GP44GoMzBjbeWumuimj+OBqOOBl+OBpuS9v+OBiOOBvuOBmeOAgC/liIbluqblmajku5g8L2ZvbnQ+PC90ZD48L3RyPjx0cj48dGggd2lkdGg9Ijk0IiBhbGlnbj0iY2VudGVyIiBiZ2NvbG9yPSIjYzNlOTljIj48Zm9udCBzaXplPSIyIiBjb2xvcj0iIzMzMzMzMyI+5ZWG5ZOB6Kmz57SwPC9mb250PjwvdGg+PHRkIHdpZHRoPSI0OTEiIGJnY29sb3I9IiNmZmZmZmYiPjxmb250IHNpemU9IjIiIGNvbG9yPSIjMzMzMzMzIj7jg4fjgqPjgrrjg4vjg7zjga7jg4fjg5Xjgqnjg6vjg6Hmn4Tjga7mipjjgorjgZ/jgZ/jgb/lrpropo/jgafjgZkhPC9mb250PjwvdGQ+PC90cj48L3RhYmxlPjwhLS0KPGltZyBzcmM9Imh0dHA6Ly93d3cucmFrdXRlbi5uZS5qcC9nb2xkL3lvc2hpbWktcy9pbWcveW90ZWlfc2VsLnBuZyIgd2lkdGg9IjYxNHB4Ij4KPGJyPjxicj4KLS0+Cgo8IS0tCjxpbWcgc3JjPSJodHRwOi8vaW1hZ2UucmFrdXRlbi5jby5qcC95b3NoaW1pLXMvY2FiaW5ldC9jYXRlZ29yeS9ob2xpZGF5XzIwMTcwNC5naWYiIHdpZHRoPSI2MTRweCIgYWx0PSLplbfmnJ/pgKPkvJEiIC8+Cjxicj4KLS0+Cgo8c3R5bGUgdHlwZT0idGV4dC9jc3MiPgojY29udGFpbmVyeyBiYWNrZ3JvdW5kLWNvbG9yOiAjNWViNjJmOyBiYWNrZ3JvdW5kLWltYWdlOnVybChodHRwOi8vd3d3LnJha3V0ZW4ubmUuanAvZ29sZC95b3NoaW1pLXMvaW1nL2JnLnBuZyk7IGJhY2tncm91bmQtcmVwZWF0OnJlcGVhdC14O30KPC9zdHlsZT4KCjwhLS0g44GT44GT44GL44KJ44CA6LO85YWl44Oc44K/44Oz44K144Kk44K65aSJ5pu0IC0tPgo8c3R5bGUgdHlwZT0idGV4dC9jc3MiPgoKLyog5YCL5pWw5YWl5Yqb5qyE44Gu5aSn44GN44GVICovCmlucHV0I3VuaXRzIHsKZm9udC1zaXplOiAxNXB4OwpwYWRkaW5nOiAxcHggMHB4Owp9CgovKiDjgYrosrfjgYTnianjgYvjgZTjg5zjgr/jg7Pjga7lpKfjgY3jgZUgKi8KdGQgPiBpbnB1dCB7CmZvbnQtc2l6ZTogMTVweDsKcGFkZGluZzoyMHB4IDUwcHg7CndpZHRoOiBhdXRvOwp9CgovKiDjgIzllYblk4HjgavjgaTjgYTjgabjga7llY/jgYTlkIjjgo/jgZvjgI3jg5zjgr/jg7Pjga7lpKfjgY3jgZUqLwpmb250IGlucHV0IHsKZm9udC1zaXplOiAxMnB4OwpwYWRkaW5nOjJweDsKd2lkdGg6IDE1MHB4Owp9Cgo8L3N0eWxlPgo8IS0tIOOBk+OBk+OBvuOBp+OAgOizvOWFpeODnOOCv+ODs+OCteOCpOOCuuWkieabtCAtLT4KCjwhLS0g44Kq44Oq44K444OK44Or5ZWP44GE5ZCI44KP44Gb44Oc44K/44OzCi0tPgo8c3R5bGUgdHlwZT0idGV4dC9jc3MiPgovKuWVhuWTgeWVj+WQiOOCj+OBm+ODnOOCv+ODsyovCiNyYWt1dGVuTGltaXRlZElkX2Fyb3VuZENhcnQgaW5wdXRbdmFsdWU9IuWVhuWTgeOBq+OBpOOBhOOBpuOBruWVj+WQiOOCj+OBmyJdewpiYWNrZ3JvdW5kOiB1cmwoImh0dHA6Ly9pbWFnZS5yYWt1dGVuLmNvLmpwL3lvc2hpbWktcy9jYWJpbmV0L2NhdGVnb3J5L3FhbmRhLmpwZyIpIGxlZnQgdG9wIG5vLXJlcGVhdDsKd2lkdGg6MzIwcHg7CmhlaWdodDoxNjBweDsKdGV4dC1pbmRlbnQ6MTAwJTsKd2hpdGUtc3BhY2U6bm93cmFwOwpvdmVyZmxvdzpoaWRkZW47CmJvcmRlcjogbm9uZTsKcGFkZGluZzowOwptYXJnaW4tdG9wOjVweCAwOwpjdXJzb3I6cG9pbnRlcjsKfQo8L3N0eWxlPgoKPGltZyBzcmM9Imh0dHA6Ly9pbWFnZS5yYWt1dGVuLmNvLmpwL3lvc2hpbWktcy9jYWJpbmV0L2NhdGVnb3J5L2UtY2F0YWxvZy5naWYiIHdpZHRoPSI2MTRweCIgYWx0PSLpm7vlrZDjgqvjgr/jg63jgrAiIC8+Cjxicj4KPGltZyBzcmM9Imh0dHA6Ly9pbWFnZS5yYWt1dGVuLmNvLmpwL3lvc2hpbWktcy9jYWJpbmV0L2NhdGVnb3J5L3dhcm5pbmdfc2V0MS5qcGciID4KPEJSPgo8aW1nIHNyYz0iaHR0cDovL2ltYWdlLnJha3V0ZW4uY28uanAveW9zaGltaS1zL2NhYmluZXQvY2F0ZWdvcnkvd2FybmluZ19pcm9nYXJhLmpwZyIgPgo8QlI+CjxpbWcgc3JjPSJodHRwOi8vaW1hZ2UucmFrdXRlbi5jby5qcC95b3NoaW1pLXMvY2FiaW5ldC9jYXRlZ29yeS93YXJuaW5nX29rYXNoaS5qcGciID4KCjwhLS3jg6rjgqLlj5fjgZPjgZPjgYvjgoktLT4KPGJyPjxicj4KPGRpdiBzdHlsZT0id2lkdGg6NjE0cHg7IGJvcmRlcjoxcHggc29saWQgI0MyQzJDMjsgYmFja2dyb3VuZC1pbWFnZTp1cmwoJ2h0dHA6Ly93d3cucmFrdXRlbi5uZS5qcC9nb2xkL3lvc2hpbWktcy9hc3AvYm5yLmdpZicpOyBiYWNrZ3JvdW5kLXJlcGVhdDogcmVwZWF0OyIgYWxpZ249ImNlbnRlciI+CjxwIHN0eWxlPSJjb2xvcjojNDk2QzAwOyBmb250LXNpemU6MTdweDsgZm9udC1mYW1pbHk6J+ODkuODqeOCruODjuinkuOCtCBQcm8gVzMnLCAnSGlyYWdpbm8gS2FrdSBHb3RoaWMgUHJvJywgJ+ODoeOCpOODquOCqicsIE1laXJ5bywgT3Nha2EsICfvvK3vvLMg77yw44K044K344OD44KvJywgJ01TIFBHb3RoaWMnLCBzYW5zLXNlcmlmOyBmb250LXdlaWdodDpib2xkOyBtYXJnaW46MDsgbGluZS1oZWlnaHQ6NDBweDsgdGV4dC1hbGlnbjpsZWZ0OyBwYWRkaW5nLWxlZnQ6MTBweCI+44GU5rOo5paH44GC44KK44GM44Go44GG44GU44GW44GE44G+44GZPC9wPgo8L2Rpdj4KPGRpdiBzdHlsZT0id2lkdGg6NjE0cHg7IGhlaWdodDoyMjBweDsgb3ZlcmZsb3c6aGlkZGVuOyI+Cgo8L2Rpdj4KPCEtLeODquOCouWPl+OBk+OBk+OBvuOBpy0tPgoKPCEtLSDjgZPjgZPjgYvjgokg44Oq44Ki44Kz44OhIC0tPgo8ZGl2IHN0eWxlPSJ3aWR0aDo2MTRweDsgYm9yZGVyOjFweCBzb2xpZCAjQzJDMkMyOyBiYWNrZ3JvdW5kLWltYWdlOnVybCgnaHR0cDovL3d3dy5yYWt1dGVuLm5lLmpwL2dvbGQveW9zaGltaS1zL2FzcC9ibnIuZ2lmJyk7IGJhY2tncm91bmQtcmVwZWF0OiByZXBlYXQ7IiBhbGlnbj0iY2VudGVyIj4KICA8cCBzdHlsZT0iY29sb3I6IzQ5NkMwMDsgZm9udC1zaXplOjE3cHg7IGZvbnQtZmFtaWx5Oifjg5Ljg6njgq7jg47op5LjgrQgUHJvIFczJywgJ0hpcmFnaW5vIEtha3UgR290aGljIFBybycsICfjg6HjgqTjg6rjgqonLCBNZWlyeW8sIE9zYWthLCAn77yt77yzIO+8sOOCtOOCt+ODg+OCrycsICdNUyBQR290aGljJywgc2Fucy1zZXJpZjsgZm9udC13ZWlnaHQ6Ym9sZDsgbWFyZ2luOjA7IGxpbmUtaGVpZ2h0OjQwcHg7IHRleHQtYWxpZ246bGVmdDsgcGFkZGluZy1sZWZ0OjEwcHgiPuOBiuWuouanmOOBruWWnOOBs+OBruWjsDwvcD4KICA8ZGl2IHN0eWxlPSJiYWNrZ3JvdW5kOiNmZmY7IG1hcmdpbjowOyBwYWRkaW5nOjA7IGhlaWdodDoyODVweDsgb3ZlcmZsb3c6aGlkZGVuOyI+CjwvZGl2Pgo8L2Rpdj4KPCEtLSDjgZPjgZPjgb7jgacg44Oq44Ki44Kz44OhIC0tPg==,44OH44Kj44K644OL44O844OV44Kh44Oz44K344O8ICDmipjjgorjgZ/jgZ/jgb/lrpropo/jgJAxMuacrDHjgrvjg4Pjg4jjgJHjgJAx5pys44GC44Gf44KKOTXlhoYo56iO5YilKeOAkeOAkOiJsuafhOaMh+WumuS4jeWPr+OAkeKXhlsgMTVjbSAzMGNtIOethuiomOeUqOWFtyDnrYboqJjlhbcg5paH5YW3IOOCreODo+ODqeOCr+OCv+ODvCDjg4Tjg6Djg4Tjg6Ag44Kw44OD44K6IOWPl+mokyDoqabpqJMg5Lq65rCXIOWFpeWtpiDljZLmpa0g5a2Q5L6bIOeyl+WTgSDoqJjlv7Xlk4Eg44GK5qW944GX44G/5LyaIOODkeODvOODhuOCo+ODvCDlrZDkvpvkvJog56WtIOOCruODleODiCBd77ya5ZCJ6KaL5Ye654mI44CA44K744Os44Kv44OI44K344On44OD44OX,44OH44Kj44K644OL44O844OV44Kh44Oz44K344O8ICDmipjjgorjgZ/jgZ/jgb/lrpropo/jgJAxMuacrDHjgrvjg4Pjg4jjgJHjgJAx5pys44GC44Gf44KKOTXlhoYo56iO5YilKeOAkeOAkOiJsuafhOaMh+WumuS4jeWPr+OAkeKXhlsgMTVjbSAzMGNtIOethuiomOeUqOWFtyDnrYboqJjlhbcg5paH5YW3IOOCreODo+ODqeOCr+OCv+ODvCDjg4Tjg6Djg4Tjg6Ag44Kw44OD44K6IOWPl+mokyDoqabpqJMg5Lq65rCXIOWFpeWtpiDljZLmpa0g5a2Q5L6bIOeyl+WTgSDoqJjlv7Xlk4Eg44GK5qW944GX44G/5LyaIOODkeODvOODhuOCo+ODvCDlrZDkvpvkvJog56WtIOOCruODleODiCBd,44Kk44OZ44Oz44OI44KE6KGM5LqL44Gr5aSn5rS76LqN77yB44OX44Os44K844Oz44OI44Gr44KC5pyA6YGp44Gn44GZ4pmq44CC44OH44Kj44K644OL44O844OV44Kh44Oz44K344O8ICDmipjjgorjgZ/jgZ/jgb/lrpropo/jgJAxMuacrDHjgrvjg4Pjg4jjgJHjgJAx5pys44GC44Gf44KKOTXlhoYo56iO5YilKeOAkeOAkOiJsuafhOaMh+WumuS4jeWPr+OAkeKXhlsgMTVjbSAzMGNtIOethuiomOeUqOWFtyDnrYboqJjlhbcg5paH5YW3IOOCreODo+ODqeOCr+OCv+ODvCDjg4Tjg6Djg4Tjg6Ag44Kw44OD44K6IOWPl+mokyDoqabpqJMg5Lq65rCXIOWFpeWtpiDljZLmpa0g5a2Q5L6bIOeyl+WTgSDoqJjlv7Xlk4Eg44GK5qW944GX44G/5LyaIOODkeODvOODhuOCo+ODvCDlrZDkvpvkvJog56WtIOOCruODleODiCBd[rn]
31-2684,aHR0cDovL3RzaG9wLnIxMHMuanAveW9zaGltaS1zL2NhYmluZXQvc2hvaGluMDEvc2hvaGluX2UvZTExMDAwL2UxMTM1MC5qcGc/Zml0aW49NzAwOjcwMA==,ODU1LjIwMDA=,,5pel55So5ZOB6ZuR6LKo44O75paH5oi/5YW344O75omL6Iq4ID4g5paH5oi/5YW344O75LqL5YuZ55So5ZOBID4g6KO95Zuz55So5ZOBID4g5a6a6KaP,5pif44Gu546L5a2Q44GV44G+ICDmipjjgorjgZ/jgZ/jgb/lrpropo/jgJAxMOacrDHjgrvjg4Pjg4jjgJHjgJAx5pys44GC44Gf44KKOTnlhoYo56iO5YilKeOAkeOAkOiJsuafhOaMh+WumuS4jeWPr+OAkeKXhlsgMTVjbSAzMGNtIOWIhuW6puWZqCDnrYboqJjnlKjlhbcg562G6KiY5YW3IOaWh+WFtyDjgq3jg6Pjg6njgq/jgr/jg7wg5aWz44Gu5a2QIOOBi+OCj+OBhOOBhCDjgrDjg4Pjgrog5Y+X6aiTIOippumokyDkurrmsJcg5YWl5a2mIOWNkualrSDlrZDkvpsg57KX5ZOBIOiomOW/teWTgSDjgYrmpb3jgZfjgb/kvJog44OR44O844OG44Kj44O8IOWtkOS+m+S8miDnpa0g44Ku44OV44OIIF0=,44Kk44OZ44Oz44OI44KE6KGM5LqL44Gr5aSn5rS76LqN77yB44OX44Os44K844Oz44OI44Gr44KC5pyA6YGp44Gn44GZ4pmq,44CQ44K744OD44OI6LKp5aOy44CR44GT44Gh44KJ44Gu5ZWG5ZOB44GvMTDmnKwx44K744OD44OI44Gu44GK5YCk5q6144Gn44GZPHRhYmxlIHdpZHRoPSI2MDAiIGJnY29sb3I9IiNhN2M2N2EiIGNlbGxzcGFjaW5nPSIxIiBjZWxscGFkZGluZz0iMyI+PHRyPjx0aCBjb2xzcGFuPSIyIiBhbGlnbj0iY2VudGVyIiBiZ2NvbG9yPSIjYzNlOTljIj48Yj48Zm9udCBjb2xvcj0iIzMzMzMzMyI+5ZWG5ZOB6Kqs5piOPC9mb250PjwvYj48L3RoPjwvdHI+PHRyPjx0aCB3aWR0aD0iOTQiIGFsaWduPSJjZW50ZXIiIGJnY29sb3I9IiNjM2U5OWMiPjxmb250IHNpemU9IjIiIGNvbG9yPSIjMzMzMzMzIj7oibLmn4TmjIflrpo8L2ZvbnQ+PC90aD48dGQgd2lkdGg9IjQ5MSIgYmdjb2xvcj0iI2ZmZmZmZiI+PGZvbnQgc2l6ZT0iMiIgY29sb3I9IiMzMzMzMzMiPuS4jeWPrzwvZm9udD48L3RkPjwvdHI+PHRyPjx0aCB3aWR0aD0iOTQiIGFsaWduPSJjZW50ZXIiIGJnY29sb3I9IiNjM2U5OWMiPjxmb250IHNpemU9IjIiIGNvbG9yPSIjMzMzMzMzIj7jgrXjgqTjgro8L2ZvbnQ+PC90aD48dGQgd2lkdGg9IjQ5MSIgYmdjb2xvcj0iI2ZmZmZmZiI+PGZvbnQgc2l6ZT0iMiIgY29sb3I9IiMzMzMzMzMiPue0hDE3LjHDlzQuMsOXMC41Y208L2ZvbnQ+PC90ZD48L3RyPjx0cj48dGggd2lkdGg9Ijk0IiBhbGlnbj0iY2VudGVyIiBiZ2NvbG9yPSIjYzNlOTljIj48Zm9udCBzaXplPSIyIiBjb2xvcj0iIzMzMzMzMyI+5Li744Gq5LuV5qeYPC9mb250PjwvdGg+PHRkIHdpZHRoPSI0OTEiIGJnY29sb3I9IiNmZmZmZmYiPjxmb250IHNpemU9IjIiIGNvbG9yPSIjMzMzMzMzIj4xNWNt5a6a6KaP44CB6ZaL44GP44GoMzBjbeWumuimj+OBqOOBl+OBpuS9v+OBiOOBvuOBmTwvZm9udD48L3RkPjwvdHI+PHRyPjx0aCB3aWR0aD0iOTQiIGFsaWduPSJjZW50ZXIiIGJnY29sb3I9IiNjM2U5OWMiPjxmb250IHNpemU9IjIiIGNvbG9yPSIjMzMzMzMzIj7llYblk4HoqbPntLA8L2ZvbnQ+PC90aD48dGQgd2lkdGg9IjQ5MSIgYmdjb2xvcj0iI2ZmZmZmZiI+PGZvbnQgc2l6ZT0iMiIgY29sb3I9IiMzMzMzMzMiPueahuefpeOBo+OBpuOCi+erpeipseOAjOaYn+OBrueOi+WtkOOBleOBvuOAjeOBruaKmOOCiuOBn+OBn+OBv+Wumuimj+OBp+OBmSE8L2ZvbnQ+PC90ZD48L3RyPjwvdGFibGU+PCEtLQo8aW1nIHNyYz0iaHR0cDovL3d3dy5yYWt1dGVuLm5lLmpwL2dvbGQveW9zaGltaS1zL2ltZy95b3RlaV9zZWwucG5nIiB3aWR0aD0iNjE0cHgiPgo8YnI+PGJyPgotLT4KCjwhLS0KPGltZyBzcmM9Imh0dHA6Ly9pbWFnZS5yYWt1dGVuLmNvLmpwL3lvc2hpbWktcy9jYWJpbmV0L2NhdGVnb3J5L2hvbGlkYXlfMjAxNzA0LmdpZiIgd2lkdGg9IjYxNHB4IiBhbHQ9IumVt+acn+mAo+S8kSIgLz4KPGJyPgotLT4KCjxzdHlsZSB0eXBlPSJ0ZXh0L2NzcyI+CiNjb250YWluZXJ7IGJhY2tncm91bmQtY29sb3I6ICM1ZWI2MmY7IGJhY2tncm91bmQtaW1hZ2U6dXJsKGh0dHA6Ly93d3cucmFrdXRlbi5uZS5qcC9nb2xkL3lvc2hpbWktcy9pbWcvYmcucG5nKTsgYmFja2dyb3VuZC1yZXBlYXQ6cmVwZWF0LXg7fQo8L3N0eWxlPgoKPCEtLSDjgZPjgZPjgYvjgonjgIDos7zlhaXjg5zjgr/jg7PjgrXjgqTjgrrlpInmm7QgLS0+CjxzdHlsZSB0eXBlPSJ0ZXh0L2NzcyI+CgovKiDlgIvmlbDlhaXlipvmrITjga7lpKfjgY3jgZUgKi8KaW5wdXQjdW5pdHMgewpmb250LXNpemU6IDE1cHg7CnBhZGRpbmc6IDFweCAwcHg7Cn0KCi8qIOOBiuiyt+OBhOeJqeOBi+OBlOODnOOCv+ODs+OBruWkp+OBjeOBlSAqLwp0ZCA+IGlucHV0IHsKZm9udC1zaXplOiAxNXB4OwpwYWRkaW5nOjIwcHggNTBweDsKd2lkdGg6IGF1dG87Cn0KCi8qIOOAjOWVhuWTgeOBq+OBpOOBhOOBpuOBruWVj+OBhOWQiOOCj+OBm+OAjeODnOOCv+ODs+OBruWkp+OBjeOBlSovCmZvbnQgaW5wdXQgewpmb250LXNpemU6IDEycHg7CnBhZGRpbmc6MnB4Owp3aWR0aDogMTUwcHg7Cn0KCjwvc3R5bGU+CjwhLS0g44GT44GT44G+44Gn44CA6LO85YWl44Oc44K/44Oz44K144Kk44K65aSJ5pu0IC0tPgoKPCEtLSDjgqrjg6rjgrjjg4rjg6vllY/jgYTlkIjjgo/jgZvjg5zjgr/jg7MKLS0+CjxzdHlsZSB0eXBlPSJ0ZXh0L2NzcyI+Ci8q5ZWG5ZOB5ZWP5ZCI44KP44Gb44Oc44K/44OzKi8KI3Jha3V0ZW5MaW1pdGVkSWRfYXJvdW5kQ2FydCBpbnB1dFt2YWx1ZT0i5ZWG5ZOB44Gr44Gk44GE44Gm44Gu5ZWP5ZCI44KP44GbIl17CmJhY2tncm91bmQ6IHVybCgiaHR0cDovL2ltYWdlLnJha3V0ZW4uY28uanAveW9zaGltaS1zL2NhYmluZXQvY2F0ZWdvcnkvcWFuZGEuanBnIikgbGVmdCB0b3Agbm8tcmVwZWF0Owp3aWR0aDozMjBweDsKaGVpZ2h0OjE2MHB4Owp0ZXh0LWluZGVudDoxMDAlOwp3aGl0ZS1zcGFjZTpub3dyYXA7Cm92ZXJmbG93OmhpZGRlbjsKYm9yZGVyOiBub25lOwpwYWRkaW5nOjA7Cm1hcmdpbi10b3A6NXB4IDA7CmN1cnNvcjpwb2ludGVyOwp9Cjwvc3R5bGU+Cgo8aW1nIHNyYz0iaHR0cDovL2ltYWdlLnJha3V0ZW4uY28uanAveW9zaGltaS1zL2NhYmluZXQvY2F0ZWdvcnkvZS1jYXRhbG9nLmdpZiIgd2lkdGg9IjYxNHB4IiBhbHQ9Iumbu+WtkOOCq+OCv+ODreOCsCIgLz4KPGJyPgo8aW1nIHNyYz0iaHR0cDovL2ltYWdlLnJha3V0ZW4uY28uanAveW9zaGltaS1zL2NhYmluZXQvY2F0ZWdvcnkvd2FybmluZ19zZXQxLmpwZyIgPgo8QlI+CjxpbWcgc3JjPSJodHRwOi8vaW1hZ2UucmFrdXRlbi5jby5qcC95b3NoaW1pLXMvY2FiaW5ldC9jYXRlZ29yeS93YXJuaW5nX2lyb2dhcmEuanBnIiA+CjxCUj4KPGltZyBzcmM9Imh0dHA6Ly9pbWFnZS5yYWt1dGVuLmNvLmpwL3lvc2hpbWktcy9jYWJpbmV0L2NhdGVnb3J5L3dhcm5pbmdfb2thc2hpLmpwZyIgPgoKPCEtLeODquOCouWPl+OBk+OBk+OBi+OCiS0tPgo8YnI+PGJyPgo8ZGl2IHN0eWxlPSJ3aWR0aDo2MTRweDsgYm9yZGVyOjFweCBzb2xpZCAjQzJDMkMyOyBiYWNrZ3JvdW5kLWltYWdlOnVybCgnaHR0cDovL3d3dy5yYWt1dGVuLm5lLmpwL2dvbGQveW9zaGltaS1zL2FzcC9ibnIuZ2lmJyk7IGJhY2tncm91bmQtcmVwZWF0OiByZXBlYXQ7IiBhbGlnbj0iY2VudGVyIj4KPHAgc3R5bGU9ImNvbG9yOiM0OTZDMDA7IGZvbnQtc2l6ZToxN3B4OyBmb250LWZhbWlseTon44OS44Op44Ku44OO6KeS44K0IFBybyBXMycsICdIaXJhZ2lubyBLYWt1IEdvdGhpYyBQcm8nLCAn44Oh44Kk44Oq44KqJywgTWVpcnlvLCBPc2FrYSwgJ++8re+8syDvvLDjgrTjgrfjg4Pjgq8nLCAnTVMgUEdvdGhpYycsIHNhbnMtc2VyaWY7IGZvbnQtd2VpZ2h0OmJvbGQ7IG1hcmdpbjowOyBsaW5lLWhlaWdodDo0MHB4OyB0ZXh0LWFsaWduOmxlZnQ7IHBhZGRpbmctbGVmdDoxMHB4Ij7jgZTms6jmlofjgYLjgorjgYzjgajjgYbjgZTjgZbjgYTjgb7jgZk8L3A+CjwvZGl2Pgo8ZGl2IHN0eWxlPSJ3aWR0aDo2MTRweDsgaGVpZ2h0OjIyMHB4OyBvdmVyZmxvdzpoaWRkZW47Ij4KCjwvZGl2Pgo8IS0t44Oq44Ki5Y+X44GT44GT44G+44GnLS0+Cgo8IS0tIOOBk+OBk+OBi+OCiSDjg6rjgqLjgrPjg6EgLS0+CjxkaXYgc3R5bGU9IndpZHRoOjYxNHB4OyBib3JkZXI6MXB4IHNvbGlkICNDMkMyQzI7IGJhY2tncm91bmQtaW1hZ2U6dXJsKCdodHRwOi8vd3d3LnJha3V0ZW4ubmUuanAvZ29sZC95b3NoaW1pLXMvYXNwL2Juci5naWYnKTsgYmFja2dyb3VuZC1yZXBlYXQ6IHJlcGVhdDsiIGFsaWduPSJjZW50ZXIiPgogIDxwIHN0eWxlPSJjb2xvcjojNDk2QzAwOyBmb250LXNpemU6MTdweDsgZm9udC1mYW1pbHk6J+ODkuODqeOCruODjuinkuOCtCBQcm8gVzMnLCAnSGlyYWdpbm8gS2FrdSBHb3RoaWMgUHJvJywgJ+ODoeOCpOODquOCqicsIE1laXJ5bywgT3Nha2EsICfvvK3vvLMg77yw44K044K344OD44KvJywgJ01TIFBHb3RoaWMnLCBzYW5zLXNlcmlmOyBmb250LXdlaWdodDpib2xkOyBtYXJnaW46MDsgbGluZS1oZWlnaHQ6NDBweDsgdGV4dC1hbGlnbjpsZWZ0OyBwYWRkaW5nLWxlZnQ6MTBweCI+44GK5a6i5qeY44Gu5Zac44Gz44Gu5aOwPC9wPgogIDxkaXYgc3R5bGU9ImJhY2tncm91bmQ6I2ZmZjsgbWFyZ2luOjA7IHBhZGRpbmc6MDsgaGVpZ2h0OjI4NXB4OyBvdmVyZmxvdzpoaWRkZW47Ij4KPC9kaXY+CjwvZGl2Pgo8IS0tIOOBk+OBk+OBvuOBpyDjg6rjgqLjgrPjg6EgLS0+,5pif44Gu546L5a2Q44GV44G+ICDmipjjgorjgZ/jgZ/jgb/lrpropo/jgJAxMOacrDHjgrvjg4Pjg4jjgJHjgJAx5pys44GC44Gf44KKOTnlhoYo56iO5YilKeOAkeOAkOiJsuafhOaMh+WumuS4jeWPr+OAkeKXhlsgMTVjbSAzMGNtIOWIhuW6puWZqCDnrYboqJjnlKjlhbcg562G6KiY5YW3IOaWh+WFtyDjgq3jg6Pjg6njgq/jgr/jg7wg5aWz44Gu5a2QIOOBi+OCj+OBhOOBhCDjgrDjg4Pjgrog5Y+X6aiTIOippumokyDkurrmsJcg5YWl5a2mIOWNkualrSDlrZDkvpsg57KX5ZOBIOiomOW/teWTgSDjgYrmpb3jgZfjgb/kvJog44OR44O844OG44Kj44O8IOWtkOS+m+S8miDnpa0g44Ku44OV44OIIF3vvJrlkInopovlh7rniYjjgIDjgrvjg6zjgq/jg4jjgrfjg6fjg4Pjg5c=,5pif44Gu546L5a2Q44GV44G+ICDmipjjgorjgZ/jgZ/jgb/lrpropo/jgJAxMOacrDHjgrvjg4Pjg4jjgJHjgJAx5pys44GC44Gf44KKOTnlhoYo56iO5YilKeOAkeOAkOiJsuafhOaMh+WumuS4jeWPr+OAkeKXhlsgMTVjbSAzMGNtIOWIhuW6puWZqCDnrYboqJjnlKjlhbcg562G6KiY5YW3IOaWh+WFtyDjgq3jg6Pjg6njgq/jgr/jg7wg5aWz44Gu5a2QIOOBi+OCj+OBhOOBhCDjgrDjg4Pjgrog5Y+X6aiTIOippumokyDkurrmsJcg5YWl5a2mIOWNkualrSDlrZDkvpsg57KX5ZOBIOiomOW/teWTgSDjgYrmpb3jgZfjgb/kvJog44OR44O844OG44Kj44O8IOWtkOS+m+S8miDnpa0g44Ku44OV44OIIF0=,44Kk44OZ44Oz44OI44KE6KGM5LqL44Gr5aSn5rS76LqN77yB44OX44Os44K844Oz44OI44Gr44KC5pyA6YGp44Gn44GZ4pmq44CC5pif44Gu546L5a2Q44GV44G+ICDmipjjgorjgZ/jgZ/jgb/lrpropo/jgJAxMOacrDHjgrvjg4Pjg4jjgJHjgJAx5pys44GC44Gf44KKOTnlhoYo56iO5YilKeOAkeOAkOiJsuafhOaMh+WumuS4jeWPr+OAkeKXhlsgMTVjbSAzMGNtIOWIhuW6puWZqCDnrYboqJjnlKjlhbcg562G6KiY5YW3IOaWh+WFtyDjgq3jg6Pjg6njgq/jgr/jg7wg5aWz44Gu5a2QIOOBi+OCj+OBhOOBhCDjgrDjg4Pjgrog5Y+X6aiTIOippumokyDkurrmsJcg5YWl5a2mIOWNkualrSDlrZDkvpsg57KX5ZOBIOiomOW/teWTgSDjgYrmpb3jgZfjgb/kvJog44OR44O844OG44Kj44O8IOWtkOS+m+S8miDnpa0g44Ku44OV44OIIF0=[rn]
31-2685,aHR0cDovL3RzaG9wLnIxMHMuanAveW9zaGltaS1zL2NhYmluZXQvc2hvaGluMDEvc2hvaGluX2UvZTEwNTAwL2UxMDgzNi5qcGc/Zml0aW49NzAwOjcwMA==,NjIyLjQwMDA=,,5pel55So5ZOB6ZuR6LKo44O75paH5oi/5YW344O75omL6Iq4ID4g5paH5oi/5YW344O75LqL5YuZ55So5ZOBID4g6KO95Zuz55So5ZOBID4g5a6a6KaP,44K544OM44O844OU44O8IDMwY23lrpropo/jgJAxMuacrDHjgrvjg4Pjg4jjgJHjgJAx5pys44GC44Gf44KKNjDlhoYo56iO5YilKeOAkeOAkOiJsuafhOaMh+WumuS4jeWPr+OAkeKXhlsg562G6KiY55So5YW3IOethuiomOWFtyDmloflhbcg44Kt44Oj44Op44Kv44K/44O8IOOBi+OCj+OBhOOBhCDjgrDjg4Pjgrog5Y+X6aiTIOippumokyDkurrmsJcg5YWl5a2mIOWNkualrSDlrZDkvpsg57KX5ZOBIOiomOW/teWTgSDjgYrmpb3jgZfjgb/kvJog44OR44O844OG44Kj44O8IOWtkOS+m+S8miDnpa0g44Ku44OV44OIIF0=,5YWl5ZyS44O75YWl5a2m5rqW5YKZ44Gv44KC44Gh44KN44KT44CB5a2Q44Gp44KC5Lya44Gu5pmv5ZOB44Gr44KC44Kq44K544K544Oh77yB,44CQ44K744OD44OI6LKp5aOy44CR44GT44Gh44KJ44Gu5ZWG5ZOB44GvMTLmnKwx44K744OD44OI44Gu44GK5YCk5q6144Gn44GZPHRhYmxlIHdpZHRoPSI2MDAiIGJnY29sb3I9IiNhN2M2N2EiIGNlbGxzcGFjaW5nPSIxIiBjZWxscGFkZGluZz0iMyI+PHRyPjx0aCBjb2xzcGFuPSIyIiBhbGlnbj0iY2VudGVyIiBiZ2NvbG9yPSIjYzNlOTljIj48Yj48Zm9udCBjb2xvcj0iIzMzMzMzMyI+5ZWG5ZOB6Kqs5piOPC9mb250PjwvYj48L3RoPjwvdHI+PHRyPjx0aCB3aWR0aD0iOTQiIGFsaWduPSJjZW50ZXIiIGJnY29sb3I9IiNjM2U5OWMiPjxmb250IHNpemU9IjIiIGNvbG9yPSIjMzMzMzMzIj7oibLmn4TmjIflrpo8L2ZvbnQ+PC90aD48dGQgd2lkdGg9IjQ5MSIgYmdjb2xvcj0iI2ZmZmZmZiI+PGZvbnQgc2l6ZT0iMiIgY29sb3I9IiMzMzMzMzMiPuS4jeWPrzwvZm9udD48L3RkPjwvdHI+PHRyPjx0aCB3aWR0aD0iOTQiIGFsaWduPSJjZW50ZXIiIGJnY29sb3I9IiNjM2U5OWMiPjxmb250IHNpemU9IjIiIGNvbG9yPSIjMzMzMzMzIj7jgrXjgqTjgro8L2ZvbnQ+PC90aD48dGQgd2lkdGg9IjQ5MSIgYmdjb2xvcj0iI2ZmZmZmZiI+PGZvbnQgc2l6ZT0iMiIgY29sb3I9IiMzMzMzMzMiPue0hDMxLjXDlzMuN2NtPC9mb250PjwvdGQ+PC90cj48dHI+PHRoIHdpZHRoPSI5NCIgYWxpZ249ImNlbnRlciIgYmdjb2xvcj0iI2MzZTk5YyI+PGZvbnQgc2l6ZT0iMiIgY29sb3I9IiMzMzMzMzMiPuS4u+OBquS7leanmDwvZm9udD48L3RoPjx0ZCB3aWR0aD0iNDkxIiBiZ2NvbG9yPSIjZmZmZmZmIj48Zm9udCBzaXplPSIyIiBjb2xvcj0iIzMzMzMzMyI+LTwvZm9udD48L3RkPjwvdHI+PHRyPjx0aCB3aWR0aD0iOTQiIGFsaWduPSJjZW50ZXIiIGJnY29sb3I9IiNjM2U5OWMiPjxmb250IHNpemU9IjIiIGNvbG9yPSIjMzMzMzMzIj7llYblk4HoqbPntLA8L2ZvbnQ+PC90aD48dGQgd2lkdGg9IjQ5MSIgYmdjb2xvcj0iI2ZmZmZmZiI+PGZvbnQgc2l6ZT0iMiIgY29sb3I9IiMzMzMzMzMiPuWPr+aEm+OBhOOCueODjOODvOODlOODvOOBruOCreODo+ODqeOBruODl+ODquODs+ODiOWFpeOCiuWumuimj+OBp+OBmTwvZm9udD48L3RkPjwvdHI+PC90YWJsZT48IS0tCjxpbWcgc3JjPSJodHRwOi8vd3d3LnJha3V0ZW4ubmUuanAvZ29sZC95b3NoaW1pLXMvaW1nL3lvdGVpX3NlbC5wbmciIHdpZHRoPSI2MTRweCI+Cjxicj48YnI+Ci0tPgoKPCEtLQo8aW1nIHNyYz0iaHR0cDovL2ltYWdlLnJha3V0ZW4uY28uanAveW9zaGltaS1zL2NhYmluZXQvY2F0ZWdvcnkvaG9saWRheV8yMDE3MDQuZ2lmIiB3aWR0aD0iNjE0cHgiIGFsdD0i6ZW35pyf6YCj5LyRIiAvPgo8YnI+Ci0tPgoKPHN0eWxlIHR5cGU9InRleHQvY3NzIj4KI2NvbnRhaW5lcnsgYmFja2dyb3VuZC1jb2xvcjogIzVlYjYyZjsgYmFja2dyb3VuZC1pbWFnZTp1cmwoaHR0cDovL3d3dy5yYWt1dGVuLm5lLmpwL2dvbGQveW9zaGltaS1zL2ltZy9iZy5wbmcpOyBiYWNrZ3JvdW5kLXJlcGVhdDpyZXBlYXQteDt9Cjwvc3R5bGU+Cgo8IS0tIOOBk+OBk+OBi+OCieOAgOizvOWFpeODnOOCv+ODs+OCteOCpOOCuuWkieabtCAtLT4KPHN0eWxlIHR5cGU9InRleHQvY3NzIj4KCi8qIOWAi+aVsOWFpeWKm+ashOOBruWkp+OBjeOBlSAqLwppbnB1dCN1bml0cyB7CmZvbnQtc2l6ZTogMTVweDsKcGFkZGluZzogMXB4IDBweDsKfQoKLyog44GK6LK344GE54mp44GL44GU44Oc44K/44Oz44Gu5aSn44GN44GVICovCnRkID4gaW5wdXQgewpmb250LXNpemU6IDE1cHg7CnBhZGRpbmc6MjBweCA1MHB4Owp3aWR0aDogYXV0bzsKfQoKLyog44CM5ZWG5ZOB44Gr44Gk44GE44Gm44Gu5ZWP44GE5ZCI44KP44Gb44CN44Oc44K/44Oz44Gu5aSn44GN44GVKi8KZm9udCBpbnB1dCB7CmZvbnQtc2l6ZTogMTJweDsKcGFkZGluZzoycHg7CndpZHRoOiAxNTBweDsKfQoKPC9zdHlsZT4KPCEtLSDjgZPjgZPjgb7jgafjgIDos7zlhaXjg5zjgr/jg7PjgrXjgqTjgrrlpInmm7QgLS0+Cgo8IS0tIOOCquODquOCuOODiuODq+WVj+OBhOWQiOOCj+OBm+ODnOOCv+ODswotLT4KPHN0eWxlIHR5cGU9InRleHQvY3NzIj4KLyrllYblk4HllY/lkIjjgo/jgZvjg5zjgr/jg7MqLwojcmFrdXRlbkxpbWl0ZWRJZF9hcm91bmRDYXJ0IGlucHV0W3ZhbHVlPSLllYblk4HjgavjgaTjgYTjgabjga7llY/lkIjjgo/jgZsiXXsKYmFja2dyb3VuZDogdXJsKCJodHRwOi8vaW1hZ2UucmFrdXRlbi5jby5qcC95b3NoaW1pLXMvY2FiaW5ldC9jYXRlZ29yeS9xYW5kYS5qcGciKSBsZWZ0IHRvcCBuby1yZXBlYXQ7CndpZHRoOjMyMHB4OwpoZWlnaHQ6MTYwcHg7CnRleHQtaW5kZW50OjEwMCU7CndoaXRlLXNwYWNlOm5vd3JhcDsKb3ZlcmZsb3c6aGlkZGVuOwpib3JkZXI6IG5vbmU7CnBhZGRpbmc6MDsKbWFyZ2luLXRvcDo1cHggMDsKY3Vyc29yOnBvaW50ZXI7Cn0KPC9zdHlsZT4KCjxpbWcgc3JjPSJodHRwOi8vaW1hZ2UucmFrdXRlbi5jby5qcC95b3NoaW1pLXMvY2FiaW5ldC9jYXRlZ29yeS9lLWNhdGFsb2cuZ2lmIiB3aWR0aD0iNjE0cHgiIGFsdD0i6Zu75a2Q44Kr44K/44Ot44KwIiAvPgo8YnI+CjxpbWcgc3JjPSJodHRwOi8vaW1hZ2UucmFrdXRlbi5jby5qcC95b3NoaW1pLXMvY2FiaW5ldC9jYXRlZ29yeS93YXJuaW5nX3NldDEuanBnIiA+CjxCUj4KPGltZyBzcmM9Imh0dHA6Ly9pbWFnZS5yYWt1dGVuLmNvLmpwL3lvc2hpbWktcy9jYWJpbmV0L2NhdGVnb3J5L3dhcm5pbmdfaXJvZ2FyYS5qcGciID4KPEJSPgo8aW1nIHNyYz0iaHR0cDovL2ltYWdlLnJha3V0ZW4uY28uanAveW9zaGltaS1zL2NhYmluZXQvY2F0ZWdvcnkvd2FybmluZ19va2FzaGkuanBnIiA+Cgo8IS0t44Oq44Ki5Y+X44GT44GT44GL44KJLS0+Cjxicj48YnI+CjxkaXYgc3R5bGU9IndpZHRoOjYxNHB4OyBib3JkZXI6MXB4IHNvbGlkICNDMkMyQzI7IGJhY2tncm91bmQtaW1hZ2U6dXJsKCdodHRwOi8vd3d3LnJha3V0ZW4ubmUuanAvZ29sZC95b3NoaW1pLXMvYXNwL2Juci5naWYnKTsgYmFja2dyb3VuZC1yZXBlYXQ6IHJlcGVhdDsiIGFsaWduPSJjZW50ZXIiPgo8cCBzdHlsZT0iY29sb3I6IzQ5NkMwMDsgZm9udC1zaXplOjE3cHg7IGZvbnQtZmFtaWx5Oifjg5Ljg6njgq7jg47op5LjgrQgUHJvIFczJywgJ0hpcmFnaW5vIEtha3UgR290aGljIFBybycsICfjg6HjgqTjg6rjgqonLCBNZWlyeW8sIE9zYWthLCAn77yt77yzIO+8sOOCtOOCt+ODg+OCrycsICdNUyBQR290aGljJywgc2Fucy1zZXJpZjsgZm9udC13ZWlnaHQ6Ym9sZDsgbWFyZ2luOjA7IGxpbmUtaGVpZ2h0OjQwcHg7IHRleHQtYWxpZ246bGVmdDsgcGFkZGluZy1sZWZ0OjEwcHgiPuOBlOazqOaWh+OBguOCiuOBjOOBqOOBhuOBlOOBluOBhOOBvuOBmTwvcD4KPC9kaXY+CjxkaXYgc3R5bGU9IndpZHRoOjYxNHB4OyBoZWlnaHQ6MjIwcHg7IG92ZXJmbG93OmhpZGRlbjsiPgoKPC9kaXY+CjwhLS3jg6rjgqLlj5fjgZPjgZPjgb7jgactLT4KCjwhLS0g44GT44GT44GL44KJIOODquOCouOCs+ODoSAtLT4KPGRpdiBzdHlsZT0id2lkdGg6NjE0cHg7IGJvcmRlcjoxcHggc29saWQgI0MyQzJDMjsgYmFja2dyb3VuZC1pbWFnZTp1cmwoJ2h0dHA6Ly93d3cucmFrdXRlbi5uZS5qcC9nb2xkL3lvc2hpbWktcy9hc3AvYm5yLmdpZicpOyBiYWNrZ3JvdW5kLXJlcGVhdDogcmVwZWF0OyIgYWxpZ249ImNlbnRlciI+CiAgPHAgc3R5bGU9ImNvbG9yOiM0OTZDMDA7IGZvbnQtc2l6ZToxN3B4OyBmb250LWZhbWlseTon44OS44Op44Ku44OO6KeS44K0IFBybyBXMycsICdIaXJhZ2lubyBLYWt1IEdvdGhpYyBQcm8nLCAn44Oh44Kk44Oq44KqJywgTWVpcnlvLCBPc2FrYSwgJ++8re+8syDvvLDjgrTjgrfjg4Pjgq8nLCAnTVMgUEdvdGhpYycsIHNhbnMtc2VyaWY7IGZvbnQtd2VpZ2h0OmJvbGQ7IG1hcmdpbjowOyBsaW5lLWhlaWdodDo0MHB4OyB0ZXh0LWFsaWduOmxlZnQ7IHBhZGRpbmctbGVmdDoxMHB4Ij7jgYrlrqLmp5jjga7llpzjgbPjga7lo7A8L3A+CiAgPGRpdiBzdHlsZT0iYmFja2dyb3VuZDojZmZmOyBtYXJnaW46MDsgcGFkZGluZzowOyBoZWlnaHQ6Mjg1cHg7IG92ZXJmbG93OmhpZGRlbjsiPgo8L2Rpdj4KPC9kaXY+CjwhLS0g44GT44GT44G+44GnIOODquOCouOCs+ODoSAtLT4=,44K544OM44O844OU44O8IDMwY23lrpropo/jgJAxMuacrDHjgrvjg4Pjg4jjgJHjgJAx5pys44GC44Gf44KKNjDlhoYo56iO5YilKeOAkeOAkOiJsuafhOaMh+WumuS4jeWPr+OAkeKXhlsg562G6KiY55So5YW3IOethuiomOWFtyDmloflhbcg44Kt44Oj44Op44Kv44K/44O8IOOBi+OCj+OBhOOBhCDjgrDjg4Pjgrog5Y+X6aiTIOippumokyDkurrmsJcg5YWl5a2mIOWNkualrSDlrZDkvpsg57KX5ZOBIOiomOW/teWTgSDjgYrmpb3jgZfjgb/kvJog44OR44O844OG44Kj44O8IOWtkOS+m+S8miDnpa0g44Ku44OV44OIIF3vvJrlkInopovlh7rniYjjgIDjgrvjg6zjgq/jg4jjgrfjg6fjg4Pjg5c=,44K544OM44O844OU44O8IDMwY23lrpropo/jgJAxMuacrDHjgrvjg4Pjg4jjgJHjgJAx5pys44GC44Gf44KKNjDlhoYo56iO5YilKeOAkeOAkOiJsuafhOaMh+WumuS4jeWPr+OAkeKXhlsg562G6KiY55So5YW3IOethuiomOWFtyDmloflhbcg44Kt44Oj44Op44Kv44K/44O8IOOBi+OCj+OBhOOBhCDjgrDjg4Pjgrog5Y+X6aiTIOippumokyDkurrmsJcg5YWl5a2mIOWNkualrSDlrZDkvpsg57KX5ZOBIOiomOW/teWTgSDjgYrmpb3jgZfjgb/kvJog44OR44O844OG44Kj44O8IOWtkOS+m+S8miDnpa0g44Ku44OV44OIIF0=,5YWl5ZyS44O75YWl5a2m5rqW5YKZ44Gv44KC44Gh44KN44KT44CB5a2Q44Gp44KC5Lya44Gu5pmv5ZOB44Gr44KC44Kq44K544K544Oh77yB44CC44K544OM44O844OU44O8IDMwY23lrpropo/jgJAxMuacrDHjgrvjg4Pjg4jjgJHjgJAx5pys44GC44Gf44KKNjDlhoYo56iO5YilKeOAkeOAkOiJsuafhOaMh+WumuS4jeWPr+OAkeKXhlsg562G6KiY55So5YW3IOethuiomOWFtyDmloflhbcg44Kt44Oj44Op44Kv44K/44O8IOOBi+OCj+OBhOOBhCDjgrDjg4Pjgrog5Y+X6aiTIOippumokyDkurrmsJcg5YWl5a2mIOWNkualrSDlrZDkvpsg57KX5ZOBIOiomOW/teWTgSDjgYrmpb3jgZfjgb/kvJog44OR44O844OG44Kj44O8IOWtkOS+m+S8miDnpa0g44Ku44OV44OIIF0=[rn]
31-2686,aHR0cDovL3RzaG9wLnIxMHMuanAveW9zaGltaS1zL2NhYmluZXQvc2hvaGluMDEvc2hvaGluX2UvZTEwNTAwL2UxMDg1Ni5qcGc/Zml0aW49NzAwOjcwMA==,NzY4LjgwMDA=,,5pel55So5ZOB6ZuR6LKo44O75paH5oi/5YW344O75omL6Iq4ID4g5paH5oi/5YW344O75LqL5YuZ55So5ZOBID4g6KO95Zuz55So5ZOBID4g5a6a6KaP,44GK44GY44Gx44KTIOaKmOOCiuOBn+OBn+OBv+Wumuimj+OAkDEw5pysMeOCu+ODg+ODiOOAkeOAkDHmnKzjgYLjgZ/jgoo4OeWGhijnqI7liKUp44CR44CQ6Imy5p+E5oyH5a6a5LiN5Y+v44CR4peGWyAxNWNtIDMwY20g5YiG5bqm5ZmoIOethuiomOeUqOWFtyDnrYboqJjlhbcg5paH5YW3IOOCreODo+ODqeOCr+OCv+ODvCDlpbPjga7lrZAg44GL44KP44GE44GEIOOCsOODg+OCuiDlj5fpqJMg6Kmm6aiTIOS6uuawlyDlhaXlraYg5Y2S5qWtIOWtkOS+myDnspflk4Eg6KiY5b+15ZOBIOOBiualveOBl+OBv+S8miDjg5Hjg7zjg4bjgqPjg7wg5a2Q5L6b5LyaIOelrSDjgq7jg5Xjg4ggXQ==,5YWl5ZyS44O75YWl5a2m5rqW5YKZ44Gv44KC44Gh44KN44KT44CB5a2Q44Gp44KC5Lya44Gu5pmv5ZOB44Gr44KC44Kq44K544K544Oh77yB,44CQ44K744OD44OI6LKp5aOy44CR44GT44Gh44KJ44Gu5ZWG5ZOB44GvMTDmnKwx44K744OD44OI44Gu44GK5YCk5q6144Gn44GZPHRhYmxlIHdpZHRoPSI2MDAiIGJnY29sb3I9IiNhN2M2N2EiIGNlbGxzcGFjaW5nPSIxIiBjZWxscGFkZGluZz0iMyI+PHRyPjx0aCBjb2xzcGFuPSIyIiBhbGlnbj0iY2VudGVyIiBiZ2NvbG9yPSIjYzNlOTljIj48Yj48Zm9udCBjb2xvcj0iIzMzMzMzMyI+5ZWG5ZOB6Kqs5piOPC9mb250PjwvYj48L3RoPjwvdHI+PHRyPjx0aCB3aWR0aD0iOTQiIGFsaWduPSJjZW50ZXIiIGJnY29sb3I9IiNjM2U5OWMiPjxmb250IHNpemU9IjIiIGNvbG9yPSIjMzMzMzMzIj7oibLmn4TmjIflrpo8L2ZvbnQ+PC90aD48dGQgd2lkdGg9IjQ5MSIgYmdjb2xvcj0iI2ZmZmZmZiI+PGZvbnQgc2l6ZT0iMiIgY29sb3I9IiMzMzMzMzMiPuS4jeWPrzwvZm9udD48L3RkPjwvdHI+PHRyPjx0aCB3aWR0aD0iOTQiIGFsaWduPSJjZW50ZXIiIGJnY29sb3I9IiNjM2U5OWMiPjxmb250IHNpemU9IjIiIGNvbG9yPSIjMzMzMzMzIj7jgrXjgqTjgro8L2ZvbnQ+PC90aD48dGQgd2lkdGg9IjQ5MSIgYmdjb2xvcj0iI2ZmZmZmZiI+PGZvbnQgc2l6ZT0iMiIgY29sb3I9IiMzMzMzMzMiPue0hDE2LjPDlzMuNmNtPC9mb250PjwvdGQ+PC90cj48dHI+PHRoIHdpZHRoPSI5NCIgYWxpZ249ImNlbnRlciIgYmdjb2xvcj0iI2MzZTk5YyI+PGZvbnQgc2l6ZT0iMiIgY29sb3I9IiMzMzMzMzMiPuS4u+OBquS7leanmDwvZm9udD48L3RoPjx0ZCB3aWR0aD0iNDkxIiBiZ2NvbG9yPSIjZmZmZmZmIj48Zm9udCBzaXplPSIyIiBjb2xvcj0iIzMzMzMzMyI+5YiG5bqm5Zmo5LuYPC9mb250PjwvdGQ+PC90cj48dHI+PHRoIHdpZHRoPSI5NCIgYWxpZ249ImNlbnRlciIgYmdjb2xvcj0iI2MzZTk5YyI+PGZvbnQgc2l6ZT0iMiIgY29sb3I9IiMzMzMzMzMiPuWVhuWTgeips+e0sDwvZm9udD48L3RoPjx0ZCB3aWR0aD0iNDkxIiBiZ2NvbG9yPSIjZmZmZmZmIj48Zm9udCBzaXplPSIyIiBjb2xvcj0iIzMzMzMzMyI+44GK44GY44GV44KT44Gq44OR44Oz44OA44CM44GK44GY44Gx44KT44CN44Gu5a6a6KaP44Gn44GZIemWi+OBj+OBqDMwY23lrpropo/jgajjgZfjgabkvb/nlKjjgafjgY3jgb7jgZk8L2ZvbnQ+PC90ZD48L3RyPjwvdGFibGU+PCEtLQo8aW1nIHNyYz0iaHR0cDovL3d3dy5yYWt1dGVuLm5lLmpwL2dvbGQveW9zaGltaS1zL2ltZy95b3RlaV9zZWwucG5nIiB3aWR0aD0iNjE0cHgiPgo8YnI+PGJyPgotLT4KCjwhLS0KPGltZyBzcmM9Imh0dHA6Ly9pbWFnZS5yYWt1dGVuLmNvLmpwL3lvc2hpbWktcy9jYWJpbmV0L2NhdGVnb3J5L2hvbGlkYXlfMjAxNzA0LmdpZiIgd2lkdGg9IjYxNHB4IiBhbHQ9IumVt+acn+mAo+S8kSIgLz4KPGJyPgotLT4KCjxzdHlsZSB0eXBlPSJ0ZXh0L2NzcyI+CiNjb250YWluZXJ7IGJhY2tncm91bmQtY29sb3I6ICM1ZWI2MmY7IGJhY2tncm91bmQtaW1hZ2U6dXJsKGh0dHA6Ly93d3cucmFrdXRlbi5uZS5qcC9nb2xkL3lvc2hpbWktcy9pbWcvYmcucG5nKTsgYmFja2dyb3VuZC1yZXBlYXQ6cmVwZWF0LXg7fQo8L3N0eWxlPgoKPCEtLSDjgZPjgZPjgYvjgonjgIDos7zlhaXjg5zjgr/jg7PjgrXjgqTjgrrlpInmm7QgLS0+CjxzdHlsZSB0eXBlPSJ0ZXh0L2NzcyI+CgovKiDlgIvmlbDlhaXlipvmrITjga7lpKfjgY3jgZUgKi8KaW5wdXQjdW5pdHMgewpmb250LXNpemU6IDE1cHg7CnBhZGRpbmc6IDFweCAwcHg7Cn0KCi8qIOOBiuiyt+OBhOeJqeOBi+OBlOODnOOCv+ODs+OBruWkp+OBjeOBlSAqLwp0ZCA+IGlucHV0IHsKZm9udC1zaXplOiAxNXB4OwpwYWRkaW5nOjIwcHggNTBweDsKd2lkdGg6IGF1dG87Cn0KCi8qIOOAjOWVhuWTgeOBq+OBpOOBhOOBpuOBruWVj+OBhOWQiOOCj+OBm+OAjeODnOOCv+ODs+OBruWkp+OBjeOBlSovCmZvbnQgaW5wdXQgewpmb250LXNpemU6IDEycHg7CnBhZGRpbmc6MnB4Owp3aWR0aDogMTUwcHg7Cn0KCjwvc3R5bGU+CjwhLS0g44GT44GT44G+44Gn44CA6LO85YWl44Oc44K/44Oz44K144Kk44K65aSJ5pu0IC0tPgoKPCEtLSDjgqrjg6rjgrjjg4rjg6vllY/jgYTlkIjjgo/jgZvjg5zjgr/jg7MKLS0+CjxzdHlsZSB0eXBlPSJ0ZXh0L2NzcyI+Ci8q5ZWG5ZOB5ZWP5ZCI44KP44Gb44Oc44K/44OzKi8KI3Jha3V0ZW5MaW1pdGVkSWRfYXJvdW5kQ2FydCBpbnB1dFt2YWx1ZT0i5ZWG5ZOB44Gr44Gk44GE44Gm44Gu5ZWP5ZCI44KP44GbIl17CmJhY2tncm91bmQ6IHVybCgiaHR0cDovL2ltYWdlLnJha3V0ZW4uY28uanAveW9zaGltaS1zL2NhYmluZXQvY2F0ZWdvcnkvcWFuZGEuanBnIikgbGVmdCB0b3Agbm8tcmVwZWF0Owp3aWR0aDozMjBweDsKaGVpZ2h0OjE2MHB4Owp0ZXh0LWluZGVudDoxMDAlOwp3aGl0ZS1zcGFjZTpub3dyYXA7Cm92ZXJmbG93OmhpZGRlbjsKYm9yZGVyOiBub25lOwpwYWRkaW5nOjA7Cm1hcmdpbi10b3A6NXB4IDA7CmN1cnNvcjpwb2ludGVyOwp9Cjwvc3R5bGU+Cgo8aW1nIHNyYz0iaHR0cDovL2ltYWdlLnJha3V0ZW4uY28uanAveW9zaGltaS1zL2NhYmluZXQvY2F0ZWdvcnkvZS1jYXRhbG9nLmdpZiIgd2lkdGg9IjYxNHB4IiBhbHQ9Iumbu+WtkOOCq+OCv+ODreOCsCIgLz4KPGJyPgo8aW1nIHNyYz0iaHR0cDovL2ltYWdlLnJha3V0ZW4uY28uanAveW9zaGltaS1zL2NhYmluZXQvY2F0ZWdvcnkvd2FybmluZ19zZXQxLmpwZyIgPgo8QlI+CjxpbWcgc3JjPSJodHRwOi8vaW1hZ2UucmFrdXRlbi5jby5qcC95b3NoaW1pLXMvY2FiaW5ldC9jYXRlZ29yeS93YXJuaW5nX2lyb2dhcmEuanBnIiA+CjxCUj4KPGltZyBzcmM9Imh0dHA6Ly9pbWFnZS5yYWt1dGVuLmNvLmpwL3lvc2hpbWktcy9jYWJpbmV0L2NhdGVnb3J5L3dhcm5pbmdfb2thc2hpLmpwZyIgPgoKPCEtLeODquOCouWPl+OBk+OBk+OBi+OCiS0tPgo8YnI+PGJyPgo8ZGl2IHN0eWxlPSJ3aWR0aDo2MTRweDsgYm9yZGVyOjFweCBzb2xpZCAjQzJDMkMyOyBiYWNrZ3JvdW5kLWltYWdlOnVybCgnaHR0cDovL3d3dy5yYWt1dGVuLm5lLmpwL2dvbGQveW9zaGltaS1zL2FzcC9ibnIuZ2lmJyk7IGJhY2tncm91bmQtcmVwZWF0OiByZXBlYXQ7IiBhbGlnbj0iY2VudGVyIj4KPHAgc3R5bGU9ImNvbG9yOiM0OTZDMDA7IGZvbnQtc2l6ZToxN3B4OyBmb250LWZhbWlseTon44OS44Op44Ku44OO6KeS44K0IFBybyBXMycsICdIaXJhZ2lubyBLYWt1IEdvdGhpYyBQcm8nLCAn44Oh44Kk44Oq44KqJywgTWVpcnlvLCBPc2FrYSwgJ++8re+8syDvvLDjgrTjgrfjg4Pjgq8nLCAnTVMgUEdvdGhpYycsIHNhbnMtc2VyaWY7IGZvbnQtd2VpZ2h0OmJvbGQ7IG1hcmdpbjowOyBsaW5lLWhlaWdodDo0MHB4OyB0ZXh0LWFsaWduOmxlZnQ7IHBhZGRpbmctbGVmdDoxMHB4Ij7jgZTms6jmlofjgYLjgorjgYzjgajjgYbjgZTjgZbjgYTjgb7jgZk8L3A+CjwvZGl2Pgo8ZGl2IHN0eWxlPSJ3aWR0aDo2MTRweDsgaGVpZ2h0OjIyMHB4OyBvdmVyZmxvdzpoaWRkZW47Ij4KCjwvZGl2Pgo8IS0t44Oq44Ki5Y+X44GT44GT44G+44GnLS0+Cgo8IS0tIOOBk+OBk+OBi+OCiSDjg6rjgqLjgrPjg6EgLS0+CjxkaXYgc3R5bGU9IndpZHRoOjYxNHB4OyBib3JkZXI6MXB4IHNvbGlkICNDMkMyQzI7IGJhY2tncm91bmQtaW1hZ2U6dXJsKCdodHRwOi8vd3d3LnJha3V0ZW4ubmUuanAvZ29sZC95b3NoaW1pLXMvYXNwL2Juci5naWYnKTsgYmFja2dyb3VuZC1yZXBlYXQ6IHJlcGVhdDsiIGFsaWduPSJjZW50ZXIiPgogIDxwIHN0eWxlPSJjb2xvcjojNDk2QzAwOyBmb250LXNpemU6MTdweDsgZm9udC1mYW1pbHk6J+ODkuODqeOCruODjuinkuOCtCBQcm8gVzMnLCAnSGlyYWdpbm8gS2FrdSBHb3RoaWMgUHJvJywgJ+ODoeOCpOODquOCqicsIE1laXJ5bywgT3Nha2EsICfvvK3vvLMg77yw44K044K344OD44KvJywgJ01TIFBHb3RoaWMnLCBzYW5zLXNlcmlmOyBmb250LXdlaWdodDpib2xkOyBtYXJnaW46MDsgbGluZS1oZWlnaHQ6NDBweDsgdGV4dC1hbGlnbjpsZWZ0OyBwYWRkaW5nLWxlZnQ6MTBweCI+44GK5a6i5qeY44Gu5Zac44Gz44Gu5aOwPC9wPgogIDxkaXYgc3R5bGU9ImJhY2tncm91bmQ6I2ZmZjsgbWFyZ2luOjA7IHBhZGRpbmc6MDsgaGVpZ2h0OjI4NXB4OyBvdmVyZmxvdzpoaWRkZW47Ij4KPC9kaXY+CjwvZGl2Pgo8IS0tIOOBk+OBk+OBvuOBpyDjg6rjgqLjgrPjg6EgLS0+,44GK44GY44Gx44KTIOaKmOOCiuOBn+OBn+OBv+Wumuimj+OAkDEw5pysMeOCu+ODg+ODiOOAkeOAkDHmnKzjgYLjgZ/jgoo4OeWGhijnqI7liKUp44CR44CQ6Imy5p+E5oyH5a6a5LiN5Y+v44CR4peGWyAxNWNtIDMwY20g5YiG5bqm5ZmoIOethuiomOeUqOWFtyDnrYboqJjlhbcg5paH5YW3IOOCreODo+ODqeOCr+OCv+ODvCDlpbPjga7lrZAg44GL44KP44GE44GEIOOCsOODg+OCuiDlj5fpqJMg6Kmm6aiTIOS6uuawlyDlhaXlraYg5Y2S5qWtIOWtkOS+myDnspflk4Eg6KiY5b+15ZOBIOOBiualveOBl+OBv+S8miDjg5Hjg7zjg4bjgqPjg7wg5a2Q5L6b5LyaIOelrSDjgq7jg5Xjg4ggXe+8muWQieimi+WHuueJiOOAgOOCu+ODrOOCr+ODiOOCt+ODp+ODg+ODlw==,44GK44GY44Gx44KTIOaKmOOCiuOBn+OBn+OBv+Wumuimj+OAkDEw5pysMeOCu+ODg+ODiOOAkeOAkDHmnKzjgYLjgZ/jgoo4OeWGhijnqI7liKUp44CR44CQ6Imy5p+E5oyH5a6a5LiN5Y+v44CR4peGWyAxNWNtIDMwY20g5YiG5bqm5ZmoIOethuiomOeUqOWFtyDnrYboqJjlhbcg5paH5YW3IOOCreODo+ODqeOCr+OCv+ODvCDlpbPjga7lrZAg44GL44KP44GE44GEIOOCsOODg+OCuiDlj5fpqJMg6Kmm6aiTIOS6uuawlyDlhaXlraYg5Y2S5qWtIOWtkOS+myDnspflk4Eg6KiY5b+15ZOBIOOBiualveOBl+OBv+S8miDjg5Hjg7zjg4bjgqPjg7wg5a2Q5L6b5LyaIOelrSDjgq7jg5Xjg4ggXQ==,5YWl5ZyS44O75YWl5a2m5rqW5YKZ44Gv44KC44Gh44KN44KT44CB5a2Q44Gp44KC5Lya44Gu5pmv5ZOB44Gr44KC44Kq44K544K544Oh77yB44CC44GK44GY44Gx44KTIOaKmOOCiuOBn+OBn+OBv+Wumuimj+OAkDEw5pysMeOCu+ODg+ODiOOAkeOAkDHmnKzjgYLjgZ/jgoo4OeWGhijnqI7liKUp44CR44CQ6Imy5p+E5oyH5a6a5LiN5Y+v44CR4peGWyAxNWNtIDMwY20g5YiG5bqm5ZmoIOethuiomOeUqOWFtyDnrYboqJjlhbcg5paH5YW3IOOCreODo+ODqeOCr+OCv+ODvCDlpbPjga7lrZAg44GL44KP44GE44GEIOOCsOODg+OCuiDlj5fpqJMg6Kmm6aiTIOS6uuawlyDlhaXlraYg5Y2S5qWtIOWtkOS+myDnspflk4Eg6KiY5b+15ZOBIOOBiualveOBl+OBv+S8miDjg5Hjg7zjg4bjgqPjg7wg5a2Q5L6b5LyaIOelrSDjgq7jg5Xjg4ggXQ==[rn]
31-2687,aHR0cDovL3RzaG9wLnIxMHMuanAveW9zaGltaS1zL2NhYmluZXQvc2hvaGluMDEvc2hvaGluX2UvZTUwMDAvZTUxOTkuanBnP2ZpdGluPTcwMDo3MDA=,MTAyNi40MDAw,,5pel55So5ZOB6ZuR6LKo44O75paH5oi/5YW344O75omL6Iq4ID4g5paH5oi/5YW344O75LqL5YuZ55So5ZOBID4g6KO95Zuz55So5ZOBID4g5a6a6KaP,44K544Kv44O844Or5a6a6KaP44K744OD44OI44CQMTLjg7Yx44K744OD44OI44CR44CQMeODtuOBguOBn+OCijk55YaGKOeojuWIpSnjgJHjgJDoibLmn4TmjIflrprkuI3lj6/jgJHil4ZbIDE1Y20g5YiG5bqm5ZmoIOOCs+ODs+ODkeOCuSDkuInop5Ig5Y+X6aiTIOippumokyDkurrmsJcg5YWl5a2mIOWNkualrSDlrZDkvpsg57KX5ZOBIOiomOW/teWTgSDjgYrmpb3jgZfjgb/kvJog44OR44O844OG44Kj44O8IOWtkOS+m+S8miDnpa0g44Ku44OV44OIIF0=,5aG+44KE5a2m5qCh44Gu5YWI55Sf44Gr44KC44GK44GZ44GZ44KB77yB5YWl5a2m5rqW5YKZ44KE5a2Q44Gp44KC5Lya44Gu5pmv5ZOB44Gr4pmq,44CQ44K744OD44OI6LKp5aOy44CR44GT44Gh44KJ44Gu5ZWG5ZOB44GvMTLjg7Yx44K744OD44OI44Gu44GK5YCk5q6144Gn44GZPHRhYmxlIHdpZHRoPSI2MDAiIGJnY29sb3I9IiNhN2M2N2EiIGNlbGxzcGFjaW5nPSIxIiBjZWxscGFkZGluZz0iMyI+PHRyPjx0aCBjb2xzcGFuPSIyIiBhbGlnbj0iY2VudGVyIiBiZ2NvbG9yPSIjYzNlOTljIj48Yj48Zm9udCBjb2xvcj0iIzMzMzMzMyI+5ZWG5ZOB6Kqs5piOPC9mb250PjwvYj48L3RoPjwvdHI+PHRyPjx0aCB3aWR0aD0iOTQiIGFsaWduPSJjZW50ZXIiIGJnY29sb3I9IiNjM2U5OWMiPjxmb250IHNpemU9IjIiIGNvbG9yPSIjMzMzMzMzIj7oibLmn4TmjIflrpo8L2ZvbnQ+PC90aD48dGQgd2lkdGg9IjQ5MSIgYmdjb2xvcj0iI2ZmZmZmZiI+PGZvbnQgc2l6ZT0iMiIgY29sb3I9IiMzMzMzMzMiPuS4jeWPrzwvZm9udD48L3RkPjwvdHI+PHRyPjx0aCB3aWR0aD0iOTQiIGFsaWduPSJjZW50ZXIiIGJnY29sb3I9IiNjM2U5OWMiPjxmb250IHNpemU9IjIiIGNvbG9yPSIjMzMzMzMzIj7jgrXjgqTjgro8L2ZvbnQ+PC90aD48dGQgd2lkdGg9IjQ5MSIgYmdjb2xvcj0iI2ZmZmZmZiI+PGZvbnQgc2l6ZT0iMiIgY29sb3I9IiMzMzMzMzMiPue0hDIww5cxMMOXMi41Y208L2ZvbnQ+PC90ZD48L3RyPjx0cj48dGggd2lkdGg9Ijk0IiBhbGlnbj0iY2VudGVyIiBiZ2NvbG9yPSIjYzNlOTljIj48Zm9udCBzaXplPSIyIiBjb2xvcj0iIzMzMzMzMyI+5Li744Gq5LuV5qeYPC9mb250PjwvdGg+PHRkIHdpZHRoPSI0OTEiIGJnY29sb3I9IiNmZmZmZmYiPjxmb250IHNpemU9IjIiIGNvbG9yPSIjMzMzMzMzIj7kuInop5Llrpropo/vvJLmnKzjg7vliIbluqblmajjg7vnm7Tlrpropo/vvIgxNe+9g++9je+8ieODu+OCs+ODs+ODkeOCuea2iOOCtOODoOODu+mJm+ethuWJiuOCiuiJsuafhOOBr+WkieOCj+OCi+WgtOWQiOOBjOOBguOCiuOBvuOBmTwvZm9udD48L3RkPjwvdHI+PHRyPjx0aCB3aWR0aD0iOTQiIGFsaWduPSJjZW50ZXIiIGJnY29sb3I9IiNjM2U5OWMiPjxmb250IHNpemU9IjIiIGNvbG9yPSIjMzMzMzMzIj7llYblk4HoqbPntLA8L2ZvbnQ+PC90aD48dGQgd2lkdGg9IjQ5MSIgYmdjb2xvcj0iI2ZmZmZmZiI+PGZvbnQgc2l6ZT0iMiIgY29sb3I9IiMzMzMzMzMiPuOAkOi2heOBs+OBo+OBj+OCiuODl+ODqeOCpOOCue+8geOAkTxCUj7oibLjgIXlhaXjgaPjgZ/lrpropo/jgrvjg4Pjg4jjgafjgZnjgII8QlI+4oC744Kx44O844K56Imy44GM44OU44Oz44Kv44O76buE44O76Z2S44O757eR44GuPEJSPuOAgOWQhOiJsu+8k+WAi+OBmuOBpOOBruOCouOCveODvOODiOOBp+OBmTwvZm9udD48L3RkPjwvdHI+PC90YWJsZT48IS0tCjxpbWcgc3JjPSJodHRwOi8vd3d3LnJha3V0ZW4ubmUuanAvZ29sZC95b3NoaW1pLXMvaW1nL3lvdGVpX3NlbC5wbmciIHdpZHRoPSI2MTRweCI+Cjxicj48YnI+Ci0tPgoKPCEtLQo8aW1nIHNyYz0iaHR0cDovL2ltYWdlLnJha3V0ZW4uY28uanAveW9zaGltaS1zL2NhYmluZXQvY2F0ZWdvcnkvaG9saWRheV8yMDE3MDQuZ2lmIiB3aWR0aD0iNjE0cHgiIGFsdD0i6ZW35pyf6YCj5LyRIiAvPgo8YnI+Ci0tPgoKPHN0eWxlIHR5cGU9InRleHQvY3NzIj4KI2NvbnRhaW5lcnsgYmFja2dyb3VuZC1jb2xvcjogIzVlYjYyZjsgYmFja2dyb3VuZC1pbWFnZTp1cmwoaHR0cDovL3d3dy5yYWt1dGVuLm5lLmpwL2dvbGQveW9zaGltaS1zL2ltZy9iZy5wbmcpOyBiYWNrZ3JvdW5kLXJlcGVhdDpyZXBlYXQteDt9Cjwvc3R5bGU+Cgo8IS0tIOOBk+OBk+OBi+OCieOAgOizvOWFpeODnOOCv+ODs+OCteOCpOOCuuWkieabtCAtLT4KPHN0eWxlIHR5cGU9InRleHQvY3NzIj4KCi8qIOWAi+aVsOWFpeWKm+ashOOBruWkp+OBjeOBlSAqLwppbnB1dCN1bml0cyB7CmZvbnQtc2l6ZTogMTVweDsKcGFkZGluZzogMXB4IDBweDsKfQoKLyog44GK6LK344GE54mp44GL44GU44Oc44K/44Oz44Gu5aSn44GN44GVICovCnRkID4gaW5wdXQgewpmb250LXNpemU6IDE1cHg7CnBhZGRpbmc6MjBweCA1MHB4Owp3aWR0aDogYXV0bzsKfQoKLyog44CM5ZWG5ZOB44Gr44Gk44GE44Gm44Gu5ZWP44GE5ZCI44KP44Gb44CN44Oc44K/44Oz44Gu5aSn44GN44GVKi8KZm9udCBpbnB1dCB7CmZvbnQtc2l6ZTogMTJweDsKcGFkZGluZzoycHg7CndpZHRoOiAxNTBweDsKfQoKPC9zdHlsZT4KPCEtLSDjgZPjgZPjgb7jgafjgIDos7zlhaXjg5zjgr/jg7PjgrXjgqTjgrrlpInmm7QgLS0+Cgo8IS0tIOOCquODquOCuOODiuODq+WVj+OBhOWQiOOCj+OBm+ODnOOCv+ODswotLT4KPHN0eWxlIHR5cGU9InRleHQvY3NzIj4KLyrllYblk4HllY/lkIjjgo/jgZvjg5zjgr/jg7MqLwojcmFrdXRlbkxpbWl0ZWRJZF9hcm91bmRDYXJ0IGlucHV0W3ZhbHVlPSLllYblk4HjgavjgaTjgYTjgabjga7llY/lkIjjgo/jgZsiXXsKYmFja2dyb3VuZDogdXJsKCJodHRwOi8vaW1hZ2UucmFrdXRlbi5jby5qcC95b3NoaW1pLXMvY2FiaW5ldC9jYXRlZ29yeS9xYW5kYS5qcGciKSBsZWZ0IHRvcCBuby1yZXBlYXQ7CndpZHRoOjMyMHB4OwpoZWlnaHQ6MTYwcHg7CnRleHQtaW5kZW50OjEwMCU7CndoaXRlLXNwYWNlOm5vd3JhcDsKb3ZlcmZsb3c6aGlkZGVuOwpib3JkZXI6IG5vbmU7CnBhZGRpbmc6MDsKbWFyZ2luLXRvcDo1cHggMDsKY3Vyc29yOnBvaW50ZXI7Cn0KPC9zdHlsZT4KCjxpbWcgc3JjPSJodHRwOi8vaW1hZ2UucmFrdXRlbi5jby5qcC95b3NoaW1pLXMvY2FiaW5ldC9jYXRlZ29yeS9lLWNhdGFsb2cuZ2lmIiB3aWR0aD0iNjE0cHgiIGFsdD0i6Zu75a2Q44Kr44K/44Ot44KwIiAvPgo8YnI+CjxpbWcgc3JjPSJodHRwOi8vaW1hZ2UucmFrdXRlbi5jby5qcC95b3NoaW1pLXMvY2FiaW5ldC9jYXRlZ29yeS93YXJuaW5nX3NldDEuanBnIiA+CjxCUj4KPGltZyBzcmM9Imh0dHA6Ly9pbWFnZS5yYWt1dGVuLmNvLmpwL3lvc2hpbWktcy9jYWJpbmV0L2NhdGVnb3J5L3dhcm5pbmdfaXJvZ2FyYS5qcGciID4KPEJSPgo8aW1nIHNyYz0iaHR0cDovL2ltYWdlLnJha3V0ZW4uY28uanAveW9zaGltaS1zL2NhYmluZXQvY2F0ZWdvcnkvd2FybmluZ19va2FzaGkuanBnIiA+Cgo8IS0t44Oq44Ki5Y+X44GT44GT44GL44KJLS0+Cjxicj48YnI+CjxkaXYgc3R5bGU9IndpZHRoOjYxNHB4OyBib3JkZXI6MXB4IHNvbGlkICNDMkMyQzI7IGJhY2tncm91bmQtaW1hZ2U6dXJsKCdodHRwOi8vd3d3LnJha3V0ZW4ubmUuanAvZ29sZC95b3NoaW1pLXMvYXNwL2Juci5naWYnKTsgYmFja2dyb3VuZC1yZXBlYXQ6IHJlcGVhdDsiIGFsaWduPSJjZW50ZXIiPgo8cCBzdHlsZT0iY29sb3I6IzQ5NkMwMDsgZm9udC1zaXplOjE3cHg7IGZvbnQtZmFtaWx5Oifjg5Ljg6njgq7jg47op5LjgrQgUHJvIFczJywgJ0hpcmFnaW5vIEtha3UgR290aGljIFBybycsICfjg6HjgqTjg6rjgqonLCBNZWlyeW8sIE9zYWthLCAn77yt77yzIO+8sOOCtOOCt+ODg+OCrycsICdNUyBQR290aGljJywgc2Fucy1zZXJpZjsgZm9udC13ZWlnaHQ6Ym9sZDsgbWFyZ2luOjA7IGxpbmUtaGVpZ2h0OjQwcHg7IHRleHQtYWxpZ246bGVmdDsgcGFkZGluZy1sZWZ0OjEwcHgiPuOBlOazqOaWh+OBguOCiuOBjOOBqOOBhuOBlOOBluOBhOOBvuOBmTwvcD4KPC9kaXY+CjxkaXYgc3R5bGU9IndpZHRoOjYxNHB4OyBoZWlnaHQ6MjIwcHg7IG92ZXJmbG93OmhpZGRlbjsiPgoKPC9kaXY+CjwhLS3jg6rjgqLlj5fjgZPjgZPjgb7jgactLT4KCjwhLS0g44GT44GT44GL44KJIOODquOCouOCs+ODoSAtLT4KPGRpdiBzdHlsZT0id2lkdGg6NjE0cHg7IGJvcmRlcjoxcHggc29saWQgI0MyQzJDMjsgYmFja2dyb3VuZC1pbWFnZTp1cmwoJ2h0dHA6Ly93d3cucmFrdXRlbi5uZS5qcC9nb2xkL3lvc2hpbWktcy9hc3AvYm5yLmdpZicpOyBiYWNrZ3JvdW5kLXJlcGVhdDogcmVwZWF0OyIgYWxpZ249ImNlbnRlciI+CiAgPHAgc3R5bGU9ImNvbG9yOiM0OTZDMDA7IGZvbnQtc2l6ZToxN3B4OyBmb250LWZhbWlseTon44OS44Op44Ku44OO6KeS44K0IFBybyBXMycsICdIaXJhZ2lubyBLYWt1IEdvdGhpYyBQcm8nLCAn44Oh44Kk44Oq44KqJywgTWVpcnlvLCBPc2FrYSwgJ++8re+8syDvvLDjgrTjgrfjg4Pjgq8nLCAnTVMgUEdvdGhpYycsIHNhbnMtc2VyaWY7IGZvbnQtd2VpZ2h0OmJvbGQ7IG1hcmdpbjowOyBsaW5lLWhlaWdodDo0MHB4OyB0ZXh0LWFsaWduOmxlZnQ7IHBhZGRpbmctbGVmdDoxMHB4Ij7jgYrlrqLmp5jjga7llpzjgbPjga7lo7A8L3A+CiAgPGRpdiBzdHlsZT0iYmFja2dyb3VuZDojZmZmOyBtYXJnaW46MDsgcGFkZGluZzowOyBoZWlnaHQ6Mjg1cHg7IG92ZXJmbG93OmhpZGRlbjsiPgo8L2Rpdj4KPC9kaXY+CjwhLS0g44GT44GT44G+44GnIOODquOCouOCs+ODoSAtLT4=,44K544Kv44O844Or5a6a6KaP44K744OD44OI44CQMTLjg7Yx44K744OD44OI44CR44CQMeODtuOBguOBn+OCijk55YaGKOeojuWIpSnjgJHjgJDoibLmn4TmjIflrprkuI3lj6/jgJHil4ZbIDE1Y20g5YiG5bqm5ZmoIOOCs+ODs+ODkeOCuSDkuInop5Ig5Y+X6aiTIOippumokyDkurrmsJcg5YWl5a2mIOWNkualrSDlrZDkvpsg57KX5ZOBIOiomOW/teWTgSDjgYrmpb3jgZfjgb/kvJog44OR44O844OG44Kj44O8IOWtkOS+m+S8miDnpa0g44Ku44OV44OIIF3vvJrlkInopovlh7rniYjjgIDjgrvjg6zjgq/jg4jjgrfjg6fjg4Pjg5c=,44K544Kv44O844Or5a6a6KaP44K744OD44OI44CQMTLjg7Yx44K744OD44OI44CR44CQMeODtuOBguOBn+OCijk55YaGKOeojuWIpSnjgJHjgJDoibLmn4TmjIflrprkuI3lj6/jgJHil4ZbIDE1Y20g5YiG5bqm5ZmoIOOCs+ODs+ODkeOCuSDkuInop5Ig5Y+X6aiTIOippumokyDkurrmsJcg5YWl5a2mIOWNkualrSDlrZDkvpsg57KX5ZOBIOiomOW/teWTgSDjgYrmpb3jgZfjgb/kvJog44OR44O844OG44Kj44O8IOWtkOS+m+S8miDnpa0g44Ku44OV44OIIF0=,5aG+44KE5a2m5qCh44Gu5YWI55Sf44Gr44KC44GK44GZ44GZ44KB77yB5YWl5a2m5rqW5YKZ44KE5a2Q44Gp44KC5Lya44Gu5pmv5ZOB44Gr4pmq44CC44K544Kv44O844Or5a6a6KaP44K744OD44OI44CQMTLjg7Yx44K744OD44OI44CR44CQMeODtuOBguOBn+OCijk55YaGKOeojuWIpSnjgJHjgJDoibLmn4TmjIflrprkuI3lj6/jgJHil4ZbIDE1Y20g5YiG5bqm5ZmoIOOCs+ODs+ODkeOCuSDkuInop5Ig5Y+X6aiTIOippumokyDkurrmsJcg5YWl5a2mIOWNkualrSDlrZDkvpsg57KX5ZOBIOiomOW/teWTgSDjgYrmpb3jgZfjgb/kvJog44OR44O844OG44Kj44O8IOWtkOS+m+S8miDnpa0g44Ku44OV44OIIF0=[rn]
31-2688,aHR0cDovL3RzaG9wLnIxMHMuanAva3lzL2NhYmluZXQvZXNjbzAxL2VzY28yMDE0a3kxLmdpZj9maXRpbj03MDA6NzAw,NjA3LjIwMDA=,,6Iqx44O744Ks44O844OH44Oz44O7RElZID4gRElZ44O75bel5YW3ID4g6KiI5ris5bel5YW3ID4g44Oh44K444Oj44O844O75be75bC6,44Ko44K544KzIEVTQ08gRUE3MjBKUi0yIDEzbW14Mi4wbSDjg6Hjgrjjg6Pjg7wo44K544OB44O844Or44OG44O844OXL+eymOedgOS7mCk=,,PHRhYmxlIGJvcmRlcj0iMCI+PHRib2R5Pjx0cj48dGQgYmdjb2xvcj0iI2ZmZmY4MCI+PGI+5ZWG5ZOB6Kmz57Sw44Gr44Gk44GN44G+44GX44Gm44GvRVNDT+S+v+WIqeOCq+OCv+ODreOCsOOAgeOBvuOBn+OBr+agquW8j+S8muekvuOCqOOCueOCs+OBruOCteOCpOODiOOCkuOBlOeiuuiqjeS4i+OBleOBhOOAgjwvYj48L3RkPjwvdHI+PC90Ym9keT48L3RhYmxlPjxwPuOAkEVTQ0/jga7llYblk4Hjg5rjg7zjgrjjgavjgaTjgY3jgb7jgZfjgabjgJE8YnI+4peP44GT44Gh44KJ44GvRVNDT+S+v+WIqeOCq+OCv+ODreOCsOOCkuOBiuaMgeOBoeOBruODpuODvOOCtuODvOanmOWQkeOBkeOBq+azqOaWh+ODmuODvOOCuOOBqOOBl+OBpui8ieOBm+OBpuOBiuOCiuOAgeWVhuWTgeOBruS7leanmOODu+aAp+iDveOCkuOBiuS8neOBiOOBmeOCi+OCguOBruOBp+OBr+OBlOOBluOBhOOBvuOBm+OCk+OAguaBkOOCjOWFpeOCiuOBvuOBmeOBjOWVhuWTgeOBruips+e0sOOBq+OBpOOBjeOBvuOBl+OBpuOBr+OCq+OCv+ODreOCsOOAgeOCguOBl+OBj+OBr0VTQ0/jga53ZWLjgrXjgqTjg4jjgafjgZTnorroqo3jga7kuIrjgZTms6jmlofjgpLjgYrpoZjjgYTjgYTjgZ/jgZfjgb7jgZnjgII8YnI+4peP5aSn5Z6L5ZWG5ZOB44Gq44Gp44Oh44O844Kr44O855u06YCB5ZOB44Gv44CB5a6b5YWI44KS5b+F44Ga5rOV5Lq65qeY5ZCN576p77yI5Lya56S+5ZCN77yJ44Gn44GK6aGY44GE44GX44Gm44GK44KK44G+44GZ44CCPGJyPjxicj4g44CQ5rOo5oSP44CRPGJyPuKXj0VTQ0/jga7llYblk4Hjgavjga/jgIHku5bjg6Hjg7zjgqvjg7zoo73lk4Hjga7lj5bmibHjgYTjgoLjgZTjgZbjgYTjgb7jgZnjgILlupflhoXjgaflkIznrYnlk4HjgafjgoLkvqHmoLzjgYznlbDjgarjgaPjgabosqnlo7LjgZXjgozjgabjgYTjgovloLTlkIjjgYzjgZTjgZbjgYTjgb7jgZnjga7jgafjgIHjgYLjgonjgYvjgZjjgoHjgZTkuobmib/jgY/jgaDjgZXjgYTjgII8L3A+PCEtLTxwPjxpbWcgc3JjPSJodHRwOi8vaW1hZ2UucmFrdXRlbi5jby5qcC9reXMvY2FiaW5ldC9pbmRleC9yYWt1dGVuX3NzXzEwMTIuanBnIiBib3JkZXI9IjAiIGFsdD0i44Od44Kk44Oz44OI44Kt44Oj44Oz44Oa44O844OzIj48L3A+LS0+Cgo8cD4KPC9wPgoKPHA+CjwvcD4KCjwhLS0gPHA+PGltZyBzcmM9Imh0dHA6Ly9pbWFnZS5yYWt1dGVuLmNvLmpwL2t5cy9jYWJpbmV0L2xheW91dF9pbWcvbm90aWNlX2Jhbm5lci5qcGciIGJvcmRlcj0iMCIgYWx0PSLpgJrnn6UiIHN0eWxlPSJtYXJnaW4tYm90dG9tOjNweDsiPjwvcD4gLS0+Cgo8IS0tIOKWvOKWvOOAgOeGiuacrOWcsOmch+azqOaEj+abuOOBjeOAgOKWvOKWvCAtLT4KCjwhLS0gPGRpdj4KCjxociAvPgoKPGg0IGNsYXNzPSJ0dF9zZHRleHQiPueGiuacrOecjOOCkuS4reW/g+OBqOOBmeOCi+WcsOmch+OBq+OCiOOCi+mFjemAgeOBuOOBruW9semfv+OBq+OBpOOBhOOBpuOAgjwvaDQ+CjxwIGNsYXNzPSJzZHRleHRfdHh0Ij7lkITphY3pgIHmpa3ogIXjgavjgabkuZ3lt57lnLDmlrnjgbjjga7phY3pgZTkuI3lj6/lnLDln5/jgYznmbrnlJ/jgZfjgabjgYrjgorjgb7jgZnjgILlnLDln5/jga7oqbPntLDjga/lkITphY3pgIHmpa3ogIXjga7jgrXjgqTjg4jjgavjgabjgZTnorroqo3jgY/jgaDjgZXjgYTjgII8YnI+CjxzcGFuIGNsYXNzPSJyZWQiPumFjemBlOS4jeWPr+OBq+ipsuW9k+OBmeOCi+WcsOWfn+OBr+OAgeOBlOazqOaWh+mgguOBjeOBvuOBl+OBpuOCguOBiuWxiuOBkeOBp+OBjeOBvuOBm+OCk+OBruOBp+OBlOmBoOaFruS4i+OBleOBhOOAguS4h+OBjOS4gOOAgeWVhuWTgeeZuumAgeW+jOOBq+S4jeWPr+WcsOWfn+OBqOWIpOaYjuOBl+OBn+WgtOWQiOOBr+OBmeOBueOBpuOBruaJi+aVsOaWmeOCkuOBiuWuouanmOOBq+OBlOiyoOaLhemgguOBjeOBvuOBmeOAgjwvc3Bhbj48L3A+Cgo8aHIgLz4KCjwvZGl2PiAtLT4KCjwhLS0g4pay4pay44CA54aK5pys5Zyw6ZyH5rOo5oSP5pu444GN44CA4pay4payIC0tPgoKPCEtLSA177yF44Kv44O844Od44OzNOaciDE55pelMjM6NTkg44G+44GnIC0tPgoKPCEtLSA1JU9GRiAtLT4KPCEtLSA8c3R5bGU+Ci5jb3Vwb24ge21hcmdpbi10b3A6NXB4OyBtYXJnaW4tYm90dG9tOjVweDt9Cjwvc3R5bGU+CjxkaXYgY2xhc3M9ImNvdXBvbiI+CjxpbWcgc3JjPSJodHRwOi8vaW1hZ2UucmFrdXRlbi5jby5qcC9reXMvY2FiaW5ldC9pbmRleC9jb3Vwb25fYmFubmVyLmpwZyIgd2lkdGg9Ijc2MHB4IiAvPiAKCjwvZGl2PiAtLT4KPCEtLSDjgq/jg7zjg53jg7Pjg6rjg7Pjgq/jg5Djg4rjg7wgLS0+,44Ko44K544KzIEVTQ08gRUE3MjBKUi0yIDEzbW14Mi4wbSDjg6Hjgrjjg6Pjg7wo44K544OB44O844Or44OG44O844OXL+eymOedgOS7mCnvvJpLYW5hbW9ub1lhU2FuICDvvKvvvLnvvLM=,5bel5YW36Zu75YuV5bel5YW35L2c5qWt5bel5YW35qmf5qKw5bel5YW35aSn5bel44OR44OK44K944OL44OD44Kv5pel56uL44Oc44OD44K344Ol44Os44O844K244O86YeR54mp5YWF6Zu75bel5YW35ris5a6a44Kk44Oz44OR44Kv44OI44OJ44Op44Kk44OQ44K/44K544Kz44K444Oj44OR44Oz55yf56m644Od44Oz44OX56m66Kq/5bel5YW344Oe44Kt44K/S1lT44Ko44K544KzIEVTQ08gRUE3MjBKUi0yIDEzbW14Mi4wbSDjg6Hjgrjjg6Pjg7wo44K544OB44O844Or44OG44O844OXL+eymOedgOS7mCk=,44Ko44K544KzIEVTQ08gRUE3MjBKUi0yIDEzbW14Mi4wbSDjg6Hjgrjjg6Pjg7wo44K544OB44O844Or44OG44O844OXL+eymOedgOS7mCk=[rn]
31-2689,aHR0cDovL3RzaG9wLnIxMHMuanAva3lzL2NhYmluZXQvZXNjbzAxL2VzY28yMDE0a3kxLmdpZj9maXRpbj03MDA6NzAw,NDM3NS4yMDAw,,6Iqx44O744Ks44O844OH44Oz44O7RElZID4gRElZ44O75bel5YW3ID4g6KiI5ris5bel5YW3ID4g44Oh44K444Oj44O844O75be75bC6,44Ko44K544KzIEVTQ08gRUE3MjBKRi01NzUgMjVtbXg3LjVtIOODoeOCuOODo+ODvCjjgrnjg4bjg7Pjg6zjgrnoo70v44Ob44Or44OA44O85LuYKQ==,,PHRhYmxlIGJvcmRlcj0iMCI+PHRib2R5Pjx0cj48dGQgYmdjb2xvcj0iI2ZmZmY4MCI+PGI+5ZWG5ZOB6Kmz57Sw44Gr44Gk44GN44G+44GX44Gm44GvRVNDT+S+v+WIqeOCq+OCv+ODreOCsOOAgeOBvuOBn+OBr+agquW8j+S8muekvuOCqOOCueOCs+OBruOCteOCpOODiOOCkuOBlOeiuuiqjeS4i+OBleOBhOOAgjwvYj48L3RkPjwvdHI+PC90Ym9keT48L3RhYmxlPjxwPuOAkEVTQ0/jga7llYblk4Hjg5rjg7zjgrjjgavjgaTjgY3jgb7jgZfjgabjgJE8YnI+4peP44GT44Gh44KJ44GvRVNDT+S+v+WIqeOCq+OCv+ODreOCsOOCkuOBiuaMgeOBoeOBruODpuODvOOCtuODvOanmOWQkeOBkeOBq+azqOaWh+ODmuODvOOCuOOBqOOBl+OBpui8ieOBm+OBpuOBiuOCiuOAgeWVhuWTgeOBruS7leanmOODu+aAp+iDveOCkuOBiuS8neOBiOOBmeOCi+OCguOBruOBp+OBr+OBlOOBluOBhOOBvuOBm+OCk+OAguaBkOOCjOWFpeOCiuOBvuOBmeOBjOWVhuWTgeOBruips+e0sOOBq+OBpOOBjeOBvuOBl+OBpuOBr+OCq+OCv+ODreOCsOOAgeOCguOBl+OBj+OBr0VTQ0/jga53ZWLjgrXjgqTjg4jjgafjgZTnorroqo3jga7kuIrjgZTms6jmlofjgpLjgYrpoZjjgYTjgYTjgZ/jgZfjgb7jgZnjgII8YnI+4peP5aSn5Z6L5ZWG5ZOB44Gq44Gp44Oh44O844Kr44O855u06YCB5ZOB44Gv44CB5a6b5YWI44KS5b+F44Ga5rOV5Lq65qeY5ZCN576p77yI5Lya56S+5ZCN77yJ44Gn44GK6aGY44GE44GX44Gm44GK44KK44G+44GZ44CCPGJyPjxicj4g44CQ5rOo5oSP44CRPGJyPuKXj0VTQ0/jga7llYblk4Hjgavjga/jgIHku5bjg6Hjg7zjgqvjg7zoo73lk4Hjga7lj5bmibHjgYTjgoLjgZTjgZbjgYTjgb7jgZnjgILlupflhoXjgaflkIznrYnlk4HjgafjgoLkvqHmoLzjgYznlbDjgarjgaPjgabosqnlo7LjgZXjgozjgabjgYTjgovloLTlkIjjgYzjgZTjgZbjgYTjgb7jgZnjga7jgafjgIHjgYLjgonjgYvjgZjjgoHjgZTkuobmib/jgY/jgaDjgZXjgYTjgII8L3A+PCEtLTxwPjxpbWcgc3JjPSJodHRwOi8vaW1hZ2UucmFrdXRlbi5jby5qcC9reXMvY2FiaW5ldC9pbmRleC9yYWt1dGVuX3NzXzEwMTIuanBnIiBib3JkZXI9IjAiIGFsdD0i44Od44Kk44Oz44OI44Kt44Oj44Oz44Oa44O844OzIj48L3A+LS0+Cgo8cD4KPC9wPgoKPHA+CjwvcD4KCjwhLS0gPHA+PGltZyBzcmM9Imh0dHA6Ly9pbWFnZS5yYWt1dGVuLmNvLmpwL2t5cy9jYWJpbmV0L2xheW91dF9pbWcvbm90aWNlX2Jhbm5lci5qcGciIGJvcmRlcj0iMCIgYWx0PSLpgJrnn6UiIHN0eWxlPSJtYXJnaW4tYm90dG9tOjNweDsiPjwvcD4gLS0+Cgo8IS0tIOKWvOKWvOOAgOeGiuacrOWcsOmch+azqOaEj+abuOOBjeOAgOKWvOKWvCAtLT4KCjwhLS0gPGRpdj4KCjxociAvPgoKPGg0IGNsYXNzPSJ0dF9zZHRleHQiPueGiuacrOecjOOCkuS4reW/g+OBqOOBmeOCi+WcsOmch+OBq+OCiOOCi+mFjemAgeOBuOOBruW9semfv+OBq+OBpOOBhOOBpuOAgjwvaDQ+CjxwIGNsYXNzPSJzZHRleHRfdHh0Ij7lkITphY3pgIHmpa3ogIXjgavjgabkuZ3lt57lnLDmlrnjgbjjga7phY3pgZTkuI3lj6/lnLDln5/jgYznmbrnlJ/jgZfjgabjgYrjgorjgb7jgZnjgILlnLDln5/jga7oqbPntLDjga/lkITphY3pgIHmpa3ogIXjga7jgrXjgqTjg4jjgavjgabjgZTnorroqo3jgY/jgaDjgZXjgYTjgII8YnI+CjxzcGFuIGNsYXNzPSJyZWQiPumFjemBlOS4jeWPr+OBq+ipsuW9k+OBmeOCi+WcsOWfn+OBr+OAgeOBlOazqOaWh+mgguOBjeOBvuOBl+OBpuOCguOBiuWxiuOBkeOBp+OBjeOBvuOBm+OCk+OBruOBp+OBlOmBoOaFruS4i+OBleOBhOOAguS4h+OBjOS4gOOAgeWVhuWTgeeZuumAgeW+jOOBq+S4jeWPr+WcsOWfn+OBqOWIpOaYjuOBl+OBn+WgtOWQiOOBr+OBmeOBueOBpuOBruaJi+aVsOaWmeOCkuOBiuWuouanmOOBq+OBlOiyoOaLhemgguOBjeOBvuOBmeOAgjwvc3Bhbj48L3A+Cgo8aHIgLz4KCjwvZGl2PiAtLT4KCjwhLS0g4pay4pay44CA54aK5pys5Zyw6ZyH5rOo5oSP5pu444GN44CA4pay4payIC0tPgoKPCEtLSA177yF44Kv44O844Od44OzNOaciDE55pelMjM6NTkg44G+44GnIC0tPgoKPCEtLSA1JU9GRiAtLT4KPCEtLSA8c3R5bGU+Ci5jb3Vwb24ge21hcmdpbi10b3A6NXB4OyBtYXJnaW4tYm90dG9tOjVweDt9Cjwvc3R5bGU+CjxkaXYgY2xhc3M9ImNvdXBvbiI+CjxpbWcgc3JjPSJodHRwOi8vaW1hZ2UucmFrdXRlbi5jby5qcC9reXMvY2FiaW5ldC9pbmRleC9jb3Vwb25fYmFubmVyLmpwZyIgd2lkdGg9Ijc2MHB4IiAvPiAKCjwvZGl2PiAtLT4KPCEtLSDjgq/jg7zjg53jg7Pjg6rjg7Pjgq/jg5Djg4rjg7wgLS0+,44Ko44K544KzIEVTQ08gRUE3MjBKRi01NzUgMjVtbXg3LjVtIOODoeOCuOODo+ODvCjjgrnjg4bjg7Pjg6zjgrnoo70v44Ob44Or44OA44O85LuYKe+8mkthbmFtb25vWWFTYW4gIO+8q++8ue+8sw==,5bel5YW36Zu75YuV5bel5YW35L2c5qWt5bel5YW35qmf5qKw5bel5YW35aSn5bel44OR44OK44K944OL44OD44Kv5pel56uL44Oc44OD44K344Ol44Os44O844K244O86YeR54mp5YWF6Zu75bel5YW35ris5a6a44Kk44Oz44OR44Kv44OI44OJ44Op44Kk44OQ44K/44K544Kz44K444Oj44OR44Oz55yf56m644Od44Oz44OX56m66Kq/5bel5YW344Oe44Kt44K/S1lT44Ko44K544KzIEVTQ08gRUE3MjBKRi01NzUgMjVtbXg3LjVtIOODoeOCuOODo+ODvCjjgrnjg4bjg7Pjg6zjgrnoo70v44Ob44Or44OA44O85LuYKQ==,44Ko44K544KzIEVTQ08gRUE3MjBKRi01NzUgMjVtbXg3LjVtIOODoeOCuOODo+ODvCjjgrnjg4bjg7Pjg6zjgrnoo70v44Ob44Or44OA44O85LuYKQ==[rn]
31-2690,aHR0cDovL3RzaG9wLnIxMHMuanAva2ctbWFpZG8vY2FiaW5ldC9ib3NjaDAxL2J0MTUwLmpwZz9maXRpbj03MDA6NzAw,NDkyOC4wMDAw,,6Iqx44O744Ks44O844OH44Oz44O7RElZID4gRElZ44O75bel5YW3ID4g6KiI5ris5bel5YW3ID4g44Oh44K444Oj44O844O75be75bC6,44CQ44Kk44OB44Kq44K344CR44Oc44OD44K344OlIEJPU0NIIEJUMTUwIOODrOODvOOCtuODvOi3nembouioiOeUqCDou73ph4/jgqLjg6vjg5/kuInohJogKOawl+azoeeuoeS7mOOBjSk=,44Kq44OX44K344On44OzIOS6pOaPm+eUqCDpg6jlk4Eg44Os44O844K244O8IOi3nembouioiCDot53pm6Ig5ris5a6aIOa4rOmHjyDoqIjmuKw=,PCEtLSBISVQjI1MgLS0+PHA+44CQ44Oh44O844Kr44O844CRPGJyPgril4/jg5zjg4Pjgrfjg6XvvIjmoKrvvIk8YnI+Cjxicj4K44CQ54m56ZW344CRPGJyPgril481Mu+9njE0N2Nt44G+44Gn44Gu44Os44OZ44Or6auY44Gu6Kq/5pW044GM5Y+v6IO9PGJyPgril4/ou73ph48xLjBrZ+OBoOOBi+OCieaMgeOBoemBi+OBs+OCguODqeOCr+ODqeOCrzxicj4K4peP44Kv44Kk44OD44Kv44K344Ol44O85LuYM+OCpuOCp+OCpOmbsuWPsOijheWCmTxicj4KPGJyPgrjgJDku5Xmp5jjgJE8YnI+CuKXj+ODrOODmeODq+mrmOiqv+aVtOW5he+8mjUyMO+9njE0NzBtbTxicj4K4peP5Y+W5LuY44Gt44GY5b6EKOOCpOODs+ODgSk6MS8044Kk44Oz44OBPGJyPgril4/lj5bku5jlj6/og73mqZ/nqK46R0xNMTUw5Z6L44CBR0xNMjUwVkblnovjgIFETEU0MOWei+OAgURMRTcw5Z6L44CBRExFNTDlnovjgIFETEUxNTDlnovjgIEoQkw0MFZIUuWeiyk8YnI+Cjxicj4K44CQ5p2Q6LOq44O75LuV5LiK44GS44CRPGJyPgril4/jgqLjg6vjg5/lkIjph5E8YnI+Cjxicj4K44CQ6LOq6YeP44CRPGJyPgril48xS0c8L3A+PCEtLSBISVQjI0UgLS0+PCEtLSBISVQjI1MgLS0+PCEtLSBISVQjI0UgLS0+PCEtLSBISVQjI1MgLS0+PCEtLSBISVQjI0tBTlJFTiNTVEFSVCAtLT48IS0tIEBAQEBCTUgtMDYwU1IgQk1ILTA2NVNSIEJNSC0wNzdTUiBCTy1QQ0QxMiBCTy1QQ0QxMyBDS1ItMTAgQ0tSLTEwS0wgQ0stU0RTMTMgRENTLTEwMFBQTiBEQ1ctMTAwUFBOQEBAQCAtLT4KCjxCUj48QlI+PEI+PEZPTlQgY29sb3I9IiMzMzMzMzMiPuOAkOmWoumAo+WVhuWTgeOAkTwvRk9OVD48L0I+Cgo8YnI+Cgo8VEFCTEUgYm9yZGVyPSIwIiBiZ2NvbG9yPSIjZTVlNWU1Ij4KCjxUUj4KCjxURCBhbGlnbj0iY2VudGVyIiB2YWxpZ249InRvcCIgd2lkdGg9IjE0MCI+PEZPTlQgc2l6ZT0iMSI+CgoKCjxJTUcgU1JDPSJodHRwOi8vaW1hZ2UucmFrdXRlbi5jby5qcC9rZy1tYWlkby9jYWJpbmV0L2Jvc2NoMDEvYm1oLXNyLmpwZyIgQUxUPSJCTUgtMDYwU1IiIEJPUkRFUj0iMCIgV0lEVEg9IjEwMCI+Cgo8QlI+CgoKCjxGT05UIENPTE9SPSIjMzMzMzMzIj4KCuODnOODg+OCt+ODpSBCT1NDSCDpm7vmsJfjg4njg6rjg6vnlKjjgrnjg4jjg6zjg7zjg4jjgrfjg6Pjg7Pjgq8oNjBtbc+GKSBCTUgtMDYwU1IKCjwvRk9OVD4KCjxCUj4KCjwvVEQ+Cgo8VEQgYWxpZ249ImNlbnRlciIgdmFsaWduPSJ0b3AiIHdpZHRoPSIxNDAiPjxGT05UIHNpemU9IjEiPgoKCgo8SU1HIFNSQz0iaHR0cDovL2ltYWdlLnJha3V0ZW4uY28uanAva2ctbWFpZG8vY2FiaW5ldC9ib3NjaDAxL2JtaC1zci5qcGciIEFMVD0iQk1ILTA2NVNSIiBCT1JERVI9IjAiIFdJRFRIPSIxMDAiPgoKPEJSPgoKCgo8Rk9OVCBDT0xPUj0iIzMzMzMzMyI+Cgrjg5zjg4Pjgrfjg6UgQk9TQ0gg6Zu75rCX44OJ44Oq44Or55So44K544OI44Os44O844OI44K344Oj44Oz44KvKDY1bW3PhikgQk1ILTA2NVNSCgo8L0ZPTlQ+Cgo8QlI+Cgo8L1REPgoKPFREIGFsaWduPSJjZW50ZXIiIHZhbGlnbj0idG9wIiB3aWR0aD0iMTQwIj48Rk9OVCBzaXplPSIxIj4KCgoKPElNRyBTUkM9Imh0dHA6Ly9pbWFnZS5yYWt1dGVuLmNvLmpwL2tnLW1haWRvL2NhYmluZXQvYm9zY2gwMS9ibWgtc3IuanBnIiBBTFQ9IkJNSC0wNzdTUiIgQk9SREVSPSIwIiBXSURUSD0iMTAwIj4KCjxCUj4KCgoKPEZPTlQgQ09MT1I9IiMzMzMzMzMiPgoK44Oc44OD44K344OlIEJPU0NIIOmbu+awl+ODieODquODq+eUqOOCueODiOODrOODvOODiOOCt+ODo+ODs+OCryg3N21tz4YpIEJNSC0wNzdTUgoKPC9GT05UPgoKPEJSPgoKPC9URD4KCjxURCBhbGlnbj0iY2VudGVyIiB2YWxpZ249InRvcCIgd2lkdGg9IjE0MCI+PEZPTlQgc2l6ZT0iMSI+CgoKCjxJTUcgU1JDPSJodHRwOi8vaW1hZ2UucmFrdXRlbi5jby5qcC9rZy1tYWlkby9jYWJpbmV0L2Jvc2NoMDEvcGNkMTIuanBnIiBBTFQ9IkJPLVBDRDEyIiBCT1JERVI9IjAiIFdJRFRIPSIxMDAiPgoKPEJSPgoKCgo8Rk9OVCBDT0xPUj0iIzMzMzMzMyI+Cgrjg5zjg4Pjgrfjg6UgQk9TQ0gg6LaF56Gs5rex56m044Ob44O844Or44K944O855So44K744Oz44K/44O844OJ44Oq44OrIEJPLVBDRDEyCgo8L0ZPTlQ+Cgo8QlI+Cgo8L1REPgoKPFREIGFsaWduPSJjZW50ZXIiIHZhbGlnbj0idG9wIiB3aWR0aD0iMTQwIj48Rk9OVCBzaXplPSIxIj4KCgoKPElNRyBTUkM9Imh0dHA6Ly9pbWFnZS5yYWt1dGVuLmNvLmpwL2tnLW1haWRvL2NhYmluZXQvYm9zY2gwMS9wY2QxMy5qcGciIEFMVD0iQk8tUENEMTMiIEJPUkRFUj0iMCIgV0lEVEg9IjEwMCI+Cgo8QlI+CgoKCjxGT05UIENPTE9SPSIjMzMzMzMzIj4KCuODnOODg+OCt+ODpSBCT1NDSCDotoXnoazmt7HnqbTjg5vjg7zjg6vjgr3jg7znlKjjgrvjg7Pjgr/jg7zjg4njg6rjg6sgQk8tUENEMTMKCjwvRk9OVD4KCjxCUj4KCjwvVEQ+Cgo8L1RSPgoKPFRSPgoKPFREIGFsaWduPSJjZW50ZXIiIHZhbGlnbj0idG9wIiB3aWR0aD0iMTQwIj48Rk9OVCBzaXplPSIxIj4KCgoKPElNRyBTUkM9Imh0dHA6Ly9pbWFnZS5yYWt1dGVuLmNvLmpwL2tnLW1haWRvL2NhYmluZXQvYm9zY2gwMS9ja3ItMTAuanBnIiBBTFQ9IkNLUi0xMCIgQk9SREVSPSIwIiBXSURUSD0iMTAwIj4KCjxCUj4KCgoKPEZPTlQgQ09MT1I9IiMzMzMzMzMiPgoK44Oc44OD44K344OlIEJPU0NIIOODieODquODq+ODgeODo+ODg+OCr+OCouODgOODl+OCv+ODvCjjg4Hjg6Pjg4Pjgq/jg4/jg7Pjg4njg6vku5gpIENLUi0xMAoKPC9GT05UPgoKPEJSPgoKPC9URD4KCjxURCBhbGlnbj0iY2VudGVyIiB2YWxpZ249InRvcCIgd2lkdGg9IjE0MCI+PEZPTlQgc2l6ZT0iMSI+CgoKCjxJTUcgU1JDPSJodHRwOi8vaW1hZ2UucmFrdXRlbi5jby5qcC9rZy1tYWlkby9jYWJpbmV0L2Jvc2NoMDEvY2tyLTEwa2wuanBnIiBBTFQ9IkNLUi0xMEtMIiBCT1JERVI9IjAiIFdJRFRIPSIxMDAiPgoKPEJSPgoKCgo8Rk9OVCBDT0xPUj0iIzMzMzMzMyI+Cgrjg5zjg4Pjgrfjg6UgQk9TQ0gg44OJ44Oq44Or44OB44Oj44OD44Kv44Ki44OA44OX44K/44O8KOOCreODvOODrOOCueODgeODo+ODg+OCrylDS1ItMTBLTAoKPC9GT05UPgoKPEJSPgoKPC9URD4KCjxURCBhbGlnbj0iY2VudGVyIiB2YWxpZ249InRvcCIgd2lkdGg9IjE0MCI+PEZPTlQgc2l6ZT0iMSI+CgoKCjxJTUcgU1JDPSJodHRwOi8vaW1hZ2UucmFrdXRlbi5jby5qcC9rZy1tYWlkby9jYWJpbmV0L2Jvc2NoMDEvY2stc2RzMTMuanBnIiBBTFQ9IkNLLVNEUzEzIiBCT1JERVI9IjAiIFdJRFRIPSIxMDAiPgoKPEJSPgoKCgo8Rk9OVCBDT0xPUj0iIzMzMzMzMyI+Cgrjg5zjg4Pjgrfjg6UgQk9TQ0ggU0RT5Zue6Lui44OB44Oj44OD44Kv44K744OD44OIKOWbnui7ouWwgueUqClDSy1TRFMxMwoKPC9GT05UPgoKPEJSPgoKPC9URD4KCjxURCBhbGlnbj0iY2VudGVyIiB2YWxpZ249InRvcCIgd2lkdGg9IjE0MCI+PEZPTlQgc2l6ZT0iMSI+CgoKCjxJTUcgU1JDPSJodHRwOi8vaW1hZ2UucmFrdXRlbi5jby5qcC9rZy1tYWlkby9jYWJpbmV0L2Jvc2NoMDEvZGNzLTEwMHBwbi5qcGciIEFMVD0iRENTLTEwMFBQTiIgQk9SREVSPSIwIiBXSURUSD0iMTAwIj4KCjxCUj4KCgoKPEZPTlQgQ09MT1I9IiMzMzMzMzMiPgoK44Oc44OD44K344OlIEJPU0NIIOODgOOCpOODpOODouODs+ODieOCq+ODg+ODl+ODm+OCpOODvOODqyjjgrfjg7PjgrDjg6spMTAwbW0gRENTLTEwMFBQTgoKPC9GT05UPgoKPEJSPgoKPC9URD4KCjxURCBhbGlnbj0iY2VudGVyIiB2YWxpZ249InRvcCIgd2lkdGg9IjE0MCI+PEZPTlQgc2l6ZT0iMSI+CgoKCjxJTUcgU1JDPSJodHRwOi8vaW1hZ2UucmFrdXRlbi5jby5qcC9rZy1tYWlkby9jYWJpbmV0L2Jvc2NoMDEvZGN3LTEwMHBwbi5qcGciIEFMVD0iRENXLTEwMFBQTiIgQk9SREVSPSIwIiBXSURUSD0iMTAwIj4KCjxCUj4KCgoKPEZPTlQgQ09MT1I9IiMzMzMzMzMiPgoK44Oc44OD44K344OlIEJPU0NIIOODgOOCpOODpOODouODs+ODieOCq+ODg+ODl+ODm+OCpOODvOODqyjjg4Djg5bjg6spMTAwbW0gRENXLTEwMFBQTgoKPC9GT05UPgoKPEJSPgoKPC9URD4KCjwvVFI+Cgo8L1RBQkxFPgoKPCEtLSBISVQjI0tBTlJFTiNFTkQgLS0+PCEtLSBISVQjI0UgLS0+PCEtLTxwPjxpbWcgc3JjPSJodHRwOi8vaW1hZ2UucmFrdXRlbi5jby5qcC9rZy1tYWlkby9jYWJpbmV0L2luZGV4L3Jha3V0ZW5fc3NfMTAxMi5qcGciIGJvcmRlcj0iMCIgYWx0PSLjg53jgqTjg7Pjg4jjgq3jg6Pjg7Pjg5rjg7zjg7MiPjwvcD4tLT4KPHA+PC9wPgoKPCEtLSA8cD48aW1nIHNyYz0iaHR0cDovL2ltYWdlLnJha3V0ZW4uY28uanAva2ctbWFpZG8vY2FiaW5ldC9sYXlvdXRfaW1nL25vdGljZV9iYW5uZXIuanBnIiBib3JkZXI9IjAiIGFsdD0i6YCa55+lIiBzdHlsZT0ibWFyZ2luLWJvdHRvbTozcHg7Ij48L3A+IC0tPgoKPCEtLSDilrzilrzjgIDnhormnKzlnLDpnIfms6jmhI/mm7jjgY3jgIDilrzilrwgLS0+Cgo8IS0tIDxkaXY+Cgo8aHIgLz4KCjxoNCBjbGFzcz0idHRfc2R0ZXh0Ij7nhormnKznnIzjgpLkuK3lv4PjgajjgZnjgovlnLDpnIfjgavjgojjgovphY3pgIHjgbjjga7lvbHpn7/jgavjgaTjgYTjgabjgII8L2g0Pgo8cCBjbGFzcz0ic2R0ZXh0X3R4dCI+5ZCE6YWN6YCB5qWt6ICF44Gr44Gm5Lmd5bee5Zyw5pa544G444Gu6YWN6YGU5LiN5Y+v5Zyw5Z+f44GM55m655Sf44GX44Gm44GK44KK44G+44GZ44CC5Zyw5Z+f44Gu6Kmz57Sw44Gv5ZCE6YWN6YCB5qWt6ICF44Gu44K144Kk44OI44Gr44Gm44GU56K66KqN44GP44Gg44GV44GE44CCPGJyPgo8c3BhbiBjbGFzcz0icmVkIj7phY3pgZTkuI3lj6/jgavoqbLlvZPjgZnjgovlnLDln5/jga/jgIHjgZTms6jmlofpoILjgY3jgb7jgZfjgabjgoLjgYrlsYrjgZHjgafjgY3jgb7jgZvjgpPjga7jgafjgZTpgaDmha7kuIvjgZXjgYTjgILkuIfjgYzkuIDjgIHllYblk4HnmbrpgIHlvozjgavkuI3lj6/lnLDln5/jgajliKTmmI7jgZfjgZ/loLTlkIjjga/jgZnjgbnjgabjga7miYvmlbDmlpnjgpLjgYrlrqLmp5jjgavjgZTosqDmi4XpoILjgY3jgb7jgZnjgII8L3NwYW4+PC9wPgoKPGhyIC8+Cgo8L2Rpdj4gLS0+Cgo8IS0tIOKWsuKWsuOAgOeGiuacrOWcsOmch+azqOaEj+abuOOBjeOAgOKWsuKWsiAtLT4=,44CQ44Kk44OB44Kq44K344CR44Oc44OD44K344OlIEJPU0NIIEJUMTUwIOODrOODvOOCtuODvOi3nembouioiOeUqCDou73ph4/jgqLjg6vjg5/kuInohJogKOawl+azoeeuoeS7mOOBjSnvvJrlt6XlhbflsYvjgIzjgb7jgYTjganvvIHjgI0=,5bel5YW36Zu75YuV5bel5YW35L2c5qWt5bel5YW35YWF6Zu75bel5YW35aSn5bel5p2+5LiL5pel56uL44Oc44OD44K344Ol44Os44O844K244O86YeR54mp5YWF6Zu75bel5YW35ris5a6aTEFO44K/44K544Kz44K444Oj44OR44Oz6Zu75p2Q44CQ44Kk44OB44Kq44K344CR44Oc44OD44K344OlIEJPU0NIIEJUMTUwIOODrOODvOOCtuODvOi3nembouioiOeUqCDou73ph4/jgqLjg6vjg5/kuInohJogKOawl+azoeeuoeS7mOOBjSk=,44Kq44OX44K344On44OzIOS6pOaPm+eUqCDpg6jlk4Eg44Os44O844K244O8IOi3nembouioiCDot53pm6Ig5ris5a6aIOa4rOmHjyDoqIjmuKzjgILjgJDjgqTjg4HjgqrjgrfjgJHjg5zjg4Pjgrfjg6UgQk9TQ0ggQlQxNTAg44Os44O844K244O86Led6Zui6KiI55SoIOi7vemHj+OCouODq+ODn+S4ieiEmiAo5rCX5rOh566h5LuY44GNKQ==[rn]
31-2691,aHR0cDovL3RzaG9wLnIxMHMuanAva3lzL2NhYmluZXQvYXhicmFpbi9heGItMDEwMDY5NTMuanBnP2ZpdGluPTcwMDo3MDA=,OTA3LjIwMDA=,,6Iqx44O744Ks44O844OH44Oz44O7RElZID4gRElZ44O75bel5YW3ID4g6KiI5ris5bel5YW3ID4g44Oh44K444Oj44O844O75be75bC6,44CQ5buD55Wq44CR44Ki44OD44Kv44K544OW44Os44O844OzIEFY44Kz44Oz44OZMjXlt741LjVtIOODlOODs+OCryBUWDI1TC01NVBL,5pu05paw5pelMjAxNy0wNDAz,PHA+44CQ44Oh44O844Kr44O85ZCN44CRPGJyPgril4/jgqLjg4Pjgq/jgrnjg5bjg6zjg7zjg7PvvIjmoKrvvIk8YnI+Cjxicj4K44CQ5LuV5qeY44CRPGJyPgril481LjVtIHctMjVtbeODu+ODoeODvOODiOODq+ebruebmzwvcD48IS0tPHA+PGltZyBzcmM9Imh0dHA6Ly9pbWFnZS5yYWt1dGVuLmNvLmpwL2t5cy9jYWJpbmV0L2luZGV4L3Jha3V0ZW5fc3NfMTAxMi5qcGciIGJvcmRlcj0iMCIgYWx0PSLjg53jgqTjg7Pjg4jjgq3jg6Pjg7Pjg5rjg7zjg7MiPjwvcD4tLT4KCjxwPgo8L3A+Cgo8cD4KPC9wPgoKPCEtLSA8cD48aW1nIHNyYz0iaHR0cDovL2ltYWdlLnJha3V0ZW4uY28uanAva3lzL2NhYmluZXQvbGF5b3V0X2ltZy9ub3RpY2VfYmFubmVyLmpwZyIgYm9yZGVyPSIwIiBhbHQ9IumAmuefpSIgc3R5bGU9Im1hcmdpbi1ib3R0b206M3B4OyI+PC9wPiAtLT4KCjwhLS0g4pa84pa844CA54aK5pys5Zyw6ZyH5rOo5oSP5pu444GN44CA4pa84pa8IC0tPgoKPCEtLSA8ZGl2PgoKPGhyIC8+Cgo8aDQgY2xhc3M9InR0X3NkdGV4dCI+54aK5pys55yM44KS5Lit5b+D44Go44GZ44KL5Zyw6ZyH44Gr44KI44KL6YWN6YCB44G444Gu5b2x6Z+/44Gr44Gk44GE44Gm44CCPC9oND4KPHAgY2xhc3M9InNkdGV4dF90eHQiPuWQhOmFjemAgealreiAheOBq+OBpuS5neW3nuWcsOaWueOBuOOBrumFjemBlOS4jeWPr+WcsOWfn+OBjOeZuueUn+OBl+OBpuOBiuOCiuOBvuOBmeOAguWcsOWfn+OBruips+e0sOOBr+WQhOmFjemAgealreiAheOBruOCteOCpOODiOOBq+OBpuOBlOeiuuiqjeOBj+OBoOOBleOBhOOAgjxicj4KPHNwYW4gY2xhc3M9InJlZCI+6YWN6YGU5LiN5Y+v44Gr6Kmy5b2T44GZ44KL5Zyw5Z+f44Gv44CB44GU5rOo5paH6aCC44GN44G+44GX44Gm44KC44GK5bGK44GR44Gn44GN44G+44Gb44KT44Gu44Gn44GU6YGg5oWu5LiL44GV44GE44CC5LiH44GM5LiA44CB5ZWG5ZOB55m66YCB5b6M44Gr5LiN5Y+v5Zyw5Z+f44Go5Yik5piO44GX44Gf5aC05ZCI44Gv44GZ44G544Gm44Gu5omL5pWw5paZ44KS44GK5a6i5qeY44Gr44GU6LKg5ouF6aCC44GN44G+44GZ44CCPC9zcGFuPjwvcD4KCjxociAvPgoKPC9kaXY+IC0tPgoKPCEtLSDilrLilrLjgIDnhormnKzlnLDpnIfms6jmhI/mm7jjgY3jgIDilrLilrIgLS0+Cgo8IS0tIDXvvIXjgq/jg7zjg53jg7M05pyIMTnml6UyMzo1OSDjgb7jgacgLS0+Cgo8IS0tIDUlT0ZGIC0tPgo8IS0tIDxzdHlsZT4KLmNvdXBvbiB7bWFyZ2luLXRvcDo1cHg7IG1hcmdpbi1ib3R0b206NXB4O30KPC9zdHlsZT4KPGRpdiBjbGFzcz0iY291cG9uIj4KPGltZyBzcmM9Imh0dHA6Ly9pbWFnZS5yYWt1dGVuLmNvLmpwL2t5cy9jYWJpbmV0L2luZGV4L2NvdXBvbl9iYW5uZXIuanBnIiB3aWR0aD0iNzYwcHgiIC8+IAoKPC9kaXY+IC0tPgo8IS0tIOOCr+ODvOODneODs+ODquODs+OCr+ODkOODiuODvCAtLT4=,44CQ5buD55Wq44CR44Ki44OD44Kv44K544OW44Os44O844OzIEFY44Kz44Oz44OZMjXlt741LjVtIOODlOODs+OCryBUWDI1TC01NVBL77yaS2FuYW1vbm9ZYVNhbiAg77yr77y577yz,5bel5YW36Zu75YuV5bel5YW35L2c5qWt5bel5YW35qmf5qKw5bel5YW35aSn5bel44OR44OK44K944OL44OD44Kv5pel56uL44Oc44OD44K344Ol44Os44O844K244O86YeR54mp5YWF6Zu75bel5YW35ris5a6a44Kk44Oz44OR44Kv44OI44OJ44Op44Kk44OQ44K/44K544Kz44K444Oj44OR44Oz55yf56m644Od44Oz44OX56m66Kq/5bel5YW344Oe44Kt44K/S1lT44CQ5buD55Wq44CR44Ki44OD44Kv44K544OW44Os44O844OzIEFY44Kz44Oz44OZMjXlt741LjVtIOODlOODs+OCryBUWDI1TC01NVBL,5pu05paw5pelMjAxNy0wNDAz44CC44CQ5buD55Wq44CR44Ki44OD44Kv44K544OW44Os44O844OzIEFY44Kz44Oz44OZMjXlt741LjVtIOODlOODs+OCryBUWDI1TC01NVBL[rn]
31-2692,aHR0cDovL3RzaG9wLnIxMHMuanAva2ctbWFpZG8vY2FiaW5ldC9ldGMxMS9tai0zYmwuanBnP2ZpdGluPTcwMDo3MDA=,NTMzNC40MDAw,,6Iqx44O744Ks44O844OH44Oz44O7RElZID4gRElZ44O75bel5YW3ID4g6KiI5ris5bel5YW3ID4g44Oh44K444Oj44O844O75be75bC6,44OX44Ot44Oi44O844OIIFBST01PVEUg44G+44GN44GY44KD44GPIDNtKOODluODq+ODvCkgMTLlgIvjgrvjg4Pjg4ggTUotM0JM,5be75bC6IOODoeOCuOODo+ODvCDjgrnjgrHjg7zjg6s=,PCEtLSBISVQjI1MgLS0+PHA+44CQ44Oh44O844Kr44O844CRPGJyPgril4/jg5fjg63jg6Ljg7zjg4g8YnI+Cjxicj4K44CQ54m56ZW344CRPGJyPgril4/jgrvjg6vjg5Xjg63jg4Pjgq/jgrnjg4jjg4Pjg5fmqZ/og73ku5jjgY08YnI+Cjxicj4K44CQ5LuV5qeY44CRPGJyPgril48zbTxicj4KPGJyPgrjgJDjgrvjg4Pjg4jlhoXlrrnjg7vku5jlsZ7lk4HjgJE8YnI+CuKXjzEy5YCL5YWl44KKPC9wPjwhLS0gSElUIyNFIC0tPjwhLS0gSElUIyNTIC0tPjwhLS0gSElUIyNFIC0tPjwhLS0gSElUIyNTIC0tPjwhLS0gSElUIyNLQU5SRU4jU1RBUlQgLS0+PCEtLSBAQEBATUotM1JEIE1KLTNCS0BAQEAgLS0+Cgo8QlI+PEJSPjxCPjxGT05UIGNvbG9yPSIjMzMzMzMzIj7jgJDplqLpgKPllYblk4HjgJE8L0ZPTlQ+PC9CPgoKPGJyPgoKPFRBQkxFIGJvcmRlcj0iMCIgYmdjb2xvcj0iI2RlZWFmZiI+Cgo8VFI+Cgo8VEQgYWxpZ249ImNlbnRlciIgdmFsaWduPSJ0b3AiIHdpZHRoPSIxNDAiPjxGT05UIHNpemU9IjEiPgoKCgo8SU1HIFNSQz0iaHR0cDovL2ltYWdlLnJha3V0ZW4uY28uanAva2ctbWFpZG8vY2FiaW5ldC9ldGMxMS9tai0zcmQuanBnIiBBTFQ9Ik1KLTNSRCIgQk9SREVSPSIwIiBXSURUSD0iMTAwIj4KCjxCUj4KCgoKPEZPTlQgQ09MT1I9IiMzMzMzMzMiPgoK44OX44Ot44Oi44O844OIIFBST01PVEUg44G+44GN44GY44KD44GPIDNtKOODrOODg+ODiSkgTUotM1JECgo8L0ZPTlQ+Cgo8QlI+Cgo8L1REPgoKPFREIGFsaWduPSJjZW50ZXIiIHZhbGlnbj0idG9wIiB3aWR0aD0iMTQwIj48Rk9OVCBzaXplPSIxIj4KCgoKPElNRyBTUkM9Imh0dHA6Ly9pbWFnZS5yYWt1dGVuLmNvLmpwL2tnLW1haWRvL2NhYmluZXQvZXRjMTEvbWotM2JrLmpwZyIgQUxUPSJNSi0zQksiIEJPUkRFUj0iMCIgV0lEVEg9IjEwMCI+Cgo8QlI+CgoKCjxGT05UIENPTE9SPSIjMzMzMzMzIj4KCuODl+ODreODouODvOODiCBQUk9NT1RFIOOBvuOBjeOBmOOCg+OBjyAzbSjjg5bjg6njg4Pjgq8pIE1KLTNCSwoKPC9GT05UPgoKPEJSPgoKPC9URD4KCjxURCBhbGlnbj0iY2VudGVyIiB2YWxpZ249InRvcCIgd2lkdGg9IjE0MCI+PEZPTlQgc2l6ZT0iMSI+Jm5ic3A7PC9URD4KCjxURCBhbGlnbj0iY2VudGVyIiB2YWxpZ249InRvcCIgd2lkdGg9IjE0MCI+PEZPTlQgc2l6ZT0iMSI+Jm5ic3A7PC9URD4KCjxURCBhbGlnbj0iY2VudGVyIiB2YWxpZ249InRvcCIgd2lkdGg9IjE0MCI+PEZPTlQgc2l6ZT0iMSI+Jm5ic3A7PC9URD4KCjwvVFI+Cgo8L1RBQkxFPgoKPCEtLSBISVQjI0tBTlJFTiNFTkQgLS0+PCEtLSBISVQjI0UgLS0+PCEtLTxwPjxpbWcgc3JjPSJodHRwOi8vaW1hZ2UucmFrdXRlbi5jby5qcC9rZy1tYWlkby9jYWJpbmV0L2luZGV4L3Jha3V0ZW5fc3NfMTAxMi5qcGciIGJvcmRlcj0iMCIgYWx0PSLjg53jgqTjg7Pjg4jjgq3jg6Pjg7Pjg5rjg7zjg7MiPjwvcD4tLT4KPHA+PC9wPgoKPCEtLSA8cD48aW1nIHNyYz0iaHR0cDovL2ltYWdlLnJha3V0ZW4uY28uanAva2ctbWFpZG8vY2FiaW5ldC9sYXlvdXRfaW1nL25vdGljZV9iYW5uZXIuanBnIiBib3JkZXI9IjAiIGFsdD0i6YCa55+lIiBzdHlsZT0ibWFyZ2luLWJvdHRvbTozcHg7Ij48L3A+IC0tPgoKPCEtLSDilrzilrzjgIDnhormnKzlnLDpnIfms6jmhI/mm7jjgY3jgIDilrzilrwgLS0+Cgo8IS0tIDxkaXY+Cgo8aHIgLz4KCjxoNCBjbGFzcz0idHRfc2R0ZXh0Ij7nhormnKznnIzjgpLkuK3lv4PjgajjgZnjgovlnLDpnIfjgavjgojjgovphY3pgIHjgbjjga7lvbHpn7/jgavjgaTjgYTjgabjgII8L2g0Pgo8cCBjbGFzcz0ic2R0ZXh0X3R4dCI+5ZCE6YWN6YCB5qWt6ICF44Gr44Gm5Lmd5bee5Zyw5pa544G444Gu6YWN6YGU5LiN5Y+v5Zyw5Z+f44GM55m655Sf44GX44Gm44GK44KK44G+44GZ44CC5Zyw5Z+f44Gu6Kmz57Sw44Gv5ZCE6YWN6YCB5qWt6ICF44Gu44K144Kk44OI44Gr44Gm44GU56K66KqN44GP44Gg44GV44GE44CCPGJyPgo8c3BhbiBjbGFzcz0icmVkIj7phY3pgZTkuI3lj6/jgavoqbLlvZPjgZnjgovlnLDln5/jga/jgIHjgZTms6jmlofpoILjgY3jgb7jgZfjgabjgoLjgYrlsYrjgZHjgafjgY3jgb7jgZvjgpPjga7jgafjgZTpgaDmha7kuIvjgZXjgYTjgILkuIfjgYzkuIDjgIHllYblk4HnmbrpgIHlvozjgavkuI3lj6/lnLDln5/jgajliKTmmI7jgZfjgZ/loLTlkIjjga/jgZnjgbnjgabjga7miYvmlbDmlpnjgpLjgYrlrqLmp5jjgavjgZTosqDmi4XpoILjgY3jgb7jgZnjgII8L3NwYW4+PC9wPgoKPGhyIC8+Cgo8L2Rpdj4gLS0+Cgo8IS0tIOKWsuKWsuOAgOeGiuacrOWcsOmch+azqOaEj+abuOOBjeOAgOKWsuKWsiAtLT4=,44OX44Ot44Oi44O844OIIFBST01PVEUg44G+44GN44GY44KD44GPIDNtKOODluODq+ODvCkgMTLlgIvjgrvjg4Pjg4ggTUotM0JM77ya5bel5YW35bGL44CM44G+44GE44Gp77yB44CN,5bel5YW36Zu75YuV5bel5YW35L2c5qWt5bel5YW35YWF6Zu75bel5YW35aSn5bel5p2+5LiL5pel56uL44Oc44OD44K344Ol44Os44O844K244O86YeR54mp5YWF6Zu75bel5YW35ris5a6aTEFO44K/44K544Kz44K444Oj44OR44Oz6Zu75p2Q44OX44Ot44Oi44O844OIIFBST01PVEUg44G+44GN44GY44KD44GPIDNtKOODluODq+ODvCkgMTLlgIvjgrvjg4Pjg4ggTUotM0JM,5be75bC6IOODoeOCuOODo+ODvCDjgrnjgrHjg7zjg6sg44CC44OX44Ot44Oi44O844OIIFBST01PVEUg44G+44GN44GY44KD44GPIDNtKOODluODq+ODvCkgMTLlgIvjgrvjg4Pjg4ggTUotM0JM[rn]
31-2693,aHR0cDovL3RzaG9wLnIxMHMuanAva2ctbWFpZG8vY2FiaW5ldC90cy02OC90MDEwMDA2OTU0NTM5LmpwZz9maXRpbj03MDA6NzAw,NTczLjYwMDA=,,6Iqx44O744Ks44O844OH44Oz44O7RElZID4gRElZ44O75bel5YW3ID4g6KiI5ris5bel5YW3ID4g44Oh44K444Oj44O844O75be75bC6,44K/44K444OeIOijnOato+ODhuODvOODluODqyDjgqjjg7Pjgrjjg4vjg6Tjg4bjg7PnlKggSE9URS1URU4=,,PHA+44Kq44Os44Oz44K444OW44OD44Kv44Kr44K/44Ot44KwMjAxN+W5tOOBruOAkDQgMjE2NOODmuODvOOCuOOAkeOCkuOBlOWPguiAg+S4i+OBleOBhOOAgjwvcD48cD7igLvjgqrjg6zjg7Pjgrjjg5bjg4Pjgq/jgqvjgr/jg63jgrDjgavjga/jgIHku5bjg6Hjg7zjgqvjg7zoo73lk4Hjga7lj5bmibHjgYTjgoLjgZTjgZbjgYTjgb7jgZnjgILlupflhoXjgaflkIznrYnlk4HjgafjgoLkvqHmoLzjgYznlbDjgarjgaPjgabosqnlo7LjgZXjgozjgabjgYTjgovloLTlkIjjgYzjgZTjgZbjgYTjgb7jgZnjga7jgafjgIHjgYLjgonjgYvjgZjjgoHjgZTkuobmib/jgY/jgaDjgZXjgYTjgII8L3A+PHA+44CQ44Oh44O844Kr44O844CRPGJyPuKXj++8iOagqu+8ie+8tO+8qu+8reODh+OCtuOCpOODszxicj48YnI+44CQ54m56ZW344CRPGJyPuKXj+mLvOijveW3u+WwuuOBq+OCiOOCi+OAgeeyvuWvhua4rOWumuOCkuOBmeOCi+eCuuOBruijnOWKqeWFt+OBp+OBmeOAgjxicj48YnI+44CQ55So6YCU44CRPGJyPuKXj+mLvOijveW3u+WwuueyvuWvhua4rOWumueUqOijnOWKqeWFt+OBq+OAgjxicj7il4/pi7zoo73lt7vlsLrnsr7lr4bmuKzlrprnlKjoo5zliqnlhbc8YnI+PGJyPuOAkOS7leanmOOAkTxicj7il4/lk4HlkI066KOc5q2j44OG44O844OW44Or44CA44Ko44Oz44K444OL44Ki44OG44Oz55So77yIMTAw772N5Lul5aSW77yJPGJyPjxicj7jgJDmnZDos6rjg7vku5XkuIrjgZLjgJE8YnI+4peP5pys5L2TOue0mTxicj48YnI+44CQ6LOq6YeP44CRPGJyPuKXjzI1RzwvcD48IS0tPHA+PGltZyBzcmM9Imh0dHA6Ly9pbWFnZS5yYWt1dGVuLmNvLmpwL2tnLW1haWRvL2NhYmluZXQvaW5kZXgvcmFrdXRlbl9zc18xMDEyLmpwZyIgYm9yZGVyPSIwIiBhbHQ9IuODneOCpOODs+ODiOOCreODo+ODs+ODmuODvOODsyI+PC9wPi0tPgo8cD48L3A+Cgo8IS0tIDxwPjxpbWcgc3JjPSJodHRwOi8vaW1hZ2UucmFrdXRlbi5jby5qcC9rZy1tYWlkby9jYWJpbmV0L2xheW91dF9pbWcvbm90aWNlX2Jhbm5lci5qcGciIGJvcmRlcj0iMCIgYWx0PSLpgJrnn6UiIHN0eWxlPSJtYXJnaW4tYm90dG9tOjNweDsiPjwvcD4gLS0+Cgo8IS0tIOKWvOKWvOOAgOeGiuacrOWcsOmch+azqOaEj+abuOOBjeOAgOKWvOKWvCAtLT4KCjwhLS0gPGRpdj4KCjxociAvPgoKPGg0IGNsYXNzPSJ0dF9zZHRleHQiPueGiuacrOecjOOCkuS4reW/g+OBqOOBmeOCi+WcsOmch+OBq+OCiOOCi+mFjemAgeOBuOOBruW9semfv+OBq+OBpOOBhOOBpuOAgjwvaDQ+CjxwIGNsYXNzPSJzZHRleHRfdHh0Ij7lkITphY3pgIHmpa3ogIXjgavjgabkuZ3lt57lnLDmlrnjgbjjga7phY3pgZTkuI3lj6/lnLDln5/jgYznmbrnlJ/jgZfjgabjgYrjgorjgb7jgZnjgILlnLDln5/jga7oqbPntLDjga/lkITphY3pgIHmpa3ogIXjga7jgrXjgqTjg4jjgavjgabjgZTnorroqo3jgY/jgaDjgZXjgYTjgII8YnI+CjxzcGFuIGNsYXNzPSJyZWQiPumFjemBlOS4jeWPr+OBq+ipsuW9k+OBmeOCi+WcsOWfn+OBr+OAgeOBlOazqOaWh+mgguOBjeOBvuOBl+OBpuOCguOBiuWxiuOBkeOBp+OBjeOBvuOBm+OCk+OBruOBp+OBlOmBoOaFruS4i+OBleOBhOOAguS4h+OBjOS4gOOAgeWVhuWTgeeZuumAgeW+jOOBq+S4jeWPr+WcsOWfn+OBqOWIpOaYjuOBl+OBn+WgtOWQiOOBr+OBmeOBueOBpuOBruaJi+aVsOaWmeOCkuOBiuWuouanmOOBq+OBlOiyoOaLhemgguOBjeOBvuOBmeOAgjwvc3Bhbj48L3A+Cgo8aHIgLz4KCjwvZGl2PiAtLT4KCjwhLS0g4pay4pay44CA54aK5pys5Zyw6ZyH5rOo5oSP5pu444GN44CA4pay4payIC0tPg==,44K/44K444OeIOijnOato+ODhuODvOODluODqyDjgqjjg7Pjgrjjg4vjg6Tjg4bjg7PnlKggSE9URS1URU7vvJrlt6XlhbflsYvjgIzjgb7jgYTjganvvIHjgI0=,5bel5YW36Zu75YuV5bel5YW35L2c5qWt5bel5YW35YWF6Zu75bel5YW35aSn5bel5p2+5LiL5pel56uL44Oc44OD44K344Ol44Os44O844K244O86YeR54mp5YWF6Zu75bel5YW35ris5a6aTEFO44K/44K544Kz44K444Oj44OR44Oz6Zu75p2Q44K/44K444OeIOijnOato+ODhuODvOODluODqyDjgqjjg7Pjgrjjg4vjg6Tjg4bjg7PnlKggSE9URS1URU4=,44K/44K444OeIOijnOato+ODhuODvOODluODqyDjgqjjg7Pjgrjjg4vjg6Tjg4bjg7PnlKggSE9URS1URU4=[rn]
31-2694,aHR0cDovL3RzaG9wLnIxMHMuanAva2ctbWFpZG8vY2FiaW5ldC9heGJyYWluL2F4Yi0wMTAwNjkwNC5qcGc/Zml0aW49NzAwOjcwMA==,Njg0LjgwMDA=,,6Iqx44O744Ks44O844OH44Oz44O7RElZID4gRElZ44O75bel5YW3ID4g6KiI5ris5bel5YW3ID4g44Oh44K444Oj44O844O75be75bC6,44Ki44OD44Kv44K544OW44Os44O844OzIEFYIOOCs+ODs+ODmSDjgqLjg4Pjgq/jgrnjgrPjg7Pjg5kg44Ob44Ov44Kk44OIIFNYMjVMLTU1Vw==,,PHA+44CQ44Oh44O844Kr44O85ZCN44CRPGJyPgril4/jgqLjg4Pjgq/jgrnjg5bjg6zjg7zjg7PvvIjmoKrvvIk8YnI+Cjxicj4K44CQ55So6YCU44CRPGJyPgril4/jg4bjg7zjg5fjga7lm7rlrprjgoLjg6/jg7Pjgr/jg4Pjg4Eh44K544Op44Kk44OJ5byP44Ot44OD44Kv44K/44Kk44OXPGJyPgo8YnI+CuOAkOS7leanmOOAkTxicj4K4pePNS41bSB3LTI1bW3jg7vjg6Hjg7zjg4jjg6vnm67nm5s8L3A+PCEtLTxwPjxpbWcgc3JjPSJodHRwOi8vaW1hZ2UucmFrdXRlbi5jby5qcC9rZy1tYWlkby9jYWJpbmV0L2luZGV4L3Jha3V0ZW5fc3NfMTAxMi5qcGciIGJvcmRlcj0iMCIgYWx0PSLjg53jgqTjg7Pjg4jjgq3jg6Pjg7Pjg5rjg7zjg7MiPjwvcD4tLT4KPHA+PC9wPgoKPCEtLSA8cD48aW1nIHNyYz0iaHR0cDovL2ltYWdlLnJha3V0ZW4uY28uanAva2ctbWFpZG8vY2FiaW5ldC9sYXlvdXRfaW1nL25vdGljZV9iYW5uZXIuanBnIiBib3JkZXI9IjAiIGFsdD0i6YCa55+lIiBzdHlsZT0ibWFyZ2luLWJvdHRvbTozcHg7Ij48L3A+IC0tPgoKPCEtLSDilrzilrzjgIDnhormnKzlnLDpnIfms6jmhI/mm7jjgY3jgIDilrzilrwgLS0+Cgo8IS0tIDxkaXY+Cgo8aHIgLz4KCjxoNCBjbGFzcz0idHRfc2R0ZXh0Ij7nhormnKznnIzjgpLkuK3lv4PjgajjgZnjgovlnLDpnIfjgavjgojjgovphY3pgIHjgbjjga7lvbHpn7/jgavjgaTjgYTjgabjgII8L2g0Pgo8cCBjbGFzcz0ic2R0ZXh0X3R4dCI+5ZCE6YWN6YCB5qWt6ICF44Gr44Gm5Lmd5bee5Zyw5pa544G444Gu6YWN6YGU5LiN5Y+v5Zyw5Z+f44GM55m655Sf44GX44Gm44GK44KK44G+44GZ44CC5Zyw5Z+f44Gu6Kmz57Sw44Gv5ZCE6YWN6YCB5qWt6ICF44Gu44K144Kk44OI44Gr44Gm44GU56K66KqN44GP44Gg44GV44GE44CCPGJyPgo8c3BhbiBjbGFzcz0icmVkIj7phY3pgZTkuI3lj6/jgavoqbLlvZPjgZnjgovlnLDln5/jga/jgIHjgZTms6jmlofpoILjgY3jgb7jgZfjgabjgoLjgYrlsYrjgZHjgafjgY3jgb7jgZvjgpPjga7jgafjgZTpgaDmha7kuIvjgZXjgYTjgILkuIfjgYzkuIDjgIHllYblk4HnmbrpgIHlvozjgavkuI3lj6/lnLDln5/jgajliKTmmI7jgZfjgZ/loLTlkIjjga/jgZnjgbnjgabjga7miYvmlbDmlpnjgpLjgYrlrqLmp5jjgavjgZTosqDmi4XpoILjgY3jgb7jgZnjgII8L3NwYW4+PC9wPgoKPGhyIC8+Cgo8L2Rpdj4gLS0+Cgo8IS0tIOKWsuKWsuOAgOeGiuacrOWcsOmch+azqOaEj+abuOOBjeOAgOKWsuKWsiAtLT4=,44Ki44OD44Kv44K544OW44Os44O844OzIEFYIOOCs+ODs+ODmSDjgqLjg4Pjgq/jgrnjgrPjg7Pjg5kg44Ob44Ov44Kk44OIIFNYMjVMLTU1V++8muW3peWFt+Wxi+OAjOOBvuOBhOOBqe+8geOAjQ==,5bel5YW36Zu75YuV5bel5YW35L2c5qWt5bel5YW35YWF6Zu75bel5YW35aSn5bel5p2+5LiL5pel56uL44Oc44OD44K344Ol44Os44O844K244O86YeR54mp5YWF6Zu75bel5YW35ris5a6aTEFO44K/44K544Kz44K444Oj44OR44Oz6Zu75p2Q44Ki44OD44Kv44K544OW44Os44O844OzIEFYIOOCs+ODs+ODmSDjgqLjg4Pjgq/jgrnjgrPjg7Pjg5kg44Ob44Ov44Kk44OIIFNYMjVMLTU1Vw==,44Ki44OD44Kv44K544OW44Os44O844OzIEFYIOOCs+ODs+ODmSDjgqLjg4Pjgq/jgrnjgrPjg7Pjg5kg44Ob44Ov44Kk44OIIFNYMjVMLTU1Vw==[rn]
31-2695,aHR0cDovL3RzaG9wLnIxMHMuanAva2ctbWFpZG8vY2FiaW5ldC90cy03MC90MDEwMDA3MDc5NzcwLmpwZz9maXRpbj03MDA6NzAw,Mzg5ODAuODAwMA==,,6Iqx44O744Ks44O844OH44Oz44O7RElZID4gRElZ44O75bel5YW3ID4g6KiI5ris5bel5YW3ID4g44Oh44K444Oj44O844O75be75bC6,44K/44K444OeIOOCt+ODoOODreODs+ODreODg+ODiei7veW3uyDluYU2MG1tIOmVt+OBlTUwbSBLTTA2LTUwSw==,,PHA+44Kq44Os44Oz44K444OW44OD44Kv44Kr44K/44Ot44KwMjAxN+W5tOOBruOAkDQgMjE4MuODmuODvOOCuOOAkeOCkuOBlOWPguiAg+S4i+OBleOBhOOAgjwvcD48cD7igLvjgqrjg6zjg7Pjgrjjg5bjg4Pjgq/jgqvjgr/jg63jgrDjgavjga/jgIHku5bjg6Hjg7zjgqvjg7zoo73lk4Hjga7lj5bmibHjgYTjgoLjgZTjgZbjgYTjgb7jgZnjgILlupflhoXjgaflkIznrYnlk4HjgafjgoLkvqHmoLzjgYznlbDjgarjgaPjgabosqnlo7LjgZXjgozjgabjgYTjgovloLTlkIjjgYzjgZTjgZbjgYTjgb7jgZnjga7jgafjgIHjgYLjgonjgYvjgZjjgoHjgZTkuobmib/jgY/jgaDjgZXjgYTjgII8L3A+PHA+44CQ44Oh44O844Kr44O844CRPGJyPuKXj++8iOagqu+8ie+8tO+8qu+8reODh+OCtuOCpOODszxicj48YnI+44CQ54m56ZW344CRPGJyPuKXj+iKr+adkOOBruOCrOODqeOCueOCr+ODreOCueOBr+mrmOWvhuW6pue5lOOBquOBruOBp+OAgeW8leOBo+W8teOCiuOChOijguOBkeOBq+W8t+OBhOOBp+OBmeOAgjxicj7il4/lhpnnnJ/lhpnjgorjga7oia/jgYTnm67nm5vku5Xmp5jjgafjgZnjgII8YnI+4peP44Gk44KE5raI44GX44Gu44OG44O844OX6KGo6Z2i44Gr44KI44KK5Lmx5Y+N5bCE44GX44G+44Gb44KT44CCPGJyPuKXj+ODhuODvOODl+ODreODg+ODieOBruW3u+WPluOCiuOBjOOAgeOCueODlOODvOODh+OCo+ODvOOBq+ihjOOBiOOBvuOBmeOAgjxicj48YnI+44CQ55So6YCU44CRPGJyPuKXj+iomOmMsuWGmeecn+eUqOOBq+OAgjxicj48YnI+44CQ5LuV5qeY44CRPGJyPuKXj+ODhuODvOODl+W5hShtbSk6NjA8YnI+4peP44OG44O844OX6ZW344GVKG0pOjUwPGJyPuKXj+W5hShtbSk6MzQ1PGJyPuKXj+WlpeihjChtbSk6MjMwPGJyPuKXj+mrmOOBlShtbSk6MTIwPGJyPuKXj+ODhuODvOODl+WOmihtbSk6MC43PGJyPuKXj+ODhuODvOODl+ihqOmdojrjgr/jg4bnm67nm5syMGNt44Ki44Kr44K344Ot44CB6KOP6Z2iOuODqOOCs+ebruebm+aVsOWtl+S7mOOAgDFt44Ki44Kr44K344OtPGJyPuKXj0pJUzHntJo8YnI+4pePMTgw5bqm5Zue6Lui6YeR5YW3PGJyPjxicj7jgJDmnZDos6rjg7vku5XkuIrjgZLjgJE8YnI+4peP44OG44O844OXOuOCrOODqeOCuee5iue2rTxicj7il4/jgrHjg7zjgrk6QUJT5qi56ISCPGJyPjxicj7jgJDms6jmhI/jgJE8YnI+4peP5LqL5pWF44Gu5Y6f5Zug44Go44Gq44KK44G+44GZ44Gu44Gn5L+u55CG44CB5YiG6Kej44CB5pS56YCg44GX44Gq44GE44Gn44GP44Gg44GV44GE44CCPGJyPuKXj+W5vOWFkOOBruaJi+OBruWxiuOBi+OBquOBhOaJgOOBq+S/neeuoeOBl+OBpuOBj+OBoOOBleOBhOOAgjxicj7il4/oo73lk4Hku5Xmp5jjga/kuojlkYrjgarjgY/lpInmm7TjgZnjgovloLTlkIjjgYzjgZTjgZbjgYTjgb7jgZnjgII8YnI+PGJyPuOAkOizqumHj+OAkTxicj7il480MjUwRzwvcD48IS0tPHA+PGltZyBzcmM9Imh0dHA6Ly9pbWFnZS5yYWt1dGVuLmNvLmpwL2tnLW1haWRvL2NhYmluZXQvaW5kZXgvcmFrdXRlbl9zc18xMDEyLmpwZyIgYm9yZGVyPSIwIiBhbHQ9IuODneOCpOODs+ODiOOCreODo+ODs+ODmuODvOODsyI+PC9wPi0tPgo8cD48L3A+Cgo8IS0tIDxwPjxpbWcgc3JjPSJodHRwOi8vaW1hZ2UucmFrdXRlbi5jby5qcC9rZy1tYWlkby9jYWJpbmV0L2xheW91dF9pbWcvbm90aWNlX2Jhbm5lci5qcGciIGJvcmRlcj0iMCIgYWx0PSLpgJrnn6UiIHN0eWxlPSJtYXJnaW4tYm90dG9tOjNweDsiPjwvcD4gLS0+Cgo8IS0tIOKWvOKWvOOAgOeGiuacrOWcsOmch+azqOaEj+abuOOBjeOAgOKWvOKWvCAtLT4KCjwhLS0gPGRpdj4KCjxociAvPgoKPGg0IGNsYXNzPSJ0dF9zZHRleHQiPueGiuacrOecjOOCkuS4reW/g+OBqOOBmeOCi+WcsOmch+OBq+OCiOOCi+mFjemAgeOBuOOBruW9semfv+OBq+OBpOOBhOOBpuOAgjwvaDQ+CjxwIGNsYXNzPSJzZHRleHRfdHh0Ij7lkITphY3pgIHmpa3ogIXjgavjgabkuZ3lt57lnLDmlrnjgbjjga7phY3pgZTkuI3lj6/lnLDln5/jgYznmbrnlJ/jgZfjgabjgYrjgorjgb7jgZnjgILlnLDln5/jga7oqbPntLDjga/lkITphY3pgIHmpa3ogIXjga7jgrXjgqTjg4jjgavjgabjgZTnorroqo3jgY/jgaDjgZXjgYTjgII8YnI+CjxzcGFuIGNsYXNzPSJyZWQiPumFjemBlOS4jeWPr+OBq+ipsuW9k+OBmeOCi+WcsOWfn+OBr+OAgeOBlOazqOaWh+mgguOBjeOBvuOBl+OBpuOCguOBiuWxiuOBkeOBp+OBjeOBvuOBm+OCk+OBruOBp+OBlOmBoOaFruS4i+OBleOBhOOAguS4h+OBjOS4gOOAgeWVhuWTgeeZuumAgeW+jOOBq+S4jeWPr+WcsOWfn+OBqOWIpOaYjuOBl+OBn+WgtOWQiOOBr+OBmeOBueOBpuOBruaJi+aVsOaWmeOCkuOBiuWuouanmOOBq+OBlOiyoOaLhemgguOBjeOBvuOBmeOAgjwvc3Bhbj48L3A+Cgo8aHIgLz4KCjwvZGl2PiAtLT4KCjwhLS0g4pay4pay44CA54aK5pys5Zyw6ZyH5rOo5oSP5pu444GN44CA4pay4payIC0tPg==,44K/44K444OeIOOCt+ODoOODreODs+ODreODg+ODiei7veW3uyDluYU2MG1tIOmVt+OBlTUwbSBLTTA2LTUwS++8muW3peWFt+Wxi+OAjOOBvuOBhOOBqe+8geOAjQ==,5bel5YW36Zu75YuV5bel5YW35L2c5qWt5bel5YW35YWF6Zu75bel5YW35aSn5bel5p2+5LiL5pel56uL44Oc44OD44K344Ol44Os44O844K244O86YeR54mp5YWF6Zu75bel5YW35ris5a6aTEFO44K/44K544Kz44K444Oj44OR44Oz6Zu75p2Q44K/44K444OeIOOCt+ODoOODreODs+ODreODg+ODiei7veW3uyDluYU2MG1tIOmVt+OBlTUwbSBLTTA2LTUwSw==,44K/44K444OeIOOCt+ODoOODreODs+ODreODg+ODiei7veW3uyDluYU2MG1tIOmVt+OBlTUwbSBLTTA2LTUwSw==[rn]
31-2696,aHR0cDovL3RzaG9wLnIxMHMuanAva2ctbWFpZG8vY2FiaW5ldC9ma3UwOC80NzEwNTE1MjY4Mjg5LmpwZz9maXRpbj03MDA6NzAw,NDg1LjYwMDA=,,6Iqx44O744Ks44O844OH44Oz44O7RElZID4gRElZ44O75bel5YW3ID4g6KiI5ris5bel5YW3ID4g44Oh44K444Oj44O844O75be75bC6,Q0sg44Kk44Oz44OR44Kv44OI44Kz44Oz44OZIDEzLTEyOA==,,PHA+44CQ44Oh44O844Kr44O85ZCN44CRPGJyPgril4/kuInlhbHjgrPjg7zjg53jg6zjg7zjgrfjg6fjg7M8YnI+Cjxicj4K44CQ54m56ZW344CRPGJyPgril4/ooZ3mkoPjgavlvLfjgYTjgrTjg6Djgqvjg5Djg7zku5jjgY3jgILnlKjpgJTjgavlkIjjgo/jgZvjgabpgbjjgbnjgovjgrXjgqTjgro8YnI+Cjxicj4K44CQ5LuV5qeY44CRPGJyPgril4/jg4bjg7zjg5fluYUvMjVtbTwvcD48IS0tPHA+PGltZyBzcmM9Imh0dHA6Ly9pbWFnZS5yYWt1dGVuLmNvLmpwL2tnLW1haWRvL2NhYmluZXQvaW5kZXgvcmFrdXRlbl9zc18xMDEyLmpwZyIgYm9yZGVyPSIwIiBhbHQ9IuODneOCpOODs+ODiOOCreODo+ODs+ODmuODvOODsyI+PC9wPi0tPgo8cD48L3A+Cgo8IS0tIDxwPjxpbWcgc3JjPSJodHRwOi8vaW1hZ2UucmFrdXRlbi5jby5qcC9rZy1tYWlkby9jYWJpbmV0L2xheW91dF9pbWcvbm90aWNlX2Jhbm5lci5qcGciIGJvcmRlcj0iMCIgYWx0PSLpgJrnn6UiIHN0eWxlPSJtYXJnaW4tYm90dG9tOjNweDsiPjwvcD4gLS0+Cgo8IS0tIOKWvOKWvOOAgOeGiuacrOWcsOmch+azqOaEj+abuOOBjeOAgOKWvOKWvCAtLT4KCjwhLS0gPGRpdj4KCjxociAvPgoKPGg0IGNsYXNzPSJ0dF9zZHRleHQiPueGiuacrOecjOOCkuS4reW/g+OBqOOBmeOCi+WcsOmch+OBq+OCiOOCi+mFjemAgeOBuOOBruW9semfv+OBq+OBpOOBhOOBpuOAgjwvaDQ+CjxwIGNsYXNzPSJzZHRleHRfdHh0Ij7lkITphY3pgIHmpa3ogIXjgavjgabkuZ3lt57lnLDmlrnjgbjjga7phY3pgZTkuI3lj6/lnLDln5/jgYznmbrnlJ/jgZfjgabjgYrjgorjgb7jgZnjgILlnLDln5/jga7oqbPntLDjga/lkITphY3pgIHmpa3ogIXjga7jgrXjgqTjg4jjgavjgabjgZTnorroqo3jgY/jgaDjgZXjgYTjgII8YnI+CjxzcGFuIGNsYXNzPSJyZWQiPumFjemBlOS4jeWPr+OBq+ipsuW9k+OBmeOCi+WcsOWfn+OBr+OAgeOBlOazqOaWh+mgguOBjeOBvuOBl+OBpuOCguOBiuWxiuOBkeOBp+OBjeOBvuOBm+OCk+OBruOBp+OBlOmBoOaFruS4i+OBleOBhOOAguS4h+OBjOS4gOOAgeWVhuWTgeeZuumAgeW+jOOBq+S4jeWPr+WcsOWfn+OBqOWIpOaYjuOBl+OBn+WgtOWQiOOBr+OBmeOBueOBpuOBruaJi+aVsOaWmeOCkuOBiuWuouanmOOBq+OBlOiyoOaLhemgguOBjeOBvuOBmeOAgjwvc3Bhbj48L3A+Cgo8aHIgLz4KCjwvZGl2PiAtLT4KCjwhLS0g4pay4pay44CA54aK5pys5Zyw6ZyH5rOo5oSP5pu444GN44CA4pay4payIC0tPg==,Q0sg44Kk44Oz44OR44Kv44OI44Kz44Oz44OZIDEzLTEyOO+8muW3peWFt+Wxi+OAjOOBvuOBhOOBqe+8geOAjQ==,5bel5YW36Zu75YuV5bel5YW35L2c5qWt5bel5YW35YWF6Zu75bel5YW35aSn5bel5p2+5LiL5pel56uL44Oc44OD44K344Ol44Os44O844K244O86YeR54mp5YWF6Zu75bel5YW35ris5a6aTEFO44K/44K544Kz44K444Oj44OR44Oz6Zu75p2QQ0sg44Kk44Oz44OR44Kv44OI44Kz44Oz44OZIDEzLTEyOA==,Q0sg44Kk44Oz44OR44Kv44OI44Kz44Oz44OZIDEzLTEyOA==[rn]
31-2697,aHR0cDovL3RzaG9wLnIxMHMuanAva2ctbWFpZG8vY2FiaW5ldC90cy00NC90MDEwMDA2MDc4NTY3LmpwZz9maXRpbj03MDA6NzAw,MjQ4Ni40MDAw,,6Iqx44O744Ks44O844OH44Oz44O7RElZID4gRElZ44O75bel5YW3ID4g6KiI5ris5bel5YW3ID4g44Oh44K444Oj44O844O75be75bC6,44OX44Ot44Oe44O844OIIOaKgOOBguOCilNKMjUgNS41bSBXQVpBU0oyNTU1,,PHA+44Kq44Os44Oz44K444OW44OD44Kv44Kr44K/44Ot44KwMjAxN+W5tOOBruOAkDQgMjE0OeODmuODvOOCuOOAkeOCkuOBlOWPguiAg+S4i+OBleOBhOOAgjwvcD4KPHA+4oC744Kq44Os44Oz44K444OW44OD44Kv44Kr44K/44Ot44Kw44Gr44Gv44CB5LuW44Oh44O844Kr44O86KO95ZOB44Gu5Y+W5omx44GE44KC44GU44GW44GE44G+44GZ44CC5bqX5YaF44Gn5ZCM562J5ZOB44Gn44KC5L6h5qC844GM55Ww44Gq44Gj44Gm6LKp5aOy44GV44KM44Gm44GE44KL5aC05ZCI44GM44GU44GW44GE44G+44GZ44Gu44Gn44CB44GC44KJ44GL44GY44KB44GU5LqG5om/44GP44Gg44GV44GE44CCPC9wPjxwPuOAkOODoeODvOOCq+ODvOOAkTxicj4K4peP5Y6f5bqm5Zmo77yI5qCq77yJPGJyPgo8YnI+CuOAkOeJuemVt+OAkTxicj4K4peP55uu55ub77yR772N44G+44Gn44KS44OV44Kj44Or44Og44Gn5L+d6K2344GZ44KL44GT44Go44Gn6ICQ5pGp6ICX5oCn44O75oqY44KM44Gr5a++44GX44Gm6ICQ5LmF5oCn44KS5ZCR5LiK44GX44Gm44GE44G+44GZ44CCPGJyPgril4/miYvjgavpprTmn5PjgoDjgrfjg6rjgrPjg7zjg7Poo73jgrjjg6PjgrHjg4Pjg4jjgafjgZnjgII8YnI+CuKXj+OCseODvOOCueOBqOeIquOBjOWjiuOCjOOBq+OBj+OBhOOCt+ODp+ODg+OCr+OCouODluOCveODvOODkOODvOS7mOOBp+OBmeOAgjxicj4KPGJyPgo8YnI+Cjxicj4K44CQ5LuV5qeY44CRPGJyPgril4/jg4bjg7zjg5fplbfjgZUobSk6NS41PGJyPgril4/jg4bjg7zjg5fluYUobW0pOjI1PGJyPgril4/msLTlubPkv53mjIEobSk6Mi4zPGJyPgril4/np7vli5XniKo8YnI+CuKXj+ODreODg+OCr+OCv+OCpOODlzxicj4K4pePSklTMee0mjxicj4K4peP54mH6Z2i55uu55ubPGJyPgril480NTVtbeODlOODg+ODgeihqOekujrjgYLjgoo8YnI+CuKXj+a4m+mAn+ODnOOCv+ODszrjgarjgZc8YnI+CuKXj+OCt+ODp+ODg+OCr+OCouODluOCveODvOODkOODvDrjgYLjgoo8YnI+Cjxicj4K44CQ5p2Q6LOq44O75LuV5LiK44GS44CRPGJyPgril4/jg4bjg7zjg5c644K544OB44O844OrPGJyPgo8YnI+CuOAkOizqumHj+OAkTxicj4K4pePMjk0RzwvcD48IS0tPHA+PGltZyBzcmM9Imh0dHA6Ly9pbWFnZS5yYWt1dGVuLmNvLmpwL2tnLW1haWRvL2NhYmluZXQvaW5kZXgvcmFrdXRlbl9zc18xMDEyLmpwZyIgYm9yZGVyPSIwIiBhbHQ9IuODneOCpOODs+ODiOOCreODo+ODs+ODmuODvOODsyI+PC9wPi0tPgo8cD48L3A+Cgo8IS0tIDxwPjxpbWcgc3JjPSJodHRwOi8vaW1hZ2UucmFrdXRlbi5jby5qcC9rZy1tYWlkby9jYWJpbmV0L2xheW91dF9pbWcvbm90aWNlX2Jhbm5lci5qcGciIGJvcmRlcj0iMCIgYWx0PSLpgJrnn6UiIHN0eWxlPSJtYXJnaW4tYm90dG9tOjNweDsiPjwvcD4gLS0+Cgo8IS0tIOKWvOKWvOOAgOeGiuacrOWcsOmch+azqOaEj+abuOOBjeOAgOKWvOKWvCAtLT4KCjwhLS0gPGRpdj4KCjxociAvPgoKPGg0IGNsYXNzPSJ0dF9zZHRleHQiPueGiuacrOecjOOCkuS4reW/g+OBqOOBmeOCi+WcsOmch+OBq+OCiOOCi+mFjemAgeOBuOOBruW9semfv+OBq+OBpOOBhOOBpuOAgjwvaDQ+CjxwIGNsYXNzPSJzZHRleHRfdHh0Ij7lkITphY3pgIHmpa3ogIXjgavjgabkuZ3lt57lnLDmlrnjgbjjga7phY3pgZTkuI3lj6/lnLDln5/jgYznmbrnlJ/jgZfjgabjgYrjgorjgb7jgZnjgILlnLDln5/jga7oqbPntLDjga/lkITphY3pgIHmpa3ogIXjga7jgrXjgqTjg4jjgavjgabjgZTnorroqo3jgY/jgaDjgZXjgYTjgII8YnI+CjxzcGFuIGNsYXNzPSJyZWQiPumFjemBlOS4jeWPr+OBq+ipsuW9k+OBmeOCi+WcsOWfn+OBr+OAgeOBlOazqOaWh+mgguOBjeOBvuOBl+OBpuOCguOBiuWxiuOBkeOBp+OBjeOBvuOBm+OCk+OBruOBp+OBlOmBoOaFruS4i+OBleOBhOOAguS4h+OBjOS4gOOAgeWVhuWTgeeZuumAgeW+jOOBq+S4jeWPr+WcsOWfn+OBqOWIpOaYjuOBl+OBn+WgtOWQiOOBr+OBmeOBueOBpuOBruaJi+aVsOaWmeOCkuOBiuWuouanmOOBq+OBlOiyoOaLhemgguOBjeOBvuOBmeOAgjwvc3Bhbj48L3A+Cgo8aHIgLz4KCjwvZGl2PiAtLT4KCjwhLS0g4pay4pay44CA54aK5pys5Zyw6ZyH5rOo5oSP5pu444GN44CA4pay4payIC0tPg==,44OX44Ot44Oe44O844OIIOaKgOOBguOCilNKMjUgNS41bSBXQVpBU0oyNTU177ya5bel5YW35bGL44CM44G+44GE44Gp77yB44CN,5bel5YW36Zu75YuV5bel5YW35L2c5qWt5bel5YW35YWF6Zu75bel5YW35aSn5bel5p2+5LiL5pel56uL44Oc44OD44K344Ol44Os44O844K244O86YeR54mp5YWF6Zu75bel5YW35ris5a6aTEFO44K/44K544Kz44K444Oj44OR44Oz6Zu75p2Q44OX44Ot44Oe44O844OIIOaKgOOBguOCilNKMjUgNS41bSBXQVpBU0oyNTU1,44OX44Ot44Oe44O844OIIOaKgOOBguOCilNKMjUgNS41bSBXQVpBU0oyNTU1[rn]
31-2698,aHR0cDovL3RzaG9wLnIxMHMuanAva2ctbWFpZG8vY2FiaW5ldC90cy02My90MDEwMDA0OTY5NTcxLmpwZz9maXRpbj03MDA6NzAw,MTA0MC4wMDAw,,6Iqx44O744Ks44O844OH44Oz44O7RElZID4gRElZ44O75bel5YW3ID4g6KiI5ris5bel5YW3ID4g44Oh44K444Oj44O844O75be75bC6,44K/44K444OeIOOBr+OChOOBvuOBjeeUqOODj+ODs+ODieODqyBIU1AzLUhORA==,44CQ5Luj6KGo55S75YOPIOiJsi/jgrXjgqTjgrrnrYnms6jmhI/jgJE=,PHA+44Kq44Os44Oz44K444OW44OD44Kv44Kr44K/44Ot44KwMjAxN+W5tOOBruOAkDQgMjE2NeODmuODvOOCuOOAkeOCkuOBlOWPguiAg+S4i+OBleOBhOOAgjwvcD48cD7igLvjgqrjg6zjg7Pjgrjjg5bjg4Pjgq/jgqvjgr/jg63jgrDjgavjga/jgIHku5bjg6Hjg7zjgqvjg7zoo73lk4Hjga7lj5bmibHjgYTjgoLjgZTjgZbjgYTjgb7jgZnjgILlupflhoXjgaflkIznrYnlk4HjgafjgoLkvqHmoLzjgYznlbDjgarjgaPjgabosqnlo7LjgZXjgozjgabjgYTjgovloLTlkIjjgYzjgZTjgZbjgYTjgb7jgZnjga7jgafjgIHjgYLjgonjgYvjgZjjgoHjgZTkuobmib/jgY/jgaDjgZXjgYTjgII8L3A+PHA+44CQ44Oh44O844Kr44O844CRPGJyPuKXj++8iOagqu+8ie+8tO+8qu+8reODh+OCtuOCpOODszxicj48YnI+44CQ54m56ZW344CRPGJyPuKXj+e1jOa4iOeahOOBquS6pOaPm+eUqOODj+ODs+ODieODq+OBp+OBmeOAgjxicj48YnI+44CQ55So6YCU44CRPGJyPuKXj+W3u+WwuueUqOS6pOaPm+mDqOWTgTxicj7il4/lt7vlsLrnlKjkuqTmj5vpg6jlk4E8YnI+PGJyPuOAkOS7leanmOOAkTxicj7il4/pganlv5zmnKzkvZM6SFNQMy0zMOOAgUhTUDMtNTA8YnI+PGJyPuOAkOadkOizquODu+S7leS4iuOBkuOAkTxicj7il4/mn4TntKDmnZA6UE9N44O76YmEPGJyPjxicj7jgJDos6rph4/jgJE8YnI+4pePNTVHPC9wPjwhLS08cD48aW1nIHNyYz0iaHR0cDovL2ltYWdlLnJha3V0ZW4uY28uanAva2ctbWFpZG8vY2FiaW5ldC9pbmRleC9yYWt1dGVuX3NzXzEwMTIuanBnIiBib3JkZXI9IjAiIGFsdD0i44Od44Kk44Oz44OI44Kt44Oj44Oz44Oa44O844OzIj48L3A+LS0+CjxwPjwvcD4KCjwhLS0gPHA+PGltZyBzcmM9Imh0dHA6Ly9pbWFnZS5yYWt1dGVuLmNvLmpwL2tnLW1haWRvL2NhYmluZXQvbGF5b3V0X2ltZy9ub3RpY2VfYmFubmVyLmpwZyIgYm9yZGVyPSIwIiBhbHQ9IumAmuefpSIgc3R5bGU9Im1hcmdpbi1ib3R0b206M3B4OyI+PC9wPiAtLT4KCjwhLS0g4pa84pa844CA54aK5pys5Zyw6ZyH5rOo5oSP5pu444GN44CA4pa84pa8IC0tPgoKPCEtLSA8ZGl2PgoKPGhyIC8+Cgo8aDQgY2xhc3M9InR0X3NkdGV4dCI+54aK5pys55yM44KS5Lit5b+D44Go44GZ44KL5Zyw6ZyH44Gr44KI44KL6YWN6YCB44G444Gu5b2x6Z+/44Gr44Gk44GE44Gm44CCPC9oND4KPHAgY2xhc3M9InNkdGV4dF90eHQiPuWQhOmFjemAgealreiAheOBq+OBpuS5neW3nuWcsOaWueOBuOOBrumFjemBlOS4jeWPr+WcsOWfn+OBjOeZuueUn+OBl+OBpuOBiuOCiuOBvuOBmeOAguWcsOWfn+OBruips+e0sOOBr+WQhOmFjemAgealreiAheOBruOCteOCpOODiOOBq+OBpuOBlOeiuuiqjeOBj+OBoOOBleOBhOOAgjxicj4KPHNwYW4gY2xhc3M9InJlZCI+6YWN6YGU5LiN5Y+v44Gr6Kmy5b2T44GZ44KL5Zyw5Z+f44Gv44CB44GU5rOo5paH6aCC44GN44G+44GX44Gm44KC44GK5bGK44GR44Gn44GN44G+44Gb44KT44Gu44Gn44GU6YGg5oWu5LiL44GV44GE44CC5LiH44GM5LiA44CB5ZWG5ZOB55m66YCB5b6M44Gr5LiN5Y+v5Zyw5Z+f44Go5Yik5piO44GX44Gf5aC05ZCI44Gv44GZ44G544Gm44Gu5omL5pWw5paZ44KS44GK5a6i5qeY44Gr44GU6LKg5ouF6aCC44GN44G+44GZ44CCPC9zcGFuPjwvcD4KCjxociAvPgoKPC9kaXY+IC0tPgoKPCEtLSDilrLilrLjgIDnhormnKzlnLDpnIfms6jmhI/mm7jjgY3jgIDilrLilrIgLS0+,44K/44K444OeIOOBr+OChOOBvuOBjeeUqOODj+ODs+ODieODqyBIU1AzLUhORO+8muW3peWFt+Wxi+OAjOOBvuOBhOOBqe+8geOAjQ==,5bel5YW36Zu75YuV5bel5YW35L2c5qWt5bel5YW35YWF6Zu75bel5YW35aSn5bel5p2+5LiL5pel56uL44Oc44OD44K344Ol44Os44O844K244O86YeR54mp5YWF6Zu75bel5YW35ris5a6aTEFO44K/44K544Kz44K444Oj44OR44Oz6Zu75p2Q44K/44K444OeIOOBr+OChOOBvuOBjeeUqOODj+ODs+ODieODqyBIU1AzLUhORA==,44CQ5Luj6KGo55S75YOPIOiJsi/jgrXjgqTjgrrnrYnms6jmhI/jgJHjgILjgr/jgrjjg54g44Gv44KE44G+44GN55So44OP44Oz44OJ44OrIEhTUDMtSE5E[rn]
31-2699,aHR0cDovL3RzaG9wLnIxMHMuanAva2ctbWFpZG8vY2FiaW5ldC9heGJyYWluL2F4Yi0wMTAwNjk1MS5qcGc/Zml0aW49NzAwOjcwMA==,MTM4MC4wMDAw,,6Iqx44O744Ks44O844OH44Oz44O7RElZID4gRElZ44O75bel5YW3ID4g6KiI5ris5bel5YW3ID4g44Oh44K444Oj44O844O75be75bC6,44Ki44OD44Kv44K544OW44Os44O844OzIOODr+OCpOODq+ODieODleODg+OCr+OCs+ODs+ODmSBXSDI3TC01NUI=,,PHA+44CQ44Oh44O844Kr44O85ZCN44CRPGJyPgril4/jgqLjg4Pjgq/jgrnjg5bjg6zjg7zjg7PvvIjmoKrvvIk8YnI+Cjxicj4K44CQ55So6YCU44CRPGJyPgril4/jg5fjg4Pjgrfjg6XlvI/jg63jg4Pjgq/jgILmlrDmqZ/og73jga7jg5fjg4Pjgrfjg6XlvI/jg63jg4Pjgq/jgafjg4bjg7zjg5fjga7lh7rjgZflhaXjgozjgYznsKHljZjkvr/liKnjgafjgZnjgII8YnI+CuKXj+OCueODgeODvOODq+ijveODhuODvOODl+OAguiAkOS5heaAp+OBruOBguOCi+eEvOS7mOWhl+ijhe+8humrmOe0muaEn+OBruOBguOCi+WFieayouS7leS4iuOBku+8gTxicj4K4peP44Kr44Ku5LuY56e75YuV54iq44CC44OR44Kk44OX44CB44Oc44O844OJKDltbeWOmuOBvuOBpynnrYnjgavlvJXjgaPmjpvjgZHjgabmpb3jgavkvZzmpa3jgafjgY3jgb7jgZnjgII8YnI+CuKXjzDngrnoo5zmraPku5jjgILjg57jgrDjg43jg4Pjg4jku5jniKrjga7ljprjgZXjgavjgojjgovoqqTlt67jgpLnp7vli5XniKrjgafoo5zmraPjgZfjgb7jgZkhITxicj4KPGJyPgrjgJDku5Xmp5jjgJE8YnI+CuKXjzUuNW0gdy0yN21t44O744Oh44O844OI44Or55uu55ubPC9wPjwhLS08cD48aW1nIHNyYz0iaHR0cDovL2ltYWdlLnJha3V0ZW4uY28uanAva2ctbWFpZG8vY2FiaW5ldC9pbmRleC9yYWt1dGVuX3NzXzEwMTIuanBnIiBib3JkZXI9IjAiIGFsdD0i44Od44Kk44Oz44OI44Kt44Oj44Oz44Oa44O844OzIj48L3A+LS0+CjxwPjwvcD4KCjwhLS0gPHA+PGltZyBzcmM9Imh0dHA6Ly9pbWFnZS5yYWt1dGVuLmNvLmpwL2tnLW1haWRvL2NhYmluZXQvbGF5b3V0X2ltZy9ub3RpY2VfYmFubmVyLmpwZyIgYm9yZGVyPSIwIiBhbHQ9IumAmuefpSIgc3R5bGU9Im1hcmdpbi1ib3R0b206M3B4OyI+PC9wPiAtLT4KCjwhLS0g4pa84pa844CA54aK5pys5Zyw6ZyH5rOo5oSP5pu444GN44CA4pa84pa8IC0tPgoKPCEtLSA8ZGl2PgoKPGhyIC8+Cgo8aDQgY2xhc3M9InR0X3NkdGV4dCI+54aK5pys55yM44KS5Lit5b+D44Go44GZ44KL5Zyw6ZyH44Gr44KI44KL6YWN6YCB44G444Gu5b2x6Z+/44Gr44Gk44GE44Gm44CCPC9oND4KPHAgY2xhc3M9InNkdGV4dF90eHQiPuWQhOmFjemAgealreiAheOBq+OBpuS5neW3nuWcsOaWueOBuOOBrumFjemBlOS4jeWPr+WcsOWfn+OBjOeZuueUn+OBl+OBpuOBiuOCiuOBvuOBmeOAguWcsOWfn+OBruips+e0sOOBr+WQhOmFjemAgealreiAheOBruOCteOCpOODiOOBq+OBpuOBlOeiuuiqjeOBj+OBoOOBleOBhOOAgjxicj4KPHNwYW4gY2xhc3M9InJlZCI+6YWN6YGU5LiN5Y+v44Gr6Kmy5b2T44GZ44KL5Zyw5Z+f44Gv44CB44GU5rOo5paH6aCC44GN44G+44GX44Gm44KC44GK5bGK44GR44Gn44GN44G+44Gb44KT44Gu44Gn44GU6YGg5oWu5LiL44GV44GE44CC5LiH44GM5LiA44CB5ZWG5ZOB55m66YCB5b6M44Gr5LiN5Y+v5Zyw5Z+f44Go5Yik5piO44GX44Gf5aC05ZCI44Gv44GZ44G544Gm44Gu5omL5pWw5paZ44KS44GK5a6i5qeY44Gr44GU6LKg5ouF6aCC44GN44G+44GZ44CCPC9zcGFuPjwvcD4KCjxociAvPgoKPC9kaXY+IC0tPgoKPCEtLSDilrLilrLjgIDnhormnKzlnLDpnIfms6jmhI/mm7jjgY3jgIDilrLilrIgLS0+,44Ki44OD44Kv44K544OW44Os44O844OzIOODr+OCpOODq+ODieODleODg+OCr+OCs+ODs+ODmSBXSDI3TC01NULvvJrlt6XlhbflsYvjgIzjgb7jgYTjganvvIHjgI0=,5bel5YW36Zu75YuV5bel5YW35L2c5qWt5bel5YW35YWF6Zu75bel5YW35aSn5bel5p2+5LiL5pel56uL44Oc44OD44K344Ol44Os44O844K244O86YeR54mp5YWF6Zu75bel5YW35ris5a6aTEFO44K/44K544Kz44K444Oj44OR44Oz6Zu75p2Q44Ki44OD44Kv44K544OW44Os44O844OzIOODr+OCpOODq+ODieODleODg+OCr+OCs+ODs+ODmSBXSDI3TC01NUI=,44Ki44OD44Kv44K544OW44Os44O844OzIOODr+OCpOODq+ODieODleODg+OCr+OCs+ODs+ODmSBXSDI3TC01NUI=[rn]
31-2700,aHR0cDovL3RzaG9wLnIxMHMuanAva2ctbWFpZG8vY2FiaW5ldC90YWppbWEwMS9zczI1NTVzLmpwZz9maXRpbj03MDA6NzAw,MTk5Ni44MDAw,,6Iqx44O744Ks44O844OH44Oz44O7RElZID4gRElZ44O75bel5YW3ID4g6KiI5ris5bel5YW3ID4g44Oh44K444Oj44O844O75be75bC6,44K/44K444Oe44OE44O844OrIFRhamltYSDOo+OCueODiOODg+ODlzI1IOWwuuebuOW9k+ebruebm+S7mCgxNjUvMzNtKSBTUzI1NTVT,44Oh44K444Oj44O8IOW3u+WwuiDjgrnjgrHjg7zjg6sg44Kz44Oz44OZ44OD44Kv44K5,PCEtLSBISVQjI1MgLS0+PHA+44CQ44Oh44O844Kr44O844CRPGJyPgril4/vvIjmoKrvvInvvLTvvKrvvK3jg4fjgrbjgqTjg7M8YnI+Cjxicj4K44CQ54m56ZW344CRPGJyPgril4/liZvljprjg4bjg7zjg5fku5Xmp5jjgqrjg7zjg4jjgrnjg4jjg4Pjg5fjgr/jgqTjg5fjgrPjg7Pjg5njg4Pjgq/jgrk8YnI+CuKXj0pJUzHntJrvvIjjg6Hjg7zjg4jjg6vnm67nm5vjga7jgb/vvIk8YnI+CuKXj+ODqOODs+OCtOODvOOCtOODvOODlOODg+ODgeihqOekuu+8iOKGk++8ieS7mDxicj4K44O744OG44O844OX5p2Q6LOqU0s4Ne+8iOaXp1NLNe+8iTxicj4K44O744OQ44ON5p2Q6LOqU0s4Ne+8iOaXp1NLNe+8iTxicj4K44O744Kx44O844K55p2Q6LOqQUJT5qi56ISCPGJyPgril4/jgrnjg4jjg6njg4Pjg5fku5g8YnI+CuKXj+Wkp+Wei+ODmeODq+ODiOOCr+ODquODg+ODl+S7mDxicj4K4pePMOeCueijnOato+enu+WLleeIqjxicj4K4peP5by35bqm44Gr5YSq44KM44Gf54S844GN54iq5LuV5qeYPGJyPgril4/niKrpo5vjgbPpmLLmraLnlKjjg5fjg63jg4bjgq/jgr/jg7zku5g8YnI+Cjxicj4K44CQ5LuV5qeY44CRPGJyPgril4/plbfjgZXvvJo1LjVtPGJyPgril4/nm67nm5vku5Xmp5jvvJrlsLrnm7jlvZPnm67nm5vku5goMTgyLzMzbSk8YnI+CuKXj+WMheijheW9ouW8j++8muODluODquOCueOCv+ODvDxicj4K4peP6KO95ZOB6YeN6YeP77yaMzYwZzxicj4K4peP5YyF6KOF5a+45rOV77yIbW3vvInjgr/jg4bDl+ODqOOCs8OX44Ki44OE44K177yaMTMyw5cxMTLDlzQyPGJyPgril49KQU7jgrPjg7zjg4nvvJo0OTc1MzY0MTIwNjQ5PC9wPjwhLS0gSElUIyNFIC0tPjwhLS0gSElUIyNTIC0tPjwhLS0gSElUIyNFIC0tPjwhLS0gSElUIyNTIC0tPjwhLS0gSElUIyNLQU5SRU4jU1RBUlQgLS0+PCEtLSBAQEBAU1MxMy1SRUQgU1MxM1MtMkggU1MxM1MtSEIgU1MxM1MtUkVEIFNTMjBNSC1IQiBTUzI1NTUgU1NBLU1TIFNUUS1PRCBTVFEtWVQgU1VNMTAtV0FUQEBAQCAtLT4KCjxCUj48QlI+PEI+PEZPTlQgY29sb3I9IiMzMzMzMzMiPuOAkOmWoumAo+WVhuWTgeOAkTwvRk9OVD48L0I+Cgo8YnI+Cgo8VEFCTEUgYm9yZGVyPSIwIiBiZ2NvbG9yPSIjZTVlNWU1Ij4KCjxUUj4KCjxURCBhbGlnbj0iY2VudGVyIiB2YWxpZ249InRvcCIgd2lkdGg9IjE0MCI+PEZPTlQgc2l6ZT0iMSI+CgoKCjxJTUcgU1JDPSJodHRwOi8vaW1hZ2UucmFrdXRlbi5jby5qcC9rZy1tYWlkby9jYWJpbmV0L3RhamltYTAxL3NzMTMtcmVkLmpwZyIgQUxUPSJTUzEzLVJFRCIgQk9SREVSPSIwIiBXSURUSD0iMTAwIj4KCjxCUj4KCgoKPEZPTlQgQ09MT1I9IiMzMzMzMzMiPgoK44K/44K444Oe44OE44O844OrIFRhamltYSDjgZnjgb/jgaTjgZHjgrfjg6Pjg7zjg5fjgIgxLjNtbeOAieehrOizqui1pCBTUzEzLVJFRAoKPC9GT05UPgoKPEJSPgoKPC9URD4KCjxURCBhbGlnbj0iY2VudGVyIiB2YWxpZ249InRvcCIgd2lkdGg9IjE0MCI+PEZPTlQgc2l6ZT0iMSI+CgoKCjxJTUcgU1JDPSJodHRwOi8vaW1hZ2UucmFrdXRlbi5jby5qcC9rZy1tYWlkby9jYWJpbmV0L3RhamltYTAxL3NzMTNzLTJoLmpwZyIgQUxUPSJTUzEzUy0ySCIgQk9SREVSPSIwIiBXSURUSD0iMTAwIj4KCjxCUj4KCgoKPEZPTlQgQ09MT1I9IiMzMzMzMzMiPgoK44K/44K444Oe44OE44O844OrIFRhamltYSDjgZnjgb/jgaTjgZHjgrfjg6Pjg7zjg5fjgIgxLjNtbeOAieOBi+OBn+OCgTJI5pu/6IqvKDbmnKzlhaUpIFNTMTNTLTJICgo8L0ZPTlQ+Cgo8QlI+Cgo8L1REPgoKPFREIGFsaWduPSJjZW50ZXIiIHZhbGlnbj0idG9wIiB3aWR0aD0iMTQwIj48Rk9OVCBzaXplPSIxIj4KCgoKPElNRyBTUkM9Imh0dHA6Ly9pbWFnZS5yYWt1dGVuLmNvLmpwL2tnLW1haWRvL2NhYmluZXQvdGFqaW1hMDEvc3MxM3MtaGIuanBnIiBBTFQ9IlNTMTNTLUhCIiBCT1JERVI9IjAiIFdJRFRIPSIxMDAiPgoKPEJSPgoKCgo8Rk9OVCBDT0xPUj0iIzMzMzMzMyI+Cgrjgr/jgrjjg57jg4Tjg7zjg6sgVGFqaW1hIOOBmeOBv+OBpOOBkeOCt+ODo+ODvOODl+OAiDEuM21t44CJ44G144Gk44GGSELmm7/oiq8oNuacrOWFpSkgU1MxM1MtSEIKCjwvRk9OVD4KCjxCUj4KCjwvVEQ+Cgo8VEQgYWxpZ249ImNlbnRlciIgdmFsaWduPSJ0b3AiIHdpZHRoPSIxNDAiPjxGT05UIHNpemU9IjEiPgoKCgo8SU1HIFNSQz0iaHR0cDovL2ltYWdlLnJha3V0ZW4uY28uanAva2ctbWFpZG8vY2FiaW5ldC90YWppbWEwMS9zczEzcy1yZWQuanBnIiBBTFQ9IlNTMTNTLVJFRCIgQk9SREVSPSIwIiBXSURUSD0iMTAwIj4KCjxCUj4KCgoKPEZPTlQgQ09MT1I9IiMzMzMzMzMiPgoK44K/44K444Oe44OE44O844OrIFRhamltYSDjgZnjgb/jgaTjgZHjgrfjg6Pjg7zjg5fjgIgxLjNtbeOAieehrOizqui1pOabv+iKryg25pys5YWlKSBTUzEzUy1SRUQKCjwvRk9OVD4KCjxCUj4KCjwvVEQ+Cgo8VEQgYWxpZ249ImNlbnRlciIgdmFsaWduPSJ0b3AiIHdpZHRoPSIxNDAiPjxGT05UIHNpemU9IjEiPgoKCgo8SU1HIFNSQz0iaHR0cDovL2ltYWdlLnJha3V0ZW4uY28uanAva2ctbWFpZG8vY2FiaW5ldC90YWppbWEwMS9zczIwbWgtaGIuanBnIiBBTFQ9IlNTMjBNSC1IQiIgQk9SREVSPSIwIiBXSURUSD0iMTAwIj4KCjxCUj4KCgoKPEZPTlQgQ09MT1I9IiMzMzMzMzMiPgoK44K/44K444Oe44OE44O844OrIFRhamltYSDjgZnjgb/jgaTjgZHjgrfjg6Pjg7zjg5fjgIgyLjBtbeOAieODoeOCv+ODq+ODmOODg+ODiSBTUzIwTUgtSEIKCjwvRk9OVD4KCjxCUj4KCjwvVEQ+Cgo8L1RSPgoKPFRSPgoKPFREIGFsaWduPSJjZW50ZXIiIHZhbGlnbj0idG9wIiB3aWR0aD0iMTQwIj48Rk9OVCBzaXplPSIxIj4KCgoKPElNRyBTUkM9Imh0dHA6Ly9pbWFnZS5yYWt1dGVuLmNvLmpwL2tnLW1haWRvL2NhYmluZXQvdGFqaW1hMDEvc3MyNTU1LmpwZyIgQUxUPSJTUzI1NTUiIEJPUkRFUj0iMCIgV0lEVEg9IjEwMCI+Cgo8QlI+CgoKCjxGT05UIENPTE9SPSIjMzMzMzMzIj4KCuOCv+OCuOODnuODhOODvOODqyBUYWppbWEgzqPjgrnjg4jjg4Pjg5cyNSjjg6Hjg7zjg4jjg6vnm67nm5spIFNTMjU1NQoKPC9GT05UPgoKPEJSPgoKPC9URD4KCjxURCBhbGlnbj0iY2VudGVyIiB2YWxpZ249InRvcCIgd2lkdGg9IjE0MCI+PEZPTlQgc2l6ZT0iMSI+CgoKCjxJTUcgU1JDPSJodHRwOi8vaW1hZ2UucmFrdXRlbi5jby5qcC9rZy1tYWlkby9jYWJpbmV0L3RhamltYTAxL3NzYS1tcy5qcGciIEFMVD0iU1NBLU1TIiBCT1JERVI9IjAiIFdJRFRIPSIxMDAiPgoKPEJSPgoKCgo8Rk9OVCBDT0xPUj0iIzMzMzMzMyI+Cgrjgr/jgrjjg57jg4Tjg7zjg6sgVGFqaW1hIOWiqOW3ruOBl+eUqOaWh+Wtl+abuOOBjeiKryBTU0EtTVMKCjwvRk9OVD4KCjxCUj4KCjwvVEQ+Cgo8VEQgYWxpZ249ImNlbnRlciIgdmFsaWduPSJ0b3AiIHdpZHRoPSIxNDAiPjxGT05UIHNpemU9IjEiPgoKCgo8SU1HIFNSQz0iaHR0cDovL2ltYWdlLnJha3V0ZW4uY28uanAva2ctbWFpZG8vY2FiaW5ldC90YWppbWEwMS9zdHEtb2QuanBnIiBBTFQ9IlNUUS1PRCIgQk9SREVSPSIwIiBXSURUSD0iMTAwIj4KCjxCUj4KCgoKPEZPTlQgQ09MT1I9IiMzMzMzMzMiPgoK44K/44K444Oe44OE44O844OrIFRhamltYSDkuInohJoo55CD6Z2i44K/44Kk44OXKSBTVFEtT0QKCjwvRk9OVD4KCjxCUj4KCjwvVEQ+Cgo8VEQgYWxpZ249ImNlbnRlciIgdmFsaWduPSJ0b3AiIHdpZHRoPSIxNDAiPjxGT05UIHNpemU9IjEiPgoKCgo8SU1HIFNSQz0iaHR0cDovL2ltYWdlLnJha3V0ZW4uY28uanAva2ctbWFpZG8vY2FiaW5ldC90YWppbWEwMS9zdHEteXQuanBnIiBBTFQ9IlNUUS1ZVCIgQk9SREVSPSIwIiBXSURUSD0iMTAwIj4KCjxCUj4KCgoKPEZPTlQgQ09MT1I9IiMzMzMzMzMiPgoK44K/44K444Oe44OE44O844OrIFRhamltYSDkuInohJoo5bmz6Z2i44K/44Kk44OXKSBTVFEtWVQKCjwvRk9OVD4KCjxCUj4KCjwvVEQ+Cgo8VEQgYWxpZ249ImNlbnRlciIgdmFsaWduPSJ0b3AiIHdpZHRoPSIxNDAiPjxGT05UIHNpemU9IjEiPgoKCgo8SU1HIFNSQz0iaHR0cDovL2ltYWdlLnJha3V0ZW4uY28uanAva2ctbWFpZG8vY2FiaW5ldC90YWppbWEwMS9zdW0xMC13YXQuanBnIiBBTFQ9IlNVTTEwLVdBVCIgQk9SREVSPSIwIiBXSURUSD0iMTAwIj4KCjxCUj4KCgoKPEZPTlQgQ09MT1I9IiMzMzMzMzMiPgoK44K/44K444Oe44OE44O844OrIFRhamltYSDjg5Hjg7zjg5Xjgqfjgq/jg4gg5aKo44Gk44G8MTDjgaTjgbzntr/jgrvjg4Pjg4ggU1VNMTAtV0FUCgo8L0ZPTlQ+Cgo8QlI+Cgo8L1REPgoKPC9UUj4KCjwvVEFCTEU+Cgo8IS0tIEhJVCMjS0FOUkVOI0VORCAtLT48IS0tIEhJVCMjRSAtLT48IS0tPHA+PGltZyBzcmM9Imh0dHA6Ly9pbWFnZS5yYWt1dGVuLmNvLmpwL2tnLW1haWRvL2NhYmluZXQvaW5kZXgvcmFrdXRlbl9zc18xMDEyLmpwZyIgYm9yZGVyPSIwIiBhbHQ9IuODneOCpOODs+ODiOOCreODo+ODs+ODmuODvOODsyI+PC9wPi0tPgo8cD48L3A+Cgo8IS0tIDxwPjxpbWcgc3JjPSJodHRwOi8vaW1hZ2UucmFrdXRlbi5jby5qcC9rZy1tYWlkby9jYWJpbmV0L2xheW91dF9pbWcvbm90aWNlX2Jhbm5lci5qcGciIGJvcmRlcj0iMCIgYWx0PSLpgJrnn6UiIHN0eWxlPSJtYXJnaW4tYm90dG9tOjNweDsiPjwvcD4gLS0+Cgo8IS0tIOKWvOKWvOOAgOeGiuacrOWcsOmch+azqOaEj+abuOOBjeOAgOKWvOKWvCAtLT4KCjwhLS0gPGRpdj4KCjxociAvPgoKPGg0IGNsYXNzPSJ0dF9zZHRleHQiPueGiuacrOecjOOCkuS4reW/g+OBqOOBmeOCi+WcsOmch+OBq+OCiOOCi+mFjemAgeOBuOOBruW9semfv+OBq+OBpOOBhOOBpuOAgjwvaDQ+CjxwIGNsYXNzPSJzZHRleHRfdHh0Ij7lkITphY3pgIHmpa3ogIXjgavjgabkuZ3lt57lnLDmlrnjgbjjga7phY3pgZTkuI3lj6/lnLDln5/jgYznmbrnlJ/jgZfjgabjgYrjgorjgb7jgZnjgILlnLDln5/jga7oqbPntLDjga/lkITphY3pgIHmpa3ogIXjga7jgrXjgqTjg4jjgavjgabjgZTnorroqo3jgY/jgaDjgZXjgYTjgII8YnI+CjxzcGFuIGNsYXNzPSJyZWQiPumFjemBlOS4jeWPr+OBq+ipsuW9k+OBmeOCi+WcsOWfn+OBr+OAgeOBlOazqOaWh+mgguOBjeOBvuOBl+OBpuOCguOBiuWxiuOBkeOBp+OBjeOBvuOBm+OCk+OBruOBp+OBlOmBoOaFruS4i+OBleOBhOOAguS4h+OBjOS4gOOAgeWVhuWTgeeZuumAgeW+jOOBq+S4jeWPr+WcsOWfn+OBqOWIpOaYjuOBl+OBn+WgtOWQiOOBr+OBmeOBueOBpuOBruaJi+aVsOaWmeOCkuOBiuWuouanmOOBq+OBlOiyoOaLhemgguOBjeOBvuOBmeOAgjwvc3Bhbj48L3A+Cgo8aHIgLz4KCjwvZGl2PiAtLT4KCjwhLS0g4pay4pay44CA54aK5pys5Zyw6ZyH5rOo5oSP5pu444GN44CA4pay4payIC0tPg==,44K/44K444Oe44OE44O844OrIFRhamltYSDOo+OCueODiOODg+ODlzI1IOWwuuebuOW9k+ebruebm+S7mCgxNjUvMzNtKSBTUzI1NTVT77ya5bel5YW35bGL44CM44G+44GE44Gp77yB44CN,5bel5YW36Zu75YuV5bel5YW35L2c5qWt5bel5YW35YWF6Zu75bel5YW35aSn5bel5p2+5LiL5pel56uL44Oc44OD44K344Ol44Os44O844K244O86YeR54mp5YWF6Zu75bel5YW35ris5a6aTEFO44K/44K544Kz44K444Oj44OR44Oz6Zu75p2Q44K/44K444Oe44OE44O844OrIFRhamltYSDOo+OCueODiOODg+ODlzI1IOWwuuebuOW9k+ebruebm+S7mCgxNjUvMzNtKSBTUzI1NTVT,44Oh44K444Oj44O8IOW3u+WwuiDjgrnjgrHjg7zjg6sg44Kz44Oz44OZ44OD44Kv44K5IOOAguOCv+OCuOODnuODhOODvOODqyBUYWppbWEgzqPjgrnjg4jjg4Pjg5cyNSDlsLrnm7jlvZPnm67nm5vku5goMTY1LzMzbSkgU1MyNTU1Uw==[rn]
