15-190201,aHR0cDovL3RzaG9wLnIxMHMuanAvbmNjcGFydHMvY2FiaW5ldC9wcm9kdWN0cy9jZWwxMDEuanBnP2ZpdGluPTcwMDo3MDA=,MTEyMDAuMDAwMA==,,6LuK55So5ZOB44O744OQ44Kk44Kv55So5ZOBID4g44Kr44O855So5ZOBID4g6Zu75a2Q44OR44O844OEID4g44K544K/44O844K/44O844Oi44O844K/44O8,44CQ44OI44Oo44K/44CR44CQ6YGp5ZCI6LuK56iuOuODtOOCo+ODg+ODhOOAkeODquODk+ODq+ODiOOCu+ODq+ODouODvOOCv+ODvC/jgrnjgr/jg7zjgr/jg7zjgJDou4rovIzlnovlvI86KFNDUDEwL1NDUDEzKS/ntJTmraPlk4Hnlao6KDI4MTAwLTIxMDMwLzI4MTAwLTIxMDMxKeOAkQ==,,PENFTlRFUj4gCjxpbWcgc3JjPSJodHRwOi8vaW1hZ2UucmFrdXRlbi5jby5qcC9uY2NwYXJ0cy9jYWJpbmV0L3Byb2R1Y3RzL2NlbDEwMS5qcGciIHdpZHRoPSIzMDgiPjxicj48YnI+Cjx0YWJsZSB3aWR0aD0iMTAwJSIgYm9yZGVyPSIwIiBjZWxsc3BhY2luZz0iMSIgY2VsbHBhZGRpbmc9IjUiIGJnY29sb3I9IiMwMEIwRjAiPjx0cj4KPHRoIGNvbHNwYW49IjIiPuODquODk+ODq+ODiCDjgrvjg6vjg6Ljg7zjgr/jg7wv44K544K/44O844K/44O8PC90aD48L3RyPjx0cj4KPHRoIGJnY29sb3I9IiNGRkZGRkYiIGFsaWduPSJsZWZ0Ij7jg6Hjg7zjgqvjg7zlkI08L3RoPjx0ZCBiZ2NvbG9yPSIjRkZGRkZGIiB3aWR0aD0iNzUlIj7jg4jjg6jjgr88L3RkPjwvdHI+PHRyPgo8dGggYmdjb2xvcj0iI0ZGRkZGRiIgYWxpZ249ImxlZnQiPumBqeWQiOi7iueorjwvdGg+PHRkIGJnY29sb3I9IiNGRkZGRkYiIHdpZHRoPSI3NSUiPuODtOOCo+ODg+ODhDwvdGQ+PC90cj48dHI+Cjx0aCBiZ2NvbG9yPSIjRkZGRkZGIiBhbGlnbj0ibGVmdCI+6YGp5ZCI5Z6L5byPPC90aD48dGQgYmdjb2xvcj0iI0ZGRkZGRiIgd2lkdGg9Ijc1JSI+U0NQMTAvU0NQMTM8L3RkPjwvdHI+Cjx0cj48dGggYmdjb2xvcj0iI0ZGRkZGRiIgYWxpZ249ImxlZnQiPue0lOato+WTgeeVqjwvdGg+PHRkIGJnY29sb3I9IiNGRkZGRkYiIHdpZHRoPSI3NSUiPjI4MTAwLTIxMDMwLzI4MTAwLTIxMDMxPC90ZD48L3RyPjx0cj4KPHRoIGJnY29sb3I9IiNGRkZGRkYiIGFsaWduPSJsZWZ0Ij7jg6Hjg7zjgqvjg7zlk4Hnlao8L3RoPjx0ZCBiZ2NvbG9yPSIjRkZGRkZGIiB3aWR0aD0iNzUlIj4yMjgwMDAtODM2MDwvdGQ+PC90cj48dHI+Cjx0aCBiZ2NvbG9yPSIjRkZGRkZGIiBhbGlnbj0ibGVmdCI+5L+d6Ki8PC90aD48dGQgYmdjb2xvcj0iI0ZGRkZGRiIgd2lkdGg9Ijc1JSI+MeW5tOWPiOOBrzHkuIfjgq3jg608L3RkPjwvdHI+IDx0cj4KPHRoIGJnY29sb3I9IiNGRkZGRkYiIGFsaWduPSJsZWZ0Ij7phY3pgIHljLrliIY8L3RoPjx0ZCBiZ2NvbG9yPSIjRkZGRkZGIiB3aWR0aD0iNzUlIj5B44Op44Oz44KvPC90ZD48L3RyPjwvdGFibGU+PGJyPgo8L0NFTlRFUj4gCuODquODk+ODq+ODiOWTgeOBr+S4reWPpOmDqOWTgeOCkuWujOWFqOOBq+WIhuino+ODu+a0l+a1hOOBl+OAgea2iOiAl+WTgeOBiuOCiOOBs+S4jeiJr+mDqOWTgeOCkuS6pOaPm+OBl+OBn+OAgeOCquODvOODkOODvOODm+ODvOODq+WTgeOBp+OBmeOAguOBu+OBqOOCk+OBqeaWsOWTgeWQjOanmOOBruS7leS4iuOBjOOCiuOBp+OBmeOAguWujOaIkOW+jOOBq+WTgeizquODgeOCp+ODg+OCr++8iOWLleS9nOeiuuiqje+8iea4iOOBv+OBp+OBmeOAgg==,44CQ44OI44Oo44K/44CR44CQ6YGp5ZCI6LuK56iuOuODtOOCo+ODg+ODhOOAkeODquODk+ODq+ODiOOCu+ODq+ODouODvOOCv+ODvC/jgrnjgr/jg7zjgr/jg7zjgJDou4rovIzlnovlvI86KFNDUDEwL1NDUDEzKS/ntJTmraPlk4Hnlao6KDI4MTAwLTIxMDMwLzI4MTAwLTIxMDMxKeOAke+8mk5DQ+mDqOWTgeOCu+ODs+OCv+ODvA==,44Kq44Or44K/44ON44O844K/44O844K744Or44Oi44O844K/44O844Kz44Oz44OX44Os44OD44K144OJ44Op44Kk44OW44K344Oj44OV44OI44Op44OD44Kv44OU44OL44Kq44Oz44Ko44Oz44K444Oz44Of44OD44K344On44Oz44K/44O844Oc44K/44O844OT44Oz44OT44K544Kr44K544CQ44OI44Oo44K/44CR44CQ6YGp5ZCI6LuK56iuOuODtOOCo+ODg+ODhOOAkeODquODk+ODq+ODiOOCu+ODq+ODouODvOOCv+ODvC/jgrnjgr/jg7zjgr/jg7zjgJDou4rovIzlnovlvI86KFNDUDEwL1NDUDEzKS/ntJTmraPlk4Hnlao6KDI4MTAwLTIxMDMwLzI4MTAwLTIxMDMxKeOAkQ==,44CQ44OI44Oo44K/44CR44CQ6YGp5ZCI6LuK56iuOuODtOOCo+ODg+ODhOOAkeODquODk+ODq+ODiOOCu+ODq+ODouODvOOCv+ODvC/jgrnjgr/jg7zjgr/jg7zjgJDou4rovIzlnovlvI86KFNDUDEwL1NDUDEzKS/ntJTmraPlk4Hnlao6KDI4MTAwLTIxMDMwLzI4MTAwLTIxMDMxKeOAkQ==[rn]
15-190202,aHR0cDovL3RzaG9wLnIxMHMuanAvbmNjcGFydHMvY2FiaW5ldC9wcm9kdWN0cy9jZWwyMDEuanBnP2ZpdGluPTcwMDo3MDA=,MTQ4MDAuMDAwMA==,,6LuK55So5ZOB44O744OQ44Kk44Kv55So5ZOBID4g44Kr44O855So5ZOBID4g6Zu75a2Q44OR44O844OEID4g44K544K/44O844K/44O844Oi44O844K/44O8,44CQ5pel55Sj44CR44CQ6YGp5ZCI6LuK56iuOuODm+ODvOODn+ODvOOAkeODquODk+ODq+ODiOOCu+ODq+ODouODvOOCv+ODvC/jgrnjgr/jg7zjgr/jg7zjgJDou4rovIzlnovlvI86KENSR0UyNC9BUkdFMjQvQVJFMjQpL+e0lOato+WTgeeVqjoyMzMwMC02NU41MeOAkQ==,,PENFTlRFUj4gCjxpbWcgc3JjPSJodHRwOi8vaW1hZ2UucmFrdXRlbi5jby5qcC9uY2NwYXJ0cy9jYWJpbmV0L3Byb2R1Y3RzL2NlbDIwMS5qcGciIHdpZHRoPSIzMDgiPjxicj48YnI+Cjx0YWJsZSB3aWR0aD0iMTAwJSIgYm9yZGVyPSIwIiBjZWxsc3BhY2luZz0iMSIgY2VsbHBhZGRpbmc9IjUiIGJnY29sb3I9IiMwMEIwRjAiPjx0cj4KPHRoIGNvbHNwYW49IjIiPuODquODk+ODq+ODiCDjgrvjg6vjg6Ljg7zjgr/jg7wv44K544K/44O844K/44O8PC90aD48L3RyPjx0cj4KPHRoIGJnY29sb3I9IiNGRkZGRkYiIGFsaWduPSJsZWZ0Ij7jg6Hjg7zjgqvjg7zlkI08L3RoPjx0ZCBiZ2NvbG9yPSIjRkZGRkZGIiB3aWR0aD0iNzUlIj7ml6XnlKM8L3RkPjwvdHI+PHRyPgo8dGggYmdjb2xvcj0iI0ZGRkZGRiIgYWxpZ249ImxlZnQiPumBqeWQiOi7iueorjwvdGg+PHRkIGJnY29sb3I9IiNGRkZGRkYiIHdpZHRoPSI3NSUiPuODm+ODvOODn+ODvDwvdGQ+PC90cj48dHI+Cjx0aCBiZ2NvbG9yPSIjRkZGRkZGIiBhbGlnbj0ibGVmdCI+6YGp5ZCI5Z6L5byPPC90aD48dGQgYmdjb2xvcj0iI0ZGRkZGRiIgd2lkdGg9Ijc1JSI+Q1JHRTI0L0FSR0UyNC9BUkUyNDwvdGQ+PC90cj4KPHRyPjx0aCBiZ2NvbG9yPSIjRkZGRkZGIiBhbGlnbj0ibGVmdCI+57SU5q2j5ZOB55WqPC90aD48dGQgYmdjb2xvcj0iI0ZGRkZGRiIgd2lkdGg9Ijc1JSI+MjMzMDAtNjVONTE8L3RkPjwvdHI+PHRyPgo8dGggYmdjb2xvcj0iI0ZGRkZGRiIgYWxpZ249ImxlZnQiPuODoeODvOOCq+ODvOWTgeeVqjwvdGg+PHRkIGJnY29sb3I9IiNGRkZGRkYiIHdpZHRoPSI3NSUiPlMxMy0zMDc8L3RkPjwvdHI+PHRyPgo8dGggYmdjb2xvcj0iI0ZGRkZGRiIgYWxpZ249ImxlZnQiPuS/neiovDwvdGg+PHRkIGJnY29sb3I9IiNGRkZGRkYiIHdpZHRoPSI3NSUiPjHlubTlj4jjga8x5LiH44Kt44OtPC90ZD48L3RyPiA8dHI+Cjx0aCBiZ2NvbG9yPSIjRkZGRkZGIiBhbGlnbj0ibGVmdCI+6YWN6YCB5Yy65YiGPC90aD48dGQgYmdjb2xvcj0iI0ZGRkZGRiIgd2lkdGg9Ijc1JSI+QeODqeODs+OCrzwvdGQ+PC90cj48L3RhYmxlPjxicj4KPC9DRU5URVI+IArjg6rjg5Pjg6vjg4jlk4Hjga/kuK3lj6Tpg6jlk4HjgpLlrozlhajjgavliIbop6Pjg7vmtJfmtYTjgZfjgIHmtojogJflk4HjgYrjgojjgbPkuI3oia/pg6jlk4HjgpLkuqTmj5vjgZfjgZ/jgIHjgqrjg7zjg5Djg7zjg5vjg7zjg6vlk4HjgafjgZnjgILjgbvjgajjgpPjganmlrDlk4HlkIzmp5jjga7ku5XkuIrjgYzjgorjgafjgZnjgILlrozmiJDlvozjgavlk4Hos6rjg4Hjgqfjg4Pjgq/vvIjli5XkvZznorroqo3vvInmuIjjgb/jgafjgZnjgII=,44CQ5pel55Sj44CR44CQ6YGp5ZCI6LuK56iuOuODm+ODvOODn+ODvOOAkeODquODk+ODq+ODiOOCu+ODq+ODouODvOOCv+ODvC/jgrnjgr/jg7zjgr/jg7zjgJDou4rovIzlnovlvI86KENSR0UyNC9BUkdFMjQvQVJFMjQpL+e0lOato+WTgeeVqjoyMzMwMC02NU41MeOAke+8mk5DQ+mDqOWTgeOCu+ODs+OCv+ODvA==,44Kq44Or44K/44ON44O844K/44O844K744Or44Oi44O844K/44O844Kz44Oz44OX44Os44OD44K144OJ44Op44Kk44OW44K344Oj44OV44OI44Op44OD44Kv44OU44OL44Kq44Oz44Ko44Oz44K444Oz44Of44OD44K344On44Oz44K/44O844Oc44K/44O844OT44Oz44OT44K544Kr44K544CQ5pel55Sj44CR44CQ6YGp5ZCI6LuK56iuOuODm+ODvOODn+ODvOOAkeODquODk+ODq+ODiOOCu+ODq+ODouODvOOCv+ODvC/jgrnjgr/jg7zjgr/jg7zjgJDou4rovIzlnovlvI86KENSR0UyNC9BUkdFMjQvQVJFMjQpL+e0lOato+WTgeeVqjoyMzMwMC02NU41MeOAkQ==,44CQ5pel55Sj44CR44CQ6YGp5ZCI6LuK56iuOuODm+ODvOODn+ODvOOAkeODquODk+ODq+ODiOOCu+ODq+ODouODvOOCv+ODvC/jgrnjgr/jg7zjgr/jg7zjgJDou4rovIzlnovlvI86KENSR0UyNC9BUkdFMjQvQVJFMjQpL+e0lOato+WTgeeVqjoyMzMwMC02NU41MeOAkQ==[rn]
15-190203,aHR0cDovL3RzaG9wLnIxMHMuanAvbmNjcGFydHMvY2FiaW5ldC9wcm9kdWN0cy9jZWwwMDEuanBnP2ZpdGluPTcwMDo3MDA=,OTYwMC4wMDAw,,6LuK55So5ZOB44O744OQ44Kk44Kv55So5ZOBID4g44Kr44O855So5ZOBID4g6Zu75a2Q44OR44O844OEID4g44K544K/44O844K/44O844Oi44O844K/44O8,44CQ44OA44Kk44OP44OE44CR44CQ6YGp5ZCI6LuK56iuOuODn+ODqeOAkeODquODk+ODq+ODiOOCu+ODq+ODouODvOOCv+ODvC/jgrnjgr/jg7zjgr/jg7zjgJDou4rovIzlnovlvI86KEw1MDBWL0w3MDBTL0w1MTJTL0w1MDBTL0w3MTBTL0w1MTBTKS/ntJTmraPlk4Hnlao6MjgxMDAtODcyMjHjgJE=,,PENFTlRFUj4gCjxpbWcgc3JjPSJodHRwOi8vaW1hZ2UucmFrdXRlbi5jby5qcC9uY2NwYXJ0cy9jYWJpbmV0L3Byb2R1Y3RzL2NlbDAwMS5qcGciIHdpZHRoPSIzMDgiPjxicj48YnI+Cjx0YWJsZSB3aWR0aD0iMTAwJSIgYm9yZGVyPSIwIiBjZWxsc3BhY2luZz0iMSIgY2VsbHBhZGRpbmc9IjUiIGJnY29sb3I9IiMwMEIwRjAiPjx0cj4KPHRoIGNvbHNwYW49IjIiPuODquODk+ODq+ODiCDjgrvjg6vjg6Ljg7zjgr/jg7wv44K544K/44O844K/44O8PC90aD48L3RyPjx0cj4KPHRoIGJnY29sb3I9IiNGRkZGRkYiIGFsaWduPSJsZWZ0Ij7jg6Hjg7zjgqvjg7zlkI08L3RoPjx0ZCBiZ2NvbG9yPSIjRkZGRkZGIiB3aWR0aD0iNzUlIj7jg4DjgqTjg4/jg4Q8L3RkPjwvdHI+PHRyPgo8dGggYmdjb2xvcj0iI0ZGRkZGRiIgYWxpZ249ImxlZnQiPumBqeWQiOi7iueorjwvdGg+PHRkIGJnY29sb3I9IiNGRkZGRkYiIHdpZHRoPSI3NSUiPuODn+ODqTwvdGQ+PC90cj48dHI+Cjx0aCBiZ2NvbG9yPSIjRkZGRkZGIiBhbGlnbj0ibGVmdCI+6YGp5ZCI5Z6L5byPPC90aD48dGQgYmdjb2xvcj0iI0ZGRkZGRiIgd2lkdGg9Ijc1JSI+TDUwMFYvTDcwMFMvTDUxMlMvTDUwMFMvTDcxMFMvTDUxMFM8L3RkPjwvdHI+Cjx0cj48dGggYmdjb2xvcj0iI0ZGRkZGRiIgYWxpZ249ImxlZnQiPue0lOato+WTgeeVqjwvdGg+PHRkIGJnY29sb3I9IiNGRkZGRkYiIHdpZHRoPSI3NSUiPjI4MTAwLTg3MjIxPC90ZD48L3RyPjx0cj4KPHRoIGJnY29sb3I9IiNGRkZGRkYiIGFsaWduPSJsZWZ0Ij7jg6Hjg7zjgqvjg7zlk4Hnlao8L3RoPjx0ZCBiZ2NvbG9yPSIjRkZGRkZGIiB3aWR0aD0iNzUlIj4xMjgwMDAtODg4MDwvdGQ+PC90cj48dHI+Cjx0aCBiZ2NvbG9yPSIjRkZGRkZGIiBhbGlnbj0ibGVmdCI+5L+d6Ki8PC90aD48dGQgYmdjb2xvcj0iI0ZGRkZGRiIgd2lkdGg9Ijc1JSI+MeW5tOWPiOOBrzHkuIfjgq3jg608L3RkPjwvdHI+IDx0cj4KPHRoIGJnY29sb3I9IiNGRkZGRkYiIGFsaWduPSJsZWZ0Ij7phY3pgIHljLrliIY8L3RoPjx0ZCBiZ2NvbG9yPSIjRkZGRkZGIiB3aWR0aD0iNzUlIj5B44Op44Oz44KvPC90ZD48L3RyPjwvdGFibGU+PGJyPgo8L0NFTlRFUj4gCuODquODk+ODq+ODiOWTgeOBr+S4reWPpOmDqOWTgeOCkuWujOWFqOOBq+WIhuino+ODu+a0l+a1hOOBl+OAgea2iOiAl+WTgeOBiuOCiOOBs+S4jeiJr+mDqOWTgeOCkuS6pOaPm+OBl+OBn+OAgeOCquODvOODkOODvOODm+ODvOODq+WTgeOBp+OBmeOAguOBu+OBqOOCk+OBqeaWsOWTgeWQjOanmOOBruS7leS4iuOBjOOCiuOBp+OBmeOAguWujOaIkOW+jOOBq+WTgeizquODgeOCp+ODg+OCr++8iOWLleS9nOeiuuiqje+8iea4iOOBv+OBp+OBmeOAgg==,44CQ44OA44Kk44OP44OE44CR44CQ6YGp5ZCI6LuK56iuOuODn+ODqeOAkeODquODk+ODq+ODiOOCu+ODq+ODouODvOOCv+ODvC/jgrnjgr/jg7zjgr/jg7zjgJDou4rovIzlnovlvI86KEw1MDBWL0w3MDBTL0w1MTJTL0w1MDBTL0w3MTBTL0w1MTBTKS/ntJTmraPlk4Hnlao6MjgxMDAtODcyMjHjgJHvvJpOQ0Ppg6jlk4Hjgrvjg7Pjgr/jg7w=,44Kq44Or44K/44ON44O844K/44O844K744Or44Oi44O844K/44O844Kz44Oz44OX44Os44OD44K144OJ44Op44Kk44OW44K344Oj44OV44OI44Op44OD44Kv44OU44OL44Kq44Oz44Ko44Oz44K444Oz44Of44OD44K344On44Oz44K/44O844Oc44K/44O844OT44Oz44OT44K544Kr44K544CQ44OA44Kk44OP44OE44CR44CQ6YGp5ZCI6LuK56iuOuODn+ODqeOAkeODquODk+ODq+ODiOOCu+ODq+ODouODvOOCv+ODvC/jgrnjgr/jg7zjgr/jg7zjgJDou4rovIzlnovlvI86KEw1MDBWL0w3MDBTL0w1MTJTL0w1MDBTL0w3MTBTL0w1MTBTKS/ntJTmraPlk4Hnlao6MjgxMDAtODcyMjHjgJE=,44CQ44OA44Kk44OP44OE44CR44CQ6YGp5ZCI6LuK56iuOuODn+ODqeOAkeODquODk+ODq+ODiOOCu+ODq+ODouODvOOCv+ODvC/jgrnjgr/jg7zjgr/jg7zjgJDou4rovIzlnovlvI86KEw1MDBWL0w3MDBTL0w1MTJTL0w1MDBTL0w3MTBTL0w1MTBTKS/ntJTmraPlk4Hnlao6MjgxMDAtODcyMjHjgJE=[rn]
15-190204,aHR0cDovL3RzaG9wLnIxMHMuanAvbmNjcGFydHMvY2FiaW5ldC9wcm9kdWN0cy9jZWwxMDEuanBnP2ZpdGluPTcwMDo3MDA=,MTEyMDAuMDAwMA==,,6LuK55So5ZOB44O744OQ44Kk44Kv55So5ZOBID4g44Kr44O855So5ZOBID4g6Zu75a2Q44OR44O844OEID4g44K544K/44O844K/44O844Oi44O844K/44O8,44CQ44OI44Oo44K/44CR44CQ6YGp5ZCI6LuK56iuOuODj+ODquOCouODvOOAkeODquODk+ODq+ODiOOCu+ODq+ODouODvOOCv+ODvC/jgrnjgr/jg7zjgr/jg7zjgJDou4rovIzlnovlvI86KFNYVTEwL1NYVTE1Vykv57SU5q2j5ZOB55WqOjI4MTAwLTc0MjYw44CR,,PENFTlRFUj4gCjxpbWcgc3JjPSJodHRwOi8vaW1hZ2UucmFrdXRlbi5jby5qcC9uY2NwYXJ0cy9jYWJpbmV0L3Byb2R1Y3RzL2NlbDEwMS5qcGciIHdpZHRoPSIzMDgiPjxicj48YnI+Cjx0YWJsZSB3aWR0aD0iMTAwJSIgYm9yZGVyPSIwIiBjZWxsc3BhY2luZz0iMSIgY2VsbHBhZGRpbmc9IjUiIGJnY29sb3I9IiMwMEIwRjAiPjx0cj4KPHRoIGNvbHNwYW49IjIiPuODquODk+ODq+ODiCDjgrvjg6vjg6Ljg7zjgr/jg7wv44K544K/44O844K/44O8PC90aD48L3RyPjx0cj4KPHRoIGJnY29sb3I9IiNGRkZGRkYiIGFsaWduPSJsZWZ0Ij7jg6Hjg7zjgqvjg7zlkI08L3RoPjx0ZCBiZ2NvbG9yPSIjRkZGRkZGIiB3aWR0aD0iNzUlIj7jg4jjg6jjgr88L3RkPjwvdHI+PHRyPgo8dGggYmdjb2xvcj0iI0ZGRkZGRiIgYWxpZ249ImxlZnQiPumBqeWQiOi7iueorjwvdGg+PHRkIGJnY29sb3I9IiNGRkZGRkYiIHdpZHRoPSI3NSUiPuODj+ODquOCouODvDwvdGQ+PC90cj48dHI+Cjx0aCBiZ2NvbG9yPSIjRkZGRkZGIiBhbGlnbj0ibGVmdCI+6YGp5ZCI5Z6L5byPPC90aD48dGQgYmdjb2xvcj0iI0ZGRkZGRiIgd2lkdGg9Ijc1JSI+U1hVMTAvU1hVMTVXPC90ZD48L3RyPgo8dHI+PHRoIGJnY29sb3I9IiNGRkZGRkYiIGFsaWduPSJsZWZ0Ij7ntJTmraPlk4Hnlao8L3RoPjx0ZCBiZ2NvbG9yPSIjRkZGRkZGIiB3aWR0aD0iNzUlIj4yODEwMC03NDI2MDwvdGQ+PC90cj48dHI+Cjx0aCBiZ2NvbG9yPSIjRkZGRkZGIiBhbGlnbj0ibGVmdCI+44Oh44O844Kr44O85ZOB55WqPC90aD48dGQgYmdjb2xvcj0iI0ZGRkZGRiIgd2lkdGg9Ijc1JSI+MjI4MDAwLTYyODE8L3RkPjwvdHI+PHRyPgo8dGggYmdjb2xvcj0iI0ZGRkZGRiIgYWxpZ249ImxlZnQiPuS/neiovDwvdGg+PHRkIGJnY29sb3I9IiNGRkZGRkYiIHdpZHRoPSI3NSUiPjHlubTlj4jjga8x5LiH44Kt44OtPC90ZD48L3RyPiA8dHI+Cjx0aCBiZ2NvbG9yPSIjRkZGRkZGIiBhbGlnbj0ibGVmdCI+6YWN6YCB5Yy65YiGPC90aD48dGQgYmdjb2xvcj0iI0ZGRkZGRiIgd2lkdGg9Ijc1JSI+QeODqeODs+OCrzwvdGQ+PC90cj48L3RhYmxlPjxicj4KPC9DRU5URVI+IArjg6rjg5Pjg6vjg4jlk4Hjga/kuK3lj6Tpg6jlk4HjgpLlrozlhajjgavliIbop6Pjg7vmtJfmtYTjgZfjgIHmtojogJflk4HjgYrjgojjgbPkuI3oia/pg6jlk4HjgpLkuqTmj5vjgZfjgZ/jgIHjgqrjg7zjg5Djg7zjg5vjg7zjg6vlk4HjgafjgZnjgILjgbvjgajjgpPjganmlrDlk4HlkIzmp5jjga7ku5XkuIrjgYzjgorjgafjgZnjgILlrozmiJDlvozjgavlk4Hos6rjg4Hjgqfjg4Pjgq/vvIjli5XkvZznorroqo3vvInmuIjjgb/jgafjgZnjgII=,44CQ44OI44Oo44K/44CR44CQ6YGp5ZCI6LuK56iuOuODj+ODquOCouODvOOAkeODquODk+ODq+ODiOOCu+ODq+ODouODvOOCv+ODvC/jgrnjgr/jg7zjgr/jg7zjgJDou4rovIzlnovlvI86KFNYVTEwL1NYVTE1Vykv57SU5q2j5ZOB55WqOjI4MTAwLTc0MjYw44CR77yaTkND6YOo5ZOB44K744Oz44K/44O8,44Kq44Or44K/44ON44O844K/44O844K744Or44Oi44O844K/44O844Kz44Oz44OX44Os44OD44K144OJ44Op44Kk44OW44K344Oj44OV44OI44Op44OD44Kv44OU44OL44Kq44Oz44Ko44Oz44K444Oz44Of44OD44K344On44Oz44K/44O844Oc44K/44O844OT44Oz44OT44K544Kr44K544CQ44OI44Oo44K/44CR44CQ6YGp5ZCI6LuK56iuOuODj+ODquOCouODvOOAkeODquODk+ODq+ODiOOCu+ODq+ODouODvOOCv+ODvC/jgrnjgr/jg7zjgr/jg7zjgJDou4rovIzlnovlvI86KFNYVTEwL1NYVTE1Vykv57SU5q2j5ZOB55WqOjI4MTAwLTc0MjYw44CR,44CQ44OI44Oo44K/44CR44CQ6YGp5ZCI6LuK56iuOuODj+ODquOCouODvOOAkeODquODk+ODq+ODiOOCu+ODq+ODouODvOOCv+ODvC/jgrnjgr/jg7zjgr/jg7zjgJDou4rovIzlnovlvI86KFNYVTEwL1NYVTE1Vykv57SU5q2j5ZOB55WqOjI4MTAwLTc0MjYw44CR[rn]
15-190205,aHR0cDovL3RzaG9wLnIxMHMuanAvbmNjcGFydHMvY2FiaW5ldC9wcm9kdWN0cy9jZWwxMDEuanBnP2ZpdGluPTcwMDo3MDA=,OTYwMC4wMDAw,,6LuK55So5ZOB44O744OQ44Kk44Kv55So5ZOBID4g44Kr44O855So5ZOBID4g6Zu75a2Q44OR44O844OEID4g44K544K/44O844K/44O844Oi44O844K/44O8,44CQ44OI44Oo44K/44CR44CQ6YGp5ZCI6LuK56iuOuODlOOCr+OCt+OCueOAkeODquODk+ODq+ODiOOCu+ODq+ODouODvOOCv+ODvC/jgrnjgr/jg7zjgr/jg7zjgJDou4rovIzlnovlvI86UzMyMU0v57SU5q2j5ZOB55WqOjI4MTAwLTg3NTQ344CR,,PENFTlRFUj4gCjxpbWcgc3JjPSJodHRwOi8vaW1hZ2UucmFrdXRlbi5jby5qcC9uY2NwYXJ0cy9jYWJpbmV0L3Byb2R1Y3RzL2NlbDEwMS5qcGciIHdpZHRoPSIzMDgiPjxicj48YnI+Cjx0YWJsZSB3aWR0aD0iMTAwJSIgYm9yZGVyPSIwIiBjZWxsc3BhY2luZz0iMSIgY2VsbHBhZGRpbmc9IjUiIGJnY29sb3I9IiMwMEIwRjAiPjx0cj4KPHRoIGNvbHNwYW49IjIiPuODquODk+ODq+ODiCDjgrvjg6vjg6Ljg7zjgr/jg7wv44K544K/44O844K/44O8PC90aD48L3RyPjx0cj4KPHRoIGJnY29sb3I9IiNGRkZGRkYiIGFsaWduPSJsZWZ0Ij7jg6Hjg7zjgqvjg7zlkI08L3RoPjx0ZCBiZ2NvbG9yPSIjRkZGRkZGIiB3aWR0aD0iNzUlIj7jg4jjg6jjgr88L3RkPjwvdHI+PHRyPgo8dGggYmdjb2xvcj0iI0ZGRkZGRiIgYWxpZ249ImxlZnQiPumBqeWQiOi7iueorjwvdGg+PHRkIGJnY29sb3I9IiNGRkZGRkYiIHdpZHRoPSI3NSUiPuODlOOCr+OCt+OCuTwvdGQ+PC90cj48dHI+Cjx0aCBiZ2NvbG9yPSIjRkZGRkZGIiBhbGlnbj0ibGVmdCI+6YGp5ZCI5Z6L5byPPC90aD48dGQgYmdjb2xvcj0iI0ZGRkZGRiIgd2lkdGg9Ijc1JSI+UzMyMU08L3RkPjwvdHI+Cjx0cj48dGggYmdjb2xvcj0iI0ZGRkZGRiIgYWxpZ249ImxlZnQiPue0lOato+WTgeeVqjwvdGg+PHRkIGJnY29sb3I9IiNGRkZGRkYiIHdpZHRoPSI3NSUiPjI4MTAwLTg3NTQ3PC90ZD48L3RyPjx0cj4KPHRoIGJnY29sb3I9IiNGRkZGRkYiIGFsaWduPSJsZWZ0Ij7jg6Hjg7zjgqvjg7zlk4Hnlao8L3RoPjx0ZCBiZ2NvbG9yPSIjRkZGRkZGIiB3aWR0aD0iNzUlIj4yMjgwMDAtNjE0MDwvdGQ+PC90cj48dHI+Cjx0aCBiZ2NvbG9yPSIjRkZGRkZGIiBhbGlnbj0ibGVmdCI+5L+d6Ki8PC90aD48dGQgYmdjb2xvcj0iI0ZGRkZGRiIgd2lkdGg9Ijc1JSI+MeW5tOWPiOOBrzHkuIfjgq3jg608L3RkPjwvdHI+IDx0cj4KPHRoIGJnY29sb3I9IiNGRkZGRkYiIGFsaWduPSJsZWZ0Ij7phY3pgIHljLrliIY8L3RoPjx0ZCBiZ2NvbG9yPSIjRkZGRkZGIiB3aWR0aD0iNzUlIj5B44Op44Oz44KvPC90ZD48L3RyPjwvdGFibGU+PGJyPgo8L0NFTlRFUj4gCuODquODk+ODq+ODiOWTgeOBr+S4reWPpOmDqOWTgeOCkuWujOWFqOOBq+WIhuino+ODu+a0l+a1hOOBl+OAgea2iOiAl+WTgeOBiuOCiOOBs+S4jeiJr+mDqOWTgeOCkuS6pOaPm+OBl+OBn+OAgeOCquODvOODkOODvOODm+ODvOODq+WTgeOBp+OBmeOAguOBu+OBqOOCk+OBqeaWsOWTgeWQjOanmOOBruS7leS4iuOBjOOCiuOBp+OBmeOAguWujOaIkOW+jOOBq+WTgeizquODgeOCp+ODg+OCr++8iOWLleS9nOeiuuiqje+8iea4iOOBv+OBp+OBmeOAgg==,44CQ44OI44Oo44K/44CR44CQ6YGp5ZCI6LuK56iuOuODlOOCr+OCt+OCueOAkeODquODk+ODq+ODiOOCu+ODq+ODouODvOOCv+ODvC/jgrnjgr/jg7zjgr/jg7zjgJDou4rovIzlnovlvI86UzMyMU0v57SU5q2j5ZOB55WqOjI4MTAwLTg3NTQ344CR77yaTkND6YOo5ZOB44K744Oz44K/44O8,44Kq44Or44K/44ON44O844K/44O844K744Or44Oi44O844K/44O844Kz44Oz44OX44Os44OD44K144OJ44Op44Kk44OW44K344Oj44OV44OI44Op44OD44Kv44OU44OL44Kq44Oz44Ko44Oz44K444Oz44Of44OD44K344On44Oz44K/44O844Oc44K/44O844OT44Oz44OT44K544Kr44K544CQ44OI44Oo44K/44CR44CQ6YGp5ZCI6LuK56iuOuODlOOCr+OCt+OCueOAkeODquODk+ODq+ODiOOCu+ODq+ODouODvOOCv+ODvC/jgrnjgr/jg7zjgr/jg7zjgJDou4rovIzlnovlvI86UzMyMU0v57SU5q2j5ZOB55WqOjI4MTAwLTg3NTQ344CR,44CQ44OI44Oo44K/44CR44CQ6YGp5ZCI6LuK56iuOuODlOOCr+OCt+OCueOAkeODquODk+ODq+ODiOOCu+ODq+ODouODvOOCv+ODvC/jgrnjgr/jg7zjgr/jg7zjgJDou4rovIzlnovlvI86UzMyMU0v57SU5q2j5ZOB55WqOjI4MTAwLTg3NTQ344CR[rn]
15-190206,aHR0cDovL3RzaG9wLnIxMHMuanAvbmNjcGFydHMvY2FiaW5ldC9wcm9kdWN0cy9jZWwwMDEuanBnP2ZpdGluPTcwMDo3MDA=,OTIwMC4wMDAw,,6LuK55So5ZOB44O744OQ44Kk44Kv55So5ZOBID4g44Kr44O855So5ZOBID4g6Zu75a2Q44OR44O844OEID4g44K544K/44O844K/44O844Oi44O844K/44O8,44CQ44K544K644Kt44CR44CQ6YGp5ZCI6LuK56iuOuOCreODo+ODquOCpOOAkeODquODk+ODq+ODiOOCu+ODq+ODouODvOOCv+ODvC/jgrnjgr/jg7zjgr/jg7zjgJDou4rovIzlnovlvI86REU1MVYv57SU5q2j5ZOB55WqOjMxMTAwLTUwRjMx44CR,,PENFTlRFUj4gCjxpbWcgc3JjPSJodHRwOi8vaW1hZ2UucmFrdXRlbi5jby5qcC9uY2NwYXJ0cy9jYWJpbmV0L3Byb2R1Y3RzL2NlbDAwMS5qcGciIHdpZHRoPSIzMDgiPjxicj48YnI+Cjx0YWJsZSB3aWR0aD0iMTAwJSIgYm9yZGVyPSIwIiBjZWxsc3BhY2luZz0iMSIgY2VsbHBhZGRpbmc9IjUiIGJnY29sb3I9IiMwMEIwRjAiPjx0cj4KPHRoIGNvbHNwYW49IjIiPuODquODk+ODq+ODiCDjgrvjg6vjg6Ljg7zjgr/jg7wv44K544K/44O844K/44O8PC90aD48L3RyPjx0cj4KPHRoIGJnY29sb3I9IiNGRkZGRkYiIGFsaWduPSJsZWZ0Ij7jg6Hjg7zjgqvjg7zlkI08L3RoPjx0ZCBiZ2NvbG9yPSIjRkZGRkZGIiB3aWR0aD0iNzUlIj7jgrnjgrrjgq08L3RkPjwvdHI+PHRyPgo8dGggYmdjb2xvcj0iI0ZGRkZGRiIgYWxpZ249ImxlZnQiPumBqeWQiOi7iueorjwvdGg+PHRkIGJnY29sb3I9IiNGRkZGRkYiIHdpZHRoPSI3NSUiPuOCreODo+ODquOCpDwvdGQ+PC90cj48dHI+Cjx0aCBiZ2NvbG9yPSIjRkZGRkZGIiBhbGlnbj0ibGVmdCI+6YGp5ZCI5Z6L5byPPC90aD48dGQgYmdjb2xvcj0iI0ZGRkZGRiIgd2lkdGg9Ijc1JSI+REU1MVY8L3RkPjwvdHI+Cjx0cj48dGggYmdjb2xvcj0iI0ZGRkZGRiIgYWxpZ249ImxlZnQiPue0lOato+WTgeeVqjwvdGg+PHRkIGJnY29sb3I9IiNGRkZGRkYiIHdpZHRoPSI3NSUiPjMxMTAwLTUwRjMxPC90ZD48L3RyPjx0cj4KPHRoIGJnY29sb3I9IiNGRkZGRkYiIGFsaWduPSJsZWZ0Ij7jg6Hjg7zjgqvjg7zlk4Hnlao8L3RoPjx0ZCBiZ2NvbG9yPSIjRkZGRkZGIiB3aWR0aD0iNzUlIj5NMDAyVDQ4OTgyPC90ZD48L3RyPjx0cj4KPHRoIGJnY29sb3I9IiNGRkZGRkYiIGFsaWduPSJsZWZ0Ij7kv53oqLw8L3RoPjx0ZCBiZ2NvbG9yPSIjRkZGRkZGIiB3aWR0aD0iNzUlIj4x5bm05Y+I44GvMeS4h+OCreODrTwvdGQ+PC90cj4gPHRyPgo8dGggYmdjb2xvcj0iI0ZGRkZGRiIgYWxpZ249ImxlZnQiPumFjemAgeWMuuWIhjwvdGg+PHRkIGJnY29sb3I9IiNGRkZGRkYiIHdpZHRoPSI3NSUiPkHjg6njg7Pjgq88L3RkPjwvdHI+PC90YWJsZT48YnI+CjwvQ0VOVEVSPiAK44Oq44OT44Or44OI5ZOB44Gv5Lit5Y+k6YOo5ZOB44KS5a6M5YWo44Gr5YiG6Kej44O75rSX5rWE44GX44CB5raI6ICX5ZOB44GK44KI44Gz5LiN6Imv6YOo5ZOB44KS5Lqk5o+b44GX44Gf44CB44Kq44O844OQ44O844Ob44O844Or5ZOB44Gn44GZ44CC44G744Go44KT44Gp5paw5ZOB5ZCM5qeY44Gu5LuV5LiK44GM44KK44Gn44GZ44CC5a6M5oiQ5b6M44Gr5ZOB6LOq44OB44Kn44OD44Kv77yI5YuV5L2c56K66KqN77yJ5riI44G/44Gn44GZ44CC,44CQ44K544K644Kt44CR44CQ6YGp5ZCI6LuK56iuOuOCreODo+ODquOCpOOAkeODquODk+ODq+ODiOOCu+ODq+ODouODvOOCv+ODvC/jgrnjgr/jg7zjgr/jg7zjgJDou4rovIzlnovlvI86REU1MVYv57SU5q2j5ZOB55WqOjMxMTAwLTUwRjMx44CR77yaTkND6YOo5ZOB44K744Oz44K/44O8,44Kq44Or44K/44ON44O844K/44O844K744Or44Oi44O844K/44O844Kz44Oz44OX44Os44OD44K144OJ44Op44Kk44OW44K344Oj44OV44OI44Op44OD44Kv44OU44OL44Kq44Oz44Ko44Oz44K444Oz44Of44OD44K344On44Oz44K/44O844Oc44K/44O844OT44Oz44OT44K544Kr44K544CQ44K544K644Kt44CR44CQ6YGp5ZCI6LuK56iuOuOCreODo+ODquOCpOOAkeODquODk+ODq+ODiOOCu+ODq+ODouODvOOCv+ODvC/jgrnjgr/jg7zjgr/jg7zjgJDou4rovIzlnovlvI86REU1MVYv57SU5q2j5ZOB55WqOjMxMTAwLTUwRjMx44CR,44CQ44K544K644Kt44CR44CQ6YGp5ZCI6LuK56iuOuOCreODo+ODquOCpOOAkeODquODk+ODq+ODiOOCu+ODq+ODouODvOOCv+ODvC/jgrnjgr/jg7zjgr/jg7zjgJDou4rovIzlnovlvI86REU1MVYv57SU5q2j5ZOB55WqOjMxMTAwLTUwRjMx44CR[rn]
15-190207,aHR0cDovL3RzaG9wLnIxMHMuanAvbmNjcGFydHMvY2FiaW5ldC9wcm9kdWN0cy9jZWwwMDEuanBnP2ZpdGluPTcwMDo3MDA=,MTI0MDAuMDAwMA==,,6LuK55So5ZOB44O744OQ44Kk44Kv55So5ZOBID4g44Kr44O855So5ZOBID4g6Zu75a2Q44OR44O844OEID4g44K544K/44O844K/44O844Oi44O844K/44O8,44CQ44Oe44OE44OA44CR44CQ6YGp5ZCI6LuK56iuOuOCv+OCpOOCv+ODs+OAkeODquODk+ODq+ODiOOCu+ODq+ODouODvOOCv+ODvC/jgrnjgr/jg7zjgr/jg7zjgJDou4rovIzlnovlvI86U1lFNlQv57SU5q2j5ZOB55WqOkYyNDAtMTgtNDAw44CR,,PENFTlRFUj4gCjxpbWcgc3JjPSJodHRwOi8vaW1hZ2UucmFrdXRlbi5jby5qcC9uY2NwYXJ0cy9jYWJpbmV0L3Byb2R1Y3RzL2NlbDAwMS5qcGciIHdpZHRoPSIzMDgiPjxicj48YnI+Cjx0YWJsZSB3aWR0aD0iMTAwJSIgYm9yZGVyPSIwIiBjZWxsc3BhY2luZz0iMSIgY2VsbHBhZGRpbmc9IjUiIGJnY29sb3I9IiMwMEIwRjAiPjx0cj4KPHRoIGNvbHNwYW49IjIiPuODquODk+ODq+ODiCDjgrvjg6vjg6Ljg7zjgr/jg7wv44K544K/44O844K/44O8PC90aD48L3RyPjx0cj4KPHRoIGJnY29sb3I9IiNGRkZGRkYiIGFsaWduPSJsZWZ0Ij7jg6Hjg7zjgqvjg7zlkI08L3RoPjx0ZCBiZ2NvbG9yPSIjRkZGRkZGIiB3aWR0aD0iNzUlIj7jg57jg4Tjg4A8L3RkPjwvdHI+PHRyPgo8dGggYmdjb2xvcj0iI0ZGRkZGRiIgYWxpZ249ImxlZnQiPumBqeWQiOi7iueorjwvdGg+PHRkIGJnY29sb3I9IiNGRkZGRkYiIHdpZHRoPSI3NSUiPuOCv+OCpOOCv+ODszwvdGQ+PC90cj48dHI+Cjx0aCBiZ2NvbG9yPSIjRkZGRkZGIiBhbGlnbj0ibGVmdCI+6YGp5ZCI5Z6L5byPPC90aD48dGQgYmdjb2xvcj0iI0ZGRkZGRiIgd2lkdGg9Ijc1JSI+U1lFNlQ8L3RkPjwvdHI+Cjx0cj48dGggYmdjb2xvcj0iI0ZGRkZGRiIgYWxpZ249ImxlZnQiPue0lOato+WTgeeVqjwvdGg+PHRkIGJnY29sb3I9IiNGRkZGRkYiIHdpZHRoPSI3NSUiPkYyNDAtMTgtNDAwPC90ZD48L3RyPjx0cj4KPHRoIGJnY29sb3I9IiNGRkZGRkYiIGFsaWduPSJsZWZ0Ij7jg6Hjg7zjgqvjg7zlk4Hnlao8L3RoPjx0ZCBiZ2NvbG9yPSIjRkZGRkZGIiB3aWR0aD0iNzUlIj5NMDAzVDI0NDgyPC90ZD48L3RyPjx0cj4KPHRoIGJnY29sb3I9IiNGRkZGRkYiIGFsaWduPSJsZWZ0Ij7kv53oqLw8L3RoPjx0ZCBiZ2NvbG9yPSIjRkZGRkZGIiB3aWR0aD0iNzUlIj4x5bm05Y+I44GvMeS4h+OCreODrTwvdGQ+PC90cj4gPHRyPgo8dGggYmdjb2xvcj0iI0ZGRkZGRiIgYWxpZ249ImxlZnQiPumFjemAgeWMuuWIhjwvdGg+PHRkIGJnY29sb3I9IiNGRkZGRkYiIHdpZHRoPSI3NSUiPkHjg6njg7Pjgq88L3RkPjwvdHI+PC90YWJsZT48YnI+CjwvQ0VOVEVSPiAK44Oq44OT44Or44OI5ZOB44Gv5Lit5Y+k6YOo5ZOB44KS5a6M5YWo44Gr5YiG6Kej44O75rSX5rWE44GX44CB5raI6ICX5ZOB44GK44KI44Gz5LiN6Imv6YOo5ZOB44KS5Lqk5o+b44GX44Gf44CB44Kq44O844OQ44O844Ob44O844Or5ZOB44Gn44GZ44CC44G744Go44KT44Gp5paw5ZOB5ZCM5qeY44Gu5LuV5LiK44GM44KK44Gn44GZ44CC5a6M5oiQ5b6M44Gr5ZOB6LOq44OB44Kn44OD44Kv77yI5YuV5L2c56K66KqN77yJ5riI44G/44Gn44GZ44CC,44CQ44Oe44OE44OA44CR44CQ6YGp5ZCI6LuK56iuOuOCv+OCpOOCv+ODs+OAkeODquODk+ODq+ODiOOCu+ODq+ODouODvOOCv+ODvC/jgrnjgr/jg7zjgr/jg7zjgJDou4rovIzlnovlvI86U1lFNlQv57SU5q2j5ZOB55WqOkYyNDAtMTgtNDAw44CR77yaTkND6YOo5ZOB44K744Oz44K/44O8,44Kq44Or44K/44ON44O844K/44O844K744Or44Oi44O844K/44O844Kz44Oz44OX44Os44OD44K144OJ44Op44Kk44OW44K344Oj44OV44OI44Op44OD44Kv44OU44OL44Kq44Oz44Ko44Oz44K444Oz44Of44OD44K344On44Oz44K/44O844Oc44K/44O844OT44Oz44OT44K544Kr44K544CQ44Oe44OE44OA44CR44CQ6YGp5ZCI6LuK56iuOuOCv+OCpOOCv+ODs+OAkeODquODk+ODq+ODiOOCu+ODq+ODouODvOOCv+ODvC/jgrnjgr/jg7zjgr/jg7zjgJDou4rovIzlnovlvI86U1lFNlQv57SU5q2j5ZOB55WqOkYyNDAtMTgtNDAw44CR,44CQ44Oe44OE44OA44CR44CQ6YGp5ZCI6LuK56iuOuOCv+OCpOOCv+ODs+OAkeODquODk+ODq+ODiOOCu+ODq+ODouODvOOCv+ODvC/jgrnjgr/jg7zjgr/jg7zjgJDou4rovIzlnovlvI86U1lFNlQv57SU5q2j5ZOB55WqOkYyNDAtMTgtNDAw44CR[rn]
15-190208,aHR0cDovL3RzaG9wLnIxMHMuanAvbmNjcGFydHMvY2FiaW5ldC9wcm9kdWN0cy9jZWwyMDEuanBnP2ZpdGluPTcwMDo3MDA=,MTMyMDAuMDAwMA==,,6LuK55So5ZOB44O744OQ44Kk44Kv55So5ZOBID4g44Kr44O855So5ZOBID4g6Zu75a2Q44OR44O844OEID4g44K544K/44O844K/44O844Oi44O844K/44O8,44CQ5pel55Sj44CR44CQ6YGp5ZCI6LuK56iuOuOCu+ODieODquODg+OCr+OAkeODquODk+ODq+ODiOOCu+ODq+ODouODvOOCv+ODvC/jgrnjgr/jg7zjgr/jg7zjgJDou4rovIzlnovlvI86KE1ZMzQvSFkzNCkv57SU5q2j5ZOB55WqOjIzMzAwLUFHMDEw44CR,,PENFTlRFUj4gCjxpbWcgc3JjPSJodHRwOi8vaW1hZ2UucmFrdXRlbi5jby5qcC9uY2NwYXJ0cy9jYWJpbmV0L3Byb2R1Y3RzL2NlbDIwMS5qcGciIHdpZHRoPSIzMDgiPjxicj48YnI+Cjx0YWJsZSB3aWR0aD0iMTAwJSIgYm9yZGVyPSIwIiBjZWxsc3BhY2luZz0iMSIgY2VsbHBhZGRpbmc9IjUiIGJnY29sb3I9IiMwMEIwRjAiPjx0cj4KPHRoIGNvbHNwYW49IjIiPuODquODk+ODq+ODiCDjgrvjg6vjg6Ljg7zjgr/jg7wv44K544K/44O844K/44O8PC90aD48L3RyPjx0cj4KPHRoIGJnY29sb3I9IiNGRkZGRkYiIGFsaWduPSJsZWZ0Ij7jg6Hjg7zjgqvjg7zlkI08L3RoPjx0ZCBiZ2NvbG9yPSIjRkZGRkZGIiB3aWR0aD0iNzUlIj7ml6XnlKM8L3RkPjwvdHI+PHRyPgo8dGggYmdjb2xvcj0iI0ZGRkZGRiIgYWxpZ249ImxlZnQiPumBqeWQiOi7iueorjwvdGg+PHRkIGJnY29sb3I9IiNGRkZGRkYiIHdpZHRoPSI3NSUiPuOCu+ODieODquODg+OCrzwvdGQ+PC90cj48dHI+Cjx0aCBiZ2NvbG9yPSIjRkZGRkZGIiBhbGlnbj0ibGVmdCI+6YGp5ZCI5Z6L5byPPC90aD48dGQgYmdjb2xvcj0iI0ZGRkZGRiIgd2lkdGg9Ijc1JSI+TVkzNC9IWTM0PC90ZD48L3RyPgo8dHI+PHRoIGJnY29sb3I9IiNGRkZGRkYiIGFsaWduPSJsZWZ0Ij7ntJTmraPlk4Hnlao8L3RoPjx0ZCBiZ2NvbG9yPSIjRkZGRkZGIiB3aWR0aD0iNzUlIj4yMzMwMC1BRzAxMDwvdGQ+PC90cj48dHI+Cjx0aCBiZ2NvbG9yPSIjRkZGRkZGIiBhbGlnbj0ibGVmdCI+44Oh44O844Kr44O85ZOB55WqPC90aD48dGQgYmdjb2xvcj0iI0ZGRkZGRiIgd2lkdGg9Ijc1JSI+TTAwMFQ1MDI3MTwvdGQ+PC90cj48dHI+Cjx0aCBiZ2NvbG9yPSIjRkZGRkZGIiBhbGlnbj0ibGVmdCI+5L+d6Ki8PC90aD48dGQgYmdjb2xvcj0iI0ZGRkZGRiIgd2lkdGg9Ijc1JSI+MeW5tOWPiOOBrzHkuIfjgq3jg608L3RkPjwvdHI+IDx0cj4KPHRoIGJnY29sb3I9IiNGRkZGRkYiIGFsaWduPSJsZWZ0Ij7phY3pgIHljLrliIY8L3RoPjx0ZCBiZ2NvbG9yPSIjRkZGRkZGIiB3aWR0aD0iNzUlIj5B44Op44Oz44KvPC90ZD48L3RyPjwvdGFibGU+PGJyPgo8L0NFTlRFUj4gCuODquODk+ODq+ODiOWTgeOBr+S4reWPpOmDqOWTgeOCkuWujOWFqOOBq+WIhuino+ODu+a0l+a1hOOBl+OAgea2iOiAl+WTgeOBiuOCiOOBs+S4jeiJr+mDqOWTgeOCkuS6pOaPm+OBl+OBn+OAgeOCquODvOODkOODvOODm+ODvOODq+WTgeOBp+OBmeOAguOBu+OBqOOCk+OBqeaWsOWTgeWQjOanmOOBruS7leS4iuOBjOOCiuOBp+OBmeOAguWujOaIkOW+jOOBq+WTgeizquODgeOCp+ODg+OCr++8iOWLleS9nOeiuuiqje+8iea4iOOBv+OBp+OBmeOAgg==,44CQ5pel55Sj44CR44CQ6YGp5ZCI6LuK56iuOuOCu+ODieODquODg+OCr+OAkeODquODk+ODq+ODiOOCu+ODq+ODouODvOOCv+ODvC/jgrnjgr/jg7zjgr/jg7zjgJDou4rovIzlnovlvI86KE1ZMzQvSFkzNCkv57SU5q2j5ZOB55WqOjIzMzAwLUFHMDEw44CR77yaTkND6YOo5ZOB44K744Oz44K/44O8,44Kq44Or44K/44ON44O844K/44O844K744Or44Oi44O844K/44O844Kz44Oz44OX44Os44OD44K144OJ44Op44Kk44OW44K344Oj44OV44OI44Op44OD44Kv44OU44OL44Kq44Oz44Ko44Oz44K444Oz44Of44OD44K344On44Oz44K/44O844Oc44K/44O844OT44Oz44OT44K544Kr44K544CQ5pel55Sj44CR44CQ6YGp5ZCI6LuK56iuOuOCu+ODieODquODg+OCr+OAkeODquODk+ODq+ODiOOCu+ODq+ODouODvOOCv+ODvC/jgrnjgr/jg7zjgr/jg7zjgJDou4rovIzlnovlvI86KE1ZMzQvSFkzNCkv57SU5q2j5ZOB55WqOjIzMzAwLUFHMDEw44CR,44CQ5pel55Sj44CR44CQ6YGp5ZCI6LuK56iuOuOCu+ODieODquODg+OCr+OAkeODquODk+ODq+ODiOOCu+ODq+ODouODvOOCv+ODvC/jgrnjgr/jg7zjgr/jg7zjgJDou4rovIzlnovlvI86KE1ZMzQvSFkzNCkv57SU5q2j5ZOB55WqOjIzMzAwLUFHMDEw44CR[rn]
15-190209,aHR0cDovL3RzaG9wLnIxMHMuanAvbmNjcGFydHMvY2FiaW5ldC9wcm9kdWN0cy9jZWwwMDEuanBnP2ZpdGluPTcwMDo3MDA=,OTYwMC4wMDAw,,6LuK55So5ZOB44O744OQ44Kk44Kv55So5ZOBID4g44Kr44O855So5ZOBID4g6Zu75a2Q44OR44O844OEID4g44K544K/44O844K/44O844Oi44O844K/44O8,44CQ44OA44Kk44OP44OE44CR44CQ6YGp5ZCI6LuK56iuOuODoOODvOODtOOAkeODquODk+ODq+ODiOOCu+ODq+ODouODvOOCv+ODvC/jgrnjgr/jg7zjgr/jg7zjgJDou4rovIzlnovlvI86KEw2MTBTL0w2MDBTKS/ntJTmraPlk4Hnlao6MjgxMDAtODcyMjfjgJE=,,PENFTlRFUj4gCjxpbWcgc3JjPSJodHRwOi8vaW1hZ2UucmFrdXRlbi5jby5qcC9uY2NwYXJ0cy9jYWJpbmV0L3Byb2R1Y3RzL2NlbDAwMS5qcGciIHdpZHRoPSIzMDgiPjxicj48YnI+Cjx0YWJsZSB3aWR0aD0iMTAwJSIgYm9yZGVyPSIwIiBjZWxsc3BhY2luZz0iMSIgY2VsbHBhZGRpbmc9IjUiIGJnY29sb3I9IiMwMEIwRjAiPjx0cj4KPHRoIGNvbHNwYW49IjIiPuODquODk+ODq+ODiCDjgrvjg6vjg6Ljg7zjgr/jg7wv44K544K/44O844K/44O8PC90aD48L3RyPjx0cj4KPHRoIGJnY29sb3I9IiNGRkZGRkYiIGFsaWduPSJsZWZ0Ij7jg6Hjg7zjgqvjg7zlkI08L3RoPjx0ZCBiZ2NvbG9yPSIjRkZGRkZGIiB3aWR0aD0iNzUlIj7jg4DjgqTjg4/jg4Q8L3RkPjwvdHI+PHRyPgo8dGggYmdjb2xvcj0iI0ZGRkZGRiIgYWxpZ249ImxlZnQiPumBqeWQiOi7iueorjwvdGg+PHRkIGJnY29sb3I9IiNGRkZGRkYiIHdpZHRoPSI3NSUiPuODoOODvOODtDwvdGQ+PC90cj48dHI+Cjx0aCBiZ2NvbG9yPSIjRkZGRkZGIiBhbGlnbj0ibGVmdCI+6YGp5ZCI5Z6L5byPPC90aD48dGQgYmdjb2xvcj0iI0ZGRkZGRiIgd2lkdGg9Ijc1JSI+TDYxMFMvTDYwMFM8L3RkPjwvdHI+Cjx0cj48dGggYmdjb2xvcj0iI0ZGRkZGRiIgYWxpZ249ImxlZnQiPue0lOato+WTgeeVqjwvdGg+PHRkIGJnY29sb3I9IiNGRkZGRkYiIHdpZHRoPSI3NSUiPjI4MTAwLTg3MjI3PC90ZD48L3RyPjx0cj4KPHRoIGJnY29sb3I9IiNGRkZGRkYiIGFsaWduPSJsZWZ0Ij7jg6Hjg7zjgqvjg7zlk4Hnlao8L3RoPjx0ZCBiZ2NvbG9yPSIjRkZGRkZGIiB3aWR0aD0iNzUlIj4yMjgwMDAtNDEyMDwvdGQ+PC90cj48dHI+Cjx0aCBiZ2NvbG9yPSIjRkZGRkZGIiBhbGlnbj0ibGVmdCI+5L+d6Ki8PC90aD48dGQgYmdjb2xvcj0iI0ZGRkZGRiIgd2lkdGg9Ijc1JSI+MeW5tOWPiOOBrzHkuIfjgq3jg608L3RkPjwvdHI+IDx0cj4KPHRoIGJnY29sb3I9IiNGRkZGRkYiIGFsaWduPSJsZWZ0Ij7phY3pgIHljLrliIY8L3RoPjx0ZCBiZ2NvbG9yPSIjRkZGRkZGIiB3aWR0aD0iNzUlIj5B44Op44Oz44KvPC90ZD48L3RyPjwvdGFibGU+PGJyPgo8L0NFTlRFUj4gCuODquODk+ODq+ODiOWTgeOBr+S4reWPpOmDqOWTgeOCkuWujOWFqOOBq+WIhuino+ODu+a0l+a1hOOBl+OAgea2iOiAl+WTgeOBiuOCiOOBs+S4jeiJr+mDqOWTgeOCkuS6pOaPm+OBl+OBn+OAgeOCquODvOODkOODvOODm+ODvOODq+WTgeOBp+OBmeOAguOBu+OBqOOCk+OBqeaWsOWTgeWQjOanmOOBruS7leS4iuOBjOOCiuOBp+OBmeOAguWujOaIkOW+jOOBq+WTgeizquODgeOCp+ODg+OCr++8iOWLleS9nOeiuuiqje+8iea4iOOBv+OBp+OBmeOAgg==,44CQ44OA44Kk44OP44OE44CR44CQ6YGp5ZCI6LuK56iuOuODoOODvOODtOOAkeODquODk+ODq+ODiOOCu+ODq+ODouODvOOCv+ODvC/jgrnjgr/jg7zjgr/jg7zjgJDou4rovIzlnovlvI86KEw2MTBTL0w2MDBTKS/ntJTmraPlk4Hnlao6MjgxMDAtODcyMjfjgJHvvJpOQ0Ppg6jlk4Hjgrvjg7Pjgr/jg7w=,44Kq44Or44K/44ON44O844K/44O844K744Or44Oi44O844K/44O844Kz44Oz44OX44Os44OD44K144OJ44Op44Kk44OW44K344Oj44OV44OI44Op44OD44Kv44OU44OL44Kq44Oz44Ko44Oz44K444Oz44Of44OD44K344On44Oz44K/44O844Oc44K/44O844OT44Oz44OT44K544Kr44K544CQ44OA44Kk44OP44OE44CR44CQ6YGp5ZCI6LuK56iuOuODoOODvOODtOOAkeODquODk+ODq+ODiOOCu+ODq+ODouODvOOCv+ODvC/jgrnjgr/jg7zjgr/jg7zjgJDou4rovIzlnovlvI86KEw2MTBTL0w2MDBTKS/ntJTmraPlk4Hnlao6MjgxMDAtODcyMjfjgJE=,44CQ44OA44Kk44OP44OE44CR44CQ6YGp5ZCI6LuK56iuOuODoOODvOODtOOAkeODquODk+ODq+ODiOOCu+ODq+ODouODvOOCv+ODvC/jgrnjgr/jg7zjgr/jg7zjgJDou4rovIzlnovlvI86KEw2MTBTL0w2MDBTKS/ntJTmraPlk4Hnlao6MjgxMDAtODcyMjfjgJE=[rn]
15-190210,aHR0cDovL3RzaG9wLnIxMHMuanAvbmNjcGFydHMvY2FiaW5ldC9wcm9kdWN0cy9jZWwyMDEuanBnP2ZpdGluPTcwMDo3MDA=,OTYwMC4wMDAw,,6LuK55So5ZOB44O744OQ44Kk44Kv55So5ZOBID4g44Kr44O855So5ZOBID4g6Zu75a2Q44OR44O844OEID4g44K544K/44O844K/44O844Oi44O844K/44O8,44CQ5pel55Sj44CR44CQ6YGp5ZCI6LuK56iuOuODl+ODquODoeODvOODqeOAkeODquODk+ODq+ODiOOCu+ODq+ODouODvOOCv+ODvC/jgrnjgr/jg7zjgr/jg7zjgJDou4rovIzlnovlvI86KEhQMTEvV0hQMTEpL+e0lOato+WTgeeVqjoyMzMwMC01SjIwMeOAkQ==,,PENFTlRFUj4gCjxpbWcgc3JjPSJodHRwOi8vaW1hZ2UucmFrdXRlbi5jby5qcC9uY2NwYXJ0cy9jYWJpbmV0L3Byb2R1Y3RzL2NlbDIwMS5qcGciIHdpZHRoPSIzMDgiPjxicj48YnI+Cjx0YWJsZSB3aWR0aD0iMTAwJSIgYm9yZGVyPSIwIiBjZWxsc3BhY2luZz0iMSIgY2VsbHBhZGRpbmc9IjUiIGJnY29sb3I9IiMwMEIwRjAiPjx0cj4KPHRoIGNvbHNwYW49IjIiPuODquODk+ODq+ODiCDjgrvjg6vjg6Ljg7zjgr/jg7wv44K544K/44O844K/44O8PC90aD48L3RyPjx0cj4KPHRoIGJnY29sb3I9IiNGRkZGRkYiIGFsaWduPSJsZWZ0Ij7jg6Hjg7zjgqvjg7zlkI08L3RoPjx0ZCBiZ2NvbG9yPSIjRkZGRkZGIiB3aWR0aD0iNzUlIj7ml6XnlKM8L3RkPjwvdHI+PHRyPgo8dGggYmdjb2xvcj0iI0ZGRkZGRiIgYWxpZ249ImxlZnQiPumBqeWQiOi7iueorjwvdGg+PHRkIGJnY29sb3I9IiNGRkZGRkYiIHdpZHRoPSI3NSUiPuODl+ODquODoeODvOODqTwvdGQ+PC90cj48dHI+Cjx0aCBiZ2NvbG9yPSIjRkZGRkZGIiBhbGlnbj0ibGVmdCI+6YGp5ZCI5Z6L5byPPC90aD48dGQgYmdjb2xvcj0iI0ZGRkZGRiIgd2lkdGg9Ijc1JSI+SFAxMS9XSFAxMTwvdGQ+PC90cj4KPHRyPjx0aCBiZ2NvbG9yPSIjRkZGRkZGIiBhbGlnbj0ibGVmdCI+57SU5q2j5ZOB55WqPC90aD48dGQgYmdjb2xvcj0iI0ZGRkZGRiIgd2lkdGg9Ijc1JSI+MjMzMDAtNUoyMDE8L3RkPjwvdHI+PHRyPgo8dGggYmdjb2xvcj0iI0ZGRkZGRiIgYWxpZ249ImxlZnQiPuODoeODvOOCq+ODvOWTgeeVqjwvdGg+PHRkIGJnY29sb3I9IiNGRkZGRkYiIHdpZHRoPSI3NSUiPlMxMTQtODE4QTwvdGQ+PC90cj48dHI+Cjx0aCBiZ2NvbG9yPSIjRkZGRkZGIiBhbGlnbj0ibGVmdCI+5L+d6Ki8PC90aD48dGQgYmdjb2xvcj0iI0ZGRkZGRiIgd2lkdGg9Ijc1JSI+MeW5tOWPiOOBrzHkuIfjgq3jg608L3RkPjwvdHI+IDx0cj4KPHRoIGJnY29sb3I9IiNGRkZGRkYiIGFsaWduPSJsZWZ0Ij7phY3pgIHljLrliIY8L3RoPjx0ZCBiZ2NvbG9yPSIjRkZGRkZGIiB3aWR0aD0iNzUlIj5B44Op44Oz44KvPC90ZD48L3RyPjwvdGFibGU+PGJyPgo8L0NFTlRFUj4gCuODquODk+ODq+ODiOWTgeOBr+S4reWPpOmDqOWTgeOCkuWujOWFqOOBq+WIhuino+ODu+a0l+a1hOOBl+OAgea2iOiAl+WTgeOBiuOCiOOBs+S4jeiJr+mDqOWTgeOCkuS6pOaPm+OBl+OBn+OAgeOCquODvOODkOODvOODm+ODvOODq+WTgeOBp+OBmeOAguOBu+OBqOOCk+OBqeaWsOWTgeWQjOanmOOBruS7leS4iuOBjOOCiuOBp+OBmeOAguWujOaIkOW+jOOBq+WTgeizquODgeOCp+ODg+OCr++8iOWLleS9nOeiuuiqje+8iea4iOOBv+OBp+OBmeOAgg==,44CQ5pel55Sj44CR44CQ6YGp5ZCI6LuK56iuOuODl+ODquODoeODvOODqeOAkeODquODk+ODq+ODiOOCu+ODq+ODouODvOOCv+ODvC/jgrnjgr/jg7zjgr/jg7zjgJDou4rovIzlnovlvI86KEhQMTEvV0hQMTEpL+e0lOato+WTgeeVqjoyMzMwMC01SjIwMeOAke+8mk5DQ+mDqOWTgeOCu+ODs+OCv+ODvA==,44Kq44Or44K/44ON44O844K/44O844K744Or44Oi44O844K/44O844Kz44Oz44OX44Os44OD44K144OJ44Op44Kk44OW44K344Oj44OV44OI44Op44OD44Kv44OU44OL44Kq44Oz44Ko44Oz44K444Oz44Of44OD44K344On44Oz44K/44O844Oc44K/44O844OT44Oz44OT44K544Kr44K544CQ5pel55Sj44CR44CQ6YGp5ZCI6LuK56iuOuODl+ODquODoeODvOODqeOAkeODquODk+ODq+ODiOOCu+ODq+ODouODvOOCv+ODvC/jgrnjgr/jg7zjgr/jg7zjgJDou4rovIzlnovlvI86KEhQMTEvV0hQMTEpL+e0lOato+WTgeeVqjoyMzMwMC01SjIwMeOAkQ==,44CQ5pel55Sj44CR44CQ6YGp5ZCI6LuK56iuOuODl+ODquODoeODvOODqeOAkeODquODk+ODq+ODiOOCu+ODq+ODouODvOOCv+ODvC/jgrnjgr/jg7zjgr/jg7zjgJDou4rovIzlnovlvI86KEhQMTEvV0hQMTEpL+e0lOato+WTgeeVqjoyMzMwMC01SjIwMeOAkQ==[rn]
15-190211,aHR0cDovL3RzaG9wLnIxMHMuanAvbmNjcGFydHMvY2FiaW5ldC9wcm9kdWN0cy9jZWwxMDEuanBnP2ZpdGluPTcwMDo3MDA=,MTI4MDAuMDAwMA==,,6LuK55So5ZOB44O744OQ44Kk44Kv55So5ZOBID4g44Kr44O855So5ZOBID4g6Zu75a2Q44OR44O844OEID4g44K544K/44O844K/44O844Oi44O844K/44O8,44CQ44OI44Oo44K/44CR44CQ6YGp5ZCI6LuK56iuOuOCqOOCueODhuOCo+ODnuOCqOODn+ODvOODiuOAkeODquODk+ODq+ODiOOCu+ODq+ODouODvOOCv+ODvC/jgrnjgr/jg7zjgr/jg7zjgJDou4rovIzlnovlvI86KENYUjIxRy9DWFIxMEcvQ1hSMjBHKS/ntJTmraPlk4Hnlao6MjgxMDAtNjQxNjDjgJE=,,PENFTlRFUj4gCjxpbWcgc3JjPSJodHRwOi8vaW1hZ2UucmFrdXRlbi5jby5qcC9uY2NwYXJ0cy9jYWJpbmV0L3Byb2R1Y3RzL2NlbDEwMS5qcGciIHdpZHRoPSIzMDgiPjxicj48YnI+Cjx0YWJsZSB3aWR0aD0iMTAwJSIgYm9yZGVyPSIwIiBjZWxsc3BhY2luZz0iMSIgY2VsbHBhZGRpbmc9IjUiIGJnY29sb3I9IiMwMEIwRjAiPjx0cj4KPHRoIGNvbHNwYW49IjIiPuODquODk+ODq+ODiCDjgrvjg6vjg6Ljg7zjgr/jg7wv44K544K/44O844K/44O8PC90aD48L3RyPjx0cj4KPHRoIGJnY29sb3I9IiNGRkZGRkYiIGFsaWduPSJsZWZ0Ij7jg6Hjg7zjgqvjg7zlkI08L3RoPjx0ZCBiZ2NvbG9yPSIjRkZGRkZGIiB3aWR0aD0iNzUlIj7jg4jjg6jjgr88L3RkPjwvdHI+PHRyPgo8dGggYmdjb2xvcj0iI0ZGRkZGRiIgYWxpZ249ImxlZnQiPumBqeWQiOi7iueorjwvdGg+PHRkIGJnY29sb3I9IiNGRkZGRkYiIHdpZHRoPSI3NSUiPuOCqOOCueODhuOCo+ODnuOCqOODn+ODvOODijwvdGQ+PC90cj48dHI+Cjx0aCBiZ2NvbG9yPSIjRkZGRkZGIiBhbGlnbj0ibGVmdCI+6YGp5ZCI5Z6L5byPPC90aD48dGQgYmdjb2xvcj0iI0ZGRkZGRiIgd2lkdGg9Ijc1JSI+Q1hSMjFHL0NYUjEwRy9DWFIyMEc8L3RkPjwvdHI+Cjx0cj48dGggYmdjb2xvcj0iI0ZGRkZGRiIgYWxpZ249ImxlZnQiPue0lOato+WTgeeVqjwvdGg+PHRkIGJnY29sb3I9IiNGRkZGRkYiIHdpZHRoPSI3NSUiPjI4MTAwLTY0MTYwPC90ZD48L3RyPjx0cj4KPHRoIGJnY29sb3I9IiNGRkZGRkYiIGFsaWduPSJsZWZ0Ij7jg6Hjg7zjgqvjg7zlk4Hnlao8L3RoPjx0ZCBiZ2NvbG9yPSIjRkZGRkZGIiB3aWR0aD0iNzUlIj4yMjgwMDAtMDM5MDwvdGQ+PC90cj48dHI+Cjx0aCBiZ2NvbG9yPSIjRkZGRkZGIiBhbGlnbj0ibGVmdCI+5L+d6Ki8PC90aD48dGQgYmdjb2xvcj0iI0ZGRkZGRiIgd2lkdGg9Ijc1JSI+MeW5tOWPiOOBrzHkuIfjgq3jg608L3RkPjwvdHI+IDx0cj4KPHRoIGJnY29sb3I9IiNGRkZGRkYiIGFsaWduPSJsZWZ0Ij7phY3pgIHljLrliIY8L3RoPjx0ZCBiZ2NvbG9yPSIjRkZGRkZGIiB3aWR0aD0iNzUlIj5B44Op44Oz44KvPC90ZD48L3RyPjwvdGFibGU+PGJyPgo8L0NFTlRFUj4gCuODquODk+ODq+ODiOWTgeOBr+S4reWPpOmDqOWTgeOCkuWujOWFqOOBq+WIhuino+ODu+a0l+a1hOOBl+OAgea2iOiAl+WTgeOBiuOCiOOBs+S4jeiJr+mDqOWTgeOCkuS6pOaPm+OBl+OBn+OAgeOCquODvOODkOODvOODm+ODvOODq+WTgeOBp+OBmeOAguOBu+OBqOOCk+OBqeaWsOWTgeWQjOanmOOBruS7leS4iuOBjOOCiuOBp+OBmeOAguWujOaIkOW+jOOBq+WTgeizquODgeOCp+ODg+OCr++8iOWLleS9nOeiuuiqje+8iea4iOOBv+OBp+OBmeOAgg==,44CQ44OI44Oo44K/44CR44CQ6YGp5ZCI6LuK56iuOuOCqOOCueODhuOCo+ODnuOCqOODn+ODvOODiuOAkeODquODk+ODq+ODiOOCu+ODq+ODouODvOOCv+ODvC/jgrnjgr/jg7zjgr/jg7zjgJDou4rovIzlnovlvI86KENYUjIxRy9DWFIxMEcvQ1hSMjBHKS/ntJTmraPlk4Hnlao6MjgxMDAtNjQxNjDjgJHvvJpOQ0Ppg6jlk4Hjgrvjg7Pjgr/jg7w=,44Kq44Or44K/44ON44O844K/44O844K744Or44Oi44O844K/44O844Kz44Oz44OX44Os44OD44K144OJ44Op44Kk44OW44K344Oj44OV44OI44Op44OD44Kv44OU44OL44Kq44Oz44Ko44Oz44K444Oz44Of44OD44K344On44Oz44K/44O844Oc44K/44O844OT44Oz44OT44K544Kr44K544CQ44OI44Oo44K/44CR44CQ6YGp5ZCI6LuK56iuOuOCqOOCueODhuOCo+ODnuOCqOODn+ODvOODiuOAkeODquODk+ODq+ODiOOCu+ODq+ODouODvOOCv+ODvC/jgrnjgr/jg7zjgr/jg7zjgJDou4rovIzlnovlvI86KENYUjIxRy9DWFIxMEcvQ1hSMjBHKS/ntJTmraPlk4Hnlao6MjgxMDAtNjQxNjDjgJE=,44CQ44OI44Oo44K/44CR44CQ6YGp5ZCI6LuK56iuOuOCqOOCueODhuOCo+ODnuOCqOODn+ODvOODiuOAkeODquODk+ODq+ODiOOCu+ODq+ODouODvOOCv+ODvC/jgrnjgr/jg7zjgr/jg7zjgJDou4rovIzlnovlvI86KENYUjIxRy9DWFIxMEcvQ1hSMjBHKS/ntJTmraPlk4Hnlao6MjgxMDAtNjQxNjDjgJE=[rn]
15-190212,aHR0cDovL3RzaG9wLnIxMHMuanAvbmNjcGFydHMvY2FiaW5ldC9wcm9kdWN0cy9jZWwxMDEuanBnP2ZpdGluPTcwMDo3MDA=,MTE2MDAuMDAwMA==,,6LuK55So5ZOB44O744OQ44Kk44Kv55So5ZOBID4g44Kr44O855So5ZOBID4g6Zu75a2Q44OR44O844OEID4g44K544K/44O844K/44O844Oi44O844K/44O8,44CQ44OI44Oo44K/44CR44CQ6YGp5ZCI6LuK56iuOuOCv+OCpuODs+OCqOODvOOCueODjuOCouOAkeODquODk+ODq+ODiOOCu+ODq+ODouODvOOCv+ODvC/jgrnjgr/jg7zjgr/jg7zjgJDou4rovIzlnovlvI86S1I0MlYv57SU5q2j5ZOB55WqOjI4MTAwLTEzMDgw44CR,,PENFTlRFUj4gCjxpbWcgc3JjPSJodHRwOi8vaW1hZ2UucmFrdXRlbi5jby5qcC9uY2NwYXJ0cy9jYWJpbmV0L3Byb2R1Y3RzL2NlbDEwMS5qcGciIHdpZHRoPSIzMDgiPjxicj48YnI+Cjx0YWJsZSB3aWR0aD0iMTAwJSIgYm9yZGVyPSIwIiBjZWxsc3BhY2luZz0iMSIgY2VsbHBhZGRpbmc9IjUiIGJnY29sb3I9IiMwMEIwRjAiPjx0cj4KPHRoIGNvbHNwYW49IjIiPuODquODk+ODq+ODiCDjgrvjg6vjg6Ljg7zjgr/jg7wv44K544K/44O844K/44O8PC90aD48L3RyPjx0cj4KPHRoIGJnY29sb3I9IiNGRkZGRkYiIGFsaWduPSJsZWZ0Ij7jg6Hjg7zjgqvjg7zlkI08L3RoPjx0ZCBiZ2NvbG9yPSIjRkZGRkZGIiB3aWR0aD0iNzUlIj7jg4jjg6jjgr88L3RkPjwvdHI+PHRyPgo8dGggYmdjb2xvcj0iI0ZGRkZGRiIgYWxpZ249ImxlZnQiPumBqeWQiOi7iueorjwvdGg+PHRkIGJnY29sb3I9IiNGRkZGRkYiIHdpZHRoPSI3NSUiPuOCv+OCpuODs+OCqOODvOOCueODjuOCojwvdGQ+PC90cj48dHI+Cjx0aCBiZ2NvbG9yPSIjRkZGRkZGIiBhbGlnbj0ibGVmdCI+6YGp5ZCI5Z6L5byPPC90aD48dGQgYmdjb2xvcj0iI0ZGRkZGRiIgd2lkdGg9Ijc1JSI+S1I0MlY8L3RkPjwvdHI+Cjx0cj48dGggYmdjb2xvcj0iI0ZGRkZGRiIgYWxpZ249ImxlZnQiPue0lOato+WTgeeVqjwvdGg+PHRkIGJnY29sb3I9IiNGRkZGRkYiIHdpZHRoPSI3NSUiPjI4MTAwLTEzMDgwPC90ZD48L3RyPjx0cj4KPHRoIGJnY29sb3I9IiNGRkZGRkYiIGFsaWduPSJsZWZ0Ij7jg6Hjg7zjgqvjg7zlk4Hnlao8L3RoPjx0ZCBiZ2NvbG9yPSIjRkZGRkZGIiB3aWR0aD0iNzUlIj4xMjgwMDAtNjcyMDwvdGQ+PC90cj48dHI+Cjx0aCBiZ2NvbG9yPSIjRkZGRkZGIiBhbGlnbj0ibGVmdCI+5L+d6Ki8PC90aD48dGQgYmdjb2xvcj0iI0ZGRkZGRiIgd2lkdGg9Ijc1JSI+MeW5tOWPiOOBrzHkuIfjgq3jg608L3RkPjwvdHI+IDx0cj4KPHRoIGJnY29sb3I9IiNGRkZGRkYiIGFsaWduPSJsZWZ0Ij7phY3pgIHljLrliIY8L3RoPjx0ZCBiZ2NvbG9yPSIjRkZGRkZGIiB3aWR0aD0iNzUlIj5B44Op44Oz44KvPC90ZD48L3RyPjwvdGFibGU+PGJyPgo8L0NFTlRFUj4gCuODquODk+ODq+ODiOWTgeOBr+S4reWPpOmDqOWTgeOCkuWujOWFqOOBq+WIhuino+ODu+a0l+a1hOOBl+OAgea2iOiAl+WTgeOBiuOCiOOBs+S4jeiJr+mDqOWTgeOCkuS6pOaPm+OBl+OBn+OAgeOCquODvOODkOODvOODm+ODvOODq+WTgeOBp+OBmeOAguOBu+OBqOOCk+OBqeaWsOWTgeWQjOanmOOBruS7leS4iuOBjOOCiuOBp+OBmeOAguWujOaIkOW+jOOBq+WTgeizquODgeOCp+ODg+OCr++8iOWLleS9nOeiuuiqje+8iea4iOOBv+OBp+OBmeOAgg==,44CQ44OI44Oo44K/44CR44CQ6YGp5ZCI6LuK56iuOuOCv+OCpuODs+OCqOODvOOCueODjuOCouOAkeODquODk+ODq+ODiOOCu+ODq+ODouODvOOCv+ODvC/jgrnjgr/jg7zjgr/jg7zjgJDou4rovIzlnovlvI86S1I0MlYv57SU5q2j5ZOB55WqOjI4MTAwLTEzMDgw44CR77yaTkND6YOo5ZOB44K744Oz44K/44O8,44Kq44Or44K/44ON44O844K/44O844K744Or44Oi44O844K/44O844Kz44Oz44OX44Os44OD44K144OJ44Op44Kk44OW44K344Oj44OV44OI44Op44OD44Kv44OU44OL44Kq44Oz44Ko44Oz44K444Oz44Of44OD44K344On44Oz44K/44O844Oc44K/44O844OT44Oz44OT44K544Kr44K544CQ44OI44Oo44K/44CR44CQ6YGp5ZCI6LuK56iuOuOCv+OCpuODs+OCqOODvOOCueODjuOCouOAkeODquODk+ODq+ODiOOCu+ODq+ODouODvOOCv+ODvC/jgrnjgr/jg7zjgr/jg7zjgJDou4rovIzlnovlvI86S1I0MlYv57SU5q2j5ZOB55WqOjI4MTAwLTEzMDgw44CR,44CQ44OI44Oo44K/44CR44CQ6YGp5ZCI6LuK56iuOuOCv+OCpuODs+OCqOODvOOCueODjuOCouOAkeODquODk+ODq+ODiOOCu+ODq+ODouODvOOCv+ODvC/jgrnjgr/jg7zjgr/jg7zjgJDou4rovIzlnovlvI86S1I0MlYv57SU5q2j5ZOB55WqOjI4MTAwLTEzMDgw44CR[rn]
15-190213,aHR0cDovL3RzaG9wLnIxMHMuanAvbmNjcGFydHMvY2FiaW5ldC9wcm9kdWN0cy9jZWwxMDEuanBnP2ZpdGluPTcwMDo3MDA=,MTA0MDAuMDAwMA==,,6LuK55So5ZOB44O744OQ44Kk44Kv55So5ZOBID4g44Kr44O855So5ZOBID4g6Zu75a2Q44OR44O844OEID4g44K544K/44O844K/44O844Oi44O844K/44O8,44CQ44OI44Oo44K/44CR44CQ6YGp5ZCI6LuK56iuOuOCueODl+ODquODs+OCv+ODvOOAkeODquODk+ODq+ODiOOCu+ODq+ODouODvOOCv+ODvC/jgrnjgr/jg7zjgr/jg7zjgJDou4rovIzlnovlvI86KEFFMTE0L0FFMTE1KS/ntJTmraPlk4Hnlao6MjgxMDAtMTYyMzDjgJE=,,PENFTlRFUj4gCjxpbWcgc3JjPSJodHRwOi8vaW1hZ2UucmFrdXRlbi5jby5qcC9uY2NwYXJ0cy9jYWJpbmV0L3Byb2R1Y3RzL2NlbDEwMS5qcGciIHdpZHRoPSIzMDgiPjxicj48YnI+Cjx0YWJsZSB3aWR0aD0iMTAwJSIgYm9yZGVyPSIwIiBjZWxsc3BhY2luZz0iMSIgY2VsbHBhZGRpbmc9IjUiIGJnY29sb3I9IiMwMEIwRjAiPjx0cj4KPHRoIGNvbHNwYW49IjIiPuODquODk+ODq+ODiCDjgrvjg6vjg6Ljg7zjgr/jg7wv44K544K/44O844K/44O8PC90aD48L3RyPjx0cj4KPHRoIGJnY29sb3I9IiNGRkZGRkYiIGFsaWduPSJsZWZ0Ij7jg6Hjg7zjgqvjg7zlkI08L3RoPjx0ZCBiZ2NvbG9yPSIjRkZGRkZGIiB3aWR0aD0iNzUlIj7jg4jjg6jjgr88L3RkPjwvdHI+PHRyPgo8dGggYmdjb2xvcj0iI0ZGRkZGRiIgYWxpZ249ImxlZnQiPumBqeWQiOi7iueorjwvdGg+PHRkIGJnY29sb3I9IiNGRkZGRkYiIHdpZHRoPSI3NSUiPuOCueODl+ODquODs+OCv+ODvDwvdGQ+PC90cj48dHI+Cjx0aCBiZ2NvbG9yPSIjRkZGRkZGIiBhbGlnbj0ibGVmdCI+6YGp5ZCI5Z6L5byPPC90aD48dGQgYmdjb2xvcj0iI0ZGRkZGRiIgd2lkdGg9Ijc1JSI+QUUxMTQvQUUxMTU8L3RkPjwvdHI+Cjx0cj48dGggYmdjb2xvcj0iI0ZGRkZGRiIgYWxpZ249ImxlZnQiPue0lOato+WTgeeVqjwvdGg+PHRkIGJnY29sb3I9IiNGRkZGRkYiIHdpZHRoPSI3NSUiPjI4MTAwLTE2MjMwPC90ZD48L3RyPjx0cj4KPHRoIGJnY29sb3I9IiNGRkZGRkYiIGFsaWduPSJsZWZ0Ij7jg6Hjg7zjgqvjg7zlk4Hnlao8L3RoPjx0ZCBiZ2NvbG9yPSIjRkZGRkZGIiB3aWR0aD0iNzUlIj4yMjgwMDAtMjkwMDwvdGQ+PC90cj48dHI+Cjx0aCBiZ2NvbG9yPSIjRkZGRkZGIiBhbGlnbj0ibGVmdCI+5L+d6Ki8PC90aD48dGQgYmdjb2xvcj0iI0ZGRkZGRiIgd2lkdGg9Ijc1JSI+MeW5tOWPiOOBrzHkuIfjgq3jg608L3RkPjwvdHI+IDx0cj4KPHRoIGJnY29sb3I9IiNGRkZGRkYiIGFsaWduPSJsZWZ0Ij7phY3pgIHljLrliIY8L3RoPjx0ZCBiZ2NvbG9yPSIjRkZGRkZGIiB3aWR0aD0iNzUlIj5B44Op44Oz44KvPC90ZD48L3RyPjwvdGFibGU+PGJyPgo8L0NFTlRFUj4gCuODquODk+ODq+ODiOWTgeOBr+S4reWPpOmDqOWTgeOCkuWujOWFqOOBq+WIhuino+ODu+a0l+a1hOOBl+OAgea2iOiAl+WTgeOBiuOCiOOBs+S4jeiJr+mDqOWTgeOCkuS6pOaPm+OBl+OBn+OAgeOCquODvOODkOODvOODm+ODvOODq+WTgeOBp+OBmeOAguOBu+OBqOOCk+OBqeaWsOWTgeWQjOanmOOBruS7leS4iuOBjOOCiuOBp+OBmeOAguWujOaIkOW+jOOBq+WTgeizquODgeOCp+ODg+OCr++8iOWLleS9nOeiuuiqje+8iea4iOOBv+OBp+OBmeOAgg==,44CQ44OI44Oo44K/44CR44CQ6YGp5ZCI6LuK56iuOuOCueODl+ODquODs+OCv+ODvOOAkeODquODk+ODq+ODiOOCu+ODq+ODouODvOOCv+ODvC/jgrnjgr/jg7zjgr/jg7zjgJDou4rovIzlnovlvI86KEFFMTE0L0FFMTE1KS/ntJTmraPlk4Hnlao6MjgxMDAtMTYyMzDjgJHvvJpOQ0Ppg6jlk4Hjgrvjg7Pjgr/jg7w=,44Kq44Or44K/44ON44O844K/44O844K744Or44Oi44O844K/44O844Kz44Oz44OX44Os44OD44K144OJ44Op44Kk44OW44K344Oj44OV44OI44Op44OD44Kv44OU44OL44Kq44Oz44Ko44Oz44K444Oz44Of44OD44K344On44Oz44K/44O844Oc44K/44O844OT44Oz44OT44K544Kr44K544CQ44OI44Oo44K/44CR44CQ6YGp5ZCI6LuK56iuOuOCueODl+ODquODs+OCv+ODvOOAkeODquODk+ODq+ODiOOCu+ODq+ODouODvOOCv+ODvC/jgrnjgr/jg7zjgr/jg7zjgJDou4rovIzlnovlvI86KEFFMTE0L0FFMTE1KS/ntJTmraPlk4Hnlao6MjgxMDAtMTYyMzDjgJE=,44CQ44OI44Oo44K/44CR44CQ6YGp5ZCI6LuK56iuOuOCueODl+ODquODs+OCv+ODvOOAkeODquODk+ODq+ODiOOCu+ODq+ODouODvOOCv+ODvC/jgrnjgr/jg7zjgr/jg7zjgJDou4rovIzlnovlvI86KEFFMTE0L0FFMTE1KS/ntJTmraPlk4Hnlao6MjgxMDAtMTYyMzDjgJE=[rn]
15-190214,aHR0cDovL3RzaG9wLnIxMHMuanAvbmNjcGFydHMvY2FiaW5ldC9wcm9kdWN0cy9jZWwyMDEuanBnP2ZpdGluPTcwMDo3MDA=,OTYwMC4wMDAw,,6LuK55So5ZOB44O744OQ44Kk44Kv55So5ZOBID4g44Kr44O855So5ZOBID4g6Zu75a2Q44OR44O844OEID4g44K544K/44O844K/44O844Oi44O844K/44O8,44CQ5pel55Sj44CR44CQ6YGp5ZCI6LuK56iuOuODluODq+ODvOODkOODvOODieOAkeODquODk+ODq+ODiOOCu+ODq+ODouODvOOCv+ODvC/jgrnjgr/jg7zjgr/jg7zjgJDou4rovIzlnovlvI86KEVVMTQvRU5VMTQvSFUxNCkv57SU5q2j5ZOB55WqOjIzMzAwLTJKMjA244CR,,PENFTlRFUj4gCjxpbWcgc3JjPSJodHRwOi8vaW1hZ2UucmFrdXRlbi5jby5qcC9uY2NwYXJ0cy9jYWJpbmV0L3Byb2R1Y3RzL2NlbDIwMS5qcGciIHdpZHRoPSIzMDgiPjxicj48YnI+Cjx0YWJsZSB3aWR0aD0iMTAwJSIgYm9yZGVyPSIwIiBjZWxsc3BhY2luZz0iMSIgY2VsbHBhZGRpbmc9IjUiIGJnY29sb3I9IiMwMEIwRjAiPjx0cj4KPHRoIGNvbHNwYW49IjIiPuODquODk+ODq+ODiCDjgrvjg6vjg6Ljg7zjgr/jg7wv44K544K/44O844K/44O8PC90aD48L3RyPjx0cj4KPHRoIGJnY29sb3I9IiNGRkZGRkYiIGFsaWduPSJsZWZ0Ij7jg6Hjg7zjgqvjg7zlkI08L3RoPjx0ZCBiZ2NvbG9yPSIjRkZGRkZGIiB3aWR0aD0iNzUlIj7ml6XnlKM8L3RkPjwvdHI+PHRyPgo8dGggYmdjb2xvcj0iI0ZGRkZGRiIgYWxpZ249ImxlZnQiPumBqeWQiOi7iueorjwvdGg+PHRkIGJnY29sb3I9IiNGRkZGRkYiIHdpZHRoPSI3NSUiPuODluODq+ODvOODkOODvOODiTwvdGQ+PC90cj48dHI+Cjx0aCBiZ2NvbG9yPSIjRkZGRkZGIiBhbGlnbj0ibGVmdCI+6YGp5ZCI5Z6L5byPPC90aD48dGQgYmdjb2xvcj0iI0ZGRkZGRiIgd2lkdGg9Ijc1JSI+RVUxNC9FTlUxNC9IVTE0PC90ZD48L3RyPgo8dHI+PHRoIGJnY29sb3I9IiNGRkZGRkYiIGFsaWduPSJsZWZ0Ij7ntJTmraPlk4Hnlao8L3RoPjx0ZCBiZ2NvbG9yPSIjRkZGRkZGIiB3aWR0aD0iNzUlIj4yMzMwMC0ySjIwNjwvdGQ+PC90cj48dHI+Cjx0aCBiZ2NvbG9yPSIjRkZGRkZGIiBhbGlnbj0ibGVmdCI+44Oh44O844Kr44O85ZOB55WqPC90aD48dGQgYmdjb2xvcj0iI0ZGRkZGRiIgd2lkdGg9Ijc1JSI+UzExNC04MDVBPC90ZD48L3RyPjx0cj4KPHRoIGJnY29sb3I9IiNGRkZGRkYiIGFsaWduPSJsZWZ0Ij7kv53oqLw8L3RoPjx0ZCBiZ2NvbG9yPSIjRkZGRkZGIiB3aWR0aD0iNzUlIj4x5bm05Y+I44GvMeS4h+OCreODrTwvdGQ+PC90cj4gPHRyPgo8dGggYmdjb2xvcj0iI0ZGRkZGRiIgYWxpZ249ImxlZnQiPumFjemAgeWMuuWIhjwvdGg+PHRkIGJnY29sb3I9IiNGRkZGRkYiIHdpZHRoPSI3NSUiPkHjg6njg7Pjgq88L3RkPjwvdHI+PC90YWJsZT48YnI+CjwvQ0VOVEVSPiAK44Oq44OT44Or44OI5ZOB44Gv5Lit5Y+k6YOo5ZOB44KS5a6M5YWo44Gr5YiG6Kej44O75rSX5rWE44GX44CB5raI6ICX5ZOB44GK44KI44Gz5LiN6Imv6YOo5ZOB44KS5Lqk5o+b44GX44Gf44CB44Kq44O844OQ44O844Ob44O844Or5ZOB44Gn44GZ44CC44G744Go44KT44Gp5paw5ZOB5ZCM5qeY44Gu5LuV5LiK44GM44KK44Gn44GZ44CC5a6M5oiQ5b6M44Gr5ZOB6LOq44OB44Kn44OD44Kv77yI5YuV5L2c56K66KqN77yJ5riI44G/44Gn44GZ44CC,44CQ5pel55Sj44CR44CQ6YGp5ZCI6LuK56iuOuODluODq+ODvOODkOODvOODieOAkeODquODk+ODq+ODiOOCu+ODq+ODouODvOOCv+ODvC/jgrnjgr/jg7zjgr/jg7zjgJDou4rovIzlnovlvI86KEVVMTQvRU5VMTQvSFUxNCkv57SU5q2j5ZOB55WqOjIzMzAwLTJKMjA244CR77yaTkND6YOo5ZOB44K744Oz44K/44O8,44Kq44Or44K/44ON44O844K/44O844K744Or44Oi44O844K/44O844Kz44Oz44OX44Os44OD44K144OJ44Op44Kk44OW44K344Oj44OV44OI44Op44OD44Kv44OU44OL44Kq44Oz44Ko44Oz44K444Oz44Of44OD44K344On44Oz44K/44O844Oc44K/44O844OT44Oz44OT44K544Kr44K544CQ5pel55Sj44CR44CQ6YGp5ZCI6LuK56iuOuODluODq+ODvOODkOODvOODieOAkeODquODk+ODq+ODiOOCu+ODq+ODouODvOOCv+ODvC/jgrnjgr/jg7zjgr/jg7zjgJDou4rovIzlnovlvI86KEVVMTQvRU5VMTQvSFUxNCkv57SU5q2j5ZOB55WqOjIzMzAwLTJKMjA244CR,44CQ5pel55Sj44CR44CQ6YGp5ZCI6LuK56iuOuODluODq+ODvOODkOODvOODieOAkeODquODk+ODq+ODiOOCu+ODq+ODouODvOOCv+ODvC/jgrnjgr/jg7zjgr/jg7zjgJDou4rovIzlnovlvI86KEVVMTQvRU5VMTQvSFUxNCkv57SU5q2j5ZOB55WqOjIzMzAwLTJKMjA244CR[rn]
15-190215,aHR0cDovL3RzaG9wLnIxMHMuanAvbmNjcGFydHMvY2FiaW5ldC9wcm9kdWN0cy9jZWwwMDEuanBnP2ZpdGluPTcwMDo3MDA=,OTIwMC4wMDAw,,6LuK55So5ZOB44O744OQ44Kk44Kv55So5ZOBID4g44Kr44O855So5ZOBID4g6Zu75a2Q44OR44O844OEID4g44K544K/44O844K/44O844Oi44O844K/44O8,44CQ44Oe44OE44OA44CR44CQ6YGp5ZCI6LuK56iuOuODqeODlOODpeOCv+OAkeODquODk+ODq+ODiOOCu+ODq+ODouODvOOCv+ODvC/jgrnjgr/jg7zjgr/jg7zjgJDou4rovIzlnovlvI86SFAyMVMv57SU5q2j5ZOB55WqOkFZMDQtMTgtNDAw44CR,,PENFTlRFUj4gCjxpbWcgc3JjPSJodHRwOi8vaW1hZ2UucmFrdXRlbi5jby5qcC9uY2NwYXJ0cy9jYWJpbmV0L3Byb2R1Y3RzL2NlbDAwMS5qcGciIHdpZHRoPSIzMDgiPjxicj48YnI+Cjx0YWJsZSB3aWR0aD0iMTAwJSIgYm9yZGVyPSIwIiBjZWxsc3BhY2luZz0iMSIgY2VsbHBhZGRpbmc9IjUiIGJnY29sb3I9IiMwMEIwRjAiPjx0cj4KPHRoIGNvbHNwYW49IjIiPuODquODk+ODq+ODiCDjgrvjg6vjg6Ljg7zjgr/jg7wv44K544K/44O844K/44O8PC90aD48L3RyPjx0cj4KPHRoIGJnY29sb3I9IiNGRkZGRkYiIGFsaWduPSJsZWZ0Ij7jg6Hjg7zjgqvjg7zlkI08L3RoPjx0ZCBiZ2NvbG9yPSIjRkZGRkZGIiB3aWR0aD0iNzUlIj7jg57jg4Tjg4A8L3RkPjwvdHI+PHRyPgo8dGggYmdjb2xvcj0iI0ZGRkZGRiIgYWxpZ249ImxlZnQiPumBqeWQiOi7iueorjwvdGg+PHRkIGJnY29sb3I9IiNGRkZGRkYiIHdpZHRoPSI3NSUiPuODqeODlOODpeOCvzwvdGQ+PC90cj48dHI+Cjx0aCBiZ2NvbG9yPSIjRkZGRkZGIiBhbGlnbj0ibGVmdCI+6YGp5ZCI5Z6L5byPPC90aD48dGQgYmdjb2xvcj0iI0ZGRkZGRiIgd2lkdGg9Ijc1JSI+SFAyMVM8L3RkPjwvdHI+Cjx0cj48dGggYmdjb2xvcj0iI0ZGRkZGRiIgYWxpZ249ImxlZnQiPue0lOato+WTgeeVqjwvdGg+PHRkIGJnY29sb3I9IiNGRkZGRkYiIHdpZHRoPSI3NSUiPkFZMDQtMTgtNDAwPC90ZD48L3RyPjx0cj4KPHRoIGJnY29sb3I9IiNGRkZGRkYiIGFsaWduPSJsZWZ0Ij7jg6Hjg7zjgqvjg7zlk4Hnlao8L3RoPjx0ZCBiZ2NvbG9yPSIjRkZGRkZGIiB3aWR0aD0iNzUlIj4yMjgwMDAtNjgzMDwvdGQ+PC90cj48dHI+Cjx0aCBiZ2NvbG9yPSIjRkZGRkZGIiBhbGlnbj0ibGVmdCI+5L+d6Ki8PC90aD48dGQgYmdjb2xvcj0iI0ZGRkZGRiIgd2lkdGg9Ijc1JSI+MeW5tOWPiOOBrzHkuIfjgq3jg608L3RkPjwvdHI+IDx0cj4KPHRoIGJnY29sb3I9IiNGRkZGRkYiIGFsaWduPSJsZWZ0Ij7phY3pgIHljLrliIY8L3RoPjx0ZCBiZ2NvbG9yPSIjRkZGRkZGIiB3aWR0aD0iNzUlIj5B44Op44Oz44KvPC90ZD48L3RyPjwvdGFibGU+PGJyPgo8L0NFTlRFUj4gCuODquODk+ODq+ODiOWTgeOBr+S4reWPpOmDqOWTgeOCkuWujOWFqOOBq+WIhuino+ODu+a0l+a1hOOBl+OAgea2iOiAl+WTgeOBiuOCiOOBs+S4jeiJr+mDqOWTgeOCkuS6pOaPm+OBl+OBn+OAgeOCquODvOODkOODvOODm+ODvOODq+WTgeOBp+OBmeOAguOBu+OBqOOCk+OBqeaWsOWTgeWQjOanmOOBruS7leS4iuOBjOOCiuOBp+OBmeOAguWujOaIkOW+jOOBq+WTgeizquODgeOCp+ODg+OCr++8iOWLleS9nOeiuuiqje+8iea4iOOBv+OBp+OBmeOAgg==,44CQ44Oe44OE44OA44CR44CQ6YGp5ZCI6LuK56iuOuODqeODlOODpeOCv+OAkeODquODk+ODq+ODiOOCu+ODq+ODouODvOOCv+ODvC/jgrnjgr/jg7zjgr/jg7zjgJDou4rovIzlnovlvI86SFAyMVMv57SU5q2j5ZOB55WqOkFZMDQtMTgtNDAw44CR77yaTkND6YOo5ZOB44K744Oz44K/44O8,44Kq44Or44K/44ON44O844K/44O844K744Or44Oi44O844K/44O844Kz44Oz44OX44Os44OD44K144OJ44Op44Kk44OW44K344Oj44OV44OI44Op44OD44Kv44OU44OL44Kq44Oz44Ko44Oz44K444Oz44Of44OD44K344On44Oz44K/44O844Oc44K/44O844OT44Oz44OT44K544Kr44K544CQ44Oe44OE44OA44CR44CQ6YGp5ZCI6LuK56iuOuODqeODlOODpeOCv+OAkeODquODk+ODq+ODiOOCu+ODq+ODouODvOOCv+ODvC/jgrnjgr/jg7zjgr/jg7zjgJDou4rovIzlnovlvI86SFAyMVMv57SU5q2j5ZOB55WqOkFZMDQtMTgtNDAw44CR,44CQ44Oe44OE44OA44CR44CQ6YGp5ZCI6LuK56iuOuODqeODlOODpeOCv+OAkeODquODk+ODq+ODiOOCu+ODq+ODouODvOOCv+ODvC/jgrnjgr/jg7zjgr/jg7zjgJDou4rovIzlnovlvI86SFAyMVMv57SU5q2j5ZOB55WqOkFZMDQtMTgtNDAw44CR[rn]
15-190216,aHR0cDovL3RzaG9wLnIxMHMuanAvbmNjcGFydHMvY2FiaW5ldC9wcm9kdWN0cy9jZWwxMDEuanBnP2ZpdGluPTcwMDo3MDA=,MTA0MDAuMDAwMA==,,6LuK55So5ZOB44O744OQ44Kk44Kv55So5ZOBID4g44Kr44O855So5ZOBID4g6Zu75a2Q44OR44O844OEID4g44K544K/44O844K/44O844Oi44O844K/44O8,44CQ44OI44Oo44K/44CR44CQ6YGp5ZCI6LuK56iuOuOCr+ODrOOCueOCv+OAkeODquODk+ODq+ODiOOCu+ODq+ODouODvOOCv+ODvC/jgrnjgr/jg7zjgr/jg7zjgJDou4rovIzlnovlvI86R1g4MS/ntJTmraPlk4Hnlao6MjgxMDAtNzAwMjDjgJE=,,PENFTlRFUj4gCjxpbWcgc3JjPSJodHRwOi8vaW1hZ2UucmFrdXRlbi5jby5qcC9uY2NwYXJ0cy9jYWJpbmV0L3Byb2R1Y3RzL2NlbDEwMS5qcGciIHdpZHRoPSIzMDgiPjxicj48YnI+Cjx0YWJsZSB3aWR0aD0iMTAwJSIgYm9yZGVyPSIwIiBjZWxsc3BhY2luZz0iMSIgY2VsbHBhZGRpbmc9IjUiIGJnY29sb3I9IiMwMEIwRjAiPjx0cj4KPHRoIGNvbHNwYW49IjIiPuODquODk+ODq+ODiCDjgrvjg6vjg6Ljg7zjgr/jg7wv44K544K/44O844K/44O8PC90aD48L3RyPjx0cj4KPHRoIGJnY29sb3I9IiNGRkZGRkYiIGFsaWduPSJsZWZ0Ij7jg6Hjg7zjgqvjg7zlkI08L3RoPjx0ZCBiZ2NvbG9yPSIjRkZGRkZGIiB3aWR0aD0iNzUlIj7jg4jjg6jjgr88L3RkPjwvdHI+PHRyPgo8dGggYmdjb2xvcj0iI0ZGRkZGRiIgYWxpZ249ImxlZnQiPumBqeWQiOi7iueorjwvdGg+PHRkIGJnY29sb3I9IiNGRkZGRkYiIHdpZHRoPSI3NSUiPuOCr+ODrOOCueOCvzwvdGQ+PC90cj48dHI+Cjx0aCBiZ2NvbG9yPSIjRkZGRkZGIiBhbGlnbj0ibGVmdCI+6YGp5ZCI5Z6L5byPPC90aD48dGQgYmdjb2xvcj0iI0ZGRkZGRiIgd2lkdGg9Ijc1JSI+R1g4MTwvdGQ+PC90cj4KPHRyPjx0aCBiZ2NvbG9yPSIjRkZGRkZGIiBhbGlnbj0ibGVmdCI+57SU5q2j5ZOB55WqPC90aD48dGQgYmdjb2xvcj0iI0ZGRkZGRiIgd2lkdGg9Ijc1JSI+MjgxMDAtNzAwMjA8L3RkPjwvdHI+PHRyPgo8dGggYmdjb2xvcj0iI0ZGRkZGRiIgYWxpZ249ImxlZnQiPuODoeODvOOCq+ODvOWTgeeVqjwvdGg+PHRkIGJnY29sb3I9IiNGRkZGRkYiIHdpZHRoPSI3NSUiPjEyODAwMC01MjEwPC90ZD48L3RyPjx0cj4KPHRoIGJnY29sb3I9IiNGRkZGRkYiIGFsaWduPSJsZWZ0Ij7kv53oqLw8L3RoPjx0ZCBiZ2NvbG9yPSIjRkZGRkZGIiB3aWR0aD0iNzUlIj4x5bm05Y+I44GvMeS4h+OCreODrTwvdGQ+PC90cj4gPHRyPgo8dGggYmdjb2xvcj0iI0ZGRkZGRiIgYWxpZ249ImxlZnQiPumFjemAgeWMuuWIhjwvdGg+PHRkIGJnY29sb3I9IiNGRkZGRkYiIHdpZHRoPSI3NSUiPkHjg6njg7Pjgq88L3RkPjwvdHI+PC90YWJsZT48YnI+CjwvQ0VOVEVSPiAK44Oq44OT44Or44OI5ZOB44Gv5Lit5Y+k6YOo5ZOB44KS5a6M5YWo44Gr5YiG6Kej44O75rSX5rWE44GX44CB5raI6ICX5ZOB44GK44KI44Gz5LiN6Imv6YOo5ZOB44KS5Lqk5o+b44GX44Gf44CB44Kq44O844OQ44O844Ob44O844Or5ZOB44Gn44GZ44CC44G744Go44KT44Gp5paw5ZOB5ZCM5qeY44Gu5LuV5LiK44GM44KK44Gn44GZ44CC5a6M5oiQ5b6M44Gr5ZOB6LOq44OB44Kn44OD44Kv77yI5YuV5L2c56K66KqN77yJ5riI44G/44Gn44GZ44CC,44CQ44OI44Oo44K/44CR44CQ6YGp5ZCI6LuK56iuOuOCr+ODrOOCueOCv+OAkeODquODk+ODq+ODiOOCu+ODq+ODouODvOOCv+ODvC/jgrnjgr/jg7zjgr/jg7zjgJDou4rovIzlnovlvI86R1g4MS/ntJTmraPlk4Hnlao6MjgxMDAtNzAwMjDjgJHvvJpOQ0Ppg6jlk4Hjgrvjg7Pjgr/jg7w=,44Kq44Or44K/44ON44O844K/44O844K744Or44Oi44O844K/44O844Kz44Oz44OX44Os44OD44K144OJ44Op44Kk44OW44K344Oj44OV44OI44Op44OD44Kv44OU44OL44Kq44Oz44Ko44Oz44K444Oz44Of44OD44K344On44Oz44K/44O844Oc44K/44O844OT44Oz44OT44K544Kr44K544CQ44OI44Oo44K/44CR44CQ6YGp5ZCI6LuK56iuOuOCr+ODrOOCueOCv+OAkeODquODk+ODq+ODiOOCu+ODq+ODouODvOOCv+ODvC/jgrnjgr/jg7zjgr/jg7zjgJDou4rovIzlnovlvI86R1g4MS/ntJTmraPlk4Hnlao6MjgxMDAtNzAwMjDjgJE=,44CQ44OI44Oo44K/44CR44CQ6YGp5ZCI6LuK56iuOuOCr+ODrOOCueOCv+OAkeODquODk+ODq+ODiOOCu+ODq+ODouODvOOCv+ODvC/jgrnjgr/jg7zjgr/jg7zjgJDou4rovIzlnovlvI86R1g4MS/ntJTmraPlk4Hnlao6MjgxMDAtNzAwMjDjgJE=[rn]
15-190217,aHR0cDovL3RzaG9wLnIxMHMuanAvbmNjcGFydHMvY2FiaW5ldC9wcm9kdWN0cy9jZWwwMDEuanBnP2ZpdGluPTcwMDo3MDA=,MTUyMDAuMDAwMA==,,6LuK55So5ZOB44O744OQ44Kk44Kv55So5ZOBID4g44Kr44O855So5ZOBID4g6Zu75a2Q44OR44O844OEID4g44K544K/44O844K/44O844Oi44O844K/44O8,44CQ44Ob44Oz44OA44CR44CQ6YGp5ZCI6LuK56iuOuOCueODiOODquODvOODoOOAkeODquODk+ODq+ODiOOCu+ODq+ODouODvOOCv+ODvC/jgrnjgr/jg7zjgr/jg7zjgJDou4rovIzlnovlvI86KFJOMy9STjQvUk42L1JONykv57SU5q2j5ZOB55WqOjMxMjAwLVBOQS0wMDPjgJE=,,PENFTlRFUj4gCjxpbWcgc3JjPSJodHRwOi8vaW1hZ2UucmFrdXRlbi5jby5qcC9uY2NwYXJ0cy9jYWJpbmV0L3Byb2R1Y3RzL2NlbDAwMS5qcGciIHdpZHRoPSIzMDgiPjxicj48YnI+Cjx0YWJsZSB3aWR0aD0iMTAwJSIgYm9yZGVyPSIwIiBjZWxsc3BhY2luZz0iMSIgY2VsbHBhZGRpbmc9IjUiIGJnY29sb3I9IiMwMEIwRjAiPjx0cj4KPHRoIGNvbHNwYW49IjIiPuODquODk+ODq+ODiCDjgrvjg6vjg6Ljg7zjgr/jg7wv44K544K/44O844K/44O8PC90aD48L3RyPjx0cj4KPHRoIGJnY29sb3I9IiNGRkZGRkYiIGFsaWduPSJsZWZ0Ij7jg6Hjg7zjgqvjg7zlkI08L3RoPjx0ZCBiZ2NvbG9yPSIjRkZGRkZGIiB3aWR0aD0iNzUlIj7jg5vjg7Pjg4A8L3RkPjwvdHI+PHRyPgo8dGggYmdjb2xvcj0iI0ZGRkZGRiIgYWxpZ249ImxlZnQiPumBqeWQiOi7iueorjwvdGg+PHRkIGJnY29sb3I9IiNGRkZGRkYiIHdpZHRoPSI3NSUiPuOCueODiOODquODvOODoDwvdGQ+PC90cj48dHI+Cjx0aCBiZ2NvbG9yPSIjRkZGRkZGIiBhbGlnbj0ibGVmdCI+6YGp5ZCI5Z6L5byPPC90aD48dGQgYmdjb2xvcj0iI0ZGRkZGRiIgd2lkdGg9Ijc1JSI+Uk4zL1JONC9STjYvUk43PC90ZD48L3RyPgo8dHI+PHRoIGJnY29sb3I9IiNGRkZGRkYiIGFsaWduPSJsZWZ0Ij7ntJTmraPlk4Hnlao8L3RoPjx0ZCBiZ2NvbG9yPSIjRkZGRkZGIiB3aWR0aD0iNzUlIj4zMTIwMC1QTkEtMDAzPC90ZD48L3RyPjx0cj4KPHRoIGJnY29sb3I9IiNGRkZGRkYiIGFsaWduPSJsZWZ0Ij7jg6Hjg7zjgqvjg7zlk4Hnlao8L3RoPjx0ZCBiZ2NvbG9yPSIjRkZGRkZGIiB3aWR0aD0iNzUlIj40MjgwMDAtMzQyMDwvdGQ+PC90cj48dHI+Cjx0aCBiZ2NvbG9yPSIjRkZGRkZGIiBhbGlnbj0ibGVmdCI+5L+d6Ki8PC90aD48dGQgYmdjb2xvcj0iI0ZGRkZGRiIgd2lkdGg9Ijc1JSI+MeW5tOWPiOOBrzHkuIfjgq3jg608L3RkPjwvdHI+IDx0cj4KPHRoIGJnY29sb3I9IiNGRkZGRkYiIGFsaWduPSJsZWZ0Ij7phY3pgIHljLrliIY8L3RoPjx0ZCBiZ2NvbG9yPSIjRkZGRkZGIiB3aWR0aD0iNzUlIj5B44Op44Oz44KvPC90ZD48L3RyPjwvdGFibGU+PGJyPgo8L0NFTlRFUj4gCuODquODk+ODq+ODiOWTgeOBr+S4reWPpOmDqOWTgeOCkuWujOWFqOOBq+WIhuino+ODu+a0l+a1hOOBl+OAgea2iOiAl+WTgeOBiuOCiOOBs+S4jeiJr+mDqOWTgeOCkuS6pOaPm+OBl+OBn+OAgeOCquODvOODkOODvOODm+ODvOODq+WTgeOBp+OBmeOAguOBu+OBqOOCk+OBqeaWsOWTgeWQjOanmOOBruS7leS4iuOBjOOCiuOBp+OBmeOAguWujOaIkOW+jOOBq+WTgeizquODgeOCp+ODg+OCr++8iOWLleS9nOeiuuiqje+8iea4iOOBv+OBp+OBmeOAgg==,44CQ44Ob44Oz44OA44CR44CQ6YGp5ZCI6LuK56iuOuOCueODiOODquODvOODoOOAkeODquODk+ODq+ODiOOCu+ODq+ODouODvOOCv+ODvC/jgrnjgr/jg7zjgr/jg7zjgJDou4rovIzlnovlvI86KFJOMy9STjQvUk42L1JONykv57SU5q2j5ZOB55WqOjMxMjAwLVBOQS0wMDPjgJHvvJpOQ0Ppg6jlk4Hjgrvjg7Pjgr/jg7w=,44Kq44Or44K/44ON44O844K/44O844K744Or44Oi44O844K/44O844Kz44Oz44OX44Os44OD44K144OJ44Op44Kk44OW44K344Oj44OV44OI44Op44OD44Kv44OU44OL44Kq44Oz44Ko44Oz44K444Oz44Of44OD44K344On44Oz44K/44O844Oc44K/44O844OT44Oz44OT44K544Kr44K544CQ44Ob44Oz44OA44CR44CQ6YGp5ZCI6LuK56iuOuOCueODiOODquODvOODoOOAkeODquODk+ODq+ODiOOCu+ODq+ODouODvOOCv+ODvC/jgrnjgr/jg7zjgr/jg7zjgJDou4rovIzlnovlvI86KFJOMy9STjQvUk42L1JONykv57SU5q2j5ZOB55WqOjMxMjAwLVBOQS0wMDPjgJE=,44CQ44Ob44Oz44OA44CR44CQ6YGp5ZCI6LuK56iuOuOCueODiOODquODvOODoOOAkeODquODk+ODq+ODiOOCu+ODq+ODouODvOOCv+ODvC/jgrnjgr/jg7zjgr/jg7zjgJDou4rovIzlnovlvI86KFJOMy9STjQvUk42L1JONykv57SU5q2j5ZOB55WqOjMxMjAwLVBOQS0wMDPjgJE=[rn]
15-190218,aHR0cDovL3RzaG9wLnIxMHMuanAvbmNjcGFydHMvY2FiaW5ldC9wcm9kdWN0cy9jZWwxMDEuanBnP2ZpdGluPTcwMDo3MDA=,MTA0MDAuMDAwMA==,,6LuK55So5ZOB44O744OQ44Kk44Kv55So5ZOBID4g44Kr44O855So5ZOBID4g6Zu75a2Q44OR44O844OEID4g44K544K/44O844K/44O844Oi44O844K/44O8,44CQ44OI44Oo44K/44CR44CQ6YGp5ZCI6LuK56iuOuODgeOCp+OCpOOCteODvOOAkeODquODk+ODq+ODiOOCu+ODq+ODouODvOOCv+ODvC/jgrnjgr/jg7zjgr/jg7zjgJDou4rovIzlnovlvI86SlpYOTEv57SU5q2j5ZOB55WqOjI4MTAwLTQ2MTUw44CR,,PENFTlRFUj4gCjxpbWcgc3JjPSJodHRwOi8vaW1hZ2UucmFrdXRlbi5jby5qcC9uY2NwYXJ0cy9jYWJpbmV0L3Byb2R1Y3RzL2NlbDEwMS5qcGciIHdpZHRoPSIzMDgiPjxicj48YnI+Cjx0YWJsZSB3aWR0aD0iMTAwJSIgYm9yZGVyPSIwIiBjZWxsc3BhY2luZz0iMSIgY2VsbHBhZGRpbmc9IjUiIGJnY29sb3I9IiMwMEIwRjAiPjx0cj4KPHRoIGNvbHNwYW49IjIiPuODquODk+ODq+ODiCDjgrvjg6vjg6Ljg7zjgr/jg7wv44K544K/44O844K/44O8PC90aD48L3RyPjx0cj4KPHRoIGJnY29sb3I9IiNGRkZGRkYiIGFsaWduPSJsZWZ0Ij7jg6Hjg7zjgqvjg7zlkI08L3RoPjx0ZCBiZ2NvbG9yPSIjRkZGRkZGIiB3aWR0aD0iNzUlIj7jg4jjg6jjgr88L3RkPjwvdHI+PHRyPgo8dGggYmdjb2xvcj0iI0ZGRkZGRiIgYWxpZ249ImxlZnQiPumBqeWQiOi7iueorjwvdGg+PHRkIGJnY29sb3I9IiNGRkZGRkYiIHdpZHRoPSI3NSUiPuODgeOCp+OCpOOCteODvDwvdGQ+PC90cj48dHI+Cjx0aCBiZ2NvbG9yPSIjRkZGRkZGIiBhbGlnbj0ibGVmdCI+6YGp5ZCI5Z6L5byPPC90aD48dGQgYmdjb2xvcj0iI0ZGRkZGRiIgd2lkdGg9Ijc1JSI+SlpYOTE8L3RkPjwvdHI+Cjx0cj48dGggYmdjb2xvcj0iI0ZGRkZGRiIgYWxpZ249ImxlZnQiPue0lOato+WTgeeVqjwvdGg+PHRkIGJnY29sb3I9IiNGRkZGRkYiIHdpZHRoPSI3NSUiPjI4MTAwLTQ2MTUwPC90ZD48L3RyPjx0cj4KPHRoIGJnY29sb3I9IiNGRkZGRkYiIGFsaWduPSJsZWZ0Ij7jg6Hjg7zjgqvjg7zlk4Hnlao8L3RoPjx0ZCBiZ2NvbG9yPSIjRkZGRkZGIiB3aWR0aD0iNzUlIj4yMjgwMDAtMTk3MDwvdGQ+PC90cj48dHI+Cjx0aCBiZ2NvbG9yPSIjRkZGRkZGIiBhbGlnbj0ibGVmdCI+5L+d6Ki8PC90aD48dGQgYmdjb2xvcj0iI0ZGRkZGRiIgd2lkdGg9Ijc1JSI+MeW5tOWPiOOBrzHkuIfjgq3jg608L3RkPjwvdHI+IDx0cj4KPHRoIGJnY29sb3I9IiNGRkZGRkYiIGFsaWduPSJsZWZ0Ij7phY3pgIHljLrliIY8L3RoPjx0ZCBiZ2NvbG9yPSIjRkZGRkZGIiB3aWR0aD0iNzUlIj5B44Op44Oz44KvPC90ZD48L3RyPjwvdGFibGU+PGJyPgo8L0NFTlRFUj4gCuODquODk+ODq+ODiOWTgeOBr+S4reWPpOmDqOWTgeOCkuWujOWFqOOBq+WIhuino+ODu+a0l+a1hOOBl+OAgea2iOiAl+WTgeOBiuOCiOOBs+S4jeiJr+mDqOWTgeOCkuS6pOaPm+OBl+OBn+OAgeOCquODvOODkOODvOODm+ODvOODq+WTgeOBp+OBmeOAguOBu+OBqOOCk+OBqeaWsOWTgeWQjOanmOOBruS7leS4iuOBjOOCiuOBp+OBmeOAguWujOaIkOW+jOOBq+WTgeizquODgeOCp+ODg+OCr++8iOWLleS9nOeiuuiqje+8iea4iOOBv+OBp+OBmeOAgg==,44CQ44OI44Oo44K/44CR44CQ6YGp5ZCI6LuK56iuOuODgeOCp+OCpOOCteODvOOAkeODquODk+ODq+ODiOOCu+ODq+ODouODvOOCv+ODvC/jgrnjgr/jg7zjgr/jg7zjgJDou4rovIzlnovlvI86SlpYOTEv57SU5q2j5ZOB55WqOjI4MTAwLTQ2MTUw44CR77yaTkND6YOo5ZOB44K744Oz44K/44O8,44Kq44Or44K/44ON44O844K/44O844K744Or44Oi44O844K/44O844Kz44Oz44OX44Os44OD44K144OJ44Op44Kk44OW44K344Oj44OV44OI44Op44OD44Kv44OU44OL44Kq44Oz44Ko44Oz44K444Oz44Of44OD44K344On44Oz44K/44O844Oc44K/44O844OT44Oz44OT44K544Kr44K544CQ44OI44Oo44K/44CR44CQ6YGp5ZCI6LuK56iuOuODgeOCp+OCpOOCteODvOOAkeODquODk+ODq+ODiOOCu+ODq+ODouODvOOCv+ODvC/jgrnjgr/jg7zjgr/jg7zjgJDou4rovIzlnovlvI86SlpYOTEv57SU5q2j5ZOB55WqOjI4MTAwLTQ2MTUw44CR,44CQ44OI44Oo44K/44CR44CQ6YGp5ZCI6LuK56iuOuODgeOCp+OCpOOCteODvOOAkeODquODk+ODq+ODiOOCu+ODq+ODouODvOOCv+ODvC/jgrnjgr/jg7zjgr/jg7zjgJDou4rovIzlnovlvI86SlpYOTEv57SU5q2j5ZOB55WqOjI4MTAwLTQ2MTUw44CR[rn]
15-190219,aHR0cDovL3RzaG9wLnIxMHMuanAvbmNjcGFydHMvY2FiaW5ldC9wcm9kdWN0cy9jZWwxMDEuanBnP2ZpdGluPTcwMDo3MDA=,MTEyMDAuMDAwMA==,,6LuK55So5ZOB44O744OQ44Kk44Kv55So5ZOBID4g44Kr44O855So5ZOBID4g6Zu75a2Q44OR44O844OEID4g44K544K/44O844K/44O844Oi44O844K/44O8,44CQ44OI44Oo44K/44CR44CQ6YGp5ZCI6LuK56iuOuODl+ODreODnOODg+OCr+OCueOAkeODquODk+ODq+ODiOOCu+ODq+ODouODvOOCv+ODvC/jgrnjgr/jg7zjgr/jg7zjgJDou4rovIzlnovlvI86KE5DUDUwVi9OQ1A1MlYvTkNQNThHKS/ntJTmraPlk4Hnlao6MjgxMDAtMjEwMzDjgJE=,,PENFTlRFUj4gCjxpbWcgc3JjPSJodHRwOi8vaW1hZ2UucmFrdXRlbi5jby5qcC9uY2NwYXJ0cy9jYWJpbmV0L3Byb2R1Y3RzL2NlbDEwMS5qcGciIHdpZHRoPSIzMDgiPjxicj48YnI+Cjx0YWJsZSB3aWR0aD0iMTAwJSIgYm9yZGVyPSIwIiBjZWxsc3BhY2luZz0iMSIgY2VsbHBhZGRpbmc9IjUiIGJnY29sb3I9IiMwMEIwRjAiPjx0cj4KPHRoIGNvbHNwYW49IjIiPuODquODk+ODq+ODiCDjgrvjg6vjg6Ljg7zjgr/jg7wv44K544K/44O844K/44O8PC90aD48L3RyPjx0cj4KPHRoIGJnY29sb3I9IiNGRkZGRkYiIGFsaWduPSJsZWZ0Ij7jg6Hjg7zjgqvjg7zlkI08L3RoPjx0ZCBiZ2NvbG9yPSIjRkZGRkZGIiB3aWR0aD0iNzUlIj7jg4jjg6jjgr88L3RkPjwvdHI+PHRyPgo8dGggYmdjb2xvcj0iI0ZGRkZGRiIgYWxpZ249ImxlZnQiPumBqeWQiOi7iueorjwvdGg+PHRkIGJnY29sb3I9IiNGRkZGRkYiIHdpZHRoPSI3NSUiPuODl+ODreODnOODg+OCr+OCuTwvdGQ+PC90cj48dHI+Cjx0aCBiZ2NvbG9yPSIjRkZGRkZGIiBhbGlnbj0ibGVmdCI+6YGp5ZCI5Z6L5byPPC90aD48dGQgYmdjb2xvcj0iI0ZGRkZGRiIgd2lkdGg9Ijc1JSI+TkNQNTBWL05DUDUyVi9OQ1A1OEc8L3RkPjwvdHI+Cjx0cj48dGggYmdjb2xvcj0iI0ZGRkZGRiIgYWxpZ249ImxlZnQiPue0lOato+WTgeeVqjwvdGg+PHRkIGJnY29sb3I9IiNGRkZGRkYiIHdpZHRoPSI3NSUiPjI4MTAwLTIxMDMwPC90ZD48L3RyPjx0cj4KPHRoIGJnY29sb3I9IiNGRkZGRkYiIGFsaWduPSJsZWZ0Ij7jg6Hjg7zjgqvjg7zlk4Hnlao8L3RoPjx0ZCBiZ2NvbG9yPSIjRkZGRkZGIiB3aWR0aD0iNzUlIj4yMjgwMDAtODU1MDwvdGQ+PC90cj48dHI+Cjx0aCBiZ2NvbG9yPSIjRkZGRkZGIiBhbGlnbj0ibGVmdCI+5L+d6Ki8PC90aD48dGQgYmdjb2xvcj0iI0ZGRkZGRiIgd2lkdGg9Ijc1JSI+MeW5tOWPiOOBrzHkuIfjgq3jg608L3RkPjwvdHI+IDx0cj4KPHRoIGJnY29sb3I9IiNGRkZGRkYiIGFsaWduPSJsZWZ0Ij7phY3pgIHljLrliIY8L3RoPjx0ZCBiZ2NvbG9yPSIjRkZGRkZGIiB3aWR0aD0iNzUlIj5B44Op44Oz44KvPC90ZD48L3RyPjwvdGFibGU+PGJyPgo8L0NFTlRFUj4gCuODquODk+ODq+ODiOWTgeOBr+S4reWPpOmDqOWTgeOCkuWujOWFqOOBq+WIhuino+ODu+a0l+a1hOOBl+OAgea2iOiAl+WTgeOBiuOCiOOBs+S4jeiJr+mDqOWTgeOCkuS6pOaPm+OBl+OBn+OAgeOCquODvOODkOODvOODm+ODvOODq+WTgeOBp+OBmeOAguOBu+OBqOOCk+OBqeaWsOWTgeWQjOanmOOBruS7leS4iuOBjOOCiuOBp+OBmeOAguWujOaIkOW+jOOBq+WTgeizquODgeOCp+ODg+OCr++8iOWLleS9nOeiuuiqje+8iea4iOOBv+OBp+OBmeOAgg==,44CQ44OI44Oo44K/44CR44CQ6YGp5ZCI6LuK56iuOuODl+ODreODnOODg+OCr+OCueOAkeODquODk+ODq+ODiOOCu+ODq+ODouODvOOCv+ODvC/jgrnjgr/jg7zjgr/jg7zjgJDou4rovIzlnovlvI86KE5DUDUwVi9OQ1A1MlYvTkNQNThHKS/ntJTmraPlk4Hnlao6MjgxMDAtMjEwMzDjgJHvvJpOQ0Ppg6jlk4Hjgrvjg7Pjgr/jg7w=,44Kq44Or44K/44ON44O844K/44O844K744Or44Oi44O844K/44O844Kz44Oz44OX44Os44OD44K144OJ44Op44Kk44OW44K344Oj44OV44OI44Op44OD44Kv44OU44OL44Kq44Oz44Ko44Oz44K444Oz44Of44OD44K344On44Oz44K/44O844Oc44K/44O844OT44Oz44OT44K544Kr44K544CQ44OI44Oo44K/44CR44CQ6YGp5ZCI6LuK56iuOuODl+ODreODnOODg+OCr+OCueOAkeODquODk+ODq+ODiOOCu+ODq+ODouODvOOCv+ODvC/jgrnjgr/jg7zjgr/jg7zjgJDou4rovIzlnovlvI86KE5DUDUwVi9OQ1A1MlYvTkNQNThHKS/ntJTmraPlk4Hnlao6MjgxMDAtMjEwMzDjgJE=,44CQ44OI44Oo44K/44CR44CQ6YGp5ZCI6LuK56iuOuODl+ODreODnOODg+OCr+OCueOAkeODquODk+ODq+ODiOOCu+ODq+ODouODvOOCv+ODvC/jgrnjgr/jg7zjgr/jg7zjgJDou4rovIzlnovlvI86KE5DUDUwVi9OQ1A1MlYvTkNQNThHKS/ntJTmraPlk4Hnlao6MjgxMDAtMjEwMzDjgJE=[rn]
15-190220,aHR0cDovL3RzaG9wLnIxMHMuanAvbmNjcGFydHMvY2FiaW5ldC9wcm9kdWN0cy9jZWwyMDEuanBnP2ZpdGluPTcwMDo3MDA=,MTYwMDAuMDAwMA==,,6LuK55So5ZOB44O744OQ44Kk44Kv55So5ZOBID4g44Kr44O855So5ZOBID4g6Zu75a2Q44OR44O844OEID4g44K544K/44O844K/44O844Oi44O844K/44O8,44CQ5pel55Sj44CR44CQ6YGp5ZCI6LuK56iuOuODqeODleOCp+OCueOCv+OAkeODquODk+ODq+ODiOOCu+ODq+ODouODvOOCv+ODvC/jgrnjgr/jg7zjgr/jg7zjgJDou4rovIzlnovlvI86KEIzMC9OQjMwKS/ntJTmraPlk4Hnlao6KDIzMzAwLUVOMjAwLzIzMzAwLUVOMjBBLzIzMzAwLUVOMjBCKeOAkQ==,,PENFTlRFUj4gCjxpbWcgc3JjPSJodHRwOi8vaW1hZ2UucmFrdXRlbi5jby5qcC9uY2NwYXJ0cy9jYWJpbmV0L3Byb2R1Y3RzL2NlbDIwMS5qcGciIHdpZHRoPSIzMDgiPjxicj48YnI+Cjx0YWJsZSB3aWR0aD0iMTAwJSIgYm9yZGVyPSIwIiBjZWxsc3BhY2luZz0iMSIgY2VsbHBhZGRpbmc9IjUiIGJnY29sb3I9IiMwMEIwRjAiPjx0cj4KPHRoIGNvbHNwYW49IjIiPuODquODk+ODq+ODiCDjgrvjg6vjg6Ljg7zjgr/jg7wv44K544K/44O844K/44O8PC90aD48L3RyPjx0cj4KPHRoIGJnY29sb3I9IiNGRkZGRkYiIGFsaWduPSJsZWZ0Ij7jg6Hjg7zjgqvjg7zlkI08L3RoPjx0ZCBiZ2NvbG9yPSIjRkZGRkZGIiB3aWR0aD0iNzUlIj7ml6XnlKM8L3RkPjwvdHI+PHRyPgo8dGggYmdjb2xvcj0iI0ZGRkZGRiIgYWxpZ249ImxlZnQiPumBqeWQiOi7iueorjwvdGg+PHRkIGJnY29sb3I9IiNGRkZGRkYiIHdpZHRoPSI3NSUiPuODqeODleOCp+OCueOCvzwvdGQ+PC90cj48dHI+Cjx0aCBiZ2NvbG9yPSIjRkZGRkZGIiBhbGlnbj0ibGVmdCI+6YGp5ZCI5Z6L5byPPC90aD48dGQgYmdjb2xvcj0iI0ZGRkZGRiIgd2lkdGg9Ijc1JSI+QjMwL05CMzA8L3RkPjwvdHI+Cjx0cj48dGggYmdjb2xvcj0iI0ZGRkZGRiIgYWxpZ249ImxlZnQiPue0lOato+WTgeeVqjwvdGg+PHRkIGJnY29sb3I9IiNGRkZGRkYiIHdpZHRoPSI3NSUiPjIzMzAwLUVOMjAwLzIzMzAwLUVOMjBBLzIzMzAwLUVOMjBCPC90ZD48L3RyPjx0cj4KPHRoIGJnY29sb3I9IiNGRkZGRkYiIGFsaWduPSJsZWZ0Ij7jg6Hjg7zjgqvjg7zlk4Hnlao8L3RoPjx0ZCBiZ2NvbG9yPSIjRkZGRkZGIiB3aWR0aD0iNzUlIj5TMTE0LTkwMjwvdGQ+PC90cj48dHI+Cjx0aCBiZ2NvbG9yPSIjRkZGRkZGIiBhbGlnbj0ibGVmdCI+5L+d6Ki8PC90aD48dGQgYmdjb2xvcj0iI0ZGRkZGRiIgd2lkdGg9Ijc1JSI+MeW5tOWPiOOBrzHkuIfjgq3jg608L3RkPjwvdHI+IDx0cj4KPHRoIGJnY29sb3I9IiNGRkZGRkYiIGFsaWduPSJsZWZ0Ij7phY3pgIHljLrliIY8L3RoPjx0ZCBiZ2NvbG9yPSIjRkZGRkZGIiB3aWR0aD0iNzUlIj5B44Op44Oz44KvPC90ZD48L3RyPjwvdGFibGU+PGJyPgo8L0NFTlRFUj4gCuODquODk+ODq+ODiOWTgeOBr+S4reWPpOmDqOWTgeOCkuWujOWFqOOBq+WIhuino+ODu+a0l+a1hOOBl+OAgea2iOiAl+WTgeOBiuOCiOOBs+S4jeiJr+mDqOWTgeOCkuS6pOaPm+OBl+OBn+OAgeOCquODvOODkOODvOODm+ODvOODq+WTgeOBp+OBmeOAguOBu+OBqOOCk+OBqeaWsOWTgeWQjOanmOOBruS7leS4iuOBjOOCiuOBp+OBmeOAguWujOaIkOW+jOOBq+WTgeizquODgeOCp+ODg+OCr++8iOWLleS9nOeiuuiqje+8iea4iOOBv+OBp+OBmeOAgg==,44CQ5pel55Sj44CR44CQ6YGp5ZCI6LuK56iuOuODqeODleOCp+OCueOCv+OAkeODquODk+ODq+ODiOOCu+ODq+ODouODvOOCv+ODvC/jgrnjgr/jg7zjgr/jg7zjgJDou4rovIzlnovlvI86KEIzMC9OQjMwKS/ntJTmraPlk4Hnlao6KDIzMzAwLUVOMjAwLzIzMzAwLUVOMjBBLzIzMzAwLUVOMjBCKeOAke+8mk5DQ+mDqOWTgeOCu+ODs+OCv+ODvA==,44Kq44Or44K/44ON44O844K/44O844K744Or44Oi44O844K/44O844Kz44Oz44OX44Os44OD44K144OJ44Op44Kk44OW44K344Oj44OV44OI44Op44OD44Kv44OU44OL44Kq44Oz44Ko44Oz44K444Oz44Of44OD44K344On44Oz44K/44O844Oc44K/44O844OT44Oz44OT44K544Kr44K544CQ5pel55Sj44CR44CQ6YGp5ZCI6LuK56iuOuODqeODleOCp+OCueOCv+OAkeODquODk+ODq+ODiOOCu+ODq+ODouODvOOCv+ODvC/jgrnjgr/jg7zjgr/jg7zjgJDou4rovIzlnovlvI86KEIzMC9OQjMwKS/ntJTmraPlk4Hnlao6KDIzMzAwLUVOMjAwLzIzMzAwLUVOMjBBLzIzMzAwLUVOMjBCKeOAkQ==,44CQ5pel55Sj44CR44CQ6YGp5ZCI6LuK56iuOuODqeODleOCp+OCueOCv+OAkeODquODk+ODq+ODiOOCu+ODq+ODouODvOOCv+ODvC/jgrnjgr/jg7zjgr/jg7zjgJDou4rovIzlnovlvI86KEIzMC9OQjMwKS/ntJTmraPlk4Hnlao6KDIzMzAwLUVOMjAwLzIzMzAwLUVOMjBBLzIzMzAwLUVOMjBCKeOAkQ==[rn]
15-190221,aHR0cDovL3RzaG9wLnIxMHMuanAvbmNjcGFydHMvY2FiaW5ldC9wcm9kdWN0cy9jZWwwMDEuanBnP2ZpdGluPTcwMDo3MDA=,OTYwMC4wMDAw,,6LuK55So5ZOB44O744OQ44Kk44Kv55So5ZOBID4g44Kr44O855So5ZOBID4g6Zu75a2Q44OR44O844OEID4g44K544K/44O844K/44O844Oi44O844K/44O8,44CQ44OA44Kk44OP44OE44CR44CQ6YGp5ZCI6LuK56iuOuODjeOCpOOCreODg+ODieOAkeODquODk+ODq+ODiOOCu+ODq+ODouODvOOCv+ODvC/jgrnjgr/jg7zjgr/jg7zjgJDou4rovIzlnovlvI86TDc1MFMv57SU5q2j5ZOB55WqOjI4MTAwLTk3MjA044CR,,PENFTlRFUj4gCjxpbWcgc3JjPSJodHRwOi8vaW1hZ2UucmFrdXRlbi5jby5qcC9uY2NwYXJ0cy9jYWJpbmV0L3Byb2R1Y3RzL2NlbDAwMS5qcGciIHdpZHRoPSIzMDgiPjxicj48YnI+Cjx0YWJsZSB3aWR0aD0iMTAwJSIgYm9yZGVyPSIwIiBjZWxsc3BhY2luZz0iMSIgY2VsbHBhZGRpbmc9IjUiIGJnY29sb3I9IiMwMEIwRjAiPjx0cj4KPHRoIGNvbHNwYW49IjIiPuODquODk+ODq+ODiCDjgrvjg6vjg6Ljg7zjgr/jg7wv44K544K/44O844K/44O8PC90aD48L3RyPjx0cj4KPHRoIGJnY29sb3I9IiNGRkZGRkYiIGFsaWduPSJsZWZ0Ij7jg6Hjg7zjgqvjg7zlkI08L3RoPjx0ZCBiZ2NvbG9yPSIjRkZGRkZGIiB3aWR0aD0iNzUlIj7jg4DjgqTjg4/jg4Q8L3RkPjwvdHI+PHRyPgo8dGggYmdjb2xvcj0iI0ZGRkZGRiIgYWxpZ249ImxlZnQiPumBqeWQiOi7iueorjwvdGg+PHRkIGJnY29sb3I9IiNGRkZGRkYiIHdpZHRoPSI3NSUiPuODjeOCpOOCreODg+ODiTwvdGQ+PC90cj48dHI+Cjx0aCBiZ2NvbG9yPSIjRkZGRkZGIiBhbGlnbj0ibGVmdCI+6YGp5ZCI5Z6L5byPPC90aD48dGQgYmdjb2xvcj0iI0ZGRkZGRiIgd2lkdGg9Ijc1JSI+TDc1MFM8L3RkPjwvdHI+Cjx0cj48dGggYmdjb2xvcj0iI0ZGRkZGRiIgYWxpZ249ImxlZnQiPue0lOato+WTgeeVqjwvdGg+PHRkIGJnY29sb3I9IiNGRkZGRkYiIHdpZHRoPSI3NSUiPjI4MTAwLTk3MjA0PC90ZD48L3RyPjx0cj4KPHRoIGJnY29sb3I9IiNGRkZGRkYiIGFsaWduPSJsZWZ0Ij7jg6Hjg7zjgqvjg7zlk4Hnlao8L3RoPjx0ZCBiZ2NvbG9yPSIjRkZGRkZGIiB3aWR0aD0iNzUlIj4yMjgwMDAtNzIxMDwvdGQ+PC90cj48dHI+Cjx0aCBiZ2NvbG9yPSIjRkZGRkZGIiBhbGlnbj0ibGVmdCI+5L+d6Ki8PC90aD48dGQgYmdjb2xvcj0iI0ZGRkZGRiIgd2lkdGg9Ijc1JSI+MeW5tOWPiOOBrzHkuIfjgq3jg608L3RkPjwvdHI+IDx0cj4KPHRoIGJnY29sb3I9IiNGRkZGRkYiIGFsaWduPSJsZWZ0Ij7phY3pgIHljLrliIY8L3RoPjx0ZCBiZ2NvbG9yPSIjRkZGRkZGIiB3aWR0aD0iNzUlIj5B44Op44Oz44KvPC90ZD48L3RyPjwvdGFibGU+PGJyPgo8L0NFTlRFUj4gCuODquODk+ODq+ODiOWTgeOBr+S4reWPpOmDqOWTgeOCkuWujOWFqOOBq+WIhuino+ODu+a0l+a1hOOBl+OAgea2iOiAl+WTgeOBiuOCiOOBs+S4jeiJr+mDqOWTgeOCkuS6pOaPm+OBl+OBn+OAgeOCquODvOODkOODvOODm+ODvOODq+WTgeOBp+OBmeOAguOBu+OBqOOCk+OBqeaWsOWTgeWQjOanmOOBruS7leS4iuOBjOOCiuOBp+OBmeOAguWujOaIkOW+jOOBq+WTgeizquODgeOCp+ODg+OCr++8iOWLleS9nOeiuuiqje+8iea4iOOBv+OBp+OBmeOAgg==,44CQ44OA44Kk44OP44OE44CR44CQ6YGp5ZCI6LuK56iuOuODjeOCpOOCreODg+ODieOAkeODquODk+ODq+ODiOOCu+ODq+ODouODvOOCv+ODvC/jgrnjgr/jg7zjgr/jg7zjgJDou4rovIzlnovlvI86TDc1MFMv57SU5q2j5ZOB55WqOjI4MTAwLTk3MjA044CR77yaTkND6YOo5ZOB44K744Oz44K/44O8,44Kq44Or44K/44ON44O844K/44O844K744Or44Oi44O844K/44O844Kz44Oz44OX44Os44OD44K144OJ44Op44Kk44OW44K344Oj44OV44OI44Op44OD44Kv44OU44OL44Kq44Oz44Ko44Oz44K444Oz44Of44OD44K344On44Oz44K/44O844Oc44K/44O844OT44Oz44OT44K544Kr44K544CQ44OA44Kk44OP44OE44CR44CQ6YGp5ZCI6LuK56iuOuODjeOCpOOCreODg+ODieOAkeODquODk+ODq+ODiOOCu+ODq+ODouODvOOCv+ODvC/jgrnjgr/jg7zjgr/jg7zjgJDou4rovIzlnovlvI86TDc1MFMv57SU5q2j5ZOB55WqOjI4MTAwLTk3MjA044CR,44CQ44OA44Kk44OP44OE44CR44CQ6YGp5ZCI6LuK56iuOuODjeOCpOOCreODg+ODieOAkeODquODk+ODq+ODiOOCu+ODq+ODouODvOOCv+ODvC/jgrnjgr/jg7zjgr/jg7zjgJDou4rovIzlnovlvI86TDc1MFMv57SU5q2j5ZOB55WqOjI4MTAwLTk3MjA044CR[rn]
15-190222,aHR0cDovL3RzaG9wLnIxMHMuanAvbmNjcGFydHMvY2FiaW5ldC9wcm9kdWN0cy9jZWwwMDEuanBnP2ZpdGluPTcwMDo3MDA=,MTI0MDAuMDAwMA==,,6LuK55So5ZOB44O744OQ44Kk44Kv55So5ZOBID4g44Kr44O855So5ZOBID4g6Zu75a2Q44OR44O844OEID4g44K544K/44O844K/44O844Oi44O844K/44O8,44CQ44Oe44OE44OA44CR44CQ6YGp5ZCI6LuK56iuOuODnOODs+OCtOODluODreODvOODi+OCpOOAkeODquODk+ODq+ODiOOCu+ODq+ODouODvOOCv+ODvC/jgrnjgr/jg7zjgr/jg7zjgJDou4rovIzlnovlvI86KFNLRjZWL1NLRjZNKS/ntJTmraPlk4Hnlao6UkYxSC0xOC00MDDjgJE=,,PENFTlRFUj4gCjxpbWcgc3JjPSJodHRwOi8vaW1hZ2UucmFrdXRlbi5jby5qcC9uY2NwYXJ0cy9jYWJpbmV0L3Byb2R1Y3RzL2NlbDAwMS5qcGciIHdpZHRoPSIzMDgiPjxicj48YnI+Cjx0YWJsZSB3aWR0aD0iMTAwJSIgYm9yZGVyPSIwIiBjZWxsc3BhY2luZz0iMSIgY2VsbHBhZGRpbmc9IjUiIGJnY29sb3I9IiMwMEIwRjAiPjx0cj4KPHRoIGNvbHNwYW49IjIiPuODquODk+ODq+ODiCDjgrvjg6vjg6Ljg7zjgr/jg7wv44K544K/44O844K/44O8PC90aD48L3RyPjx0cj4KPHRoIGJnY29sb3I9IiNGRkZGRkYiIGFsaWduPSJsZWZ0Ij7jg6Hjg7zjgqvjg7zlkI08L3RoPjx0ZCBiZ2NvbG9yPSIjRkZGRkZGIiB3aWR0aD0iNzUlIj7jg57jg4Tjg4A8L3RkPjwvdHI+PHRyPgo8dGggYmdjb2xvcj0iI0ZGRkZGRiIgYWxpZ249ImxlZnQiPumBqeWQiOi7iueorjwvdGg+PHRkIGJnY29sb3I9IiNGRkZGRkYiIHdpZHRoPSI3NSUiPuODnOODs+OCtOODluODreODvOODi+OCpDwvdGQ+PC90cj48dHI+Cjx0aCBiZ2NvbG9yPSIjRkZGRkZGIiBhbGlnbj0ibGVmdCI+6YGp5ZCI5Z6L5byPPC90aD48dGQgYmdjb2xvcj0iI0ZGRkZGRiIgd2lkdGg9Ijc1JSI+U0tGNlYvU0tGNk08L3RkPjwvdHI+Cjx0cj48dGggYmdjb2xvcj0iI0ZGRkZGRiIgYWxpZ249ImxlZnQiPue0lOato+WTgeeVqjwvdGg+PHRkIGJnY29sb3I9IiNGRkZGRkYiIHdpZHRoPSI3NSUiPlJGMUgtMTgtNDAwPC90ZD48L3RyPjx0cj4KPHRoIGJnY29sb3I9IiNGRkZGRkYiIGFsaWduPSJsZWZ0Ij7jg6Hjg7zjgqvjg7zlk4Hnlao8L3RoPjx0ZCBiZ2NvbG9yPSIjRkZGRkZGIiB3aWR0aD0iNzUlIj5NMDAyVDg3NDcxPC90ZD48L3RyPjx0cj4KPHRoIGJnY29sb3I9IiNGRkZGRkYiIGFsaWduPSJsZWZ0Ij7kv53oqLw8L3RoPjx0ZCBiZ2NvbG9yPSIjRkZGRkZGIiB3aWR0aD0iNzUlIj4x5bm05Y+I44GvMeS4h+OCreODrTwvdGQ+PC90cj4gPHRyPgo8dGggYmdjb2xvcj0iI0ZGRkZGRiIgYWxpZ249ImxlZnQiPumFjemAgeWMuuWIhjwvdGg+PHRkIGJnY29sb3I9IiNGRkZGRkYiIHdpZHRoPSI3NSUiPkHjg6njg7Pjgq88L3RkPjwvdHI+PC90YWJsZT48YnI+CjwvQ0VOVEVSPiAK44Oq44OT44Or44OI5ZOB44Gv5Lit5Y+k6YOo5ZOB44KS5a6M5YWo44Gr5YiG6Kej44O75rSX5rWE44GX44CB5raI6ICX5ZOB44GK44KI44Gz5LiN6Imv6YOo5ZOB44KS5Lqk5o+b44GX44Gf44CB44Kq44O844OQ44O844Ob44O844Or5ZOB44Gn44GZ44CC44G744Go44KT44Gp5paw5ZOB5ZCM5qeY44Gu5LuV5LiK44GM44KK44Gn44GZ44CC5a6M5oiQ5b6M44Gr5ZOB6LOq44OB44Kn44OD44Kv77yI5YuV5L2c56K66KqN77yJ5riI44G/44Gn44GZ44CC,44CQ44Oe44OE44OA44CR44CQ6YGp5ZCI6LuK56iuOuODnOODs+OCtOODluODreODvOODi+OCpOOAkeODquODk+ODq+ODiOOCu+ODq+ODouODvOOCv+ODvC/jgrnjgr/jg7zjgr/jg7zjgJDou4rovIzlnovlvI86KFNLRjZWL1NLRjZNKS/ntJTmraPlk4Hnlao6UkYxSC0xOC00MDDjgJHvvJpOQ0Ppg6jlk4Hjgrvjg7Pjgr/jg7w=,44Kq44Or44K/44ON44O844K/44O844K744Or44Oi44O844K/44O844Kz44Oz44OX44Os44OD44K144OJ44Op44Kk44OW44K344Oj44OV44OI44Op44OD44Kv44OU44OL44Kq44Oz44Ko44Oz44K444Oz44Of44OD44K344On44Oz44K/44O844Oc44K/44O844OT44Oz44OT44K544Kr44K544CQ44Oe44OE44OA44CR44CQ6YGp5ZCI6LuK56iuOuODnOODs+OCtOODluODreODvOODi+OCpOOAkeODquODk+ODq+ODiOOCu+ODq+ODouODvOOCv+ODvC/jgrnjgr/jg7zjgr/jg7zjgJDou4rovIzlnovlvI86KFNLRjZWL1NLRjZNKS/ntJTmraPlk4Hnlao6UkYxSC0xOC00MDDjgJE=,44CQ44Oe44OE44OA44CR44CQ6YGp5ZCI6LuK56iuOuODnOODs+OCtOODluODreODvOODi+OCpOOAkeODquODk+ODq+ODiOOCu+ODq+ODouODvOOCv+ODvC/jgrnjgr/jg7zjgr/jg7zjgJDou4rovIzlnovlvI86KFNLRjZWL1NLRjZNKS/ntJTmraPlk4Hnlao6UkYxSC0xOC00MDDjgJE=[rn]
15-190223,aHR0cDovL3RzaG9wLnIxMHMuanAvbmNjcGFydHMvY2FiaW5ldC9wcm9kdWN0cy9jZWwwMDEuanBnP2ZpdGluPTcwMDo3MDA=,OTYwMC4wMDAw,,6LuK55So5ZOB44O744OQ44Kk44Kv55So5ZOBID4g44Kr44O855So5ZOBID4g6Zu75a2Q44OR44O844OEID4g44K544K/44O844K/44O844Oi44O844K/44O8,44CQ44OA44Kk44OP44OE44CR44CQ6YGp5ZCI6LuK56iuOuODjeOCpOOCreODg+ODieOAkeODquODk+ODq+ODiOOCu+ODq+ODouODvOOCv+ODvC/jgrnjgr/jg7zjgr/jg7zjgJDou4rovIzlnovlvI86TDc1MFMv57SU5q2j5ZOB55WqOjI4MTAwLTk3MjEx44CR,,PENFTlRFUj4gCjxpbWcgc3JjPSJodHRwOi8vaW1hZ2UucmFrdXRlbi5jby5qcC9uY2NwYXJ0cy9jYWJpbmV0L3Byb2R1Y3RzL2NlbDAwMS5qcGciIHdpZHRoPSIzMDgiPjxicj48YnI+Cjx0YWJsZSB3aWR0aD0iMTAwJSIgYm9yZGVyPSIwIiBjZWxsc3BhY2luZz0iMSIgY2VsbHBhZGRpbmc9IjUiIGJnY29sb3I9IiMwMEIwRjAiPjx0cj4KPHRoIGNvbHNwYW49IjIiPuODquODk+ODq+ODiCDjgrvjg6vjg6Ljg7zjgr/jg7wv44K544K/44O844K/44O8PC90aD48L3RyPjx0cj4KPHRoIGJnY29sb3I9IiNGRkZGRkYiIGFsaWduPSJsZWZ0Ij7jg6Hjg7zjgqvjg7zlkI08L3RoPjx0ZCBiZ2NvbG9yPSIjRkZGRkZGIiB3aWR0aD0iNzUlIj7jg4DjgqTjg4/jg4Q8L3RkPjwvdHI+PHRyPgo8dGggYmdjb2xvcj0iI0ZGRkZGRiIgYWxpZ249ImxlZnQiPumBqeWQiOi7iueorjwvdGg+PHRkIGJnY29sb3I9IiNGRkZGRkYiIHdpZHRoPSI3NSUiPuODjeOCpOOCreODg+ODiTwvdGQ+PC90cj48dHI+Cjx0aCBiZ2NvbG9yPSIjRkZGRkZGIiBhbGlnbj0ibGVmdCI+6YGp5ZCI5Z6L5byPPC90aD48dGQgYmdjb2xvcj0iI0ZGRkZGRiIgd2lkdGg9Ijc1JSI+TDc1MFM8L3RkPjwvdHI+Cjx0cj48dGggYmdjb2xvcj0iI0ZGRkZGRiIgYWxpZ249ImxlZnQiPue0lOato+WTgeeVqjwvdGg+PHRkIGJnY29sb3I9IiNGRkZGRkYiIHdpZHRoPSI3NSUiPjI4MTAwLTk3MjExPC90ZD48L3RyPjx0cj4KPHRoIGJnY29sb3I9IiNGRkZGRkYiIGFsaWduPSJsZWZ0Ij7jg6Hjg7zjgqvjg7zlk4Hnlao8L3RoPjx0ZCBiZ2NvbG9yPSIjRkZGRkZGIiB3aWR0aD0iNzUlIj40MjgwMDAtMDA0MDwvdGQ+PC90cj48dHI+Cjx0aCBiZ2NvbG9yPSIjRkZGRkZGIiBhbGlnbj0ibGVmdCI+5L+d6Ki8PC90aD48dGQgYmdjb2xvcj0iI0ZGRkZGRiIgd2lkdGg9Ijc1JSI+MeW5tOWPiOOBrzHkuIfjgq3jg608L3RkPjwvdHI+IDx0cj4KPHRoIGJnY29sb3I9IiNGRkZGRkYiIGFsaWduPSJsZWZ0Ij7phY3pgIHljLrliIY8L3RoPjx0ZCBiZ2NvbG9yPSIjRkZGRkZGIiB3aWR0aD0iNzUlIj5B44Op44Oz44KvPC90ZD48L3RyPjwvdGFibGU+PGJyPgo8L0NFTlRFUj4gCuODquODk+ODq+ODiOWTgeOBr+S4reWPpOmDqOWTgeOCkuWujOWFqOOBq+WIhuino+ODu+a0l+a1hOOBl+OAgea2iOiAl+WTgeOBiuOCiOOBs+S4jeiJr+mDqOWTgeOCkuS6pOaPm+OBl+OBn+OAgeOCquODvOODkOODvOODm+ODvOODq+WTgeOBp+OBmeOAguOBu+OBqOOCk+OBqeaWsOWTgeWQjOanmOOBruS7leS4iuOBjOOCiuOBp+OBmeOAguWujOaIkOW+jOOBq+WTgeizquODgeOCp+ODg+OCr++8iOWLleS9nOeiuuiqje+8iea4iOOBv+OBp+OBmeOAgg==,44CQ44OA44Kk44OP44OE44CR44CQ6YGp5ZCI6LuK56iuOuODjeOCpOOCreODg+ODieOAkeODquODk+ODq+ODiOOCu+ODq+ODouODvOOCv+ODvC/jgrnjgr/jg7zjgr/jg7zjgJDou4rovIzlnovlvI86TDc1MFMv57SU5q2j5ZOB55WqOjI4MTAwLTk3MjEx44CR77yaTkND6YOo5ZOB44K744Oz44K/44O8,44Kq44Or44K/44ON44O844K/44O844K744Or44Oi44O844K/44O844Kz44Oz44OX44Os44OD44K144OJ44Op44Kk44OW44K344Oj44OV44OI44Op44OD44Kv44OU44OL44Kq44Oz44Ko44Oz44K444Oz44Of44OD44K344On44Oz44K/44O844Oc44K/44O844OT44Oz44OT44K544Kr44K544CQ44OA44Kk44OP44OE44CR44CQ6YGp5ZCI6LuK56iuOuODjeOCpOOCreODg+ODieOAkeODquODk+ODq+ODiOOCu+ODq+ODouODvOOCv+ODvC/jgrnjgr/jg7zjgr/jg7zjgJDou4rovIzlnovlvI86TDc1MFMv57SU5q2j5ZOB55WqOjI4MTAwLTk3MjEx44CR,44CQ44OA44Kk44OP44OE44CR44CQ6YGp5ZCI6LuK56iuOuODjeOCpOOCreODg+ODieOAkeODquODk+ODq+ODiOOCu+ODq+ODouODvOOCv+ODvC/jgrnjgr/jg7zjgr/jg7zjgJDou4rovIzlnovlvI86TDc1MFMv57SU5q2j5ZOB55WqOjI4MTAwLTk3MjEx44CR[rn]
15-190224,aHR0cDovL3RzaG9wLnIxMHMuanAvbmNjcGFydHMvY2FiaW5ldC9wcm9kdWN0cy9jZWwwMDEuanBnP2ZpdGluPTcwMDo3MDA=,MTI0MDAuMDAwMA==,,6LuK55So5ZOB44O744OQ44Kk44Kv55So5ZOBID4g44Kr44O855So5ZOBID4g6Zu75a2Q44OR44O844OEID4g44K544K/44O844K/44O844Oi44O844K/44O8,44CQ44Oe44OE44OA44CR44CQ6YGp5ZCI6LuK56iuOk1TLTnjgJHjg6rjg5Pjg6vjg4jjgrvjg6vjg6Ljg7zjgr/jg7wv44K544K/44O844K/44O844CQ6LuK6LyM5Z6L5byPOkhERVMv57SU5q2j5ZOB55WqOkpFMjctMTgtNDAw44CR,,PENFTlRFUj4gCjxpbWcgc3JjPSJodHRwOi8vaW1hZ2UucmFrdXRlbi5jby5qcC9uY2NwYXJ0cy9jYWJpbmV0L3Byb2R1Y3RzL2NlbDAwMS5qcGciIHdpZHRoPSIzMDgiPjxicj48YnI+Cjx0YWJsZSB3aWR0aD0iMTAwJSIgYm9yZGVyPSIwIiBjZWxsc3BhY2luZz0iMSIgY2VsbHBhZGRpbmc9IjUiIGJnY29sb3I9IiMwMEIwRjAiPjx0cj4KPHRoIGNvbHNwYW49IjIiPuODquODk+ODq+ODiCDjgrvjg6vjg6Ljg7zjgr/jg7wv44K544K/44O844K/44O8PC90aD48L3RyPjx0cj4KPHRoIGJnY29sb3I9IiNGRkZGRkYiIGFsaWduPSJsZWZ0Ij7jg6Hjg7zjgqvjg7zlkI08L3RoPjx0ZCBiZ2NvbG9yPSIjRkZGRkZGIiB3aWR0aD0iNzUlIj7jg57jg4Tjg4A8L3RkPjwvdHI+PHRyPgo8dGggYmdjb2xvcj0iI0ZGRkZGRiIgYWxpZ249ImxlZnQiPumBqeWQiOi7iueorjwvdGg+PHRkIGJnY29sb3I9IiNGRkZGRkYiIHdpZHRoPSI3NSUiPk1TLTk8L3RkPjwvdHI+PHRyPgo8dGggYmdjb2xvcj0iI0ZGRkZGRiIgYWxpZ249ImxlZnQiPumBqeWQiOWei+W8jzwvdGg+PHRkIGJnY29sb3I9IiNGRkZGRkYiIHdpZHRoPSI3NSUiPkhERVM8L3RkPjwvdHI+Cjx0cj48dGggYmdjb2xvcj0iI0ZGRkZGRiIgYWxpZ249ImxlZnQiPue0lOato+WTgeeVqjwvdGg+PHRkIGJnY29sb3I9IiNGRkZGRkYiIHdpZHRoPSI3NSUiPkpFMjctMTgtNDAwPC90ZD48L3RyPjx0cj4KPHRoIGJnY29sb3I9IiNGRkZGRkYiIGFsaWduPSJsZWZ0Ij7jg6Hjg7zjgqvjg7zlk4Hnlao8L3RoPjx0ZCBiZ2NvbG9yPSIjRkZGRkZGIiB3aWR0aD0iNzUlIj5NMDAwVDgxMDgxPC90ZD48L3RyPjx0cj4KPHRoIGJnY29sb3I9IiNGRkZGRkYiIGFsaWduPSJsZWZ0Ij7kv53oqLw8L3RoPjx0ZCBiZ2NvbG9yPSIjRkZGRkZGIiB3aWR0aD0iNzUlIj4x5bm05Y+I44GvMeS4h+OCreODrTwvdGQ+PC90cj4gPHRyPgo8dGggYmdjb2xvcj0iI0ZGRkZGRiIgYWxpZ249ImxlZnQiPumFjemAgeWMuuWIhjwvdGg+PHRkIGJnY29sb3I9IiNGRkZGRkYiIHdpZHRoPSI3NSUiPkHjg6njg7Pjgq88L3RkPjwvdHI+PC90YWJsZT48YnI+CjwvQ0VOVEVSPiAK44Oq44OT44Or44OI5ZOB44Gv5Lit5Y+k6YOo5ZOB44KS5a6M5YWo44Gr5YiG6Kej44O75rSX5rWE44GX44CB5raI6ICX5ZOB44GK44KI44Gz5LiN6Imv6YOo5ZOB44KS5Lqk5o+b44GX44Gf44CB44Kq44O844OQ44O844Ob44O844Or5ZOB44Gn44GZ44CC44G744Go44KT44Gp5paw5ZOB5ZCM5qeY44Gu5LuV5LiK44GM44KK44Gn44GZ44CC5a6M5oiQ5b6M44Gr5ZOB6LOq44OB44Kn44OD44Kv77yI5YuV5L2c56K66KqN77yJ5riI44G/44Gn44GZ44CC,44CQ44Oe44OE44OA44CR44CQ6YGp5ZCI6LuK56iuOk1TLTnjgJHjg6rjg5Pjg6vjg4jjgrvjg6vjg6Ljg7zjgr/jg7wv44K544K/44O844K/44O844CQ6LuK6LyM5Z6L5byPOkhERVMv57SU5q2j5ZOB55WqOkpFMjctMTgtNDAw44CR77yaTkND6YOo5ZOB44K744Oz44K/44O8,44Kq44Or44K/44ON44O844K/44O844K744Or44Oi44O844K/44O844Kz44Oz44OX44Os44OD44K144OJ44Op44Kk44OW44K344Oj44OV44OI44Op44OD44Kv44OU44OL44Kq44Oz44Ko44Oz44K444Oz44Of44OD44K344On44Oz44K/44O844Oc44K/44O844OT44Oz44OT44K544Kr44K544CQ44Oe44OE44OA44CR44CQ6YGp5ZCI6LuK56iuOk1TLTnjgJHjg6rjg5Pjg6vjg4jjgrvjg6vjg6Ljg7zjgr/jg7wv44K544K/44O844K/44O844CQ6LuK6LyM5Z6L5byPOkhERVMv57SU5q2j5ZOB55WqOkpFMjctMTgtNDAw44CR,44CQ44Oe44OE44OA44CR44CQ6YGp5ZCI6LuK56iuOk1TLTnjgJHjg6rjg5Pjg6vjg4jjgrvjg6vjg6Ljg7zjgr/jg7wv44K544K/44O844K/44O844CQ6LuK6LyM5Z6L5byPOkhERVMv57SU5q2j5ZOB55WqOkpFMjctMTgtNDAw44CR[rn]
15-190225,aHR0cDovL3RzaG9wLnIxMHMuanAvbmNjcGFydHMvY2FiaW5ldC9wcm9kdWN0cy9jZWwyMDEuanBnP2ZpdGluPTcwMDo3MDA=,MTMyMDAuMDAwMA==,,6LuK55So5ZOB44O744OQ44Kk44Kv55So5ZOBID4g44Kr44O855So5ZOBID4g6Zu75a2Q44OR44O844OEID4g44K544K/44O844K/44O844Oi44O844K/44O8,44CQ5pel55Sj44CR44CQ6YGp5ZCI6LuK56iuOuOCt+ODvOODnuOAkeODquODk+ODq+ODiOOCu+ODq+ODouODvOOCv+ODvC/jgrnjgr/jg7zjgr/jg7zjgJDou4rovIzlnovlvI86KEZIWTMzL0hGNTApL+e0lOato+WTgeeVqjoyMzMwMC1BRzAxMOOAkQ==,,PENFTlRFUj4gCjxpbWcgc3JjPSJodHRwOi8vaW1hZ2UucmFrdXRlbi5jby5qcC9uY2NwYXJ0cy9jYWJpbmV0L3Byb2R1Y3RzL2NlbDIwMS5qcGciIHdpZHRoPSIzMDgiPjxicj48YnI+Cjx0YWJsZSB3aWR0aD0iMTAwJSIgYm9yZGVyPSIwIiBjZWxsc3BhY2luZz0iMSIgY2VsbHBhZGRpbmc9IjUiIGJnY29sb3I9IiMwMEIwRjAiPjx0cj4KPHRoIGNvbHNwYW49IjIiPuODquODk+ODq+ODiCDjgrvjg6vjg6Ljg7zjgr/jg7wv44K544K/44O844K/44O8PC90aD48L3RyPjx0cj4KPHRoIGJnY29sb3I9IiNGRkZGRkYiIGFsaWduPSJsZWZ0Ij7jg6Hjg7zjgqvjg7zlkI08L3RoPjx0ZCBiZ2NvbG9yPSIjRkZGRkZGIiB3aWR0aD0iNzUlIj7ml6XnlKM8L3RkPjwvdHI+PHRyPgo8dGggYmdjb2xvcj0iI0ZGRkZGRiIgYWxpZ249ImxlZnQiPumBqeWQiOi7iueorjwvdGg+PHRkIGJnY29sb3I9IiNGRkZGRkYiIHdpZHRoPSI3NSUiPuOCt+ODvOODnjwvdGQ+PC90cj48dHI+Cjx0aCBiZ2NvbG9yPSIjRkZGRkZGIiBhbGlnbj0ibGVmdCI+6YGp5ZCI5Z6L5byPPC90aD48dGQgYmdjb2xvcj0iI0ZGRkZGRiIgd2lkdGg9Ijc1JSI+RkhZMzMvSEY1MDwvdGQ+PC90cj4KPHRyPjx0aCBiZ2NvbG9yPSIjRkZGRkZGIiBhbGlnbj0ibGVmdCI+57SU5q2j5ZOB55WqPC90aD48dGQgYmdjb2xvcj0iI0ZGRkZGRiIgd2lkdGg9Ijc1JSI+MjMzMDAtQUcwMTA8L3RkPjwvdHI+PHRyPgo8dGggYmdjb2xvcj0iI0ZGRkZGRiIgYWxpZ249ImxlZnQiPuODoeODvOOCq+ODvOWTgeeVqjwvdGg+PHRkIGJnY29sb3I9IiNGRkZGRkYiIHdpZHRoPSI3NSUiPk0wMDBUNTAyNzE8L3RkPjwvdHI+PHRyPgo8dGggYmdjb2xvcj0iI0ZGRkZGRiIgYWxpZ249ImxlZnQiPuS/neiovDwvdGg+PHRkIGJnY29sb3I9IiNGRkZGRkYiIHdpZHRoPSI3NSUiPjHlubTlj4jjga8x5LiH44Kt44OtPC90ZD48L3RyPiA8dHI+Cjx0aCBiZ2NvbG9yPSIjRkZGRkZGIiBhbGlnbj0ibGVmdCI+6YWN6YCB5Yy65YiGPC90aD48dGQgYmdjb2xvcj0iI0ZGRkZGRiIgd2lkdGg9Ijc1JSI+QeODqeODs+OCrzwvdGQ+PC90cj48L3RhYmxlPjxicj4KPC9DRU5URVI+IArjg6rjg5Pjg6vjg4jlk4Hjga/kuK3lj6Tpg6jlk4HjgpLlrozlhajjgavliIbop6Pjg7vmtJfmtYTjgZfjgIHmtojogJflk4HjgYrjgojjgbPkuI3oia/pg6jlk4HjgpLkuqTmj5vjgZfjgZ/jgIHjgqrjg7zjg5Djg7zjg5vjg7zjg6vlk4HjgafjgZnjgILjgbvjgajjgpPjganmlrDlk4HlkIzmp5jjga7ku5XkuIrjgYzjgorjgafjgZnjgILlrozmiJDlvozjgavlk4Hos6rjg4Hjgqfjg4Pjgq/vvIjli5XkvZznorroqo3vvInmuIjjgb/jgafjgZnjgII=,44CQ5pel55Sj44CR44CQ6YGp5ZCI6LuK56iuOuOCt+ODvOODnuOAkeODquODk+ODq+ODiOOCu+ODq+ODouODvOOCv+ODvC/jgrnjgr/jg7zjgr/jg7zjgJDou4rovIzlnovlvI86KEZIWTMzL0hGNTApL+e0lOato+WTgeeVqjoyMzMwMC1BRzAxMOOAke+8mk5DQ+mDqOWTgeOCu+ODs+OCv+ODvA==,44Kq44Or44K/44ON44O844K/44O844K744Or44Oi44O844K/44O844Kz44Oz44OX44Os44OD44K144OJ44Op44Kk44OW44K344Oj44OV44OI44Op44OD44Kv44OU44OL44Kq44Oz44Ko44Oz44K444Oz44Of44OD44K344On44Oz44K/44O844Oc44K/44O844OT44Oz44OT44K544Kr44K544CQ5pel55Sj44CR44CQ6YGp5ZCI6LuK56iuOuOCt+ODvOODnuOAkeODquODk+ODq+ODiOOCu+ODq+ODouODvOOCv+ODvC/jgrnjgr/jg7zjgr/jg7zjgJDou4rovIzlnovlvI86KEZIWTMzL0hGNTApL+e0lOato+WTgeeVqjoyMzMwMC1BRzAxMOOAkQ==,44CQ5pel55Sj44CR44CQ6YGp5ZCI6LuK56iuOuOCt+ODvOODnuOAkeODquODk+ODq+ODiOOCu+ODq+ODouODvOOCv+ODvC/jgrnjgr/jg7zjgr/jg7zjgJDou4rovIzlnovlvI86KEZIWTMzL0hGNTApL+e0lOato+WTgeeVqjoyMzMwMC1BRzAxMOOAkQ==[rn]
15-190226,aHR0cDovL3RzaG9wLnIxMHMuanAvbmNjcGFydHMvY2FiaW5ldC9wcm9kdWN0cy9jZWwwMDEuanBnP2ZpdGluPTcwMDo3MDA=,MjIwMDAuMDAwMA==,,6LuK55So5ZOB44O744OQ44Kk44Kv55So5ZOBID4g44Kr44O855So5ZOBID4g6Zu75a2Q44OR44O844OEID4g44K544K/44O844K/44O844Oi44O844K/44O8,44CQ5LiJ6I+x44CR44CQ6YGp5ZCI6LuK56iuOuOCreODo+ODs+OCv+ODvOOAkeODquODk+ODq+ODiOOCu+ODq+ODouODvOOCv+ODvC/jgrnjgr/jg7zjgr/jg7zjgJDou4rovIzlnovlvI86KEZFNTE3QkMvRkU2MzhGL0ZHNTA4Qikv57SU5q2j5ZOB55WqOk1FMDEyOTk144CR,,PENFTlRFUj4gCjxpbWcgc3JjPSJodHRwOi8vaW1hZ2UucmFrdXRlbi5jby5qcC9uY2NwYXJ0cy9jYWJpbmV0L3Byb2R1Y3RzL2NlbDAwMS5qcGciIHdpZHRoPSIzMDgiPjxicj48YnI+Cjx0YWJsZSB3aWR0aD0iMTAwJSIgYm9yZGVyPSIwIiBjZWxsc3BhY2luZz0iMSIgY2VsbHBhZGRpbmc9IjUiIGJnY29sb3I9IiMwMEIwRjAiPjx0cj4KPHRoIGNvbHNwYW49IjIiPuODquODk+ODq+ODiCDjgrvjg6vjg6Ljg7zjgr/jg7wv44K544K/44O844K/44O8PC90aD48L3RyPjx0cj4KPHRoIGJnY29sb3I9IiNGRkZGRkYiIGFsaWduPSJsZWZ0Ij7jg6Hjg7zjgqvjg7zlkI08L3RoPjx0ZCBiZ2NvbG9yPSIjRkZGRkZGIiB3aWR0aD0iNzUlIj7kuInoj7E8L3RkPjwvdHI+PHRyPgo8dGggYmdjb2xvcj0iI0ZGRkZGRiIgYWxpZ249ImxlZnQiPumBqeWQiOi7iueorjwvdGg+PHRkIGJnY29sb3I9IiNGRkZGRkYiIHdpZHRoPSI3NSUiPuOCreODo+ODs+OCv+ODvDwvdGQ+PC90cj48dHI+Cjx0aCBiZ2NvbG9yPSIjRkZGRkZGIiBhbGlnbj0ibGVmdCI+6YGp5ZCI5Z6L5byPPC90aD48dGQgYmdjb2xvcj0iI0ZGRkZGRiIgd2lkdGg9Ijc1JSI+RkU1MTdCQy9GRTYzOEYvRkc1MDhCPC90ZD48L3RyPgo8dHI+PHRoIGJnY29sb3I9IiNGRkZGRkYiIGFsaWduPSJsZWZ0Ij7ntJTmraPlk4Hnlao8L3RoPjx0ZCBiZ2NvbG9yPSIjRkZGRkZGIiB3aWR0aD0iNzUlIj5NRTAxMjk5NTwvdGQ+PC90cj48dHI+Cjx0aCBiZ2NvbG9yPSIjRkZGRkZGIiBhbGlnbj0ibGVmdCI+44Oh44O844Kr44O85ZOB55WqPC90aD48dGQgYmdjb2xvcj0iI0ZGRkZGRiIgd2lkdGg9Ijc1JSI+TTAwOFQ4MDA3MTwvdGQ+PC90cj48dHI+Cjx0aCBiZ2NvbG9yPSIjRkZGRkZGIiBhbGlnbj0ibGVmdCI+5L+d6Ki8PC90aD48dGQgYmdjb2xvcj0iI0ZGRkZGRiIgd2lkdGg9Ijc1JSI+MeW5tOWPiOOBrzHkuIfjgq3jg608L3RkPjwvdHI+IDx0cj4KPHRoIGJnY29sb3I9IiNGRkZGRkYiIGFsaWduPSJsZWZ0Ij7phY3pgIHljLrliIY8L3RoPjx0ZCBiZ2NvbG9yPSIjRkZGRkZGIiB3aWR0aD0iNzUlIj5B44Op44Oz44KvPC90ZD48L3RyPjwvdGFibGU+PGJyPgo8L0NFTlRFUj4gCuODquODk+ODq+ODiOWTgeOBr+S4reWPpOmDqOWTgeOCkuWujOWFqOOBq+WIhuino+ODu+a0l+a1hOOBl+OAgea2iOiAl+WTgeOBiuOCiOOBs+S4jeiJr+mDqOWTgeOCkuS6pOaPm+OBl+OBn+OAgeOCquODvOODkOODvOODm+ODvOODq+WTgeOBp+OBmeOAguOBu+OBqOOCk+OBqeaWsOWTgeWQjOanmOOBruS7leS4iuOBjOOCiuOBp+OBmeOAguWujOaIkOW+jOOBq+WTgeizquODgeOCp+ODg+OCr++8iOWLleS9nOeiuuiqje+8iea4iOOBv+OBp+OBmeOAgg==,44CQ5LiJ6I+x44CR44CQ6YGp5ZCI6LuK56iuOuOCreODo+ODs+OCv+ODvOOAkeODquODk+ODq+ODiOOCu+ODq+ODouODvOOCv+ODvC/jgrnjgr/jg7zjgr/jg7zjgJDou4rovIzlnovlvI86KEZFNTE3QkMvRkU2MzhGL0ZHNTA4Qikv57SU5q2j5ZOB55WqOk1FMDEyOTk144CR77yaTkND6YOo5ZOB44K744Oz44K/44O8,44Kq44Or44K/44ON44O844K/44O844K744Or44Oi44O844K/44O844Kz44Oz44OX44Os44OD44K144OJ44Op44Kk44OW44K344Oj44OV44OI44Op44OD44Kv44OU44OL44Kq44Oz44Ko44Oz44K444Oz44Of44OD44K344On44Oz44K/44O844Oc44K/44O844OT44Oz44OT44K544Kr44K544CQ5LiJ6I+x44CR44CQ6YGp5ZCI6LuK56iuOuOCreODo+ODs+OCv+ODvOOAkeODquODk+ODq+ODiOOCu+ODq+ODouODvOOCv+ODvC/jgrnjgr/jg7zjgr/jg7zjgJDou4rovIzlnovlvI86KEZFNTE3QkMvRkU2MzhGL0ZHNTA4Qikv57SU5q2j5ZOB55WqOk1FMDEyOTk144CR,44CQ5LiJ6I+x44CR44CQ6YGp5ZCI6LuK56iuOuOCreODo+ODs+OCv+ODvOOAkeODquODk+ODq+ODiOOCu+ODq+ODouODvOOCv+ODvC/jgrnjgr/jg7zjgr/jg7zjgJDou4rovIzlnovlvI86KEZFNTE3QkMvRkU2MzhGL0ZHNTA4Qikv57SU5q2j5ZOB55WqOk1FMDEyOTk144CR[rn]
15-190227,aHR0cDovL3RzaG9wLnIxMHMuanAvbmNjcGFydHMvY2FiaW5ldC9wcm9kdWN0cy9jZWwwMDEuanBnP2ZpdGluPTcwMDo3MDA=,OTIwMC4wMDAw,,6LuK55So5ZOB44O744OQ44Kk44Kv55So5ZOBID4g44Kr44O855So5ZOBID4g6Zu75a2Q44OR44O844OEID4g44K544K/44O844K/44O844Oi44O844K/44O8,44CQ44Oe44OE44OA44CR44CQ6YGp5ZCI6LuK56iuOuOCueOCr+ODqeODoOOAkeODquODk+ODq+ODiOOCu+ODq+ODouODvOOCv+ODvC/jgrnjgr/jg7zjgr/jg7zjgJDou4rovIzlnovlvI86KERHNjJUL0RHNjNUKS/ntJTmraPlk4Hnlao6MUExMi0xOC00MDDjgJE=,,PENFTlRFUj4gCjxpbWcgc3JjPSJodHRwOi8vaW1hZ2UucmFrdXRlbi5jby5qcC9uY2NwYXJ0cy9jYWJpbmV0L3Byb2R1Y3RzL2NlbDAwMS5qcGciIHdpZHRoPSIzMDgiPjxicj48YnI+Cjx0YWJsZSB3aWR0aD0iMTAwJSIgYm9yZGVyPSIwIiBjZWxsc3BhY2luZz0iMSIgY2VsbHBhZGRpbmc9IjUiIGJnY29sb3I9IiMwMEIwRjAiPjx0cj4KPHRoIGNvbHNwYW49IjIiPuODquODk+ODq+ODiCDjgrvjg6vjg6Ljg7zjgr/jg7wv44K544K/44O844K/44O8PC90aD48L3RyPjx0cj4KPHRoIGJnY29sb3I9IiNGRkZGRkYiIGFsaWduPSJsZWZ0Ij7jg6Hjg7zjgqvjg7zlkI08L3RoPjx0ZCBiZ2NvbG9yPSIjRkZGRkZGIiB3aWR0aD0iNzUlIj7jg57jg4Tjg4A8L3RkPjwvdHI+PHRyPgo8dGggYmdjb2xvcj0iI0ZGRkZGRiIgYWxpZ249ImxlZnQiPumBqeWQiOi7iueorjwvdGg+PHRkIGJnY29sb3I9IiNGRkZGRkYiIHdpZHRoPSI3NSUiPuOCueOCr+ODqeODoDwvdGQ+PC90cj48dHI+Cjx0aCBiZ2NvbG9yPSIjRkZGRkZGIiBhbGlnbj0ibGVmdCI+6YGp5ZCI5Z6L5byPPC90aD48dGQgYmdjb2xvcj0iI0ZGRkZGRiIgd2lkdGg9Ijc1JSI+REc2MlQvREc2M1Q8L3RkPjwvdHI+Cjx0cj48dGggYmdjb2xvcj0iI0ZGRkZGRiIgYWxpZ249ImxlZnQiPue0lOato+WTgeeVqjwvdGg+PHRkIGJnY29sb3I9IiNGRkZGRkYiIHdpZHRoPSI3NSUiPjFBMTItMTgtNDAwPC90ZD48L3RyPjx0cj4KPHRoIGJnY29sb3I9IiNGRkZGRkYiIGFsaWduPSJsZWZ0Ij7jg6Hjg7zjgqvjg7zlk4Hnlao8L3RoPjx0ZCBiZ2NvbG9yPSIjRkZGRkZGIiB3aWR0aD0iNzUlIj5NMDAyVDQ2NDgxPC90ZD48L3RyPjx0cj4KPHRoIGJnY29sb3I9IiNGRkZGRkYiIGFsaWduPSJsZWZ0Ij7kv53oqLw8L3RoPjx0ZCBiZ2NvbG9yPSIjRkZGRkZGIiB3aWR0aD0iNzUlIj4x5bm05Y+I44GvMeS4h+OCreODrTwvdGQ+PC90cj4gPHRyPgo8dGggYmdjb2xvcj0iI0ZGRkZGRiIgYWxpZ249ImxlZnQiPumFjemAgeWMuuWIhjwvdGg+PHRkIGJnY29sb3I9IiNGRkZGRkYiIHdpZHRoPSI3NSUiPkHjg6njg7Pjgq88L3RkPjwvdHI+PC90YWJsZT48YnI+CjwvQ0VOVEVSPiAK44Oq44OT44Or44OI5ZOB44Gv5Lit5Y+k6YOo5ZOB44KS5a6M5YWo44Gr5YiG6Kej44O75rSX5rWE44GX44CB5raI6ICX5ZOB44GK44KI44Gz5LiN6Imv6YOo5ZOB44KS5Lqk5o+b44GX44Gf44CB44Kq44O844OQ44O844Ob44O844Or5ZOB44Gn44GZ44CC44G744Go44KT44Gp5paw5ZOB5ZCM5qeY44Gu5LuV5LiK44GM44KK44Gn44GZ44CC5a6M5oiQ5b6M44Gr5ZOB6LOq44OB44Kn44OD44Kv77yI5YuV5L2c56K66KqN77yJ5riI44G/44Gn44GZ44CC,44CQ44Oe44OE44OA44CR44CQ6YGp5ZCI6LuK56iuOuOCueOCr+ODqeODoOOAkeODquODk+ODq+ODiOOCu+ODq+ODouODvOOCv+ODvC/jgrnjgr/jg7zjgr/jg7zjgJDou4rovIzlnovlvI86KERHNjJUL0RHNjNUKS/ntJTmraPlk4Hnlao6MUExMi0xOC00MDDjgJHvvJpOQ0Ppg6jlk4Hjgrvjg7Pjgr/jg7w=,44Kq44Or44K/44ON44O844K/44O844K744Or44Oi44O844K/44O844Kz44Oz44OX44Os44OD44K144OJ44Op44Kk44OW44K344Oj44OV44OI44Op44OD44Kv44OU44OL44Kq44Oz44Ko44Oz44K444Oz44Of44OD44K344On44Oz44K/44O844Oc44K/44O844OT44Oz44OT44K544Kr44K544CQ44Oe44OE44OA44CR44CQ6YGp5ZCI6LuK56iuOuOCueOCr+ODqeODoOOAkeODquODk+ODq+ODiOOCu+ODq+ODouODvOOCv+ODvC/jgrnjgr/jg7zjgr/jg7zjgJDou4rovIzlnovlvI86KERHNjJUL0RHNjNUKS/ntJTmraPlk4Hnlao6MUExMi0xOC00MDDjgJE=,44CQ44Oe44OE44OA44CR44CQ6YGp5ZCI6LuK56iuOuOCueOCr+ODqeODoOOAkeODquODk+ODq+ODiOOCu+ODq+ODouODvOOCv+ODvC/jgrnjgr/jg7zjgr/jg7zjgJDou4rovIzlnovlvI86KERHNjJUL0RHNjNUKS/ntJTmraPlk4Hnlao6MUExMi0xOC00MDDjgJE=[rn]
15-190228,aHR0cDovL3RzaG9wLnIxMHMuanAvbmNjcGFydHMvY2FiaW5ldC9wcm9kdWN0cy9jZWwyMDEuanBnP2ZpdGluPTcwMDo3MDA=,OTYwMC4wMDAw,,6LuK55So5ZOB44O744OQ44Kk44Kv55So5ZOBID4g44Kr44O855So5ZOBID4g6Zu75a2Q44OR44O844OEID4g44K544K/44O844K/44O844Oi44O844K/44O8,44CQ5pel55Sj44CR44CQ6YGp5ZCI6LuK56iuOuOCouODmeODi+ODvOODq+OAkeODquODk+ODq+ODiOOCu+ODq+ODouODvOOCv+ODvC/jgrnjgr/jg7zjgr/jg7zjgJDou4rovIzlnovlvI86UFcxMS/ntJTmraPlk4Hnlao6MjMzMDAtNEo2MDbjgJE=,,PENFTlRFUj4gCjxpbWcgc3JjPSJodHRwOi8vaW1hZ2UucmFrdXRlbi5jby5qcC9uY2NwYXJ0cy9jYWJpbmV0L3Byb2R1Y3RzL2NlbDIwMS5qcGciIHdpZHRoPSIzMDgiPjxicj48YnI+Cjx0YWJsZSB3aWR0aD0iMTAwJSIgYm9yZGVyPSIwIiBjZWxsc3BhY2luZz0iMSIgY2VsbHBhZGRpbmc9IjUiIGJnY29sb3I9IiMwMEIwRjAiPjx0cj4KPHRoIGNvbHNwYW49IjIiPuODquODk+ODq+ODiCDjgrvjg6vjg6Ljg7zjgr/jg7wv44K544K/44O844K/44O8PC90aD48L3RyPjx0cj4KPHRoIGJnY29sb3I9IiNGRkZGRkYiIGFsaWduPSJsZWZ0Ij7jg6Hjg7zjgqvjg7zlkI08L3RoPjx0ZCBiZ2NvbG9yPSIjRkZGRkZGIiB3aWR0aD0iNzUlIj7ml6XnlKM8L3RkPjwvdHI+PHRyPgo8dGggYmdjb2xvcj0iI0ZGRkZGRiIgYWxpZ249ImxlZnQiPumBqeWQiOi7iueorjwvdGg+PHRkIGJnY29sb3I9IiNGRkZGRkYiIHdpZHRoPSI3NSUiPuOCouODmeODi+ODvOODqzwvdGQ+PC90cj48dHI+Cjx0aCBiZ2NvbG9yPSIjRkZGRkZGIiBhbGlnbj0ibGVmdCI+6YGp5ZCI5Z6L5byPPC90aD48dGQgYmdjb2xvcj0iI0ZGRkZGRiIgd2lkdGg9Ijc1JSI+UFcxMTwvdGQ+PC90cj4KPHRyPjx0aCBiZ2NvbG9yPSIjRkZGRkZGIiBhbGlnbj0ibGVmdCI+57SU5q2j5ZOB55WqPC90aD48dGQgYmdjb2xvcj0iI0ZGRkZGRiIgd2lkdGg9Ijc1JSI+MjMzMDAtNEo2MDY8L3RkPjwvdHI+PHRyPgo8dGggYmdjb2xvcj0iI0ZGRkZGRiIgYWxpZ249ImxlZnQiPuODoeODvOOCq+ODvOWTgeeVqjwvdGg+PHRkIGJnY29sb3I9IiNGRkZGRkYiIHdpZHRoPSI3NSUiPlMxMTQtODcxPC90ZD48L3RyPjx0cj4KPHRoIGJnY29sb3I9IiNGRkZGRkYiIGFsaWduPSJsZWZ0Ij7kv53oqLw8L3RoPjx0ZCBiZ2NvbG9yPSIjRkZGRkZGIiB3aWR0aD0iNzUlIj4x5bm05Y+I44GvMeS4h+OCreODrTwvdGQ+PC90cj4gPHRyPgo8dGggYmdjb2xvcj0iI0ZGRkZGRiIgYWxpZ249ImxlZnQiPumFjemAgeWMuuWIhjwvdGg+PHRkIGJnY29sb3I9IiNGRkZGRkYiIHdpZHRoPSI3NSUiPkHjg6njg7Pjgq88L3RkPjwvdHI+PC90YWJsZT48YnI+CjwvQ0VOVEVSPiAK44Oq44OT44Or44OI5ZOB44Gv5Lit5Y+k6YOo5ZOB44KS5a6M5YWo44Gr5YiG6Kej44O75rSX5rWE44GX44CB5raI6ICX5ZOB44GK44KI44Gz5LiN6Imv6YOo5ZOB44KS5Lqk5o+b44GX44Gf44CB44Kq44O844OQ44O844Ob44O844Or5ZOB44Gn44GZ44CC44G744Go44KT44Gp5paw5ZOB5ZCM5qeY44Gu5LuV5LiK44GM44KK44Gn44GZ44CC5a6M5oiQ5b6M44Gr5ZOB6LOq44OB44Kn44OD44Kv77yI5YuV5L2c56K66KqN77yJ5riI44G/44Gn44GZ44CC,44CQ5pel55Sj44CR44CQ6YGp5ZCI6LuK56iuOuOCouODmeODi+ODvOODq+OAkeODquODk+ODq+ODiOOCu+ODq+ODouODvOOCv+ODvC/jgrnjgr/jg7zjgr/jg7zjgJDou4rovIzlnovlvI86UFcxMS/ntJTmraPlk4Hnlao6MjMzMDAtNEo2MDbjgJHvvJpOQ0Ppg6jlk4Hjgrvjg7Pjgr/jg7w=,44Kq44Or44K/44ON44O844K/44O844K744Or44Oi44O844K/44O844Kz44Oz44OX44Os44OD44K144OJ44Op44Kk44OW44K344Oj44OV44OI44Op44OD44Kv44OU44OL44Kq44Oz44Ko44Oz44K444Oz44Of44OD44K344On44Oz44K/44O844Oc44K/44O844OT44Oz44OT44K544Kr44K544CQ5pel55Sj44CR44CQ6YGp5ZCI6LuK56iuOuOCouODmeODi+ODvOODq+OAkeODquODk+ODq+ODiOOCu+ODq+ODouODvOOCv+ODvC/jgrnjgr/jg7zjgr/jg7zjgJDou4rovIzlnovlvI86UFcxMS/ntJTmraPlk4Hnlao6MjMzMDAtNEo2MDbjgJE=,44CQ5pel55Sj44CR44CQ6YGp5ZCI6LuK56iuOuOCouODmeODi+ODvOODq+OAkeODquODk+ODq+ODiOOCu+ODq+ODouODvOOCv+ODvC/jgrnjgr/jg7zjgr/jg7zjgJDou4rovIzlnovlvI86UFcxMS/ntJTmraPlk4Hnlao6MjMzMDAtNEo2MDbjgJE=[rn]
15-190229,aHR0cDovL3RzaG9wLnIxMHMuanAvbmNjcGFydHMvY2FiaW5ldC9wcm9kdWN0cy9jZWwwMDEuanBnP2ZpdGluPTcwMDo3MDA=,OTIwMC4wMDAw,,6LuK55So5ZOB44O744OQ44Kk44Kv55So5ZOBID4g44Kr44O855So5ZOBID4g6Zu75a2Q44OR44O844OEID4g44K544K/44O844K/44O844Oi44O844K/44O8,44CQ44Oe44OE44OA44CR44CQ6YGp5ZCI6LuK56iuOuOCueOCr+ODqeODoOOAkeODquODk+ODq+ODiOOCu+ODq+ODouODvOOCv+ODvC/jgrnjgr/jg7zjgr/jg7zjgJDou4rovIzlnovlvI86REc1MlQv57SU5q2j5ZOB55WqOjFBMDQtMTgtNDAw44CR,,PENFTlRFUj4gCjxpbWcgc3JjPSJodHRwOi8vaW1hZ2UucmFrdXRlbi5jby5qcC9uY2NwYXJ0cy9jYWJpbmV0L3Byb2R1Y3RzL2NlbDAwMS5qcGciIHdpZHRoPSIzMDgiPjxicj48YnI+Cjx0YWJsZSB3aWR0aD0iMTAwJSIgYm9yZGVyPSIwIiBjZWxsc3BhY2luZz0iMSIgY2VsbHBhZGRpbmc9IjUiIGJnY29sb3I9IiMwMEIwRjAiPjx0cj4KPHRoIGNvbHNwYW49IjIiPuODquODk+ODq+ODiCDjgrvjg6vjg6Ljg7zjgr/jg7wv44K544K/44O844K/44O8PC90aD48L3RyPjx0cj4KPHRoIGJnY29sb3I9IiNGRkZGRkYiIGFsaWduPSJsZWZ0Ij7jg6Hjg7zjgqvjg7zlkI08L3RoPjx0ZCBiZ2NvbG9yPSIjRkZGRkZGIiB3aWR0aD0iNzUlIj7jg57jg4Tjg4A8L3RkPjwvdHI+PHRyPgo8dGggYmdjb2xvcj0iI0ZGRkZGRiIgYWxpZ249ImxlZnQiPumBqeWQiOi7iueorjwvdGg+PHRkIGJnY29sb3I9IiNGRkZGRkYiIHdpZHRoPSI3NSUiPuOCueOCr+ODqeODoDwvdGQ+PC90cj48dHI+Cjx0aCBiZ2NvbG9yPSIjRkZGRkZGIiBhbGlnbj0ibGVmdCI+6YGp5ZCI5Z6L5byPPC90aD48dGQgYmdjb2xvcj0iI0ZGRkZGRiIgd2lkdGg9Ijc1JSI+REc1MlQ8L3RkPjwvdHI+Cjx0cj48dGggYmdjb2xvcj0iI0ZGRkZGRiIgYWxpZ249ImxlZnQiPue0lOato+WTgeeVqjwvdGg+PHRkIGJnY29sb3I9IiNGRkZGRkYiIHdpZHRoPSI3NSUiPjFBMDQtMTgtNDAwPC90ZD48L3RyPjx0cj4KPHRoIGJnY29sb3I9IiNGRkZGRkYiIGFsaWduPSJsZWZ0Ij7jg6Hjg7zjgqvjg7zlk4Hnlao8L3RoPjx0ZCBiZ2NvbG9yPSIjRkZGRkZGIiB3aWR0aD0iNzUlIj5NMDAyVDEzNDgxPC90ZD48L3RyPjx0cj4KPHRoIGJnY29sb3I9IiNGRkZGRkYiIGFsaWduPSJsZWZ0Ij7kv53oqLw8L3RoPjx0ZCBiZ2NvbG9yPSIjRkZGRkZGIiB3aWR0aD0iNzUlIj4x5bm05Y+I44GvMeS4h+OCreODrTwvdGQ+PC90cj4gPHRyPgo8dGggYmdjb2xvcj0iI0ZGRkZGRiIgYWxpZ249ImxlZnQiPumFjemAgeWMuuWIhjwvdGg+PHRkIGJnY29sb3I9IiNGRkZGRkYiIHdpZHRoPSI3NSUiPkHjg6njg7Pjgq88L3RkPjwvdHI+PC90YWJsZT48YnI+CjwvQ0VOVEVSPiAK44Oq44OT44Or44OI5ZOB44Gv5Lit5Y+k6YOo5ZOB44KS5a6M5YWo44Gr5YiG6Kej44O75rSX5rWE44GX44CB5raI6ICX5ZOB44GK44KI44Gz5LiN6Imv6YOo5ZOB44KS5Lqk5o+b44GX44Gf44CB44Kq44O844OQ44O844Ob44O844Or5ZOB44Gn44GZ44CC44G744Go44KT44Gp5paw5ZOB5ZCM5qeY44Gu5LuV5LiK44GM44KK44Gn44GZ44CC5a6M5oiQ5b6M44Gr5ZOB6LOq44OB44Kn44OD44Kv77yI5YuV5L2c56K66KqN77yJ5riI44G/44Gn44GZ44CC,44CQ44Oe44OE44OA44CR44CQ6YGp5ZCI6LuK56iuOuOCueOCr+ODqeODoOOAkeODquODk+ODq+ODiOOCu+ODq+ODouODvOOCv+ODvC/jgrnjgr/jg7zjgr/jg7zjgJDou4rovIzlnovlvI86REc1MlQv57SU5q2j5ZOB55WqOjFBMDQtMTgtNDAw44CR77yaTkND6YOo5ZOB44K744Oz44K/44O8,44Kq44Or44K/44ON44O844K/44O844K744Or44Oi44O844K/44O844Kz44Oz44OX44Os44OD44K144OJ44Op44Kk44OW44K344Oj44OV44OI44Op44OD44Kv44OU44OL44Kq44Oz44Ko44Oz44K444Oz44Of44OD44K344On44Oz44K/44O844Oc44K/44O844OT44Oz44OT44K544Kr44K544CQ44Oe44OE44OA44CR44CQ6YGp5ZCI6LuK56iuOuOCueOCr+ODqeODoOOAkeODquODk+ODq+ODiOOCu+ODq+ODouODvOOCv+ODvC/jgrnjgr/jg7zjgr/jg7zjgJDou4rovIzlnovlvI86REc1MlQv57SU5q2j5ZOB55WqOjFBMDQtMTgtNDAw44CR,44CQ44Oe44OE44OA44CR44CQ6YGp5ZCI6LuK56iuOuOCueOCr+ODqeODoOOAkeODquODk+ODq+ODiOOCu+ODq+ODouODvOOCv+ODvC/jgrnjgr/jg7zjgr/jg7zjgJDou4rovIzlnovlvI86REc1MlQv57SU5q2j5ZOB55WqOjFBMDQtMTgtNDAw44CR[rn]
15-190230,aHR0cDovL3RzaG9wLnIxMHMuanAvbmNjcGFydHMvY2FiaW5ldC9wcm9kdWN0cy9jZWwwMDEuanBnP2ZpdGluPTcwMDo3MDA=,OTIwMC4wMDAw,,6LuK55So5ZOB44O744OQ44Kk44Kv55So5ZOBID4g44Kr44O855So5ZOBID4g6Zu75a2Q44OR44O844OEID4g44K544K/44O844K/44O844Oi44O844K/44O8,44CQ44K544OQ44Or44CR44CQ6YGp5ZCI6LuK56iuOuOCteODs+ODkOODvOOAkeODquODk+ODq+ODiOOCu+ODq+ODouODvOOCv+ODvC/jgrnjgr/jg7zjgr/jg7zjgJDou4rovIzlnovlvI86KFRWMS9UVjIpL+e0lOato+WTgeeVqjoyMzMwMC1LQTQ1MeOAkQ==,,PENFTlRFUj4gCjxpbWcgc3JjPSJodHRwOi8vaW1hZ2UucmFrdXRlbi5jby5qcC9uY2NwYXJ0cy9jYWJpbmV0L3Byb2R1Y3RzL2NlbDAwMS5qcGciIHdpZHRoPSIzMDgiPjxicj48YnI+Cjx0YWJsZSB3aWR0aD0iMTAwJSIgYm9yZGVyPSIwIiBjZWxsc3BhY2luZz0iMSIgY2VsbHBhZGRpbmc9IjUiIGJnY29sb3I9IiMwMEIwRjAiPjx0cj4KPHRoIGNvbHNwYW49IjIiPuODquODk+ODq+ODiCDjgrvjg6vjg6Ljg7zjgr/jg7wv44K544K/44O844K/44O8PC90aD48L3RyPjx0cj4KPHRoIGJnY29sb3I9IiNGRkZGRkYiIGFsaWduPSJsZWZ0Ij7jg6Hjg7zjgqvjg7zlkI08L3RoPjx0ZCBiZ2NvbG9yPSIjRkZGRkZGIiB3aWR0aD0iNzUlIj7jgrnjg5Djg6s8L3RkPjwvdHI+PHRyPgo8dGggYmdjb2xvcj0iI0ZGRkZGRiIgYWxpZ249ImxlZnQiPumBqeWQiOi7iueorjwvdGg+PHRkIGJnY29sb3I9IiNGRkZGRkYiIHdpZHRoPSI3NSUiPuOCteODs+ODkOODvDwvdGQ+PC90cj48dHI+Cjx0aCBiZ2NvbG9yPSIjRkZGRkZGIiBhbGlnbj0ibGVmdCI+6YGp5ZCI5Z6L5byPPC90aD48dGQgYmdjb2xvcj0iI0ZGRkZGRiIgd2lkdGg9Ijc1JSI+VFYxL1RWMjwvdGQ+PC90cj4KPHRyPjx0aCBiZ2NvbG9yPSIjRkZGRkZGIiBhbGlnbj0ibGVmdCI+57SU5q2j5ZOB55WqPC90aD48dGQgYmdjb2xvcj0iI0ZGRkZGRiIgd2lkdGg9Ijc1JSI+MjMzMDAtS0E0NTE8L3RkPjwvdHI+PHRyPgo8dGggYmdjb2xvcj0iI0ZGRkZGRiIgYWxpZ249ImxlZnQiPuODoeODvOOCq+ODvOWTgeeVqjwvdGg+PHRkIGJnY29sb3I9IiNGRkZGRkYiIHdpZHRoPSI3NSUiPk0wMDJUNDI1ODE8L3RkPjwvdHI+PHRyPgo8dGggYmdjb2xvcj0iI0ZGRkZGRiIgYWxpZ249ImxlZnQiPuS/neiovDwvdGg+PHRkIGJnY29sb3I9IiNGRkZGRkYiIHdpZHRoPSI3NSUiPjHlubTlj4jjga8x5LiH44Kt44OtPC90ZD48L3RyPiA8dHI+Cjx0aCBiZ2NvbG9yPSIjRkZGRkZGIiBhbGlnbj0ibGVmdCI+6YWN6YCB5Yy65YiGPC90aD48dGQgYmdjb2xvcj0iI0ZGRkZGRiIgd2lkdGg9Ijc1JSI+QeODqeODs+OCrzwvdGQ+PC90cj48L3RhYmxlPjxicj4KPC9DRU5URVI+IArjg6rjg5Pjg6vjg4jlk4Hjga/kuK3lj6Tpg6jlk4HjgpLlrozlhajjgavliIbop6Pjg7vmtJfmtYTjgZfjgIHmtojogJflk4HjgYrjgojjgbPkuI3oia/pg6jlk4HjgpLkuqTmj5vjgZfjgZ/jgIHjgqrjg7zjg5Djg7zjg5vjg7zjg6vlk4HjgafjgZnjgILjgbvjgajjgpPjganmlrDlk4HlkIzmp5jjga7ku5XkuIrjgYzjgorjgafjgZnjgILlrozmiJDlvozjgavlk4Hos6rjg4Hjgqfjg4Pjgq/vvIjli5XkvZznorroqo3vvInmuIjjgb/jgafjgZnjgII=,44CQ44K544OQ44Or44CR44CQ6YGp5ZCI6LuK56iuOuOCteODs+ODkOODvOOAkeODquODk+ODq+ODiOOCu+ODq+ODouODvOOCv+ODvC/jgrnjgr/jg7zjgr/jg7zjgJDou4rovIzlnovlvI86KFRWMS9UVjIpL+e0lOato+WTgeeVqjoyMzMwMC1LQTQ1MeOAke+8mk5DQ+mDqOWTgeOCu+ODs+OCv+ODvA==,44Kq44Or44K/44ON44O844K/44O844K744Or44Oi44O844K/44O844Kz44Oz44OX44Os44OD44K144OJ44Op44Kk44OW44K344Oj44OV44OI44Op44OD44Kv44OU44OL44Kq44Oz44Ko44Oz44K444Oz44Of44OD44K344On44Oz44K/44O844Oc44K/44O844OT44Oz44OT44K544Kr44K544CQ44K544OQ44Or44CR44CQ6YGp5ZCI6LuK56iuOuOCteODs+ODkOODvOOAkeODquODk+ODq+ODiOOCu+ODq+ODouODvOOCv+ODvC/jgrnjgr/jg7zjgr/jg7zjgJDou4rovIzlnovlvI86KFRWMS9UVjIpL+e0lOato+WTgeeVqjoyMzMwMC1LQTQ1MeOAkQ==,44CQ44K544OQ44Or44CR44CQ6YGp5ZCI6LuK56iuOuOCteODs+ODkOODvOOAkeODquODk+ODq+ODiOOCu+ODq+ODouODvOOCv+ODvC/jgrnjgr/jg7zjgr/jg7zjgJDou4rovIzlnovlvI86KFRWMS9UVjIpL+e0lOato+WTgeeVqjoyMzMwMC1LQTQ1MeOAkQ==[rn]
15-190231,aHR0cDovL3RzaG9wLnIxMHMuanAvbmNjcGFydHMvY2FiaW5ldC9wcm9kdWN0cy9jZWwwMDEuanBnP2ZpdGluPTcwMDo3MDA=,OTIwMC4wMDAw,,6LuK55So5ZOB44O744OQ44Kk44Kv55So5ZOBID4g44Kr44O855So5ZOBID4g6Zu75a2Q44OR44O844OEID4g44K544K/44O844K/44O844Oi44O844K/44O8,44CQ5LiJ6I+x44CR44CQ6YGp5ZCI6LuK56iuOuODqeODs+OCteODvOOAkeODquODk+ODq+ODiOOCu+ODq+ODouODvOOCv+ODvC/jgrnjgr/jg7zjgr/jg7zjgJDou4rovIzlnovlvI86Q0Q1QS/ntJTmraPlk4Hnlao6TUQxOTIyMjfjgJE=,,PENFTlRFUj4gCjxpbWcgc3JjPSJodHRwOi8vaW1hZ2UucmFrdXRlbi5jby5qcC9uY2NwYXJ0cy9jYWJpbmV0L3Byb2R1Y3RzL2NlbDAwMS5qcGciIHdpZHRoPSIzMDgiPjxicj48YnI+Cjx0YWJsZSB3aWR0aD0iMTAwJSIgYm9yZGVyPSIwIiBjZWxsc3BhY2luZz0iMSIgY2VsbHBhZGRpbmc9IjUiIGJnY29sb3I9IiMwMEIwRjAiPjx0cj4KPHRoIGNvbHNwYW49IjIiPuODquODk+ODq+ODiCDjgrvjg6vjg6Ljg7zjgr/jg7wv44K544K/44O844K/44O8PC90aD48L3RyPjx0cj4KPHRoIGJnY29sb3I9IiNGRkZGRkYiIGFsaWduPSJsZWZ0Ij7jg6Hjg7zjgqvjg7zlkI08L3RoPjx0ZCBiZ2NvbG9yPSIjRkZGRkZGIiB3aWR0aD0iNzUlIj7kuInoj7E8L3RkPjwvdHI+PHRyPgo8dGggYmdjb2xvcj0iI0ZGRkZGRiIgYWxpZ249ImxlZnQiPumBqeWQiOi7iueorjwvdGg+PHRkIGJnY29sb3I9IiNGRkZGRkYiIHdpZHRoPSI3NSUiPuODqeODs+OCteODvDwvdGQ+PC90cj48dHI+Cjx0aCBiZ2NvbG9yPSIjRkZGRkZGIiBhbGlnbj0ibGVmdCI+6YGp5ZCI5Z6L5byPPC90aD48dGQgYmdjb2xvcj0iI0ZGRkZGRiIgd2lkdGg9Ijc1JSI+Q0Q1QTwvdGQ+PC90cj4KPHRyPjx0aCBiZ2NvbG9yPSIjRkZGRkZGIiBhbGlnbj0ibGVmdCI+57SU5q2j5ZOB55WqPC90aD48dGQgYmdjb2xvcj0iI0ZGRkZGRiIgd2lkdGg9Ijc1JSI+TUQxOTIyMjc8L3RkPjwvdHI+PHRyPgo8dGggYmdjb2xvcj0iI0ZGRkZGRiIgYWxpZ249ImxlZnQiPuODoeODvOOCq+ODvOWTgeeVqjwvdGg+PHRkIGJnY29sb3I9IiNGRkZGRkYiIHdpZHRoPSI3NSUiPk0wMDNUNDMzODE8L3RkPjwvdHI+PHRyPgo8dGggYmdjb2xvcj0iI0ZGRkZGRiIgYWxpZ249ImxlZnQiPuS/neiovDwvdGg+PHRkIGJnY29sb3I9IiNGRkZGRkYiIHdpZHRoPSI3NSUiPjHlubTlj4jjga8x5LiH44Kt44OtPC90ZD48L3RyPiA8dHI+Cjx0aCBiZ2NvbG9yPSIjRkZGRkZGIiBhbGlnbj0ibGVmdCI+6YWN6YCB5Yy65YiGPC90aD48dGQgYmdjb2xvcj0iI0ZGRkZGRiIgd2lkdGg9Ijc1JSI+QeODqeODs+OCrzwvdGQ+PC90cj48L3RhYmxlPjxicj4KPC9DRU5URVI+IArjg6rjg5Pjg6vjg4jlk4Hjga/kuK3lj6Tpg6jlk4HjgpLlrozlhajjgavliIbop6Pjg7vmtJfmtYTjgZfjgIHmtojogJflk4HjgYrjgojjgbPkuI3oia/pg6jlk4HjgpLkuqTmj5vjgZfjgZ/jgIHjgqrjg7zjg5Djg7zjg5vjg7zjg6vlk4HjgafjgZnjgILjgbvjgajjgpPjganmlrDlk4HlkIzmp5jjga7ku5XkuIrjgYzjgorjgafjgZnjgILlrozmiJDlvozjgavlk4Hos6rjg4Hjgqfjg4Pjgq/vvIjli5XkvZznorroqo3vvInmuIjjgb/jgafjgZnjgII=,44CQ5LiJ6I+x44CR44CQ6YGp5ZCI6LuK56iuOuODqeODs+OCteODvOOAkeODquODk+ODq+ODiOOCu+ODq+ODouODvOOCv+ODvC/jgrnjgr/jg7zjgr/jg7zjgJDou4rovIzlnovlvI86Q0Q1QS/ntJTmraPlk4Hnlao6TUQxOTIyMjfjgJHvvJpOQ0Ppg6jlk4Hjgrvjg7Pjgr/jg7w=,44Kq44Or44K/44ON44O844K/44O844K744Or44Oi44O844K/44O844Kz44Oz44OX44Os44OD44K144OJ44Op44Kk44OW44K344Oj44OV44OI44Op44OD44Kv44OU44OL44Kq44Oz44Ko44Oz44K444Oz44Of44OD44K344On44Oz44K/44O844Oc44K/44O844OT44Oz44OT44K544Kr44K544CQ5LiJ6I+x44CR44CQ6YGp5ZCI6LuK56iuOuODqeODs+OCteODvOOAkeODquODk+ODq+ODiOOCu+ODq+ODouODvOOCv+ODvC/jgrnjgr/jg7zjgr/jg7zjgJDou4rovIzlnovlvI86Q0Q1QS/ntJTmraPlk4Hnlao6TUQxOTIyMjfjgJE=,44CQ5LiJ6I+x44CR44CQ6YGp5ZCI6LuK56iuOuODqeODs+OCteODvOOAkeODquODk+ODq+ODiOOCu+ODq+ODouODvOOCv+ODvC/jgrnjgr/jg7zjgr/jg7zjgJDou4rovIzlnovlvI86Q0Q1QS/ntJTmraPlk4Hnlao6TUQxOTIyMjfjgJE=[rn]
15-190232,aHR0cDovL3RzaG9wLnIxMHMuanAvbmNjcGFydHMvY2FiaW5ldC9wcm9kdWN0cy9jZWwwMDEuanBnP2ZpdGluPTcwMDo3MDA=,OTIwMC4wMDAw,,6LuK55So5ZOB44O744OQ44Kk44Kv55So5ZOBID4g44Kr44O855So5ZOBID4g6Zu75a2Q44OR44O844OEID4g44K544K/44O844K/44O844Oi44O844K/44O8,44CQ44K544OQ44Or44CR44CQ6YGp5ZCI6LuK56iuOuOCteODs+ODkOODvOOAkeODquODk+ODq+ODiOOCu+ODq+ODouODvOOCv+ODvC/jgrnjgr/jg7zjgr/jg7zjgJDou4rovIzlnovlvI86KEtTMy9LUzQpL+e0lOato+WTgeeVqjoyMzMwMC1LQTQ1MeOAkQ==,,PENFTlRFUj4gCjxpbWcgc3JjPSJodHRwOi8vaW1hZ2UucmFrdXRlbi5jby5qcC9uY2NwYXJ0cy9jYWJpbmV0L3Byb2R1Y3RzL2NlbDAwMS5qcGciIHdpZHRoPSIzMDgiPjxicj48YnI+Cjx0YWJsZSB3aWR0aD0iMTAwJSIgYm9yZGVyPSIwIiBjZWxsc3BhY2luZz0iMSIgY2VsbHBhZGRpbmc9IjUiIGJnY29sb3I9IiMwMEIwRjAiPjx0cj4KPHRoIGNvbHNwYW49IjIiPuODquODk+ODq+ODiCDjgrvjg6vjg6Ljg7zjgr/jg7wv44K544K/44O844K/44O8PC90aD48L3RyPjx0cj4KPHRoIGJnY29sb3I9IiNGRkZGRkYiIGFsaWduPSJsZWZ0Ij7jg6Hjg7zjgqvjg7zlkI08L3RoPjx0ZCBiZ2NvbG9yPSIjRkZGRkZGIiB3aWR0aD0iNzUlIj7jgrnjg5Djg6s8L3RkPjwvdHI+PHRyPgo8dGggYmdjb2xvcj0iI0ZGRkZGRiIgYWxpZ249ImxlZnQiPumBqeWQiOi7iueorjwvdGg+PHRkIGJnY29sb3I9IiNGRkZGRkYiIHdpZHRoPSI3NSUiPuOCteODs+ODkOODvDwvdGQ+PC90cj48dHI+Cjx0aCBiZ2NvbG9yPSIjRkZGRkZGIiBhbGlnbj0ibGVmdCI+6YGp5ZCI5Z6L5byPPC90aD48dGQgYmdjb2xvcj0iI0ZGRkZGRiIgd2lkdGg9Ijc1JSI+S1MzL0tTNDwvdGQ+PC90cj4KPHRyPjx0aCBiZ2NvbG9yPSIjRkZGRkZGIiBhbGlnbj0ibGVmdCI+57SU5q2j5ZOB55WqPC90aD48dGQgYmdjb2xvcj0iI0ZGRkZGRiIgd2lkdGg9Ijc1JSI+MjMzMDAtS0E0NTE8L3RkPjwvdHI+PHRyPgo8dGggYmdjb2xvcj0iI0ZGRkZGRiIgYWxpZ249ImxlZnQiPuODoeODvOOCq+ODvOWTgeeVqjwvdGg+PHRkIGJnY29sb3I9IiNGRkZGRkYiIHdpZHRoPSI3NSUiPk0wMDJUNDI1ODE8L3RkPjwvdHI+PHRyPgo8dGggYmdjb2xvcj0iI0ZGRkZGRiIgYWxpZ249ImxlZnQiPuS/neiovDwvdGg+PHRkIGJnY29sb3I9IiNGRkZGRkYiIHdpZHRoPSI3NSUiPjHlubTlj4jjga8x5LiH44Kt44OtPC90ZD48L3RyPiA8dHI+Cjx0aCBiZ2NvbG9yPSIjRkZGRkZGIiBhbGlnbj0ibGVmdCI+6YWN6YCB5Yy65YiGPC90aD48dGQgYmdjb2xvcj0iI0ZGRkZGRiIgd2lkdGg9Ijc1JSI+QeODqeODs+OCrzwvdGQ+PC90cj48L3RhYmxlPjxicj4KPC9DRU5URVI+IArjg6rjg5Pjg6vjg4jlk4Hjga/kuK3lj6Tpg6jlk4HjgpLlrozlhajjgavliIbop6Pjg7vmtJfmtYTjgZfjgIHmtojogJflk4HjgYrjgojjgbPkuI3oia/pg6jlk4HjgpLkuqTmj5vjgZfjgZ/jgIHjgqrjg7zjg5Djg7zjg5vjg7zjg6vlk4HjgafjgZnjgILjgbvjgajjgpPjganmlrDlk4HlkIzmp5jjga7ku5XkuIrjgYzjgorjgafjgZnjgILlrozmiJDlvozjgavlk4Hos6rjg4Hjgqfjg4Pjgq/vvIjli5XkvZznorroqo3vvInmuIjjgb/jgafjgZnjgII=,44CQ44K544OQ44Or44CR44CQ6YGp5ZCI6LuK56iuOuOCteODs+ODkOODvOOAkeODquODk+ODq+ODiOOCu+ODq+ODouODvOOCv+ODvC/jgrnjgr/jg7zjgr/jg7zjgJDou4rovIzlnovlvI86KEtTMy9LUzQpL+e0lOato+WTgeeVqjoyMzMwMC1LQTQ1MeOAke+8mk5DQ+mDqOWTgeOCu+ODs+OCv+ODvA==,44Kq44Or44K/44ON44O844K/44O844K744Or44Oi44O844K/44O844Kz44Oz44OX44Os44OD44K144OJ44Op44Kk44OW44K344Oj44OV44OI44Op44OD44Kv44OU44OL44Kq44Oz44Ko44Oz44K444Oz44Of44OD44K344On44Oz44K/44O844Oc44K/44O844OT44Oz44OT44K544Kr44K544CQ44K544OQ44Or44CR44CQ6YGp5ZCI6LuK56iuOuOCteODs+ODkOODvOOAkeODquODk+ODq+ODiOOCu+ODq+ODouODvOOCv+ODvC/jgrnjgr/jg7zjgr/jg7zjgJDou4rovIzlnovlvI86KEtTMy9LUzQpL+e0lOato+WTgeeVqjoyMzMwMC1LQTQ1MeOAkQ==,44CQ44K544OQ44Or44CR44CQ6YGp5ZCI6LuK56iuOuOCteODs+ODkOODvOOAkeODquODk+ODq+ODiOOCu+ODq+ODouODvOOCv+ODvC/jgrnjgr/jg7zjgr/jg7zjgJDou4rovIzlnovlvI86KEtTMy9LUzQpL+e0lOato+WTgeeVqjoyMzMwMC1LQTQ1MeOAkQ==[rn]
15-190233,aHR0cDovL3RzaG9wLnIxMHMuanAvbmNjcGFydHMvY2FiaW5ldC9wcm9kdWN0cy9jZWwxMDEuanBnP2ZpdGluPTcwMDo3MDA=,MTIwMDAuMDAwMA==,,6LuK55So5ZOB44O744OQ44Kk44Kv55So5ZOBID4g44Kr44O855So5ZOBID4g6Zu75a2Q44OR44O844OEID4g44K544K/44O844K/44O844Oi44O844K/44O8,44CQ44OI44Oo44K/44CR44CQ6YGp5ZCI6LuK56iuOuODmeODquOCv+OAkeODquODk+ODq+ODiOOCu+ODq+ODouODvOOCv+ODvC/jgrnjgr/jg7zjgr/jg7zjgJDou4rovIzlnovlvI86U0NQOTIv57SU5q2j5ZOB55WqOigyODEwMC0yMzA2MC8yODEwMC0yMzA2MSnjgJE=,,PENFTlRFUj4gCjxpbWcgc3JjPSJodHRwOi8vaW1hZ2UucmFrdXRlbi5jby5qcC9uY2NwYXJ0cy9jYWJpbmV0L3Byb2R1Y3RzL2NlbDEwMS5qcGciIHdpZHRoPSIzMDgiPjxicj48YnI+Cjx0YWJsZSB3aWR0aD0iMTAwJSIgYm9yZGVyPSIwIiBjZWxsc3BhY2luZz0iMSIgY2VsbHBhZGRpbmc9IjUiIGJnY29sb3I9IiMwMEIwRjAiPjx0cj4KPHRoIGNvbHNwYW49IjIiPuODquODk+ODq+ODiCDjgrvjg6vjg6Ljg7zjgr/jg7wv44K544K/44O844K/44O8PC90aD48L3RyPjx0cj4KPHRoIGJnY29sb3I9IiNGRkZGRkYiIGFsaWduPSJsZWZ0Ij7jg6Hjg7zjgqvjg7zlkI08L3RoPjx0ZCBiZ2NvbG9yPSIjRkZGRkZGIiB3aWR0aD0iNzUlIj7jg4jjg6jjgr88L3RkPjwvdHI+PHRyPgo8dGggYmdjb2xvcj0iI0ZGRkZGRiIgYWxpZ249ImxlZnQiPumBqeWQiOi7iueorjwvdGg+PHRkIGJnY29sb3I9IiNGRkZGRkYiIHdpZHRoPSI3NSUiPuODmeODquOCvzwvdGQ+PC90cj48dHI+Cjx0aCBiZ2NvbG9yPSIjRkZGRkZGIiBhbGlnbj0ibGVmdCI+6YGp5ZCI5Z6L5byPPC90aD48dGQgYmdjb2xvcj0iI0ZGRkZGRiIgd2lkdGg9Ijc1JSI+U0NQOTI8L3RkPjwvdHI+Cjx0cj48dGggYmdjb2xvcj0iI0ZGRkZGRiIgYWxpZ249ImxlZnQiPue0lOato+WTgeeVqjwvdGg+PHRkIGJnY29sb3I9IiNGRkZGRkYiIHdpZHRoPSI3NSUiPjI4MTAwLTIzMDYwLzI4MTAwLTIzMDYxPC90ZD48L3RyPjx0cj4KPHRoIGJnY29sb3I9IiNGRkZGRkYiIGFsaWduPSJsZWZ0Ij7jg6Hjg7zjgqvjg7zlk4Hnlao8L3RoPjx0ZCBiZ2NvbG9yPSIjRkZGRkZGIiB3aWR0aD0iNzUlIj40MjgwMDAtMjE0MDwvdGQ+PC90cj48dHI+Cjx0aCBiZ2NvbG9yPSIjRkZGRkZGIiBhbGlnbj0ibGVmdCI+5L+d6Ki8PC90aD48dGQgYmdjb2xvcj0iI0ZGRkZGRiIgd2lkdGg9Ijc1JSI+MeW5tOWPiOOBrzHkuIfjgq3jg608L3RkPjwvdHI+IDx0cj4KPHRoIGJnY29sb3I9IiNGRkZGRkYiIGFsaWduPSJsZWZ0Ij7phY3pgIHljLrliIY8L3RoPjx0ZCBiZ2NvbG9yPSIjRkZGRkZGIiB3aWR0aD0iNzUlIj5B44Op44Oz44KvPC90ZD48L3RyPjwvdGFibGU+PGJyPgo8L0NFTlRFUj4gCuODquODk+ODq+ODiOWTgeOBr+S4reWPpOmDqOWTgeOCkuWujOWFqOOBq+WIhuino+ODu+a0l+a1hOOBl+OAgea2iOiAl+WTgeOBiuOCiOOBs+S4jeiJr+mDqOWTgeOCkuS6pOaPm+OBl+OBn+OAgeOCquODvOODkOODvOODm+ODvOODq+WTgeOBp+OBmeOAguOBu+OBqOOCk+OBqeaWsOWTgeWQjOanmOOBruS7leS4iuOBjOOCiuOBp+OBmeOAguWujOaIkOW+jOOBq+WTgeizquODgeOCp+ODg+OCr++8iOWLleS9nOeiuuiqje+8iea4iOOBv+OBp+OBmeOAgg==,44CQ44OI44Oo44K/44CR44CQ6YGp5ZCI6LuK56iuOuODmeODquOCv+OAkeODquODk+ODq+ODiOOCu+ODq+ODouODvOOCv+ODvC/jgrnjgr/jg7zjgr/jg7zjgJDou4rovIzlnovlvI86U0NQOTIv57SU5q2j5ZOB55WqOigyODEwMC0yMzA2MC8yODEwMC0yMzA2MSnjgJHvvJpOQ0Ppg6jlk4Hjgrvjg7Pjgr/jg7w=,44Kq44Or44K/44ON44O844K/44O844K744Or44Oi44O844K/44O844Kz44Oz44OX44Os44OD44K144OJ44Op44Kk44OW44K344Oj44OV44OI44Op44OD44Kv44OU44OL44Kq44Oz44Ko44Oz44K444Oz44Of44OD44K344On44Oz44K/44O844Oc44K/44O844OT44Oz44OT44K544Kr44K544CQ44OI44Oo44K/44CR44CQ6YGp5ZCI6LuK56iuOuODmeODquOCv+OAkeODquODk+ODq+ODiOOCu+ODq+ODouODvOOCv+ODvC/jgrnjgr/jg7zjgr/jg7zjgJDou4rovIzlnovlvI86U0NQOTIv57SU5q2j5ZOB55WqOigyODEwMC0yMzA2MC8yODEwMC0yMzA2MSnjgJE=,44CQ44OI44Oo44K/44CR44CQ6YGp5ZCI6LuK56iuOuODmeODquOCv+OAkeODquODk+ODq+ODiOOCu+ODq+ODouODvOOCv+ODvC/jgrnjgr/jg7zjgr/jg7zjgJDou4rovIzlnovlvI86U0NQOTIv57SU5q2j5ZOB55WqOigyODEwMC0yMzA2MC8yODEwMC0yMzA2MSnjgJE=[rn]
15-190234,aHR0cDovL3RzaG9wLnIxMHMuanAvbmNjcGFydHMvY2FiaW5ldC9wcm9kdWN0cy9jZWwwMDEuanBnP2ZpdGluPTcwMDo3MDA=,MjgwMDAuMDAwMA==,,6LuK55So5ZOB44O744OQ44Kk44Kv55So5ZOBID4g44Kr44O855So5ZOBID4g6Zu75a2Q44OR44O844OEID4g44K544K/44O844K/44O844Oi44O844K/44O8,44CQ5LiJ6I+x44CR44CQ6YGp5ZCI6LuK56iuOuOCreODo+ODs+OCv+ODvOOAkeODquODk+ODq+ODiOOCu+ODq+ODouODvOOCv+ODvC/jgrnjgr/jg7zjgr/jg7zjgJDou4rovIzlnovlvI86KEZHODNFRS9GRzcyRUIvRkU1MUVCRC9GRzcwRUIvRkY4M0VIWSkv57SU5q2j5ZOB55WqOk1FMjIxNTYy44CR,,PENFTlRFUj4gCjxpbWcgc3JjPSJodHRwOi8vaW1hZ2UucmFrdXRlbi5jby5qcC9uY2NwYXJ0cy9jYWJpbmV0L3Byb2R1Y3RzL2NlbDAwMS5qcGciIHdpZHRoPSIzMDgiPjxicj48YnI+Cjx0YWJsZSB3aWR0aD0iMTAwJSIgYm9yZGVyPSIwIiBjZWxsc3BhY2luZz0iMSIgY2VsbHBhZGRpbmc9IjUiIGJnY29sb3I9IiMwMEIwRjAiPjx0cj4KPHRoIGNvbHNwYW49IjIiPuODquODk+ODq+ODiCDjgrvjg6vjg6Ljg7zjgr/jg7wv44K544K/44O844K/44O8PC90aD48L3RyPjx0cj4KPHRoIGJnY29sb3I9IiNGRkZGRkYiIGFsaWduPSJsZWZ0Ij7jg6Hjg7zjgqvjg7zlkI08L3RoPjx0ZCBiZ2NvbG9yPSIjRkZGRkZGIiB3aWR0aD0iNzUlIj7kuInoj7E8L3RkPjwvdHI+PHRyPgo8dGggYmdjb2xvcj0iI0ZGRkZGRiIgYWxpZ249ImxlZnQiPumBqeWQiOi7iueorjwvdGg+PHRkIGJnY29sb3I9IiNGRkZGRkYiIHdpZHRoPSI3NSUiPuOCreODo+ODs+OCv+ODvDwvdGQ+PC90cj48dHI+Cjx0aCBiZ2NvbG9yPSIjRkZGRkZGIiBhbGlnbj0ibGVmdCI+6YGp5ZCI5Z6L5byPPC90aD48dGQgYmdjb2xvcj0iI0ZGRkZGRiIgd2lkdGg9Ijc1JSI+Rkc4M0VFL0ZHNzJFQi9GRTUxRUJEL0ZHNzBFQi9GRjgzRUhZPC90ZD48L3RyPgo8dHI+PHRoIGJnY29sb3I9IiNGRkZGRkYiIGFsaWduPSJsZWZ0Ij7ntJTmraPlk4Hnlao8L3RoPjx0ZCBiZ2NvbG9yPSIjRkZGRkZGIiB3aWR0aD0iNzUlIj5NRTIyMTU2MjwvdGQ+PC90cj48dHI+Cjx0aCBiZ2NvbG9yPSIjRkZGRkZGIiBhbGlnbj0ibGVmdCI+44Oh44O844Kr44O85ZOB55WqPC90aD48dGQgYmdjb2xvcj0iI0ZGRkZGRiIgd2lkdGg9Ijc1JSI+TTAwOFQ4NTI3MUI8L3RkPjwvdHI+PHRyPgo8dGggYmdjb2xvcj0iI0ZGRkZGRiIgYWxpZ249ImxlZnQiPuS/neiovDwvdGg+PHRkIGJnY29sb3I9IiNGRkZGRkYiIHdpZHRoPSI3NSUiPjHlubTlj4jjga8x5LiH44Kt44OtPC90ZD48L3RyPiA8dHI+Cjx0aCBiZ2NvbG9yPSIjRkZGRkZGIiBhbGlnbj0ibGVmdCI+6YWN6YCB5Yy65YiGPC90aD48dGQgYmdjb2xvcj0iI0ZGRkZGRiIgd2lkdGg9Ijc1JSI+QeODqeODs+OCrzwvdGQ+PC90cj48L3RhYmxlPjxicj4KPC9DRU5URVI+IArjg6rjg5Pjg6vjg4jlk4Hjga/kuK3lj6Tpg6jlk4HjgpLlrozlhajjgavliIbop6Pjg7vmtJfmtYTjgZfjgIHmtojogJflk4HjgYrjgojjgbPkuI3oia/pg6jlk4HjgpLkuqTmj5vjgZfjgZ/jgIHjgqrjg7zjg5Djg7zjg5vjg7zjg6vlk4HjgafjgZnjgILjgbvjgajjgpPjganmlrDlk4HlkIzmp5jjga7ku5XkuIrjgYzjgorjgafjgZnjgILlrozmiJDlvozjgavlk4Hos6rjg4Hjgqfjg4Pjgq/vvIjli5XkvZznorroqo3vvInmuIjjgb/jgafjgZnjgII=,44CQ5LiJ6I+x44CR44CQ6YGp5ZCI6LuK56iuOuOCreODo+ODs+OCv+ODvOOAkeODquODk+ODq+ODiOOCu+ODq+ODouODvOOCv+ODvC/jgrnjgr/jg7zjgr/jg7zjgJDou4rovIzlnovlvI86KEZHODNFRS9GRzcyRUIvRkU1MUVCRC9GRzcwRUIvRkY4M0VIWSkv57SU5q2j5ZOB55WqOk1FMjIxNTYy44CR77yaTkND6YOo5ZOB44K744Oz44K/44O8,44Kq44Or44K/44ON44O844K/44O844K744Or44Oi44O844K/44O844Kz44Oz44OX44Os44OD44K144OJ44Op44Kk44OW44K344Oj44OV44OI44Op44OD44Kv44OU44OL44Kq44Oz44Ko44Oz44K444Oz44Of44OD44K344On44Oz44K/44O844Oc44K/44O844OT44Oz44OT44K544Kr44K544CQ5LiJ6I+x44CR44CQ6YGp5ZCI6LuK56iuOuOCreODo+ODs+OCv+ODvOOAkeODquODk+ODq+ODiOOCu+ODq+ODouODvOOCv+ODvC/jgrnjgr/jg7zjgr/jg7zjgJDou4rovIzlnovlvI86KEZHODNFRS9GRzcyRUIvRkU1MUVCRC9GRzcwRUIvRkY4M0VIWSkv57SU5q2j5ZOB55WqOk1FMjIxNTYy44CR,44CQ5LiJ6I+x44CR44CQ6YGp5ZCI6LuK56iuOuOCreODo+ODs+OCv+ODvOOAkeODquODk+ODq+ODiOOCu+ODq+ODouODvOOCv+ODvC/jgrnjgr/jg7zjgr/jg7zjgJDou4rovIzlnovlvI86KEZHODNFRS9GRzcyRUIvRkU1MUVCRC9GRzcwRUIvRkY4M0VIWSkv57SU5q2j5ZOB55WqOk1FMjIxNTYy44CR[rn]
15-190235,aHR0cDovL3RzaG9wLnIxMHMuanAvbmNjcGFydHMvY2FiaW5ldC9wcm9kdWN0cy9jZWwxMDIuanBnP2ZpdGluPTcwMDo3MDA=,MTgwMDAuMDAwMA==,,6LuK55So5ZOB44O744OQ44Kk44Kv55So5ZOBID4g44Kr44O855So5ZOBID4g6Zu75a2Q44OR44O844OEID4g44K544K/44O844K/44O844Oi44O844K/44O8,44CQ44OI44Oo44K/44CR44CQ6YGp5ZCI6LuK56iuOuODj+OCpOOCqOODvOOCueOAkeODquODk+ODq+ODiOOCu+ODq+ODouODvOOCv+ODvC/jgrnjgr/jg7zjgr/jg7zjgJDou4rovIzlnovlvI86KEtESDIwMEsvS0RIMjI2Sy9LREgyMTFLKS/ntJTmraPlk4Hnlao6MjgxMDAtMzAwNTHjgJE=,,PENFTlRFUj4gCjxpbWcgc3JjPSJodHRwOi8vaW1hZ2UucmFrdXRlbi5jby5qcC9uY2NwYXJ0cy9jYWJpbmV0L3Byb2R1Y3RzL2NlbDEwMi5qcGciIHdpZHRoPSIzMDgiPjxicj48YnI+Cjx0YWJsZSB3aWR0aD0iMTAwJSIgYm9yZGVyPSIwIiBjZWxsc3BhY2luZz0iMSIgY2VsbHBhZGRpbmc9IjUiIGJnY29sb3I9IiMwMEIwRjAiPjx0cj4KPHRoIGNvbHNwYW49IjIiPuODquODk+ODq+ODiCDjgrvjg6vjg6Ljg7zjgr/jg7wv44K544K/44O844K/44O8PC90aD48L3RyPjx0cj4KPHRoIGJnY29sb3I9IiNGRkZGRkYiIGFsaWduPSJsZWZ0Ij7jg6Hjg7zjgqvjg7zlkI08L3RoPjx0ZCBiZ2NvbG9yPSIjRkZGRkZGIiB3aWR0aD0iNzUlIj7jg4jjg6jjgr88L3RkPjwvdHI+PHRyPgo8dGggYmdjb2xvcj0iI0ZGRkZGRiIgYWxpZ249ImxlZnQiPumBqeWQiOi7iueorjwvdGg+PHRkIGJnY29sb3I9IiNGRkZGRkYiIHdpZHRoPSI3NSUiPuODj+OCpOOCqOODvOOCuTwvdGQ+PC90cj48dHI+Cjx0aCBiZ2NvbG9yPSIjRkZGRkZGIiBhbGlnbj0ibGVmdCI+6YGp5ZCI5Z6L5byPPC90aD48dGQgYmdjb2xvcj0iI0ZGRkZGRiIgd2lkdGg9Ijc1JSI+S0RIMjAwSy9LREgyMjZLL0tESDIxMUs8L3RkPjwvdHI+Cjx0cj48dGggYmdjb2xvcj0iI0ZGRkZGRiIgYWxpZ249ImxlZnQiPue0lOato+WTgeeVqjwvdGg+PHRkIGJnY29sb3I9IiNGRkZGRkYiIHdpZHRoPSI3NSUiPjI4MTAwLTMwMDUxPC90ZD48L3RyPjx0cj4KPHRoIGJnY29sb3I9IiNGRkZGRkYiIGFsaWduPSJsZWZ0Ij7jg6Hjg7zjgqvjg7zlk4Hnlao8L3RoPjx0ZCBiZ2NvbG9yPSIjRkZGRkZGIiB3aWR0aD0iNzUlIj40MjgwMDAtMDI5MDwvdGQ+PC90cj48dHI+Cjx0aCBiZ2NvbG9yPSIjRkZGRkZGIiBhbGlnbj0ibGVmdCI+5L+d6Ki8PC90aD48dGQgYmdjb2xvcj0iI0ZGRkZGRiIgd2lkdGg9Ijc1JSI+MeW5tOWPiOOBrzHkuIfjgq3jg608L3RkPjwvdHI+IDx0cj4KPHRoIGJnY29sb3I9IiNGRkZGRkYiIGFsaWduPSJsZWZ0Ij7phY3pgIHljLrliIY8L3RoPjx0ZCBiZ2NvbG9yPSIjRkZGRkZGIiB3aWR0aD0iNzUlIj5B44Op44Oz44KvPC90ZD48L3RyPjwvdGFibGU+PGJyPgo8L0NFTlRFUj4gCuODquODk+ODq+ODiOWTgeOBr+S4reWPpOmDqOWTgeOCkuWujOWFqOOBq+WIhuino+ODu+a0l+a1hOOBl+OAgea2iOiAl+WTgeOBiuOCiOOBs+S4jeiJr+mDqOWTgeOCkuS6pOaPm+OBl+OBn+OAgeOCquODvOODkOODvOODm+ODvOODq+WTgeOBp+OBmeOAguOBu+OBqOOCk+OBqeaWsOWTgeWQjOanmOOBruS7leS4iuOBjOOCiuOBp+OBmeOAguWujOaIkOW+jOOBq+WTgeizquODgeOCp+ODg+OCr++8iOWLleS9nOeiuuiqje+8iea4iOOBv+OBp+OBmeOAgg==,44CQ44OI44Oo44K/44CR44CQ6YGp5ZCI6LuK56iuOuODj+OCpOOCqOODvOOCueOAkeODquODk+ODq+ODiOOCu+ODq+ODouODvOOCv+ODvC/jgrnjgr/jg7zjgr/jg7zjgJDou4rovIzlnovlvI86KEtESDIwMEsvS0RIMjI2Sy9LREgyMTFLKS/ntJTmraPlk4Hnlao6MjgxMDAtMzAwNTHjgJHvvJpOQ0Ppg6jlk4Hjgrvjg7Pjgr/jg7w=,44Kq44Or44K/44ON44O844K/44O844K744Or44Oi44O844K/44O844Kz44Oz44OX44Os44OD44K144OJ44Op44Kk44OW44K344Oj44OV44OI44Op44OD44Kv44OU44OL44Kq44Oz44Ko44Oz44K444Oz44Of44OD44K344On44Oz44K/44O844Oc44K/44O844OT44Oz44OT44K544Kr44K544CQ44OI44Oo44K/44CR44CQ6YGp5ZCI6LuK56iuOuODj+OCpOOCqOODvOOCueOAkeODquODk+ODq+ODiOOCu+ODq+ODouODvOOCv+ODvC/jgrnjgr/jg7zjgr/jg7zjgJDou4rovIzlnovlvI86KEtESDIwMEsvS0RIMjI2Sy9LREgyMTFLKS/ntJTmraPlk4Hnlao6MjgxMDAtMzAwNTHjgJE=,44CQ44OI44Oo44K/44CR44CQ6YGp5ZCI6LuK56iuOuODj+OCpOOCqOODvOOCueOAkeODquODk+ODq+ODiOOCu+ODq+ODouODvOOCv+ODvC/jgrnjgr/jg7zjgr/jg7zjgJDou4rovIzlnovlvI86KEtESDIwMEsvS0RIMjI2Sy9LREgyMTFLKS/ntJTmraPlk4Hnlao6MjgxMDAtMzAwNTHjgJE=[rn]
15-190236,aHR0cDovL3RzaG9wLnIxMHMuanAvbmNjcGFydHMvY2FiaW5ldC9wcm9kdWN0cy9jZWwwMDEuanBnP2ZpdGluPTcwMDo3MDA=,OTIwMC4wMDAw,,6LuK55So5ZOB44O744OQ44Kk44Kv55So5ZOBID4g44Kr44O855So5ZOBID4g6Zu75a2Q44OR44O844OEID4g44K544K/44O844K/44O844Oi44O844K/44O8,44CQ44K544K644Kt44CR44CQ6YGp5ZCI6LuK56iuOuOCreODo+ODquOCpOOAkeODquODk+ODq+ODiOOCu+ODq+ODouODvOOCv+ODvC/jgrnjgr/jg7zjgr/jg7zjgJDou4rovIzlnovlvI86KERBNjJUL0RBNjNUKS/ntJTmraPlk4Hnlao6MzExMDAtNzhBMjDjgJE=,,PENFTlRFUj4gCjxpbWcgc3JjPSJodHRwOi8vaW1hZ2UucmFrdXRlbi5jby5qcC9uY2NwYXJ0cy9jYWJpbmV0L3Byb2R1Y3RzL2NlbDAwMS5qcGciIHdpZHRoPSIzMDgiPjxicj48YnI+Cjx0YWJsZSB3aWR0aD0iMTAwJSIgYm9yZGVyPSIwIiBjZWxsc3BhY2luZz0iMSIgY2VsbHBhZGRpbmc9IjUiIGJnY29sb3I9IiMwMEIwRjAiPjx0cj4KPHRoIGNvbHNwYW49IjIiPuODquODk+ODq+ODiCDjgrvjg6vjg6Ljg7zjgr/jg7wv44K544K/44O844K/44O8PC90aD48L3RyPjx0cj4KPHRoIGJnY29sb3I9IiNGRkZGRkYiIGFsaWduPSJsZWZ0Ij7jg6Hjg7zjgqvjg7zlkI08L3RoPjx0ZCBiZ2NvbG9yPSIjRkZGRkZGIiB3aWR0aD0iNzUlIj7jgrnjgrrjgq08L3RkPjwvdHI+PHRyPgo8dGggYmdjb2xvcj0iI0ZGRkZGRiIgYWxpZ249ImxlZnQiPumBqeWQiOi7iueorjwvdGg+PHRkIGJnY29sb3I9IiNGRkZGRkYiIHdpZHRoPSI3NSUiPuOCreODo+ODquOCpDwvdGQ+PC90cj48dHI+Cjx0aCBiZ2NvbG9yPSIjRkZGRkZGIiBhbGlnbj0ibGVmdCI+6YGp5ZCI5Z6L5byPPC90aD48dGQgYmdjb2xvcj0iI0ZGRkZGRiIgd2lkdGg9Ijc1JSI+REE2MlQvREE2M1Q8L3RkPjwvdHI+Cjx0cj48dGggYmdjb2xvcj0iI0ZGRkZGRiIgYWxpZ249ImxlZnQiPue0lOato+WTgeeVqjwvdGg+PHRkIGJnY29sb3I9IiNGRkZGRkYiIHdpZHRoPSI3NSUiPjMxMTAwLTc4QTIwPC90ZD48L3RyPjx0cj4KPHRoIGJnY29sb3I9IiNGRkZGRkYiIGFsaWduPSJsZWZ0Ij7jg6Hjg7zjgqvjg7zlk4Hnlao8L3RoPjx0ZCBiZ2NvbG9yPSIjRkZGRkZGIiB3aWR0aD0iNzUlIj5NMDAyVDQ2NDgxPC90ZD48L3RyPjx0cj4KPHRoIGJnY29sb3I9IiNGRkZGRkYiIGFsaWduPSJsZWZ0Ij7kv53oqLw8L3RoPjx0ZCBiZ2NvbG9yPSIjRkZGRkZGIiB3aWR0aD0iNzUlIj4x5bm05Y+I44GvMeS4h+OCreODrTwvdGQ+PC90cj4gPHRyPgo8dGggYmdjb2xvcj0iI0ZGRkZGRiIgYWxpZ249ImxlZnQiPumFjemAgeWMuuWIhjwvdGg+PHRkIGJnY29sb3I9IiNGRkZGRkYiIHdpZHRoPSI3NSUiPkHjg6njg7Pjgq88L3RkPjwvdHI+PC90YWJsZT48YnI+CjwvQ0VOVEVSPiAK44Oq44OT44Or44OI5ZOB44Gv5Lit5Y+k6YOo5ZOB44KS5a6M5YWo44Gr5YiG6Kej44O75rSX5rWE44GX44CB5raI6ICX5ZOB44GK44KI44Gz5LiN6Imv6YOo5ZOB44KS5Lqk5o+b44GX44Gf44CB44Kq44O844OQ44O844Ob44O844Or5ZOB44Gn44GZ44CC44G744Go44KT44Gp5paw5ZOB5ZCM5qeY44Gu5LuV5LiK44GM44KK44Gn44GZ44CC5a6M5oiQ5b6M44Gr5ZOB6LOq44OB44Kn44OD44Kv77yI5YuV5L2c56K66KqN77yJ5riI44G/44Gn44GZ44CC,44CQ44K544K644Kt44CR44CQ6YGp5ZCI6LuK56iuOuOCreODo+ODquOCpOOAkeODquODk+ODq+ODiOOCu+ODq+ODouODvOOCv+ODvC/jgrnjgr/jg7zjgr/jg7zjgJDou4rovIzlnovlvI86KERBNjJUL0RBNjNUKS/ntJTmraPlk4Hnlao6MzExMDAtNzhBMjDjgJHvvJpOQ0Ppg6jlk4Hjgrvjg7Pjgr/jg7w=,44Kq44Or44K/44ON44O844K/44O844K744Or44Oi44O844K/44O844Kz44Oz44OX44Os44OD44K144OJ44Op44Kk44OW44K344Oj44OV44OI44Op44OD44Kv44OU44OL44Kq44Oz44Ko44Oz44K444Oz44Of44OD44K344On44Oz44K/44O844Oc44K/44O844OT44Oz44OT44K544Kr44K544CQ44K544K644Kt44CR44CQ6YGp5ZCI6LuK56iuOuOCreODo+ODquOCpOOAkeODquODk+ODq+ODiOOCu+ODq+ODouODvOOCv+ODvC/jgrnjgr/jg7zjgr/jg7zjgJDou4rovIzlnovlvI86KERBNjJUL0RBNjNUKS/ntJTmraPlk4Hnlao6MzExMDAtNzhBMjDjgJE=,44CQ44K544K644Kt44CR44CQ6YGp5ZCI6LuK56iuOuOCreODo+ODquOCpOOAkeODquODk+ODq+ODiOOCu+ODq+ODouODvOOCv+ODvC/jgrnjgr/jg7zjgr/jg7zjgJDou4rovIzlnovlvI86KERBNjJUL0RBNjNUKS/ntJTmraPlk4Hnlao6MzExMDAtNzhBMjDjgJE=[rn]
15-190237,aHR0cDovL3RzaG9wLnIxMHMuanAvbmNjcGFydHMvY2FiaW5ldC9wcm9kdWN0cy9jZWwxMDEuanBnP2ZpdGluPTcwMDo3MDA=,MTI4MDAuMDAwMA==,,6LuK55So5ZOB44O744OQ44Kk44Kv55So5ZOBID4g44Kr44O855So5ZOBID4g6Zu75a2Q44OR44O844OEID4g44K544K/44O844K/44O844Oi44O844K/44O8,44CQ44OI44Oo44K/44CR44CQ6YGp5ZCI6LuK56iuOuOCv+OCpuODs+OCqOODvOOCueODjuOCouOAkeODquODk+ODq+ODiOOCu+ODq+ODouODvOOCv+ODvC/jgrnjgr/jg7zjgr/jg7zjgJDou4rovIzlnovlvI86KENSNDJWL0NSNTJWL0NSNTFWKS/ntJTmraPlk4Hnlao6MjgxMDAtNjQzNzDjgJE=,,PENFTlRFUj4gCjxpbWcgc3JjPSJodHRwOi8vaW1hZ2UucmFrdXRlbi5jby5qcC9uY2NwYXJ0cy9jYWJpbmV0L3Byb2R1Y3RzL2NlbDEwMS5qcGciIHdpZHRoPSIzMDgiPjxicj48YnI+Cjx0YWJsZSB3aWR0aD0iMTAwJSIgYm9yZGVyPSIwIiBjZWxsc3BhY2luZz0iMSIgY2VsbHBhZGRpbmc9IjUiIGJnY29sb3I9IiMwMEIwRjAiPjx0cj4KPHRoIGNvbHNwYW49IjIiPuODquODk+ODq+ODiCDjgrvjg6vjg6Ljg7zjgr/jg7wv44K544K/44O844K/44O8PC90aD48L3RyPjx0cj4KPHRoIGJnY29sb3I9IiNGRkZGRkYiIGFsaWduPSJsZWZ0Ij7jg6Hjg7zjgqvjg7zlkI08L3RoPjx0ZCBiZ2NvbG9yPSIjRkZGRkZGIiB3aWR0aD0iNzUlIj7jg4jjg6jjgr88L3RkPjwvdHI+PHRyPgo8dGggYmdjb2xvcj0iI0ZGRkZGRiIgYWxpZ249ImxlZnQiPumBqeWQiOi7iueorjwvdGg+PHRkIGJnY29sb3I9IiNGRkZGRkYiIHdpZHRoPSI3NSUiPuOCv+OCpuODs+OCqOODvOOCueODjuOCojwvdGQ+PC90cj48dHI+Cjx0aCBiZ2NvbG9yPSIjRkZGRkZGIiBhbGlnbj0ibGVmdCI+6YGp5ZCI5Z6L5byPPC90aD48dGQgYmdjb2xvcj0iI0ZGRkZGRiIgd2lkdGg9Ijc1JSI+Q1I0MlYvQ1I1MlYvQ1I1MVY8L3RkPjwvdHI+Cjx0cj48dGggYmdjb2xvcj0iI0ZGRkZGRiIgYWxpZ249ImxlZnQiPue0lOato+WTgeeVqjwvdGg+PHRkIGJnY29sb3I9IiNGRkZGRkYiIHdpZHRoPSI3NSUiPjI4MTAwLTY0MzcwPC90ZD48L3RyPjx0cj4KPHRoIGJnY29sb3I9IiNGRkZGRkYiIGFsaWduPSJsZWZ0Ij7jg6Hjg7zjgqvjg7zlk4Hnlao8L3RoPjx0ZCBiZ2NvbG9yPSIjRkZGRkZGIiB3aWR0aD0iNzUlIj4yMjgwMDAtNjAwMDwvdGQ+PC90cj48dHI+Cjx0aCBiZ2NvbG9yPSIjRkZGRkZGIiBhbGlnbj0ibGVmdCI+5L+d6Ki8PC90aD48dGQgYmdjb2xvcj0iI0ZGRkZGRiIgd2lkdGg9Ijc1JSI+MeW5tOWPiOOBrzHkuIfjgq3jg608L3RkPjwvdHI+IDx0cj4KPHRoIGJnY29sb3I9IiNGRkZGRkYiIGFsaWduPSJsZWZ0Ij7phY3pgIHljLrliIY8L3RoPjx0ZCBiZ2NvbG9yPSIjRkZGRkZGIiB3aWR0aD0iNzUlIj5B44Op44Oz44KvPC90ZD48L3RyPjwvdGFibGU+PGJyPgo8L0NFTlRFUj4gCuODquODk+ODq+ODiOWTgeOBr+S4reWPpOmDqOWTgeOCkuWujOWFqOOBq+WIhuino+ODu+a0l+a1hOOBl+OAgea2iOiAl+WTgeOBiuOCiOOBs+S4jeiJr+mDqOWTgeOCkuS6pOaPm+OBl+OBn+OAgeOCquODvOODkOODvOODm+ODvOODq+WTgeOBp+OBmeOAguOBu+OBqOOCk+OBqeaWsOWTgeWQjOanmOOBruS7leS4iuOBjOOCiuOBp+OBmeOAguWujOaIkOW+jOOBq+WTgeizquODgeOCp+ODg+OCr++8iOWLleS9nOeiuuiqje+8iea4iOOBv+OBp+OBmeOAgg==,44CQ44OI44Oo44K/44CR44CQ6YGp5ZCI6LuK56iuOuOCv+OCpuODs+OCqOODvOOCueODjuOCouOAkeODquODk+ODq+ODiOOCu+ODq+ODouODvOOCv+ODvC/jgrnjgr/jg7zjgr/jg7zjgJDou4rovIzlnovlvI86KENSNDJWL0NSNTJWL0NSNTFWKS/ntJTmraPlk4Hnlao6MjgxMDAtNjQzNzDjgJHvvJpOQ0Ppg6jlk4Hjgrvjg7Pjgr/jg7w=,44Kq44Or44K/44ON44O844K/44O844K744Or44Oi44O844K/44O844Kz44Oz44OX44Os44OD44K144OJ44Op44Kk44OW44K344Oj44OV44OI44Op44OD44Kv44OU44OL44Kq44Oz44Ko44Oz44K444Oz44Of44OD44K344On44Oz44K/44O844Oc44K/44O844OT44Oz44OT44K544Kr44K544CQ44OI44Oo44K/44CR44CQ6YGp5ZCI6LuK56iuOuOCv+OCpuODs+OCqOODvOOCueODjuOCouOAkeODquODk+ODq+ODiOOCu+ODq+ODouODvOOCv+ODvC/jgrnjgr/jg7zjgr/jg7zjgJDou4rovIzlnovlvI86KENSNDJWL0NSNTJWL0NSNTFWKS/ntJTmraPlk4Hnlao6MjgxMDAtNjQzNzDjgJE=,44CQ44OI44Oo44K/44CR44CQ6YGp5ZCI6LuK56iuOuOCv+OCpuODs+OCqOODvOOCueODjuOCouOAkeODquODk+ODq+ODiOOCu+ODq+ODouODvOOCv+ODvC/jgrnjgr/jg7zjgr/jg7zjgJDou4rovIzlnovlvI86KENSNDJWL0NSNTJWL0NSNTFWKS/ntJTmraPlk4Hnlao6MjgxMDAtNjQzNzDjgJE=[rn]
15-190238,aHR0cDovL3RzaG9wLnIxMHMuanAvbmNjcGFydHMvY2FiaW5ldC9wcm9kdWN0cy9jZWwxMDEuanBnP2ZpdGluPTcwMDo3MDA=,MTA0MDAuMDAwMA==,,6LuK55So5ZOB44O744OQ44Kk44Kv55So5ZOBID4g44Kr44O855So5ZOBID4g6Zu75a2Q44OR44O844OEID4g44K544K/44O844K/44O844Oi44O844K/44O8,44CQ44OI44Oo44K/44CR44CQ6YGp5ZCI6LuK56iuOuOCr+ODqeOCpuODs+OAkeODquODk+ODq+ODiOOCu+ODq+ODouODvOOCv+ODvC/jgrnjgr/jg7zjgr/jg7zjgJDou4rovIzlnovlvI86KEpaUzE0MS9KWlMxNDMvSlpTMTQ1KS/ntJTmraPlk4Hnlao6MjgxMDAtNDYxOTDjgJE=,,PENFTlRFUj4gCjxpbWcgc3JjPSJodHRwOi8vaW1hZ2UucmFrdXRlbi5jby5qcC9uY2NwYXJ0cy9jYWJpbmV0L3Byb2R1Y3RzL2NlbDEwMS5qcGciIHdpZHRoPSIzMDgiPjxicj48YnI+Cjx0YWJsZSB3aWR0aD0iMTAwJSIgYm9yZGVyPSIwIiBjZWxsc3BhY2luZz0iMSIgY2VsbHBhZGRpbmc9IjUiIGJnY29sb3I9IiMwMEIwRjAiPjx0cj4KPHRoIGNvbHNwYW49IjIiPuODquODk+ODq+ODiCDjgrvjg6vjg6Ljg7zjgr/jg7wv44K544K/44O844K/44O8PC90aD48L3RyPjx0cj4KPHRoIGJnY29sb3I9IiNGRkZGRkYiIGFsaWduPSJsZWZ0Ij7jg6Hjg7zjgqvjg7zlkI08L3RoPjx0ZCBiZ2NvbG9yPSIjRkZGRkZGIiB3aWR0aD0iNzUlIj7jg4jjg6jjgr88L3RkPjwvdHI+PHRyPgo8dGggYmdjb2xvcj0iI0ZGRkZGRiIgYWxpZ249ImxlZnQiPumBqeWQiOi7iueorjwvdGg+PHRkIGJnY29sb3I9IiNGRkZGRkYiIHdpZHRoPSI3NSUiPuOCr+ODqeOCpuODszwvdGQ+PC90cj48dHI+Cjx0aCBiZ2NvbG9yPSIjRkZGRkZGIiBhbGlnbj0ibGVmdCI+6YGp5ZCI5Z6L5byPPC90aD48dGQgYmdjb2xvcj0iI0ZGRkZGRiIgd2lkdGg9Ijc1JSI+SlpTMTQxL0paUzE0My9KWlMxNDU8L3RkPjwvdHI+Cjx0cj48dGggYmdjb2xvcj0iI0ZGRkZGRiIgYWxpZ249ImxlZnQiPue0lOato+WTgeeVqjwvdGg+PHRkIGJnY29sb3I9IiNGRkZGRkYiIHdpZHRoPSI3NSUiPjI4MTAwLTQ2MTkwPC90ZD48L3RyPjx0cj4KPHRoIGJnY29sb3I9IiNGRkZGRkYiIGFsaWduPSJsZWZ0Ij7jg6Hjg7zjgqvjg7zlk4Hnlao8L3RoPjx0ZCBiZ2NvbG9yPSIjRkZGRkZGIiB3aWR0aD0iNzUlIj4yMjgwMDAtMzI1MDwvdGQ+PC90cj48dHI+Cjx0aCBiZ2NvbG9yPSIjRkZGRkZGIiBhbGlnbj0ibGVmdCI+5L+d6Ki8PC90aD48dGQgYmdjb2xvcj0iI0ZGRkZGRiIgd2lkdGg9Ijc1JSI+MeW5tOWPiOOBrzHkuIfjgq3jg608L3RkPjwvdHI+IDx0cj4KPHRoIGJnY29sb3I9IiNGRkZGRkYiIGFsaWduPSJsZWZ0Ij7phY3pgIHljLrliIY8L3RoPjx0ZCBiZ2NvbG9yPSIjRkZGRkZGIiB3aWR0aD0iNzUlIj5B44Op44Oz44KvPC90ZD48L3RyPjwvdGFibGU+PGJyPgo8L0NFTlRFUj4gCuODquODk+ODq+ODiOWTgeOBr+S4reWPpOmDqOWTgeOCkuWujOWFqOOBq+WIhuino+ODu+a0l+a1hOOBl+OAgea2iOiAl+WTgeOBiuOCiOOBs+S4jeiJr+mDqOWTgeOCkuS6pOaPm+OBl+OBn+OAgeOCquODvOODkOODvOODm+ODvOODq+WTgeOBp+OBmeOAguOBu+OBqOOCk+OBqeaWsOWTgeWQjOanmOOBruS7leS4iuOBjOOCiuOBp+OBmeOAguWujOaIkOW+jOOBq+WTgeizquODgeOCp+ODg+OCr++8iOWLleS9nOeiuuiqje+8iea4iOOBv+OBp+OBmeOAgg==,44CQ44OI44Oo44K/44CR44CQ6YGp5ZCI6LuK56iuOuOCr+ODqeOCpuODs+OAkeODquODk+ODq+ODiOOCu+ODq+ODouODvOOCv+ODvC/jgrnjgr/jg7zjgr/jg7zjgJDou4rovIzlnovlvI86KEpaUzE0MS9KWlMxNDMvSlpTMTQ1KS/ntJTmraPlk4Hnlao6MjgxMDAtNDYxOTDjgJHvvJpOQ0Ppg6jlk4Hjgrvjg7Pjgr/jg7w=,44Kq44Or44K/44ON44O844K/44O844K744Or44Oi44O844K/44O844Kz44Oz44OX44Os44OD44K144OJ44Op44Kk44OW44K344Oj44OV44OI44Op44OD44Kv44OU44OL44Kq44Oz44Ko44Oz44K444Oz44Of44OD44K344On44Oz44K/44O844Oc44K/44O844OT44Oz44OT44K544Kr44K544CQ44OI44Oo44K/44CR44CQ6YGp5ZCI6LuK56iuOuOCr+ODqeOCpuODs+OAkeODquODk+ODq+ODiOOCu+ODq+ODouODvOOCv+ODvC/jgrnjgr/jg7zjgr/jg7zjgJDou4rovIzlnovlvI86KEpaUzE0MS9KWlMxNDMvSlpTMTQ1KS/ntJTmraPlk4Hnlao6MjgxMDAtNDYxOTDjgJE=,44CQ44OI44Oo44K/44CR44CQ6YGp5ZCI6LuK56iuOuOCr+ODqeOCpuODs+OAkeODquODk+ODq+ODiOOCu+ODq+ODouODvOOCv+ODvC/jgrnjgr/jg7zjgr/jg7zjgJDou4rovIzlnovlvI86KEpaUzE0MS9KWlMxNDMvSlpTMTQ1KS/ntJTmraPlk4Hnlao6MjgxMDAtNDYxOTDjgJE=[rn]
15-190239,aHR0cDovL3RzaG9wLnIxMHMuanAvbmNjcGFydHMvY2FiaW5ldC9wcm9kdWN0cy9jZWwwMDEuanBnP2ZpdGluPTcwMDo3MDA=,OTYwMC4wMDAw,,6LuK55So5ZOB44O744OQ44Kk44Kv55So5ZOBID4g44Kr44O855So5ZOBID4g6Zu75a2Q44OR44O844OEID4g44K544K/44O844K/44O844Oi44O844K/44O8,44CQ44Oe44OE44OA44CR44CQ6YGp5ZCI6LuK56iuOkFaLeOCquODleODreODvOODieOAkeODquODk+ODq+ODiOOCu+ODq+ODouODvOOCv+ODvC/jgrnjgr/jg7zjgr/jg7zjgJDou4rovIzlnovlvI86Sk0yM1cv57SU5q2j5ZOB55WqOjFBMDMtMTgtNDAw44CR,,PENFTlRFUj4gCjxpbWcgc3JjPSJodHRwOi8vaW1hZ2UucmFrdXRlbi5jby5qcC9uY2NwYXJ0cy9jYWJpbmV0L3Byb2R1Y3RzL2NlbDAwMS5qcGciIHdpZHRoPSIzMDgiPjxicj48YnI+Cjx0YWJsZSB3aWR0aD0iMTAwJSIgYm9yZGVyPSIwIiBjZWxsc3BhY2luZz0iMSIgY2VsbHBhZGRpbmc9IjUiIGJnY29sb3I9IiMwMEIwRjAiPjx0cj4KPHRoIGNvbHNwYW49IjIiPuODquODk+ODq+ODiCDjgrvjg6vjg6Ljg7zjgr/jg7wv44K544K/44O844K/44O8PC90aD48L3RyPjx0cj4KPHRoIGJnY29sb3I9IiNGRkZGRkYiIGFsaWduPSJsZWZ0Ij7jg6Hjg7zjgqvjg7zlkI08L3RoPjx0ZCBiZ2NvbG9yPSIjRkZGRkZGIiB3aWR0aD0iNzUlIj7jg57jg4Tjg4A8L3RkPjwvdHI+PHRyPgo8dGggYmdjb2xvcj0iI0ZGRkZGRiIgYWxpZ249ImxlZnQiPumBqeWQiOi7iueorjwvdGg+PHRkIGJnY29sb3I9IiNGRkZGRkYiIHdpZHRoPSI3NSUiPkFaLeOCquODleODreODvOODiTwvdGQ+PC90cj48dHI+Cjx0aCBiZ2NvbG9yPSIjRkZGRkZGIiBhbGlnbj0ibGVmdCI+6YGp5ZCI5Z6L5byPPC90aD48dGQgYmdjb2xvcj0iI0ZGRkZGRiIgd2lkdGg9Ijc1JSI+Sk0yM1c8L3RkPjwvdHI+Cjx0cj48dGggYmdjb2xvcj0iI0ZGRkZGRiIgYWxpZ249ImxlZnQiPue0lOato+WTgeeVqjwvdGg+PHRkIGJnY29sb3I9IiNGRkZGRkYiIHdpZHRoPSI3NSUiPjFBMDMtMTgtNDAwPC90ZD48L3RyPjx0cj4KPHRoIGJnY29sb3I9IiNGRkZGRkYiIGFsaWduPSJsZWZ0Ij7jg6Hjg7zjgqvjg7zlk4Hnlao8L3RoPjx0ZCBiZ2NvbG9yPSIjRkZGRkZGIiB3aWR0aD0iNzUlIj5NMDAwVDgyOTgxPC90ZD48L3RyPjx0cj4KPHRoIGJnY29sb3I9IiNGRkZGRkYiIGFsaWduPSJsZWZ0Ij7kv53oqLw8L3RoPjx0ZCBiZ2NvbG9yPSIjRkZGRkZGIiB3aWR0aD0iNzUlIj4x5bm05Y+I44GvMeS4h+OCreODrTwvdGQ+PC90cj4gPHRyPgo8dGggYmdjb2xvcj0iI0ZGRkZGRiIgYWxpZ249ImxlZnQiPumFjemAgeWMuuWIhjwvdGg+PHRkIGJnY29sb3I9IiNGRkZGRkYiIHdpZHRoPSI3NSUiPkHjg6njg7Pjgq88L3RkPjwvdHI+PC90YWJsZT48YnI+CjwvQ0VOVEVSPiAK44Oq44OT44Or44OI5ZOB44Gv5Lit5Y+k6YOo5ZOB44KS5a6M5YWo44Gr5YiG6Kej44O75rSX5rWE44GX44CB5raI6ICX5ZOB44GK44KI44Gz5LiN6Imv6YOo5ZOB44KS5Lqk5o+b44GX44Gf44CB44Kq44O844OQ44O844Ob44O844Or5ZOB44Gn44GZ44CC44G744Go44KT44Gp5paw5ZOB5ZCM5qeY44Gu5LuV5LiK44GM44KK44Gn44GZ44CC5a6M5oiQ5b6M44Gr5ZOB6LOq44OB44Kn44OD44Kv77yI5YuV5L2c56K66KqN77yJ5riI44G/44Gn44GZ44CC,44CQ44Oe44OE44OA44CR44CQ6YGp5ZCI6LuK56iuOkFaLeOCquODleODreODvOODieOAkeODquODk+ODq+ODiOOCu+ODq+ODouODvOOCv+ODvC/jgrnjgr/jg7zjgr/jg7zjgJDou4rovIzlnovlvI86Sk0yM1cv57SU5q2j5ZOB55WqOjFBMDMtMTgtNDAw44CR77yaTkND6YOo5ZOB44K744Oz44K/44O8,44Kq44Or44K/44ON44O844K/44O844K744Or44Oi44O844K/44O844Kz44Oz44OX44Os44OD44K144OJ44Op44Kk44OW44K344Oj44OV44OI44Op44OD44Kv44OU44OL44Kq44Oz44Ko44Oz44K444Oz44Of44OD44K344On44Oz44K/44O844Oc44K/44O844OT44Oz44OT44K544Kr44K544CQ44Oe44OE44OA44CR44CQ6YGp5ZCI6LuK56iuOkFaLeOCquODleODreODvOODieOAkeODquODk+ODq+ODiOOCu+ODq+ODouODvOOCv+ODvC/jgrnjgr/jg7zjgr/jg7zjgJDou4rovIzlnovlvI86Sk0yM1cv57SU5q2j5ZOB55WqOjFBMDMtMTgtNDAw44CR,44CQ44Oe44OE44OA44CR44CQ6YGp5ZCI6LuK56iuOkFaLeOCquODleODreODvOODieOAkeODquODk+ODq+ODiOOCu+ODq+ODouODvOOCv+ODvC/jgrnjgr/jg7zjgr/jg7zjgJDou4rovIzlnovlvI86Sk0yM1cv57SU5q2j5ZOB55WqOjFBMDMtMTgtNDAw44CR[rn]
15-190240,aHR0cDovL3RzaG9wLnIxMHMuanAvbmNjcGFydHMvY2FiaW5ldC9wcm9kdWN0cy9jZWwyMDEuanBnP2ZpdGluPTcwMDo3MDA=,OTYwMC4wMDAw,,6LuK55So5ZOB44O744OQ44Kk44Kv55So5ZOBID4g44Kr44O855So5ZOBID4g6Zu75a2Q44OR44O844OEID4g44K544K/44O844K/44O844Oi44O844K/44O8,44CQ5pel55Sj44CR44CQ6YGp5ZCI6LuK56iuOuODl+ODquODoeODvOODqeOAkeODquODk+ODq+ODiOOCu+ODq+ODouODvOOCv+ODvC/jgrnjgr/jg7zjgr/jg7zjgJDou4rovIzlnovlvI86SFAxMS/ntJTmraPlk4Hnlao6MjMzMDAtNEo2MDbjgJE=,,PENFTlRFUj4gCjxpbWcgc3JjPSJodHRwOi8vaW1hZ2UucmFrdXRlbi5jby5qcC9uY2NwYXJ0cy9jYWJpbmV0L3Byb2R1Y3RzL2NlbDIwMS5qcGciIHdpZHRoPSIzMDgiPjxicj48YnI+Cjx0YWJsZSB3aWR0aD0iMTAwJSIgYm9yZGVyPSIwIiBjZWxsc3BhY2luZz0iMSIgY2VsbHBhZGRpbmc9IjUiIGJnY29sb3I9IiMwMEIwRjAiPjx0cj4KPHRoIGNvbHNwYW49IjIiPuODquODk+ODq+ODiCDjgrvjg6vjg6Ljg7zjgr/jg7wv44K544K/44O844K/44O8PC90aD48L3RyPjx0cj4KPHRoIGJnY29sb3I9IiNGRkZGRkYiIGFsaWduPSJsZWZ0Ij7jg6Hjg7zjgqvjg7zlkI08L3RoPjx0ZCBiZ2NvbG9yPSIjRkZGRkZGIiB3aWR0aD0iNzUlIj7ml6XnlKM8L3RkPjwvdHI+PHRyPgo8dGggYmdjb2xvcj0iI0ZGRkZGRiIgYWxpZ249ImxlZnQiPumBqeWQiOi7iueorjwvdGg+PHRkIGJnY29sb3I9IiNGRkZGRkYiIHdpZHRoPSI3NSUiPuODl+ODquODoeODvOODqTwvdGQ+PC90cj48dHI+Cjx0aCBiZ2NvbG9yPSIjRkZGRkZGIiBhbGlnbj0ibGVmdCI+6YGp5ZCI5Z6L5byPPC90aD48dGQgYmdjb2xvcj0iI0ZGRkZGRiIgd2lkdGg9Ijc1JSI+SFAxMTwvdGQ+PC90cj4KPHRyPjx0aCBiZ2NvbG9yPSIjRkZGRkZGIiBhbGlnbj0ibGVmdCI+57SU5q2j5ZOB55WqPC90aD48dGQgYmdjb2xvcj0iI0ZGRkZGRiIgd2lkdGg9Ijc1JSI+MjMzMDAtNEo2MDY8L3RkPjwvdHI+PHRyPgo8dGggYmdjb2xvcj0iI0ZGRkZGRiIgYWxpZ249ImxlZnQiPuODoeODvOOCq+ODvOWTgeeVqjwvdGg+PHRkIGJnY29sb3I9IiNGRkZGRkYiIHdpZHRoPSI3NSUiPlMxMTQtODcxPC90ZD48L3RyPjx0cj4KPHRoIGJnY29sb3I9IiNGRkZGRkYiIGFsaWduPSJsZWZ0Ij7kv53oqLw8L3RoPjx0ZCBiZ2NvbG9yPSIjRkZGRkZGIiB3aWR0aD0iNzUlIj4x5bm05Y+I44GvMeS4h+OCreODrTwvdGQ+PC90cj4gPHRyPgo8dGggYmdjb2xvcj0iI0ZGRkZGRiIgYWxpZ249ImxlZnQiPumFjemAgeWMuuWIhjwvdGg+PHRkIGJnY29sb3I9IiNGRkZGRkYiIHdpZHRoPSI3NSUiPkHjg6njg7Pjgq88L3RkPjwvdHI+PC90YWJsZT48YnI+CjwvQ0VOVEVSPiAK44Oq44OT44Or44OI5ZOB44Gv5Lit5Y+k6YOo5ZOB44KS5a6M5YWo44Gr5YiG6Kej44O75rSX5rWE44GX44CB5raI6ICX5ZOB44GK44KI44Gz5LiN6Imv6YOo5ZOB44KS5Lqk5o+b44GX44Gf44CB44Kq44O844OQ44O844Ob44O844Or5ZOB44Gn44GZ44CC44G744Go44KT44Gp5paw5ZOB5ZCM5qeY44Gu5LuV5LiK44GM44KK44Gn44GZ44CC5a6M5oiQ5b6M44Gr5ZOB6LOq44OB44Kn44OD44Kv77yI5YuV5L2c56K66KqN77yJ5riI44G/44Gn44GZ44CC,44CQ5pel55Sj44CR44CQ6YGp5ZCI6LuK56iuOuODl+ODquODoeODvOODqeOAkeODquODk+ODq+ODiOOCu+ODq+ODouODvOOCv+ODvC/jgrnjgr/jg7zjgr/jg7zjgJDou4rovIzlnovlvI86SFAxMS/ntJTmraPlk4Hnlao6MjMzMDAtNEo2MDbjgJHvvJpOQ0Ppg6jlk4Hjgrvjg7Pjgr/jg7w=,44Kq44Or44K/44ON44O844K/44O844K744Or44Oi44O844K/44O844Kz44Oz44OX44Os44OD44K144OJ44Op44Kk44OW44K344Oj44OV44OI44Op44OD44Kv44OU44OL44Kq44Oz44Ko44Oz44K444Oz44Of44OD44K344On44Oz44K/44O844Oc44K/44O844OT44Oz44OT44K544Kr44K544CQ5pel55Sj44CR44CQ6YGp5ZCI6LuK56iuOuODl+ODquODoeODvOODqeOAkeODquODk+ODq+ODiOOCu+ODq+ODouODvOOCv+ODvC/jgrnjgr/jg7zjgr/jg7zjgJDou4rovIzlnovlvI86SFAxMS/ntJTmraPlk4Hnlao6MjMzMDAtNEo2MDbjgJE=,44CQ5pel55Sj44CR44CQ6YGp5ZCI6LuK56iuOuODl+ODquODoeODvOODqeOAkeODquODk+ODq+ODiOOCu+ODq+ODouODvOOCv+ODvC/jgrnjgr/jg7zjgr/jg7zjgJDou4rovIzlnovlvI86SFAxMS/ntJTmraPlk4Hnlao6MjMzMDAtNEo2MDbjgJE=[rn]
15-190241,aHR0cDovL3RzaG9wLnIxMHMuanAvbmNjcGFydHMvY2FiaW5ldC9wcm9kdWN0cy9jZWwxMDEuanBnP2ZpdGluPTcwMDo3MDA=,MTQ4MDAuMDAwMA==,,6LuK55So5ZOB44O744OQ44Kk44Kv55So5ZOBID4g44Kr44O855So5ZOBID4g6Zu75a2Q44OR44O844OEID4g44K544K/44O844K/44O844Oi44O844K/44O8,44CQ44OI44Oo44K/44CR44CQ6YGp5ZCI6LuK56iuOuOCveOCouODqeOAkeODquODk+ODq+ODiOOCu+ODq+ODouODvOOCv+ODvC/jgrnjgr/jg7zjgr/jg7zjgJDou4rovIzlnovlvI86VVpaNDAv57SU5q2j5ZOB55WqOjI4MTAwLTUwMDgw44CR,,PENFTlRFUj4gCjxpbWcgc3JjPSJodHRwOi8vaW1hZ2UucmFrdXRlbi5jby5qcC9uY2NwYXJ0cy9jYWJpbmV0L3Byb2R1Y3RzL2NlbDEwMS5qcGciIHdpZHRoPSIzMDgiPjxicj48YnI+Cjx0YWJsZSB3aWR0aD0iMTAwJSIgYm9yZGVyPSIwIiBjZWxsc3BhY2luZz0iMSIgY2VsbHBhZGRpbmc9IjUiIGJnY29sb3I9IiMwMEIwRjAiPjx0cj4KPHRoIGNvbHNwYW49IjIiPuODquODk+ODq+ODiCDjgrvjg6vjg6Ljg7zjgr/jg7wv44K544K/44O844K/44O8PC90aD48L3RyPjx0cj4KPHRoIGJnY29sb3I9IiNGRkZGRkYiIGFsaWduPSJsZWZ0Ij7jg6Hjg7zjgqvjg7zlkI08L3RoPjx0ZCBiZ2NvbG9yPSIjRkZGRkZGIiB3aWR0aD0iNzUlIj7jg4jjg6jjgr88L3RkPjwvdHI+PHRyPgo8dGggYmdjb2xvcj0iI0ZGRkZGRiIgYWxpZ249ImxlZnQiPumBqeWQiOi7iueorjwvdGg+PHRkIGJnY29sb3I9IiNGRkZGRkYiIHdpZHRoPSI3NSUiPuOCveOCouODqTwvdGQ+PC90cj48dHI+Cjx0aCBiZ2NvbG9yPSIjRkZGRkZGIiBhbGlnbj0ibGVmdCI+6YGp5ZCI5Z6L5byPPC90aD48dGQgYmdjb2xvcj0iI0ZGRkZGRiIgd2lkdGg9Ijc1JSI+VVpaNDA8L3RkPjwvdHI+Cjx0cj48dGggYmdjb2xvcj0iI0ZGRkZGRiIgYWxpZ249ImxlZnQiPue0lOato+WTgeeVqjwvdGg+PHRkIGJnY29sb3I9IiNGRkZGRkYiIHdpZHRoPSI3NSUiPjI4MTAwLTUwMDgwPC90ZD48L3RyPjx0cj4KPHRoIGJnY29sb3I9IiNGRkZGRkYiIGFsaWduPSJsZWZ0Ij7jg6Hjg7zjgqvjg7zlk4Hnlao8L3RoPjx0ZCBiZ2NvbG9yPSIjRkZGRkZGIiB3aWR0aD0iNzUlIj4yMjgwMDAtNzc3MDwvdGQ+PC90cj48dHI+Cjx0aCBiZ2NvbG9yPSIjRkZGRkZGIiBhbGlnbj0ibGVmdCI+5L+d6Ki8PC90aD48dGQgYmdjb2xvcj0iI0ZGRkZGRiIgd2lkdGg9Ijc1JSI+MeW5tOWPiOOBrzHkuIfjgq3jg608L3RkPjwvdHI+IDx0cj4KPHRoIGJnY29sb3I9IiNGRkZGRkYiIGFsaWduPSJsZWZ0Ij7phY3pgIHljLrliIY8L3RoPjx0ZCBiZ2NvbG9yPSIjRkZGRkZGIiB3aWR0aD0iNzUlIj5B44Op44Oz44KvPC90ZD48L3RyPjwvdGFibGU+PGJyPgo8L0NFTlRFUj4gCuODquODk+ODq+ODiOWTgeOBr+S4reWPpOmDqOWTgeOCkuWujOWFqOOBq+WIhuino+ODu+a0l+a1hOOBl+OAgea2iOiAl+WTgeOBiuOCiOOBs+S4jeiJr+mDqOWTgeOCkuS6pOaPm+OBl+OBn+OAgeOCquODvOODkOODvOODm+ODvOODq+WTgeOBp+OBmeOAguOBu+OBqOOCk+OBqeaWsOWTgeWQjOanmOOBruS7leS4iuOBjOOCiuOBp+OBmeOAguWujOaIkOW+jOOBq+WTgeizquODgeOCp+ODg+OCr++8iOWLleS9nOeiuuiqje+8iea4iOOBv+OBp+OBmeOAgg==,44CQ44OI44Oo44K/44CR44CQ6YGp5ZCI6LuK56iuOuOCveOCouODqeOAkeODquODk+ODq+ODiOOCu+ODq+ODouODvOOCv+ODvC/jgrnjgr/jg7zjgr/jg7zjgJDou4rovIzlnovlvI86VVpaNDAv57SU5q2j5ZOB55WqOjI4MTAwLTUwMDgw44CR77yaTkND6YOo5ZOB44K744Oz44K/44O8,44Kq44Or44K/44ON44O844K/44O844K744Or44Oi44O844K/44O844Kz44Oz44OX44Os44OD44K144OJ44Op44Kk44OW44K344Oj44OV44OI44Op44OD44Kv44OU44OL44Kq44Oz44Ko44Oz44K444Oz44Of44OD44K344On44Oz44K/44O844Oc44K/44O844OT44Oz44OT44K544Kr44K544CQ44OI44Oo44K/44CR44CQ6YGp5ZCI6LuK56iuOuOCveOCouODqeOAkeODquODk+ODq+ODiOOCu+ODq+ODouODvOOCv+ODvC/jgrnjgr/jg7zjgr/jg7zjgJDou4rovIzlnovlvI86VVpaNDAv57SU5q2j5ZOB55WqOjI4MTAwLTUwMDgw44CR,44CQ44OI44Oo44K/44CR44CQ6YGp5ZCI6LuK56iuOuOCveOCouODqeOAkeODquODk+ODq+ODiOOCu+ODq+ODouODvOOCv+ODvC/jgrnjgr/jg7zjgr/jg7zjgJDou4rovIzlnovlvI86VVpaNDAv57SU5q2j5ZOB55WqOjI4MTAwLTUwMDgw44CR[rn]
15-190242,aHR0cDovL3RzaG9wLnIxMHMuanAvcGFydHMvY2FiaW5ldC9kZXRhaWwtZS9lcDUwNzF3LmpwZz9maXRpbj03MDA6NzAw,NjAxOS4yMDAw,,6LuK55So5ZOB44O744OQ44Kk44Kv55So5ZOBID4g44Kr44O855So5ZOBID4g44Op44Kk44OI44O744Op44Oz44OXID4g44Or44O844Og44Op44Oz44OX,RXVyb1BlcmZvcm1hbmNlKOODpuODvOODreODkeODleOCqeODvOODnuODs+OCuSkgTEVEIOOCouODs+ODgOODvOODieOCouODqeOCpOODiCDjg6rjg6TnlKgg77yS5YCL44K744OD44OIIOODleOCqeODq+OCr+OCueODr+ODvOOCsuODsyDjg5HjgrXjg7zjg4g=,TEVEIOOCouODs+ODgOODvOODieOCouODqeOCpOODiCDjg6rjg6TnlKggVlcg44OR44K144O844OI44CA,,RXVyb1BlcmZvcm1hbmNlKOODpuODvOODreODkeODleOCqeODvOODnuODs+OCuSkgTEVEIOOCouODs+ODgOODvOODieOCouODqeOCpOODiCDjg6rjg6TnlKgg77yS5YCL44K744OD44OIIOODleOCqeODq+OCr+OCueODr+ODvOOCsuODsyDjg5HjgrXjg7zjg4jvvJrvvLDvvKHvvLLvvLTvvLM=,44OY44OD44OJ44Op44Kk44OI44OG44O844Or44Op44Kk44OI44Kz44O844OK44O844Op44Kk44OI44K144Kk44OJ44Oe44O844Kr44O844Kr44O844Oc44Oz44Ki44Oz44OG44OK44OJ44Ki44Of44Op44O844Ko44Ki44Ot44Oh44O844K/44O844OR44ON44Or44Oq44OD44OX44K544Od44Kk44Op44O844Km44Kk44Oz44Kw44Ob44Kk44O844Or44Kr44OQ44O844Oa44OA44Or6LuK6auY6Kq/44OW44Os44O844Kt44OJ44Op44Kk44OW44Os44Kz44O844OA44O844Ov44Kk44OR44O844Kw44Oq44Or44Oc44Oz44ON44OD44OI44Ot44O844OA44Km44OzRXVyb1BlcmZvcm1hbmNlKOODpuODvOODreODkeODleOCqeODvOODnuODs+OCuSkgTEVEIOOCouODs+ODgOODvOODieOCouODqeOCpOODiCDjg6rjg6TnlKgg77yS5YCL44K744OD44OIIOODleOCqeODq+OCr+OCueODr+ODvOOCsuODsyDjg5HjgrXjg7zjg4g=,TEVEIOOCouODs+ODgOODvOODieOCouODqeOCpOODiCDjg6rjg6TnlKggVlcg44OR44K144O844OI44CA44CCRXVyb1BlcmZvcm1hbmNlKOODpuODvOODreODkeODleOCqeODvOODnuODs+OCuSkgTEVEIOOCouODs+ODgOODvOODieOCouODqeOCpOODiCDjg6rjg6TnlKgg77yS5YCL44K744OD44OIIOODleOCqeODq+OCr+OCueODr+ODvOOCsuODsyDjg5HjgrXjg7zjg4g=[rn]
15-190243,aHR0cDovL3RzaG9wLnIxMHMuanAvcGFydHMvY2FiaW5ldC9kZXRhaWwtYWExMi9hYTEyLWxlaW4tMDEtNC5qcGc/Zml0aW49NzAwOjcwMA==,OTYwLjAwMDA=,,6LuK55So5ZOB44O744OQ44Kk44Kv55So5ZOBID4g44Kr44O855So5ZOBID4g44Op44Kk44OI44O744Op44Oz44OXID4g44Or44O844Og44Op44Oz44OX,R3JhY2lhcyjjgrDjg6njgrfjgqLjgrkpIExFROOCpOODs+ODiuODvOODqeODs+ODly/jg5vjg6/jgqTjg4jjgIBHUzM1MC80MzAvNDYw44CATEVJTi0wMQ==,44CA,5rGO55So44O757SU5q2j5Lqk5o+b44K/44Kk44OX44GuTEVE44Kk44Or44Of44ON44O844K344On44Oz44Gn6LuK5YaF44KS5omL6Lu944Gr44Kw44Os44O844OJ44Ki44OD44OX77yB44Or44O844Og44Op44Oz44OX44Gn44Gv44K144Od44O844OI44Gn44GN44Gq44GE5aC05omA44KS5bCC55So44GuTEVE44Gr5aSJ5pu044GZ44KL5LqL44Gn6LuK5YaF44KS44GK5rSS6JC944Gr44CB5YCL5oCn55qE44Gr5b2p44KK44G+44GZ44CCPGJyPjxicj7pq5jlk4Hos6pMRUTjgYzlubPlh6Hjgarjg4/jg63jgrLjg7Pjgavmr5TjgbnjgabjgIHjgq/jg6rjgqLjgarjg6njgqTjg4bjgqPjg7PjgrDjgpLnnIHpm7vlipvjgIHpq5jlr7/lkb3jgaflrp/nj77jgZfjgb7jgZnjgILjg6vjg7zjg6Djg6njg7Pjg5fjgaDjgZHjgafjga/lrp/nj77jgafjgY3jgarjgYTjgIHlgIvmgKfnmoTjgafmtJfnt7TjgZXjgozjgZ/pq5jntJrmhJ/jgpLjgZTloKrog73jgY/jgaDjgZXjgYTjgII8YnI+PGJyPuODleODg+ODiOODqeODs+ODl++8mjLlgIvil4/jgrDjg63jg7zjg5bjg5zjg4Pjgq/jgrnjg6njg7Pjg5fvvJox5YCL4peP44Kz44Oz44K944O844Or44Oc44OD44Kv44K544Op44Oz44OX77yaMeWAiyA8YnI+PGJyPkdTMzUwLzQzMC80NjDjgIBHUlMxOeKZry9VWlMxOeKZrzxicj48YnI+PGJyPjxicj7jg6njg7Pjg5fjgIHjg6zjg7PjgrogfCBMRUQ8QlI+4oC744GT44Gh44KJ44Gu5ZWG5ZOB44Gv5Luj5byV44GN5LiN5Y+v44Gn44GZ,R3JhY2lhcyjjgrDjg6njgrfjgqLjgrkpIExFROOCpOODs+ODiuODvOODqeODs+ODly/jg5vjg6/jgqTjg4jjgIBHUzM1MC80MzAvNDYw44CATEVJTi0wMe+8mu+8sO+8oe+8su+8tO+8sw==,44OY44OD44OJ44Op44Kk44OI44OG44O844Or44Op44Kk44OI44Kz44O844OK44O844Op44Kk44OI44K144Kk44OJ44Oe44O844Kr44O844Kr44O844Oc44Oz44Ki44Oz44OG44OK44OJ44Ki44Of44Op44O844Ko44Ki44Ot44Oh44O844K/44O844OR44ON44Or44Oq44OD44OX44K544Od44Kk44Op44O844Km44Kk44Oz44Kw44Ob44Kk44O844Or44Kr44OQ44O844Oa44OA44Or6LuK6auY6Kq/44OW44Os44O844Kt44OJ44Op44Kk44OW44Os44Kz44O844OA44O844Ov44Kk44OR44O844Kw44Oq44Or44Oc44Oz44ON44OD44OI44Ot44O844OA44Km44OzR3JhY2lhcyjjgrDjg6njgrfjgqLjgrkpIExFROOCpOODs+ODiuODvOODqeODs+ODly/jg5vjg6/jgqTjg4jjgIBHUzM1MC80MzAvNDYw44CATEVJTi0wMQ==,44CA44CCR3JhY2lhcyjjgrDjg6njgrfjgqLjgrkpIExFROOCpOODs+ODiuODvOODqeODs+ODly/jg5vjg6/jgqTjg4jjgIBHUzM1MC80MzAvNDYw44CATEVJTi0wMQ==[rn]
15-190244,aHR0cDovL3RzaG9wLnIxMHMuanAvcGFydHMvY2FiaW5ldC9kZXRhaWwtYWEwOC9hYTA4LWxlZHNldDA2MC5qcGc/Zml0aW49NzAwOjcwMA==,MTQ4ODAuMDAwMA==,,6LuK55So5ZOB44O744OQ44Kk44Kv55So5ZOBID4g44Kr44O855So5ZOBID4g44Op44Kk44OI44O744Op44Oz44OXID4g44Or44O844Og44Op44Oz44OX,U01BUlQo44K544Oe44O844OIKSDjgJDpgIHmlpnnhKHmlpnjgJFTTUFSVCBMRURTRVQg44Op44Oz44Kv44OrMjAwIE1D5b6MKOODquOCouODouODi+OCv+ODvOS7mOOBjSkyMDE0Lzl+IExFRFNFVDA2MA==,,44Op44Oz44Kv44OrMjAwIE1D5b6M44Oq44Ki44Oi44OL44K/44O85LuY6LuK55SoIOODq+ODvOODoOODqeOCpOODiOOCu+ODg+ODiCA2NTAwazxicj48YnI+4pag44K744OD44OI5YaF5a6577yaRuODq+ODvOODoOOAgVLjg6vjg7zjg6DjgIHjg6njgrLjg4PjgrjjgIHjg5Djg4vjg4bjgqPjgIHjgqvjg7zjg4bjgrfjgIHjg6njgqTjgrvjg7Pjgrk8YnI+PGJyPuKAu+mBqeWQiOOBruips+e0sOOBq+OBpOOBjeOBvuOBl+OBpuOBr+ODoeODvOOCq+ODvOODm+ODvOODoOODmuODvOOCuOOCguOBlOeiuuiqjeOBj+OBoOOBleOBhOOAgjxicj48YnI+5a++5b+c6LuK56iu77ya44OI44Oo44K/IOODqeODs+OCr+ODqzIwMCBNQ+W+jCjjg6rjgqLjg6Ljg4vjgr/jg7zku5jjgY0pMjAxNC85772ePGJyPjxicj48YnI+PGJyPjxCUj7igLvjgZPjgaHjgonjga7llYblk4Hjga/ku6PlvJXjgY3kuI3lj6/jgafjgZk=,U01BUlQo44K544Oe44O844OIKSDjgJDpgIHmlpnnhKHmlpnjgJFTTUFSVCBMRURTRVQg44Op44Oz44Kv44OrMjAwIE1D5b6MKOODquOCouODouODi+OCv+ODvOS7mOOBjSkyMDE0Lzl+IExFRFNFVDA2MO+8mu+8sO+8oe+8su+8tO+8sw==,44OY44OD44OJ44Op44Kk44OI44OG44O844Or44Op44Kk44OI44Kz44O844OK44O844Op44Kk44OI44K144Kk44OJ44Oe44O844Kr44O844Kr44O844Oc44Oz44Ki44Oz44OG44OK44OJ44Ki44Of44Op44O844Ko44Ki44Ot44Oh44O844K/44O844OR44ON44Or44Oq44OD44OX44K544Od44Kk44Op44O844Km44Kk44Oz44Kw44Ob44Kk44O844Or44Kr44OQ44O844Oa44OA44Or6LuK6auY6Kq/44OW44Os44O844Kt44OJ44Op44Kk44OW44Os44Kz44O844OA44O844Ov44Kk44OR44O844Kw44Oq44Or44Oc44Oz44ON44OD44OI44Ot44O844OA44Km44OzU01BUlQo44K544Oe44O844OIKSDjgJDpgIHmlpnnhKHmlpnjgJFTTUFSVCBMRURTRVQg44Op44Oz44Kv44OrMjAwIE1D5b6MKOODquOCouODouODi+OCv+ODvOS7mOOBjSkyMDE0Lzl+IExFRFNFVDA2MA==,U01BUlQo44K544Oe44O844OIKSDjgJDpgIHmlpnnhKHmlpnjgJFTTUFSVCBMRURTRVQg44Op44Oz44Kv44OrMjAwIE1D5b6MKOODquOCouODouODi+OCv+ODvOS7mOOBjSkyMDE0Lzl+IExFRFNFVDA2MA==[rn]
15-190245,aHR0cDovL3RzaG9wLnIxMHMuanAvcGFydHMvY2FiaW5ldC9kZXRhaWwtYWExMi9hYTEyLWxlaW4tMDItMzEuanBnP2ZpdGluPTcwMDo3MDA=,OTYwLjAwMDA=,,6LuK55So5ZOB44O744OQ44Kk44Kv55So5ZOBID4g44Kr44O855So5ZOBID4g44Op44Kk44OI44O744Op44Oz44OXID4g44Or44O844Og44Op44Oz44OX,R3JhY2lhcyjjgrDjg6njgrfjgqLjgrkpIExFROOCpOODs+ODiuODvOODqeODs+ODly/jg5bjg6vjg7zjgIDjg6njg7Pjg4njgq/jg6vjg7zjgrbjg7zjgIBMRUlOLTAy,44CA,5rGO55So44O757SU5q2j5Lqk5o+b44K/44Kk44OX44GuTEVE44Kk44Or44Of44ON44O844K344On44Oz44Gn6LuK5YaF44KS5omL6Lu944Gr44Kw44Os44O844OJ44Ki44OD44OX77yB44Or44O844Og44Op44Oz44OX44Gn44Gv44K144Od44O844OI44Gn44GN44Gq44GE5aC05omA44KS5bCC55So44GuTEVE44Gr5aSJ5pu044GZ44KL5LqL44Gn6LuK5YaF44KS44GK5rSS6JC944Gr44CB5YCL5oCn55qE44Gr5b2p44KK44G+44GZ44CCPGJyPjxicj7pq5jlk4Hos6pMRUTjgYzlubPlh6Hjgarjg4/jg63jgrLjg7Pjgavmr5TjgbnjgabjgIHjgq/jg6rjgqLjgarjg6njgqTjg4bjgqPjg7PjgrDjgpLnnIHpm7vlipvjgIHpq5jlr7/lkb3jgaflrp/nj77jgZfjgb7jgZnjgILjg6vjg7zjg6Djg6njg7Pjg5fjgaDjgZHjgafjga/lrp/nj77jgafjgY3jgarjgYTjgIHlgIvmgKfnmoTjgafmtJfnt7TjgZXjgozjgZ/pq5jntJrmhJ/jgpLjgZTloKrog73jgY/jgaDjgZXjgYTjgII8YnI+PGJyPuODleODg+ODiOODqeODs+ODl++8mjLlgIsgPGJyPjxicj7jg6njg7Pjg4njgq/jg6vjg7zjgrbjg7zjgIBVUkoyMDI8YnI+PGJyPjxicj48YnI+44Op44Oz44OX44CB44Os44Oz44K6IHwgTEVEPEJSPuKAu+OBk+OBoeOCieOBruWVhuWTgeOBr+S7o+W8leOBjeS4jeWPr+OBp+OBmQ==,R3JhY2lhcyjjgrDjg6njgrfjgqLjgrkpIExFROOCpOODs+ODiuODvOODqeODs+ODly/jg5bjg6vjg7zjgIDjg6njg7Pjg4njgq/jg6vjg7zjgrbjg7zjgIBMRUlOLTAy77ya77yw77yh77yy77y077yz,44OY44OD44OJ44Op44Kk44OI44OG44O844Or44Op44Kk44OI44Kz44O844OK44O844Op44Kk44OI44K144Kk44OJ44Oe44O844Kr44O844Kr44O844Oc44Oz44Ki44Oz44OG44OK44OJ44Ki44Of44Op44O844Ko44Ki44Ot44Oh44O844K/44O844OR44ON44Or44Oq44OD44OX44K544Od44Kk44Op44O844Km44Kk44Oz44Kw44Ob44Kk44O844Or44Kr44OQ44O844Oa44OA44Or6LuK6auY6Kq/44OW44Os44O844Kt44OJ44Op44Kk44OW44Os44Kz44O844OA44O844Ov44Kk44OR44O844Kw44Oq44Or44Oc44Oz44ON44OD44OI44Ot44O844OA44Km44OzR3JhY2lhcyjjgrDjg6njgrfjgqLjgrkpIExFROOCpOODs+ODiuODvOODqeODs+ODly/jg5bjg6vjg7zjgIDjg6njg7Pjg4njgq/jg6vjg7zjgrbjg7zjgIBMRUlOLTAy,44CA44CCR3JhY2lhcyjjgrDjg6njgrfjgqLjgrkpIExFROOCpOODs+ODiuODvOODqeODs+ODly/jg5bjg6vjg7zjgIDjg6njg7Pjg4njgq/jg6vjg7zjgrbjg7zjgIBMRUlOLTAy[rn]
15-190246,aHR0cDovL3RzaG9wLnIxMHMuanAvcGFydHMvY2FiaW5ldC9kZXRhaWwtYWExMi9hYTEyLWxlaW4tMDEtMTkuanBnP2ZpdGluPTcwMDo3MDA=,OTYwLjAwMDA=,,6LuK55So5ZOB44O744OQ44Kk44Kv55So5ZOBID4g44Kr44O855So5ZOBID4g44Op44Kk44OI44O744Op44Oz44OXID4g44Or44O844Og44Op44Oz44OX,R3JhY2lhcyjjgrDjg6njgrfjgqLjgrkpIExFROOCpOODs+ODiuODvOODqeODs+ODly/jg5vjg6/jgqTjg4jjgIDjgq/jg6njgqbjg7Pjg57jgrjjgqfjgrnjgr/jgIBMRUlOLTAx,44CA,5rGO55So44O757SU5q2j5Lqk5o+b44K/44Kk44OX44GuTEVE44Kk44Or44Of44ON44O844K344On44Oz44Gn6LuK5YaF44KS5omL6Lu944Gr44Kw44Os44O844OJ44Ki44OD44OX77yB44Or44O844Og44Op44Oz44OX44Gn44Gv44K144Od44O844OI44Gn44GN44Gq44GE5aC05omA44KS5bCC55So44GuTEVE44Gr5aSJ5pu044GZ44KL5LqL44Gn6LuK5YaF44KS44GK5rSS6JC944Gr44CB5YCL5oCn55qE44Gr5b2p44KK44G+44GZ44CCPGJyPjxicj7pq5jlk4Hos6pMRUTjgYzlubPlh6Hjgarjg4/jg63jgrLjg7Pjgavmr5TjgbnjgabjgIHjgq/jg6rjgqLjgarjg6njgqTjg4bjgqPjg7PjgrDjgpLnnIHpm7vlipvjgIHpq5jlr7/lkb3jgaflrp/nj77jgZfjgb7jgZnjgILjg6vjg7zjg6Djg6njg7Pjg5fjgaDjgZHjgafjga/lrp/nj77jgafjgY3jgarjgYTjgIHlgIvmgKfnmoTjgafmtJfnt7TjgZXjgozjgZ/pq5jntJrmhJ/jgpLjgZTloKrog73jgY/jgaDjgZXjgYTjgII8YnI+PGJyPuODleODg+ODiOODqeODs+ODl++8mjLlgIvil4/jgrDjg63jg7zjg5bjg5zjg4Pjgq/jgrnjg6njg7Pjg5fvvJox5YCLIDxicj48YnI+44Kv44Op44Km44Oz44Oe44K444Kn44K544K/44CAVVJTMjA2L1VaUzIwNzxicj48YnI+PGJyPjxicj7jg6njg7Pjg5fjgIHjg6zjg7PjgrogfCBMRUQ8QlI+4oC744GT44Gh44KJ44Gu5ZWG5ZOB44Gv5Luj5byV44GN5LiN5Y+v44Gn44GZ,R3JhY2lhcyjjgrDjg6njgrfjgqLjgrkpIExFROOCpOODs+ODiuODvOODqeODs+ODly/jg5vjg6/jgqTjg4jjgIDjgq/jg6njgqbjg7Pjg57jgrjjgqfjgrnjgr/jgIBMRUlOLTAx77ya77yw77yh77yy77y077yz,44OY44OD44OJ44Op44Kk44OI44OG44O844Or44Op44Kk44OI44Kz44O844OK44O844Op44Kk44OI44K144Kk44OJ44Oe44O844Kr44O844Kr44O844Oc44Oz44Ki44Oz44OG44OK44OJ44Ki44Of44Op44O844Ko44Ki44Ot44Oh44O844K/44O844OR44ON44Or44Oq44OD44OX44K544Od44Kk44Op44O844Km44Kk44Oz44Kw44Ob44Kk44O844Or44Kr44OQ44O844Oa44OA44Or6LuK6auY6Kq/44OW44Os44O844Kt44OJ44Op44Kk44OW44Os44Kz44O844OA44O844Ov44Kk44OR44O844Kw44Oq44Or44Oc44Oz44ON44OD44OI44Ot44O844OA44Km44OzR3JhY2lhcyjjgrDjg6njgrfjgqLjgrkpIExFROOCpOODs+ODiuODvOODqeODs+ODly/jg5vjg6/jgqTjg4jjgIDjgq/jg6njgqbjg7Pjg57jgrjjgqfjgrnjgr/jgIBMRUlOLTAx,44CA44CCR3JhY2lhcyjjgrDjg6njgrfjgqLjgrkpIExFROOCpOODs+ODiuODvOODqeODs+ODly/jg5vjg6/jgqTjg4jjgIDjgq/jg6njgqbjg7Pjg57jgrjjgqfjgrnjgr/jgIBMRUlOLTAx[rn]
15-190247,aHR0cDovL3RzaG9wLnIxMHMuanAvcGFydHMvY2FiaW5ldC9kZXRhaWwtYWExMi9hYTEyLWxlaW4tMDItMjUuanBnP2ZpdGluPTcwMDo3MDA=,OTYwLjAwMDA=,,6LuK55So5ZOB44O744OQ44Kk44Kv55So5ZOBID4g44Kr44O855So5ZOBID4g44Op44Kk44OI44O744Op44Oz44OXID4g44Or44O844Og44Op44Oz44OX,R3JhY2lhcyjjgrDjg6njgrfjgqLjgrkpIExFROOCpOODs+ODiuODvOODqeODs+ODly/jg5bjg6vjg7zjgIDjg5fjg6zjg5/jgqrjgIBMRUlOLTAy,44CA,5rGO55So44O757SU5q2j5Lqk5o+b44K/44Kk44OX44GuTEVE44Kk44Or44Of44ON44O844K344On44Oz44Gn6LuK5YaF44KS5omL6Lu944Gr44Kw44Os44O844OJ44Ki44OD44OX77yB44Or44O844Og44Op44Oz44OX44Gn44Gv44K144Od44O844OI44Gn44GN44Gq44GE5aC05omA44KS5bCC55So44GuTEVE44Gr5aSJ5pu044GZ44KL5LqL44Gn6LuK5YaF44KS44GK5rSS6JC944Gr44CB5YCL5oCn55qE44Gr5b2p44KK44G+44GZ44CCPGJyPjxicj7pq5jlk4Hos6pMRUTjgYzlubPlh6Hjgarjg4/jg63jgrLjg7Pjgavmr5TjgbnjgabjgIHjgq/jg6rjgqLjgarjg6njgqTjg4bjgqPjg7PjgrDjgpLnnIHpm7vlipvjgIHpq5jlr7/lkb3jgaflrp/nj77jgZfjgb7jgZnjgILjg6vjg7zjg6Djg6njg7Pjg5fjgaDjgZHjgafjga/lrp/nj77jgafjgY3jgarjgYTjgIHlgIvmgKfnmoTjgafmtJfnt7TjgZXjgozjgZ/pq5jntJrmhJ/jgpLjgZTloKrog73jgY/jgaDjgZXjgYTjgII8YnI+PGJyPuOCs+ODs+OCveODvOODq+ODnOODg+OCr+OCueODqeODs+ODl++8mjHlgIsgPGJyPjxicj7jg5fjg6zjg5/jgqrjgIBOWlQyNjAvWlJUMjbima88YnI+PGJyPjxicj48YnI+44Op44Oz44OX44CB44Os44Oz44K6IHwgTEVEPEJSPuKAu+OBk+OBoeOCieOBruWVhuWTgeOBr+S7o+W8leOBjeS4jeWPr+OBp+OBmQ==,R3JhY2lhcyjjgrDjg6njgrfjgqLjgrkpIExFROOCpOODs+ODiuODvOODqeODs+ODly/jg5bjg6vjg7zjgIDjg5fjg6zjg5/jgqrjgIBMRUlOLTAy77ya77yw77yh77yy77y077yz,44OY44OD44OJ44Op44Kk44OI44OG44O844Or44Op44Kk44OI44Kz44O844OK44O844Op44Kk44OI44K144Kk44OJ44Oe44O844Kr44O844Kr44O844Oc44Oz44Ki44Oz44OG44OK44OJ44Ki44Of44Op44O844Ko44Ki44Ot44Oh44O844K/44O844OR44ON44Or44Oq44OD44OX44K544Od44Kk44Op44O844Km44Kk44Oz44Kw44Ob44Kk44O844Or44Kr44OQ44O844Oa44OA44Or6LuK6auY6Kq/44OW44Os44O844Kt44OJ44Op44Kk44OW44Os44Kz44O844OA44O844Ov44Kk44OR44O844Kw44Oq44Or44Oc44Oz44ON44OD44OI44Ot44O844OA44Km44OzR3JhY2lhcyjjgrDjg6njgrfjgqLjgrkpIExFROOCpOODs+ODiuODvOODqeODs+ODly/jg5bjg6vjg7zjgIDjg5fjg6zjg5/jgqrjgIBMRUlOLTAy,44CA44CCR3JhY2lhcyjjgrDjg6njgrfjgqLjgrkpIExFROOCpOODs+ODiuODvOODqeODs+ODly/jg5bjg6vjg7zjgIDjg5fjg6zjg5/jgqrjgIBMRUlOLTAy[rn]
15-190248,aHR0cDovL3RzaG9wLnIxMHMuanAvcGFydHMvY2FiaW5ldC9kZXRhaWwtYWExMi9hYTEyLWxlaW4tMDEtNS5qcGc/Zml0aW49NzAwOjcwMA==,OTYwLjAwMDA=,,6LuK55So5ZOB44O744OQ44Kk44Kv55So5ZOBID4g44Kr44O855So5ZOBID4g44Op44Kk44OI44O744Op44Oz44OXID4g44Or44O844Og44Op44Oz44OX,R3JhY2lhcyjjgrDjg6njgrfjgqLjgrkpIExFROOCpOODs+ODiuODvOODqeODs+ODly/jg5vjg6/jgqTjg4jjgIBHUzQ1MGjjgIBMRUlOLTAx,44CA,5rGO55So44O757SU5q2j5Lqk5o+b44K/44Kk44OX44GuTEVE44Kk44Or44Of44ON44O844K344On44Oz44Gn6LuK5YaF44KS5omL6Lu944Gr44Kw44Os44O844OJ44Ki44OD44OX77yB44Or44O844Og44Op44Oz44OX44Gn44Gv44K144Od44O844OI44Gn44GN44Gq44GE5aC05omA44KS5bCC55So44GuTEVE44Gr5aSJ5pu044GZ44KL5LqL44Gn6LuK5YaF44KS44GK5rSS6JC944Gr44CB5YCL5oCn55qE44Gr5b2p44KK44G+44GZ44CCPGJyPjxicj7pq5jlk4Hos6pMRUTjgYzlubPlh6Hjgarjg4/jg63jgrLjg7Pjgavmr5TjgbnjgabjgIHjgq/jg6rjgqLjgarjg6njgqTjg4bjgqPjg7PjgrDjgpLnnIHpm7vlipvjgIHpq5jlr7/lkb3jgaflrp/nj77jgZfjgb7jgZnjgILjg6vjg7zjg6Djg6njg7Pjg5fjgaDjgZHjgafjga/lrp/nj77jgafjgY3jgarjgYTjgIHlgIvmgKfnmoTjgafmtJfnt7TjgZXjgozjgZ/pq5jntJrmhJ/jgpLjgZTloKrog73jgY/jgaDjgZXjgYTjgII8YnI+PGJyPuODleODg+ODiOODqeODs+ODl++8mjLlgIvil4/jgrDjg63jg7zjg5bjg5zjg4Pjgq/jgrnjg6njg7Pjg5fvvJox5YCL4peP44Kz44Oz44K944O844Or44Oc44OD44Kv44K544Op44Oz44OX77yaMeWAiyA8YnI+PGJyPkdTNDUwaOOAgEdXUzE5MTxicj48YnI+PGJyPjxicj7jg6njg7Pjg5fjgIHjg6zjg7PjgrogfCBMRUQ8QlI+4oC744GT44Gh44KJ44Gu5ZWG5ZOB44Gv5Luj5byV44GN5LiN5Y+v44Gn44GZ,R3JhY2lhcyjjgrDjg6njgrfjgqLjgrkpIExFROOCpOODs+ODiuODvOODqeODs+ODly/jg5vjg6/jgqTjg4jjgIBHUzQ1MGjjgIBMRUlOLTAx77ya77yw77yh77yy77y077yz,44OY44OD44OJ44Op44Kk44OI44OG44O844Or44Op44Kk44OI44Kz44O844OK44O844Op44Kk44OI44K144Kk44OJ44Oe44O844Kr44O844Kr44O844Oc44Oz44Ki44Oz44OG44OK44OJ44Ki44Of44Op44O844Ko44Ki44Ot44Oh44O844K/44O844OR44ON44Or44Oq44OD44OX44K544Od44Kk44Op44O844Km44Kk44Oz44Kw44Ob44Kk44O844Or44Kr44OQ44O844Oa44OA44Or6LuK6auY6Kq/44OW44Os44O844Kt44OJ44Op44Kk44OW44Os44Kz44O844OA44O844Ov44Kk44OR44O844Kw44Oq44Or44Oc44Oz44ON44OD44OI44Ot44O844OA44Km44OzR3JhY2lhcyjjgrDjg6njgrfjgqLjgrkpIExFROOCpOODs+ODiuODvOODqeODs+ODly/jg5vjg6/jgqTjg4jjgIBHUzQ1MGjjgIBMRUlOLTAx,44CA44CCR3JhY2lhcyjjgrDjg6njgrfjgqLjgrkpIExFROOCpOODs+ODiuODvOODqeODs+ODly/jg5vjg6/jgqTjg4jjgIBHUzQ1MGjjgIBMRUlOLTAx[rn]
15-190249,aHR0cDovL3RzaG9wLnIxMHMuanAvcGFydHMvY2FiaW5ldC9kZXRhaWwtZS9lcDQ4MTF3LmpwZz9maXRpbj03MDA6NzAw,MjExNi44MDAw,,6LuK55So5ZOB44O744OQ44Kk44Kv55So5ZOBID4g44Kr44O855So5ZOBID4g44Op44Kk44OI44O744Op44Oz44OXID4g44Or44O844Og44Op44Oz44OX,RXVyb1BlcmZvcm1hbmNlKOODpuODvOODreODkeODleOCqeODvOODnuODs+OCuSkgTEVEIOOCq+ODvOODhuOCt+ODvOODqeODs+ODlyDvvJLlgIvjgrvjg4Pjg4gg44OX44K444On44O8IDMwNg==,TEVEIOOCq+ODvOODhuOCt+ODvOODqeODs+ODlyDjg5fjgrjjg6fjg7wgMzA244CA,,RXVyb1BlcmZvcm1hbmNlKOODpuODvOODreODkeODleOCqeODvOODnuODs+OCuSkgTEVEIOOCq+ODvOODhuOCt+ODvOODqeODs+ODlyDvvJLlgIvjgrvjg4Pjg4gg44OX44K444On44O8IDMwNu+8mu+8sO+8oe+8su+8tO+8sw==,44OY44OD44OJ44Op44Kk44OI44OG44O844Or44Op44Kk44OI44Kz44O844OK44O844Op44Kk44OI44K144Kk44OJ44Oe44O844Kr44O844Kr44O844Oc44Oz44Ki44Oz44OG44OK44OJ44Ki44Of44Op44O844Ko44Ki44Ot44Oh44O844K/44O844OR44ON44Or44Oq44OD44OX44K544Od44Kk44Op44O844Km44Kk44Oz44Kw44Ob44Kk44O844Or44Kr44OQ44O844Oa44OA44Or6LuK6auY6Kq/44OW44Os44O844Kt44OJ44Op44Kk44OW44Os44Kz44O844OA44O844Ov44Kk44OR44O844Kw44Oq44Or44Oc44Oz44ON44OD44OI44Ot44O844OA44Km44OzRXVyb1BlcmZvcm1hbmNlKOODpuODvOODreODkeODleOCqeODvOODnuODs+OCuSkgTEVEIOOCq+ODvOODhuOCt+ODvOODqeODs+ODlyDvvJLlgIvjgrvjg4Pjg4gg44OX44K444On44O8IDMwNg==,TEVEIOOCq+ODvOODhuOCt+ODvOODqeODs+ODlyDjg5fjgrjjg6fjg7wgMzA244CA44CCRXVyb1BlcmZvcm1hbmNlKOODpuODvOODreODkeODleOCqeODvOODnuODs+OCuSkgTEVEIOOCq+ODvOODhuOCt+ODvOODqeODs+ODlyDvvJLlgIvjgrvjg4Pjg4gg44OX44K444On44O8IDMwNg==[rn]
15-190250,aHR0cDovL3RzaG9wLnIxMHMuanAvcGFydHMvY2FiaW5ldC9kZXRhaWwtZS9lbHo1bGVsLXQxbC5qcGc/Zml0aW49NzAwOjcwMA==,NjA4MC4wMDAw,,6LuK55So5ZOB44O744OQ44Kk44Kv55So5ZOBID4g44Kr44O855So5ZOBID4g44Op44Kk44OI44O744Op44Oz44OXID4g44Or44O844Og44Op44Oz44OX,RXVyb1BlcmZvcm1hbmNlTEVE44Kr44O844OG44K344O844Op44Kk44OIIEFOSC9HR0gyMOezuyDjg7Tjgqfjg6vjg5XjgqHjgqTjgqI=,4piF44Om44OL44OD44OI5Lqk5o+b44K/44Kk44OX44Gg44GL44KJ5Y+W44KK5LuY44GR57Ch5Y2Y4piF44CA,44OJ44Ki6ZaL5pS+5pmC44Gr6Laz5YWD44KS5piO44KL44GP54Wn44KJ44GZ44Kr44O844OG44K344O844Op44Kk44OI44Go5b6M5pa544G46LWk6ImyTEVE44Gu54K55ruF44Gn5rOo5oSP44KS5L+D44GZMuOBpOOBruapn+iDveOCkuaMgeOBoeWQiOOCj+OBm+OBn+OCq+ODvOODhuOCt+ODvOODqeOCpOODiOODpuODi+ODg+ODiOOAgue0lOato+OBruODqeODs+ODl+ODpuODi+ODg+ODiOOCkuWPluOCiuWkluOBl+OAgeWVhuWTgeOBqOS6pOaPm+OBmeOCi+OBoOOBkeOBqOOAgeS9nOalreOCguOBqOOBpuOCguewoeWNmOOAgjxicj48YnI+PGJyPjxicj7otaToibLpg6jliIbjga8xMuWAi+OAgeeZveiJsumDqOWIhuOBrzblgIvjga5MRUTjgpLlhoXoh5PjgILotaToibLpg6jliIbjga/plpPmjqXnhafmmI7jgavjgarjgaPjgabjgYrjgorjgIHkuZfjgorpmY3jgorjga7pmpvjgavjga/msJfjgavjgarjgonjgarjgYTjgojjgYbjgavphY3mha7jgZXjgozjgabjgb7jgZnjgII8YnI+PGJyPjxicj48YnI+4pePMuWAi+OCu+ODg+ODiCDil4/otaToibLjg5Xjg6njg4Pjgrfjg6Pjg7zlhoXoh5M8YnI+PGJyPjxicj48YnI+5a++5b+c6LuK56iu77yaMjDns7vjg7Tjgqfjg6vjg5XjgqHjgqTjgqIvMjDns7vjgqLjg6vjg5XjgqHjg7zjg4kvNTDns7vjgqjjgrnjg4bjgqPjg54vMzDns7vjg5fjg6rjgqbjgrkvMjDns7vjg5fjg6rjgqbjgrkvU0FJLzEzMOezu+ODnuODvOOCr1gvMTDns7vjg57jg7zjgq9Y44K444KqLzMw57O744OP44Oq44Ki44O8LzEw57O744Ki44Kk44K344K5LzIw57O744Km44Kk44OD44K344OlLzQw57O744Kr44Og44OqLzIwMOezu+ODqeODs+OCr+ODqy8yMDDns7vjgq/jg6njgqbjg7Pjg7vjg57jgrjjgqfjgrnjgr8vMTgw57O744Kv44Op44Km44Oz44O744Oe44K444Kn44K544K/L+ODrOOCr+OCteOCuUlT44O7Uljjg7tMUzxicj48YnI+PGJyPjxicj7ou4rmpJzlr77lv5zlk4E=,RXVyb1BlcmZvcm1hbmNlTEVE44Kr44O844OG44K344O844Op44Kk44OIIEFOSC9HR0gyMOezuyDjg7Tjgqfjg6vjg5XjgqHjgqTjgqLvvJrvvLDvvKHvvLLvvLTvvLM=,44OY44OD44OJ44Op44Kk44OI44OG44O844Or44Op44Kk44OI44Kz44O844OK44O844Op44Kk44OI44K144Kk44OJ44Oe44O844Kr44O844Kr44O844Oc44Oz44Ki44Oz44OG44OK44OJ44Ki44Of44Op44O844Ko44Ki44Ot44Oh44O844K/44O844OR44ON44Or44Oq44OD44OX44K544Od44Kk44Op44O844Km44Kk44Oz44Kw44Ob44Kk44O844Or44Kr44OQ44O844Oa44OA44Or6LuK6auY6Kq/44OW44Os44O844Kt44OJ44Op44Kk44OW44Os44Kz44O844OA44O844Ov44Kk44OR44O844Kw44Oq44Or44Oc44Oz44ON44OD44OI44Ot44O844OA44Km44OzRXVyb1BlcmZvcm1hbmNlTEVE44Kr44O844OG44K344O844Op44Kk44OIIEFOSC9HR0gyMOezuyDjg7Tjgqfjg6vjg5XjgqHjgqTjgqI=,4piF44Om44OL44OD44OI5Lqk5o+b44K/44Kk44OX44Gg44GL44KJ5Y+W44KK5LuY44GR57Ch5Y2Y4piF44CA44CCRXVyb1BlcmZvcm1hbmNlTEVE44Kr44O844OG44K344O844Op44Kk44OIIEFOSC9HR0gyMOezuyDjg7Tjgqfjg6vjg5XjgqHjgqTjgqI=[rn]
15-190251,aHR0cDovL3RzaG9wLnIxMHMuanAvcGFydHMvY2FiaW5ldC9kZXRhaWwtYWExMi9hYTEyLWxlaW4tMDEtOS5qcGc/Zml0aW49NzAwOjcwMA==,OTYwLjAwMDA=,,6LuK55So5ZOB44O744OQ44Kk44Kv55So5ZOBID4g44Kr44O855So5ZOBID4g44Op44Kk44OI44O744Op44Oz44OXID4g44Or44O844Og44Op44Oz44OX,R3JhY2lhcyjjgrDjg6njgrfjgqLjgrkpIExFROOCpOODs+ODiuODvOODqeODs+ODly/jg5vjg6/jgqTjg4jjgIBJUy1G44CATEVJTi0wMQ==,44CA,5rGO55So44O757SU5q2j5Lqk5o+b44K/44Kk44OX44GuTEVE44Kk44Or44Of44ON44O844K344On44Oz44Gn6LuK5YaF44KS5omL6Lu944Gr44Kw44Os44O844OJ44Ki44OD44OX77yB44Or44O844Og44Op44Oz44OX44Gn44Gv44K144Od44O844OI44Gn44GN44Gq44GE5aC05omA44KS5bCC55So44GuTEVE44Gr5aSJ5pu044GZ44KL5LqL44Gn6LuK5YaF44KS44GK5rSS6JC944Gr44CB5YCL5oCn55qE44Gr5b2p44KK44G+44GZ44CCPGJyPjxicj7pq5jlk4Hos6pMRUTjgYzlubPlh6Hjgarjg4/jg63jgrLjg7Pjgavmr5TjgbnjgabjgIHjgq/jg6rjgqLjgarjg6njgqTjg4bjgqPjg7PjgrDjgpLnnIHpm7vlipvjgIHpq5jlr7/lkb3jgaflrp/nj77jgZfjgb7jgZnjgILjg6vjg7zjg6Djg6njg7Pjg5fjgaDjgZHjgafjga/lrp/nj77jgafjgY3jgarjgYTjgIHlgIvmgKfnmoTjgafmtJfnt7TjgZXjgozjgZ/pq5jntJrmhJ/jgpLjgZTloKrog73jgY/jgaDjgZXjgYTjgII8YnI+PGJyPuODleODg+ODiOODqeODs+ODl++8mjLlgIvil4/jgrDjg63jg7zjg5bjg5zjg4Pjgq/jgrnjg6njg7Pjg5fvvJox5YCL4peP44Kz44Oz44K944O844Or44Oc44OD44Kv44K544Op44Oz44OX77yaMeWAiyA8YnI+PGJyPklTLUbjgIBVU0UyMDxicj48YnI+PGJyPjxicj7jg6njg7Pjg5fjgIHjg6zjg7PjgrogfCBMRUQ8QlI+4oC744GT44Gh44KJ44Gu5ZWG5ZOB44Gv5Luj5byV44GN5LiN5Y+v44Gn44GZ,R3JhY2lhcyjjgrDjg6njgrfjgqLjgrkpIExFROOCpOODs+ODiuODvOODqeODs+ODly/jg5vjg6/jgqTjg4jjgIBJUy1G44CATEVJTi0wMe+8mu+8sO+8oe+8su+8tO+8sw==,44OY44OD44OJ44Op44Kk44OI44OG44O844Or44Op44Kk44OI44Kz44O844OK44O844Op44Kk44OI44K144Kk44OJ44Oe44O844Kr44O844Kr44O844Oc44Oz44Ki44Oz44OG44OK44OJ44Ki44Of44Op44O844Ko44Ki44Ot44Oh44O844K/44O844OR44ON44Or44Oq44OD44OX44K544Od44Kk44Op44O844Km44Kk44Oz44Kw44Ob44Kk44O844Or44Kr44OQ44O844Oa44OA44Or6LuK6auY6Kq/44OW44Os44O844Kt44OJ44Op44Kk44OW44Os44Kz44O844OA44O844Ov44Kk44OR44O844Kw44Oq44Or44Oc44Oz44ON44OD44OI44Ot44O844OA44Km44OzR3JhY2lhcyjjgrDjg6njgrfjgqLjgrkpIExFROOCpOODs+ODiuODvOODqeODs+ODly/jg5vjg6/jgqTjg4jjgIBJUy1G44CATEVJTi0wMQ==,44CA44CCR3JhY2lhcyjjgrDjg6njgrfjgqLjgrkpIExFROOCpOODs+ODiuODvOODqeODs+ODly/jg5vjg6/jgqTjg4jjgIBJUy1G44CATEVJTi0wMQ==[rn]
15-190252,aHR0cDovL3RzaG9wLnIxMHMuanAvcGFydHMvY2FiaW5ldC9kZXRhaWwtZS9lcDQ0NjJ3LmpwZz9maXRpbj03MDA6NzAw,NjAxOS4yMDAw,,6LuK55So5ZOB44O744OQ44Kk44Kv55So5ZOBID4g44Kr44O855So5ZOBID4g44Op44Kk44OI44O744Op44Oz44OXID4g44Or44O844Og44Op44Oz44OX,RXVyb1BlcmZvcm1hbmNlKOODpuODvOODreODkeODleOCqeODvOODnuODs+OCuSkgTEVEIOOCq+ODvOODhuOCt+ODvOODqeODs+ODlyDvvJLlgIvjgrvjg4Pjg4gg44Oh44Or44K744OH44K5IOODmeODs+ODhCBHTOOCr+ODqeOCuSBYMTY0,TEVEIOOCq+ODvOODhuOCt+ODvOODqeODs+ODlyDjg6Hjg6vjgrvjg4fjgrkg44OZ44Oz44OEIEdM44Kv44Op44K5IFgxNjTjgIA=,,RXVyb1BlcmZvcm1hbmNlKOODpuODvOODreODkeODleOCqeODvOODnuODs+OCuSkgTEVEIOOCq+ODvOODhuOCt+ODvOODqeODs+ODlyDvvJLlgIvjgrvjg4Pjg4gg44Oh44Or44K744OH44K5IOODmeODs+ODhCBHTOOCr+ODqeOCuSBYMTY077ya77yw77yh77yy77y077yz,44OY44OD44OJ44Op44Kk44OI44OG44O844Or44Op44Kk44OI44Kz44O844OK44O844Op44Kk44OI44K144Kk44OJ44Oe44O844Kr44O844Kr44O844Oc44Oz44Ki44Oz44OG44OK44OJ44Ki44Of44Op44O844Ko44Ki44Ot44Oh44O844K/44O844OR44ON44Or44Oq44OD44OX44K544Od44Kk44Op44O844Km44Kk44Oz44Kw44Ob44Kk44O844Or44Kr44OQ44O844Oa44OA44Or6LuK6auY6Kq/44OW44Os44O844Kt44OJ44Op44Kk44OW44Os44Kz44O844OA44O844Ov44Kk44OR44O844Kw44Oq44Or44Oc44Oz44ON44OD44OI44Ot44O844OA44Km44OzRXVyb1BlcmZvcm1hbmNlKOODpuODvOODreODkeODleOCqeODvOODnuODs+OCuSkgTEVEIOOCq+ODvOODhuOCt+ODvOODqeODs+ODlyDvvJLlgIvjgrvjg4Pjg4gg44Oh44Or44K744OH44K5IOODmeODs+ODhCBHTOOCr+ODqeOCuSBYMTY0,TEVEIOOCq+ODvOODhuOCt+ODvOODqeODs+ODlyDjg6Hjg6vjgrvjg4fjgrkg44OZ44Oz44OEIEdM44Kv44Op44K5IFgxNjTjgIDjgIJFdXJvUGVyZm9ybWFuY2Uo44Om44O844Ot44OR44OV44Kp44O844Oe44Oz44K5KSBMRUQg44Kr44O844OG44K344O844Op44Oz44OXIO+8kuWAi+OCu+ODg+ODiCDjg6Hjg6vjgrvjg4fjgrkg44OZ44Oz44OEIEdM44Kv44Op44K5IFgxNjQ=[rn]
15-190253,aHR0cDovL3RzaG9wLnIxMHMuanAvcGFydHMvY2FiaW5ldC9kZXRhaWwtZS9lcDQ2OTl3LmpwZz9maXRpbj03MDA6NzAw,NDI5Ni4wMDAw,,6LuK55So5ZOB44O744OQ44Kk44Kv55So5ZOBID4g44Kr44O855So5ZOBID4g44Op44Kk44OI44O744Op44Oz44OXID4g44Or44O844Og44Op44Oz44OX,RXVyb1BlcmZvcm1hbmNlIExFRCDjg5Xjg63jg7Pjg4gg44Or44O844Og44Op44Kk44OIIOODpuODi+ODg+ODiCAo44Ob44Ov44Kk44OI77yJ44CAMjAxMe+9nuOAgOODleOCqeODq+OCr+OCueODr+ODvOOCsuODs+OAgOOCtOODq+ODleODiOOCpeODvOODqeODsw==,44CA,,RXVyb1BlcmZvcm1hbmNlIExFRCDjg5Xjg63jg7Pjg4gg44Or44O844Og44Op44Kk44OIIOODpuODi+ODg+ODiCAo44Ob44Ov44Kk44OI77yJ44CAMjAxMe+9nuOAgOODleOCqeODq+OCr+OCueODr+ODvOOCsuODs+OAgOOCtOODq+ODleODiOOCpeODvOODqeODs++8mu+8sO+8oe+8su+8tO+8sw==,44OY44OD44OJ44Op44Kk44OI44OG44O844Or44Op44Kk44OI44Kz44O844OK44O844Op44Kk44OI44K144Kk44OJ44Oe44O844Kr44O844Kr44O844Oc44Oz44Ki44Oz44OG44OK44OJ44Ki44Of44Op44O844Ko44Ki44Ot44Oh44O844K/44O844OR44ON44Or44Oq44OD44OX44K544Od44Kk44Op44O844Km44Kk44Oz44Kw44Ob44Kk44O844Or44Kr44OQ44O844Oa44OA44Or6LuK6auY6Kq/44OW44Os44O844Kt44OJ44Op44Kk44OW44Os44Kz44O844OA44O844Ov44Kk44OR44O844Kw44Oq44Or44Oc44Oz44ON44OD44OI44Ot44O844OA44Km44OzRXVyb1BlcmZvcm1hbmNlIExFRCDjg5Xjg63jg7Pjg4gg44Or44O844Og44Op44Kk44OIIOODpuODi+ODg+ODiCAo44Ob44Ov44Kk44OI77yJ44CAMjAxMe+9nuOAgOODleOCqeODq+OCr+OCueODr+ODvOOCsuODs+OAgOOCtOODq+ODleODiOOCpeODvOODqeODsw==,44CA44CCRXVyb1BlcmZvcm1hbmNlIExFRCDjg5Xjg63jg7Pjg4gg44Or44O844Og44Op44Kk44OIIOODpuODi+ODg+ODiCAo44Ob44Ov44Kk44OI77yJ44CAMjAxMe+9nuOAgOODleOCqeODq+OCr+OCueODr+ODvOOCsuODs+OAgOOCtOODq+ODleODiOOCpeODvOODqeODsw==[rn]
15-190254,aHR0cDovL3RzaG9wLnIxMHMuanAvcGFydHMvY2FiaW5ldC9kZXRhaWwtcC9wdnhkbC02NTM1LmpwZz9maXRpbj03MDA6NzAw,MzU3LjYwMDA=,,6LuK55So5ZOB44O744OQ44Kk44Kv55So5ZOBID4g44Kr44O855So5ZOBID4g44Op44Kk44OI44O744Op44Oz44OXID4g44Or44O844Og44Op44Oz44OX,RXVyb3BhcnRzKOODpuODvOODreODkeODvOODhCkgTEVEIOODieODvOODoOODqeOCpOODiCA2NVgzNSAyNExFRA==,44Ki44Km44OI44Os44OD44OI77yB44CA,,RXVyb3BhcnRzKOODpuODvOODreODkeODvOODhCkgTEVEIOODieODvOODoOODqeOCpOODiCA2NVgzNSAyNExFRO+8mu+8sO+8oe+8su+8tO+8sw==,44OY44OD44OJ44Op44Kk44OI44OG44O844Or44Op44Kk44OI44Kz44O844OK44O844Op44Kk44OI44K144Kk44OJ44Oe44O844Kr44O844Kr44O844Oc44Oz44Ki44Oz44OG44OK44OJ44Ki44Of44Op44O844Ko44Ki44Ot44Oh44O844K/44O844OR44ON44Or44Oq44OD44OX44K544Od44Kk44Op44O844Km44Kk44Oz44Kw44Ob44Kk44O844Or44Kr44OQ44O844Oa44OA44Or6LuK6auY6Kq/44OW44Os44O844Kt44OJ44Op44Kk44OW44Os44Kz44O844OA44O844Ov44Kk44OR44O844Kw44Oq44Or44Oc44Oz44ON44OD44OI44Ot44O844OA44Km44OzRXVyb3BhcnRzKOODpuODvOODreODkeODvOODhCkgTEVEIOODieODvOODoOODqeOCpOODiCA2NVgzNSAyNExFRA==,44Ki44Km44OI44Os44OD44OI77yB44CA44CCRXVyb3BhcnRzKOODpuODvOODreODkeODvOODhCkgTEVEIOODieODvOODoOODqeOCpOODiCA2NVgzNSAyNExFRA==[rn]
15-190255,aHR0cDovL3RzaG9wLnIxMHMuanAvcGFydHMvY2FiaW5ldC9kZXRhaWwtZS9lcDUyMDd3LmpwZz9maXRpbj03MDA6NzAw,Mzc1Ni4wMDAw,,6LuK55So5ZOB44O744OQ44Kk44Kv55So5ZOBID4g44Kr44O855So5ZOBID4g44Op44Kk44OI44O744Op44Oz44OXID4g44Or44O844Og44Op44Oz44OX,RXVyb1BlcmZvcm1hbmNlIExFRCDjg6rjgqIg44Or44O844Og44Op44Kk44OIIOODpuODi+ODg+ODiCAo44Ob44Ov44Kk44OI77yJ44CAMjAwNO+9njIwMDjjgIDjg5Xjgqnjg6vjgq/jgrnjg6/jg7zjgrLjg7PjgIDjgrTjg6vjg5U1,44CA,,RXVyb1BlcmZvcm1hbmNlIExFRCDjg6rjgqIg44Or44O844Og44Op44Kk44OIIOODpuODi+ODg+ODiCAo44Ob44Ov44Kk44OI77yJ44CAMjAwNO+9njIwMDjjgIDjg5Xjgqnjg6vjgq/jgrnjg6/jg7zjgrLjg7PjgIDjgrTjg6vjg5U177ya77yw77yh77yy77y077yz,44OY44OD44OJ44Op44Kk44OI44OG44O844Or44Op44Kk44OI44Kz44O844OK44O844Op44Kk44OI44K144Kk44OJ44Oe44O844Kr44O844Kr44O844Oc44Oz44Ki44Oz44OG44OK44OJ44Ki44Of44Op44O844Ko44Ki44Ot44Oh44O844K/44O844OR44ON44Or44Oq44OD44OX44K544Od44Kk44Op44O844Km44Kk44Oz44Kw44Ob44Kk44O844Or44Kr44OQ44O844Oa44OA44Or6LuK6auY6Kq/44OW44Os44O844Kt44OJ44Op44Kk44OW44Os44Kz44O844OA44O844Ov44Kk44OR44O844Kw44Oq44Or44Oc44Oz44ON44OD44OI44Ot44O844OA44Km44OzRXVyb1BlcmZvcm1hbmNlIExFRCDjg6rjgqIg44Or44O844Og44Op44Kk44OIIOODpuODi+ODg+ODiCAo44Ob44Ov44Kk44OI77yJ44CAMjAwNO+9njIwMDjjgIDjg5Xjgqnjg6vjgq/jgrnjg6/jg7zjgrLjg7PjgIDjgrTjg6vjg5U1,44CA44CCRXVyb1BlcmZvcm1hbmNlIExFRCDjg6rjgqIg44Or44O844Og44Op44Kk44OIIOODpuODi+ODg+ODiCAo44Ob44Ov44Kk44OI77yJ44CAMjAwNO+9njIwMDjjgIDjg5Xjgqnjg6vjgq/jgrnjg6/jg7zjgrLjg7PjgIDjgrTjg6vjg5U1[rn]
15-190256,aHR0cDovL3RzaG9wLnIxMHMuanAvcGFydHMvY2FiaW5ldC9kZXRhaWwtYWExMi9hYTEyLWxlaW4tMDItNC5qcGc/Zml0aW49NzAwOjcwMA==,OTYwLjAwMDA=,,6LuK55So5ZOB44O744OQ44Kk44Kv55So5ZOBID4g44Kr44O855So5ZOBID4g44Op44Kk44OI44O744Op44Oz44OXID4g44Or44O844Og44Op44Oz44OX,R3JhY2lhcyjjgrDjg6njgrfjgqLjgrkpIExFROOCpOODs+ODiuODvOODqeODs+ODly/jg5bjg6vjg7zjgIBHUzM1MC80MzAvNDYw44CATEVJTi0wMg==,44CA,5rGO55So44O757SU5q2j5Lqk5o+b44K/44Kk44OX44GuTEVE44Kk44Or44Of44ON44O844K344On44Oz44Gn6LuK5YaF44KS5omL6Lu944Gr44Kw44Os44O844OJ44Ki44OD44OX77yB44Or44O844Og44Op44Oz44OX44Gn44Gv44K144Od44O844OI44Gn44GN44Gq44GE5aC05omA44KS5bCC55So44GuTEVE44Gr5aSJ5pu044GZ44KL5LqL44Gn6LuK5YaF44KS44GK5rSS6JC944Gr44CB5YCL5oCn55qE44Gr5b2p44KK44G+44GZ44CCPGJyPjxicj7pq5jlk4Hos6pMRUTjgYzlubPlh6Hjgarjg4/jg63jgrLjg7Pjgavmr5TjgbnjgabjgIHjgq/jg6rjgqLjgarjg6njgqTjg4bjgqPjg7PjgrDjgpLnnIHpm7vlipvjgIHpq5jlr7/lkb3jgaflrp/nj77jgZfjgb7jgZnjgILjg6vjg7zjg6Djg6njg7Pjg5fjgaDjgZHjgafjga/lrp/nj77jgafjgY3jgarjgYTjgIHlgIvmgKfnmoTjgafmtJfnt7TjgZXjgozjgZ/pq5jntJrmhJ/jgpLjgZTloKrog73jgY/jgaDjgZXjgYTjgII8YnI+PGJyPuODleODg+ODiOODqeODs+ODl++8mjLlgIvil4/jgrDjg63jg7zjg5bjg5zjg4Pjgq/jgrnjg6njg7Pjg5fvvJox5YCL4peP44Kz44Oz44K944O844Or44Oc44OD44Kv44K544Op44Oz44OX77yaMeWAiyA8YnI+PGJyPkdTMzUwLzQzMC80NjDjgIBHUlMxOeKZry9VWlMxOeKZrzxicj48YnI+PGJyPjxicj7jg6njg7Pjg5fjgIHjg6zjg7PjgrogfCBMRUQ8QlI+4oC744GT44Gh44KJ44Gu5ZWG5ZOB44Gv5Luj5byV44GN5LiN5Y+v44Gn44GZ,R3JhY2lhcyjjgrDjg6njgrfjgqLjgrkpIExFROOCpOODs+ODiuODvOODqeODs+ODly/jg5bjg6vjg7zjgIBHUzM1MC80MzAvNDYw44CATEVJTi0wMu+8mu+8sO+8oe+8su+8tO+8sw==,44OY44OD44OJ44Op44Kk44OI44OG44O844Or44Op44Kk44OI44Kz44O844OK44O844Op44Kk44OI44K144Kk44OJ44Oe44O844Kr44O844Kr44O844Oc44Oz44Ki44Oz44OG44OK44OJ44Ki44Of44Op44O844Ko44Ki44Ot44Oh44O844K/44O844OR44ON44Or44Oq44OD44OX44K544Od44Kk44Op44O844Km44Kk44Oz44Kw44Ob44Kk44O844Or44Kr44OQ44O844Oa44OA44Or6LuK6auY6Kq/44OW44Os44O844Kt44OJ44Op44Kk44OW44Os44Kz44O844OA44O844Ov44Kk44OR44O844Kw44Oq44Or44Oc44Oz44ON44OD44OI44Ot44O844OA44Km44OzR3JhY2lhcyjjgrDjg6njgrfjgqLjgrkpIExFROOCpOODs+ODiuODvOODqeODs+ODly/jg5bjg6vjg7zjgIBHUzM1MC80MzAvNDYw44CATEVJTi0wMg==,44CA44CCR3JhY2lhcyjjgrDjg6njgrfjgqLjgrkpIExFROOCpOODs+ODiuODvOODqeODs+ODly/jg5bjg6vjg7zjgIBHUzM1MC80MzAvNDYw44CATEVJTi0wMg==[rn]
15-190257,aHR0cDovL3RzaG9wLnIxMHMuanAvcGFydHMvY2FiaW5ldC9kZXRhaWwtYWExMi9hYTEyLWxlaW4tMDItMzAuanBnP2ZpdGluPTcwMDo3MDA=,OTYwLjAwMDA=,,6LuK55So5ZOB44O744OQ44Kk44Kv55So5ZOBID4g44Kr44O855So5ZOBID4g44Op44Kk44OI44O744Op44Oz44OXID4g44Or44O844Og44Op44Oz44OX,R3JhY2lhcyjjgrDjg6njgrfjgqLjgrkpIExFROOCpOODs+ODiuODvOODqeODs+ODly/jg5bjg6vjg7zjgIDjg6njg4Pjgrfjg6XjgIBMRUlOLTAy,44CA,5rGO55So44O757SU5q2j5Lqk5o+b44K/44Kk44OX44GuTEVE44Kk44Or44Of44ON44O844K344On44Oz44Gn6LuK5YaF44KS5omL6Lu944Gr44Kw44Os44O844OJ44Ki44OD44OX77yB44Or44O844Og44Op44Oz44OX44Gn44Gv44K144Od44O844OI44Gn44GN44Gq44GE5aC05omA44KS5bCC55So44GuTEVE44Gr5aSJ5pu044GZ44KL5LqL44Gn6LuK5YaF44KS44GK5rSS6JC944Gr44CB5YCL5oCn55qE44Gr5b2p44KK44G+44GZ44CCPGJyPjxicj7pq5jlk4Hos6pMRUTjgYzlubPlh6Hjgarjg4/jg63jgrLjg7Pjgavmr5TjgbnjgabjgIHjgq/jg6rjgqLjgarjg6njgqTjg4bjgqPjg7PjgrDjgpLnnIHpm7vlipvjgIHpq5jlr7/lkb3jgaflrp/nj77jgZfjgb7jgZnjgILjg6vjg7zjg6Djg6njg7Pjg5fjgaDjgZHjgafjga/lrp/nj77jgafjgY3jgarjgYTjgIHlgIvmgKfnmoTjgafmtJfnt7TjgZXjgozjgZ/pq5jntJrmhJ/jgpLjgZTloKrog73jgY/jgaDjgZXjgYTjgII8YnI+PGJyPuOCs+ODs+OCveODvOODq+ODnOODg+OCr+OCueODqeODs+ODl++8mjHlgIsgPGJyPjxicj7jg6njg4Pjgrfjg6XjgIBKMjEwPGJyPjxicj48YnI+PGJyPuODqeODs+ODl+OAgeODrOODs+OCuiB8IExFRDxCUj7igLvjgZPjgaHjgonjga7llYblk4Hjga/ku6PlvJXjgY3kuI3lj6/jgafjgZk=,R3JhY2lhcyjjgrDjg6njgrfjgqLjgrkpIExFROOCpOODs+ODiuODvOODqeODs+ODly/jg5bjg6vjg7zjgIDjg6njg4Pjgrfjg6XjgIBMRUlOLTAy77ya77yw77yh77yy77y077yz,44OY44OD44OJ44Op44Kk44OI44OG44O844Or44Op44Kk44OI44Kz44O844OK44O844Op44Kk44OI44K144Kk44OJ44Oe44O844Kr44O844Kr44O844Oc44Oz44Ki44Oz44OG44OK44OJ44Ki44Of44Op44O844Ko44Ki44Ot44Oh44O844K/44O844OR44ON44Or44Oq44OD44OX44K544Od44Kk44Op44O844Km44Kk44Oz44Kw44Ob44Kk44O844Or44Kr44OQ44O844Oa44OA44Or6LuK6auY6Kq/44OW44Os44O844Kt44OJ44Op44Kk44OW44Os44Kz44O844OA44O844Ov44Kk44OR44O844Kw44Oq44Or44Oc44Oz44ON44OD44OI44Ot44O844OA44Km44OzR3JhY2lhcyjjgrDjg6njgrfjgqLjgrkpIExFROOCpOODs+ODiuODvOODqeODs+ODly/jg5bjg6vjg7zjgIDjg6njg4Pjgrfjg6XjgIBMRUlOLTAy,44CA44CCR3JhY2lhcyjjgrDjg6njgrfjgqLjgrkpIExFROOCpOODs+ODiuODvOODqeODs+ODly/jg5bjg6vjg7zjgIDjg6njg4Pjgrfjg6XjgIBMRUlOLTAy[rn]
15-190258,aHR0cDovL3RzaG9wLnIxMHMuanAvYm1wL2NhYmluZXQvMDExNDYzMjAvaW1ncmMwMDY3NTg3OTc0LmpwZz9maXRpbj03MDA6NzAw,MjgwMC4wMDAw,,6LuK55So5ZOB44O744OQ44Kk44Kv55So5ZOBID4g44Kr44O855So5ZOBID4g44Op44Kk44OI44O744Op44Oz44OXID4g44Or44O844Og44Op44Oz44OX,44CQQk1X57SU5q2j44CRQk1XIExFRCDjg4njgqIg44OX44Ot44K444Kn44Kv44K/44O844CA6KOc5L+u55SoIOODleOCo+ODq+ODoA==,44CQQk1X57SU5q2j5ZOB5bCC6ZaA5bqX44CR44CA44CO44Gp44GT44KI44KK44KC6YCf44GP44CP44GM44Oi44OD44OI44O877yB,5ZOB6LOq5L+d6Ki844GuQk1X57SU5q2j6YOo5ZOBPGJyPgo8YnI+CkJNVyBMRUQg44OJ44KiIOODl+ODreOCuOOCp+OCr+OCv+ODvOOBruS6pOaPm+eUqOODleOCo+ODq+ODoOOBp+OBmeOAgjxicj4K5bem5Y+z77yS5YCL44K744OD44OI44CCPGJyPgo8YnI+CkxFROOBr+eGseOCkueZuueUn+OBl+OBmuOCieOBhOaAp+izquOCkuaMgeOBo+OBpuOBiuOCiuOBvuOBmeOBjOOAgeW5tOaciOOBjOe1jOOBpOOBqOODleOCo+ODq+ODoOOBjOeEvOOBkeOBpuOBjeOBvuOBmeOAgjxicj4K6Imy44GC44Gb44Gm44GX44G+44Gj44Gf44OJ44KiIOODl+ODreOCuOOCp+OCr+OCv+ODvOOCguODleOCo+ODq+ODoOOCkuS6pOaPm+OBmeOCi+OBk+OBqOOBp+OAgemuruOChOOBi+OBquiJsuOBjOW+qea0u+OBl+OBvuOBmeOAggo8YnI+Cjxicj4K44OB44Kn44OD44Kv44Oc44OD44Kv44K544KI44KK56iu6aGe44KS44GK6YG444Gz5LiL44GV44GE44CCCjxicj4KPGJyPgrjgZPjgaHjgonjga/lm73lhoXjg6Hjg7zjgqvjg7zmnKroqK3lrprjga7ngrrjgIHmnKzlm73jgYvjgonlj5blr4TjgZvjgabjgYrjgorjgb7jgZnplqLkv4LjgaflnKjluqvnrqHnkIbjgpLjgZfjgabjgYrjgorjgb7jgZnjgII8YnI+CuasoOWTgeOBruWgtOWQiOOAgeOAkOWGjeWFpeiNt+OAkeOCkuOCr+ODquODg+OCr+OBl+OBpumgguOBjeeZu+mMsuOBl+OBpumgguOBj+OBqOOAgeWFpeiNt+OBl+OBn+ebtOW+jOOBq+OBiuefpeOCieOBm+OBjOWxiuOBjeOBvuOBmeOAguWGjeWFpeiNt+OBruOBiuefpeOCieOBm+apn+iDveOCkuaYr+mdnuOBlOa0u+eUqOS4i+OBleOBhOOBvuOBm+OAggo8YnI+PGJyPjxicj4KCkJNVyBMRUQg44OJ44Ki44O744OX44Ot44K444Kn44Kv44K/44O8IOOCu+ODg+ODiOacrOS9k+OBr+OBk+OBoeOCiTxicj4K4oaTPGJyPgoKPGltZyBzcmM9Imh0dHA6Ly9pbWFnZS5yYWt1dGVuLmNvLmpwL2JtcC9jYWJpbmV0LzAxMTQ2MzIwL2ltZ3JjMDA2Mjk0MTEzNi5qcGciIHdpZHRoPSIzMDBweCI+Cjxicj48YnI+,44CQQk1X57SU5q2j44CRQk1XIExFRCDjg4njgqIg44OX44Ot44K444Kn44Kv44K/44O844CA6KOc5L+u55SoIOODleOCo+ODq+ODoO+8mkJN44Oi44O844K/44O844OR44O844OEIEJNV+e0lOato+WTgeWwgumWgOW6lw==,Qk1XQk1XIOe0lOatoyDjg5Hjg7zjg4RibXcg57SU5q2j6YOo5ZOBQk1XIOe0lOato+ODkeODvOODhCDosqnlo7JCTVcgTTNCTVcgTTZtaW5pIOOCouOCr+OCu+OCteODquODvEJNVyBFOTBCTVcgRTkyQk1XIE0zYm13IOOCreODvOODm+ODq+ODgOODvEJNVyBNSU5JQk1XIOOCouOCr+OCu+OCteODquODvGJtdyDjgqjjg7Pjg5bjg6zjg6BCTVcg44OV44Ot44Ki44Oe44OD44OIQk1XIE00IOOCouOCr+OCu+OCteODquODvEJNVyDjg5zjg4fjgqPjg7zjgqvjg5Djg7xibXcg44K544OG44OD44Kr44O8Ym13IOOCouODq+ODn+ODm+OCpOODvOODq0JNVyBQZXJmb3JtYW5jZeOAkEJNV+e0lOato+OAkUJNVyBMRUQg44OJ44KiIOODl+ODreOCuOOCp+OCr+OCv+ODvOOAgOijnOS/rueUqCDjg5XjgqPjg6vjg6A=,44CQQk1X57SU5q2j5ZOB5bCC6ZaA5bqX44CR44CA44CO44Gp44GT44KI44KK44KC6YCf44GP44CP44GM44Oi44OD44OI44O877yB44CC44CQQk1X57SU5q2j44CRQk1XIExFRCDjg4njgqIg44OX44Ot44K444Kn44Kv44K/44O844CA6KOc5L+u55SoIOODleOCo+ODq+ODoA==[rn]
15-190259,aHR0cDovL3RzaG9wLnIxMHMuanAvYm1wL2NhYmluZXQvMDExNDYzMjAvaW1ncmMwMDYyOTY2NDA5LmpwZz9maXRpbj03MDA6NzAw,MzY4OC4wMDAw,,6LuK55So5ZOB44O744OQ44Kk44Kv55So5ZOBID4g44Kr44O855So5ZOBID4g44Op44Kk44OI44O744Op44Oz44OXID4g44Or44O844Og44Op44Oz44OX,Qk1XIExFRCDjg6vjg7zjg6Djg6njg7Pjg5cgMuWAi+OCu+ODg+ODiA==,44CQQk1X57SU5q2j44CR,5ZOB6LOq5L+d6Ki844GuQk1X57SU5q2jPGJyPgo8YnI+CuODu+i7iuWGheWwgueUqExFROODqeODs+ODl++8kuWAi+OCu+ODg+ODiOOAgjxicj4K44O7TEVE44Gv5L2/55So5a+/5ZG944GM5qW144KB44Gm6ZW344GP5ZCM5pmC44Gr6Zu75Yqb5raI6LK744KC5qW144KB44Gm5L2O44GP44Gq44Gj44Gm44GE44G+44GZ44CCPGJyPgrjg7tDNVfpm7vnkIPjgajlkIzjgZjlvaLnirbjga7ngrrjgIHjgZrjgbnjgabjga5DNVfjg6njg7Pjg5fjgavpganlkIjjgZfjgb7jgZnjgII8YnI+Cjxicj4K5a6a5qC85Ye65Yqb77yaMS4zNVfjgIDlrprmoLzpm7vlnKfvvJoxMy41Vjxicj4KPGJyPgrjg4njgqLlhoXlgbTjgIHjgrDjg63jg7zjg5bjg5zjg4Pjgq/jgrnjgIHjg4jjg6njg7Pjgq/jg6vjg7zjg6DjgIHotrPlhYPjg6njg7Pjg5fnrYnjgavkvb/nlKjjgZfjgabjgb7jgZnjgII8YnI+CuKAu+i7iueoruOBq+OCiOOBo+OBpuOAgeS9v+eUqOWAi+aJgOOBjOeVsOOBquOCiuOBvuOBmeOAguOBvuOBn+OAgeS9v+eUqOOBl+OBpuOBhOOBquOBhOi7iueoruOCguOBlOOBluOBhOOBvuOBmeOAgjxicj4K4oC76LuK5YaF5bCC55So5ZOB44Gu54K644CB44Op44Kk44K744Oz44K544Op44Kk44OI562J44Gu5aSW6KOF5ZOB44Gr44Gv5L2/55So44Gn44GN44G+44Gb44KT44CCPGJyPgo8YnI+PGJyPgroo4XlgpnjgavjgojjgaPjgabjgoLkvb/nlKjpm7vnkIPjgYznlbDjgarjgorjgb7jgZnjga7jgafjgIHjgZPjgaHjgonjgafjga/pganlkIjjgpLjgYroqr/jgbnjgZnjgovjgZPjgajjga/jgafjgY3jgb7jgZvjgpPjgIIK55S75YOP44Go5ZCM5Z6L44Gu44COMTJWIDVX44CP44Go6KGo6KiY44Gu44GC44KLQzVX6Zu755CD44KS55uu6KaW44Gn44GU56K66KqN5LiL44GV44GE44CCIDxicj4K4oC75byK56S+44OH44Oi44Kr44O844GuRTkyIE0z44Gv44Kw44Ot44O844OW44Oc44OD44Kv44K577yR566H5omA44Gu44G/44Gn44GX44Gf44CC,Qk1XIExFRCDjg6vjg7zjg6Djg6njg7Pjg5cgMuWAi+OCu+ODg+ODiO+8mkJN44Oi44O844K/44O844OR44O844OEIEJNV+e0lOato+WTgeWwgumWgOW6lw==,Qk1XQk1XIOe0lOatoyDjg5Hjg7zjg4RibXcg57SU5q2j6YOo5ZOBQk1XIOe0lOato+ODkeODvOODhCDosqnlo7JCTVcgTTNCTVcgTTZtaW5pIOOCouOCr+OCu+OCteODquODvEJNVyBFOTBCTVcgRTkyQk1XIE0zYm13IOOCreODvOODm+ODq+ODgOODvEJNVyBNSU5JQk1XIOOCouOCr+OCu+OCteODquODvGJtdyDjgqjjg7Pjg5bjg6zjg6BCTVcg44OV44Ot44Ki44Oe44OD44OIQk1XIE00IOOCouOCr+OCu+OCteODquODvEJNVyDjg5zjg4fjgqPjg7zjgqvjg5Djg7xibXcg44K544OG44OD44Kr44O8Ym13IOOCouODq+ODn+ODm+OCpOODvOODq0JNVyBQZXJmb3JtYW5jZUJNVyBMRUQg44Or44O844Og44Op44Oz44OXIDLlgIvjgrvjg4Pjg4g=,44CQQk1X57SU5q2j44CR44CCQk1XIExFRCDjg6vjg7zjg6Djg6njg7Pjg5cgMuWAi+OCu+ODg+ODiA==[rn]
15-190260,aHR0cDovL3RzaG9wLnIxMHMuanAvYm1wL2NhYmluZXQvMDEzNjU5NjAvaW1ncmMwMDYzMTgzMjM3LmpwZz9maXRpbj03MDA6NzAw,MTIwMDAuMDAwMA==,,6LuK55So5ZOB44O744OQ44Kk44Kv55So5ZOBID4g44Kr44O855So5ZOBID4g44Op44Kk44OI44O744Op44Oz44OXID4g44Or44O844Og44Op44Oz44OX,44CQ6YCB5paZ54Sh5paZ44CRQk1XIE1JTkkgTEVEIOODieOCouODl+ODreOCuOOCp+OCr+OCv+ODvA==,44CQ6YCB5paZ54Sh5paZ44CR44CQQk1XIE1JTknntJTmraPjgJE=,5ZOB6LOq5L+d6Ki844GuQk1XIE1JTkkg57SU5q2j6YOo5ZOBPGJyPgo8YnI+CuODieOCouOCkumWi+OBj+OBqOiHquWLleeahOOBq+ODieOCouOCqOODs+ODiOODqeODs+OCueODqeOCpOODiO+8iOS5l+mZjeijnOWKqeODqeOCpOODiO+8ieOBjOeCueeBr+OBl+OAgeOCsOODqeODleOCo+ODg+OCr+OBjOi3r+mdouOBq+S4gOe3kuOBq+aKleW9seOBleOCjOOBvuOBmeOAgui3r+mdoueFp+aYjuOBqOOBl+OBpuapn+iDveOBl+OBvuOBmeOAgkJNV+i7iui8iembu+awl+Wbnui3r+OBqzEwMO+8hemBqeWQiOOAgjxicj4K44K544Op44Kk44OJ44OV44Kj44Or44Og44GvM+eorumhnuWQq+OBvuOCjOOBvuOBmeOAgjxicj4KPGJyPgrigLvou4rnqK7jgavjgojjgaPjgabjga/jgIHjgrDjg6njg5XjgqPjg4Pjgq/jga7nq6/jgYzmrKDjgZHjgabjgZfjgb7jgYbloLTlkIjjgYzjgZTjgZbjgYTjgb7jgZnjgIIgCjxicj48YnI+CuOAkOWVhuWTgeWGheWuueOAkTxicj4K44OX44Ot44K444Kn44Kv44K/44O877ya77yS5YCL77yI5bem5Y+z44OJ44Ki5YiG77yJPGJyPgrjg5XjgqPjg6vjg6DvvJrvvJPnqK7poZ48YnI+Cjxicj4K44CQ6YGp5ZCI6LuK56iu44CR77yaPGJyPgpSNTYvUjU3KOODj+ODg+ODgeODkOODg+OCsC/jgqvjg5bjg6rjgqrjg6wpPGJyPgpSNTUoQ0xVQk1BTik8YnI+ClI1OC9SNTkoQ291cGUvUm9hZHN0ZXIpPGJyPgpSNjAvUjYxKENST1NTT1ZFUi9QQUNFTUFOKTxicj4KRjU1L0Y1Nig1RE9PUi8zRE9PUikKCjxicj4KPGJyPgog4oC75LiK6KiY6LuK56iu44Gu44OJ44Ki44Ko44Oz44OI44Op44Oz44K5IOODqeOCpOODiO+8iOS5l+mZjeijnOWKqeODqeOCpOODiO+8ieijheWCmei7ijxicj4KPGJyPgrigLvou4rkuKHjgavjgojjgorjgIHlj5bjgorku5jjgZHjgavliqDlt6XjgYzlv4XopoHjgarloLTlkIjjgYzjgZTjgZbjgYTjgb7jgZnjgIIo5Yqg5bel5pa55rOV44Gv5Y+W6Kqs44Gr6KiY6LyJKQo8YnI+Cjxicj4K44OX44Ot44K444Kn44Kv44K/44O844Gu5YWI44Gu44K544Op44Kk44OJ5byP44OV44Kj44Or44Og44KS5beu44GX5pu/44GI44KL44GT44Go44Gn44CBM+eorumhnuOBruOCsOODqeODleOCo+ODg+OCr+OCkualveOBl+OCgOOBk+OBqOOBjOOBp+OBjeOBvuOBmeOAgueuseOBruW6leOBq+ewoeWNmOOBquWPluiqrOOBjOWFpeOBo+OBpuOBvuOBmeOAgjxicj4K4oC744GU6LO85YWl5pmC44Gr44Gv44CB44CMTUlOSeODreOCtOOAjeOBruOCueODqeOCpOODieOBjOODl+ODreOCuOOCp+OCr+OCv+ODvOOBq+ijheedgOOBleOCjOOBpuOBhOOBvuOBmeOAggo8YnI+PGJyPgrjgrDjg6njg5XjgqPjg4Pjgq/mipXlvbHjgavjgojjgorjgIHkurrnm67jgpLmg7njgY3jgaTjgZHjgIHou4rkuKHjgpLjgojjgorlgIvmgKfnmoTjgavmvJTlh7rjgZfjgb7jgZnjgII=,44CQ6YCB5paZ54Sh5paZ44CRQk1XIE1JTkkgTEVEIOODieOCouODl+ODreOCuOOCp+OCr+OCv+ODvO+8mkJN44Oi44O844K/44O844OR44O844OEIEJNV+e0lOato+WTgeWwgumWgOW6lw==,Qk1XQk1XIOe0lOatoyDjg5Hjg7zjg4RibXcg57SU5q2j6YOo5ZOBQk1XIOe0lOato+ODkeODvOODhCDosqnlo7JCTVcgTTNCTVcgTTZtaW5pIOOCouOCr+OCu+OCteODquODvEJNVyBFOTBCTVcgRTkyQk1XIE0zYm13IOOCreODvOODm+ODq+ODgOODvEJNVyBNSU5JQk1XIOOCouOCr+OCu+OCteODquODvGJtdyDjgqjjg7Pjg5bjg6zjg6BCTVcg44OV44Ot44Ki44Oe44OD44OIQk1XIE00IOOCouOCr+OCu+OCteODquODvEJNVyDjg5zjg4fjgqPjg7zjgqvjg5Djg7xibXcg44K544OG44OD44Kr44O8Ym13IOOCouODq+ODn+ODm+OCpOODvOODq0JNVyBQZXJmb3JtYW5jZeOAkOmAgeaWmeeEoeaWmeOAkUJNVyBNSU5JIExFRCDjg4njgqLjg5fjg63jgrjjgqfjgq/jgr/jg7w=,44CQ6YCB5paZ54Sh5paZ44CR44CQQk1XIE1JTknntJTmraPjgJHjgILjgJDpgIHmlpnnhKHmlpnjgJFCTVcgTUlOSSBMRUQg44OJ44Ki44OX44Ot44K444Kn44Kv44K/44O8[rn]
15-190261,aHR0cDovL3RzaG9wLnIxMHMuanAvY3JlZXIvY2FiaW5ldC8wNDQ5MDQ3Ni9pbWdyYzAwNjQ3MjE3NjYuanBnP2ZpdGluPTcwMDo3MDA=,MjAwMC4wMDAw,,6LuK55So5ZOB44O744OQ44Kk44Kv55So5ZOBID4g44Kr44O855So5ZOBID4g44Op44Kk44OI44O744Op44Oz44OXID4g44Or44O844Og44Op44Oz44OX,VmFsZW50aSDjg7TjgqHjg6zjg7Pjg4bjgqMgUkwtTFJTLVM2Ni0xIOODm+ODs+ODgCBTNjYwIEpXNSDjgrjjg6Xjgqjjg6tMRUTjg6vjg7zjg6Djg6njg7Pjg5fjg6zjg7Pjgrog77yGIOOCpOODs+ODiuODvOODquODleODrOOCr+OCv+ODvOOCu+ODg+ODiA==,44CQ6YCB5paZ54Sh5paZIeOCq+ODvOODiU9LIeOAkQ==,PGNlbnRlcj4KPGZvbnQgc2l6ZT01PjxiPuacrOaXpemWi+WCrOOBrjxicj7jg53jgqTjg7Pjg4h1cOOCpOODmeODs+ODiOOBrzxicj7ihpLihpLihpIg44GT44Gh44KJIOKGkOKGkOKGkDwvYj48L2ZvbnQ+Cjxocj48L2NlbnRlcj4KPGJyPg==,VmFsZW50aSDjg7TjgqHjg6zjg7Pjg4bjgqMgUkwtTFJTLVM2Ni0xIOODm+ODs+ODgCBTNjYwIEpXNSDjgrjjg6Xjgqjjg6tMRUTjg6vjg7zjg6Djg6njg7Pjg5fjg6zjg7Pjgrog77yGIOOCpOODs+ODiuODvOODquODleODrOOCr+OCv+ODvOOCu+ODg+ODiO+8muOCr+ODrOODvOODq+OCquODs+ODqeOCpOODs+OCt+ODp+ODg+ODlw==,44Kq44O844OH44Kj44Kq44OG44Kv44OL44Kr44Kz44Og44OG44OD44Kv44K744Or44K544K/44O844Om44OU44OG44Or44Kr44O844Kq44O844OH44Kj44Kq6LuK6auY6Kq/44Os44O844OA44O85o6i55+l5qmf44OH44OD44OJ44OL44Oz44KwVmFsZW50aSDjg7TjgqHjg6zjg7Pjg4bjgqMgUkwtTFJTLVM2Ni0xIOODm+ODs+ODgCBTNjYwIEpXNSDjgrjjg6Xjgqjjg6tMRUTjg6vjg7zjg6Djg6njg7Pjg5fjg6zjg7Pjgrog77yGIOOCpOODs+ODiuODvOODquODleODrOOCr+OCv+ODvOOCu+ODg+ODiA==,44CQ6YCB5paZ54Sh5paZIeOCq+ODvOODiU9LIeOAkeOAglZhbGVudGkg44O044Kh44Os44Oz44OG44KjIFJMLUxSUy1TNjYtMSDjg5vjg7Pjg4AgUzY2MCBKVzUg44K444Ol44Ko44OrTEVE44Or44O844Og44Op44Oz44OX44Os44Oz44K6IO+8hiDjgqTjg7Pjg4rjg7zjg6rjg5Xjg6zjgq/jgr/jg7zjgrvjg4Pjg4g=[rn]
15-190262,aHR0cDovL3RzaG9wLnIxMHMuanAvY3JlZXIvY2FiaW5ldC8wNDQ5MDQ3Ni9pbWdyYzAwNjQ3MjE3NjcuanBnP2ZpdGluPTcwMDo3MDA=,NDgwMC4wMDAw,,6LuK55So5ZOB44O744OQ44Kk44Kv55So5ZOBID4g44Kr44O855So5ZOBID4g44Op44Kk44OI44O744Op44Oz44OXID4g44Or44O844Og44Op44Oz44OX,VmFsZW50aSDjg7TjgqHjg6zjg7Pjg4bjgqMgUkwtTFJTLUNYMy0xIOODnuODhOODgCBDWC0zIERLNSDjgrjjg6Xjgqjjg6tMRUTjg6vjg7zjg6Djg6njg7Pjg5fjg6zjg7Pjgrog77yGIOOCpOODs+ODiuODvOODquODleODrOOCr+OCv+ODvOOCu+ODg+ODiA==,44CQ6YCB5paZ54Sh5paZIeOCq+ODvOODiU9LIeOAkQ==,PGNlbnRlcj4KPGZvbnQgc2l6ZT01PjxiPuacrOaXpemWi+WCrOOBrjxicj7jg53jgqTjg7Pjg4h1cOOCpOODmeODs+ODiOOBrzxicj7ihpLihpLihpIg44GT44Gh44KJIOKGkOKGkOKGkDwvYj48L2ZvbnQ+Cjxocj48L2NlbnRlcj4KPGJyPg==,VmFsZW50aSDjg7TjgqHjg6zjg7Pjg4bjgqMgUkwtTFJTLUNYMy0xIOODnuODhOODgCBDWC0zIERLNSDjgrjjg6Xjgqjjg6tMRUTjg6vjg7zjg6Djg6njg7Pjg5fjg6zjg7Pjgrog77yGIOOCpOODs+ODiuODvOODquODleODrOOCr+OCv+ODvOOCu+ODg+ODiO+8muOCr+ODrOODvOODq+OCquODs+ODqeOCpOODs+OCt+ODp+ODg+ODlw==,44Kq44O844OH44Kj44Kq44OG44Kv44OL44Kr44Kz44Og44OG44OD44Kv44K744Or44K544K/44O844Om44OU44OG44Or44Kr44O844Kq44O844OH44Kj44Kq6LuK6auY6Kq/44Os44O844OA44O85o6i55+l5qmf44OH44OD44OJ44OL44Oz44KwVmFsZW50aSDjg7TjgqHjg6zjg7Pjg4bjgqMgUkwtTFJTLUNYMy0xIOODnuODhOODgCBDWC0zIERLNSDjgrjjg6Xjgqjjg6tMRUTjg6vjg7zjg6Djg6njg7Pjg5fjg6zjg7Pjgrog77yGIOOCpOODs+ODiuODvOODquODleODrOOCr+OCv+ODvOOCu+ODg+ODiA==,44CQ6YCB5paZ54Sh5paZIeOCq+ODvOODiU9LIeOAkeOAglZhbGVudGkg44O044Kh44Os44Oz44OG44KjIFJMLUxSUy1DWDMtMSDjg57jg4Tjg4AgQ1gtMyBESzUg44K444Ol44Ko44OrTEVE44Or44O844Og44Op44Oz44OX44Os44Oz44K6IO+8hiDjgqTjg7Pjg4rjg7zjg6rjg5Xjg6zjgq/jgr/jg7zjgrvjg4Pjg4g=[rn]
15-190263,aHR0cDovL3RzaG9wLnIxMHMuanAvY3JlZXIvY2FiaW5ldC8wMzA4NTkyMS9pbWc2MTkyMTk2Mi5qcGc/Zml0aW49NzAwOjcwMA==,MTUyMDAuMDAwMA==,,6LuK55So5ZOB44O744OQ44Kk44Kv55So5ZOBID4g44Kr44O855So5ZOBID4g44Op44Kk44OI44O744Op44Oz44OXID4g44Or44O844Og44Op44Oz44OX,VmFsZW50aSDjg7TjgqHjg6zjg7Pjg4bjgqMgUkwtU0VULVBSNC0xIOODiOODqOOCvyDjg5fjg6rjgqbjgrnOsSBaVlc0IyjlhajjgrDjg6zjg7zjg4nlr77lv5wpIOODoOODvOODs+ODq+ODvOODleeEoeOBl+i7iueUqCDjgrjjg6Xjgqjjg6tMRUTjg6vjg7zjg6Djg6njg7Pjg5fjg6zjg7Pjgrog77yGIOOCpOODs+ODiuODvOODquODleODrOOCr+OCv+ODvOOCu+ODg+ODiA==,44CQ6YCB5paZ54Sh5paZIeOCq+ODvOODiU9LIeOAkQ==,PGNlbnRlcj4KPGZvbnQgc2l6ZT01PjxiPuacrOaXpemWi+WCrOOBrjxicj7jg53jgqTjg7Pjg4h1cOOCpOODmeODs+ODiOOBrzxicj7ihpLihpLihpIg44GT44Gh44KJIOKGkOKGkOKGkDwvYj48L2ZvbnQ+Cjxocj48L2NlbnRlcj4KPGJyPgoKCjxpbWcgc3JjPWh0dHA6Ly9pbWFnZS5yYWt1dGVuLmNvLmpwL2NyZWVyL2NhYmluZXQvMDMwODU5MjEvaW1nNjE5MjE5NTkuanBnIHdpZHRoPTEwMCU+CgoKCgo8YnI+Cjxicj4KCjxicj4KCgoKPGltZyBzcmM9aHR0cDovL2ltYWdlLnJha3V0ZW4uY28uanAvY3JlZXIvY2FiaW5ldC8wMzA4NTkyMS9pbWc2MTkyMTk2My5qcGcgd2lkdGg9MTAwJT4KCgo8YnI+CuODu+ODtOOCoeODrOODs+ODhuOCo+OBruOCuOODpeOCqOODq0xFROODq+ODvOODoOODqeODs+ODl+ODrOODs+OCuu+8huOCpOODs+ODiuODvOODquODleODrOOCr+OCv+ODvOOCu+ODg+ODiOOAgVJMLVNFVC1QUjQtMeOBp+OBmeOAggo8YnI+44O75Y2Y5L2T44Gn44Gu44Kt44Op44Kt44Op44GX44Gf6Lyd44GN44Go576O44GX44GV44KC44GV44KL44GT44Go44Gq44GM44KJ44CB5YWJ44Gu5ouh5pWj44KS5pyA5aSn44Gr55m65o+u44GZ44KLVmFsZW50aeeLrOiHquOBruOCr+ODquOCueOCv+ODq+OCq+ODg+ODiOODrOODs+OCuuOCkuaOoeeUqOOBl+OBpuOBhOOBvuOBmeOAggo8YnI+44O744Kk44Oz44OK44O844Oq44OV44Os44Kv44K/44O844Gv44Kv44Ot44O844Og44Oh44OD44Kt5Yqg5bel44GV44KM44Gm44GK44KK44CB55u057ea55qE44GqTEVE44Gu5YWJ44KS5Y+N5bCE77yG5ouh5pWj44GV44Gb44KL44GT44Go44Gn54K554Gv5pmC44KC5raI54Gv5pmC44KC6LuK5YaF5YWo5L2T44KS54WM44GL44Gb44G+44GZ44CCCjxicj7jg7vou4rnqK7lsILnlKjoqK3oqIjjgafku5bjgpLlr4TjgZvku5jjgZHjgarjgYTlhYnph4/jgpLnorrkv53jgZnjgovjgajlhbHjgavjgIHlj5bku5jjgoLntJTmraPjg6vjg7zjg6Djg6njg7Pjg5fjg6zjg7PjgrrjgajkuqTmj5vjgZnjgovjgaDjgZHjga7nsKHljZjlj5bku5jjgpLlrp/nj77jgZfjgabjgYTjgb7jgZnjgIIKPGJyPgo8YnI+44CQ6YGp5ZCI6LuK56iu44CRCjxicj7jg4jjg6jjgr8g44OX44Oq44Km44K5zrEgWlZXNCPns7sg5YWo44Kw44Os44O844OJ5a++5b+c77yI5bmz5oiQMjPlubQ15pyI772eIOODoOODvOODs+ODq+ODvOODleeEoei7iu+8iQo8YnI+Cjxicj7jgJDjgrvjg4Pjg4jlhoXlrrnjgJEKPGJyPkxFROODq+ODvOODoOODqeODs+ODlyDvvJog44Oe44OD44OX44Op44Oz44OX44CBMm5k44Or44O844Og44Op44Oz44OX44CB44Op44Ky44OD44K444Op44Oz44OXCjxicj7jg6zjg7PjgrrvvIbjgqTjg7Pjg4rjg7zjg6rjg5Xjg6zjgq/jgr/jg7wg77yaIOODnuODg+ODl+ODqeODs+ODl+eUqOOAgTJuZOODq+ODvOODl+ODqeODs+ODl+eUqA==,VmFsZW50aSDjg7TjgqHjg6zjg7Pjg4bjgqMgUkwtU0VULVBSNC0xIOODiOODqOOCvyDjg5fjg6rjgqbjgrnOsSBaVlc0IyjlhajjgrDjg6zjg7zjg4nlr77lv5wpIOODoOODvOODs+ODq+ODvOODleeEoeOBl+i7iueUqCDjgrjjg6Xjgqjjg6tMRUTjg6vjg7zjg6Djg6njg7Pjg5fjg6zjg7Pjgrog77yGIOOCpOODs+ODiuODvOODquODleODrOOCr+OCv+ODvOOCu+ODg+ODiO+8muOCr+ODrOODvOODq+OCquODs+ODqeOCpOODs+OCt+ODp+ODg+ODlw==,44Kq44O844OH44Kj44Kq44OG44Kv44OL44Kr44Kz44Og44OG44OD44Kv44K744Or44K544K/44O844Om44OU44OG44Or44Kr44O844Kq44O844OH44Kj44Kq6LuK6auY6Kq/44Os44O844OA44O85o6i55+l5qmf44OH44OD44OJ44OL44Oz44KwVmFsZW50aSDjg7TjgqHjg6zjg7Pjg4bjgqMgUkwtU0VULVBSNC0xIOODiOODqOOCvyDjg5fjg6rjgqbjgrnOsSBaVlc0IyjlhajjgrDjg6zjg7zjg4nlr77lv5wpIOODoOODvOODs+ODq+ODvOODleeEoeOBl+i7iueUqCDjgrjjg6Xjgqjjg6tMRUTjg6vjg7zjg6Djg6njg7Pjg5fjg6zjg7Pjgrog77yGIOOCpOODs+ODiuODvOODquODleODrOOCr+OCv+ODvOOCu+ODg+ODiA==,44CQ6YCB5paZ54Sh5paZIeOCq+ODvOODiU9LIeOAkeOAglZhbGVudGkg44O044Kh44Os44Oz44OG44KjIFJMLVNFVC1QUjQtMSDjg4jjg6jjgr8g44OX44Oq44Km44K5zrEgWlZXNCMo5YWo44Kw44Os44O844OJ5a++5b+cKSDjg6Djg7zjg7Pjg6vjg7zjg5XnhKHjgZfou4rnlKgg44K444Ol44Ko44OrTEVE44Or44O844Og44Op44Oz44OX44Os44Oz44K6IO+8hiDjgqTjg7Pjg4rjg7zjg6rjg5Xjg6zjgq/jgr/jg7zjgrvjg4Pjg4g=[rn]
15-190264,aHR0cDovL3RzaG9wLnIxMHMuanAvY3JlZXIvY2FiaW5ldC8wNDQ5MDQ3Ni9pbWdyYzAwNjQ3MjkwNjUuanBnP2ZpdGluPTcwMDo3MDA=,ODQwMC4wMDAw,,6LuK55So5ZOB44O744OQ44Kk44Kv55So5ZOBID4g44Kr44O855So5ZOBID4g44Op44Kk44OI44O744Op44Oz44OXID4g44Or44O844Og44Op44Oz44OX,VmFsZW50aSDjg7TjgqHjg6zjg7Pjg4bjgqMgUkwtUENTLVdBSy0xIOODgOOCpOODj+ODhCDjgqbjgqfjgqTjgq8gTEE3MDDns7vnlKgg44K444Ol44Ko44OrTEVE44Or44O844Og44Op44Oz44OX44K744OD44OI,44CQ6YCB5paZ54Sh5paZIeOCq+ODvOODiU9LIeOAkQ==,PGNlbnRlcj4KPGZvbnQgc2l6ZT01PjxiPuacrOaXpemWi+WCrOOBrjxicj7jg53jgqTjg7Pjg4h1cOOCpOODmeODs+ODiOOBrzxicj7ihpLihpLihpIg44GT44Gh44KJIOKGkOKGkOKGkDwvYj48L2ZvbnQ+Cjxocj48L2NlbnRlcj4KPGJyPg==,VmFsZW50aSDjg7TjgqHjg6zjg7Pjg4bjgqMgUkwtUENTLVdBSy0xIOODgOOCpOODj+ODhCDjgqbjgqfjgqTjgq8gTEE3MDDns7vnlKgg44K444Ol44Ko44OrTEVE44Or44O844Og44Op44Oz44OX44K744OD44OI77ya44Kv44Os44O844Or44Kq44Oz44Op44Kk44Oz44K344On44OD44OX,44Kq44O844OH44Kj44Kq44OG44Kv44OL44Kr44Kz44Og44OG44OD44Kv44K744Or44K544K/44O844Om44OU44OG44Or44Kr44O844Kq44O844OH44Kj44Kq6LuK6auY6Kq/44Os44O844OA44O85o6i55+l5qmf44OH44OD44OJ44OL44Oz44KwVmFsZW50aSDjg7TjgqHjg6zjg7Pjg4bjgqMgUkwtUENTLVdBSy0xIOODgOOCpOODj+ODhCDjgqbjgqfjgqTjgq8gTEE3MDDns7vnlKgg44K444Ol44Ko44OrTEVE44Or44O844Og44Op44Oz44OX44K744OD44OI,44CQ6YCB5paZ54Sh5paZIeOCq+ODvOODiU9LIeOAkeOAglZhbGVudGkg44O044Kh44Os44Oz44OG44KjIFJMLVBDUy1XQUstMSDjg4DjgqTjg4/jg4Qg44Km44Kn44Kk44KvIExBNzAw57O755SoIOOCuOODpeOCqOODq0xFROODq+ODvOODoOODqeODs+ODl+OCu+ODg+ODiA==[rn]
15-190265,aHR0cDovL3RzaG9wLnIxMHMuanAvY3JlZXIvY2FiaW5ldC8wNDQ5MDQ3Ni9pbWdyYzAwNjU0NDk4MzUuanBnP2ZpdGluPTcwMDo3MDA=,MzMzMi4wMDAw,,6LuK55So5ZOB44O744OQ44Kk44Kv55So5ZOBID4g44Kr44O855So5ZOBID4g44Op44Kk44OI44O744Op44Oz44OXID4g44Or44O844Og44Op44Oz44OX,VmFsZW50aSDjg7TjgqHjg6zjg7Pjg4bjgqMgVkw2NS1NTFRFIOOCuOODpeOCqOODq0xFROODq+ODvOODoOODqeODs+ODlyDjgJDjg57jg6vjg4Hjgr3jgrHjg4Pjg4jlr77lv5wvMzZMRUTmkK3ovInjgJEg44CQN+OBpOOBruOCq+ODqeODvOODkeOCv+ODvOODs+OCkuOCueOCpOODg+ODgeWIh+OCiuabv+OBiOWPr+iDvSHjgJE=,44CQ6YCB5paZ54Sh5paZIeOCq+ODvOODiU9LIeOAkQ==,,VmFsZW50aSDjg7TjgqHjg6zjg7Pjg4bjgqMgVkw2NS1NTFRFIOOCuOODpeOCqOODq0xFROODq+ODvOODoOODqeODs+ODlyDjgJDjg57jg6vjg4Hjgr3jgrHjg4Pjg4jlr77lv5wvMzZMRUTmkK3ovInjgJEg44CQN+OBpOOBruOCq+ODqeODvOODkeOCv+ODvOODs+OCkuOCueOCpOODg+ODgeWIh+OCiuabv+OBiOWPr+iDvSHjgJHvvJrjgq/jg6zjg7zjg6vjgqrjg7Pjg6njgqTjg7Pjgrfjg6fjg4Pjg5c=,44Kq44O844OH44Kj44Kq44OG44Kv44OL44Kr44Kz44Og44OG44OD44Kv44K744Or44K544K/44O844Om44OU44OG44Or44Kr44O844Kq44O844OH44Kj44Kq6LuK6auY6Kq/44Os44O844OA44O85o6i55+l5qmf44OH44OD44OJ44OL44Oz44KwVmFsZW50aSDjg7TjgqHjg6zjg7Pjg4bjgqMgVkw2NS1NTFRFIOOCuOODpeOCqOODq0xFROODq+ODvOODoOODqeODs+ODlyDjgJDjg57jg6vjg4Hjgr3jgrHjg4Pjg4jlr77lv5wvMzZMRUTmkK3ovInjgJEg44CQN+OBpOOBruOCq+ODqeODvOODkeOCv+ODvOODs+OCkuOCueOCpOODg+ODgeWIh+OCiuabv+OBiOWPr+iDvSHjgJE=,44CQ6YCB5paZ54Sh5paZIeOCq+ODvOODiU9LIeOAkeOAglZhbGVudGkg44O044Kh44Os44Oz44OG44KjIFZMNjUtTUxURSDjgrjjg6Xjgqjjg6tMRUTjg6vjg7zjg6Djg6njg7Pjg5cg44CQ44Oe44Or44OB44K944Kx44OD44OI5a++5b+cLzM2TEVE5pCt6LyJ44CRIOOAkDfjgaTjga7jgqvjg6njg7zjg5Hjgr/jg7zjg7PjgpLjgrnjgqTjg4Pjg4HliIfjgormm7/jgYjlj6/og70h44CR[rn]
15-190266,aHR0cDovL3RzaG9wLnIxMHMuanAvY3JlZXIvY2FiaW5ldC8wMzA4NTkyMS9pbWc2MTkyMjY1NC5qcGc/Zml0aW49NzAwOjcwMA==,OTYwMC4wMDAw,,6LuK55So5ZOB44O744OQ44Kk44Kv55So5ZOBID4g44Kr44O855So5ZOBID4g44Op44Kk44OI44O744Op44Oz44OXID4g44Or44O844Og44Op44Oz44OX,VmFsZW50aSDjg7TjgqHjg6zjg7Pjg4bjgqMgUkwtU0VULU5CWC0xIOODm+ODs+ODgCBOLUJPWCDvvIYgTi1CT1ggQ1VTVE9NIEpGMS8y57O7KOWFqOOCsOODrOODvOODieWvvuW/nCkg44K444Ol44Ko44OrTEVE44Or44O844Og44Op44Oz44OX44Os44Oz44K6IO+8hiDjgqTjg7Pjg4rjg7zjg6rjg5Xjg6zjgq/jgr/jg7zjgrvjg4Pjg4g=,44CQ6YCB5paZ54Sh5paZIeOCq+ODvOODiU9LIeOAkQ==,PGNlbnRlcj4KPGZvbnQgc2l6ZT01PjxiPuacrOaXpemWi+WCrOOBrjxicj7jg53jgqTjg7Pjg4h1cOOCpOODmeODs+ODiOOBrzxicj7ihpLihpLihpIg44GT44Gh44KJIOKGkOKGkOKGkDwvYj48L2ZvbnQ+Cjxocj48L2NlbnRlcj4KPGJyPgoKCjxpbWcgc3JjPWh0dHA6Ly9pbWFnZS5yYWt1dGVuLmNvLmpwL2NyZWVyL2NhYmluZXQvMDMwODU5MjEvaW1nNjE5MjE5NTkuanBnIHdpZHRoPTEwMCU+CgoKCgo8YnI+Cjxicj4KCjxicj4KCgoKPGltZyBzcmM9aHR0cDovL2ltYWdlLnJha3V0ZW4uY28uanAvY3JlZXIvY2FiaW5ldC8wMzA4NTkyMS9pbWc2MTkyMjY1NS5qcGcgd2lkdGg9MTAwJT4KCgo8YnI+CuODu+ODtOOCoeODrOODs+ODhuOCo+OBruOCuOODpeOCqOODq0xFROODq+ODvOODoOODqeODs+ODl+ODrOODs+OCuu+8huOCpOODs+ODiuODvOODquODleODrOOCr+OCv+ODvOOCu+ODg+ODiOOAgVJMLVNFVC1OQlgtMeOBp+OBmeOAggo8YnI+44O75Y2Y5L2T44Gn44Gu44Kt44Op44Kt44Op44GX44Gf6Lyd44GN44Go576O44GX44GV44KC44GV44KL44GT44Go44Gq44GM44KJ44CB5YWJ44Gu5ouh5pWj44KS5pyA5aSn44Gr55m65o+u44GZ44KLVmFsZW50aeeLrOiHquOBruOCr+ODquOCueOCv+ODq+OCq+ODg+ODiOODrOODs+OCuuOCkuaOoeeUqOOBl+OBpuOBhOOBvuOBmeOAggo8YnI+44O744Kk44Oz44OK44O844Oq44OV44Os44Kv44K/44O844Gv44Kv44Ot44O844Og44Oh44OD44Kt5Yqg5bel44GV44KM44Gm44GK44KK44CB55u057ea55qE44GqTEVE44Gu5YWJ44KS5Y+N5bCE77yG5ouh5pWj44GV44Gb44KL44GT44Go44Gn54K554Gv5pmC44KC5raI54Gv5pmC44KC6LuK5YaF5YWo5L2T44KS54WM44GL44Gb44G+44GZ44CCCjxicj7jg7vou4rnqK7lsILnlKjoqK3oqIjjgafku5bjgpLlr4TjgZvku5jjgZHjgarjgYTlhYnph4/jgpLnorrkv53jgZnjgovjgajlhbHjgavjgIHlj5bku5jjgoLntJTmraPjg6vjg7zjg6Djg6njg7Pjg5fjg6zjg7PjgrrjgajkuqTmj5vjgZnjgovjgaDjgZHjga7nsKHljZjlj5bku5jjgpLlrp/nj77jgZfjgabjgYTjgb7jgZnjgIIKPGJyPgo8YnI+44CQ6YGp5ZCI6LuK56iu44CRCjxicj7jg5vjg7Pjg4AgTi1CT1gmTi1CT1ggQ1VTVE9NIEpGMS8y57O7IOWFqOOCsOODrOODvOODieWvvuW/nO+8iOW5s+aIkDIz5bm0MTLmnIjvvZ4gTEVE44Or44O844OV54Wn5piO5LuY6LuK44KS6Zmk44GP77yJCjxCUj7igLvlubPmiJAyNeW5tDEy5pyI5Lul6ZmN55m76Yyy44Gu6LuK5Lih44Gr44KC6YGp5ZCI44GX44G+44GZCjxicj4KPGJyPuOAkOOCu+ODg+ODiOWGheWuueOAkQo8YnI+TEVE44Or44O844Og44Op44Oz44OXIO+8miDjg57jg4Pjg5fjg6njg7Pjg5fjgIHjg6rjgqLjg6vjg7zjg6Djg6njg7Pjg5cKPGJyPuODrOODs+OCuu+8huOCpOODs+ODiuODvOODquODleODrOOCr+OCv+ODvCDvvJog44Oe44OD44OX44Op44Oz44OX55So44CB44Oq44Ki44Or44O844Og44Op44Oz44OX55So,VmFsZW50aSDjg7TjgqHjg6zjg7Pjg4bjgqMgUkwtU0VULU5CWC0xIOODm+ODs+ODgCBOLUJPWCDvvIYgTi1CT1ggQ1VTVE9NIEpGMS8y57O7KOWFqOOCsOODrOODvOODieWvvuW/nCkg44K444Ol44Ko44OrTEVE44Or44O844Og44Op44Oz44OX44Os44Oz44K6IO+8hiDjgqTjg7Pjg4rjg7zjg6rjg5Xjg6zjgq/jgr/jg7zjgrvjg4Pjg4jvvJrjgq/jg6zjg7zjg6vjgqrjg7Pjg6njgqTjg7Pjgrfjg6fjg4Pjg5c=,44Kq44O844OH44Kj44Kq44OG44Kv44OL44Kr44Kz44Og44OG44OD44Kv44K744Or44K544K/44O844Om44OU44OG44Or44Kr44O844Kq44O844OH44Kj44Kq6LuK6auY6Kq/44Os44O844OA44O85o6i55+l5qmf44OH44OD44OJ44OL44Oz44KwVmFsZW50aSDjg7TjgqHjg6zjg7Pjg4bjgqMgUkwtU0VULU5CWC0xIOODm+ODs+ODgCBOLUJPWCDvvIYgTi1CT1ggQ1VTVE9NIEpGMS8y57O7KOWFqOOCsOODrOODvOODieWvvuW/nCkg44K444Ol44Ko44OrTEVE44Or44O844Og44Op44Oz44OX44Os44Oz44K6IO+8hiDjgqTjg7Pjg4rjg7zjg6rjg5Xjg6zjgq/jgr/jg7zjgrvjg4Pjg4g=,44CQ6YCB5paZ54Sh5paZIeOCq+ODvOODiU9LIeOAkeOAglZhbGVudGkg44O044Kh44Os44Oz44OG44KjIFJMLVNFVC1OQlgtMSDjg5vjg7Pjg4AgTi1CT1gg77yGIE4tQk9YIENVU1RPTSBKRjEvMuezuyjlhajjgrDjg6zjg7zjg4nlr77lv5wpIOOCuOODpeOCqOODq0xFROODq+ODvOODoOODqeODs+ODl+ODrOODs+OCuiDvvIYg44Kk44Oz44OK44O844Oq44OV44Os44Kv44K/44O844K744OD44OI[rn]
15-190267,aHR0cDovL3RzaG9wLnIxMHMuanAva3Vyb2Z1bmVnbG91cC9jYWJpbmV0L2xlZF9idWxiL2ltZ3JjMDA2OTExODU2OC5qcGc/Zml0aW49NzAwOjcwMA==,MTYwMC4wMDAw,,6LuK55So5ZOB44O744OQ44Kk44Kv55So5ZOBID4g44Kr44O855So5ZOBID4g44Op44Kk44OI44O744Op44Oz44OXID4g44Or44O844Og44Op44Oz44OX,77y844Od44Kk44Oz44OI44Ki44OD44OX56Wt44KK77yB5bqX5YaF5YWo5ZOB44Od44Kk44Oz44OIMTDlgI3vvI9UMTAgTEVEIOODluODreODs+OCuuOCqOODg+OCuCDniYfpnaLnmbrlhYkgM+W9oueKtiDpgbjmip7liLYgMuWAi+OCu+ODg+ODiCDimIXjg43jgrPjg53jgrnpmZDlrprpgIHmlpnnhKHmlpk=,5qyh5LiW5Luj5Z6LIOODh+OCtuOCpOODs0xFRCDlhYnph4/jgaDjgZHjgafjgarjgY/jg4fjgrbjgqTjg7PmgKfjgoLmsYLjgoHjgovmmYLku6Pjgbg=,PGltZyBzcmM9Imh0dHA6Ly93d3cucmFrdXRlbi5uZS5qcC9nb2xkL2t1cm9mdW5lZ2xvdXAvc2hvdXNhaV9pbWcvNzgwX2Jyb256ZV9lZGdlX2RldGFpbC5qcGciIHdpZHRoPSIxMDAlIj48YnIgLz48YnIgLz4KPGZvbnQgc2l6ZT0iKzIiPkJST05aRS1FREdFIFQxMCBMRUTjg5Djg6vjg5Y8L2ZvbnQ+PGJyIC8+PGJyPgoK5Y+w5rm+5pyA5aSn44GuTEVE44Oh44O844Kr44O8RVZFUiBMSUdIVOekvuijveOBrjI4MzVjaGlw44OB44OD44OX5o6h55SoPGJyPgrku5bjga48YnI+CuODgeODg+ODl+OCiOOCiueCueeBr+inkuOBjOW6g+OBhDEyMMKw44Gn44CB5piO44KL44GP54Wn44KJ44GX44G+44GZ44CCPGJyPjxicj4KCgrjg5bjg63jg7PjgrrDl+ODluODq+ODvOOBruWEquOCjOOBn+ODh+OCtuOCpOODs+aApzxicj4K5b6T5p2l5ZOB44Gr5q+U44G544CB5Zyn5YCS55qE44Gq5a2Y5Zyo5oSf44Go44K544K/44Kk44Oq44OD44K344Ol44Gq6KaL44Gf55uu77yBPGJyPjxicj4KCkxFROODkOODq+ODluOBr+WFieOBoOOBkeOBp+OBr+OBquOBj+OAgeODh+OCtuOCpOODs+aAp+OCguaxguOCgeOCi+aZguS7o+OBuOOAgTxicj4K5aSn5Lq644Gq5reh44GE44OW44Or44O85Z+655uk44CC5YWJ44Gg44GR44GY44KD44Gq44GE6KaL44Gf55uu44Gr44KC5b655bqV44GX44G+44GX44Gf44CCPGJyPjxicj4KCgrjgZXjgonjgavnsKHljZjjgaflronlv4MhITxicj4K5o6l6Kem5LiN6Imv44Gr44KI44KL5LiN54K554Gv44KE54K55ruF44KS6Ziy5q2i44GZ44KL6Kit6KiI44CCPGJyPjxicj4KCuW+k+adpeWTgeOBrumHnemHkeerr+WtkOOBruijveWTgeOBqOOBr+eVsOOBquOCiuOAgeaOpeeCueOBjOW6g+OBhOOBn+OCgeaOpeinpuS4jeiJr+OCkumYsuatouOBl+OAgemAmumbu+aAp+OBjOiJr+OBj+OBquOCiuS4jeeCueeBr+OChOeCuea7heOBqOOBhOOBhueXh+eKtuOBjOOBiuOBjeOBq+OBj+OBhOioreioiOOBqOOBquOBo+OBpuOBiuOCiuOAgeS4gOmDqOeEoealteaAp+ODkOODq+ODluOBq+OBquOCiuOBvuOBmeOBruOBp+OAgeWIneW/g+iAheOBp+OCguWuieW/g+OBruewoeWNmOijheedgO+8gTxicj48YnI+CgrilqDllYblk4HlhoXlrrk8YnI+Ci0tLS0tLS0tLS0tLS0tLS0tLS0tLS0tLS0tLS0tLS0tLS0tLS0tLS0tLS0tLS0tLS0tLS0tLS0tLS0tLS08YnI+PGJyPgoK44O7VDEwIOeJh+mdoueZuuWFiSA0TEVE44CAMuWAizHjgrvjg4Pjg4g8YnI+CueEoealteaApzxicj48YnI+Cgrjg4Hjg4Pjg5fmlbDvvJo0PGJyPgrjgrXjgqTjgroo57SEKe+8mumVt+OBlS8yNi4wbW0g5bmFLzguOW1tPGJyPjxicj4KCgrniYfpnaLjgatTTUTjgYzku5jjgYTjgabjgYrjgorjgIHkuIvjgpLjgojjgY/nhafjgonjgZnjga7jgafjg4rjg7Pjg5Djg7znga/jgavmnIDpganjgafjgZnjgII8YnI+CuOCveOCseODg+ODiOOBq+W3ruOBl+i+vOOCgOOBoOOBkeOBruewoeWNmOijheedgOOBp+OBmeOAguOBneOBruS7luOBq+ODneOCuOOCt+ODp+ODs+eQg+ODu+ODq+ODvOODoOeQg+ODu+ODieOCouODqeODs+ODl+ODu+ODkOODg+OCr+ODqeODs+ODl+OBquOBqeOBq+OCguacgOmBqeOBp+OBmeOAgjxicj48YnI+CgotLS0tLS0tLS0tLS0tLS0tLS0tLS0tLS0tLS0tLS0tLS0tLS0tLS0tLS0tLS0tLS0tLS0tLS0tLS0tLS0tPGJyPjxicj4KCuODu1QxMCDmraPpnaLnmbrlhYkgM0xFROOAgDLlgIsx44K744OD44OIPGJyPgrnhKHmpbXmgKc8YnI+PGJyPgoK44OB44OD44OX5pWw77yaMzxicj4K44K144Kk44K6KOe0hCnvvJrplbfjgZUvMjUuM21tIOW5hS8xNC4zbW08YnI+PGJyPgoK6Lu96YeP44O744Kz44Oz44OR44Kv44OI6Kit6KiI44Gn5LuK44G+44Gn5Y+W44KK5LuY44GR44Gr44GP44GL44Gj44Gf5aC05omA44Gr44KC5Y+W44KK5LuY44GR44KJ44KM44Gm44CB5bCP44GV44GE44Gr44KC6Zai44KP44KJ44Ga5piO44KL44GV44Gv5Y2B5YiG77yBPGJyPgrjg53jgrjjgrfjg6fjg7PnkIPjg7vjg6vjg7zjg6DnkIPjg7vjgqvjg7zjg4bjgrfjg6njg7Pjg5fjg7vjg4rjg7Pjg5Djg7znga/jgarjganjgavmnIDpganjgafjgZnjgILigLvlt67jgZfovrzjgb/lvaLnirbjg7vjgrXjgqTjgrrjgarjganjgpLjgojjgY/jgZTnorroqo3kuIvjgZXjgYTjgII8YnI+PGJyPgoKLS0tLS0tLS0tLS0tLS0tLS0tLS0tLS0tLS0tLS0tLS0tLS0tLS0tLS0tLS0tLS0tLS0tLS0tLS0tLS0tLTxicj48YnI+Cgrjg7tUMTAgMjltbeeJh+mdoueZuuWFiSA0TEVE44CAMuWAizHjgrvjg4Pjg4g8YnI+CuKAu+OBk+OBoeOCieOBruODkOODq+ODluOBq+OBr+alteaAp+OBjOOBlOOBluOBhOOBvuOBmeOAgjxicj48YnI+Cgrjg4Hjg4Pjg5fmlbDvvJo0PGJyPgrjgrXjgqTjgroo57SEKe+8mumVt+OBlS8yNy4zbW0g5bmFLzE0LjRtbTxicj48YnI+Cgo06YCjTEVE44OQ44Or44OW44Gn5p6V5Z6L44Or44O844Og44Op44Oz44OX44CCPGJyPgo06YCj44Gn6Lu96YeP44Kz44Oz44OR44Kv44OI44Gr44KC6Zai44KP44KJ44Ga44GL44Gq44KK44Gu5piO44KL44GV44CCPGJyPgoK5a6k5YaF44GM44GL44Gq44KK5piO44KL44GP44Gq44KK44G+44GZ44CCPGJyPgrjg6vjg7zjg6Djg6njg7Pjg5fjg7vjg6njgrLjg4Pjgrjjg6njg7Pjg5fjgarjganjgavmnIDpganjgafjgZnjgII8YnI+PGJyPgoKLS0tLS0tLS0tLS0tLS0tLS0tLS0tLS0tLS0tLS0tLS0tLS0tLS0tLS0tLS0tLS0tLS0tLS0tLS0tLS0tLQ==,77y844Od44Kk44Oz44OI44Ki44OD44OX56Wt44KK77yB5bqX5YaF5YWo5ZOB44Od44Kk44Oz44OIMTDlgI3vvI9UMTAgTEVEIOODluODreODs+OCuuOCqOODg+OCuCDniYfpnaLnmbrlhYkgM+W9oueKtiDpgbjmip7liLYgMuWAi+OCu+ODg+ODiCDimIXjg43jgrPjg53jgrnpmZDlrprpgIHmlpnnhKHmlpnvvJrpu5LoiLnjgrDjg6vjg7zjg5c=,44Ks44Op44K544Kz44O844OG44Kj44Oz44Kw44OJ44Ki44OQ44Kk44K244O844Oh44OD44Kt44OR44O844OE44Km44Kk44Oz44Kr44O844Od44K444K344On44Oz44Kt44OD44OI44Ov44Kk44OJ44OI44Os44OD44OJ44K544Oa44O844K144O844Oq44Og44Ks44O844OJ44Op44OQ44O844K544OX44Os44O844Os44O044Kp44O844Kw44Ko44Ki44Ot44Ov44Kk44OR44O844K544OX44Os44O844OV44Kj44Or44Og44Od44Kx44OD44OI44Oe44OD44OI44Os44O844K344Oz44Kw44OK44OD44OI44Op44OQ44O844Oe44OD44OI44Ki44Or44OV44Kh44O844OJ44O044Kp44Kv44K344O844OO44Ki44O044Kn44Or44OV44Kh44Kk44Ki44OX44Oq44Km44K544OP44Kk44Ko44O844K544K444Og44OL44O877y844Od44Kk44Oz44OI44Ki44OD44OX56Wt44KK77yB5bqX5YaF5YWo5ZOB44Od44Kk44Oz44OIMTDlgI3vvI9UMTAgTEVEIOODluODreODs+OCuuOCqOODg+OCuCDniYfpnaLnmbrlhYkgM+W9oueKtiDpgbjmip7liLYgMuWAi+OCu+ODg+ODiCDimIXjg43jgrPjg53jgrnpmZDlrprpgIHmlpnnhKHmlpk=,5qyh5LiW5Luj5Z6LIOODh+OCtuOCpOODs0xFRCDlhYnph4/jgaDjgZHjgafjgarjgY/jg4fjgrbjgqTjg7PmgKfjgoLmsYLjgoHjgovmmYLku6PjgbjjgILvvLzjg53jgqTjg7Pjg4jjgqLjg4Pjg5fnpa3jgorvvIHlupflhoXlhajlk4Hjg53jgqTjg7Pjg4gxMOWAje+8j1QxMCBMRUQg44OW44Ot44Oz44K644Ko44OD44K4IOeJh+mdoueZuuWFiSAz5b2i54q2IOmBuOaKnuWItiAy5YCL44K744OD44OIIOKYheODjeOCs+ODneOCuemZkOWumumAgeaWmeeEoeaWmQ==[rn]
15-190268,aHR0cDovL3RzaG9wLnIxMHMuanAva3Vyb2Z1bmVnbG91cC9jYWJpbmV0L2xlZC8wNDI4OTI1NS9pbWdyYzAwNzAyNjA4OTAuanBnP2ZpdGluPTcwMDo3MDA=,MjYzMi4wMDAw,,6LuK55So5ZOB44O744OQ44Kk44Kv55So5ZOBID4g44Kr44O855So5ZOBID4g44Op44Kk44OI44O744Op44Oz44OXID4g44Or44O844Og44Op44Oz44OX,44Or44O844Og44Op44Oz44OXIOODl+ODquOCpuOCuc6xIFpWVzQwIFpWVzQxIOOCteODs+ODq+ODvOODleeEoei7iiDlsILnlKgg6auY6Lyd5bqmIDk455m6IFNNRCDlrqTlhoXnga8gMTLngrnjgrvjg4Pjg4ggKOODjeOCs+ODneOCuemZkOWumumAgeaWmeeEoeaWmSk=,TEVEIFNNRCDjg6vjg7zjg6Djg6njg7Pjg5cg5a6k5YaF54GvIOODl+ODquOCpuOCuc6xIFpWVzQwIFpWVzQxIFBSSVVTIM6x,PGltZyBzcmM9Imh0dHA6Ly9pbWFnZS5yYWt1dGVuLmNvLmpwL2t1cm9mdW5lZ2xvdXAvY2FiaW5ldC9sZWQvMDQyODkyNTUvaW1ncmMwMDcwMjYwODkwLmpwZyIgd2lkdGg9IjEwMCUiPjxicj4KPGltZyBzcmM9Imh0dHA6Ly9pbWFnZS5yYWt1dGVuLmNvLmpwL2t1cm9mdW5lZ2xvdXAvY2FiaW5ldC9sZWQvMDQyODkyNTUvaW1ncmMwMDY2MzUyNzg5LmpwZyIgd2lkdGg9IjEwMCUiPjxicj4KPGltZyBzcmM9Imh0dHA6Ly9pbWFnZS5yYWt1dGVuLmNvLmpwL2t1cm9mdW5lZ2xvdXAvY2FiaW5ldC9sZWQvMDQyODkyNTUvaW1ncmMwMDY2MzUyNzkwLmpwZyIgd2lkdGg9IjEwMCUiPjxicj48YnI+CgoKPGZvbnQgY29sb3I9InJlZCI+44OX44Oq44Km44K5zrEgNDDns7vnlKggTEVE44Or44O844Og44Op44Oz44OXMTJQIDNDaGlwcyBTTUQgOTjnmbogPEJSPjxCUj48L2ZvbnQ+Cgrjgojjgorjg6njgrDjgrjjg6XjgqLjg6rjg7zjgafjgrnjgr/jgqTjg6rjg4Pjgrfjg6XjgarlrqTlhoXjgavlpInouqvjgIE8QlI+CuOBguOBquOBn+OBruOCu+ODs+OCueOCkuOCueODnuODvOODiOOBq+eFjOOCgeOBi+OBm+OBvuOBmeOAgiA8QlI+PEJSPgoKPGZvbnQgY29sb3I9InJlZCI+TEVE54m55pyJ44Gu6auY6Lyd5bqm44O76auY5ouh5pWj5oCn44O755yB6Zu75YqbPEJSPjwvZm9udD4K44OO44O844Oe44Or44Gu5a6k5YaF44Op44Oz44OX44Gu57SEMu+9njPlgI3jgIJTTUQgTEVE5L2/55So44Gu44Gf44KB44CB6auY44GE6Lyd5bqm44O75ouh5pWj5oCn44Gn5a6k5YaF44KS5piO44KL44GP44CB6Laz5YWD44G+44Gn54Wn44KJ44GX5Ye644GX44G+44GZ44CCPEJSPgrjgb7jgZ/jgIExMDAwMOaZgumWk+S7peS4iuOBrumVt+Wvv+WRveOAgua2iOiyu+mbu+WKm+OCguWwkeOBquOBhOOBruOBp+OAgeODkOODg+ODhuODquODvOOBuOOBruiyoOiNt+OCguWKh+eahOOBq+i7vea4m+OBp+OBjeOBvuOBmeOAgjxCUj48QlI+Cgo8Zm9udCBjb2xvcj0icmVkIj7ou4rlhoXjga7pm7Dlm7LmsJfjgpLkuIDlpInjgZXjgZvjgovnvo7jgZfjgYTnmb3jgZU8QlI+PC9mb250PgrmhJvou4rjga7jgqTjg7Pjg4bjg6rjgqLjgpLntJTmraPjga7oloTmmpfjgYTjgqrjg6zjg7Pjgrjjgafjga/ljYHliIbjgavooajnj77jgafjgY3jgb7jgZvjgpPjgII8QlI+CjNDaGlwc0xFROOBq+WkieOBiOOCi+OBk+OBqOOBp+OAgeS4iuWTgeOBp+OBvuOBsOOChuOBhOeZveOBhOWFieOBjOWupOWGheOBq+mZjeOCiuazqOOBjuOAgeODqeOCsOOCuOODpeOCouODquODvOOBqumbsOWbsuawl+OBq+WMheOBv+i+vOOBvuOCjOOBvuOBmeOAgjxCUj48QlI+Cgo8Zm9udCBjb2xvcj0icmVkIj7jg6bjg4vjg4Pjg4jjgavjg5njgrnjg4jjg5XjgqPjg4Pjg4jjgIHnsKHljZjjgarlj5bku5jmgKfog708QlI+PC9mb250Pgog57SU5q2j44Gu44Om44OL44OD44OI44Gr44G044Gj44Gf44KK44OV44Kj44OD44OI44GZ44KL57mK57Sw44Gq6Kit6KiI44CCPEJSPgrjgo/jgZrjgYvjgarpmpnplpPjgavjgoJMRUTjgpLphY3nva7jgafjgY3jgIHmmI7jgovjgZXjgYzmoLzmrrXjgavjgqLjg4Pjg5fjgZfjgb7jgZnjgII8QlI+CuWPluS7mOOCgue0lOato+mbu+eQg+OBqOS6pOaPm+OBmeOCi+OBoOOBkeOAgjE15YiG772eMzDliIbnqIvluqbjga7nsKHljZjkvZzmpa3jgafjgZnjgII8QlI+PEJSPgoK4pag5ZWG5ZOB5qeL5oiQPEJSPgrjgrvjg7Pjgr/jg7zvvJoyMExFRMOXMTxCUj4K44OV44Ot44Oz44OI77yaMThMRUTDlzI8QlI+CuODkOODi+ODhuOCo++8mjlMRUTDlzI8QlI+CuODqeOCsuODg+OCuO+8mjRMRUTDlzEK44Od44K444K344On44Oz77yaNUxFRMOXMjxCUj4K44OK44Oz44OQ44O877yaNUxFRMOXMjxCUj4KNueCueOCu+ODg+ODiOWQiOioiO+8mjk4TEVECgoK4pag6YGp5ZCI6LuK56iuPEJSPgrjg5fjg6rjgqbjgrnOsSA0MOezuyjjgrXjg7Pjg6vjg7zjg5XnhKHou4rnlKgpPEJSPjxCUj4KCgoK4pag44GU5rOo5oSPPEJSPgrigLtMRUTjgavjga/mpbXmgKfjgYzjgZTjgZbjgYTjgb7jgZnjga7jgafjgIHngrnnga/jgZfjgarjgYTloLTlkIjjga/lj43lr77lkJHjgY3jgavlt67jgZfovrzjgpPjgafjgY/jgaDjgZXjgYTjgII8QlI+CuKAu+OBhOOBi+OBquOCi+WgtOWQiOOBp+OCguWPluOCiuS7mOOBkeOBq+aOm+OBi+OBo+OBn+W3peizg+OChOOAgeegtOaQjemDqOWTgeOBruW8geWEn+OBquOBqeOBr+ihjOOBhOOBvuOBm+OCk+OAgg==,44Or44O844Og44Op44Oz44OXIOODl+ODquOCpuOCuc6xIFpWVzQwIFpWVzQxIOOCteODs+ODq+ODvOODleeEoei7iiDlsILnlKgg6auY6Lyd5bqmIDk455m6IFNNRCDlrqTlhoXnga8gMTLngrnjgrvjg4Pjg4ggKOODjeOCs+ODneOCuemZkOWumumAgeaWmeeEoeaWmSnvvJrpu5LoiLnjgrDjg6vjg7zjg5c=,44Ks44Op44K544Kz44O844OG44Kj44Oz44Kw44OJ44Ki44OQ44Kk44K244O844Oh44OD44Kt44OR44O844OE44Km44Kk44Oz44Kr44O844Od44K444K344On44Oz44Kt44OD44OI44Ov44Kk44OJ44OI44Os44OD44OJ44K544Oa44O844K144O844Oq44Og44Ks44O844OJ44Op44OQ44O844K544OX44Os44O844Os44O044Kp44O844Kw44Ko44Ki44Ot44Ov44Kk44OR44O844K544OX44Os44O844OV44Kj44Or44Og44Od44Kx44OD44OI44Oe44OD44OI44Os44O844K344Oz44Kw44OK44OD44OI44Op44OQ44O844Oe44OD44OI44Ki44Or44OV44Kh44O844OJ44O044Kp44Kv44K344O844OO44Ki44O044Kn44Or44OV44Kh44Kk44Ki44OX44Oq44Km44K544OP44Kk44Ko44O844K544K444Og44OL44O844Or44O844Og44Op44Oz44OXIOODl+ODquOCpuOCuc6xIFpWVzQwIFpWVzQxIOOCteODs+ODq+ODvOODleeEoei7iiDlsILnlKgg6auY6Lyd5bqmIDk455m6IFNNRCDlrqTlhoXnga8gMTLngrnjgrvjg4Pjg4ggKOODjeOCs+ODneOCuemZkOWumumAgeaWmeeEoeaWmSk=,TEVEIFNNRCDjg6vjg7zjg6Djg6njg7Pjg5cg5a6k5YaF54GvIOODl+ODquOCpuOCuc6xIFpWVzQwIFpWVzQxIFBSSVVTIM6x44CC44Or44O844Og44Op44Oz44OXIOODl+ODquOCpuOCuc6xIFpWVzQwIFpWVzQxIOOCteODs+ODq+ODvOODleeEoei7iiDlsILnlKgg6auY6Lyd5bqmIDk455m6IFNNRCDlrqTlhoXnga8gMTLngrnjgrvjg4Pjg4ggKOODjeOCs+ODneOCuemZkOWumumAgeaWmeeEoeaWmSk=[rn]
15-190269,aHR0cDovL3RzaG9wLnIxMHMuanAva3Vyb2Z1bmVnbG91cC9jYWJpbmV0L2ludGVyaW9yLzA0NjQyNjQzLzA0NzA3NjM1L25jX3NfMDEuanBnP2ZpdGluPTcwMDo3MDA=,MzY3Mi4wMDAw,,6LuK55So5ZOB44O744OQ44Kk44Kv55So5ZOBID4g44Kr44O855So5ZOBID4g44Op44Kk44OI44O744Op44Oz44OXID4g44Or44O844Og44Op44Oz44OX,44Or44O844Og44Op44Oz44OX44Os44Oz44K6IDMw44Ki44Or44OV44Kh44O844OJIDMw44O044Kn44Or44OV44Kh44Kk44KiIDMw57O7IOODqeOCpOODiOOCueODouODvOOCryAxMOaemuOCu+ODg+ODiA==,44Kv44Oq44Ki44Os44Oz44K6IOODrOODs+OCuuOCq+ODkOODvCDjgq/jg6rjgrnjgr/jg6vjg6zjg7Pjgrog44OA44Kk44Ok44Kr44OD44OIIOaLoeaVow==,PHA+PGltZyBzcmM9Imh0dHA6Ly9pbWFnZS5yYWt1dGVuLmNvLmpwL2t1cm9mdW5lZ2xvdXAvY2FiaW5ldC9pbnRlcmlvci8wNDY0MjY0My8wNDcwNzYzNS9uY19zX2R0XzAyLmpwZyIgd2lkdGg9IjEwMCUiPgogIDxpbWcgc3JjPSJodHRwOi8vaW1hZ2UucmFrdXRlbi5jby5qcC9rdXJvZnVuZWdsb3VwL2NhYmluZXQvaW50ZXJpb3IvMDQ2NDI2NDMvMDQ3MDc2MzUvbmNfc19kdF8wMy5qcGciIHdpZHRoPSIxMDAlIiAvPgogIDxpbWcgc3JjPSJodHRwOi8vaW1hZ2UucmFrdXRlbi5jby5qcC9rdXJvZnVuZWdsb3VwL2NhYmluZXQvaW50ZXJpb3IvMDQ2NDI2NDMvMDQ3MDc2MzUvbmNfc19kdF8wNS5qcGciIHdpZHRoPSIxMDAlIiAvPjxicj4KICA8Zm9udCBzaXplPSIrMiI+5paw5Z6LMzDjgqLjg6vjg5XjgqHjg7zjg4kv44O044Kn44Or44OV44Kh44Kk44Ki5bCC55So44Kv44Oq44Ki44Os44Oz44K644Kr44OQ44O8IOOCueODouODvOOCry52ZXI8L2ZvbnQ+PGJyIC8+CiAgPGJyPgogIOOBpOOBhOOBq+eZuuWjsu+8geW+heacm+OBruOCueODouODvOOCryDjg5Djg7zjgrjjg6fjg7PvvIE8YnI+PGJyPgogIOOCueODouODvOOCr+OBq+OCiOOCi+ODpuODi+ODg+ODiOOBqOOBruS4gOS9k+aEn+OCkuW+l+OCieOCjOOBvuOBmeOAgjxicj4KICDjgrnjg6Ljg7zjgq/jg6zjg7PjgrrjgavjgojjgovjgIHlpKfkurrjgarpm7Dlm7LmsJfjgajjgqvjg4PjgrPjgojjgZXjgII8YnI+CiAg44Kv44Oq44K544K/44Or44Kr44OD44OI44Os44Oz44K644Gr44KI44KL5bqD56+E5Zuy54Wn5bCE44KS5a6f54++44GV44Gb44G+44GX44Gf44CCPGJyIC8+CiAgPGJyIC8+CiAg4pag44K744OD44OI5YaF5a65PGJyIC8+CiAg44Ko44Ki44OQ44Or44OW44Kt44Oj44OD44OX44CAw5flkIzoibI05YCLPGJyIC8+CiAgPGJyIC8+CiAg4pag6YGp5ZCI6LuK56iuPGJyPgogIOOAkOi7iueoruOAkeOCouODq+ODleOCoeODvOODiTxiciAvPgogIOOAkOW5tOW8j+OAkUgyNy4x772ePGJyIC8+CiAg44CQ44Kw44Os44O844OJ44CRU0HjgIFT4oCcQeODkeODg+OCseODvOOCuOKAneOAgVPjgIFY44CB44OP44Kk44OW44Oq44OD44OJWDxiciAvPgogIOOAkOWei+W8j+OAkUFZSDMwVy9HR0gzMFcvR0dIMzVXL0FHSDMwVy9BR0gzNVc8YnIgLz4KICDjgJDkuI3pganlkIjjgJHntJTmraNMRUToo4XnnYDou4rpganlkIjkuI3lj688YnIgLz4KICA8YnIgLz4KICDjgJDou4rnqK7jgJHjg7Tjgqfjg6vjg5XjgqHjgqTjgqI8YnIgLz4KICDjgJDlubTlvI/jgJFIMjcuMe+9njxiciAvPgogIOOAkOOCsOODrOODvOODieOAkVpB44CBWuKAnEHjgqjjg4fjgqPjgrfjg6fjg7PigJ3jgIFa44CBWOOAgeODj+OCpOODluODquODg+ODiVg8YnIgLz4KICDjgJDlnovlvI/jgJFBWUgzMFcvR0dIMzBXL0dHSDM1Vy9BR0gzMFcvQUdIMzVXIDxiciAvPgogIOOAkOS4jemBqeWQiOOAkee0lOato0xFROijheedgOi7iumBqeWQiOS4jeWPrzwvcD4KCjxicj48YnI+Cjxmb250IGNvbG9yPSJyZWQiPjxiPuKWvOmWoumAo+WVhuWTgeOBiuOBmeOBmeOCgeWTgTwvYj48L2ZvbnQ+Cgo8dGFibGUgIGFsaWduPSJjZW50ZXIiPgo8dHI+Cjx0ZD48aW1nIHNyYz0iaHR0cDovL3RodW1ibmFpbC5pbWFnZS5yYWt1dGVuLmNvLmpwL0AwX21hbGwva3Vyb2Z1bmVnbG91cC9jYWJpbmV0L2xlZC8wNDI4OTI1NS9hel9oYW55b3UvaW1ncmMwMDcwODA1ODA0LmpwZyIgd2lkdGg9IiAxMDAlIj48QlI+MzDjgqLjg6vjg5XjgqHjg7zjg4kgMzDjg7Tjgqfjg6vjg5XjgqHjgqTjgqIgMzDns7sg44Or44O844Og44Op44Oz44OXIExFRCDjg6bjg4vjg4Pjg4g8YnI+PC90ZD4KCjx0ZD48aW1nIHNyYz0iaHR0cDovL3RodW1ibmFpbC5pbWFnZS5yYWt1dGVuLmNvLmpwL0AwX21hbGwva3Vyb2Z1bmVnbG91cC9jYWJpbmV0L2ludGVyaW9yLzA0NjQyNjQzL2ltZ3JjMDA3MDgyNjU0MS5qcGciIHdpZHRoPSIgMTAwJSI+PEJSPuODq+ODvOODoOODqeODs+ODl+ODrOODs+OCuiAzMOOCouODq+ODleOCoeODvOODiSAzMOODtOOCp+ODq+ODleOCoeOCpOOCoiDjg5/jg6vjgq3jg7zjg5vjg6/jgqTjg4g8YnI+PC90ZD4KCjx0ZD48aW1nIHNyYz0iaHR0cDovL3RodW1ibmFpbC5pbWFnZS5yYWt1dGVuLmNvLmpwL0AwX21hbGwva3Vyb2Z1bmVnbG91cC9jYWJpbmV0L2ludGVyaW9yLzA0NjQyNjQzL2ltZ3JjMDA3MDgyNjU0NS5qcGciIHdpZHRoPSIgMTAwJSI+PEJSPjMw44Ki44Or44OV44Kh44O844OJIDMw44O044Kn44Or44OV44Kh44Kk44KiIExFROODq+ODvOODoOODqeODs+ODlyDvvIsg44Os44Oz44K644Kr44OQ44O844K744OD44OIPGJyPjwvdGQ+CgoKCjx0ZD48aW1nIHNyYz0iaHR0cDovL3RodW1ibmFpbC5pbWFnZS5yYWt1dGVuLmNvLmpwL0AwX21hbGwva3Vyb2Z1bmVnbG91cC9jYWJpbmV0L2ludGVyaW9yLzA0NjQyNjQzL2ltZ3JjMDA3MDA3MjIyNC5qcGciIHdpZHRoPSIgMTAwJSI+PEJSPuODq+ODvOODoOODqeODs+ODl+ODrOODs+OCuiAzMOOCouODq+ODleOCoeODvOODiSAzMOODtOOCp+ODq+ODleOCoeOCpOOCoiDjgq/jg6rjgqIgMTDmnprjgrvjg4Pjg4g8YnI+PC90ZD4KCjwvdHI+CjwvdGFibGU+,44Or44O844Og44Op44Oz44OX44Os44Oz44K6IDMw44Ki44Or44OV44Kh44O844OJIDMw44O044Kn44Or44OV44Kh44Kk44KiIDMw57O7IOODqeOCpOODiOOCueODouODvOOCryAxMOaemuOCu+ODg+ODiO+8mum7kuiIueOCsOODq+ODvOODlw==,44Ks44Op44K544Kz44O844OG44Kj44Oz44Kw44OJ44Ki44OQ44Kk44K244O844Oh44OD44Kt44OR44O844OE44Km44Kk44Oz44Kr44O844Od44K444K344On44Oz44Kt44OD44OI44Ov44Kk44OJ44OI44Os44OD44OJ44K544Oa44O844K144O844Oq44Og44Ks44O844OJ44Op44OQ44O844K544OX44Os44O844Os44O044Kp44O844Kw44Ko44Ki44Ot44Ov44Kk44OR44O844K544OX44Os44O844OV44Kj44Or44Og44Od44Kx44OD44OI44Oe44OD44OI44Os44O844K344Oz44Kw44OK44OD44OI44Op44OQ44O844Oe44OD44OI44Ki44Or44OV44Kh44O844OJ44O044Kp44Kv44K344O844OO44Ki44O044Kn44Or44OV44Kh44Kk44Ki44OX44Oq44Km44K544OP44Kk44Ko44O844K544K444Og44OL44O844Or44O844Og44Op44Oz44OX44Os44Oz44K6IDMw44Ki44Or44OV44Kh44O844OJIDMw44O044Kn44Or44OV44Kh44Kk44KiIDMw57O7IOODqeOCpOODiOOCueODouODvOOCryAxMOaemuOCu+ODg+ODiA==,44Kv44Oq44Ki44Os44Oz44K6IOODrOODs+OCuuOCq+ODkOODvCDjgq/jg6rjgrnjgr/jg6vjg6zjg7Pjgrog44OA44Kk44Ok44Kr44OD44OIIOaLoeaVo+OAguODq+ODvOODoOODqeODs+ODl+ODrOODs+OCuiAzMOOCouODq+ODleOCoeODvOODiSAzMOODtOOCp+ODq+ODleOCoeOCpOOCoiAzMOezuyDjg6njgqTjg4jjgrnjg6Ljg7zjgq8gMTDmnprjgrvjg4Pjg4g=[rn]
15-190270,aHR0cDovL3RzaG9wLnIxMHMuanAva3Vyb2Z1bmVnbG91cC9jYWJpbmV0L2ludGVyaW9yLzA0NjQyNjQzL2ltZ3JjMDA3MDA3MjIyNC5qcGc/Zml0aW49NzAwOjcwMA==,MzQyNC4wMDAw,,6LuK55So5ZOB44O744OQ44Kk44Kv55So5ZOBID4g44Kr44O855So5ZOBID4g44Op44Kk44OI44O744Op44Oz44OXID4g44Or44O844Og44Op44Oz44OX,44Or44O844Og44Op44Oz44OX44Os44Oz44K6IDMw44Ki44Or44OV44Kh44O844OJIDMw44O044Kn44Or44OV44Kh44Kk44KiIOOCr+ODquOCoiAxMOaemuOCu+ODg+ODiA==,6ama55Ww44Gu54Wn5bqmMuWAje+8ge+8gee0lOato+ODrOODs+OCuuOCq+ODkOODvOOBqOS6pOaPm+OBmeOCi+OBoOOBkeKYhQ==,PGltZyBzcmM9Imh0dHA6Ly9pbWFnZS5yYWt1dGVuLmNvLmpwL2t1cm9mdW5lZ2xvdXAvY2FiaW5ldC9pbnRlcmlvci8wNDY0MjY0My9pbWdyYzAwNjcxNDM1ODcuanBnIiBhbHQ9IuOCr+ODquOCouODrOODs+OCuuOCq+ODkOODvCI+PEJSPgo8aW1nIHNyYz0iaHR0cDovL2ltYWdlLnJha3V0ZW4uY28uanAva3Vyb2Z1bmVnbG91cC9jYWJpbmV0L2ludGVyaW9yLzA0NjQyNjQzL2ltZ3JjMDA2NzE0MzU4OC5qcGciIGFsdD0i44Kv44Oq44Ki44Os44Oz44K644Kr44OQ44O8Ij48QlI+CjxpbWcgc3JjPSJodHRwOi8vaW1hZ2UucmFrdXRlbi5jby5qcC9rdXJvZnVuZWdsb3VwL2NhYmluZXQvaW50ZXJpb3IvMDQ2NDI2NDMvaW1ncmMwMDY3MTQzNTg5LmpwZyIgYWx0PSLjgq/jg6rjgqLjg6zjg7Pjgrrjgqvjg5Djg7wiPjxCUj4KPHA+CiAgPGZvbnQgc2l6ZT0iKzIiPk5FV+OCr+ODquOCouODrOODs+OCuuOCu+ODg+ODiCDjgJDjgq/jg6rjgqLjgJEgMzDjgqLjg6vjg5XjgqHjg7zjg4kv44O044Kn44Or44OV44Kh44Kk44KiIDZQPC9mb250PjxiciAvPgogIDxicj4KPGZvbnQgY29sb3I9InJlZCIgc2l6ZT0iNCI+PGI+57SU5q2j5ZOB44Go5q+U6LyD44GX44Gf44Go44GT44KN44CB5piO44KL44GV44Gv6ama55Ww44Gu54Wn5bqmMuWAje+8ge+8gTwvYj48L2ZvbnQ+PEJSPjxCUj4KCuOCr+ODquOCueOCv+ODq+ODgOOCpOODpOODouODs+ODieOCq+ODg+ODiOOBq+OCiOOCi+ikh+mbkeOBquWFieOBruaLoeaVo++8gTxCUj4K57SU5q2j44GL44KJ5Z6L5Y+W44KK44GX44Gm44CB6LuK56iu5Yil5bCC55So6Kit6KiI44Gu44Gf44KB44K444Oj44K544OI44OV44Kj44OD44OI44GX44G+44GZ44CCPEJSPgrntJTmraPlk4HjgajkuqTmj5vjgZnjgovjgaDjgZHjga7jgIHnsKHljZjlj5bjgorku5jjgZHjgafjgY3jgb7jgZnjgIIKPGJyPjxicj4KICDilqDjgrvjg4Pjg4jlhoXlrrnilqA8YnI+CjEw5p6a44K744OD44OIPGJyPgrjg57jg4Pjg5fjgIAy5p6aPGJyPgrjg5Djg4vjg4bjgqPjgIAy5p6aPGJyPgrjg6rjgqLjgrXjgqTjg4njgIA05p6aPGJyPgrjg6njgrLjg4PjgrjjgIAy5p6aPGJyPgo8YnI+CiAg4pag6YGp5ZCI6LuK56iu4pagPGJyPgrjgJDou4rnqK7jgJHjgqLjg6vjg5XjgqHjg7zjg4kv44O044Kn44Or44OV44Kh44Kk44KiPGJyPgrjgJDlubTlvI/jgJFIMjcuMe+9njxicj4K44CQ5Z6L5byP44CRQVlIMzBXL0dHSDMwVy9HR0gzNVcvQUdIMzBXL0FHSDM1Vzxicj4K44CQ44Kw44Os44O844OJ44CR44Ki44Or44OV44Kh44O844OJ77yaU0HjgIFT4oCcQeODkeODg+OCseODvOOCuOKAneOAgVPjgIFY44CB44OP44Kk44OW44Oq44OD44OJWOOAgeODtOOCp+ODq+ODleOCoeOCpOOCou+8mlpB44CBWuKAnEHjgqjjg4fjgqPjgrfjg6fjg7PigJ3jgIFa44CBWOOAgeODj+OCpOODluODquODg+ODiVg8YnI+CuOAkOWCmeiAg+OAkee0lOato0xFROijheedgOi7iumBqeWQiOS4jeWPrzxicj4KCjwvcD4KPGJyPjxicj4KCjxmb250IGNvbG9yPSJyZWQiPjxiPuKWvOmWoumAo+WVhuWTgeOBiuOBmeOBmeOCgeWTgTwvYj48L2ZvbnQ+Cgo8dGFibGUgIGFsaWduPSJjZW50ZXIiPgo8dHI+Cgo8dGQ+PGltZyBzcmM9Imh0dHA6Ly90aHVtYm5haWwuaW1hZ2UucmFrdXRlbi5jby5qcC9AMF9tYWxsL2t1cm9mdW5lZ2xvdXAvY2FiaW5ldC9sZWQvMDQyODkyNTUvYXpfaGFueW91L2ltZ3JjMDA3MDgwNTgwNC5qcGciIHdpZHRoPSIgMTAwJSI+PEJSPjMw44Ki44Or44OV44Kh44O844OJIDMw44O044Kn44Or44OV44Kh44Kk44KiIDMw57O7IOODq+ODvOODoOODqeODs+ODlyBMRUQg44Om44OL44OD44OIPGJyPjwvdGQ+Cgo8dGQ+PGltZyBzcmM9Imh0dHA6Ly90aHVtYm5haWwuaW1hZ2UucmFrdXRlbi5jby5qcC9AMF9tYWxsL2t1cm9mdW5lZ2xvdXAvY2FiaW5ldC9pbnRlcmlvci8wNDY0MjY0My8wNDcwNzYzNS9uY19zXzAxLmpwZyIgd2lkdGg9IiAxMDAlIj48QlI+44Or44O844Og44Op44Oz44OX44Os44Oz44K6IDMw44Ki44Or44OV44Kh44O844OJIDMw44O044Kn44Or44OV44Kh44Kk44KiIOODqeOCpOODiOOCueODouODvOOCrzxicj48L3RkPgoKPHRkPjxpbWcgc3JjPSJodHRwOi8vdGh1bWJuYWlsLmltYWdlLnJha3V0ZW4uY28uanAvQDBfbWFsbC9rdXJvZnVuZWdsb3VwL2NhYmluZXQvaW50ZXJpb3IvMDQ2NDI2NDMvaW1ncmMwMDcwODI2NTQxLmpwZyIgd2lkdGg9IiAxMDAlIj48QlI+44Or44O844Og44Op44Oz44OX44Os44Oz44K6IDMw44Ki44Or44OV44Kh44O844OJIDMw44O044Kn44Or44OV44Kh44Kk44KiIOODn+ODq+OCreODvOODm+ODr+OCpOODiDxicj48L3RkPgoKPHRkPjxpbWcgc3JjPSJodHRwOi8vdGh1bWJuYWlsLmltYWdlLnJha3V0ZW4uY28uanAvQDBfbWFsbC9rdXJvZnVuZWdsb3VwL2NhYmluZXQvaW50ZXJpb3IvMDQ2NDI2NDMvaW1ncmMwMDcwODI2NTQ1LmpwZyIgd2lkdGg9IiAxMDAlIj48QlI+MzDjgqLjg6vjg5XjgqHjg7zjg4kgMzDjg7Tjgqfjg6vjg5XjgqHjgqTjgqIgTEVE44Or44O844Og44Op44Oz44OXIO+8iyDjg6zjg7Pjgrrjgqvjg5Djg7zjgrvjg4Pjg4g8YnI+PC90ZD4KCjwvdHI+CjwvdGFibGU+,44Or44O844Og44Op44Oz44OX44Os44Oz44K6IDMw44Ki44Or44OV44Kh44O844OJIDMw44O044Kn44Or44OV44Kh44Kk44KiIOOCr+ODquOCoiAxMOaemuOCu+ODg+ODiO+8mum7kuiIueOCsOODq+ODvOODlw==,44Ks44Op44K544Kz44O844OG44Kj44Oz44Kw44OJ44Ki44OQ44Kk44K244O844Oh44OD44Kt44OR44O844OE44Km44Kk44Oz44Kr44O844Od44K444K344On44Oz44Kt44OD44OI44Ov44Kk44OJ44OI44Os44OD44OJ44K544Oa44O844K144O844Oq44Og44Ks44O844OJ44Op44OQ44O844K544OX44Os44O844Os44O044Kp44O844Kw44Ko44Ki44Ot44Ov44Kk44OR44O844K544OX44Os44O844OV44Kj44Or44Og44Od44Kx44OD44OI44Oe44OD44OI44Os44O844K344Oz44Kw44OK44OD44OI44Op44OQ44O844Oe44OD44OI44Ki44Or44OV44Kh44O844OJ44O044Kp44Kv44K344O844OO44Ki44O044Kn44Or44OV44Kh44Kk44Ki44OX44Oq44Km44K544OP44Kk44Ko44O844K544K444Og44OL44O844Or44O844Og44Op44Oz44OX44Os44Oz44K6IDMw44Ki44Or44OV44Kh44O844OJIDMw44O044Kn44Or44OV44Kh44Kk44KiIOOCr+ODquOCoiAxMOaemuOCu+ODg+ODiA==,6ama55Ww44Gu54Wn5bqmMuWAje+8ge+8gee0lOato+ODrOODs+OCuuOCq+ODkOODvOOBqOS6pOaPm+OBmeOCi+OBoOOBkeKYheOAguODq+ODvOODoOODqeODs+ODl+ODrOODs+OCuiAzMOOCouODq+ODleOCoeODvOODiSAzMOODtOOCp+ODq+ODleOCoeOCpOOCoiDjgq/jg6rjgqIgMTDmnprjgrvjg4Pjg4g=[rn]
15-190271,aHR0cDovL3RzaG9wLnIxMHMuanAva3Vyb2Z1bmVnbG91cC9jYWJpbmV0L2xlZC8wNDI4OTI1NS9hel9oYW55b3UvaW1ncmMwMDY4OTE4MDE4LmpwZz9maXRpbj03MDA6NzAw,Mzk4NC4wMDAw,,6LuK55So5ZOB44O744OQ44Kk44Kv55So5ZOBID4g44Kr44O855So5ZOBID4g44Op44Kk44OI44O744Op44Oz44OXID4g44Or44O844Og44Op44Oz44OX,NTDjg5fjg6rjgqbjgrkgNTDns7sg44Or44O844Og44Op44Oz44OXIOOCteODs+ODq+ODvOODleaciSA5MueZuiAz44OB44OD44OXIFNNRCDjg5vjg6/jgqTjg4gg55m9IDjmnprjgrvjg4Pjg4ggKOODjeOCs+ODneOCuemZkOWumumAgeaWmeeEoeaWmSk=,44OX44Oq44Km44K5IDUw57O7IExFROODq+ODvOODoOODqeODs+ODl++8geWwgueUqOioreioiOOBp+OBl+OBo+OBi+OCiuaYjuOCi+OBhO+8gQ==,PGltZyBzcmM9Imh0dHA6Ly9pbWFnZS5yYWt1dGVuLmNvLmpwL2t1cm9mdW5lZ2xvdXAvY2FiaW5ldC9sZWQvMDQyODkyNTUvYXpfaGFueW91L3JsX2RldGFpbF8zMHVuaXRfMDEuanBnIiB3aWR0aD0iMTAwJSI+PGJyIC8+CjxpbWcgc3JjPSJodHRwOi8vd3d3LnJha3V0ZW4ubmUuanAvZ29sZC9rdXJvZnVuZWdsb3VwL3Nob3VzYWlfaW1nLzUwcHJpdXNfcm9vZl9tb3VudGluZy5qcGciPgo8YnIgLz4KPGZvbnQgc2l6ZT0iKzIiPiA1MOODl+ODquOCpuOCueOAgExFROODq+ODvOODoOODqeODs+ODlyAgOTLnmbrjgIAzY2hpcFNNRDwvZm9udD48YnIgLz4KICA8YnI+CiAg44GK6LuK44Gu57SU5q2j44Om44OL44OD44OI44Gr44OU44OD44K/44Oq44OV44Kj44OD44OI44CCPGJyIC8+CiAg5pyA5aSn6ZmQ44GrTEVE44KS6YWN572u44GX44CB6ama55Ww44Gu5piO44KL44GV44Go6auY57Sa5oSf44KS5b6X44KJ44KM44G+44GZ44CCPGJyIC8+CiAgPGJyIC8+CiAg4pag44K744OD44OI5YaF5a65PGJyIC8+CuODleODreODs+ODiOODnuODg+ODl+ODqeODs+ODl+OAkOWQhDE455m644CRw5cyPGJyIC8+CuOCu+ODs+OCv+ODvOODqeODs+ODl+OAkDQ255m644CRw5cxPGJyIC8+CuODqeOCsuODg+OCuO+8iFQxMOeJh+mdojLpgKPvvInDlzE8YnIgLz4K44OQ44OL44OG44Kj44Op44Oz44OX77yIVDEw54mH6Z2iMumAo++8icOXMjxiciAvPgrjgqvjg7zjg4bjgrfjg6njg7Pjg5fvvIhUMTDniYfpnaIy6YCj77yJw5cyPGJyIC8+PGJyIC8+Cgo444OU44O844K544CAOTLnmbo8YnI+PGJyPgoKIOKWoOmBqeWQiOi7iueorjxicj4K44CQ44Oh44O844Kr44O844CR44OI44Oo44K/PGJyPgrjgJDou4rnqK7jgJHjg5fjg6rjgqbjgrk1MOezuzxicj4K44CQ5Z6L5byP44CRWlZXNTAvNTEvNTU8YnI+CuOAkOW5tOW8j+OAkUgyNy4xMu+9njxicj4K44CQ5YKZ6ICD44CR44K144Oz44Or44O844OV44GC44KK55SoPGJyPgrjgJDjgrDjg6zjg7zjg4njgJE8YnI+CuODgeODq+ODiO+8huOCueODqeOCpOODiembu+WLleODoOODvOODs+ODq+ODvOODleijheWCmei7iuWwgueUqDxicj4K44CQ5LiN6YGp5ZCI5oOF5aCx44CRPGJyPgrjg7vjg5fjg6njgrrjg57jgq/jg6njgrnjgr/jg7zku5jjgY3ou4rjga/oo4XnnYDkuI3lj688YnI+Cgo8QlI+PEJSPgoKPGZvbnQgY29sb3I9InJlZCI+PGI+CuKWvDUw57O744OX44Oq44Km44K5IOODkeODvOODhOS4gOimp+OBr+OBk+OBoeOCieOBi+OCieKWvDwvYj48L2ZvbnQ+Cgo8aW1nIHNyYz0iaHR0cDovL2ltYWdlLnJha3V0ZW4uY28uanAva3Vyb2Z1bmVnbG91cC9jYWJpbmV0L3Jha3Rlbl9rdXJvZnVuZS9wYy9wcF9ibnIvaW1ncmMwMDY4NTc4OTAyLmpwZyIgd2lkdGg9IjEwMCUiPjxCUj4=,NTDjg5fjg6rjgqbjgrkgNTDns7sg44Or44O844Og44Op44Oz44OXIOOCteODs+ODq+ODvOODleaciSA5MueZuiAz44OB44OD44OXIFNNRCDjg5vjg6/jgqTjg4gg55m9IDjmnprjgrvjg4Pjg4ggKOODjeOCs+ODneOCuemZkOWumumAgeaWmeeEoeaWmSnvvJrpu5LoiLnjgrDjg6vjg7zjg5c=,44Ks44Op44K544Kz44O844OG44Kj44Oz44Kw44OJ44Ki44OQ44Kk44K244O844Oh44OD44Kt44OR44O844OE44Km44Kk44Oz44Kr44O844Od44K444K344On44Oz44Kt44OD44OI44Ov44Kk44OJ44OI44Os44OD44OJ44K544Oa44O844K144O844Oq44Og44Ks44O844OJ44Op44OQ44O844K544OX44Os44O844Os44O044Kp44O844Kw44Ko44Ki44Ot44Ov44Kk44OR44O844K544OX44Os44O844OV44Kj44Or44Og44Od44Kx44OD44OI44Oe44OD44OI44Os44O844K344Oz44Kw44OK44OD44OI44Op44OQ44O844Oe44OD44OI44Ki44Or44OV44Kh44O844OJ44O044Kp44Kv44K344O844OO44Ki44O044Kn44Or44OV44Kh44Kk44Ki44OX44Oq44Km44K544OP44Kk44Ko44O844K544K444Og44OL44O8NTDjg5fjg6rjgqbjgrkgNTDns7sg44Or44O844Og44Op44Oz44OXIOOCteODs+ODq+ODvOODleaciSA5MueZuiAz44OB44OD44OXIFNNRCDjg5vjg6/jgqTjg4gg55m9IDjmnprjgrvjg4Pjg4ggKOODjeOCs+ODneOCuemZkOWumumAgeaWmeeEoeaWmSk=,44OX44Oq44Km44K5IDUw57O7IExFROODq+ODvOODoOODqeODs+ODl++8geWwgueUqOioreioiOOBp+OBl+OBo+OBi+OCiuaYjuOCi+OBhO+8geOAgjUw44OX44Oq44Km44K5IDUw57O7IOODq+ODvOODoOODqeODs+ODlyDjgrXjg7Pjg6vjg7zjg5XmnIkgOTLnmbogM+ODgeODg+ODlyBTTUQg44Ob44Ov44Kk44OIIOeZvSA45p6a44K744OD44OIICjjg43jgrPjg53jgrnpmZDlrprpgIHmlpnnhKHmlpkp[rn]
15-190272,aHR0cDovL3RzaG9wLnIxMHMuanAva3Vyb2Z1bmVnbG91cC9jYWJpbmV0L2ludGVyaW9yLzA0NjQyNjQzL2ltZ3JjMDA2NzE0MzU4Ny5qcGc/Zml0aW49NzAwOjcwMA==,Mjc2NC44MDAw,,6LuK55So5ZOB44O744OQ44Kk44Kv55So5ZOBID4g44Kr44O855So5ZOBID4g44Op44Kk44OI44O744Op44Oz44OXID4g44Or44O844Og44Op44Oz44OX,44Or44O844Og44Op44Oz44OX44Os44Oz44K6IOOCuOODpeODvOOCryBGMTUgSDIyLzbvvZ4g44Kv44Oq44Ki44Os44Oz44K6IOODrOODs+OCuuOCq+ODkOODvCAx44OU44O844K5ICjpgIHmlpnnhKHmlpkp,6ama55Ww44Gu54Wn5bqmMuWAje+8ge+8gee0lOato+ODrOODs+OCuuOCq+ODkOODvOOBqOS6pOaPm+OBmeOCi+OBoOOBkeKYhQ==,PGltZyBzcmM9Imh0dHA6Ly9pbWFnZS5yYWt1dGVuLmNvLmpwL2t1cm9mdW5lZ2xvdXAvY2FiaW5ldC9pbnRlcmlvci8wNDY0MjY0My9pbWdyYzAwNjcxNDM1ODcuanBnIiBhbHQ9IuOCr+ODquOCouODrOODs+OCuuOCq+ODkOODvCI+PEJSPgo8aW1nIHNyYz0iaHR0cDovL2ltYWdlLnJha3V0ZW4uY28uanAva3Vyb2Z1bmVnbG91cC9jYWJpbmV0L2ludGVyaW9yLzA0NjQyNjQzL2ltZ3JjMDA2NzE0MzU4OC5qcGciIGFsdD0i44Kv44Oq44Ki44Os44Oz44K644Kr44OQ44O8Ij48QlI+CjxpbWcgc3JjPSJodHRwOi8vaW1hZ2UucmFrdXRlbi5jby5qcC9rdXJvZnVuZWdsb3VwL2NhYmluZXQvaW50ZXJpb3IvMDQ2NDI2NDMvaW1ncmMwMDY3MTQzNTg5LmpwZyIgYWx0PSLjgq/jg6rjgqLjg6zjg7Pjgrrjgqvjg5Djg7wiPjxCUj4KCjxmb250IGNvbG9yPSJyZWQiIHNpemU9IjQiPjxiPue0lOato+WTgeOBqOavlOi8g+OBl+OBn+OBqOOBk+OCjeOAgeaYjuOCi+OBleOBr+mpmueVsOOBrueFp+W6pjLlgI3vvIHvvIE8L2I+PC9mb250PjxCUj48QlI+Cgrjgq/jg6rjgrnjgr/jg6vjg4DjgqTjg6Tjg6Ljg7Pjg4njgqvjg4Pjg4jjgavjgojjgovopIfpm5HjgarlhYnjga7mi6HmlaPvvIE8QlI+Cue0lOato+OBi+OCieWei+WPluOCiuOBl+OBpuOAgei7iueoruWIpeWwgueUqOioreioiOOBruOBn+OCgeOCuOODo+OCueODiOODleOCo+ODg+ODiOOBl+OBvuOBmeOAgjxCUj4K57SU5q2j5ZOB44Go5Lqk5o+b44GZ44KL44Gg44GR44Gu44CB57Ch5Y2Y5Y+W44KK5LuY44GR44Gn44GN44G+44GZ44CC,44Or44O844Og44Op44Oz44OX44Os44Oz44K6IOOCuOODpeODvOOCryBGMTUgSDIyLzbvvZ4g44Kv44Oq44Ki44Os44Oz44K6IOODrOODs+OCuuOCq+ODkOODvCAx44OU44O844K5ICjpgIHmlpnnhKHmlpkp77ya6buS6Ii544Kw44Or44O844OX,44Ks44Op44K544Kz44O844OG44Kj44Oz44Kw44OJ44Ki44OQ44Kk44K244O844Oh44OD44Kt44OR44O844OE44Km44Kk44Oz44Kr44O844Od44K444K344On44Oz44Kt44OD44OI44Ov44Kk44OJ44OI44Os44OD44OJ44K544Oa44O844K144O844Oq44Og44Ks44O844OJ44Op44OQ44O844K544OX44Os44O844Os44O044Kp44O844Kw44Ko44Ki44Ot44Ov44Kk44OR44O844K544OX44Os44O844OV44Kj44Or44Og44Od44Kx44OD44OI44Oe44OD44OI44Os44O844K344Oz44Kw44OK44OD44OI44Op44OQ44O844Oe44OD44OI44Ki44Or44OV44Kh44O844OJ44O044Kp44Kv44K344O844OO44Ki44O044Kn44Or44OV44Kh44Kk44Ki44OX44Oq44Km44K544OP44Kk44Ko44O844K544K444Og44OL44O844Or44O844Og44Op44Oz44OX44Os44Oz44K6IOOCuOODpeODvOOCryBGMTUgSDIyLzbvvZ4g44Kv44Oq44Ki44Os44Oz44K6IOODrOODs+OCuuOCq+ODkOODvCAx44OU44O844K5ICjpgIHmlpnnhKHmlpkp,6ama55Ww44Gu54Wn5bqmMuWAje+8ge+8gee0lOato+ODrOODs+OCuuOCq+ODkOODvOOBqOS6pOaPm+OBmeOCi+OBoOOBkeKYheOAguODq+ODvOODoOODqeODs+ODl+ODrOODs+OCuiDjgrjjg6Xjg7zjgq8gRjE1IEgyMi82772eIOOCr+ODquOCouODrOODs+OCuiDjg6zjg7Pjgrrjgqvjg5Djg7wgMeODlOODvOOCuSAo6YCB5paZ54Sh5paZKQ==[rn]
15-190273,aHR0cDovL3RzaG9wLnIxMHMuanAva3Vyb2Z1bmVnbG91cC9jYWJpbmV0L2ludGVyaW9yLzA0NjQyNjQzL2ltZ3JjMDA2NzE0MzU4Ny5qcGc/Zml0aW49NzAwOjcwMA==,MzYyOC44MDAw,,6LuK55So5ZOB44O744OQ44Kk44Kv55So5ZOBID4g44Kr44O855So5ZOBID4g44Op44Kk44OI44O744Op44Oz44OXID4g44Or44O844Og44Op44Oz44OX,44Or44O844Og44Op44Oz44OX44Os44Oz44K6IFhWIEdQNyBIMjQvMTDvvZ4g44Ki44Kk44K144Kk44OI5pyJ55SoIOOCr+ODquOCouODrOODs+OCuiDjg6zjg7Pjgrrjgqvjg5Djg7wgM+ODlOODvOOCuSAo6YCB5paZ54Sh5paZKQ==,6ama55Ww44Gu54Wn5bqmMuWAje+8ge+8gee0lOato+ODrOODs+OCuuOCq+ODkOODvOOBqOS6pOaPm+OBmeOCi+OBoOOBkeKYhQ==,PGltZyBzcmM9Imh0dHA6Ly9pbWFnZS5yYWt1dGVuLmNvLmpwL2t1cm9mdW5lZ2xvdXAvY2FiaW5ldC9pbnRlcmlvci8wNDY0MjY0My9pbWdyYzAwNjcxNDM1ODcuanBnIiBhbHQ9IuOCr+ODquOCouODrOODs+OCuuOCq+ODkOODvCI+PEJSPgo8aW1nIHNyYz0iaHR0cDovL2ltYWdlLnJha3V0ZW4uY28uanAva3Vyb2Z1bmVnbG91cC9jYWJpbmV0L2ludGVyaW9yLzA0NjQyNjQzL2ltZ3JjMDA2NzE0MzU4OC5qcGciIGFsdD0i44Kv44Oq44Ki44Os44Oz44K644Kr44OQ44O8Ij48QlI+CjxpbWcgc3JjPSJodHRwOi8vaW1hZ2UucmFrdXRlbi5jby5qcC9rdXJvZnVuZWdsb3VwL2NhYmluZXQvaW50ZXJpb3IvMDQ2NDI2NDMvaW1ncmMwMDY3MTQzNTg5LmpwZyIgYWx0PSLjgq/jg6rjgqLjg6zjg7Pjgrrjgqvjg5Djg7wiPjxCUj4KCjxmb250IGNvbG9yPSJyZWQiIHNpemU9IjQiPjxiPue0lOato+WTgeOBqOavlOi8g+OBl+OBn+OBqOOBk+OCjeOAgeaYjuOCi+OBleOBr+mpmueVsOOBrueFp+W6pjLlgI3vvIHvvIE8L2I+PC9mb250PjxCUj48QlI+Cgrjgq/jg6rjgrnjgr/jg6vjg4DjgqTjg6Tjg6Ljg7Pjg4njgqvjg4Pjg4jjgavjgojjgovopIfpm5HjgarlhYnjga7mi6HmlaPvvIE8QlI+Cue0lOato+OBi+OCieWei+WPluOCiuOBl+OBpuOAgei7iueoruWIpeWwgueUqOioreioiOOBruOBn+OCgeOCuOODo+OCueODiOODleOCo+ODg+ODiOOBl+OBvuOBmeOAgjxCUj4K57SU5q2j5ZOB44Go5Lqk5o+b44GZ44KL44Gg44GR44Gu44CB57Ch5Y2Y5Y+W44KK5LuY44GR44Gn44GN44G+44GZ44CC,44Or44O844Og44Op44Oz44OX44Os44Oz44K6IFhWIEdQNyBIMjQvMTDvvZ4g44Ki44Kk44K144Kk44OI5pyJ55SoIOOCr+ODquOCouODrOODs+OCuiDjg6zjg7Pjgrrjgqvjg5Djg7wgM+ODlOODvOOCuSAo6YCB5paZ54Sh5paZKe+8mum7kuiIueOCsOODq+ODvOODlw==,44Ks44Op44K544Kz44O844OG44Kj44Oz44Kw44OJ44Ki44OQ44Kk44K244O844Oh44OD44Kt44OR44O844OE44Km44Kk44Oz44Kr44O844Od44K444K344On44Oz44Kt44OD44OI44Ov44Kk44OJ44OI44Os44OD44OJ44K544Oa44O844K144O844Oq44Og44Ks44O844OJ44Op44OQ44O844K544OX44Os44O844Os44O044Kp44O844Kw44Ko44Ki44Ot44Ov44Kk44OR44O844K544OX44Os44O844OV44Kj44Or44Og44Od44Kx44OD44OI44Oe44OD44OI44Os44O844K344Oz44Kw44OK44OD44OI44Op44OQ44O844Oe44OD44OI44Ki44Or44OV44Kh44O844OJ44O044Kp44Kv44K344O844OO44Ki44O044Kn44Or44OV44Kh44Kk44Ki44OX44Oq44Km44K544OP44Kk44Ko44O844K544K444Og44OL44O844Or44O844Og44Op44Oz44OX44Os44Oz44K6IFhWIEdQNyBIMjQvMTDvvZ4g44Ki44Kk44K144Kk44OI5pyJ55SoIOOCr+ODquOCouODrOODs+OCuiDjg6zjg7Pjgrrjgqvjg5Djg7wgM+ODlOODvOOCuSAo6YCB5paZ54Sh5paZKQ==,6ama55Ww44Gu54Wn5bqmMuWAje+8ge+8gee0lOato+ODrOODs+OCuuOCq+ODkOODvOOBqOS6pOaPm+OBmeOCi+OBoOOBkeKYheOAguODq+ODvOODoOODqeODs+ODl+ODrOODs+OCuiBYViBHUDcgSDI0LzEw772eIOOCouOCpOOCteOCpOODiOacieeUqCDjgq/jg6rjgqLjg6zjg7Pjgrog44Os44Oz44K644Kr44OQ44O8IDPjg5Tjg7zjgrkgKOmAgeaWmeeEoeaWmSk=[rn]
15-190274,aHR0cDovL3RzaG9wLnIxMHMuanAva3Vyb2Z1bmVnbG91cC9jYWJpbmV0L2ludGVyaW9yLzA0NjQyNjQzL2ltZ3JjMDA2NzE0MzU4Ny5qcGc/Zml0aW49NzAwOjcwMA==,MzExMC40MDAw,,6LuK55So5ZOB44O744OQ44Kk44Kv55So5ZOBID4g44Kr44O855So5ZOBID4g44Op44Kk44OI44O744Op44Oz44OXID4g44Or44O844Og44Op44Oz44OX,44Or44O844Og44Op44Oz44OX44Os44Oz44K6IOOCv+ODs+ODiC/jgr/jg7Pjg4jjgqvjgrnjgr/jg6AgTDM3NVMvTDM4NVMgSDE5LzEy772eSDI1LzEwIOOCr+ODquOCouODrOODs+OCuiDjg6zjg7Pjgrrjgqvjg5Djg7wgNOODlOODvOOCuSAo6YCB5paZ54Sh5paZKQ==,6ama55Ww44Gu54Wn5bqmMuWAje+8ge+8gee0lOato+ODrOODs+OCuuOCq+ODkOODvOOBqOS6pOaPm+OBmeOCi+OBoOOBkeKYhQ==,PGltZyBzcmM9Imh0dHA6Ly9pbWFnZS5yYWt1dGVuLmNvLmpwL2t1cm9mdW5lZ2xvdXAvY2FiaW5ldC9pbnRlcmlvci8wNDY0MjY0My9pbWdyYzAwNjcxNDM1ODcuanBnIiBhbHQ9IuOCr+ODquOCouODrOODs+OCuuOCq+ODkOODvCI+PEJSPgo8aW1nIHNyYz0iaHR0cDovL2ltYWdlLnJha3V0ZW4uY28uanAva3Vyb2Z1bmVnbG91cC9jYWJpbmV0L2ludGVyaW9yLzA0NjQyNjQzL2ltZ3JjMDA2NzE0MzU4OC5qcGciIGFsdD0i44Kv44Oq44Ki44Os44Oz44K644Kr44OQ44O8Ij48QlI+CjxpbWcgc3JjPSJodHRwOi8vaW1hZ2UucmFrdXRlbi5jby5qcC9rdXJvZnVuZWdsb3VwL2NhYmluZXQvaW50ZXJpb3IvMDQ2NDI2NDMvaW1ncmMwMDY3MTQzNTg5LmpwZyIgYWx0PSLjgq/jg6rjgqLjg6zjg7Pjgrrjgqvjg5Djg7wiPjxCUj4KCjxmb250IGNvbG9yPSJyZWQiIHNpemU9IjQiPjxiPue0lOato+WTgeOBqOavlOi8g+OBl+OBn+OBqOOBk+OCjeOAgeaYjuOCi+OBleOBr+mpmueVsOOBrueFp+W6pjLlgI3vvIHvvIE8L2I+PC9mb250PjxCUj48QlI+Cgrjgq/jg6rjgrnjgr/jg6vjg4DjgqTjg6Tjg6Ljg7Pjg4njgqvjg4Pjg4jjgavjgojjgovopIfpm5HjgarlhYnjga7mi6HmlaPvvIE8QlI+Cue0lOato+OBi+OCieWei+WPluOCiuOBl+OBpuOAgei7iueoruWIpeWwgueUqOioreioiOOBruOBn+OCgeOCuOODo+OCueODiOODleOCo+ODg+ODiOOBl+OBvuOBmeOAgjxCUj4K57SU5q2j5ZOB44Go5Lqk5o+b44GZ44KL44Gg44GR44Gu44CB57Ch5Y2Y5Y+W44KK5LuY44GR44Gn44GN44G+44GZ44CC,44Or44O844Og44Op44Oz44OX44Os44Oz44K6IOOCv+ODs+ODiC/jgr/jg7Pjg4jjgqvjgrnjgr/jg6AgTDM3NVMvTDM4NVMgSDE5LzEy772eSDI1LzEwIOOCr+ODquOCouODrOODs+OCuiDjg6zjg7Pjgrrjgqvjg5Djg7wgNOODlOODvOOCuSAo6YCB5paZ54Sh5paZKe+8mum7kuiIueOCsOODq+ODvOODlw==,44Ks44Op44K544Kz44O844OG44Kj44Oz44Kw44OJ44Ki44OQ44Kk44K244O844Oh44OD44Kt44OR44O844OE44Km44Kk44Oz44Kr44O844Od44K444K344On44Oz44Kt44OD44OI44Ov44Kk44OJ44OI44Os44OD44OJ44K544Oa44O844K144O844Oq44Og44Ks44O844OJ44Op44OQ44O844K544OX44Os44O844Os44O044Kp44O844Kw44Ko44Ki44Ot44Ov44Kk44OR44O844K544OX44Os44O844OV44Kj44Or44Og44Od44Kx44OD44OI44Oe44OD44OI44Os44O844K344Oz44Kw44OK44OD44OI44Op44OQ44O844Oe44OD44OI44Ki44Or44OV44Kh44O844OJ44O044Kp44Kv44K344O844OO44Ki44O044Kn44Or44OV44Kh44Kk44Ki44OX44Oq44Km44K544OP44Kk44Ko44O844K544K444Og44OL44O844Or44O844Og44Op44Oz44OX44Os44Oz44K6IOOCv+ODs+ODiC/jgr/jg7Pjg4jjgqvjgrnjgr/jg6AgTDM3NVMvTDM4NVMgSDE5LzEy772eSDI1LzEwIOOCr+ODquOCouODrOODs+OCuiDjg6zjg7Pjgrrjgqvjg5Djg7wgNOODlOODvOOCuSAo6YCB5paZ54Sh5paZKQ==,6ama55Ww44Gu54Wn5bqmMuWAje+8ge+8gee0lOato+ODrOODs+OCuuOCq+ODkOODvOOBqOS6pOaPm+OBmeOCi+OBoOOBkeKYheOAguODq+ODvOODoOODqeODs+ODl+ODrOODs+OCuiDjgr/jg7Pjg4gv44K/44Oz44OI44Kr44K544K/44OgIEwzNzVTL0wzODVTIEgxOS8xMu+9nkgyNS8xMCDjgq/jg6rjgqLjg6zjg7Pjgrog44Os44Oz44K644Kr44OQ44O8IDTjg5Tjg7zjgrkgKOmAgeaWmeeEoeaWmSk=[rn]
15-190275,aHR0cDovL3RzaG9wLnIxMHMuanAva3Vyb2Z1bmVnbG91cC9jYWJpbmV0L2ludGVyaW9yLzA0NjQyNjQzL2ltZ3JjMDA2NzE0MzU4Ny5qcGc/Zml0aW49NzAwOjcwMA==,MzYyOC44MDAw,,6LuK55So5ZOB44O744OQ44Kk44Kv55So5ZOBID4g44Kr44O855So5ZOBID4g44Op44Kk44OI44O744Op44Oz44OXID4g44Or44O844Og44Op44Oz44OX,44Or44O844Og44Op44Oz44OX44Os44Oz44K6IOODleOCo+ODg+ODiCBHRTYvNy84LzkgSDE5LzEw772eIOWFqOOCsOODrOODvOODieWvvuW/nCDjgrnjgqvjgqTjg6vjg7zjg5XnhKEg44Kv44Oq44Ki44Os44Oz44K6IOODrOODs+OCuuOCq+ODkOODvCAz44OU44O844K5ICjpgIHmlpnnhKHmlpkp,6ama55Ww44Gu54Wn5bqmMuWAje+8ge+8gee0lOato+ODrOODs+OCuuOCq+ODkOODvOOBqOS6pOaPm+OBmeOCi+OBoOOBkeKYhQ==,PGltZyBzcmM9Imh0dHA6Ly9pbWFnZS5yYWt1dGVuLmNvLmpwL2t1cm9mdW5lZ2xvdXAvY2FiaW5ldC9pbnRlcmlvci8wNDY0MjY0My9pbWdyYzAwNjcxNDM1ODcuanBnIiBhbHQ9IuOCr+ODquOCouODrOODs+OCuuOCq+ODkOODvCI+PEJSPgo8aW1nIHNyYz0iaHR0cDovL2ltYWdlLnJha3V0ZW4uY28uanAva3Vyb2Z1bmVnbG91cC9jYWJpbmV0L2ludGVyaW9yLzA0NjQyNjQzL2ltZ3JjMDA2NzE0MzU4OC5qcGciIGFsdD0i44Kv44Oq44Ki44Os44Oz44K644Kr44OQ44O8Ij48QlI+CjxpbWcgc3JjPSJodHRwOi8vaW1hZ2UucmFrdXRlbi5jby5qcC9rdXJvZnVuZWdsb3VwL2NhYmluZXQvaW50ZXJpb3IvMDQ2NDI2NDMvaW1ncmMwMDY3MTQzNTg5LmpwZyIgYWx0PSLjgq/jg6rjgqLjg6zjg7Pjgrrjgqvjg5Djg7wiPjxCUj4KCjxmb250IGNvbG9yPSJyZWQiIHNpemU9IjQiPjxiPue0lOato+WTgeOBqOavlOi8g+OBl+OBn+OBqOOBk+OCjeOAgeaYjuOCi+OBleOBr+mpmueVsOOBrueFp+W6pjLlgI3vvIHvvIE8L2I+PC9mb250PjxCUj48QlI+Cgrjgq/jg6rjgrnjgr/jg6vjg4DjgqTjg6Tjg6Ljg7Pjg4njgqvjg4Pjg4jjgavjgojjgovopIfpm5HjgarlhYnjga7mi6HmlaPvvIE8QlI+Cue0lOato+OBi+OCieWei+WPluOCiuOBl+OBpuOAgei7iueoruWIpeWwgueUqOioreioiOOBruOBn+OCgeOCuOODo+OCueODiOODleOCo+ODg+ODiOOBl+OBvuOBmeOAgjxCUj4K57SU5q2j5ZOB44Go5Lqk5o+b44GZ44KL44Gg44GR44Gu44CB57Ch5Y2Y5Y+W44KK5LuY44GR44Gn44GN44G+44GZ44CC,44Or44O844Og44Op44Oz44OX44Os44Oz44K6IOODleOCo+ODg+ODiCBHRTYvNy84LzkgSDE5LzEw772eIOWFqOOCsOODrOODvOODieWvvuW/nCDjgrnjgqvjgqTjg6vjg7zjg5XnhKEg44Kv44Oq44Ki44Os44Oz44K6IOODrOODs+OCuuOCq+ODkOODvCAz44OU44O844K5ICjpgIHmlpnnhKHmlpkp77ya6buS6Ii544Kw44Or44O844OX,44Ks44Op44K544Kz44O844OG44Kj44Oz44Kw44OJ44Ki44OQ44Kk44K244O844Oh44OD44Kt44OR44O844OE44Km44Kk44Oz44Kr44O844Od44K444K344On44Oz44Kt44OD44OI44Ov44Kk44OJ44OI44Os44OD44OJ44K544Oa44O844K144O844Oq44Og44Ks44O844OJ44Op44OQ44O844K544OX44Os44O844Os44O044Kp44O844Kw44Ko44Ki44Ot44Ov44Kk44OR44O844K544OX44Os44O844OV44Kj44Or44Og44Od44Kx44OD44OI44Oe44OD44OI44Os44O844K344Oz44Kw44OK44OD44OI44Op44OQ44O844Oe44OD44OI44Ki44Or44OV44Kh44O844OJ44O044Kp44Kv44K344O844OO44Ki44O044Kn44Or44OV44Kh44Kk44Ki44OX44Oq44Km44K544OP44Kk44Ko44O844K544K444Og44OL44O844Or44O844Og44Op44Oz44OX44Os44Oz44K6IOODleOCo+ODg+ODiCBHRTYvNy84LzkgSDE5LzEw772eIOWFqOOCsOODrOODvOODieWvvuW/nCDjgrnjgqvjgqTjg6vjg7zjg5XnhKEg44Kv44Oq44Ki44Os44Oz44K6IOODrOODs+OCuuOCq+ODkOODvCAz44OU44O844K5ICjpgIHmlpnnhKHmlpkp,6ama55Ww44Gu54Wn5bqmMuWAje+8ge+8gee0lOato+ODrOODs+OCuuOCq+ODkOODvOOBqOS6pOaPm+OBmeOCi+OBoOOBkeKYheOAguODq+ODvOODoOODqeODs+ODl+ODrOODs+OCuiDjg5XjgqPjg4Pjg4ggR0U2LzcvOC85IEgxOS8xMO+9niDlhajjgrDjg6zjg7zjg4nlr77lv5wg44K544Kr44Kk44Or44O844OV54ShIOOCr+ODquOCouODrOODs+OCuiDjg6zjg7Pjgrrjgqvjg5Djg7wgM+ODlOODvOOCuSAo6YCB5paZ54Sh5paZKQ==[rn]
15-190276,aHR0cDovL3RzaG9wLnIxMHMuanAva3Vyb2Z1bmVnbG91cC9jYWJpbmV0L2ludGVyaW9yLzA0NjQyNjQzL2ltZ3JjMDA2NzE0MzU4Ny5qcGc/Zml0aW49NzAwOjcwMA==,MjMzMi44MDAw,,6LuK55So5ZOB44O744OQ44Kk44Kv55So5ZOBID4g44Kr44O855So5ZOBID4g44Op44Kk44OI44O744Op44Oz44OXID4g44Or44O844Og44Op44Oz44OX,44Or44O844Og44Op44Oz44OX44Os44Oz44K6IOODkeODg+OCvSBLR0MzIy9OR0MzIyBIMjIvMu+9niDjgq/jg6rjgqLjg6zjg7Pjgrog44Os44Oz44K644Kr44OQ44O8IDPjg5Tjg7zjgrkgKOmAgeaWmeeEoeaWmSk=,6ama55Ww44Gu54Wn5bqmMuWAje+8ge+8gee0lOato+ODrOODs+OCuuOCq+ODkOODvOOBqOS6pOaPm+OBmeOCi+OBoOOBkeKYhQ==,PGltZyBzcmM9Imh0dHA6Ly9pbWFnZS5yYWt1dGVuLmNvLmpwL2t1cm9mdW5lZ2xvdXAvY2FiaW5ldC9pbnRlcmlvci8wNDY0MjY0My9pbWdyYzAwNjcxNDM1ODcuanBnIiBhbHQ9IuOCr+ODquOCouODrOODs+OCuuOCq+ODkOODvCI+PEJSPgo8aW1nIHNyYz0iaHR0cDovL2ltYWdlLnJha3V0ZW4uY28uanAva3Vyb2Z1bmVnbG91cC9jYWJpbmV0L2ludGVyaW9yLzA0NjQyNjQzL2ltZ3JjMDA2NzE0MzU4OC5qcGciIGFsdD0i44Kv44Oq44Ki44Os44Oz44K644Kr44OQ44O8Ij48QlI+CjxpbWcgc3JjPSJodHRwOi8vaW1hZ2UucmFrdXRlbi5jby5qcC9rdXJvZnVuZWdsb3VwL2NhYmluZXQvaW50ZXJpb3IvMDQ2NDI2NDMvaW1ncmMwMDY3MTQzNTg5LmpwZyIgYWx0PSLjgq/jg6rjgqLjg6zjg7Pjgrrjgqvjg5Djg7wiPjxCUj4KCjxmb250IGNvbG9yPSJyZWQiIHNpemU9IjQiPjxiPue0lOato+WTgeOBqOavlOi8g+OBl+OBn+OBqOOBk+OCjeOAgeaYjuOCi+OBleOBr+mpmueVsOOBrueFp+W6pjLlgI3vvIHvvIE8L2I+PC9mb250PjxCUj48QlI+Cgrjgq/jg6rjgrnjgr/jg6vjg4DjgqTjg6Tjg6Ljg7Pjg4njgqvjg4Pjg4jjgavjgojjgovopIfpm5HjgarlhYnjga7mi6HmlaPvvIE8QlI+Cue0lOato+OBi+OCieWei+WPluOCiuOBl+OBpuOAgei7iueoruWIpeWwgueUqOioreioiOOBruOBn+OCgeOCuOODo+OCueODiOODleOCo+ODg+ODiOOBl+OBvuOBmeOAgjxCUj4K57SU5q2j5ZOB44Go5Lqk5o+b44GZ44KL44Gg44GR44Gu44CB57Ch5Y2Y5Y+W44KK5LuY44GR44Gn44GN44G+44GZ44CC,44Or44O844Og44Op44Oz44OX44Os44Oz44K6IOODkeODg+OCvSBLR0MzIy9OR0MzIyBIMjIvMu+9niDjgq/jg6rjgqLjg6zjg7Pjgrog44Os44Oz44K644Kr44OQ44O8IDPjg5Tjg7zjgrkgKOmAgeaWmeeEoeaWmSnvvJrpu5LoiLnjgrDjg6vjg7zjg5c=,44Ks44Op44K544Kz44O844OG44Kj44Oz44Kw44OJ44Ki44OQ44Kk44K244O844Oh44OD44Kt44OR44O844OE44Km44Kk44Oz44Kr44O844Od44K444K344On44Oz44Kt44OD44OI44Ov44Kk44OJ44OI44Os44OD44OJ44K544Oa44O844K144O844Oq44Og44Ks44O844OJ44Op44OQ44O844K544OX44Os44O844Os44O044Kp44O844Kw44Ko44Ki44Ot44Ov44Kk44OR44O844K544OX44Os44O844OV44Kj44Or44Og44Od44Kx44OD44OI44Oe44OD44OI44Os44O844K344Oz44Kw44OK44OD44OI44Op44OQ44O844Oe44OD44OI44Ki44Or44OV44Kh44O844OJ44O044Kp44Kv44K344O844OO44Ki44O044Kn44Or44OV44Kh44Kk44Ki44OX44Oq44Km44K544OP44Kk44Ko44O844K544K444Og44OL44O844Or44O844Og44Op44Oz44OX44Os44Oz44K6IOODkeODg+OCvSBLR0MzIy9OR0MzIyBIMjIvMu+9niDjgq/jg6rjgqLjg6zjg7Pjgrog44Os44Oz44K644Kr44OQ44O8IDPjg5Tjg7zjgrkgKOmAgeaWmeeEoeaWmSk=,6ama55Ww44Gu54Wn5bqmMuWAje+8ge+8gee0lOato+ODrOODs+OCuuOCq+ODkOODvOOBqOS6pOaPm+OBmeOCi+OBoOOBkeKYheOAguODq+ODvOODoOODqeODs+ODl+ODrOODs+OCuiDjg5Hjg4Pjgr0gS0dDMyMvTkdDMyMgSDIyLzLvvZ4g44Kv44Oq44Ki44Os44Oz44K6IOODrOODs+OCuuOCq+ODkOODvCAz44OU44O844K5ICjpgIHmlpnnhKHmlpkp[rn]
15-190277,aHR0cDovL3RzaG9wLnIxMHMuanAva3Vyb2Z1bmVnbG91cC9jYWJpbmV0L2ludGVyaW9yLzA0NjQyNjQzL2ltZ3JjMDA2NzE0MzU4Ny5qcGc/Zml0aW49NzAwOjcwMA==,MzU0Mi40MDAw,,6LuK55So5ZOB44O744OQ44Kk44Kv55So5ZOBID4g44Kr44O855So5ZOBID4g44Op44Kk44OI44O744Op44Oz44OXID4g44Or44O844Og44Op44Oz44OX,44Or44O844Og44Op44Oz44OX44Os44Oz44K6IOOCv+ODs+ODiC/jgr/jg7Pjg4jjgqvjgrnjgr/jg6AgTDM1MC9MMzYwIEgxNy82772eSDE5LzEyIOOCr+ODquOCouODrOODs+OCuiDjg6zjg7Pjgrrjgqvjg5Djg7wgNeODlOODvOOCuSAo6YCB5paZ54Sh5paZKQ==,6ama55Ww44Gu54Wn5bqmMuWAje+8ge+8gee0lOato+ODrOODs+OCuuOCq+ODkOODvOOBqOS6pOaPm+OBmeOCi+OBoOOBkeKYhQ==,PGltZyBzcmM9Imh0dHA6Ly9pbWFnZS5yYWt1dGVuLmNvLmpwL2t1cm9mdW5lZ2xvdXAvY2FiaW5ldC9pbnRlcmlvci8wNDY0MjY0My9pbWdyYzAwNjcxNDM1ODcuanBnIiBhbHQ9IuOCr+ODquOCouODrOODs+OCuuOCq+ODkOODvCI+PEJSPgo8aW1nIHNyYz0iaHR0cDovL2ltYWdlLnJha3V0ZW4uY28uanAva3Vyb2Z1bmVnbG91cC9jYWJpbmV0L2ludGVyaW9yLzA0NjQyNjQzL2ltZ3JjMDA2NzE0MzU4OC5qcGciIGFsdD0i44Kv44Oq44Ki44Os44Oz44K644Kr44OQ44O8Ij48QlI+CjxpbWcgc3JjPSJodHRwOi8vaW1hZ2UucmFrdXRlbi5jby5qcC9rdXJvZnVuZWdsb3VwL2NhYmluZXQvaW50ZXJpb3IvMDQ2NDI2NDMvaW1ncmMwMDY3MTQzNTg5LmpwZyIgYWx0PSLjgq/jg6rjgqLjg6zjg7Pjgrrjgqvjg5Djg7wiPjxCUj4KCjxmb250IGNvbG9yPSJyZWQiIHNpemU9IjQiPjxiPue0lOato+WTgeOBqOavlOi8g+OBl+OBn+OBqOOBk+OCjeOAgeaYjuOCi+OBleOBr+mpmueVsOOBrueFp+W6pjLlgI3vvIHvvIE8L2I+PC9mb250PjxCUj48QlI+Cgrjgq/jg6rjgrnjgr/jg6vjg4DjgqTjg6Tjg6Ljg7Pjg4njgqvjg4Pjg4jjgavjgojjgovopIfpm5HjgarlhYnjga7mi6HmlaPvvIE8QlI+Cue0lOato+OBi+OCieWei+WPluOCiuOBl+OBpuOAgei7iueoruWIpeWwgueUqOioreioiOOBruOBn+OCgeOCuOODo+OCueODiOODleOCo+ODg+ODiOOBl+OBvuOBmeOAgjxCUj4K57SU5q2j5ZOB44Go5Lqk5o+b44GZ44KL44Gg44GR44Gu44CB57Ch5Y2Y5Y+W44KK5LuY44GR44Gn44GN44G+44GZ44CC,44Or44O844Og44Op44Oz44OX44Os44Oz44K6IOOCv+ODs+ODiC/jgr/jg7Pjg4jjgqvjgrnjgr/jg6AgTDM1MC9MMzYwIEgxNy82772eSDE5LzEyIOOCr+ODquOCouODrOODs+OCuiDjg6zjg7Pjgrrjgqvjg5Djg7wgNeODlOODvOOCuSAo6YCB5paZ54Sh5paZKe+8mum7kuiIueOCsOODq+ODvOODlw==,44Ks44Op44K544Kz44O844OG44Kj44Oz44Kw44OJ44Ki44OQ44Kk44K244O844Oh44OD44Kt44OR44O844OE44Km44Kk44Oz44Kr44O844Od44K444K344On44Oz44Kt44OD44OI44Ov44Kk44OJ44OI44Os44OD44OJ44K544Oa44O844K144O844Oq44Og44Ks44O844OJ44Op44OQ44O844K544OX44Os44O844Os44O044Kp44O844Kw44Ko44Ki44Ot44Ov44Kk44OR44O844K544OX44Os44O844OV44Kj44Or44Og44Od44Kx44OD44OI44Oe44OD44OI44Os44O844K344Oz44Kw44OK44OD44OI44Op44OQ44O844Oe44OD44OI44Ki44Or44OV44Kh44O844OJ44O044Kp44Kv44K344O844OO44Ki44O044Kn44Or44OV44Kh44Kk44Ki44OX44Oq44Km44K544OP44Kk44Ko44O844K544K444Og44OL44O844Or44O844Og44Op44Oz44OX44Os44Oz44K6IOOCv+ODs+ODiC/jgr/jg7Pjg4jjgqvjgrnjgr/jg6AgTDM1MC9MMzYwIEgxNy82772eSDE5LzEyIOOCr+ODquOCouODrOODs+OCuiDjg6zjg7Pjgrrjgqvjg5Djg7wgNeODlOODvOOCuSAo6YCB5paZ54Sh5paZKQ==,6ama55Ww44Gu54Wn5bqmMuWAje+8ge+8gee0lOato+ODrOODs+OCuuOCq+ODkOODvOOBqOS6pOaPm+OBmeOCi+OBoOOBkeKYheOAguODq+ODvOODoOODqeODs+ODl+ODrOODs+OCuiDjgr/jg7Pjg4gv44K/44Oz44OI44Kr44K544K/44OgIEwzNTAvTDM2MCBIMTcvNu+9nkgxOS8xMiDjgq/jg6rjgqLjg6zjg7Pjgrog44Os44Oz44K644Kr44OQ44O8IDXjg5Tjg7zjgrkgKOmAgeaWmeeEoeaWmSk=[rn]
15-190278,aHR0cDovL3RzaG9wLnIxMHMuanAva3Vyb2Z1bmVnbG91cC9jYWJpbmV0L2ludGVyaW9yLzA0NjQyNjQzL2ltZ3JjMDA2NzE0MzU4Ny5qcGc/Zml0aW49NzAwOjcwMA==,Mzk3NC40MDAw,,6LuK55So5ZOB44O744OQ44Kk44Kv55So5ZOBID4g44Kr44O855So5ZOBID4g44Op44Kk44OI44O744Op44Oz44OXID4g44Or44O844Og44Op44Oz44OX,44Or44O844Og44Op44Oz44OXIOOCr+ODquOCouODrOODs+OCuuOCq+ODkOODvCA3MOezuyDjg7Tjgqnjgq/jgrfjg7wvVk9YWSBaWlI3IyBIMTkvNu+9niDlpKflnovjg4njg7zjg6Djg6njg7Pjg5foo4XnnYDou4og44K444Oj44K544OI6Kit6KiIIOOCr+ODquOCueOCv+ODq+ODgOOCpOODpOODouODs+ODieOCq+ODg+ODiOWKoOW3pSA244OU44O844K5ICjpgIHmlpnnhKHmlpkp,6ama55Ww44Gu54Wn5bqmMuWAje+8ge+8gee0lOato+ODrOODs+OCuuOCq+ODkOODvOOBqOS6pOaPm+OBmeOCi+OBoOOBkeKYhQ==,PGltZyBzcmM9Imh0dHA6Ly9pbWFnZS5yYWt1dGVuLmNvLmpwL2t1cm9mdW5lZ2xvdXAvY2FiaW5ldC9pbnRlcmlvci8wNDY0MjY0My9pbWdyYzAwNjcxNDM1ODcuanBnIiBhbHQ9IuOCr+ODquOCouODrOODs+OCuuOCq+ODkOODvCI+PEJSPgo8aW1nIHNyYz0iaHR0cDovL2ltYWdlLnJha3V0ZW4uY28uanAva3Vyb2Z1bmVnbG91cC9jYWJpbmV0L2ludGVyaW9yLzA0NjQyNjQzL2ltZ3JjMDA2NzE0MzU4OC5qcGciIGFsdD0i44Kv44Oq44Ki44Os44Oz44K644Kr44OQ44O8Ij48QlI+CjxpbWcgc3JjPSJodHRwOi8vaW1hZ2UucmFrdXRlbi5jby5qcC9rdXJvZnVuZWdsb3VwL2NhYmluZXQvaW50ZXJpb3IvMDQ2NDI2NDMvaW1ncmMwMDY3MTQzNTg5LmpwZyIgYWx0PSLjgq/jg6rjgqLjg6zjg7Pjgrrjgqvjg5Djg7wiPjxCUj4KCjxmb250IGNvbG9yPSJyZWQiIHNpemU9IjQiPjxiPue0lOato+WTgeOBqOavlOi8g+OBl+OBn+OBqOOBk+OCjeOAgeaYjuOCi+OBleOBr+mpmueVsOOBrueFp+W6pjLlgI3vvIHvvIE8L2I+PC9mb250PjxCUj48QlI+Cgrjgq/jg6rjgrnjgr/jg6vjg4DjgqTjg6Tjg6Ljg7Pjg4njgqvjg4Pjg4jjgavjgojjgovopIfpm5HjgarlhYnjga7mi6HmlaPvvIE8QlI+Cue0lOato+OBi+OCieWei+WPluOCiuOBl+OBpuOAgei7iueoruWIpeWwgueUqOioreioiOOBruOBn+OCgeOCuOODo+OCueODiOODleOCo+ODg+ODiOOBl+OBvuOBmeOAgjxCUj4K57SU5q2j5ZOB44Go5Lqk5o+b44GZ44KL44Gg44GR44Gu44CB57Ch5Y2Y5Y+W44KK5LuY44GR44Gn44GN44G+44GZ44CC,44Or44O844Og44Op44Oz44OXIOOCr+ODquOCouODrOODs+OCuuOCq+ODkOODvCA3MOezuyDjg7Tjgqnjgq/jgrfjg7wvVk9YWSBaWlI3IyBIMTkvNu+9niDlpKflnovjg4njg7zjg6Djg6njg7Pjg5foo4XnnYDou4og44K444Oj44K544OI6Kit6KiIIOOCr+ODquOCueOCv+ODq+ODgOOCpOODpOODouODs+ODieOCq+ODg+ODiOWKoOW3pSA244OU44O844K5ICjpgIHmlpnnhKHmlpkp77ya6buS6Ii544Kw44Or44O844OX,44Ks44Op44K544Kz44O844OG44Kj44Oz44Kw44OJ44Ki44OQ44Kk44K244O844Oh44OD44Kt44OR44O844OE44Km44Kk44Oz44Kr44O844Od44K444K344On44Oz44Kt44OD44OI44Ov44Kk44OJ44OI44Os44OD44OJ44K544Oa44O844K144O844Oq44Og44Ks44O844OJ44Op44OQ44O844K544OX44Os44O844Os44O044Kp44O844Kw44Ko44Ki44Ot44Ov44Kk44OR44O844K544OX44Os44O844OV44Kj44Or44Og44Od44Kx44OD44OI44Oe44OD44OI44Os44O844K344Oz44Kw44OK44OD44OI44Op44OQ44O844Oe44OD44OI44Ki44Or44OV44Kh44O844OJ44O044Kp44Kv44K344O844OO44Ki44O044Kn44Or44OV44Kh44Kk44Ki44OX44Oq44Km44K544OP44Kk44Ko44O844K544K444Og44OL44O844Or44O844Og44Op44Oz44OXIOOCr+ODquOCouODrOODs+OCuuOCq+ODkOODvCA3MOezuyDjg7Tjgqnjgq/jgrfjg7wvVk9YWSBaWlI3IyBIMTkvNu+9niDlpKflnovjg4njg7zjg6Djg6njg7Pjg5foo4XnnYDou4og44K444Oj44K544OI6Kit6KiIIOOCr+ODquOCueOCv+ODq+ODgOOCpOODpOODouODs+ODieOCq+ODg+ODiOWKoOW3pSA244OU44O844K5ICjpgIHmlpnnhKHmlpkp,6ama55Ww44Gu54Wn5bqmMuWAje+8ge+8gee0lOato+ODrOODs+OCuuOCq+ODkOODvOOBqOS6pOaPm+OBmeOCi+OBoOOBkeKYheOAguODq+ODvOODoOODqeODs+ODlyDjgq/jg6rjgqLjg6zjg7Pjgrrjgqvjg5Djg7wgNzDns7sg44O044Kp44Kv44K344O8L1ZPWFkgWlpSNyMgSDE5LzbvvZ4g5aSn5Z6L44OJ44O844Og44Op44Oz44OX6KOF552A6LuKIOOCuOODo+OCueODiOioreioiCDjgq/jg6rjgrnjgr/jg6vjg4DjgqTjg6Tjg6Ljg7Pjg4njgqvjg4Pjg4jliqDlt6UgNuODlOODvOOCuSAo6YCB5paZ54Sh5paZKQ==[rn]
15-190279,aHR0cDovL3RzaG9wLnIxMHMuanAva3Vyb2Z1bmVnbG91cC9jYWJpbmV0L2ludGVyaW9yLzA0NjQyNjQzL2ltZ3JjMDA2NzE0MzU4Ny5qcGc/Zml0aW49NzAwOjcwMA==,MTkwMC44MDAw,,6LuK55So5ZOB44O744OQ44Kk44Kv55So5ZOBID4g44Kr44O855So5ZOBID4g44Op44Kk44OI44O744Op44Oz44OXID4g44Or44O844Og44Op44Oz44OX,44Or44O844Og44Op44Oz44OX44Os44Oz44K6IOODh+ODpeOCouODquOCuSBKMTAgSDE5LzXvvZ4gMjBT44Kw44Os44O844OJIOOCr+ODquOCouODrOODs+OCuiDjg6zjg7Pjgrrjgqvjg5Djg7wgMeODlOODvOOCuSAo6YCB5paZ54Sh5paZKQ==,6ama55Ww44Gu54Wn5bqmMuWAje+8ge+8gee0lOato+ODrOODs+OCuuOCq+ODkOODvOOBqOS6pOaPm+OBmeOCi+OBoOOBkeKYhQ==,PGltZyBzcmM9Imh0dHA6Ly9pbWFnZS5yYWt1dGVuLmNvLmpwL2t1cm9mdW5lZ2xvdXAvY2FiaW5ldC9pbnRlcmlvci8wNDY0MjY0My9pbWdyYzAwNjcxNDM1ODcuanBnIiBhbHQ9IuOCr+ODquOCouODrOODs+OCuuOCq+ODkOODvCI+PEJSPgo8aW1nIHNyYz0iaHR0cDovL2ltYWdlLnJha3V0ZW4uY28uanAva3Vyb2Z1bmVnbG91cC9jYWJpbmV0L2ludGVyaW9yLzA0NjQyNjQzL2ltZ3JjMDA2NzE0MzU4OC5qcGciIGFsdD0i44Kv44Oq44Ki44Os44Oz44K644Kr44OQ44O8Ij48QlI+CjxpbWcgc3JjPSJodHRwOi8vaW1hZ2UucmFrdXRlbi5jby5qcC9rdXJvZnVuZWdsb3VwL2NhYmluZXQvaW50ZXJpb3IvMDQ2NDI2NDMvaW1ncmMwMDY3MTQzNTg5LmpwZyIgYWx0PSLjgq/jg6rjgqLjg6zjg7Pjgrrjgqvjg5Djg7wiPjxCUj4KCjxmb250IGNvbG9yPSJyZWQiIHNpemU9IjQiPjxiPue0lOato+WTgeOBqOavlOi8g+OBl+OBn+OBqOOBk+OCjeOAgeaYjuOCi+OBleOBr+mpmueVsOOBrueFp+W6pjLlgI3vvIHvvIE8L2I+PC9mb250PjxCUj48QlI+Cgrjgq/jg6rjgrnjgr/jg6vjg4DjgqTjg6Tjg6Ljg7Pjg4njgqvjg4Pjg4jjgavjgojjgovopIfpm5HjgarlhYnjga7mi6HmlaPvvIE8QlI+Cue0lOato+OBi+OCieWei+WPluOCiuOBl+OBpuOAgei7iueoruWIpeWwgueUqOioreioiOOBruOBn+OCgeOCuOODo+OCueODiOODleOCo+ODg+ODiOOBl+OBvuOBmeOAgjxCUj4K57SU5q2j5ZOB44Go5Lqk5o+b44GZ44KL44Gg44GR44Gu44CB57Ch5Y2Y5Y+W44KK5LuY44GR44Gn44GN44G+44GZ44CC,44Or44O844Og44Op44Oz44OX44Os44Oz44K6IOODh+ODpeOCouODquOCuSBKMTAgSDE5LzXvvZ4gMjBT44Kw44Os44O844OJIOOCr+ODquOCouODrOODs+OCuiDjg6zjg7Pjgrrjgqvjg5Djg7wgMeODlOODvOOCuSAo6YCB5paZ54Sh5paZKe+8mum7kuiIueOCsOODq+ODvOODlw==,44Ks44Op44K544Kz44O844OG44Kj44Oz44Kw44OJ44Ki44OQ44Kk44K244O844Oh44OD44Kt44OR44O844OE44Km44Kk44Oz44Kr44O844Od44K444K344On44Oz44Kt44OD44OI44Ov44Kk44OJ44OI44Os44OD44OJ44K544Oa44O844K144O844Oq44Og44Ks44O844OJ44Op44OQ44O844K544OX44Os44O844Os44O044Kp44O844Kw44Ko44Ki44Ot44Ov44Kk44OR44O844K544OX44Os44O844OV44Kj44Or44Og44Od44Kx44OD44OI44Oe44OD44OI44Os44O844K344Oz44Kw44OK44OD44OI44Op44OQ44O844Oe44OD44OI44Ki44Or44OV44Kh44O844OJ44O044Kp44Kv44K344O844OO44Ki44O044Kn44Or44OV44Kh44Kk44Ki44OX44Oq44Km44K544OP44Kk44Ko44O844K544K444Og44OL44O844Or44O844Og44Op44Oz44OX44Os44Oz44K6IOODh+ODpeOCouODquOCuSBKMTAgSDE5LzXvvZ4gMjBT44Kw44Os44O844OJIOOCr+ODquOCouODrOODs+OCuiDjg6zjg7Pjgrrjgqvjg5Djg7wgMeODlOODvOOCuSAo6YCB5paZ54Sh5paZKQ==,6ama55Ww44Gu54Wn5bqmMuWAje+8ge+8gee0lOato+ODrOODs+OCuuOCq+ODkOODvOOBqOS6pOaPm+OBmeOCi+OBoOOBkeKYheOAguODq+ODvOODoOODqeODs+ODl+ODrOODs+OCuiDjg4fjg6XjgqLjg6rjgrkgSjEwIEgxOS81772eIDIwU+OCsOODrOODvOODiSDjgq/jg6rjgqLjg6zjg7Pjgrog44Os44Oz44K644Kr44OQ44O8IDHjg5Tjg7zjgrkgKOmAgeaWmeeEoeaWmSk=[rn]
15-190280,aHR0cDovL3RzaG9wLnIxMHMuanAva3Vyb2Z1bmVnbG91cC9jYWJpbmV0L2ludGVyaW9yLzA0NjQyNjQzL2ltZ3JjMDA2NzE0MzU4Ny5qcGc/Zml0aW49NzAwOjcwMA==,MzExMC40MDAw,,6LuK55So5ZOB44O744OQ44Kk44Kv55So5ZOBID4g44Kr44O855So5ZOBID4g44Op44Kk44OI44O744Op44Oz44OXID4g44Or44O844Og44Op44Oz44OX,44Or44O844Og44Op44Oz44OX44Os44Oz44K6IOODoOODvOODtOOCs+ODs+ODhi/jg6Djg7zjg7TjgrPjg7Pjg4bjgqvjgrnjgr/jg6AgTDU3NVMvTDU4NVMgSDIwLzjvvZ4g44Kv44Oq44Ki44Os44Oz44K6IOODrOODs+OCuuOCq+ODkOODvCA044OU44O844K5ICjpgIHmlpnnhKHmlpkp,6ama55Ww44Gu54Wn5bqmMuWAje+8ge+8gee0lOato+ODrOODs+OCuuOCq+ODkOODvOOBqOS6pOaPm+OBmeOCi+OBoOOBkeKYhQ==,PGltZyBzcmM9Imh0dHA6Ly9pbWFnZS5yYWt1dGVuLmNvLmpwL2t1cm9mdW5lZ2xvdXAvY2FiaW5ldC9pbnRlcmlvci8wNDY0MjY0My9pbWdyYzAwNjcxNDM1ODcuanBnIiBhbHQ9IuOCr+ODquOCouODrOODs+OCuuOCq+ODkOODvCI+PEJSPgo8aW1nIHNyYz0iaHR0cDovL2ltYWdlLnJha3V0ZW4uY28uanAva3Vyb2Z1bmVnbG91cC9jYWJpbmV0L2ludGVyaW9yLzA0NjQyNjQzL2ltZ3JjMDA2NzE0MzU4OC5qcGciIGFsdD0i44Kv44Oq44Ki44Os44Oz44K644Kr44OQ44O8Ij48QlI+CjxpbWcgc3JjPSJodHRwOi8vaW1hZ2UucmFrdXRlbi5jby5qcC9rdXJvZnVuZWdsb3VwL2NhYmluZXQvaW50ZXJpb3IvMDQ2NDI2NDMvaW1ncmMwMDY3MTQzNTg5LmpwZyIgYWx0PSLjgq/jg6rjgqLjg6zjg7Pjgrrjgqvjg5Djg7wiPjxCUj4KCjxmb250IGNvbG9yPSJyZWQiIHNpemU9IjQiPjxiPue0lOato+WTgeOBqOavlOi8g+OBl+OBn+OBqOOBk+OCjeOAgeaYjuOCi+OBleOBr+mpmueVsOOBrueFp+W6pjLlgI3vvIHvvIE8L2I+PC9mb250PjxCUj48QlI+Cgrjgq/jg6rjgrnjgr/jg6vjg4DjgqTjg6Tjg6Ljg7Pjg4njgqvjg4Pjg4jjgavjgojjgovopIfpm5HjgarlhYnjga7mi6HmlaPvvIE8QlI+Cue0lOato+OBi+OCieWei+WPluOCiuOBl+OBpuOAgei7iueoruWIpeWwgueUqOioreioiOOBruOBn+OCgeOCuOODo+OCueODiOODleOCo+ODg+ODiOOBl+OBvuOBmeOAgjxCUj4K57SU5q2j5ZOB44Go5Lqk5o+b44GZ44KL44Gg44GR44Gu44CB57Ch5Y2Y5Y+W44KK5LuY44GR44Gn44GN44G+44GZ44CC,44Or44O844Og44Op44Oz44OX44Os44Oz44K6IOODoOODvOODtOOCs+ODs+ODhi/jg6Djg7zjg7TjgrPjg7Pjg4bjgqvjgrnjgr/jg6AgTDU3NVMvTDU4NVMgSDIwLzjvvZ4g44Kv44Oq44Ki44Os44Oz44K6IOODrOODs+OCuuOCq+ODkOODvCA044OU44O844K5ICjpgIHmlpnnhKHmlpkp77ya6buS6Ii544Kw44Or44O844OX,44Ks44Op44K544Kz44O844OG44Kj44Oz44Kw44OJ44Ki44OQ44Kk44K244O844Oh44OD44Kt44OR44O844OE44Km44Kk44Oz44Kr44O844Od44K444K344On44Oz44Kt44OD44OI44Ov44Kk44OJ44OI44Os44OD44OJ44K544Oa44O844K144O844Oq44Og44Ks44O844OJ44Op44OQ44O844K544OX44Os44O844Os44O044Kp44O844Kw44Ko44Ki44Ot44Ov44Kk44OR44O844K544OX44Os44O844OV44Kj44Or44Og44Od44Kx44OD44OI44Oe44OD44OI44Os44O844K344Oz44Kw44OK44OD44OI44Op44OQ44O844Oe44OD44OI44Ki44Or44OV44Kh44O844OJ44O044Kp44Kv44K344O844OO44Ki44O044Kn44Or44OV44Kh44Kk44Ki44OX44Oq44Km44K544OP44Kk44Ko44O844K544K444Og44OL44O844Or44O844Og44Op44Oz44OX44Os44Oz44K6IOODoOODvOODtOOCs+ODs+ODhi/jg6Djg7zjg7TjgrPjg7Pjg4bjgqvjgrnjgr/jg6AgTDU3NVMvTDU4NVMgSDIwLzjvvZ4g44Kv44Oq44Ki44Os44Oz44K6IOODrOODs+OCuuOCq+ODkOODvCA044OU44O844K5ICjpgIHmlpnnhKHmlpkp,6ama55Ww44Gu54Wn5bqmMuWAje+8ge+8gee0lOato+ODrOODs+OCuuOCq+ODkOODvOOBqOS6pOaPm+OBmeOCi+OBoOOBkeKYheOAguODq+ODvOODoOODqeODs+ODl+ODrOODs+OCuiDjg6Djg7zjg7TjgrPjg7Pjg4Yv44Og44O844O044Kz44Oz44OG44Kr44K544K/44OgIEw1NzVTL0w1ODVTIEgyMC84772eIOOCr+ODquOCouODrOODs+OCuiDjg6zjg7Pjgrrjgqvjg5Djg7wgNOODlOODvOOCuSAo6YCB5paZ54Sh5paZKQ==[rn]
15-190281,aHR0cDovL3RzaG9wLnIxMHMuanAva3Vyb2Z1bmVnbG91cC9jYWJpbmV0L2ludGVyaW9yLzA0NjQyNjQzL2ltZ3JjMDA2NzE0MzU4Ny5qcGc/Zml0aW49NzAwOjcwMA==,MzExMC40MDAw,,6LuK55So5ZOB44O744OQ44Kk44Kv55So5ZOBID4g44Kr44O855So5ZOBID4g44Op44Kk44OI44O744Op44Oz44OXID4g44Or44O844Og44Op44Oz44OX,44Or44O844Og44Op44Oz44OX44Os44Oz44K6IOODtOOCo+ODg+ODhCBLU1A5MC9OQ1A5MC9TQ1A5MCBIMTcvMe+9nkgyMi8xMSDjgq/jg6rjgqLjg6zjg7Pjgrog44Os44Oz44K644Kr44OQ44O8IDPjg5Tjg7zjgrkgKOmAgeaWmeeEoeaWmSk=,6ama55Ww44Gu54Wn5bqmMuWAje+8ge+8gee0lOato+ODrOODs+OCuuOCq+ODkOODvOOBqOS6pOaPm+OBmeOCi+OBoOOBkeKYhQ==,PGltZyBzcmM9Imh0dHA6Ly9pbWFnZS5yYWt1dGVuLmNvLmpwL2t1cm9mdW5lZ2xvdXAvY2FiaW5ldC9pbnRlcmlvci8wNDY0MjY0My9pbWdyYzAwNjcxNDM1ODcuanBnIiBhbHQ9IuOCr+ODquOCouODrOODs+OCuuOCq+ODkOODvCI+PEJSPgo8aW1nIHNyYz0iaHR0cDovL2ltYWdlLnJha3V0ZW4uY28uanAva3Vyb2Z1bmVnbG91cC9jYWJpbmV0L2ludGVyaW9yLzA0NjQyNjQzL2ltZ3JjMDA2NzE0MzU4OC5qcGciIGFsdD0i44Kv44Oq44Ki44Os44Oz44K644Kr44OQ44O8Ij48QlI+CjxpbWcgc3JjPSJodHRwOi8vaW1hZ2UucmFrdXRlbi5jby5qcC9rdXJvZnVuZWdsb3VwL2NhYmluZXQvaW50ZXJpb3IvMDQ2NDI2NDMvaW1ncmMwMDY3MTQzNTg5LmpwZyIgYWx0PSLjgq/jg6rjgqLjg6zjg7Pjgrrjgqvjg5Djg7wiPjxCUj4KCjxmb250IGNvbG9yPSJyZWQiIHNpemU9IjQiPjxiPue0lOato+WTgeOBqOavlOi8g+OBl+OBn+OBqOOBk+OCjeOAgeaYjuOCi+OBleOBr+mpmueVsOOBrueFp+W6pjLlgI3vvIHvvIE8L2I+PC9mb250PjxCUj48QlI+Cgrjgq/jg6rjgrnjgr/jg6vjg4DjgqTjg6Tjg6Ljg7Pjg4njgqvjg4Pjg4jjgavjgojjgovopIfpm5HjgarlhYnjga7mi6HmlaPvvIE8QlI+Cue0lOato+OBi+OCieWei+WPluOCiuOBl+OBpuOAgei7iueoruWIpeWwgueUqOioreioiOOBruOBn+OCgeOCuOODo+OCueODiOODleOCo+ODg+ODiOOBl+OBvuOBmeOAgjxCUj4K57SU5q2j5ZOB44Go5Lqk5o+b44GZ44KL44Gg44GR44Gu44CB57Ch5Y2Y5Y+W44KK5LuY44GR44Gn44GN44G+44GZ44CC,44Or44O844Og44Op44Oz44OX44Os44Oz44K6IOODtOOCo+ODg+ODhCBLU1A5MC9OQ1A5MC9TQ1A5MCBIMTcvMe+9nkgyMi8xMSDjgq/jg6rjgqLjg6zjg7Pjgrog44Os44Oz44K644Kr44OQ44O8IDPjg5Tjg7zjgrkgKOmAgeaWmeeEoeaWmSnvvJrpu5LoiLnjgrDjg6vjg7zjg5c=,44Ks44Op44K544Kz44O844OG44Kj44Oz44Kw44OJ44Ki44OQ44Kk44K244O844Oh44OD44Kt44OR44O844OE44Km44Kk44Oz44Kr44O844Od44K444K344On44Oz44Kt44OD44OI44Ov44Kk44OJ44OI44Os44OD44OJ44K544Oa44O844K144O844Oq44Og44Ks44O844OJ44Op44OQ44O844K544OX44Os44O844Os44O044Kp44O844Kw44Ko44Ki44Ot44Ov44Kk44OR44O844K544OX44Os44O844OV44Kj44Or44Og44Od44Kx44OD44OI44Oe44OD44OI44Os44O844K344Oz44Kw44OK44OD44OI44Op44OQ44O844Oe44OD44OI44Ki44Or44OV44Kh44O844OJ44O044Kp44Kv44K344O844OO44Ki44O044Kn44Or44OV44Kh44Kk44Ki44OX44Oq44Km44K544OP44Kk44Ko44O844K544K444Og44OL44O844Or44O844Og44Op44Oz44OX44Os44Oz44K6IOODtOOCo+ODg+ODhCBLU1A5MC9OQ1A5MC9TQ1A5MCBIMTcvMe+9nkgyMi8xMSDjgq/jg6rjgqLjg6zjg7Pjgrog44Os44Oz44K644Kr44OQ44O8IDPjg5Tjg7zjgrkgKOmAgeaWmeeEoeaWmSk=,6ama55Ww44Gu54Wn5bqmMuWAje+8ge+8gee0lOato+ODrOODs+OCuuOCq+ODkOODvOOBqOS6pOaPm+OBmeOCi+OBoOOBkeKYheOAguODq+ODvOODoOODqeODs+ODl+ODrOODs+OCuiDjg7TjgqPjg4Pjg4QgS1NQOTAvTkNQOTAvU0NQOTAgSDE3LzHvvZ5IMjIvMTEg44Kv44Oq44Ki44Os44Oz44K6IOODrOODs+OCuuOCq+ODkOODvCAz44OU44O844K5ICjpgIHmlpnnhKHmlpkp[rn]
15-190282,aHR0cDovL3RzaG9wLnIxMHMuanAva3Vyb2Z1bmVnbG91cC9jYWJpbmV0L2xlZC8wNDM0OTI4My9pbWdyYzAwNjY2NzU5NDQuanBnP2ZpdGluPTcwMDo3MDA=,NjkxLjIwMDA=,,6LuK55So5ZOB44O744OQ44Kk44Kv55So5ZOBID4g44Kr44O855So5ZOBID4g44Op44Kk44OI44O744Op44Oz44OXID4g44Or44O844Og44Op44Oz44OX,44Ko44Ki44Kz44Oz44OR44ON44OrIExFRCDjgrvjg4Pjg4gg44OE44Kk44OzIEVDMjJTIOODnuODi+ODpeOCouODq+OCqOOCouOCs+ODsyDjg5bjg6vjg7wv6Z2SICjjg43jgrPjg53jgrnpmZDlrprpgIHmlpnnhKHmlpkp,44Ko44Ki44Kz44Oz44OR44ON44Or44KS576O44GX44GPTEVE5YyW4piF6LuK56iu44GU44Go44Gr5b+F6KaB5YCL5pWw44KS44GK5bGK44GR77yB,PGltZyBzcmM9Imh0dHA6Ly9pbWFnZS5yYWt1dGVuLmNvLmpwL2t1cm9mdW5lZ2xvdXAvY2FiaW5ldC9sZWQvMDQzNDkyODMvaW1ncmMwMDY2Njc1OTQ0LmpwZyIgYWx0PSLjgqjjgqLjgrPjg7Pjg5Hjg43jg6tMRUQiPjxCUj4KPGltZyBzcmM9Imh0dHA6Ly9pbWFnZS5yYWt1dGVuLmNvLmpwL2t1cm9mdW5lZ2xvdXAvY2FiaW5ldC9sZWQvMDQzNDkyODMvaW1ncmMwMDY2Mjk0NjM5LmpwZyIgYWx0PSLjgqjjgqLjgrPjg7Pjg5Hjg43jg6tMRUQiPjxCUj4KPGltZyBzcmM9Imh0dHA6Ly9pbWFnZS5yYWt1dGVuLmNvLmpwL2t1cm9mdW5lZ2xvdXAvY2FiaW5ldC9sZWQvMDQzNDkyODMvaW1ncmMwMDY2Mjk0NjM4LmpwZyIgYWx0PSLjgqjjgqLjgrPjg7Pjg5Hjg43jg6tMRUQiPjxCUj4KCjxmb250IGNvbG9yPSJyZWQiPjxiPuOCqOOCouOCs+ODs+ODkeODjeODq0xFROOCu+ODg+ODiOOAgOi7iueoruWIpeOCt+ODquODvOOCuuOAgOODluODq+ODvDwvYj48L2ZvbnQ+PEJSPjxCUj4KCuOCqOOCouOCs+ODs+ODkeODjeODq+OCkkxFROOBrue+juOBl+OBhOWFieOBq+ODgeOCp+ODs+OCuO+8ge+8gTxCUj48QlI+CgrjgqjjgqLjgrPjg7Pjg5Hjg43jg6vjga7jg6njgqTjg4jjgpJMRUTjgavkuqTmj5vjgZnjgovjgaDjgZHjgafjgIE8QlI+Cui7iuWGheOBrumbsOWbsuawl+OBjOOCsOODg+OBqOWkieOCj+OCiuOAgeODr+ODs+ODqeODs+OCr+S4iuOBrui7iuWGheOBq++8gTxCUj48QlI+CgoKPGZvbnQgY29sb3I9InJlZCI+4pag44K744OD44OI5YaF5a654pagPC9mb250PjxCUj4KClQz44O7VDQuMuODu1Q0Ljfjg7tUNeOBrjTnqK7poZ7jga5MRUTjgYvjgonjgIHou4rnqK7liKXjgavlkIjjgo/jgZvjgablv4XopoHlgIvmlbDjga7jgrvjg4Pjg4jjgafjgYrlsYrjgZHvvIHvvIE8QlI+PEJSPgoKCjxmb250IGNvbG9yPSJyZWQiPuKWoOazqOaEj+S6i+mgheKWoDwvZm9udD48QlI+CuKAu+i7iueoruOBr+WVhuWTgeOCv+OCpOODiOODq+OBq+a6luOBmOOBvuOBmeOAgjxCUj4K4oC76LuK56iu44Gr44KI44Gj44Gm44Gv44CB44Og44Op44GM55Sf44GY44KL5aC05ZCI44KC44GU44GW44GE44G+44GZ44CCPEJSPgrigLvntJTmraPjg5Hjg43jg6vjgavnnYDoibLjgYzjgYLjgovloLTlkIjjga/jgIHoibLjgYzlpInjgo/jgaPjgabopovjgYjjgb7jgZnjgII8QlI+CuKAu+Wfi+i+vExFROOBruWgtOWQiOOAgeS6pOaPm+S4jeWPr+OBqOOBquOCiuOBvuOBmeOBruOBp+OAgTxCUj7oqbLlvZPnrofmiYDjga/jgrvjg4Pjg4jlhoXlrrnjgavlkKvjgb7jgozjgb7jgZvjgpM8QlI+CuKAu+ODkOODq+ODluW9oueKtuOBrumBqeWQiOeiuuiqjeOBiuOCiOOBs+WHuuWTgeOBqOOBquOCiuOBvuOBmeOBruOBp+OAgTxCUj7oo4XnnYDjgavkuI3lhbflkIjjgYznlJ/jgZjjgovlj6/og73mgKfjgYzjgZTjgZbjgYTjgb7jgZnjgII8QlI+PEJSPgoK4pag6YWN6YCB5pa55rOV4pagPEJSPgrjg6Tjg57jg4jpgYvovLgg44ON44Kz44Od44K5PEJSPjxCUj4KCjEu5pys5ZWG5ZOB44Gv44Oh44O844Or5L6/6ZmQ5a6a44Gn6YCB5paZ54Sh5paZ44Go44Gq44KK44G+44GZ44CCPEJSPgoyLuOBguOBmealveWvvuW/nOS4jeWPrzxCUj4KMy7jgYrlsYrjgZHjgb7jgafjgavntIQz772eMTDml6XnqIvjgYvjgYvjgorjgb7jgZnjgII8QlI+CjQu5ZWG5ZOB57Sb5aSx44CB56C05pCN562J44Gu6YWN6YCB5L+d6Ki844Gv5b6h5bqn44GE44G+44Gb44KT44CCPEJSPumBi+mAgeS6i+aVheOBq+mWouOBl+OBvuOBl+OBpuW9k+W6l+OBp+OBr+S4gOWIh+OBruiyrOS7u+OCkuiyoOOBhOWFvOOBreOBvuOBmeOAgjxCUj48QlI+CgrigLvjgYrmlK/miZXjgYTmlrnms5XjgafjgJDku6Pph5HlvJXmj5vjgJHjgpLjgZTpgbjmip7jgZXjgozjgZ/loLTlkIjjgIE8QlI+CueEoeadoeS7tuOBp+mAgeaWmTEwODDlhobjgYzliqDnrpfjgajjgarjgorjgb7jgZnjgII=,44Ko44Ki44Kz44Oz44OR44ON44OrIExFRCDjgrvjg4Pjg4gg44OE44Kk44OzIEVDMjJTIOODnuODi+ODpeOCouODq+OCqOOCouOCs+ODsyDjg5bjg6vjg7wv6Z2SICjjg43jgrPjg53jgrnpmZDlrprpgIHmlpnnhKHmlpkp77ya6buS6Ii544Kw44Or44O844OX,44Ks44Op44K544Kz44O844OG44Kj44Oz44Kw44OJ44Ki44OQ44Kk44K244O844Oh44OD44Kt44OR44O844OE44Km44Kk44Oz44Kr44O844Od44K444K344On44Oz44Kt44OD44OI44Ov44Kk44OJ44OI44Os44OD44OJ44K544Oa44O844K144O844Oq44Og44Ks44O844OJ44Op44OQ44O844K544OX44Os44O844Os44O044Kp44O844Kw44Ko44Ki44Ot44Ov44Kk44OR44O844K544OX44Os44O844OV44Kj44Or44Og44Od44Kx44OD44OI44Oe44OD44OI44Os44O844K344Oz44Kw44OK44OD44OI44Op44OQ44O844Oe44OD44OI44Ki44Or44OV44Kh44O844OJ44O044Kp44Kv44K344O844OO44Ki44O044Kn44Or44OV44Kh44Kk44Ki44OX44Oq44Km44K544OP44Kk44Ko44O844K544K444Og44OL44O844Ko44Ki44Kz44Oz44OR44ON44OrIExFRCDjgrvjg4Pjg4gg44OE44Kk44OzIEVDMjJTIOODnuODi+ODpeOCouODq+OCqOOCouOCs+ODsyDjg5bjg6vjg7wv6Z2SICjjg43jgrPjg53jgrnpmZDlrprpgIHmlpnnhKHmlpkp,44Ko44Ki44Kz44Oz44OR44ON44Or44KS576O44GX44GPTEVE5YyW4piF6LuK56iu44GU44Go44Gr5b+F6KaB5YCL5pWw44KS44GK5bGK44GR77yB44CC44Ko44Ki44Kz44Oz44OR44ON44OrIExFRCDjgrvjg4Pjg4gg44OE44Kk44OzIEVDMjJTIOODnuODi+ODpeOCouODq+OCqOOCouOCs+ODsyDjg5bjg6vjg7wv6Z2SICjjg43jgrPjg53jgrnpmZDlrprpgIHmlpnnhKHmlpkp[rn]
15-190283,aHR0cDovL3RzaG9wLnIxMHMuanAva3Vyb2Z1bmVnbG91cC9jYWJpbmV0L2xlZC8wNDM0OTI4My9pbWdyYzAwNjcxNDI2NjcuanBnP2ZpdGluPTcwMDo3MDA=,NjkxLjIwMDA=,,6LuK55So5ZOB44O744OQ44Kk44Kv55So5ZOBID4g44Kr44O855So5ZOBID4g44Op44Kk44OI44O744Op44Oz44OXID4g44Or44O844Og44Op44Oz44OX,44Ko44Ki44Kz44Oz44OR44ON44OrIExFRCDjgrvjg4Pjg4gg44Kt44Ol44O844OWL+OCreODpeODvOODk+ODg+OCryBaMTEg44Oe44OL44Ol44Ki44Or44Ko44Ki44Kz44OzIOODm+ODr+OCpOODiC/nmb0gKOODjeOCs+ODneOCuemZkOWumumAgeaWmeeEoeaWmSk=,44Ko44Ki44Kz44Oz44OR44ON44Or44KS576O44GX44GPTEVE5YyW4piF6LuK56iu44GU44Go44Gr5b+F6KaB5YCL5pWw44KS44GK5bGK44GR77yB,PGltZyBzcmM9Imh0dHA6Ly9pbWFnZS5yYWt1dGVuLmNvLmpwL2t1cm9mdW5lZ2xvdXAvY2FiaW5ldC9sZWQvMDQzNDkyODMvaW1ncmMwMDY2Njc1OTQ0LmpwZyIgYWx0PSLjgqjjgqLjgrPjg7Pjg5Hjg43jg6tMRUQiPjxCUj4KPGltZyBzcmM9Imh0dHA6Ly9pbWFnZS5yYWt1dGVuLmNvLmpwL2t1cm9mdW5lZ2xvdXAvY2FiaW5ldC9sZWQvMDQzNDkyODMvaW1ncmMwMDY2Mjk0NjM5LmpwZyIgYWx0PSLjgqjjgqLjgrPjg7Pjg5Hjg43jg6tMRUQiPjxCUj4KPGltZyBzcmM9Imh0dHA6Ly9pbWFnZS5yYWt1dGVuLmNvLmpwL2t1cm9mdW5lZ2xvdXAvY2FiaW5ldC9sZWQvMDQzNDkyODMvaW1ncmMwMDY2Mjk0NjM4LmpwZyIgYWx0PSLjgqjjgqLjgrPjg7Pjg5Hjg43jg6tMRUQiPjxCUj4KCjxmb250IGNvbG9yPSJyZWQiPjxiPuOCqOOCouOCs+ODs+ODkeODjeODq0xFROOCu+ODg+ODiOOAgOi7iueoruWIpeOCt+ODquODvOOCuuOAgOODluODq+ODvDwvYj48L2ZvbnQ+PEJSPjxCUj4KCuOCqOOCouOCs+ODs+ODkeODjeODq+OCkkxFROOBrue+juOBl+OBhOWFieOBq+ODgeOCp+ODs+OCuO+8ge+8gTxCUj48QlI+CgrjgqjjgqLjgrPjg7Pjg5Hjg43jg6vjga7jg6njgqTjg4jjgpJMRUTjgavkuqTmj5vjgZnjgovjgaDjgZHjgafjgIE8QlI+Cui7iuWGheOBrumbsOWbsuawl+OBjOOCsOODg+OBqOWkieOCj+OCiuOAgeODr+ODs+ODqeODs+OCr+S4iuOBrui7iuWGheOBq++8gTxCUj48QlI+CgoKPGZvbnQgY29sb3I9InJlZCI+4pag44K744OD44OI5YaF5a654pagPC9mb250PjxCUj4KClQz44O7VDQuMuODu1Q0Ljfjg7tUNeOBrjTnqK7poZ7jga5MRUTjgYvjgonjgIHou4rnqK7liKXjgavlkIjjgo/jgZvjgablv4XopoHlgIvmlbDjga7jgrvjg4Pjg4jjgafjgYrlsYrjgZHvvIHvvIE8QlI+PEJSPgoKCjxmb250IGNvbG9yPSJyZWQiPuKWoOazqOaEj+S6i+mgheKWoDwvZm9udD48QlI+CuKAu+i7iueoruOBr+WVhuWTgeOCv+OCpOODiOODq+OBq+a6luOBmOOBvuOBmeOAgjxCUj4K4oC76LuK56iu44Gr44KI44Gj44Gm44Gv44CB44Og44Op44GM55Sf44GY44KL5aC05ZCI44KC44GU44GW44GE44G+44GZ44CCPEJSPgrigLvntJTmraPjg5Hjg43jg6vjgavnnYDoibLjgYzjgYLjgovloLTlkIjjga/jgIHoibLjgYzlpInjgo/jgaPjgabopovjgYjjgb7jgZnjgII8QlI+CuKAu+Wfi+i+vExFROOBruWgtOWQiOOAgeS6pOaPm+S4jeWPr+OBqOOBquOCiuOBvuOBmeOBruOBp+OAgTxCUj7oqbLlvZPnrofmiYDjga/jgrvjg4Pjg4jlhoXlrrnjgavlkKvjgb7jgozjgb7jgZvjgpM8QlI+CuKAu+ODkOODq+ODluW9oueKtuOBrumBqeWQiOeiuuiqjeOBiuOCiOOBs+WHuuWTgeOBqOOBquOCiuOBvuOBmeOBruOBp+OAgTxCUj7oo4XnnYDjgavkuI3lhbflkIjjgYznlJ/jgZjjgovlj6/og73mgKfjgYzjgZTjgZbjgYTjgb7jgZnjgII8QlI+PEJSPgoK4pag6YWN6YCB5pa55rOV4pagPEJSPgrjg6Tjg57jg4jpgYvovLgg44ON44Kz44Od44K5PEJSPjxCUj4KCjEu5pys5ZWG5ZOB44Gv44Oh44O844Or5L6/6ZmQ5a6a44Gn6YCB5paZ54Sh5paZ44Go44Gq44KK44G+44GZ44CCPEJSPgoyLuOBguOBmealveWvvuW/nOS4jeWPrzxCUj4KMy7jgYrlsYrjgZHjgb7jgafjgavntIQz772eMTDml6XnqIvjgYvjgYvjgorjgb7jgZnjgII8QlI+CjQu5ZWG5ZOB57Sb5aSx44CB56C05pCN562J44Gu6YWN6YCB5L+d6Ki844Gv5b6h5bqn44GE44G+44Gb44KT44CCPEJSPumBi+mAgeS6i+aVheOBq+mWouOBl+OBvuOBl+OBpuW9k+W6l+OBp+OBr+S4gOWIh+OBruiyrOS7u+OCkuiyoOOBhOWFvOOBreOBvuOBmeOAgjxCUj48QlI+CgrigLvjgYrmlK/miZXjgYTmlrnms5XjgafjgJDku6Pph5HlvJXmj5vjgJHjgpLjgZTpgbjmip7jgZXjgozjgZ/loLTlkIjjgIE8QlI+CueEoeadoeS7tuOBp+mAgeaWmTEwODDlhobjgYzliqDnrpfjgajjgarjgorjgb7jgZnjgII=,44Ko44Ki44Kz44Oz44OR44ON44OrIExFRCDjgrvjg4Pjg4gg44Kt44Ol44O844OWL+OCreODpeODvOODk+ODg+OCryBaMTEg44Oe44OL44Ol44Ki44Or44Ko44Ki44Kz44OzIOODm+ODr+OCpOODiC/nmb0gKOODjeOCs+ODneOCuemZkOWumumAgeaWmeeEoeaWmSnvvJrpu5LoiLnjgrDjg6vjg7zjg5c=,44Ks44Op44K544Kz44O844OG44Kj44Oz44Kw44OJ44Ki44OQ44Kk44K244O844Oh44OD44Kt44OR44O844OE44Km44Kk44Oz44Kr44O844Od44K444K344On44Oz44Kt44OD44OI44Ov44Kk44OJ44OI44Os44OD44OJ44K544Oa44O844K144O844Oq44Og44Ks44O844OJ44Op44OQ44O844K544OX44Os44O844Os44O044Kp44O844Kw44Ko44Ki44Ot44Ov44Kk44OR44O844K544OX44Os44O844OV44Kj44Or44Og44Od44Kx44OD44OI44Oe44OD44OI44Os44O844K344Oz44Kw44OK44OD44OI44Op44OQ44O844Oe44OD44OI44Ki44Or44OV44Kh44O844OJ44O044Kp44Kv44K344O844OO44Ki44O044Kn44Or44OV44Kh44Kk44Ki44OX44Oq44Km44K544OP44Kk44Ko44O844K544K444Og44OL44O844Ko44Ki44Kz44Oz44OR44ON44OrIExFRCDjgrvjg4Pjg4gg44Kt44Ol44O844OWL+OCreODpeODvOODk+ODg+OCryBaMTEg44Oe44OL44Ol44Ki44Or44Ko44Ki44Kz44OzIOODm+ODr+OCpOODiC/nmb0gKOODjeOCs+ODneOCuemZkOWumumAgeaWmeeEoeaWmSk=,44Ko44Ki44Kz44Oz44OR44ON44Or44KS576O44GX44GPTEVE5YyW4piF6LuK56iu44GU44Go44Gr5b+F6KaB5YCL5pWw44KS44GK5bGK44GR77yB44CC44Ko44Ki44Kz44Oz44OR44ON44OrIExFRCDjgrvjg4Pjg4gg44Kt44Ol44O844OWL+OCreODpeODvOODk+ODg+OCryBaMTEg44Oe44OL44Ol44Ki44Or44Ko44Ki44Kz44OzIOODm+ODr+OCpOODiC/nmb0gKOODjeOCs+ODneOCuemZkOWumumAgeaWmeeEoeaWmSk=[rn]
15-190284,aHR0cDovL3RzaG9wLnIxMHMuanAva3Vyb2Z1bmVnbG91cC9jYWJpbmV0L2xlZC8wNDM0OTI4My9pbWdyYzAwNjcxNDI2NjcuanBnP2ZpdGluPTcwMDo3MDA=,Mjc2NC44MDAw,,6LuK55So5ZOB44O744OQ44Kk44Kv55So5ZOBID4g44Kr44O855So5ZOBID4g44Op44Kk44OI44O744Op44Oz44OXID4g44Or44O844Og44Op44Oz44OX,44Ko44Ki44Kz44Oz44OR44ON44OrIExFRCDjgrvjg4Pjg4gg44Km44Kj44Oz44OA44OgIFYzMOezuyDjgqrjg7zjg4jjgqjjgqLjgrPjg7Mg44Ob44Ov44Kk44OIL+eZvSAo44ON44Kz44Od44K56ZmQ5a6a6YCB5paZ54Sh5paZKQ==,44Ko44Ki44Kz44Oz44OR44ON44Or44KS576O44GX44GPTEVE5YyW4piF6LuK56iu44GU44Go44Gr5b+F6KaB5YCL5pWw44KS44GK5bGK44GR77yB,PGltZyBzcmM9Imh0dHA6Ly9pbWFnZS5yYWt1dGVuLmNvLmpwL2t1cm9mdW5lZ2xvdXAvY2FiaW5ldC9sZWQvMDQzNDkyODMvaW1ncmMwMDY2Njc1OTQ0LmpwZyIgYWx0PSLjgqjjgqLjgrPjg7Pjg5Hjg43jg6tMRUQiPjxCUj4KPGltZyBzcmM9Imh0dHA6Ly9pbWFnZS5yYWt1dGVuLmNvLmpwL2t1cm9mdW5lZ2xvdXAvY2FiaW5ldC9sZWQvMDQzNDkyODMvaW1ncmMwMDY2Mjk0NjM5LmpwZyIgYWx0PSLjgqjjgqLjgrPjg7Pjg5Hjg43jg6tMRUQiPjxCUj4KPGltZyBzcmM9Imh0dHA6Ly9pbWFnZS5yYWt1dGVuLmNvLmpwL2t1cm9mdW5lZ2xvdXAvY2FiaW5ldC9sZWQvMDQzNDkyODMvaW1ncmMwMDY2Mjk0NjM4LmpwZyIgYWx0PSLjgqjjgqLjgrPjg7Pjg5Hjg43jg6tMRUQiPjxCUj4KCjxmb250IGNvbG9yPSJyZWQiPjxiPuOCqOOCouOCs+ODs+ODkeODjeODq0xFROOCu+ODg+ODiOOAgOi7iueoruWIpeOCt+ODquODvOOCuuOAgOODluODq+ODvDwvYj48L2ZvbnQ+PEJSPjxCUj4KCuOCqOOCouOCs+ODs+ODkeODjeODq+OCkkxFROOBrue+juOBl+OBhOWFieOBq+ODgeOCp+ODs+OCuO+8ge+8gTxCUj48QlI+CgrjgqjjgqLjgrPjg7Pjg5Hjg43jg6vjga7jg6njgqTjg4jjgpJMRUTjgavkuqTmj5vjgZnjgovjgaDjgZHjgafjgIE8QlI+Cui7iuWGheOBrumbsOWbsuawl+OBjOOCsOODg+OBqOWkieOCj+OCiuOAgeODr+ODs+ODqeODs+OCr+S4iuOBrui7iuWGheOBq++8gTxCUj48QlI+CgoKPGZvbnQgY29sb3I9InJlZCI+4pag44K744OD44OI5YaF5a654pagPC9mb250PjxCUj4KClQz44O7VDQuMuODu1Q0Ljfjg7tUNeOBrjTnqK7poZ7jga5MRUTjgYvjgonjgIHou4rnqK7liKXjgavlkIjjgo/jgZvjgablv4XopoHlgIvmlbDjga7jgrvjg4Pjg4jjgafjgYrlsYrjgZHvvIHvvIE8QlI+PEJSPgoKCjxmb250IGNvbG9yPSJyZWQiPuKWoOazqOaEj+S6i+mgheKWoDwvZm9udD48QlI+CuKAu+i7iueoruOBr+WVhuWTgeOCv+OCpOODiOODq+OBq+a6luOBmOOBvuOBmeOAgjxCUj4K4oC76LuK56iu44Gr44KI44Gj44Gm44Gv44CB44Og44Op44GM55Sf44GY44KL5aC05ZCI44KC44GU44GW44GE44G+44GZ44CCPEJSPgrigLvntJTmraPjg5Hjg43jg6vjgavnnYDoibLjgYzjgYLjgovloLTlkIjjga/jgIHoibLjgYzlpInjgo/jgaPjgabopovjgYjjgb7jgZnjgII8QlI+CuKAu+Wfi+i+vExFROOBruWgtOWQiOOAgeS6pOaPm+S4jeWPr+OBqOOBquOCiuOBvuOBmeOBruOBp+OAgTxCUj7oqbLlvZPnrofmiYDjga/jgrvjg4Pjg4jlhoXlrrnjgavlkKvjgb7jgozjgb7jgZvjgpM8QlI+CuKAu+ODkOODq+ODluW9oueKtuOBrumBqeWQiOeiuuiqjeOBiuOCiOOBs+WHuuWTgeOBqOOBquOCiuOBvuOBmeOBruOBp+OAgTxCUj7oo4XnnYDjgavkuI3lhbflkIjjgYznlJ/jgZjjgovlj6/og73mgKfjgYzjgZTjgZbjgYTjgb7jgZnjgII8QlI+PEJSPgoK4pag6YWN6YCB5pa55rOV4pagPEJSPgrjg6Tjg57jg4jpgYvovLgg44ON44Kz44Od44K5PEJSPjxCUj4KCjEu5pys5ZWG5ZOB44Gv44Oh44O844Or5L6/6ZmQ5a6a44Gn6YCB5paZ54Sh5paZ44Go44Gq44KK44G+44GZ44CCPEJSPgoyLuOBguOBmealveWvvuW/nOS4jeWPrzxCUj4KMy7jgYrlsYrjgZHjgb7jgafjgavntIQz772eMTDml6XnqIvjgYvjgYvjgorjgb7jgZnjgII8QlI+CjQu5ZWG5ZOB57Sb5aSx44CB56C05pCN562J44Gu6YWN6YCB5L+d6Ki844Gv5b6h5bqn44GE44G+44Gb44KT44CCPEJSPumBi+mAgeS6i+aVheOBq+mWouOBl+OBvuOBl+OBpuW9k+W6l+OBp+OBr+S4gOWIh+OBruiyrOS7u+OCkuiyoOOBhOWFvOOBreOBvuOBmeOAgjxCUj48QlI+CgrigLvjgYrmlK/miZXjgYTmlrnms5XjgafjgJDku6Pph5HlvJXmj5vjgJHjgpLjgZTpgbjmip7jgZXjgozjgZ/loLTlkIjjgIE8QlI+CueEoeadoeS7tuOBp+mAgeaWmTEwODDlhobjgYzliqDnrpfjgajjgarjgorjgb7jgZnjgII=,44Ko44Ki44Kz44Oz44OR44ON44OrIExFRCDjgrvjg4Pjg4gg44Km44Kj44Oz44OA44OgIFYzMOezuyDjgqrjg7zjg4jjgqjjgqLjgrPjg7Mg44Ob44Ov44Kk44OIL+eZvSAo44ON44Kz44Od44K56ZmQ5a6a6YCB5paZ54Sh5paZKe+8mum7kuiIueOCsOODq+ODvOODlw==,44Ks44Op44K544Kz44O844OG44Kj44Oz44Kw44OJ44Ki44OQ44Kk44K244O844Oh44OD44Kt44OR44O844OE44Km44Kk44Oz44Kr44O844Od44K444K344On44Oz44Kt44OD44OI44Ov44Kk44OJ44OI44Os44OD44OJ44K544Oa44O844K144O844Oq44Og44Ks44O844OJ44Op44OQ44O844K544OX44Os44O844Os44O044Kp44O844Kw44Ko44Ki44Ot44Ov44Kk44OR44O844K544OX44Os44O844OV44Kj44Or44Og44Od44Kx44OD44OI44Oe44OD44OI44Os44O844K344Oz44Kw44OK44OD44OI44Op44OQ44O844Oe44OD44OI44Ki44Or44OV44Kh44O844OJ44O044Kp44Kv44K344O844OO44Ki44O044Kn44Or44OV44Kh44Kk44Ki44OX44Oq44Km44K544OP44Kk44Ko44O844K544K444Og44OL44O844Ko44Ki44Kz44Oz44OR44ON44OrIExFRCDjgrvjg4Pjg4gg44Km44Kj44Oz44OA44OgIFYzMOezuyDjgqrjg7zjg4jjgqjjgqLjgrPjg7Mg44Ob44Ov44Kk44OIL+eZvSAo44ON44Kz44Od44K56ZmQ5a6a6YCB5paZ54Sh5paZKQ==,44Ko44Ki44Kz44Oz44OR44ON44Or44KS576O44GX44GPTEVE5YyW4piF6LuK56iu44GU44Go44Gr5b+F6KaB5YCL5pWw44KS44GK5bGK44GR77yB44CC44Ko44Ki44Kz44Oz44OR44ON44OrIExFRCDjgrvjg4Pjg4gg44Km44Kj44Oz44OA44OgIFYzMOezuyDjgqrjg7zjg4jjgqjjgqLjgrPjg7Mg44Ob44Ov44Kk44OIL+eZvSAo44ON44Kz44Od44K56ZmQ5a6a6YCB5paZ54Sh5paZKQ==[rn]
15-190285,aHR0cDovL3RzaG9wLnIxMHMuanAva3Vyb2Z1bmVnbG91cC9jYWJpbmV0L2xlZC8wNDM0OTI4My9pbWdyYzAwNjY2NzU5NDQuanBnP2ZpdGluPTcwMDo3MDA=,MTcyOC4wMDAw,,6LuK55So5ZOB44O744OQ44Kk44Kv55So5ZOBID4g44Kr44O855So5ZOBID4g44Op44Kk44OI44O744Op44Oz44OXID4g44Or44O844Og44Op44Oz44OX,44Ko44Ki44Kz44Oz44OR44ON44OrIExFRCDjgrvjg4Pjg4gg44Kr44Ot44O844Op44K544OR44K344KqIFpFMTIw57O7IOODnuODi+ODpeOCouODq+OCqOOCouOCs+ODsyDjg5bjg6vjg7wv6Z2SICjjg43jgrPjg53jgrnpmZDlrprpgIHmlpnnhKHmlpkp,44Ko44Ki44Kz44Oz44OR44ON44Or44KS576O44GX44GPTEVE5YyW4piF6LuK56iu44GU44Go44Gr5b+F6KaB5YCL5pWw44KS44GK5bGK44GR77yB,PGltZyBzcmM9Imh0dHA6Ly9pbWFnZS5yYWt1dGVuLmNvLmpwL2t1cm9mdW5lZ2xvdXAvY2FiaW5ldC9sZWQvMDQzNDkyODMvaW1ncmMwMDY2Njc1OTQ0LmpwZyIgYWx0PSLjgqjjgqLjgrPjg7Pjg5Hjg43jg6tMRUQiPjxCUj4KPGltZyBzcmM9Imh0dHA6Ly9pbWFnZS5yYWt1dGVuLmNvLmpwL2t1cm9mdW5lZ2xvdXAvY2FiaW5ldC9sZWQvMDQzNDkyODMvaW1ncmMwMDY2Mjk0NjM5LmpwZyIgYWx0PSLjgqjjgqLjgrPjg7Pjg5Hjg43jg6tMRUQiPjxCUj4KPGltZyBzcmM9Imh0dHA6Ly9pbWFnZS5yYWt1dGVuLmNvLmpwL2t1cm9mdW5lZ2xvdXAvY2FiaW5ldC9sZWQvMDQzNDkyODMvaW1ncmMwMDY2Mjk0NjM4LmpwZyIgYWx0PSLjgqjjgqLjgrPjg7Pjg5Hjg43jg6tMRUQiPjxCUj4KCjxmb250IGNvbG9yPSJyZWQiPjxiPuOCqOOCouOCs+ODs+ODkeODjeODq0xFROOCu+ODg+ODiOOAgOi7iueoruWIpeOCt+ODquODvOOCuuOAgOODluODq+ODvDwvYj48L2ZvbnQ+PEJSPjxCUj4KCuOCqOOCouOCs+ODs+ODkeODjeODq+OCkkxFROOBrue+juOBl+OBhOWFieOBq+ODgeOCp+ODs+OCuO+8ge+8gTxCUj48QlI+CgrjgqjjgqLjgrPjg7Pjg5Hjg43jg6vjga7jg6njgqTjg4jjgpJMRUTjgavkuqTmj5vjgZnjgovjgaDjgZHjgafjgIE8QlI+Cui7iuWGheOBrumbsOWbsuawl+OBjOOCsOODg+OBqOWkieOCj+OCiuOAgeODr+ODs+ODqeODs+OCr+S4iuOBrui7iuWGheOBq++8gTxCUj48QlI+CgoKPGZvbnQgY29sb3I9InJlZCI+4pag44K744OD44OI5YaF5a654pagPC9mb250PjxCUj4KClQz44O7VDQuMuODu1Q0Ljfjg7tUNeOBrjTnqK7poZ7jga5MRUTjgYvjgonjgIHou4rnqK7liKXjgavlkIjjgo/jgZvjgablv4XopoHlgIvmlbDjga7jgrvjg4Pjg4jjgafjgYrlsYrjgZHvvIHvvIE8QlI+PEJSPgoKCjxmb250IGNvbG9yPSJyZWQiPuKWoOazqOaEj+S6i+mgheKWoDwvZm9udD48QlI+CuKAu+i7iueoruOBr+WVhuWTgeOCv+OCpOODiOODq+OBq+a6luOBmOOBvuOBmeOAgjxCUj4K4oC76LuK56iu44Gr44KI44Gj44Gm44Gv44CB44Og44Op44GM55Sf44GY44KL5aC05ZCI44KC44GU44GW44GE44G+44GZ44CCPEJSPgrigLvntJTmraPjg5Hjg43jg6vjgavnnYDoibLjgYzjgYLjgovloLTlkIjjga/jgIHoibLjgYzlpInjgo/jgaPjgabopovjgYjjgb7jgZnjgII8QlI+CuKAu+Wfi+i+vExFROOBruWgtOWQiOOAgeS6pOaPm+S4jeWPr+OBqOOBquOCiuOBvuOBmeOBruOBp+OAgTxCUj7oqbLlvZPnrofmiYDjga/jgrvjg4Pjg4jlhoXlrrnjgavlkKvjgb7jgozjgb7jgZvjgpM8QlI+CuKAu+ODkOODq+ODluW9oueKtuOBrumBqeWQiOeiuuiqjeOBiuOCiOOBs+WHuuWTgeOBqOOBquOCiuOBvuOBmeOBruOBp+OAgTxCUj7oo4XnnYDjgavkuI3lhbflkIjjgYznlJ/jgZjjgovlj6/og73mgKfjgYzjgZTjgZbjgYTjgb7jgZnjgII8QlI+PEJSPgoK4pag6YWN6YCB5pa55rOV4pagPEJSPgrjg6Tjg57jg4jpgYvovLgg44ON44Kz44Od44K5PEJSPjxCUj4KCjEu5pys5ZWG5ZOB44Gv44Oh44O844Or5L6/6ZmQ5a6a44Gn6YCB5paZ54Sh5paZ44Go44Gq44KK44G+44GZ44CCPEJSPgoyLuOBguOBmealveWvvuW/nOS4jeWPrzxCUj4KMy7jgYrlsYrjgZHjgb7jgafjgavntIQz772eMTDml6XnqIvjgYvjgYvjgorjgb7jgZnjgII8QlI+CjQu5ZWG5ZOB57Sb5aSx44CB56C05pCN562J44Gu6YWN6YCB5L+d6Ki844Gv5b6h5bqn44GE44G+44Gb44KT44CCPEJSPumBi+mAgeS6i+aVheOBq+mWouOBl+OBvuOBl+OBpuW9k+W6l+OBp+OBr+S4gOWIh+OBruiyrOS7u+OCkuiyoOOBhOWFvOOBreOBvuOBmeOAgjxCUj48QlI+CgrigLvjgYrmlK/miZXjgYTmlrnms5XjgafjgJDku6Pph5HlvJXmj5vjgJHjgpLjgZTpgbjmip7jgZXjgozjgZ/loLTlkIjjgIE8QlI+CueEoeadoeS7tuOBp+mAgeaWmTEwODDlhobjgYzliqDnrpfjgajjgarjgorjgb7jgZnjgII=,44Ko44Ki44Kz44Oz44OR44ON44OrIExFRCDjgrvjg4Pjg4gg44Kr44Ot44O844Op44K544OR44K344KqIFpFMTIw57O7IOODnuODi+ODpeOCouODq+OCqOOCouOCs+ODsyDjg5bjg6vjg7wv6Z2SICjjg43jgrPjg53jgrnpmZDlrprpgIHmlpnnhKHmlpkp77ya6buS6Ii544Kw44Or44O844OX,44Ks44Op44K544Kz44O844OG44Kj44Oz44Kw44OJ44Ki44OQ44Kk44K244O844Oh44OD44Kt44OR44O844OE44Km44Kk44Oz44Kr44O844Od44K444K344On44Oz44Kt44OD44OI44Ov44Kk44OJ44OI44Os44OD44OJ44K544Oa44O844K144O844Oq44Og44Ks44O844OJ44Op44OQ44O844K544OX44Os44O844Os44O044Kp44O844Kw44Ko44Ki44Ot44Ov44Kk44OR44O844K544OX44Os44O844OV44Kj44Or44Og44Od44Kx44OD44OI44Oe44OD44OI44Os44O844K344Oz44Kw44OK44OD44OI44Op44OQ44O844Oe44OD44OI44Ki44Or44OV44Kh44O844OJ44O044Kp44Kv44K344O844OO44Ki44O044Kn44Or44OV44Kh44Kk44Ki44OX44Oq44Km44K544OP44Kk44Ko44O844K544K444Og44OL44O844Ko44Ki44Kz44Oz44OR44ON44OrIExFRCDjgrvjg4Pjg4gg44Kr44Ot44O844Op44K544OR44K344KqIFpFMTIw57O7IOODnuODi+ODpeOCouODq+OCqOOCouOCs+ODsyDjg5bjg6vjg7wv6Z2SICjjg43jgrPjg53jgrnpmZDlrprpgIHmlpnnhKHmlpkp,44Ko44Ki44Kz44Oz44OR44ON44Or44KS576O44GX44GPTEVE5YyW4piF6LuK56iu44GU44Go44Gr5b+F6KaB5YCL5pWw44KS44GK5bGK44GR77yB44CC44Ko44Ki44Kz44Oz44OR44ON44OrIExFRCDjgrvjg4Pjg4gg44Kr44Ot44O844Op44K544OR44K344KqIFpFMTIw57O7IOODnuODi+ODpeOCouODq+OCqOOCouOCs+ODsyDjg5bjg6vjg7wv6Z2SICjjg43jgrPjg53jgrnpmZDlrprpgIHmlpnnhKHmlpkp[rn]
15-190286,aHR0cDovL3RzaG9wLnIxMHMuanAvY3JlZXIvY2FiaW5ldC8wNDQ5MDQ3Ni9pbWdyYzAwNjQzMjU0MzcuanBnP2ZpdGluPTcwMDo3MDA=,OTQ4OS42MDAw,,6LuK55So5ZOB44O744OQ44Kk44Kv55So5ZOBID4g44Kr44O855So5ZOBID4g44Op44Kk44OI44O744Op44Oz44OXID4g44Or44O844Og44Op44Oz44OX,cHJvbWluYSBDT01QIExFROODq+ODvOODoOODqeODs+ODlyAgUE1DNjAzVyDjg5Xjgqnjg6vjgq/jgrnjg6/jg7zjgrLjg7Mg44K044Or44OVNiAo5YWo44Kw44Os44O844OJKeeUqOOCs+ODs+ODl+ODquODvOODiOOCu+ODg+ODiCDjg5fjg63jg5/jg4rjgrPjg7Pjg5cgV2FybSjmmpboibLns7sp,44CQ6YCB5paZ54Sh5paZIeOCq+ODvOODiU9LIeOAkQ==,PGNlbnRlcj4KPGZvbnQgc2l6ZT01PjxiPuacrOaXpemWi+WCrOOBrjxicj7jg53jgqTjg7Pjg4h1cOOCpOODmeODs+ODiOOBrzxicj7ihpLihpLihpIg44GT44Gh44KJIOKGkOKGkOKGkDwvYj48L2ZvbnQ+Cjxocj48L2NlbnRlcj4KPGJyPgoKCueCueeBr+OCpOODoeODvOOCuAo8YnI+PGltZyBzcmM9aHR0cDovL2ltYWdlLnJha3V0ZW4uY28uanAvY3JlZXIvY2FiaW5ldC8wNDQ5MDQ3Ni9pbWdyYzAwNjQyMDYyNjguanBnIHdpZHRoPTEwMCU+Cjxicj4KPGJyPgoK6YGp5ZCI6LuK56iuCgo8YnI+Cjxicj7ou4rnqK7lkI0KPGJyPuWei+W8jwo8YnI+44Oi44OH44Or44Kk44Ok44O8Cjxicj7jgrvjg4Pjg4jlhoXlrrkKPGJyPuWTgeeVqgoKCjxicj4KPGJyPuODleOCqeODq+OCr+OCueODr+ODvOOCsuODsyDjgrTjg6vjg5U2Cjxicj4tCjxicj4yMDA5ee+9njIwMTN5Cjxicj7jg5Djg4vjg4bjgqMv44OV44Ot44Oz44OI44Oe44OD44OXL+ODquOCouODq+ODvOODoC/jg6rjgqLjg57jg4Pjg5cKPGJyPlBNQzYwMVcKCgo8YnI+Cjxicj7jg5Xjg63jg7Pjg4jjg5Xjg4Pjg4gv44Kw44Ot44O844OW44Oc44OD44Kv44K5L+ODiOODqeODs+OCr+ODq+ODvOODoAo8YnI+UE1DNjAzVwoKCgoKPEJSPjxCUj7igLvpganlkIjjga8yMDE15bm0MuaciOePvuWcqOOBruOCguOBruOBp+OBmeOAguODouODh+ODq+ODgeOCp+ODs+OCuOetieOBq+OCiOOCiumBqeWQiOOBq+WkieabtOOBjOeUn+OBmOOCi+WgtOWQiOOCguOBlOOBluOBhOOBvuOBmeOAggo8YnI+5aSn5aSJ44GK5omL5pWw44Gn44Gv44GU44GW44GE44G+44GZ44GM44CB5pyA5paw44Gu5oOF5aCx44Gr44Gk44GE44Gm44Gv44Oh44O844Kr44O844Oa44O844K444KS44GU6Kan44GE44Gf44Gg44GP44GL44CB5b2T56S+44G+44Gn44GK5ZWP44GE5ZCI44KP44Gb44GE44Gf44Gg44GR44KM44Gw44GK6Kq/44G544GV44Gb44Gm44GE44Gf44Gg44GN44G+44GZ44CCCjxicj7igLvkuIroqJjjga5MRUTjga7jgrvjg4Pjg4jlhoXlrrnjga/ou4rnqK7jgavjgojjgornlbDjgarjgorjgb7jgZnjgILjgb7jgZ/jgIHjg53jgrjjgrfjg6fjg7Pjg6njg7Pjg5cv44Op44Kk44K744Oz44K544Op44Oz44OX44Gv5pys44K344Oq44O844K644Gr5ZCr44G+44KM44Gm44GK44KK44G+44Gb44KT44CCCgoKPGJyPgo8YnI+CgoK44O7cHJvbWluYSBDT01QKOODl+ODreODn+ODiuOCs+ODs+ODlynjga5MRUTjg6vjg7zjg6Djg6njg7Pjg5cg44Kz44Oz44OX44Oq44O844OI44K744OD44OI44CBUE1DNjAzVyBbV2FybSjmmpboibLns7spXeOBp+OBmeOAggo8YnI+44O7cHJvbWluYSBDT01Q44K344Oq44O844K644Gv44OQ44Or44OW44K/44Kk44OX44KS5ZCI44KP44Gb44KL44Gg44GR44Gu5rGO55So44K/44Kk44OX44Go44Gv55Ww44Gq44KK44CB5a6M5YWo44Gq44KL6LuK56iu5Yil5bCC55So6Kit6KiI44Go44GX44Gm5Ym144KK6L6844G+44KM44Gm44GE44G+44GZ44CCCui7iueoruWIpeOBrueJueaAp+OCgui4j+OBvuOBiOOBpueJueauiuWbnui3r+apn+iDveOBrkxFROOCkuaMr+OCiuWIhuOBkeOBpuOBhOOCi+OBn+OCgeOAgeeCueeBr+S4jeiJr+OChOa2iOeBr+aZguOBruW+rueZuuWFieOBquOBqeOBrueXh+eKtuOCkuaKkeOBiOOAgUxFROODq+ODvOODoOODqeODs+ODl+OBqOOBl+OBpuacgOmrmOOBruODkeODleOCqeODvOODnuODs+OCueOCkueZuuaPruOBl+OBvuOBmeOAggo8YnI+44O7TEVE57Sg5a2Q44Gv5pel5Lqc5YyW5a2m6KO944KS5o6h55So44CC6ICQ5LmF5oCn44Go5a6J5a6a5oCn44Gu6Z2i44Gn44KC5YSq44KM44Gf6YC45ZOB44Gn44GZ44CC5pel5pys6KO977yG44Oh44O844Kr44O8MeW5tOS/neiovOS7mOOBjeOBquOBruOBp+WuieW/g+OBl+OBpuOBiuS9v+OBhOOBhOOBn+OBoOOBkeOBvuOBmeOAggo8YnI+44O744Kr44Op44O844Op44Kk44Oz44Ki44OD44OX44GvMuiJsuWxlemWi+OBqOOBquOBo+OBpuOBiuOCiuOAgeacrOijveWTgeOBruOCq+ODqeODvOOBr+WuieOCieOBjuOBqOaaluOBi+OBv+OBjOOBguOCi1dhcm0gY29sb3Io5pqW6Imy57O7KeOBp+OBmeOAggrjgoLjgYbkuIDmlrnjga7jgqvjg6njg7zjga/jgIHnmb3jgZXjgajmmI7jgovjgZXjgpLov73msYLjgZfjgZ/jg5vjg6/jgqTjg4jjgYzjgYLjgorjgb7jgZnjgIIKPGJyPuODu3Byb21pbmEgQ09NUOOCt+ODquODvOOCuuOBq+OBr+WbveeUo+i7iuOBi+OCiei8uOWFpei7iuOBvuOBp+OAgeOBneOCjOOBnuOCjOi7iueoruWwgueUqOioreioiOOBp+W5heW6g+OBhOODqeOCpOODs+OCouODg+ODl+OBjOOBguOCiuOBvuOBmeOAguS7luOBrui7iueorueUqOOCkuOBiuaOouOBl+OBruaWueOBr+OCs+ODgeODqeOBi+OCieOBqeOBhuOBnuOAggo8YnI+Cjxicj4K5rOo5oSP5LqL6aCFCjxicj7il49wcm9taW5h6KO95ZOB44Gv44CB55CD5YiH44KM6K2m5ZGK44KE6KOF552A44GX44GfTEVE44GM54K55ruF44GZ44KL44Gq44Gp44Gu55eH54q244KS5Zue6YG/44GZ44KL54K644Gr44Kt44Oj44Oz44K744Op44O844KS5YaF6JS144GX44Gm44GE44G+44GZ44GM44CB6LuK5Lih5qSc6Ki844KS6KGM44Gj44Gm55CD5YiH44KM6K2m5ZGK44GM54K554Gv44GX44Gq44GE44GT44Go44CB5q2j5bi454K554Gv44GZ44KL44GT44Go44KS56K66KqN44GX44Gf6LuK5Lih44Gn44KC44CB56iA44Gr6LuK5Lih5YCL5L2T5beu44Gr44KI44Gj44Gm55CD5YiH44KM6K2m5ZGK54Gv44GM54K554Gv44GX44Gf44KK6KOF552A44GX44GfTEVE44GM5q2j5bi454K554Gv44GX44Gq44GE44Go44GE44GG55eH54q244GM55m655Sf44GZ44KL5aC05ZCI44GM44GC44KK44G+44GZ44CC5LiH5LiA44Gd44Gu44KI44GG44Gq55eH54q244GM55m655Sf44GX44Gf5aC05ZCI44Gv44GK5ZWP44GE5ZCI44KP44Gb5LiL44GV44GE44CCCjxicj7il4/lubTlvI/jgoTlnovlvI/jga7ou4rkuKHmg4XloLHjgYzjg6Hjg7zjgqvjg7zpganlkIjkuIrjgafoo4XnnYDlj6/og73jgajjgarjgaPjgabjgYTjgabjgoLjgIHjgqrjg5fjgrfjg6fjg7Poo4XnnYDlk4HjgoTnibnliKXku5Xmp5jou4rjga7mnrboo4XlhoXlrrnjgIHlr5LlhrflnLDku5Xmp5jjgarjganjga7oo4Xlgpnlk4Hjga7pgZXjgYTjgIHmraPopo/ovLjlhaXou4rjgajkuKbooYzovLjlhaXou4rjga7pgZXjgYTjgIHou4rkuKHlgIvkvZPlt67jgarjganjgavjgojjgoroo4XnnYDjgafjgY3jgarjgYTloLTlkIjjgoTjg5Djg6vjg5blvaLnirbjgYznlbDjgarjgovloLTlkIjjgoLjgYLjgorjgb7jgZnjgII=,cHJvbWluYSBDT01QIExFROODq+ODvOODoOODqeODs+ODlyAgUE1DNjAzVyDjg5Xjgqnjg6vjgq/jgrnjg6/jg7zjgrLjg7Mg44K044Or44OVNiAo5YWo44Kw44Os44O844OJKeeUqOOCs+ODs+ODl+ODquODvOODiOOCu+ODg+ODiCDjg5fjg63jg5/jg4rjgrPjg7Pjg5cgV2FybSjmmpboibLns7sp77ya44Kv44Os44O844Or44Kq44Oz44Op44Kk44Oz44K344On44OD44OX,44Kq44O844OH44Kj44Kq44OG44Kv44OL44Kr44Kz44Og44OG44OD44Kv44K744Or44K544K/44O844Om44OU44OG44Or44Kr44O844Kq44O844OH44Kj44Kq6LuK6auY6Kq/44Os44O844OA44O85o6i55+l5qmf44OH44OD44OJ44OL44Oz44KwcHJvbWluYSBDT01QIExFROODq+ODvOODoOODqeODs+ODlyAgUE1DNjAzVyDjg5Xjgqnjg6vjgq/jgrnjg6/jg7zjgrLjg7Mg44K044Or44OVNiAo5YWo44Kw44Os44O844OJKeeUqOOCs+ODs+ODl+ODquODvOODiOOCu+ODg+ODiCDjg5fjg63jg5/jg4rjgrPjg7Pjg5cgV2FybSjmmpboibLns7sp,44CQ6YCB5paZ54Sh5paZIeOCq+ODvOODiU9LIeOAkeOAgnByb21pbmEgQ09NUCBMRUTjg6vjg7zjg6Djg6njg7Pjg5cgIFBNQzYwM1cg44OV44Kp44Or44Kv44K544Ov44O844Ky44OzIOOCtOODq+ODlTYgKOWFqOOCsOODrOODvOODiSnnlKjjgrPjg7Pjg5fjg6rjg7zjg4jjgrvjg4Pjg4gg44OX44Ot44Of44OK44Kz44Oz44OXIFdhcm0o5pqW6Imy57O7KQ==[rn]
15-190287,aHR0cDovL3RzaG9wLnIxMHMuanAvY3JlZXIvY2FiaW5ldC8wNDQ5MDQ3Ni9pbWdyYzAwNjQzNDQ0ODYuanBnP2ZpdGluPTcwMDo3MDA=,ODYzNy42MDAw,,6LuK55So5ZOB44O744OQ44Kk44Kv55So5ZOBID4g44Kr44O855So5ZOBID4g44Op44Kk44OI44O744Op44Oz44OXID4g44Or44O844Og44Op44Oz44OX,cHJvbWluYSBDT01QIExFROODq+ODvOODoOODqeODs+ODlyAgUE1DODQxVyDjg5zjg6vjg5wgVjQwIOeUqOOCs+ODs+ODl+ODquODvOODiOOCu+ODg+ODiCDjg5fjg63jg5/jg4rjgrPjg7Pjg5cgV2FybSjmmpboibLns7sp,44CQ6YCB5paZ54Sh5paZIeOCq+ODvOODiU9LIeOAkQ==,PGNlbnRlcj4KPGZvbnQgc2l6ZT01PjxiPuacrOaXpemWi+WCrOOBrjxicj7jg53jgqTjg7Pjg4h1cOOCpOODmeODs+ODiOOBrzxicj7ihpLihpLihpIg44GT44Gh44KJIOKGkOKGkOKGkDwvYj48L2ZvbnQ+Cjxocj48L2NlbnRlcj4KPGJyPgoKCueCueeBr+OCpOODoeODvOOCuAo8YnI+PGltZyBzcmM9aHR0cDovL2ltYWdlLnJha3V0ZW4uY28uanAvY3JlZXIvY2FiaW5ldC8wNDQ5MDQ3Ni9pbWdyYzAwNjQyMDYyNjguanBnIHdpZHRoPTEwMCU+Cjxicj4KPGJyPgoK6YGp5ZCI6LuK56iuCgo8YnI+Cjxicj7ou4rnqK7lkI0KPGJyPuWei+W8jwo8YnI+44Oi44OH44Or44Kk44Ok44O8Cjxicj7jgrvjg4Pjg4jlhoXlrrkKPGJyPuWTgeeVqgoKCjxicj4KPGJyPuODnOODq+ODnCBWNDAKPGJyPi0KPGJyPjIwMTN55Lul6ZmNCjxicj7jg5Djg4vjg4bjgqMv44Kw44Ot44O844OW44Oc44OD44Kv44K5Cjxicj5QTUM4NDFXCgoKCgo8YnI+PGJyPuKAu+mBqeWQiOOBrzIwMTXlubQy5pyI54++5Zyo44Gu44KC44Gu44Gn44GZ44CC44Oi44OH44Or44OB44Kn44Oz44K4562J44Gr44KI44KK6YGp5ZCI44Gr5aSJ5pu044GM55Sf44GY44KL5aC05ZCI44KC44GU44GW44GE44G+44GZ44CCCjxicj7lpKflpInjgYrmiYvmlbDjgafjga/jgZTjgZbjgYTjgb7jgZnjgYzjgIHmnIDmlrDjga7mg4XloLHjgavjgaTjgYTjgabjga/jg6Hjg7zjgqvjg7zjg5rjg7zjgrjjgpLjgZTopqfjgYTjgZ/jgaDjgY/jgYvjgIHlvZPnpL7jgb7jgafjgYrllY/jgYTlkIjjgo/jgZvjgYTjgZ/jgaDjgZHjgozjgbDjgYroqr/jgbnjgZXjgZvjgabjgYTjgZ/jgaDjgY3jgb7jgZnjgIIKPGJyPuKAu+S4iuiomOOBrkxFROOBruOCu+ODg+ODiOWGheWuueOBr+i7iueoruOBq+OCiOOCiueVsOOBquOCiuOBvuOBmeOAguOBvuOBn+OAgeODneOCuOOCt+ODp+ODs+ODqeODs+ODly/jg6njgqTjgrvjg7Pjgrnjg6njg7Pjg5fjga/mnKzjgrfjg6rjg7zjgrrjgavlkKvjgb7jgozjgabjgYrjgorjgb7jgZvjgpPjgIIKCgo8YnI+Cjxicj4KCuODu3Byb21pbmEgQ09NUCjjg5fjg63jg5/jg4rjgrPjg7Pjg5cp44GuTEVE44Or44O844Og44Op44Oz44OXIOOCs+ODs+ODl+ODquODvOODiOOCu+ODg+ODiOOAgVBNQzg0MVcgW1dhcm0o5pqW6Imy57O7KV3jgafjgZnjgIIKPGJyPuODu3Byb21pbmEgQ09NUOOCt+ODquODvOOCuuOBr+ODkOODq+ODluOCv+OCpOODl+OCkuWQiOOCj+OBm+OCi+OBoOOBkeOBruaxjueUqOOCv+OCpOODl+OBqOOBr+eVsOOBquOCiuOAgeWujOWFqOOBquOCi+i7iueoruWIpeWwgueUqOioreioiOOBqOOBl+OBpuWJteOCiui+vOOBvuOCjOOBpuOBhOOBvuOBmeOAggrou4rnqK7liKXjga7nibnmgKfjgoLouI/jgb7jgYjjgabnibnmrorlm57ot6/mqZ/og73jga5MRUTjgpLmjK/jgorliIbjgZHjgabjgYTjgovjgZ/jgoHjgIHngrnnga/kuI3oia/jgoTmtojnga/mmYLjga7lvq7nmbrlhYnjgarjganjga7nl4fnirbjgpLmipHjgYjjgIFMRUTjg6vjg7zjg6Djg6njg7Pjg5fjgajjgZfjgabmnIDpq5jjga7jg5Hjg5Xjgqnjg7zjg57jg7PjgrnjgpLnmbrmj67jgZfjgb7jgZnjgIIKPGJyPuODu0xFROe0oOWtkOOBr+aXpeS6nOWMluWtpuijveOCkuaOoeeUqOOAguiAkOS5heaAp+OBqOWuieWumuaAp+OBrumdouOBp+OCguWEquOCjOOBn+mAuOWTgeOBp+OBmeOAguaXpeacrOijve+8huODoeODvOOCq+ODvDHlubTkv53oqLzku5jjgY3jgarjga7jgaflronlv4PjgZfjgabjgYrkvb/jgYTjgYTjgZ/jgaDjgZHjgb7jgZnjgIIKPGJyPuODu+OCq+ODqeODvOODqeOCpOODs+OCouODg+ODl+OBrzLoibLlsZXplovjgajjgarjgaPjgabjgYrjgorjgIHmnKzoo73lk4Hjga7jgqvjg6njg7zjga/lronjgonjgY7jgajmmpbjgYvjgb/jgYzjgYLjgotXYXJtIGNvbG9yKOaaluiJsuezuynjgafjgZnjgIIK44KC44GG5LiA5pa544Gu44Kr44Op44O844Gv44CB55m944GV44Go5piO44KL44GV44KS6L+95rGC44GX44Gf44Ob44Ov44Kk44OI44GM44GC44KK44G+44GZ44CCCjxicj7jg7twcm9taW5hIENPTVDjgrfjg6rjg7zjgrrjgavjga/lm73nlKPou4rjgYvjgonovLjlhaXou4rjgb7jgafjgIHjgZ3jgozjgZ7jgozou4rnqK7lsILnlKjoqK3oqIjjgafluYXluoPjgYTjg6njgqTjg7PjgqLjg4Pjg5fjgYzjgYLjgorjgb7jgZnjgILku5bjga7ou4rnqK7nlKjjgpLjgYrmjqLjgZfjga7mlrnjga/jgrPjg4Hjg6njgYvjgonjganjgYbjgZ7jgIIKPGJyPgo8YnI+CuazqOaEj+S6i+mghQo8YnI+4pePcHJvbWluYeijveWTgeOBr+OAgeeQg+WIh+OCjOitpuWRiuOChOijheedgOOBl+OBn0xFROOBjOeCuea7heOBmeOCi+OBquOBqeOBrueXh+eKtuOCkuWbnumBv+OBmeOCi+eCuuOBq+OCreODo+ODs+OCu+ODqeODvOOCkuWGheiUteOBl+OBpuOBhOOBvuOBmeOBjOOAgei7iuS4oeaknOiovOOCkuihjOOBo+OBpueQg+WIh+OCjOitpuWRiuOBjOeCueeBr+OBl+OBquOBhOOBk+OBqOOAgeato+W4uOeCueeBr+OBmeOCi+OBk+OBqOOCkueiuuiqjeOBl+OBn+i7iuS4oeOBp+OCguOAgeeogOOBq+i7iuS4oeWAi+S9k+W3ruOBq+OCiOOBo+OBpueQg+WIh+OCjOitpuWRiueBr+OBjOeCueeBr+OBl+OBn+OCiuijheedgOOBl+OBn0xFROOBjOato+W4uOeCueeBr+OBl+OBquOBhOOBqOOBhOOBhueXh+eKtuOBjOeZuueUn+OBmeOCi+WgtOWQiOOBjOOBguOCiuOBvuOBmeOAguS4h+S4gOOBneOBruOCiOOBhuOBqueXh+eKtuOBjOeZuueUn+OBl+OBn+WgtOWQiOOBr+OBiuWVj+OBhOWQiOOCj+OBm+S4i+OBleOBhOOAggo8YnI+4peP5bm05byP44KE5Z6L5byP44Gu6LuK5Lih5oOF5aCx44GM44Oh44O844Kr44O86YGp5ZCI5LiK44Gn6KOF552A5Y+v6IO944Go44Gq44Gj44Gm44GE44Gm44KC44CB44Kq44OX44K344On44Oz6KOF552A5ZOB44KE54m55Yil5LuV5qeY6LuK44Gu5p626KOF5YaF5a6544CB5a+S5Ya35Zyw5LuV5qeY44Gq44Gp44Gu6KOF5YKZ5ZOB44Gu6YGV44GE44CB5q2j6KaP6Ly45YWl6LuK44Go5Lim6KGM6Ly45YWl6LuK44Gu6YGV44GE44CB6LuK5Lih5YCL5L2T5beu44Gq44Gp44Gr44KI44KK6KOF552A44Gn44GN44Gq44GE5aC05ZCI44KE44OQ44Or44OW5b2i54q244GM55Ww44Gq44KL5aC05ZCI44KC44GC44KK44G+44GZ44CC,cHJvbWluYSBDT01QIExFROODq+ODvOODoOODqeODs+ODlyAgUE1DODQxVyDjg5zjg6vjg5wgVjQwIOeUqOOCs+ODs+ODl+ODquODvOODiOOCu+ODg+ODiCDjg5fjg63jg5/jg4rjgrPjg7Pjg5cgV2FybSjmmpboibLns7sp77ya44Kv44Os44O844Or44Kq44Oz44Op44Kk44Oz44K344On44OD44OX,44Kq44O844OH44Kj44Kq44OG44Kv44OL44Kr44Kz44Og44OG44OD44Kv44K744Or44K544K/44O844Om44OU44OG44Or44Kr44O844Kq44O844OH44Kj44Kq6LuK6auY6Kq/44Os44O844OA44O85o6i55+l5qmf44OH44OD44OJ44OL44Oz44KwcHJvbWluYSBDT01QIExFROODq+ODvOODoOODqeODs+ODlyAgUE1DODQxVyDjg5zjg6vjg5wgVjQwIOeUqOOCs+ODs+ODl+ODquODvOODiOOCu+ODg+ODiCDjg5fjg63jg5/jg4rjgrPjg7Pjg5cgV2FybSjmmpboibLns7sp,44CQ6YCB5paZ54Sh5paZIeOCq+ODvOODiU9LIeOAkeOAgnByb21pbmEgQ09NUCBMRUTjg6vjg7zjg6Djg6njg7Pjg5cgIFBNQzg0MVcg44Oc44Or44OcIFY0MCDnlKjjgrPjg7Pjg5fjg6rjg7zjg4jjgrvjg4Pjg4gg44OX44Ot44Of44OK44Kz44Oz44OXIFdhcm0o5pqW6Imy57O7KQ==[rn]
15-190288,aHR0cDovL3RzaG9wLnIxMHMuanAvZ3JhbW1lL2NhYmluZXQvZnRwLXRvdXJva3UvcmFnZWppLzcwbm9hLXJhZ2VqaS10b3AuanBnP2ZpdGluPTcwMDo3MDA=,Mjk0NC4wMDAw,,6LuK55So5ZOB44O744OQ44Kk44Kv55So5ZOBID4g44Kr44O855So5ZOBID4g44Op44Kk44OI44O744Op44Oz44OXID4g44Or44O844Og44Op44Oz44OX,5a6J5YWo5L6/5YipTEVE44Op44Ky44OD44K444Op44Oz44OX5aKX6Kit44Kt44OD44OIIDcw57O744OO44Ki44O744O044Kp44Kv44K344O85YWo6LuK,5qWt5YuZ5L6h5qC84piF6LuK56iu5bCC55SoTEVE44Op44Ky44OD44K444Op44Oz44OX5a6J5YWo5L6/5Yip,,5a6J5YWo5L6/5YipTEVE44Op44Ky44OD44K444Op44Oz44OX5aKX6Kit44Kt44OD44OIIDcw57O744OO44Ki44O744O044Kp44Kv44K344O85YWo6LuK77yaR3JhbW1l,TEVE44OY44OD44OJ44Op44Kk44OI44OV44Kp44Kw44Op44Oz44OXUEhJTElQU+ODleOCo+ODquODg+ODl+OCuUNSRUXjgrXjg6Djgrnjg7NTQU1TVU5HVDEwVDIwUzI144Or44O844Og44Op44Oz44OX44Op44Ky44OD44K45pel5q2j44K/44Kk44Ok44Op44Oz44Kv44OrODA2NTAwS+OCpOOCqOODreODvOa/gOWuiemAgeaWmeeEoeaWmUg05a6J5YWo5L6/5YipTEVE44Op44Ky44OD44K444Op44Oz44OX5aKX6Kit44Kt44OD44OIIDcw57O744OO44Ki44O744O044Kp44Kv44K344O85YWo6LuK,5qWt5YuZ5L6h5qC84piF6LuK56iu5bCC55SoTEVE44Op44Ky44OD44K444Op44Oz44OX5a6J5YWo5L6/5Yip44CC5a6J5YWo5L6/5YipTEVE44Op44Ky44OD44K444Op44Oz44OX5aKX6Kit44Kt44OD44OIIDcw57O744OO44Ki44O744O044Kp44Kv44K344O85YWo6LuK[rn]
15-190289,aHR0cDovL3RzaG9wLnIxMHMuanAvZ3JhbW1lL2NhYmluZXQvZnRwLXRvdXJva3UvcmFnZWppLzUwZXN1LXJhZ2VqaS10b3AuanBnP2ZpdGluPTcwMDo3MDA=,MzU4NC4wMDAw,,6LuK55So5ZOB44O744OQ44Kk44Kv55So5ZOBID4g44Kr44O855So5ZOBID4g44Op44Kk44OI44O744Op44Oz44OXID4g44Or44O844Og44Op44Oz44OX,5a6J5YWo5L6/5YipTEVE44Op44Ky44OD44K444Op44Oz44OX5aKX6Kit44Kt44OD44OIIEFDUjUw44CAR1NSNTDns7vjgIDjgqjjgrnjg4bjgqPjg57lhajou4rlr77lv5whIQ==,5qWt5YuZ5L6h5qC84piF6LuK56iu5bCC55SoTEVE44Op44Ky44OD44K444Op44Oz44OX5a6J5YWo5L6/5Yip,,5a6J5YWo5L6/5YipTEVE44Op44Ky44OD44K444Op44Oz44OX5aKX6Kit44Kt44OD44OIIEFDUjUw44CAR1NSNTDns7vjgIDjgqjjgrnjg4bjgqPjg57lhajou4rlr77lv5whIe+8mkdyYW1tZQ==,TEVE44OY44OD44OJ44Op44Kk44OI44OV44Kp44Kw44Op44Oz44OXUEhJTElQU+ODleOCo+ODquODg+ODl+OCuUNSRUXjgrXjg6Djgrnjg7NTQU1TVU5HVDEwVDIwUzI144Or44O844Og44Op44Oz44OX44Op44Ky44OD44K45pel5q2j44K/44Kk44Ok44Op44Oz44Kv44OrODA2NTAwS+OCpOOCqOODreODvOa/gOWuiemAgeaWmeeEoeaWmUg05a6J5YWo5L6/5YipTEVE44Op44Ky44OD44K444Op44Oz44OX5aKX6Kit44Kt44OD44OIIEFDUjUw44CAR1NSNTDns7vjgIDjgqjjgrnjg4bjgqPjg57lhajou4rlr77lv5whIQ==,5qWt5YuZ5L6h5qC84piF6LuK56iu5bCC55SoTEVE44Op44Ky44OD44K444Op44Oz44OX5a6J5YWo5L6/5Yip44CC5a6J5YWo5L6/5YipTEVE44Op44Ky44OD44K444Op44Oz44OX5aKX6Kit44Kt44OD44OIIEFDUjUw44CAR1NSNTDns7vjgIDjgqjjgrnjg4bjgqPjg57lhajou4rlr77lv5whIQ==[rn]
15-190290,aHR0cDovL3RzaG9wLnIxMHMuanAvZ3JhbW1lL2NhYmluZXQvZnRwLXRvdXJva3UvdDEwLzFycmsxMS5qcGc/Zml0aW49NzAwOjcwMA==,Nzg0LjAwMDA=,,6LuK55So5ZOB44O744OQ44Kk44Kv55So5ZOBID4g44Kr44O855So5ZOBID4g44Op44Kk44OI44O744Op44Oz44OXID4g44Or44O844Og44Op44Oz44OX,4piF54WM44GNQ1JFRei2heaLoeaVozV3IExFROOCr+ODquOCueOCv+ODq+ODgOOCpOODpOOCq+ODg+ODiOODrOODs+OCulQxMC9UMTbjgIA2NTAwaw==,44GK5b6X4piF5qWt6LKp5L6h5qC8,,4piF54WM44GNQ1JFRei2heaLoeaVozV3IExFROOCr+ODquOCueOCv+ODq+ODgOOCpOODpOOCq+ODg+ODiOODrOODs+OCulQxMC9UMTbjgIA2NTAwa++8mkdyYW1tZQ==,TEVE44OY44OD44OJ44Op44Kk44OI44OV44Kp44Kw44Op44Oz44OXUEhJTElQU+ODleOCo+ODquODg+ODl+OCuUNSRUXjgrXjg6Djgrnjg7NTQU1TVU5HVDEwVDIwUzI144Or44O844Og44Op44Oz44OX44Op44Ky44OD44K45pel5q2j44K/44Kk44Ok44Op44Oz44Kv44OrODA2NTAwS+OCpOOCqOODreODvOa/gOWuiemAgeaWmeeEoeaWmUg04piF54WM44GNQ1JFRei2heaLoeaVozV3IExFROOCr+ODquOCueOCv+ODq+ODgOOCpOODpOOCq+ODg+ODiOODrOODs+OCulQxMC9UMTbjgIA2NTAwaw==,44GK5b6X4piF5qWt6LKp5L6h5qC844CC4piF54WM44GNQ1JFRei2heaLoeaVozV3IExFROOCr+ODquOCueOCv+ODq+ODgOOCpOODpOOCq+ODg+ODiOODrOODs+OCulQxMC9UMTbjgIA2NTAwaw==[rn]
15-190291,aHR0cDovL3RzaG9wLnIxMHMuanAvZ3JhbW1lL2NhYmluZXQvZnRwLXRvdXJva3UvdDEwL3QxMC1zYW1zdW5nL3QxMC1zYW0tMi05cmVuLXRvcC5qcGc/Zml0aW49NzAwOjcwMA==,NzEyLjAwMDA=,,6LuK55So5ZOB44O744OQ44Kk44Kv55So5ZOBID4g44Kr44O855So5ZOBID4g44Op44Kk44OI44O744Op44Oz44OXID4g44Or44O844Og44Op44Oz44OX,MzbpgKPntJrimIUy5YCL44K744OD44OI5pyA5by35YWJ44K144Og44K544Oz44OB44OD44OX5pCt6LyJVDEwL1QxNiDjg53jgrjjgrfjg6fjg7PjgIHjg4rjg7Pjg5Djg7zjg6njg7Pjg5fjgIHjgqvjg7zjg4bjgrfnrYnjgbg=,44GK5b6X4piF5qWt6LKp5L6h5qC8,,MzbpgKPntJrimIUy5YCL44K744OD44OI5pyA5by35YWJ44K144Og44K544Oz44OB44OD44OX5pCt6LyJVDEwL1QxNiDjg53jgrjjgrfjg6fjg7PjgIHjg4rjg7Pjg5Djg7zjg6njg7Pjg5fjgIHjgqvjg7zjg4bjgrfnrYnjgbjvvJpHcmFtbWU=,TEVE44OY44OD44OJ44Op44Kk44OI44OV44Kp44Kw44Op44Oz44OXUEhJTElQU+ODleOCo+ODquODg+ODl+OCuUNSRUXjgrXjg6Djgrnjg7NTQU1TVU5HVDEwVDIwUzI144Or44O844Og44Op44Oz44OX44Op44Ky44OD44K45pel5q2j44K/44Kk44Ok44Op44Oz44Kv44OrODA2NTAwS+OCpOOCqOODreODvOa/gOWuiemAgeaWmeeEoeaWmUg0MzbpgKPntJrimIUy5YCL44K744OD44OI5pyA5by35YWJ44K144Og44K544Oz44OB44OD44OX5pCt6LyJVDEwL1QxNiDjg53jgrjjgrfjg6fjg7PjgIHjg4rjg7Pjg5Djg7zjg6njg7Pjg5fjgIHjgqvjg7zjg4bjgrfnrYnjgbg=,44GK5b6X4piF5qWt6LKp5L6h5qC844CCMzbpgKPntJrimIUy5YCL44K744OD44OI5pyA5by35YWJ44K144Og44K544Oz44OB44OD44OX5pCt6LyJVDEwL1QxNiDjg53jgrjjgrfjg6fjg7PjgIHjg4rjg7Pjg5Djg7zjg6njg7Pjg5fjgIHjgqvjg7zjg4bjgrfnrYnjgbg=[rn]
15-190292,aHR0cDovL3RzaG9wLnIxMHMuanAvZ3JhbW1lL2NhYmluZXQvZnRwLXRvdXJva3UvdDEwL3QxMC1zYW1zdW5nL2ltZ3JjMDA2NzI5MDkyOC5qcGc/Zml0aW49NzAwOjcwMA==,Nzc2LjAwMDA=,,6LuK55So5ZOB44O744OQ44Kk44Kv55So5ZOBID4g44Kr44O855So5ZOBID4g44Op44Kk44OI44O744Op44Oz44OXID4g44Or44O844Og44Op44Oz44OX,MuWAi+KYheOCreODo+ODs+OCu+ODqeODvOWGheiUtTI06YCj57SaM3fjgrXjg6Djgrnjg7Pjg4Hjg4Pjg5fmkK3ovIlUMTAvVDE2,44GK5b6X4piF5qWt6LKp5L6h5qC8,,MuWAi+KYheOCreODo+ODs+OCu+ODqeODvOWGheiUtTI06YCj57SaM3fjgrXjg6Djgrnjg7Pjg4Hjg4Pjg5fmkK3ovIlUMTAvVDE277yaR3JhbW1l,TEVE44OY44OD44OJ44Op44Kk44OI44OV44Kp44Kw44Op44Oz44OXUEhJTElQU+ODleOCo+ODquODg+ODl+OCuUNSRUXjgrXjg6Djgrnjg7NTQU1TVU5HVDEwVDIwUzI144Or44O844Og44Op44Oz44OX44Op44Ky44OD44K45pel5q2j44K/44Kk44Ok44Op44Oz44Kv44OrODA2NTAwS+OCpOOCqOODreODvOa/gOWuiemAgeaWmeeEoeaWmUg0MuWAi+KYheOCreODo+ODs+OCu+ODqeODvOWGheiUtTI06YCj57SaM3fjgrXjg6Djgrnjg7Pjg4Hjg4Pjg5fmkK3ovIlUMTAvVDE2,44GK5b6X4piF5qWt6LKp5L6h5qC844CCMuWAi+KYheOCreODo+ODs+OCu+ODqeODvOWGheiUtTI06YCj57SaM3fjgrXjg6Djgrnjg7Pjg4Hjg4Pjg5fmkK3ovIlUMTAvVDE2[rn]
15-190293,aHR0cDovL3RzaG9wLnIxMHMuanAvZ3JhbW1lL2NhYmluZXQvZnRwLXRvdXJva3UvMTIxMHJvb20vaW1ncmMwMDY3MjQ1NTIzLmpwZz9maXRpbj03MDA6NzAw,MTU4NC4wMDAw,,6LuK55So5ZOB44O744OQ44Kk44Kv55So5ZOBID4g44Kr44O855So5ZOBID4g44Op44Kk44OI44O744Op44Oz44OXID4g44Or44O844Og44Op44Oz44OX,4peG5qWt5YuZ5L6h5qC8MTDlgIvjgrvjg4Pjg4gh6LaF576O55m9NjgwMGvpq5jlk4Hos6pTTUQgOeeZuuOAgExFROODq+ODvOODoOODqeODs+ODlw==,44GK5b6X4piF5qWt6LKp5L6h5qC8,,4peG5qWt5YuZ5L6h5qC8MTDlgIvjgrvjg4Pjg4gh6LaF576O55m9NjgwMGvpq5jlk4Hos6pTTUQgOeeZuuOAgExFROODq+ODvOODoOODqeODs+ODl++8mkdyYW1tZQ==,TEVE44OY44OD44OJ44Op44Kk44OI44OV44Kp44Kw44Op44Oz44OXUEhJTElQU+ODleOCo+ODquODg+ODl+OCuUNSRUXjgrXjg6Djgrnjg7NTQU1TVU5HVDEwVDIwUzI144Or44O844Og44Op44Oz44OX44Op44Ky44OD44K45pel5q2j44K/44Kk44Ok44Op44Oz44Kv44OrODA2NTAwS+OCpOOCqOODreODvOa/gOWuiemAgeaWmeeEoeaWmUg04peG5qWt5YuZ5L6h5qC8MTDlgIvjgrvjg4Pjg4gh6LaF576O55m9NjgwMGvpq5jlk4Hos6pTTUQgOeeZuuOAgExFROODq+ODvOODoOODqeODs+ODlw==,44GK5b6X4piF5qWt6LKp5L6h5qC844CC4peG5qWt5YuZ5L6h5qC8MTDlgIvjgrvjg4Pjg4gh6LaF576O55m9NjgwMGvpq5jlk4Hos6pTTUQgOeeZuuOAgExFROODq+ODvOODoOODqeODs+ODlw==[rn]
15-190294,aHR0cDovL3RzaG9wLnIxMHMuanAvZ3JhbW1lL2NhYmluZXQvZnRwLXRvdXJva3UvMTIxMHJvb20vaW1ncmMwMDY3MjQ1NTIwLmpwZz9maXRpbj03MDA6NzAw,MjIyNC4wMDAw,,6LuK55So5ZOB44O744OQ44Kk44Kv55So5ZOBID4g44Kr44O855So5ZOBID4g44Op44Kk44OI44O744Op44Oz44OXID4g44Or44O844Og44Op44Oz44OX,4peG5qWt5YuZ5L6h5qC8MTDlgIvjgrvjg4Pjg4gh6LaF576O55m9NjgwMGvpq5jlk4Hos6pTTUTjgIAxNeeZuuOAgExFROODq+ODvOODoOODqeODs+ODlw==,44GK5b6X4piF5qWt6LKp5L6h5qC8,,4peG5qWt5YuZ5L6h5qC8MTDlgIvjgrvjg4Pjg4gh6LaF576O55m9NjgwMGvpq5jlk4Hos6pTTUTjgIAxNeeZuuOAgExFROODq+ODvOODoOODqeODs+ODl++8mkdyYW1tZQ==,TEVE44OY44OD44OJ44Op44Kk44OI44OV44Kp44Kw44Op44Oz44OXUEhJTElQU+ODleOCo+ODquODg+ODl+OCuUNSRUXjgrXjg6Djgrnjg7NTQU1TVU5HVDEwVDIwUzI144Or44O844Og44Op44Oz44OX44Op44Ky44OD44K45pel5q2j44K/44Kk44Ok44Op44Oz44Kv44OrODA2NTAwS+OCpOOCqOODreODvOa/gOWuiemAgeaWmeeEoeaWmUg04peG5qWt5YuZ5L6h5qC8MTDlgIvjgrvjg4Pjg4gh6LaF576O55m9NjgwMGvpq5jlk4Hos6pTTUTjgIAxNeeZuuOAgExFROODq+ODvOODoOODqeODs+ODlw==,44GK5b6X4piF5qWt6LKp5L6h5qC844CC4peG5qWt5YuZ5L6h5qC8MTDlgIvjgrvjg4Pjg4gh6LaF576O55m9NjgwMGvpq5jlk4Hos6pTTUTjgIAxNeeZuuOAgExFROODq+ODvOODoOODqeODs+ODlw==[rn]
15-190295,aHR0cDovL3RzaG9wLnIxMHMuanAvZ3JhbW1lL2NhYmluZXQvZnRwLXRvdXJva3UvMTIxMHJvb20vaW1ncmMwMDY3MjM3MTM3LmpwZz9maXRpbj03MDA6NzAw,MjM4NC4wMDAw,,6LuK55So5ZOB44O744OQ44Kk44Kv55So5ZOBID4g44Kr44O855So5ZOBID4g44Op44Kk44OI44O744Op44Oz44OXID4g44Or44O844Og44Op44Oz44OX,4peG5qWt5YuZ5L6h5qC8MTDlgIvjgrvjg4Pjg4gh6LaF576O55m9NjgwMGvpq5jlk4Hos6pTTUTjgIAyNOeZuuOAgExFROODq+ODvOODoOODqeODs+ODlw==,44GK5b6X4piF5qWt6LKp5L6h5qC8,,4peG5qWt5YuZ5L6h5qC8MTDlgIvjgrvjg4Pjg4gh6LaF576O55m9NjgwMGvpq5jlk4Hos6pTTUTjgIAyNOeZuuOAgExFROODq+ODvOODoOODqeODs+ODl++8mkdyYW1tZQ==,TEVE44OY44OD44OJ44Op44Kk44OI44OV44Kp44Kw44Op44Oz44OXUEhJTElQU+ODleOCo+ODquODg+ODl+OCuUNSRUXjgrXjg6Djgrnjg7NTQU1TVU5HVDEwVDIwUzI144Or44O844Og44Op44Oz44OX44Op44Ky44OD44K45pel5q2j44K/44Kk44Ok44Op44Oz44Kv44OrODA2NTAwS+OCpOOCqOODreODvOa/gOWuiemAgeaWmeeEoeaWmUg04peG5qWt5YuZ5L6h5qC8MTDlgIvjgrvjg4Pjg4gh6LaF576O55m9NjgwMGvpq5jlk4Hos6pTTUTjgIAyNOeZuuOAgExFROODq+ODvOODoOODqeODs+ODlw==,44GK5b6X4piF5qWt6LKp5L6h5qC844CC4peG5qWt5YuZ5L6h5qC8MTDlgIvjgrvjg4Pjg4gh6LaF576O55m9NjgwMGvpq5jlk4Hos6pTTUTjgIAyNOeZuuOAgExFROODq+ODvOODoOODqeODs+ODlw==[rn]
15-190296,aHR0cDovL3RzaG9wLnIxMHMuanAvZ3JhbW1lL2NhYmluZXQvZnRwLXRvdXJva3UvMTIxMHJvb20vNDByazExLmpwZz9maXRpbj03MDA6NzAw,NTQ0LjAwMDA=,,6LuK55So5ZOB44O744OQ44Kk44Kv55So5ZOBID4g44Kr44O855So5ZOBID4g44Op44Kk44OI44O744Op44Oz44OXID4g44Or44O844Og44Op44Oz44OX,4peG5qWt5YuZ5L6h5qC8IDLlgIvjgrvjg4Pjg4ggMjTpgKPntJohIOi2hee0lOeZvemrmOWTgeizqiAzY2hpcCBTTUQ455m6NjgwMGvimIVMRUQg44Or44O844Og44Op44Oz44OXIDLlgIvjgrvjg4Pjg4hMRUQg44Or44O844Og44Op44Oz44OXICDjg7Tjgqfjg6vjg5XjgqHjgqTjgqIzMCDjgqLjg6vjg5XjgqHjg7zjg4kgMjAg44K544OG44OD44OX44Ov44K044OzIFJLIOODjuOCoiDjg7Tjgqnjgq/jgrfjg7wgODAg44OX44Oq44Km44K5IDMwIM6xIOOCv+ODs+ODiCDjg4fjg6rjgqtENSDjg4/jgqTjgqjjg7zjgrkgMjAw57O7IOOCu+ODrOODiiBDMjYg44Ki44Kv44Ki,44GK5b6X4piF5qWt5YuZ5L6h5qC844O75r+A5a6J,,4peG5qWt5YuZ5L6h5qC8IDLlgIvjgrvjg4Pjg4ggMjTpgKPntJohIOi2hee0lOeZvemrmOWTgeizqiAzY2hpcCBTTUQ455m6NjgwMGvimIVMRUQg44Or44O844Og44Op44Oz44OXIDLlgIvjgrvjg4Pjg4hMRUQg44Or44O844Og44Op44Oz44OXICDjg7Tjgqfjg6vjg5XjgqHjgqTjgqIzMCDjgqLjg6vjg5XjgqHjg7zjg4kgMjAg44K544OG44OD44OX44Ov44K044OzIFJLIOODjuOCoiDjg7Tjgqnjgq/jgrfjg7wgODAg44OX44Oq44Km44K5IDMwIM6xIOOCv+ODs+ODiCDjg4fjg6rjgqtENSDjg4/jgqTjgqjjg7zjgrkgMjAw57O7IOOCu+ODrOODiiBDMjYg44Ki44Kv44Ki77yaR3JhbW1l,TEVE44OY44OD44OJ44Op44Kk44OI44OV44Kp44Kw44Op44Oz44OXUEhJTElQU+ODleOCo+ODquODg+ODl+OCuUNSRUXjgrXjg6Djgrnjg7NTQU1TVU5HVDEwVDIwUzI144Or44O844Og44Op44Oz44OX44Op44Ky44OD44K45pel5q2j44K/44Kk44Ok44Op44Oz44Kv44OrODA2NTAwS+OCpOOCqOODreODvOa/gOWuiemAgeaWmeeEoeaWmUg04peG5qWt5YuZ5L6h5qC8IDLlgIvjgrvjg4Pjg4ggMjTpgKPntJohIOi2hee0lOeZvemrmOWTgeizqiAzY2hpcCBTTUQ455m6NjgwMGvimIVMRUQg44Or44O844Og44Op44Oz44OXIDLlgIvjgrvjg4Pjg4hMRUQg44Or44O844Og44Op44Oz44OXICDjg7Tjgqfjg6vjg5XjgqHjgqTjgqIzMCDjgqLjg6vjg5XjgqHjg7zjg4kgMjAg44K544OG44OD44OX44Ov44K044OzIFJLIOODjuOCoiDjg7Tjgqnjgq/jgrfjg7wgODAg44OX44Oq44Km44K5IDMwIM6xIOOCv+ODs+ODiCDjg4fjg6rjgqtENSDjg4/jgqTjgqjjg7zjgrkgMjAw57O7IOOCu+ODrOODiiBDMjYg44Ki44Kv44Ki,44GK5b6X4piF5qWt5YuZ5L6h5qC844O75r+A5a6J44CC4peG5qWt5YuZ5L6h5qC8IDLlgIvjgrvjg4Pjg4ggMjTpgKPntJohIOi2hee0lOeZvemrmOWTgeizqiAzY2hpcCBTTUQ455m6NjgwMGvimIVMRUQg44Or44O844Og44Op44Oz44OXIDLlgIvjgrvjg4Pjg4hMRUQg44Or44O844Og44Op44Oz44OXICDjg7Tjgqfjg6vjg5XjgqHjgqTjgqIzMCDjgqLjg6vjg5XjgqHjg7zjg4kgMjAg44K544OG44OD44OX44Ov44K044OzIFJLIOODjuOCoiDjg7Tjgqnjgq/jgrfjg7wgODAg44OX44Oq44Km44K5IDMwIM6xIOOCv+ODs+ODiCDjg4fjg6rjgqtENSDjg4/jgqTjgqjjg7zjgrkgMjAw57O7IOOCu+ODrOODiiBDMjYg44Ki44Kv44Ki[rn]
15-190297,aHR0cDovL3RzaG9wLnIxMHMuanAvZ3JhbW1lL2NhYmluZXQvZnRwLXRvdXJva3UvMTIxMHJvb20vNWtyazExLmpwZz9maXRpbj03MDA6NzAw,ODcyLjAwMDA=,,6LuK55So5ZOB44O744OQ44Kk44Kv55So5ZOBID4g44Kr44O855So5ZOBID4g44Op44Kk44OI44O744Op44Oz44OXID4g44Or44O844Og44Op44Oz44OX,4peG5qWt5YuZ5L6h5qC8IDLlgIvjgrvjg4Pjg4g3MumAo+e0miEg6LaF57SU55m96auY5ZOB6LOqIDNjaGlwIFNNRDI055m6NjgwMGvimIVMRUQg44Or44O844Og44Op44Oz44OXICDjg7Tjgqfjg6vjg5XjgqHjgqTjgqIzMCDjgqLjg6vjg5XjgqHjg7zjg4kgMjAg44K544OG44OD44OX44Ov44K044OzIFJLIOODjuOCoiDjg7Tjgqnjgq/jgrfjg7wgODAg44OX44Oq44Km44K5IDMwIM6xIOOCv+ODs+ODiCDjg4fjg6rjgqtENSDjg4/jgqTjgqjjg7zjgrkgMjAw57O7IOOCu+ODrOODiiBDMjYg44Ki44Kv44Ki,4piF44Os44OT44Ol44O844KS5pu444GE44Gm44Oh44O844Or5L6/6YCB5paZ54Sh5paZISHmpa3li5nkvqHmoLzjg7vjgYrlvpcy5YCL44K744OD44OI,,4peG5qWt5YuZ5L6h5qC8IDLlgIvjgrvjg4Pjg4g3MumAo+e0miEg6LaF57SU55m96auY5ZOB6LOqIDNjaGlwIFNNRDI055m6NjgwMGvimIVMRUQg44Or44O844Og44Op44Oz44OXICDjg7Tjgqfjg6vjg5XjgqHjgqTjgqIzMCDjgqLjg6vjg5XjgqHjg7zjg4kgMjAg44K544OG44OD44OX44Ov44K044OzIFJLIOODjuOCoiDjg7Tjgqnjgq/jgrfjg7wgODAg44OX44Oq44Km44K5IDMwIM6xIOOCv+ODs+ODiCDjg4fjg6rjgqtENSDjg4/jgqTjgqjjg7zjgrkgMjAw57O7IOOCu+ODrOODiiBDMjYg44Ki44Kv44Ki77yaR3JhbW1l,TEVE44OY44OD44OJ44Op44Kk44OI44OV44Kp44Kw44Op44Oz44OXUEhJTElQU+ODleOCo+ODquODg+ODl+OCuUNSRUXjgrXjg6Djgrnjg7NTQU1TVU5HVDEwVDIwUzI144Or44O844Og44Op44Oz44OX44Op44Ky44OD44K45pel5q2j44K/44Kk44Ok44Op44Oz44Kv44OrODA2NTAwS+OCpOOCqOODreODvOa/gOWuiemAgeaWmeeEoeaWmUg04peG5qWt5YuZ5L6h5qC8IDLlgIvjgrvjg4Pjg4g3MumAo+e0miEg6LaF57SU55m96auY5ZOB6LOqIDNjaGlwIFNNRDI055m6NjgwMGvimIVMRUQg44Or44O844Og44Op44Oz44OXICDjg7Tjgqfjg6vjg5XjgqHjgqTjgqIzMCDjgqLjg6vjg5XjgqHjg7zjg4kgMjAg44K544OG44OD44OX44Ov44K044OzIFJLIOODjuOCoiDjg7Tjgqnjgq/jgrfjg7wgODAg44OX44Oq44Km44K5IDMwIM6xIOOCv+ODs+ODiCDjg4fjg6rjgqtENSDjg4/jgqTjgqjjg7zjgrkgMjAw57O7IOOCu+ODrOODiiBDMjYg44Ki44Kv44Ki,4piF44Os44OT44Ol44O844KS5pu444GE44Gm44Oh44O844Or5L6/6YCB5paZ54Sh5paZISHmpa3li5nkvqHmoLzjg7vjgYrlvpcy5YCL44K744OD44OI44CC4peG5qWt5YuZ5L6h5qC8IDLlgIvjgrvjg4Pjg4g3MumAo+e0miEg6LaF57SU55m96auY5ZOB6LOqIDNjaGlwIFNNRDI055m6NjgwMGvimIVMRUQg44Or44O844Og44Op44Oz44OXICDjg7Tjgqfjg6vjg5XjgqHjgqTjgqIzMCDjgqLjg6vjg5XjgqHjg7zjg4kgMjAg44K544OG44OD44OX44Ov44K044OzIFJLIOODjuOCoiDjg7Tjgqnjgq/jgrfjg7wgODAg44OX44Oq44Km44K5IDMwIM6xIOOCv+ODs+ODiCDjg4fjg6rjgqtENSDjg4/jgqTjgqjjg7zjgrkgMjAw57O7IOOCu+ODrOODiiBDMjYg44Ki44Kv44Ki[rn]
15-190298,aHR0cDovL3RzaG9wLnIxMHMuanAvZ3JhbW1lL2NhYmluZXQvZnRwLXRvdXJva3UvMTIxMHJvb20vNDVyazExLmpwZz9maXRpbj03MDA6NzAw,NjgwLjAwMDA=,,6LuK55So5ZOB44O744OQ44Kk44Kv55So5ZOBID4g44Kr44O855So5ZOBID4g44Op44Kk44OI44O744Op44Oz44OXID4g44Or44O844Og44Op44Oz44OX,4peG5qWt5YuZ5L6h5qC8IDLlgIvjgrvjg4Pjg4g0NemAo+e0miEg6LaF57SU55m96auY5ZOB6LOqIDNjaGlwIFNNRDE155m6NjgwMGvimIVMRUQg44Or44O844Og44Op44Oz44OXICDjg7Tjgqfjg6vjg5XjgqHjgqTjgqIzMCDjgqLjg6vjg5XjgqHjg7zjg4kgMjAg44K544OG44OD44OX44Ov44K044OzIFJLIOODjuOCoiDjg7Tjgqnjgq/jgrfjg7wgODAg44OX44Oq44Km44K5IDMwIM6xIOOCv+ODs+ODiCDjg4fjg6rjgqtENSDjg4/jgqTjgqjjg7zjgrkgMjAw57O7IOOCu+ODrOODiiBDMjYg44Ki44Kv44Ki,4piF44Os44OT44Ol44O844KS5pu444GE44Gm44Oh44O844Or5L6/6YCB5paZ54Sh5paZISHmpa3li5nkvqHmoLzjg7vjgYrlvpcy5YCL44K744OD44OI,,4peG5qWt5YuZ5L6h5qC8IDLlgIvjgrvjg4Pjg4g0NemAo+e0miEg6LaF57SU55m96auY5ZOB6LOqIDNjaGlwIFNNRDE155m6NjgwMGvimIVMRUQg44Or44O844Og44Op44Oz44OXICDjg7Tjgqfjg6vjg5XjgqHjgqTjgqIzMCDjgqLjg6vjg5XjgqHjg7zjg4kgMjAg44K544OG44OD44OX44Ov44K044OzIFJLIOODjuOCoiDjg7Tjgqnjgq/jgrfjg7wgODAg44OX44Oq44Km44K5IDMwIM6xIOOCv+ODs+ODiCDjg4fjg6rjgqtENSDjg4/jgqTjgqjjg7zjgrkgMjAw57O7IOOCu+ODrOODiiBDMjYg44Ki44Kv44Ki77yaR3JhbW1l,TEVE44OY44OD44OJ44Op44Kk44OI44OV44Kp44Kw44Op44Oz44OXUEhJTElQU+ODleOCo+ODquODg+ODl+OCuUNSRUXjgrXjg6Djgrnjg7NTQU1TVU5HVDEwVDIwUzI144Or44O844Og44Op44Oz44OX44Op44Ky44OD44K45pel5q2j44K/44Kk44Ok44Op44Oz44Kv44OrODA2NTAwS+OCpOOCqOODreODvOa/gOWuiemAgeaWmeeEoeaWmUg04peG5qWt5YuZ5L6h5qC8IDLlgIvjgrvjg4Pjg4g0NemAo+e0miEg6LaF57SU55m96auY5ZOB6LOqIDNjaGlwIFNNRDE155m6NjgwMGvimIVMRUQg44Or44O844Og44Op44Oz44OXICDjg7Tjgqfjg6vjg5XjgqHjgqTjgqIzMCDjgqLjg6vjg5XjgqHjg7zjg4kgMjAg44K544OG44OD44OX44Ov44K044OzIFJLIOODjuOCoiDjg7Tjgqnjgq/jgrfjg7wgODAg44OX44Oq44Km44K5IDMwIM6xIOOCv+ODs+ODiCDjg4fjg6rjgqtENSDjg4/jgqTjgqjjg7zjgrkgMjAw57O7IOOCu+ODrOODiiBDMjYg44Ki44Kv44Ki,4piF44Os44OT44Ol44O844KS5pu444GE44Gm44Oh44O844Or5L6/6YCB5paZ54Sh5paZISHmpa3li5nkvqHmoLzjg7vjgYrlvpcy5YCL44K744OD44OI44CC4peG5qWt5YuZ5L6h5qC8IDLlgIvjgrvjg4Pjg4g0NemAo+e0miEg6LaF57SU55m96auY5ZOB6LOqIDNjaGlwIFNNRDE155m6NjgwMGvimIVMRUQg44Or44O844Og44Op44Oz44OXICDjg7Tjgqfjg6vjg5XjgqHjgqTjgqIzMCDjgqLjg6vjg5XjgqHjg7zjg4kgMjAg44K544OG44OD44OX44Ov44K044OzIFJLIOODjuOCoiDjg7Tjgqnjgq/jgrfjg7wgODAg44OX44Oq44Km44K5IDMwIM6xIOOCv+ODs+ODiCDjg4fjg6rjgqtENSDjg4/jgqTjgqjjg7zjgrkgMjAw57O7IOOCu+ODrOODiiBDMjYg44Ki44Kv44Ki[rn]
15-190299,aHR0cDovL3RzaG9wLnIxMHMuanAvZ3JhbW1lL2NhYmluZXQvZnRwLXRvdXJva3UvMTIxMHJvb20vNDRyazExLmpwZz9maXRpbj03MDA6NzAw,NzIwLjAwMDA=,,6LuK55So5ZOB44O744OQ44Kk44Kv55So5ZOBID4g44Kr44O855So5ZOBID4g44Op44Kk44OI44O744Op44Oz44OXID4g44Or44O844Og44Op44Oz44OX,4peG5qWt5YuZ5L6h5qC8IDLlgIvjgrvjg4Pjg4ggNDjpgKPntJogTEVEIOODq+ODvOODoOODqeODs+ODlyAg6LaF57SU55m96auY5ZOB6LOqIDNjaGlwIFNNRDE255m6NjgwMGsg44O044Kn44Or44OV44Kh44Kk44KiMzAg44Ki44Or44OV44Kh44O844OJIDIwIOOCueODhuODg+ODl+ODr+OCtOODsyBSSyDjg47jgqIg44O044Kp44Kv44K344O8IDgwIOODl+ODquOCpuOCuSAzMCDOsSDjgr/jg7Pjg4gg44OH44Oq44KrRDUg44OP44Kk44Ko44O844K5IDIwMOezuyDjgrvjg6zjg4ogQzI2IOOCouOCr+OCog==,44GK5b6X4piF5qWt5YuZ5L6h5qC844O75r+A5a6J,,4peG5qWt5YuZ5L6h5qC8IDLlgIvjgrvjg4Pjg4ggNDjpgKPntJogTEVEIOODq+ODvOODoOODqeODs+ODlyAg6LaF57SU55m96auY5ZOB6LOqIDNjaGlwIFNNRDE255m6NjgwMGsg44O044Kn44Or44OV44Kh44Kk44KiMzAg44Ki44Or44OV44Kh44O844OJIDIwIOOCueODhuODg+ODl+ODr+OCtOODsyBSSyDjg47jgqIg44O044Kp44Kv44K344O8IDgwIOODl+ODquOCpuOCuSAzMCDOsSDjgr/jg7Pjg4gg44OH44Oq44KrRDUg44OP44Kk44Ko44O844K5IDIwMOezuyDjgrvjg6zjg4ogQzI2IOOCouOCr+OCou+8mkdyYW1tZQ==,TEVE44OY44OD44OJ44Op44Kk44OI44OV44Kp44Kw44Op44Oz44OXUEhJTElQU+ODleOCo+ODquODg+ODl+OCuUNSRUXjgrXjg6Djgrnjg7NTQU1TVU5HVDEwVDIwUzI144Or44O844Og44Op44Oz44OX44Op44Ky44OD44K45pel5q2j44K/44Kk44Ok44Op44Oz44Kv44OrODA2NTAwS+OCpOOCqOODreODvOa/gOWuiemAgeaWmeeEoeaWmUg04peG5qWt5YuZ5L6h5qC8IDLlgIvjgrvjg4Pjg4ggNDjpgKPntJogTEVEIOODq+ODvOODoOODqeODs+ODlyAg6LaF57SU55m96auY5ZOB6LOqIDNjaGlwIFNNRDE255m6NjgwMGsg44O044Kn44Or44OV44Kh44Kk44KiMzAg44Ki44Or44OV44Kh44O844OJIDIwIOOCueODhuODg+ODl+ODr+OCtOODsyBSSyDjg47jgqIg44O044Kp44Kv44K344O8IDgwIOODl+ODquOCpuOCuSAzMCDOsSDjgr/jg7Pjg4gg44OH44Oq44KrRDUg44OP44Kk44Ko44O844K5IDIwMOezuyDjgrvjg6zjg4ogQzI2IOOCouOCr+OCog==,44GK5b6X4piF5qWt5YuZ5L6h5qC844O75r+A5a6J44CC4peG5qWt5YuZ5L6h5qC8IDLlgIvjgrvjg4Pjg4ggNDjpgKPntJogTEVEIOODq+ODvOODoOODqeODs+ODlyAg6LaF57SU55m96auY5ZOB6LOqIDNjaGlwIFNNRDE255m6NjgwMGsg44O044Kn44Or44OV44Kh44Kk44KiMzAg44Ki44Or44OV44Kh44O844OJIDIwIOOCueODhuODg+ODl+ODr+OCtOODsyBSSyDjg47jgqIg44O044Kp44Kv44K344O8IDgwIOODl+ODquOCpuOCuSAzMCDOsSDjgr/jg7Pjg4gg44OH44Oq44KrRDUg44OP44Kk44Ko44O844K5IDIwMOezuyDjgrvjg6zjg4ogQzI2IOOCouOCr+OCog==[rn]
15-190300,aHR0cDovL3RzaG9wLnIxMHMuanAvZ3JhbW1lL2NhYmluZXQvZnRwLXRvdXJva3UvdDEweDMxL3QxMHgzMS05cmVuLTQtdG9wLmpwZz9maXRpbj03MDA6NzAw,Njk2LjAwMDA=,,6LuK55So5ZOB44O744OQ44Kk44Kv55So5ZOBID4g44Kr44O855So5ZOBID4g44Op44Kk44OI44O744Op44Oz44OXID4g44Or44O844Og44Op44Oz44OX,4peGNOWAi+OCu+ODg+ODiOmrmOi8neW6puOAgOmrmOWTgeizquOAgFNNRDnnmbrjgIBUMTB4MzHimIVMRUTjg6vjg7zjg6Djg6njg7Pjg5c2ODAwa+KYhQ==,44GK5b6X4piF5qWt6LKp5L6h5qC8,,4peGNOWAi+OCu+ODg+ODiOmrmOi8neW6puOAgOmrmOWTgeizquOAgFNNRDnnmbrjgIBUMTB4MzHimIVMRUTjg6vjg7zjg6Djg6njg7Pjg5c2ODAwa+KYhe+8mkdyYW1tZQ==,TEVE44OY44OD44OJ44Op44Kk44OI44OV44Kp44Kw44Op44Oz44OXUEhJTElQU+ODleOCo+ODquODg+ODl+OCuUNSRUXjgrXjg6Djgrnjg7NTQU1TVU5HVDEwVDIwUzI144Or44O844Og44Op44Oz44OX44Op44Ky44OD44K45pel5q2j44K/44Kk44Ok44Op44Oz44Kv44OrODA2NTAwS+OCpOOCqOODreODvOa/gOWuiemAgeaWmeeEoeaWmUg04peGNOWAi+OCu+ODg+ODiOmrmOi8neW6puOAgOmrmOWTgeizquOAgFNNRDnnmbrjgIBUMTB4MzHimIVMRUTjg6vjg7zjg6Djg6njg7Pjg5c2ODAwa+KYhQ==,44GK5b6X4piF5qWt6LKp5L6h5qC844CC4peGNOWAi+OCu+ODg+ODiOmrmOi8neW6puOAgOmrmOWTgeizquOAgFNNRDnnmbrjgIBUMTB4MzHimIVMRUTjg6vjg7zjg6Djg6njg7Pjg5c2ODAwa+KYhQ==[rn]
