14-157801,aHR0cDovL3RzaG9wLnIxMHMuanAva2lkc3N0ZXAvY2FiaW5ldC90ZWliYW4vY2kwMDF3dzEuanBnP2ZpdGluPTcwMDo3MDA=,MjA3Mi4wMDAw,,44Kt44OD44K644O744OZ44OT44O844O744Oe44K/44OL44OG44KjID4g44Kt44OD44K6ID4g6Z20ID4g44K544OL44O844Kr44O8,556s6LazIOS4iuWxpeOBjSDjgq3jg4Pjgrog55m9IOOCueODi+ODvOOCq+ODvCDlrZDkvpvpnbQg6YCa5a2m6Z20IOmBi+WLlemdtCDkv4rotrMgKOOCt+ODpeODs+OCveOCrykg5a2Q5L6bIOmdtCDkuIrpnbQgU0tJMDAxMCAoQ0ktMDAxKSDjg5vjg6/jgqTjg4gg44Ki44Kt44Os44K5IOOBneOBj+OBhOOBjw==,556s6LazICgxNi0yM2NtKSDlpJblj43mr43otr4g5rWu44GN5oyHIOWBj+W5s+i2syDkuojpmLLjgavlirnmnpznmoQ=,44CQ556s6Laz44Gd44GP44GE44GP77yd556s6Laz77yI44Ki44Kt44Os44K577yJw5cg6aCG5aSp5aCC5aSn5a2m44CA44K544Kv44O844Or44K344Ol44O844K6IOS4iuWxpeOBjSDkuIrpnbTjgJE8YnI+CuOCouOCreODrOOCueOBqOmghuWkqeWgguWkp+WtpuOBruWFseWQjOmWi+eZuuOBp+eUn+OBvuOCjOOBn+OAjOato+OBl+OBhOatqeihjOOBjOiHqueEtuOBqOi6q+OBq+OBpOOBjyDlrZDkvpvpnbQg44CN44Gn44GZ44CCPEJSPjxCUj4K5LiH5LiA44Gu54G95a6z55m655Sf5pmC44Gr6YG/6Zuj44GX44KE44GZ44GE5aSW5bGl44GN5L2/55So5Y+v6IO944Gq5LiK5bGl44GN44Gn44GZ44CC6YG/6Zuj5pmC44Gr6Z2044GM6ISx44GS44Gr44GP44GP44CB5bGL5aSW44Gn44KC6LWw44KK44KE44GZ44GE5LuV5qeY44Go44Gq44Gj44Gm44GE44G+44GZ44CCPEJSPjxCUj4KPEZPTlQgY29sb3I9InJlZCI+44CQ44GU5rOo5oSP44CR5bCP44GV44KB44Gu5a+45rOV44Go44Gq44Gj44Gm44GE44G+44GZ44Gu44Gn44CB44Oa44O844K45Y+z5LiL44Gu44K144Kk44K644Gu55uu5a6J44KS56K66KqN44GE44Gf44Gg44GN44CB44K144Kk44K66YG45oqe44Gr44GU5rOo5oSP44GP44Gg44GV44GE44CCPEJSPjxCUj4KPC9mb250Pgo8Zm9udCBjb2xvcj0icmVkIj7igLvljbPml6XnmbrpgIHjgavjgaTjgY3jgb7jgZfjgabjga/jgIHllrbmpa3ml6Xjga7mraPljYgoMTLvvJowMCnjgb7jgafjga7jgZTms6jmlofjgYzlr77osaHjgajjgarjgorjgb7jgZnjgILllrbmpa3ml6XjgavjgaTjgY3jgb7jgZfjgabjga/jgIHllrbmpa3ml6Xjgqvjg6zjg7Pjg4Djg7zjgpLjgZTnorroqo3jgY/jgaDjgZXjgYTjgII8L2ZvbnQ+PEJSPjxCUj4KPGhyPuKWoOmAgeaWmTxocj4K6YCa5bi46YWN6YCB5paZ6YeRIDM5MOWGhuOAgTQsODAw5YaG5Lul5LiK44Gn6YCB5paZ54Sh5paZ44CA4oC76Zui5bO244O75rKW57iE44Gv5Yil5paZ6YeRCjxocj7ilqDlj5bmibHjgYTjgqvjg6njg7w8aHI+CuODluODqeODg+OCr+OAgOODm+ODr+OCpOODiAo8aHI+4pag6Laz5ZGo44KK44O76YeN6YePPGhyPgoyRSAoRUUp44CAMTM0ZygyMGNtKQo8aHI+4pag55So6YCUPGhyPgrlhaXlrabjgIDlhaXlnJLjgIDpgJrlrabjgIDpgJrlnJLjgIAKPGhyPuKWoOWvvuixoTxocj4K5bm856ia5ZyS44CA5a2Q5L6b44CA5bCP5a2m55Sf44CA5Lit5a2m55Sf44CA55S344Gu5a2Q44CA5aWz44Gu5a2QPGhyPuKWoOWGheWBtOOBruWun+a4rOWvuOazle+8iOmVt+OBle+8ieOAgCh86KGo56S644K144Kk44K677ya5a6f5ris5a+45rOVfCk8aHI+CjE2OjE2LjBjbXwxNzoxNy4wY218MTg6MTguMGNtfDE5OjE5LjBjbXwyMDoyMC4wY218MjE6MjEuMGNtfDIyOjIyLjBjbTxCUj48QlI+CuODu+OBiuWtkOOBleOBvuOBrui2s+OBrumVt+OBleOCkuioiOa4rOOBl+OAgeODl+ODqeOCuTAuOGNtLTEuMGNt44GP44KJ44GE44GM44Gh44KH44GG44Gp6Imv44GE44K144Kk44K644Go44Gq44KK44G+44GZ44Gu44Gn44CB5LiL6KiY5a6f5ris5a+45rOV44KS5Y+C6ICD44Gr44K144Kk44K644KS44GK6YG444Gz44GP44Gg44GV44GE44CCCjxocj7ilqDpgbjjgbnjgovkuIrlsaXjgY3jg5Djg6rjgqjjg7zjgrfjg6fjg7M8aHI+Cjx0YWJsZSB3aWR0aD0iMTAwJSI+Cjx0ZD4KPElNRyBzcmM9Imh0dHA6Ly9pbWFnZS5yYWt1dGVuLmNvLmpwL2tpZHNzdGVwL2NhYmluZXQvdGVpYmFuL2NpMDAxYmIxLmpwZyIgd2lkdGg9IjE1MCIgYm9yZGVyPSIwIj48L3RkPgo8dGQ+CjxJTUcgc3JjPSJodHRwOi8vaW1hZ2UucmFrdXRlbi5jby5qcC9raWRzc3RlcC9jYWJpbmV0L3RlaWJhbi9zdDExYS5qcGciIHdpZHRoPSIxNTAiIGJvcmRlcj0iMCI+PC90ZD4KPHRkPgo8SU1HIHNyYz0iaHR0cDovL2ltYWdlLnJha3V0ZW4uY28uanAva2lkc3N0ZXAvY2FiaW5ldC90ZWliYW4vc3QxMmEuanBnIiB3aWR0aD0iMTUwIiBib3JkZXI9IjAiPjwvdGQ+Cjx0ZD4KPElNRyBzcmM9Imh0dHA6Ly9pbWFnZS5yYWt1dGVuLmNvLmpwL2tpZHNzdGVwL2NhYmluZXQvdGVpYmFuL3N0MTNhLmpwZyIgd2lkdGg9IjE1MCIgYm9yZGVyPSIwIj48L3RkPgo8dGQ+CjxJTUcgc3JjPSJodHRwOi8vaW1hZ2UucmFrdXRlbi5jby5qcC9raWRzc3RlcC9jYWJpbmV0LzAzOTkzNDc1L3Nzajc1NXd0MS5qcGciIHdpZHRoPSIxNTAiIGJvcmRlcj0iMCI+PC90ZD48L3RhYmxlPg==,556s6LazIOS4iuWxpeOBjSDjgq3jg4Pjgrog55m9IOOCueODi+ODvOOCq+ODvCDlrZDkvpvpnbQg6YCa5a2m6Z20IOmBi+WLlemdtCDkv4rotrMgKOOCt+ODpeODs+OCveOCrykg5a2Q5L6bIOmdtCDkuIrpnbQgU0tJMDAxMCAoQ0ktMDAxKSDjg5vjg6/jgqTjg4gg44Ki44Kt44Os44K5IOOBneOBj+OBhOOBj++8muWtkOOBqeOCgumdtOmAmuiyqeOAgOOCreODg+OCuuOCueODhuODg+ODlw==,5a2Q44Gp44KC6Z205a2Q5L6b6Z2044Kt44OD44K644CA44K544OL44O844Kr44O844K444Ol44OL44Ki44CA44K544OL44O844Kr44O844OZ44OT44O844K344Ol44O844K644OV44Kh44O844K544OI44K344Ol44O844K6556s6Laz556s6Laz44Os44Oi44Oz44OR44Kk44GX44KF44KT44Gd44GP44K344Ol44Oz44K944Kv5L+K6Laz6ae/6Laz44OQ44ON44Gu44OB44Kr44Op44K544O844OR44O844K544K/44O844CA44OQ44ON44Gu44OB44Kr44Op44Kz44Oz44OQ44O844K544CA44Kt44OD44K644CA44OP44Kk44Kr44OD44OI5Ye655Sj56Wd44GE44OL44Ol44O844OQ44Op44Oz44K544CA44Kt44OD44K65a2Q44Gp44KC44CA6Z2044CA44K144Kk44K6556s6Laz44CA5r+A5a6J6Z2044CA5a2Q5L6b55So556s6LazIOS4iuWxpeOBjSDjgq3jg4Pjgrog55m9IOOCueODi+ODvOOCq+ODvCDlrZDkvpvpnbQg6YCa5a2m6Z20IOmBi+WLlemdtCDkv4rotrMgKOOCt+ODpeODs+OCveOCrykg5a2Q5L6bIOmdtCDkuIrpnbQgU0tJMDAxMCAoQ0ktMDAxKSDjg5vjg6/jgqTjg4gg44Ki44Kt44Os44K5IOOBneOBj+OBhOOBjw==,556s6LazICgxNi0yM2NtKSDlpJblj43mr43otr4g5rWu44GN5oyHIOWBj+W5s+i2syDkuojpmLLjgavlirnmnpznmoTjgILnnqzotrMg5LiK5bGl44GNIOOCreODg+OCuiDnmb0g44K544OL44O844Kr44O8IOWtkOS+m+mdtCDpgJrlrabpnbQg6YGL5YuV6Z20IOS/iui2syAo44K344Ol44Oz44K944KvKSDlrZDkvpsg6Z20IOS4iumdtCBTS0kwMDEwIChDSS0wMDEpIOODm+ODr+OCpOODiCDjgqLjgq3jg6zjgrkg44Gd44GP44GE44GP[rn]
14-157802,aHR0cDovL3RzaG9wLnIxMHMuanAvdGFpZ2FyLTEvY2FiaW5ldC9pbWdyYzAwNjk5MjAzODMuanBnP2ZpdGluPTcwMDo3MDA=,MjU5Mi44MDAw,,44Kt44OD44K644O744OZ44OT44O844O744Oe44K/44OL44OG44KjID4g44Kt44OD44K6ID4g6Z20ID4g44K544OL44O844Kr44O8,44CQTW9vbnN0YXLjgJHjgJAyReOAkeOCuOODpeODi+OCoiDjgq3jg4PjgrogIOOCueODi+ODvOOCq+ODvCDnlLfjga7lrZAg44OZ44Or44Kv44OtIOODkOODjeOBruODgeOCq+ODqSDpmLLmsLTjgrnjg4vjg7zjgqvjg7wgSjcxNuOAkOODkOODjeWPsuS4iuacgOi7vemHj+ioreioiOOAkQ==,44CQ5pyA6YCf5pyA5paw44Oi44OH44Or77yB44Kk44OK44K644Oe44K544OX44Oq44Oz44K/44O844CR44OR44Ov44O844OQ44ON44K544OL44O844Kr44O8,TW9vbnN0YXIg44Og44O844Oz44K544K/44O8PGJyPgrjgIzjg6Djg7zjg7Pjgrnjgr/jg7zjgrnjg7zjg5Hjg7zjgrnjgr/jg7zjgI3jga7jg5zjg7zjgqTjgrrlkJHjgZHjgrjjg6Xjg4vjgqLjgrfjg6Xjg7zjgrrjgII8YnI+CuS6uuawl+OCt+ODquODvOOCuuOAjOODkOODjeOBruODgeOCq+ODqeOAguOAjeOBruOAgembqOOBruaXpeOBq+OCguWsieOBl+OBhOOAjDRjbSA05pmC6ZaT6Ziy5rC044CNKOKAuynmqZ/og73jgpLmkK3ovInjgZfjgZ/pmLLmsLTjgr/jgqTjg5fjgafjgZnjgILjgrnjg4jjg6rjg7zjg4jjgqvjgrjjg6XjgqLjg6vjgpLmhI/orZjjgZfjgZ/jg4fjgrbjgqTjg7PmgKfjgajjg5fjg6rjg7Pjg4jjg6/jg7zjgq/jgarjganjgpLlpJrnlKjjgZfjgZ/jgZPjgajjgavjgojjgorkuIDlkbPpgZXjgaPjgZ/ljbDosaHjgpLmvJTlh7rjgZfjgabjgYTjgb7jgZnjgILpnbTlupXjgavjga/mkanjgormuJvjgorjgYzlsJHjgarjgY/pq5jjgYTogJDkuYXmgKfjgpLnmbrmj67jgZnjgovjgIzogJDmkanogJfjgr3jg7zjg6vjgI3jgpLmjqHnlKjjgILjgqTjg7Pjgr3jg7zjg6vjga/lj5bjgorlh7rjgZfjgabmtJfjgYjjgovjga7jgafjgYTjgaTjgoLmuIXmvZTjgavkv53jgaTjgZPjgajjgYzjgafjgY3jgb7jgZnjgILniYfotrPntIQxOTBnKDIxLjBjbeOCteOCpOOCuuaZginjga7ou73ph4/oqK3oqIjjgafjgZnjgIIo4oC75Zyw6Z2i44GL44KJNGNt44CBNOaZgumWk+OBrua1uOa8rOeKtuaFi+OBp+OBrumYsuawtOaAp+OCkuWCmeOBiOOBn+mYsuawtOapn+iDveOBp+OBmeOAgikgPGJyPgrilqDllYblk4HoqbPntLA8YnI+CuKWoOODluODqeODs+ODiTxicj4K44Og44O844Oz44K544K/44O8PGJyPgrilqDllYblk4HlkI0v5ZOB55WqPGJyPgpTUyBKNzE2PGJyPgrilqDjgqvjg6njg7w8YnI+CuKYhuODluODqeODg+OCr+OAgOKYhuODluODq+ODvOOAgOKYhuODm+ODr+OCpOODiDxicj4K4pag57Sg5p2QPGJyPgrjgIrjgqLjg4Pjg5Hjg7zjgIvlkIjnuYov5ZCI55quPGJyPgrjgIrjgqLjgqbjg4jjgr3jg7zjg6vjgIvlnKfnuK5FVkEv5ZCI5oiQ44K044OgPGJyPgrilqDjg6/jgqTjgroo5qiq5bmFKTxicj4KMkUoRUUp55u45b2TPGJyPgrilqDpnbTjga7oqbPntLAo44K144Kk44K65o6h5a+4KTxicj4K44CK44OS44O844Or6auY44CL5o6l5Zyw6Z2i44KI44KK57SEMi4wY208YnI+CuOAiumHjemHj+OAi+eJh+i2s+e0hDIwMGcvMjEuNWNt44K144Kk44K65o6h5a+4PGJyPg==,44CQTW9vbnN0YXLjgJHjgJAyReOAkeOCuOODpeODi+OCoiDjgq3jg4PjgrogIOOCueODi+ODvOOCq+ODvCDnlLfjga7lrZAg44OZ44Or44Kv44OtIOODkOODjeOBruODgeOCq+ODqSDpmLLmsLTjgrnjg4vjg7zjgqvjg7wgSjcxNuOAkOODkOODjeWPsuS4iuacgOi7vemHj+ioreioiOOAke+8muOCt+ODpeODvOOCuuOCt+ODp+ODg+ODl+OCv+OCpOOCrOODvA==,44K544Kx44OD44OB44Oj44O844K6U0tFQ0hFUlPjg4rjgqTjgq1OSUtF44Ki44OH44Kj44OA44K5YWRpZGFz44Km44Kj44Oz44OW44Or44OJ44OzV0lNQkxFRE9O44Kz44Oz44OQ44O844K5Q09OVkVSU0VQVU1B44OX44O844OeQWNoaWxsZXPjgqLjgq3jg6zjgrluZXcgYmFsYW5jZeODi+ODpeODvOODkOODs+ODqeODs+OCuVNQQUxESU5H44K544Od44Or44OH44Kj44Oz44KwRFVOTE9Q44OA44Oz44Ot44OD44OXREMgU0hPRVNEQ+OCt+ODpeODvOOCukstU1dJU1PjgrHjg7zjgrnjgqTjgrlQQVJLIEFWRU5VReODkeODvOOCr+OCouODmeODi+ODpeODvEFkbWlyYWzjgqLjg4njg5/jg6njg6tSZWVib2vjg6rjg7zjg5zjg4Pjgq9CZW5ldHRvbuODmeODjeODiOODs1JlZ2V0QeODquOCsuODg+OCv01vb25zdGFy44Og44O844Oz44K544K/44O85pyI5pif44OG44OL44K544K144OD44Kr44O844OA44Oz44K555m9556s6Laz44OR44O844OG44Kj44O85LuL6K235bmF5bqDMkUzRTRFNUXjg5Xjg6rjg7PjgrjpmLLmsLTmkqXmsLTliqDlt6XljprlupXnvo7ohJrlirnmnpzjgqrjg7zjg6vjgrnjgr/jg7zjgqTjgr/jg6rjgqLjg7Pjgr3jg7zjg6vjgq/jg6zjg7zjg5fjgr3jg7zjg6tHT1JFLVRFWOOCtOOCouODhuODg+OCr+OCueOCteOCpOODieOCtOOCouaXpeacrOijveS7rumdouODqeOCpOODgOODvOOCouODs+ODkeODs+ODnuODs+ODl+ODquOCreODpeOCouODj+ODreODvOOCreODhuOCo+ODnuOCpOODoeODreODh+OCo+OCt+ODpeOCrOODvOODkOODi+ODvOOCuuODn+ODg+OCreODvOODnuOCpuOCueODh+OCo+OCuuODi+ODvOODieODqeOBiOOCguOCk+ODieODqeODn+OBoeOCg+OCk+OCt+ODiuODouODreODvOODq+OCq+ODvOOCuuODieOCreODs+OBoeOCg+OCk+ODneOCseODg+ODiOODouODs+OCueOCv+ODvOODneOCseODouODs+ODlOOCq+ODgeODpeOCpuODl+ODrOODvOODs+OCuuapn+mWoui7iuODiOODvOODnuOCuemdtOWtkOS+m+mdtOe0s+Wjq+mdtOWppuS6uumdtOODoeODs+OCuuODrOODh+OCo+ODvOOCueOCuOODpeODi+OCouOCreODg+OCuuODmeODk+ODvOS9k+iCsumkqOOCt+ODpeODvOOCuuS4iuWxpeOBjeOCueODi+ODvOOCq+ODvOODluODvOODhOODn+ODpeODvOODq+ODoOODvOODiOODs+ODkeODs+ODl+OCueODrOOCpOODs+OCt+ODpeODvOOCuuOCueODquODg+ODkeOCueODneOCteODs+OCueODneODvOODhOOCteODs+ODgOODq+OCsOODqeODh+OCo+OCqOODvOOCv+ODvOODh+ODg+OCreOCt+ODpeODvOOCuuODkOODrOOCqOOCt+ODpeODvOOCuuOCs+ODs+ODleOCqeODvOODiOOCt+ODpeODvOOCuuODneOCpOODs+ODhuODg+ODieODiOOCpeODqeOCpuODs+ODieODiOOCpeOCueOCr+OCqOOCouODiOOCpeOCouODvOODouODs+ODieODiOOCpeODiOODrOODg+OCreODs+OCsOOCt+ODpeODvOOCuuODj+OCpOODkuODvOODq+ODk+OCuOODjeOCueOCt+ODpeODvOOCuuODreODvOOCq+ODg+ODiOODn+ODieODq+OCq+ODg+ODiOODj+OCpOOCq+ODg+ODiOWBpeW6t+OCteODs+ODgOODq+ODmOODq+OCt+ODvOOCteODs+ODgOODq+OCs+ODs+ODleOCqeODvOODiOOCteODs+ODgOODq+OAkE1vb25zdGFy44CR44CQMkXjgJHjgrjjg6Xjg4vjgqIg44Kt44OD44K6ICDjgrnjg4vjg7zjgqvjg7wg55S344Gu5a2QIOODmeODq+OCr+ODrSDjg5Djg43jga7jg4Hjgqvjg6kg6Ziy5rC044K544OL44O844Kr44O8IEo3MTbjgJDjg5Djg43lj7LkuIrmnIDou73ph4/oqK3oqIjjgJE=,44CQ5pyA6YCf5pyA5paw44Oi44OH44Or77yB44Kk44OK44K644Oe44K544OX44Oq44Oz44K/44O844CR44OR44Ov44O844OQ44ON44K544OL44O844Kr44O844CC44CQTW9vbnN0YXLjgJHjgJAyReOAkeOCuOODpeODi+OCoiDjgq3jg4PjgrogIOOCueODi+ODvOOCq+ODvCDnlLfjga7lrZAg44OZ44Or44Kv44OtIOODkOODjeOBruODgeOCq+ODqSDpmLLmsLTjgrnjg4vjg7zjgqvjg7wgSjcxNuOAkOODkOODjeWPsuS4iuacgOi7vemHj+ioreioiOOAkQ==[rn]
14-157803,aHR0cDovL3RzaG9wLnIxMHMuanAvdGFpZ2FyLTEvY2FiaW5ldC9pbWdyYzAwNjk5OTgwNTguanBnP2ZpdGluPTcwMDo3MDA=,MTgwMC4wMDAw,,44Kt44OD44K644O744OZ44OT44O844O744Oe44K/44OL44OG44KjID4g44Kt44OD44K6ID4g6Z20ID4g44K544OL44O844Kr44O8,44CQ556s6Laz44Os44Oi44Oz44OR44Kk44CRUy1DSEVFVEFIIOOCqOOCueODgeODvOOCv+ODvCDjgq3jg4Pjgrog44K544OL44O844Kr44O8IExFQy0zNDcg5aWz44Gu5a2QIFtMRUMzNDcwXeOAkOOCs+ODs+ODk+ODi+WPl+WPluWvvuW/nOWVhuWTgeOAkQ==,6IKJ55CD44KS5qih44GX44Gf5pyA6Lu96YeP44Gu44K944O844Or4pmq,U3l1bnNva3Ug556s6LazPGJyPgrogonnkIPjgpLjgqTjg6Hjg7zjgrjjgZfjgZ/jgr3jg7zjg6vjgafmnIDou73ph4/jga7otbDjgorjgpLlrp/nj77jgZnjgovjgIzjgqjjgrnjg4Hjg7zjgr/jg7zjgI3vvIE8YnI+CuWTuuS5s+mhnuacgOmAn+OBruODgeODvOOCv+ODvOOCkuODouODgeODvOODleOBq+OAgeacgOi7vemHj+OBruOCveODvOODq+OCkuaQrei8ie+8geOCveODvOODq+OBr+ODqeODkOODvOOBjOWKueeOh+eahOOBq+mFjee9ruOBleOCjOOBpuOAgeOBvuOCi+OBp+iCieeQg+OBruOCiOOBhuOBquODh+OCtuOCpOODs+OAgjxicj4K5bem5Y+z6Z2e5a++56ew44K944O844Or77ya556s6Laz44Gu5pyA5aSn44Gu54m56ZW344Gn44GC44KL44CB44OI44Op44OD44Kv56u25LqJ44Gn5bem5Zue44KK44Gu44Kz44O844OK44O844KS5pS755Wl44GZ44KL44Gf44KB44Gu5bem5Y+z6Z2e5a++56ew6Kit6KiI44Gu44K944O844Or77yG44K544OR44Kk44Kv44KS5pCt6LyJ44CCPGJyPgrigLvmma7mrrXjga7nlJ/mtLvjgoTjgYrlrZDmp5jjga7nmbrogrLjgavlvbHpn7/jgpLkuI7jgYjjgovjgZPjgajjga/jgarjgY/jgIHmranjgY3jgoTjgZnjgYTjg7votbDjgorjgoTjgZnjgYTjgrfjg6Xjg7zjgrrjgajjgZfjgabml6XluLjnmoTjgavjgZTliKnnlKjjgYTjgZ/jgaDjgZHjgb7jgZnjgII8YnI+CuKWoOWVhuWTgeips+e0sDxicj4K4pag44OW44Op44Oz44OJPGJyPgrnnqzotrM8YnI+CuKWoOWVhuWTgeWQjS/lk4Hnlao8YnI+CkxFQzM0NzA8YnI+CuKWoOOCq+ODqeODvDxicj4K4piG6buS44CA4piG55m9PGJyPgrilqDntKDmnZA8YnI+CuOAiuOCouODg+ODkeODvOOAi+WQiOearjxicj4K44CK44K944O844Or44CL5ZCI5oiQ5bqVK+ODqeODkOODvDxicj4K4pag44Ov44Kk44K6KOaoquW5hSk8YnI+CjJFKEVFKeebuOW9kzxicj4K4pag6Z2044Gu6Kmz57SwKOOCteOCpOOCuuaOoeWvuCk8YnI+CuOAiuODkuODvOODq+mrmOOAi+aOpeWcsOmdouOCiOOCiue0hDIuMGNtPGJyPgrjgIrph43ph4/jgIvniYfotrPntIQxMTBnLzE4LjBjbeOCteOCpOOCujxicj4=,44CQ556s6Laz44Os44Oi44Oz44OR44Kk44CRUy1DSEVFVEFIIOOCqOOCueODgeODvOOCv+ODvCDjgq3jg4Pjgrog44K544OL44O844Kr44O8IExFQy0zNDcg5aWz44Gu5a2QIFtMRUMzNDcwXeOAkOOCs+ODs+ODk+ODi+WPl+WPluWvvuW/nOWVhuWTgeOAke+8muOCt+ODpeODvOOCuuOCt+ODp+ODg+ODl+OCv+OCpOOCrOODvA==,44K544Kx44OD44OB44Oj44O844K6U0tFQ0hFUlPjg4rjgqTjgq1OSUtF44Ki44OH44Kj44OA44K5YWRpZGFz44Km44Kj44Oz44OW44Or44OJ44OzV0lNQkxFRE9O44Kz44Oz44OQ44O844K5Q09OVkVSU0VQVU1B44OX44O844OeQWNoaWxsZXPjgqLjgq3jg6zjgrluZXcgYmFsYW5jZeODi+ODpeODvOODkOODs+ODqeODs+OCuVNQQUxESU5H44K544Od44Or44OH44Kj44Oz44KwRFVOTE9Q44OA44Oz44Ot44OD44OXREMgU0hPRVNEQ+OCt+ODpeODvOOCukstU1dJU1PjgrHjg7zjgrnjgqTjgrlQQVJLIEFWRU5VReODkeODvOOCr+OCouODmeODi+ODpeODvEFkbWlyYWzjgqLjg4njg5/jg6njg6tSZWVib2vjg6rjg7zjg5zjg4Pjgq9CZW5ldHRvbuODmeODjeODiOODs1JlZ2V0QeODquOCsuODg+OCv01vb25zdGFy44Og44O844Oz44K544K/44O85pyI5pif44OG44OL44K544K144OD44Kr44O844OA44Oz44K555m9556s6Laz44OR44O844OG44Kj44O85LuL6K235bmF5bqDMkUzRTRFNUXjg5Xjg6rjg7PjgrjpmLLmsLTmkqXmsLTliqDlt6XljprlupXnvo7ohJrlirnmnpzjgqrjg7zjg6vjgrnjgr/jg7zjgqTjgr/jg6rjgqLjg7Pjgr3jg7zjg6vjgq/jg6zjg7zjg5fjgr3jg7zjg6tHT1JFLVRFWOOCtOOCouODhuODg+OCr+OCueOCteOCpOODieOCtOOCouaXpeacrOijveS7rumdouODqeOCpOODgOODvOOCouODs+ODkeODs+ODnuODs+ODl+ODquOCreODpeOCouODj+ODreODvOOCreODhuOCo+ODnuOCpOODoeODreODh+OCo+OCt+ODpeOCrOODvOODkOODi+ODvOOCuuODn+ODg+OCreODvOODnuOCpuOCueODh+OCo+OCuuODi+ODvOODieODqeOBiOOCguOCk+ODieODqeODn+OBoeOCg+OCk+OCt+ODiuODouODreODvOODq+OCq+ODvOOCuuODieOCreODs+OBoeOCg+OCk+ODneOCseODg+ODiOODouODs+OCueOCv+ODvOODneOCseODouODs+ODlOOCq+ODgeODpeOCpuODl+ODrOODvOODs+OCuuapn+mWoui7iuODiOODvOODnuOCuemdtOWtkOS+m+mdtOe0s+Wjq+mdtOWppuS6uumdtOODoeODs+OCuuODrOODh+OCo+ODvOOCueOCuOODpeODi+OCouOCreODg+OCuuODmeODk+ODvOS9k+iCsumkqOOCt+ODpeODvOOCuuS4iuWxpeOBjeOCueODi+ODvOOCq+ODvOODluODvOODhOODn+ODpeODvOODq+ODoOODvOODiOODs+ODkeODs+ODl+OCueODrOOCpOODs+OCt+ODpeODvOOCuuOCueODquODg+ODkeOCueODneOCteODs+OCueODneODvOODhOOCteODs+ODgOODq+OCsOODqeODh+OCo+OCqOODvOOCv+ODvOODh+ODg+OCreOCt+ODpeODvOOCuuODkOODrOOCqOOCt+ODpeODvOOCuuOCs+ODs+ODleOCqeODvOODiOOCt+ODpeODvOOCuuODneOCpOODs+ODhuODg+ODieODiOOCpeODqeOCpuODs+ODieODiOOCpeOCueOCr+OCqOOCouODiOOCpeOCouODvOODouODs+ODieODiOOCpeODiOODrOODg+OCreODs+OCsOOCt+ODpeODvOOCuuODj+OCpOODkuODvOODq+ODk+OCuOODjeOCueOCt+ODpeODvOOCuuODreODvOOCq+ODg+ODiOODn+ODieODq+OCq+ODg+ODiOODj+OCpOOCq+ODg+ODiOWBpeW6t+OCteODs+ODgOODq+ODmOODq+OCt+ODvOOCteODs+ODgOODq+OCs+ODs+ODleOCqeODvOODiOOCteODs+ODgOODq+OAkOeerOi2s+ODrOODouODs+ODkeOCpOOAkVMtQ0hFRVRBSCDjgqjjgrnjg4Hjg7zjgr/jg7wg44Kt44OD44K6IOOCueODi+ODvOOCq+ODvCBMRUMtMzQ3IOWls+OBruWtkCBbTEVDMzQ3MF3jgJDjgrPjg7Pjg5Pjg4vlj5flj5blr77lv5zllYblk4HjgJE=,6IKJ55CD44KS5qih44GX44Gf5pyA6Lu96YeP44Gu44K944O844Or4pmq44CC44CQ556s6Laz44Os44Oi44Oz44OR44Kk44CRUy1DSEVFVEFIIOOCqOOCueODgeODvOOCv+ODvCDjgq3jg4Pjgrog44K544OL44O844Kr44O8IExFQy0zNDcg5aWz44Gu5a2QIFtMRUMzNDcwXeOAkOOCs+ODs+ODk+ODi+WPl+WPluWvvuW/nOWVhuWTgeOAkQ==[rn]
14-157804,aHR0cDovL3RzaG9wLnIxMHMuanAvdGFpZ2FyLTEvY2FiaW5ldC9pbWdyYzAwNjk5MTY0MzIuanBnP2ZpdGluPTcwMDo3MDA=,MjQ0NC44MDAw,,44Kt44OD44K644O744OZ44OT44O844O744Oe44K/44OL44OG44KjID4g44Kt44OD44K6ID4g6Z20ID4g44K544OL44O844Kr44O8,44CQTW9vbnN0YXIvTU9PTlNUQVLjgJHjgJDvvJPvvKXjgJHjgrjjg6Xjg4vjgqIg44Kt44OD44K6ICDjgrnjg4vjg7zjgqvjg7wg55S344Gu5a2QIOODmeODq+OCr+ODrSDjg5Djg43jga7jg4Hjgqvjg6kgU1MgSjcxMuOAkOODkOODjeWPsuS4iuacgOi7vemHj+ioreioiOOAkQ==,44CQ5pyA6YCf5pyA5paw44Oi44OH44Or77yB44Kk44OK44K644Oe44K544OX44Oq44Oz44K/44O844CR44OR44Ov44O844OQ44ON44K544OL44O844Kr44O8,TW9vbnN0YXIg44Og44O844Oz44K544K/44O8PGJyPgrjgIzjg6Djg7zjg7Pjgrnjgr/jg7zjgrnjg7zjg5Hjg7zjgrnjgr/jg7zjgI3jga7jg5zjg7zjgqTjgrrlkJHjgZHjgrjjg6Xjg4vjgqLjgrfjg6Xjg7zjgrrjgII8YnI+CuWkp+S6uuawl+OAjOODkOODjeOBruODgeOCq+ODqeOAguOAjeOBruOAgeeosuWmu+OCkuODouODgeODvOODleOBq+OBl+OBn+OAjOOCpOODiuOCuuODnuOCueODl+ODquODs+OCv+ODvOOAjeOCt+ODquODvOOCuuOBp+OBmeOAguOBi+OBi+OBqOmDqOOBruihneaSg+WQuOWPjuaAp+OBq+WEquOCjOOBn+OAjOOCpOODiuOCuuODnuODnOODvOODq+OAjSjooZ3mkoPlkLjlj47lipvntIQxMSVVUOKAu+W9k+ekvuavlCnjgYzotrPohbDjgbjjga7osqDmi4XjgajjgarjgovooZ3mkoPjgpLlkLjlj47jgZfjgb7jgZnvvIHluYXluoPotrPjgavlkIjjgYblsaXjgY3lv4PlnLDjgpLlrp/nj77jgZfjgZ/jgqbjgqPjgrozReODouODh+ODq+OBp+OAgeOCt+ODs+ODl+ODq+OBquODkeOCv+ODvOODs+OBqOOCq+ODqeODvOODquODs+OCsOOCguODneOCpOODs+ODiOOBp+OBmeOAgumdtOW6leOBq+OBr+aRqeOCiua4m+OCiuOBjOWwkeOBquOBj+mrmOOBhOiAkOS5heaAp+OCkueZuuaPruOBmeOCi+OAjOiAkOaRqeiAl+OCveODvOODq+OAjeOCkuaOoeeUqOOAguOCpOODs+OCveODvOODq+OBr+WPluOCiuWHuuOBl+OBpua0l+OBiOOCi+OBruOBp+OBhOOBpOOCgua4hea9lOOBq+S/neOBpOOBk+OBqOOBjOOBp+OBjeOBvuOBmeOAgjxicj4K4pag5ZWG5ZOB6Kmz57SwPGJyPgrilqDjg5bjg6njg7Pjg4k8YnI+CuODoOODvOODs+OCueOCv+ODvDxicj4K4pag5ZWG5ZOB5ZCNL+WTgeeVqjxicj4KU1MgSjcxMjxicj4K4pag44Kr44Op44O8PGJyPgrimIbjg5bjg6njg4Pjgq88YnI+CuKWoOe0oOadkDxicj4K44CK44Ki44OD44OR44O844CL5ZCI57mKL+WQiOearjxicj4K44CK44Ki44Km44OI44K944O844Or44CL5Zyn57iuRVZBL+WQiOaIkOOCtOODoDxicj4K4pag44Ov44Kk44K6KOaoquW5hSk8YnI+CjNFKEVFRSnnm7jlvZM8YnI+CuKWoOmdtOOBruips+e0sCjjgrXjgqTjgrrmjqHlr7gpPGJyPgrjgIrjg5Ljg7zjg6vpq5jjgIvmjqXlnLDpnaLjgojjgorntITvvJPvvI7vvJBjbTxicj4K44CK6YeN6YeP44CL54mH6Laz57SEMTk1Zy8yMS4wY23jgrXjgqTjgrrmjqHlr7g8YnI+,44CQTW9vbnN0YXIvTU9PTlNUQVLjgJHjgJDvvJPvvKXjgJHjgrjjg6Xjg4vjgqIg44Kt44OD44K6ICDjgrnjg4vjg7zjgqvjg7wg55S344Gu5a2QIOODmeODq+OCr+ODrSDjg5Djg43jga7jg4Hjgqvjg6kgU1MgSjcxMuOAkOODkOODjeWPsuS4iuacgOi7vemHj+ioreioiOOAke+8muOCt+ODpeODvOOCuuOCt+ODp+ODg+ODl+OCv+OCpOOCrOODvA==,44K544Kx44OD44OB44Oj44O844K6U0tFQ0hFUlPjg4rjgqTjgq1OSUtF44Ki44OH44Kj44OA44K5YWRpZGFz44Km44Kj44Oz44OW44Or44OJ44OzV0lNQkxFRE9O44Kz44Oz44OQ44O844K5Q09OVkVSU0VQVU1B44OX44O844OeQWNoaWxsZXPjgqLjgq3jg6zjgrluZXcgYmFsYW5jZeODi+ODpeODvOODkOODs+ODqeODs+OCuVNQQUxESU5H44K544Od44Or44OH44Kj44Oz44KwRFVOTE9Q44OA44Oz44Ot44OD44OXREMgU0hPRVNEQ+OCt+ODpeODvOOCukstU1dJU1PjgrHjg7zjgrnjgqTjgrlQQVJLIEFWRU5VReODkeODvOOCr+OCouODmeODi+ODpeODvEFkbWlyYWzjgqLjg4njg5/jg6njg6tSZWVib2vjg6rjg7zjg5zjg4Pjgq9CZW5ldHRvbuODmeODjeODiOODs1JlZ2V0QeODquOCsuODg+OCv01vb25zdGFy44Og44O844Oz44K544K/44O85pyI5pif44OG44OL44K544K144OD44Kr44O844OA44Oz44K555m9556s6Laz44OR44O844OG44Kj44O85LuL6K235bmF5bqDMkUzRTRFNUXjg5Xjg6rjg7PjgrjpmLLmsLTmkqXmsLTliqDlt6XljprlupXnvo7ohJrlirnmnpzjgqrjg7zjg6vjgrnjgr/jg7zjgqTjgr/jg6rjgqLjg7Pjgr3jg7zjg6vjgq/jg6zjg7zjg5fjgr3jg7zjg6tHT1JFLVRFWOOCtOOCouODhuODg+OCr+OCueOCteOCpOODieOCtOOCouaXpeacrOijveS7rumdouODqeOCpOODgOODvOOCouODs+ODkeODs+ODnuODs+ODl+ODquOCreODpeOCouODj+ODreODvOOCreODhuOCo+ODnuOCpOODoeODreODh+OCo+OCt+ODpeOCrOODvOODkOODi+ODvOOCuuODn+ODg+OCreODvOODnuOCpuOCueODh+OCo+OCuuODi+ODvOODieODqeOBiOOCguOCk+ODieODqeODn+OBoeOCg+OCk+OCt+ODiuODouODreODvOODq+OCq+ODvOOCuuODieOCreODs+OBoeOCg+OCk+ODneOCseODg+ODiOODouODs+OCueOCv+ODvOODneOCseODouODs+ODlOOCq+ODgeODpeOCpuODl+ODrOODvOODs+OCuuapn+mWoui7iuODiOODvOODnuOCuemdtOWtkOS+m+mdtOe0s+Wjq+mdtOWppuS6uumdtOODoeODs+OCuuODrOODh+OCo+ODvOOCueOCuOODpeODi+OCouOCreODg+OCuuODmeODk+ODvOS9k+iCsumkqOOCt+ODpeODvOOCuuS4iuWxpeOBjeOCueODi+ODvOOCq+ODvOODluODvOODhOODn+ODpeODvOODq+ODoOODvOODiOODs+ODkeODs+ODl+OCueODrOOCpOODs+OCt+ODpeODvOOCuuOCueODquODg+ODkeOCueODneOCteODs+OCueODneODvOODhOOCteODs+ODgOODq+OCsOODqeODh+OCo+OCqOODvOOCv+ODvOODh+ODg+OCreOCt+ODpeODvOOCuuODkOODrOOCqOOCt+ODpeODvOOCuuOCs+ODs+ODleOCqeODvOODiOOCt+ODpeODvOOCuuODneOCpOODs+ODhuODg+ODieODiOOCpeODqeOCpuODs+ODieODiOOCpeOCueOCr+OCqOOCouODiOOCpeOCouODvOODouODs+ODieODiOOCpeODiOODrOODg+OCreODs+OCsOOCt+ODpeODvOOCuuODj+OCpOODkuODvOODq+ODk+OCuOODjeOCueOCt+ODpeODvOOCuuODreODvOOCq+ODg+ODiOODn+ODieODq+OCq+ODg+ODiOODj+OCpOOCq+ODg+ODiOWBpeW6t+OCteODs+ODgOODq+ODmOODq+OCt+ODvOOCteODs+ODgOODq+OCs+ODs+ODleOCqeODvOODiOOCteODs+ODgOODq+OAkE1vb25zdGFyL01PT05TVEFS44CR44CQ77yT77yl44CR44K444Ol44OL44KiIOOCreODg+OCuiAg44K544OL44O844Kr44O8IOeUt+OBruWtkCDjg5njg6vjgq/jg60g44OQ44ON44Gu44OB44Kr44OpIFNTIEo3MTLjgJDjg5Djg43lj7LkuIrmnIDou73ph4/oqK3oqIjjgJE=,44CQ5pyA6YCf5pyA5paw44Oi44OH44Or77yB44Kk44OK44K644Oe44K544OX44Oq44Oz44K/44O844CR44OR44Ov44O844OQ44ON44K544OL44O844Kr44O844CC44CQTW9vbnN0YXIvTU9PTlNUQVLjgJHjgJDvvJPvvKXjgJHjgrjjg6Xjg4vjgqIg44Kt44OD44K6ICDjgrnjg4vjg7zjgqvjg7wg55S344Gu5a2QIOODmeODq+OCr+ODrSDjg5Djg43jga7jg4Hjgqvjg6kgU1MgSjcxMuOAkOODkOODjeWPsuS4iuacgOi7vemHj+ioreioiOOAkQ==[rn]
14-157805,aHR0cDovL3RzaG9wLnIxMHMuanAvdGFpZ2FyLTEvY2FiaW5ldC9pbWdyYzAwNjk5MzgzMTkuanBnP2ZpdGluPTcwMDo3MDA=,MjQ0NC44MDAw,,44Kt44OD44K644O744OZ44OT44O844O744Oe44K/44OL44OG44KjID4g44Kt44OD44K6ID4g6Z20ID4g44K544OL44O844Kr44O8,44CQTW9vbnN0YXIvTU9PTlNUQVLjgJHjgJAyReOAkeOCuOODpeODi+OCoiDjgq3jg4PjgrogIOOCueODi+ODvOOCq+ODvCDlpbPjga7lrZAg44OZ44Or44Kv44OtIOODkOODjeOBruODgeOCq+ODqSBTUyBKNjk4,5Lq65rCX44K344Oq44O844K644CM44OQ44ON44Gu44OB44Kr44Op44CC44CN44Gu44CM44OY44OT44Ot44OG44Kz44Os44Kv44K344On44Oz44CN,TW9vbnN0YXIg44Og44O844Oz44K544K/44O8PGJyPgrjgIzjg6Djg7zjg7Pjgrnjgr/jg7zjgrnjg7zjg5Hjg7zjgrnjgr/jg7zjgI3jga7jg5zjg7zjgqTjgrrlkJHjgZHjgrjjg6Xjg4vjgqLjgrfjg6Xjg7zjgrrjgII8YnI+CuS6uuawl+OCt+ODquODvOOCuuOAjOODkOODjeOBruODgeOCq+ODqeOAguOAjeOBruOAjOODmOODk+ODreODhuOCs+ODrOOCr+OCt+ODp+ODs+OAjeOBp+OBmeOAgua0i+acjeOBq+OCguWQiOOCj+OBm+OChOOBmeOBhOOCq+ODqeODvOODquODs+OCsOOBp+OAgemAmuWckuOAgemAmuWtpuOBi+OCieaZruauteWxpeOBjeOBvuOBp+ODmOODk+ODvOODreODvOODhuODvOOCt+ODp+ODs+OBp+WxpeOBhOOBpuOBhOOBn+OBoOOBkeOBvuOBmeOAguOCouODg+ODkeODvOOBr+axmuOCjOOBq+OCguW8t+OBhOOCquODvOODq+WQiOaIkOearumdqee0oOadkOOBp+OAgemdtOW6leOBq+OBr+aRqeOCiua4m+OCiuOBjOWwkeOBquOBj+mrmOOBhOiAkOS5heaAp+OCkueZuuaPruOBmeOCi+OAjOiAkOaRqeiAl+OCveODvOODq+OAjeOCkuaOoeeUqOOAguOCpOODs+OCveODvOODq+OBr+WPluOCiuWHuuOBl+OBpua0l+OBiOOCi+OBruOBp+OBhOOBpOOCgua4hea9lOOBq+S/neOBpOOBk+OBqOOBjOOBp+OBjeOBvuOBmeOAgjxicj4K4pag5ZWG5ZOB6Kmz57SwPGJyPgrilqDjg5bjg6njg7Pjg4k8YnI+CuODoOODvOODs+OCueOCv+ODvDxicj4K4pag5ZWG5ZOB5ZCNL+WTgeeVqjxicj4KU1MgSjY5ODxicj4K4pag44Kr44Op44O8PGJyPgrimIbjg5bjg6njg4Pjgq/jgIDimIbjg5vjg6/jgqTjg4jjgIDimIbjg5DjgqTjgqrjg6zjg4Pjg4g8YnI+CuKWoOe0oOadkDxicj4K44CK44Ki44OD44OR44O844CL5ZCI55quPGJyPgrjgIrjgqLjgqbjg4jjgr3jg7zjg6vjgIvlnKfnuK5FVkEv5ZCI5oiQ44K044OgPGJyPgrilqDjg6/jgqTjgroo5qiq5bmFKTxicj4KMkUoRUUp55u45b2TPGJyPgrilqDpnbTjga7oqbPntLAo44K144Kk44K65o6h5a+4KTxicj4K44CK44OS44O844Or6auY44CL5o6l5Zyw6Z2i44KI44KK57SEMi41Y208YnI+CuOAiumHjemHj+OAi+eJh+i2s+e0hDE4NWcvMjEuMGNt44K144Kk44K65o6h5a+4PGJyPg==,44CQTW9vbnN0YXIvTU9PTlNUQVLjgJHjgJAyReOAkeOCuOODpeODi+OCoiDjgq3jg4PjgrogIOOCueODi+ODvOOCq+ODvCDlpbPjga7lrZAg44OZ44Or44Kv44OtIOODkOODjeOBruODgeOCq+ODqSBTUyBKNjk477ya44K344Ol44O844K644K344On44OD44OX44K/44Kk44Ks44O8,44K544Kx44OD44OB44Oj44O844K6U0tFQ0hFUlPjg4rjgqTjgq1OSUtF44Ki44OH44Kj44OA44K5YWRpZGFz44Km44Kj44Oz44OW44Or44OJ44OzV0lNQkxFRE9O44Kz44Oz44OQ44O844K5Q09OVkVSU0VQVU1B44OX44O844OeQWNoaWxsZXPjgqLjgq3jg6zjgrluZXcgYmFsYW5jZeODi+ODpeODvOODkOODs+ODqeODs+OCuVNQQUxESU5H44K544Od44Or44OH44Kj44Oz44KwRFVOTE9Q44OA44Oz44Ot44OD44OXREMgU0hPRVNEQ+OCt+ODpeODvOOCukstU1dJU1PjgrHjg7zjgrnjgqTjgrlQQVJLIEFWRU5VReODkeODvOOCr+OCouODmeODi+ODpeODvEFkbWlyYWzjgqLjg4njg5/jg6njg6tSZWVib2vjg6rjg7zjg5zjg4Pjgq9CZW5ldHRvbuODmeODjeODiOODs1JlZ2V0QeODquOCsuODg+OCv01vb25zdGFy44Og44O844Oz44K544K/44O85pyI5pif44OG44OL44K544K144OD44Kr44O844OA44Oz44K555m9556s6Laz44OR44O844OG44Kj44O85LuL6K235bmF5bqDMkUzRTRFNUXjg5Xjg6rjg7PjgrjpmLLmsLTmkqXmsLTliqDlt6XljprlupXnvo7ohJrlirnmnpzjgqrjg7zjg6vjgrnjgr/jg7zjgqTjgr/jg6rjgqLjg7Pjgr3jg7zjg6vjgq/jg6zjg7zjg5fjgr3jg7zjg6tHT1JFLVRFWOOCtOOCouODhuODg+OCr+OCueOCteOCpOODieOCtOOCouaXpeacrOijveS7rumdouODqeOCpOODgOODvOOCouODs+ODkeODs+ODnuODs+ODl+ODquOCreODpeOCouODj+ODreODvOOCreODhuOCo+ODnuOCpOODoeODreODh+OCo+OCt+ODpeOCrOODvOODkOODi+ODvOOCuuODn+ODg+OCreODvOODnuOCpuOCueODh+OCo+OCuuODi+ODvOODieODqeOBiOOCguOCk+ODieODqeODn+OBoeOCg+OCk+OCt+ODiuODouODreODvOODq+OCq+ODvOOCuuODieOCreODs+OBoeOCg+OCk+ODneOCseODg+ODiOODouODs+OCueOCv+ODvOODneOCseODouODs+ODlOOCq+ODgeODpeOCpuODl+ODrOODvOODs+OCuuapn+mWoui7iuODiOODvOODnuOCuemdtOWtkOS+m+mdtOe0s+Wjq+mdtOWppuS6uumdtOODoeODs+OCuuODrOODh+OCo+ODvOOCueOCuOODpeODi+OCouOCreODg+OCuuODmeODk+ODvOS9k+iCsumkqOOCt+ODpeODvOOCuuS4iuWxpeOBjeOCueODi+ODvOOCq+ODvOODluODvOODhOODn+ODpeODvOODq+ODoOODvOODiOODs+ODkeODs+ODl+OCueODrOOCpOODs+OCt+ODpeODvOOCuuOCueODquODg+ODkeOCueODneOCteODs+OCueODneODvOODhOOCteODs+ODgOODq+OCsOODqeODh+OCo+OCqOODvOOCv+ODvOODh+ODg+OCreOCt+ODpeODvOOCuuODkOODrOOCqOOCt+ODpeODvOOCuuOCs+ODs+ODleOCqeODvOODiOOCt+ODpeODvOOCuuODneOCpOODs+ODhuODg+ODieODiOOCpeODqeOCpuODs+ODieODiOOCpeOCueOCr+OCqOOCouODiOOCpeOCouODvOODouODs+ODieODiOOCpeODiOODrOODg+OCreODs+OCsOOCt+ODpeODvOOCuuODj+OCpOODkuODvOODq+ODk+OCuOODjeOCueOCt+ODpeODvOOCuuODreODvOOCq+ODg+ODiOODn+ODieODq+OCq+ODg+ODiOODj+OCpOOCq+ODg+ODiOWBpeW6t+OCteODs+ODgOODq+ODmOODq+OCt+ODvOOCteODs+ODgOODq+OCs+ODs+ODleOCqeODvOODiOOCteODs+ODgOODq+OAkE1vb25zdGFyL01PT05TVEFS44CR44CQMkXjgJHjgrjjg6Xjg4vjgqIg44Kt44OD44K6ICDjgrnjg4vjg7zjgqvjg7wg5aWz44Gu5a2QIOODmeODq+OCr+ODrSDjg5Djg43jga7jg4Hjgqvjg6kgU1MgSjY5OA==,5Lq65rCX44K344Oq44O844K644CM44OQ44ON44Gu44OB44Kr44Op44CC44CN44Gu44CM44OY44OT44Ot44OG44Kz44Os44Kv44K344On44Oz44CN44CC44CQTW9vbnN0YXIvTU9PTlNUQVLjgJHjgJAyReOAkeOCuOODpeODi+OCoiDjgq3jg4PjgrogIOOCueODi+ODvOOCq+ODvCDlpbPjga7lrZAg44OZ44Or44Kv44OtIOODkOODjeOBruODgeOCq+ODqSBTUyBKNjk4[rn]
14-157806,aHR0cDovL3RzaG9wLnIxMHMuanAvZWxlcGhhbnQtc3BvcnRzL2NhYmluZXQvaW1hZ2U1NS8zYzE5MC0zYzE5MS0zYzE5Mi0xLmpwZz9maXRpbj03MDA6NzAw,MzIzNy42MDAw,,44Kt44OD44K644O744OZ44OT44O844O744Oe44K/44OL44OG44KjID4g44Kt44OD44K6ID4g6Z20ID4g44K544OL44O844Kr44O8,6YCB5paZ54Sh5paZIOOCreODg+OCuiDjgrnjg4vjg7zjgqvjg7wg44Kz44Oz44OQ44O844K5IENPTlZFUlNFIENISUxEIEFMTCBTVEFSIOODgeODo+OCpOODq+ODiSDjgqrjg7zjg6vjgrnjgr/jg7wgTiBaIE9YIOODreODvOOCq+ODg+ODiCDjgrjjg4Pjg5fku5jjgY0g44Kt44Oj44Oz44OQ44K5IOWtkOS+m+mdtCDpnbQg5a2Q44Gp44KC44K544OL44O844Kr44O8IOWtkOS+m+OCt+ODpeODvOOCuiAyMDE35pil5paw5L2cIOOAkOOBguOBmealvemFjemAgeOAkQ==,44Kt44OD44K6IOOCueODi+ODvOOCq+ODvCDjgrPjg7Pjg5Djg7zjgrkgQ09OVkVSU0Ug44Kq44O844Or44K544K/44O8,Q09OVkVSU0UgQ0hJTEQgQUxMIFNUQVIgTiBaIE9YPGJyPgrjgrPjg7Pjg5Djg7zjgrkg44OB44Oj44Kk44Or44OJ44Kq44O844Or44K544K/44O8IE4gWiDjg63jgqbjgqvjg4Pjg4gg44Kt44OD44K644O744K444Ol44OL44Ki44O75a2Q44Gp44KC44O755S344Gu5a2Q44O75aWz44Gu5a2QPGJyPgozQ0s1NTAgM0NLNTUxIDNDSzU1MiAzQ0s1NTM8YnI+Cjxicj4K5oyB44Gh5omL44Gu5aSn44GN44GE44OV44Kh44K544OK44O844Gr44CB44Gk44G+44G/44KE44GZ44GE5bqD44KB44Gu6Li144OG44O844OX44Gn6ISx44GO5bGl44GN44GX44KE44GZ44GE5LuV5qeY44Go44Gq44Gj44Gm44GE44KL44CCPGJyPgrjgZfjgarjgoTjgYvjgarjg6njg5Djg7zjgavjgIHouLXpg6jliIbjgavjga/jg5zjg7zjg4njgpLlhoXolLXjgZfjgIHotrPjga7mm7LjgYzjgovkvY3nva7jgafjgZfjgaPjgYvjgorlsYjmm7LjgZnjgovjgr3jg7zjg6voqK3oqIjjgafjgIE8YnI+CuOCq+ODg+ODl+OCpOODs+OCveODvOODq+OBq+OBr+OCteOCpOOCuuWkieabtOOBruebruWuieOBjOWIhuOBi+OCi+ODleOCo+ODg+ODhuOCo+ODs+OCsOODgeOCp+ODg+OCq+ODvOS7mOOBjeOAgjxicj4K5b6F5pyb44Gu44Kq44OX44OG44Kj44Kr44Or44Ob44Ov44Kk44OI44GM55m75aC044CCPGJyPgrlrabmoKHjgIHlubznqJrlnJLjgIHpgJrlrabjgIHpgJrlnJLjgIHmma7mrrXjga7jgqrjgrfjg6Pjg6znlKjjgrnjg4vjg7zjgqvjg7zjgoTjgIHmlrDlrabmnJ/jga7otIjjgorjgoLjga7jgavjgoLjgqrjgrnjgrnjg6HjgafjgZnjgII8YnI+CuODm+ODr+OCpOODiCDnmb0g44OW44Op44OD44KvIOm7kiDjg6zjg4Pjg4kg6LWkCjxicj48YnI+PGlmcmFtZSDjgIDjgIDjgIDjgIDjgIDjgIDjgIDjgIDjgIDjgIDjgIDjgIDjgIDjgIDjgIDjgIDjgIDjgIAgc3JjPSJodHRwOi8vd3d3LnJha3V0ZW4ubmUuanAvZ29sZC9lbGVwaGFudC1zcG9ydHMvc3AvZXNzcC5odG0iIHdpZHRoPSIxMDAlIiBoZWlnaHQ9IjEwNDAiIGZyYW1lYm9yZGVyPSIwIiBzY3JvbGxpbmc9Im5vIj48L2lmcmFtZSDjgIDjgIDjgIDjgIDjgIDjgIDjgIDjgIDjgIDjgIDjgIDjgIDjgIDjgIDjgIDjgIDjgIDjgIAgPg==,6YCB5paZ54Sh5paZIOOCreODg+OCuiDjgrnjg4vjg7zjgqvjg7wg44Kz44Oz44OQ44O844K5IENPTlZFUlNFIENISUxEIEFMTCBTVEFSIOODgeODo+OCpOODq+ODiSDjgqrjg7zjg6vjgrnjgr/jg7wgTiBaIE9YIOODreODvOOCq+ODg+ODiCDjgrjjg4Pjg5fku5jjgY0g44Kt44Oj44Oz44OQ44K5IOWtkOS+m+mdtCDpnbQg5a2Q44Gp44KC44K544OL44O844Kr44O8IOWtkOS+m+OCt+ODpeODvOOCuiAyMDE35pil5paw5L2cIOOAkOOBguOBmealvemFjemAgeOAke+8muOCqOODrOODleOCoeODs+ODiO+8s++8sO+8r++8su+8tO+8sw==,44Ko44Os44K544Od44Ko44Os44OV44Kh44Oz44OI44K544Od44O844OE44Kz44Oz44OQ44O844K544OK44Kk44Kt44OX44O844Oe44Ki44OH44Kj44OA44K544K444Oj44O844K444OO44O844K544OV44Kn44Kk44K544Ko44OK44Oh44Or44OQ44OD44Kw44K544OL44O844Kr44O844OW44O844OE44Op44Oz44OL44Oz44Kw44K344Ol44O844K6YWRpZGFzTklLReODl+ODvOODnuOCuOODo+ODvOOCuOOCueODneODvOODhFNOT1dCT0FSROOCueODjuODvOODnOODvOODieOCs+ODreODs+ODk+OCouOCr+ODreODg+OCsOmAgeaWmeeEoeaWmSDjgq3jg4Pjgrog44K544OL44O844Kr44O8IOOCs+ODs+ODkOODvOOCuSBDT05WRVJTRSBDSElMRCBBTEwgU1RBUiDjg4Hjg6PjgqTjg6vjg4kg44Kq44O844Or44K544K/44O8IE4gWiBPWCDjg63jg7zjgqvjg4Pjg4gg44K444OD44OX5LuY44GNIOOCreODo+ODs+ODkOOCuSDlrZDkvpvpnbQg6Z20IOWtkOOBqeOCguOCueODi+ODvOOCq+ODvCDlrZDkvpvjgrfjg6Xjg7zjgrogMjAxN+aYpeaWsOS9nCDjgJDjgYLjgZnmpb3phY3pgIHjgJE=,44Kt44OD44K6IOOCueODi+ODvOOCq+ODvCDjgrPjg7Pjg5Djg7zjgrkgQ09OVkVSU0Ug44Kq44O844Or44K544K/44O844CC6YCB5paZ54Sh5paZIOOCreODg+OCuiDjgrnjg4vjg7zjgqvjg7wg44Kz44Oz44OQ44O844K5IENPTlZFUlNFIENISUxEIEFMTCBTVEFSIOODgeODo+OCpOODq+ODiSDjgqrjg7zjg6vjgrnjgr/jg7wgTiBaIE9YIOODreODvOOCq+ODg+ODiCDjgrjjg4Pjg5fku5jjgY0g44Kt44Oj44Oz44OQ44K5IOWtkOS+m+mdtCDpnbQg5a2Q44Gp44KC44K544OL44O844Kr44O8IOWtkOS+m+OCt+ODpeODvOOCuiAyMDE35pil5paw5L2cIOOAkOOBguOBmealvemFjemAgeOAkQ==[rn]
14-157807,aHR0cDovL3RzaG9wLnIxMHMuanAvb2Mtc3R5bGUvY2FiaW5ldC8xNDAvMTQwNjEwMjMzLmpwZz9maXRpbj03MDA6NzAw,MTcyMC4wMDAw,,44Kt44OD44K644O744OZ44OT44O844O744Oe44K/44OL44OG44KjID4g44Kt44OD44K6ID4g6Z20ID4g44K544OL44O844Kr44O8,REMgU0hPRVMv44OH44Kj44O844K344O8IOOCreODg+OCuiDjgrnjg4vjg7zjgqvjg7wgREsxNjEwMDMg44K344Ol44O844K6IOOBj+OBpCDpnbQg6buSIOODluODqeODg+OCryDnlLfjga7lrZDnlKgg5a2Q5L6b55SoIOOBk+OBqeOCgueUqCDkurrmsJcg44OW44Op44Oz44OJIOOBiuOBl+OCg+OCjCBC57O7,WzIwMTblubTjg6Ljg4fjg6tdNTDvvIVPRkbvvIHlhagy6Imy,PGltZyDjgIDjgIDjgIDjgIDjgIDjgIDjgIDjgIDjgIDjgIDjgIAgc3JjPSJodHRwOi8vaW1hZ2UucmFrdXRlbi5jby5qcC9vYy1zdHlsZS9jYWJpbmV0LzE0MC8xNmRjX2ltZy5qcGciIHdpZHRoPSIxMDAlIj48YnI+PGltZyDjgIDjgIDjgIDjgIDjgIDjgIDjgIDjgIDjgIDjgIDjgIAgc3JjPSJodHRwOi8vaW1hZ2UucmFrdXRlbi5jby5qcC9vYy1zdHlsZS9jYWJpbmV0LzE0MC8xNDA2MTAyMzMuanBnIiB3aWR0aD0iMTAwJSI+PGJyPjxpbWcg44CA44CA44CA44CA44CA44CA44CA44CA44CA44CA44CAIHNyYz0iaHR0cDovL2ltYWdlLnJha3V0ZW4uY28uanAvb2Mtc3R5bGUvY2FiaW5ldC8xNDAvMTQwNjEwMjMzXzEuanBnIiB3aWR0aD0iMTAwJSI+PGJyPjxpbWcg44CA44CA44CA44CA44CA44CA44CA44CA44CA44CA44CAIHNyYz0iaHR0cDovL2ltYWdlLnJha3V0ZW4uY28uanAvb2Mtc3R5bGUvY2FiaW5ldC8xNDAvMTQwNjEwMjMzXzIuanBnIiB3aWR0aD0iMTAwJSI+PGJyPjxpbWcg44CA44CA44CA44CA44CA44CA44CA44CA44CA44CA44CAIHNyYz0iaHR0cDovL2ltYWdlLnJha3V0ZW4uY28uanAvb2Mtc3R5bGUvY2FiaW5ldC8xNDAvMTQwNjEwMjMzXzMuanBnIiB3aWR0aD0iMTAwJSI+PGJyPjxpbWcg44CA44CA44CA44CA44CA44CA44CA44CA44CA44CA44CAIHNyYz0iaHR0cDovL2ltYWdlLnJha3V0ZW4uY28uanAvb2Mtc3R5bGUvY2FiaW5ldC8xNDAvMTQwNjEwMjMzXzQuanBnIiB3aWR0aD0iMTAwJSI+PGJyPjxicj48VGFibGUgQm9yZGVyQ29sb3I9IiM3ZGMyMWMiIHdpZHRoPSIxMDAlIiBjZWxscGFkZGluZz0iNSIgY2VsbHNwYWNpbmc9IjAiIGJvcmRlcj0iMSI+PFRyPjxUaCBCZ0NvbG9yPSIjN2RjMjFjIiBhbGlnbj0ibGVmdCI+PGZvbnQgY29sb3I9IndoaXRlIj48Yj7il4bntKDmnZDjg7vku5Xmp5jil4Y8L2I+PC9mb250PjwvVGg+PC9Ucj48VHI+PFRkPjIwMTblubTjg6Ljg4fjg6sgREMv44OH44Kj44O844K344O8IOOCuOODpeODi+OCoiDjgrfjg6Xjg7zjgrogS3MgVFJBU0UgVFggIERLMTYxMDAzPGJyPkRD44Gu5paw44Gf44Gq5a6a55Wq44K344Ol44O844K644GMS0lEU+OBq+eZu+WgtDxicj5Td2l0Y2jjgajlkIzjgZjmioDooZPjgpLmjqHnlKjjgZfjgZ/jgqLjgqTjg4bjg6A8YnI+44GZ44Gj44GN44KK44Go44GX44Gf44K344Or44Ko44OD44OI44Gr44K544OI44Op44Kk44OX44GM5pig44GI44KL44OH44K244Kk44OzPGJyPuODl+ODrOODn+OCouODoOODu+ODhuOCreOCueOCv+OCpOODq+OCkuS9v+eUqOOBl+OBn+OCouODg+ODkeODvCDlsaXjgY3lj6Pjgavjg5Xjgqnjg7zjg6Djg5Hjg4Pjg4njgpLkvb/nlKg8YnI+Ni41RVZB44Kk44Oz44K944O844OrIOW/q+mBqeOBleOBqOiAkOS5heaAp+OCkui/veaxguOBl+OBn+ODh+OCtuOCpOODszxicj48L1RkPjwvVHI+PC9UYWJsZT48YnI+PGJyPuKGkyBEQyBTSE9XUyDjgqLjgqTjg4bjg6DkuIDopqfjga/jgrPjg4Hjg6njgpLjgq/jg6rjg4Pjgq8g4oaTCjxicj4KPGltZyBzcmM9Imh0dHA6Ly93d3cucmFrdXRlbi5uZS5qcC9nb2xkL29jLXN0eWxlL3NwL2ltZy90b3BfYl9kYy5qcGciIHdpZHRoPSIxMDAlIj48Zm9udCBzaXplPSIxIj5EQ+OCouODkeODrOODq+OCouOCpOODhuODoOOBr+OBk+OBoeOCiTwvZm9udD4KPGZvbnQgc2l6ZT0iMSI+REPjg57jg6rjg7PjgqLjgqTjg4bjg6Djga/jgZPjgaHjgok8L2ZvbnQ+,REMgU0hPRVMv44OH44Kj44O844K344O8IOOCreODg+OCuiDjgrnjg4vjg7zjgqvjg7wgREsxNjEwMDMg44K344Ol44O844K6IOOBj+OBpCDpnbQg6buSIOODluODqeODg+OCryDnlLfjga7lrZDnlKgg5a2Q5L6b55SoIOOBk+OBqeOCgueUqCDkurrmsJcg44OW44Op44Oz44OJIOOBiuOBl+OCg+OCjCBC57O777ya44K544Od44O844OE77yG44K544OO44O844Oc44O844OJ44GuT0NTVFlMRQ==,44K544OO44O844Oc44O844OJ44Km44Kn44Ki44Op44OD44K344Ol44Ks44O844OJ44K544OO44Oc44Km44Kn44Ki44K544OO44O844Oc44O844OJ44Km44Kn44Ki44CA5r+A5a6J44K544OO44O844Oc44O844OJ44Km44Kn44Ki44CA6YCa6LKp44K544OO44O844Oc44O844OJ44Km44Kn44Ki44CA44Oh44Oz44K644K544OO44O844Oc44O844OJ44Km44Kn44Ki44CA44Os44OH44Kj44O844K544K544OO44O844Oc44O844OJ44Km44Kn44Ki44CA44Kt44OD44K644K544OO44O844Oc44O844OJ44Km44Kn44Ki44CA5LiK5LiL44K744OD44OI5rC0552A44OT44Kt44OL44K544OO44Oc44Km44Kn44Ki44K544OO44O844Oc44O844OJVVbjgrHjgqJST1hZVk9MQ09NUVVJS1NJTFZFUkRDIFNIT0VTL+ODh+OCo+ODvOOCt+ODvCDjgq3jg4Pjgrog44K544OL44O844Kr44O8IERLMTYxMDAzIOOCt+ODpeODvOOCuiDjgY/jgaQg6Z20IOm7kiDjg5bjg6njg4Pjgq8g55S344Gu5a2Q55SoIOWtkOS+m+eUqCDjgZPjganjgoLnlKgg5Lq65rCXIOODluODqeODs+ODiSDjgYrjgZfjgoPjgowgQuezuw==,WzIwMTblubTjg6Ljg4fjg6tdNTDvvIVPRkbvvIHlhagy6ImyIOOAgkRDIFNIT0VTL+ODh+OCo+ODvOOCt+ODvCDjgq3jg4Pjgrog44K544OL44O844Kr44O8IERLMTYxMDAzIOOCt+ODpeODvOOCuiDjgY/jgaQg6Z20IOm7kiDjg5bjg6njg4Pjgq8g55S344Gu5a2Q55SoIOWtkOS+m+eUqCDjgZPjganjgoLnlKgg5Lq65rCXIOODluODqeODs+ODiSDjgYrjgZfjgoPjgowgQuezuw==[rn]
14-157808,aHR0cDovL3RzaG9wLnIxMHMuanAvcC1vbmUvY2FiaW5ldC8wMDc4NzI4OS9kazE3MTAwMy1yZWQtMS5qcGc/Zml0aW49NzAwOjcwMA==,NDI0MC4wMDAw,,44Kt44OD44K644O744OZ44OT44O844O744Oe44K/44OL44OG44KjID4g44Kt44OD44K6ID4g6Z20ID4g44K544OL44O844Kr44O8,44CQMThjbS4gMTljbS4gMjBjbS4gMjNjbS7jgJHjgJDpgIHmlpnnhKHmlpkhIeOAkURDIFNIT0VTIOODh+OCo+ODvOOCt+ODvCBIRUFUSFJPV+OCreODg+OCuiDjgrnjg4vjg7zjgqvjg7wg5a2Q5L6b6Z20IOOCueODiOODquODvOODiOOAkOWFpeWckuWFpeWtpua6luWCmeWTgeOAkQ==,44CQTmV3ISEh44Od44Kk44Oz44OI77yS5YCNIeOAkQ==,PGltZyBzcmM9Imh0dHA6Ly9pbWFnZS5yYWt1dGVuLmNvLmpwL3Atb25lL2NhYmluZXQvMDA3ODcyODkvZGsxNzEwMDMtcmVkLTEuanBnIiB3aWR0aD0iMTAwJSIgYWx0PSIiIGJvcmRlcj0iMCIgLz48YnI+CjxCUj4KPGltZyBzcmM9Imh0dHA6Ly9pbWFnZS5yYWt1dGVuLmNvLmpwL3Atb25lL2NhYmluZXQvMDA3ODcyODkvZGsxNzEwMDMtcmVkLTIuanBnIiB3aWR0aD0iMTAwJSIgYWx0PSIiIGJvcmRlcj0iMCIgLz48YnI+Cjxicj4KPHRhYmxlIHdpZHRoPSIxMDAlIiBib3JkZXI9IjAiIGNlbGxzcGFjaW5nPSIwIiBjZWxscGFkZGluZz0iMCI+CiAgPHRyPgogIDx0ZD4KICA8dGFibGUgd2lkdGg9IjEwMCUiIGJvcmRlcj0iMCIgY2VsbHNwYWNpbmc9IjEiIGNlbGxwYWRkaW5nPSI1IiBiZ2NvbG9yPSIjQ0NDQ0NDIj4KICA8dHI+CiAgICA8dGQgd2lkdGg9IjE1JSIgYWxpZ249ImNlbnRlciIgYmdjb2xvcj0iIzY2NjY2NiI+PGZvbnQgc2l6ZT0iMSIgY29sb3I9IiNGRkZGRkYiPue0oOadkDwvZm9udD48L3RkPgogICAgPHRkIGJnY29sb3I9IiNGRkZGRkYiPjxmb250IHNpemU9IjEiPueUsuadkDrlkIjmiJDnuYrntq0g5bqV5p2QOuWQiOaIkOaoueiEgjwvZm9udD48L3RkPgogIDwvdHI+Cjx0cj4KICAgIDx0ZCB3aWR0aD0iMTUlIiBhbGlnbj0iY2VudGVyIiBiZ2NvbG9yPSIjNjY2NjY2Ij48Zm9udCBzaXplPSIxIiBjb2xvcj0iI0ZGRkZGRiI+44Kz44Oh44Oz44OIPC9mb250PjwvdGQ+CiAgICA8dGQgYmdjb2xvcj0iI0ZGRkZGRiI+PGZvbnQgc2l6ZT0iMSI+44Ki44OD44OR44O844Gr44Oh44OD44K344Ol57Sg5p2Q44KS5L2/55So44GX44Gf44K544Od44O844OG44Kj44Gq44Or44OD44Kv44K544GM6a2F5Yqb44Gu44K544OL44O844Kr44O844Gn44GZ44CC44GV44KK44GS44Gq44GP44Ki44Kv44K744Oz44OI44KS5Yq544GL44Gb44Gm44GE44KL44OW44Op44Oz44OJ44Ot44K044Gn44CB44Kr44K444Ol44Ki44Or44K544K/44Kk44Or44Gr44G044Gj44Gf44KK44Gq44OH44K244Kk44Oz44Gr5LuV5LiK44GS44G+44GX44Gf44CC5ZCI44KP44Gb44KL5rSL5pyN44KS6YG444Gw44Gq44GE44Gu44KC44GG44KM44GX44GE44Od44Kk44Oz44OI44Gn44GZ44CCPC9mb250PjwvdGQ+CiAgPC90cj4KPC90YWJsZT4KICA8L3RkPgogIDwvdHI+CjwvdGFibGU+,44CQMThjbS4gMTljbS4gMjBjbS4gMjNjbS7jgJHjgJDpgIHmlpnnhKHmlpkhIeOAkURDIFNIT0VTIOODh+OCo+ODvOOCt+ODvCBIRUFUSFJPV+OCreODg+OCuiDjgrnjg4vjg7zjgqvjg7wg5a2Q5L6b6Z20IOOCueODiOODquODvOODiOOAkOWFpeWckuWFpeWtpua6luWCmeWTgeOAke+8muODl+ODquODvOOCuuODr+ODsw==,44OZ44OT44O85pyN5a2Q5L6b5pyN44GT44Gp44KC5pyNUExFQVNFIE9OReODl+ODquODvOOCuuODr+ODs1BPU1RBUuODneOCueOCv+ODvOi1pOOBoeOCg+OCk+WHuueUo+elneOBhOWGheelneOBhOWFpeWckuWFpeWtplJVU0vjg6njgrnjgq/jgrjjg6Xjg4vjgqLjgrnjgqvjg6vjgrnjg4jjg6rjg7zjg4jlrZDkvpvpnbTjgrnjg4vjg7zjgqvjg7zjg5njg5Pjg7zpnbTjg5XjgqHjg7zjgrnjg4jjgrfjg6Xjg7zjgrrjg5bjg6njg7Pjg4nlrZDkvpvmnI3jgqLjg6Hjg6rjgqvnm7TovLjlhaXjgqTjg7Pjg53jg7zjg4hOSUtF44OK44Kk44KtS0lEU+OCreODg+OCuuWtkOS+m+acjeOBk+OBqeOCguacjemdtOOCueODi+ODvOOCq+ODvGFkaWRhc+OCouODh+OCo+ODgOOCuUtJRFPjgq3jg4Pjgrrjg5njg5Pjg7zmnI3lrZDkvpvmnI3jgZPjganjgoLmnI3pnbRQdW1h44OX44O844OeS0lEU+OCreODg+OCuuODmeODk+ODvOacjeWtkOS+m+acjeOBk+OBqeOCguacjemdtE5ldyBCYWxhbmNl44OL44Ol44O844OQ44Op44Oz44K55a2Q5L6b6Z2044OZ44OT44O86Z20VklTSU9OIFNUUkVFVCBXRUFS44O044Kj44K444On44Oz5a2Q5L6b6Z2044OA44Oz44K544K544OL44O844Kr44O85bi95a2Q44G844GG44GX44OL44OD44OI44OP44OD44OI44OS44OD44OX44Ob44OD44OX44OA44Oz44K5TmV3IEVyYeODi+ODpeODvOOCqOODqUtJRFPjgq3jg4PjgrrluL3lrZDjgq3jg6Pjg4Pjg5dQT1NUQVLjg53jgrnjgr/jg7zjg6zjgqTjg7PjgrDjg4Pjgrrjg6zjgqTjg7PjgrPjg7zjg4jjgYvjgZXjg53jg7Pjg4Hjg6fplbfpnbTjgarjgYzjgZDjgaTjg6zjgqTjg7Pjgrfjg6Xjg7zjgrrlrZDkvpvnlKjjg5njg5Pjg7znlKjkuK3mlbfjgY04MGNtOTBjbTEwMGNtMTEwY20xMjBjbTEzMGNtMTQwY20xNTBjbVJPWFnjg63jgq3jgrfjg7xRVUlLU0lMVkVS44Kv44Kk44OD44Kv44K344Or44OQ44O8Q0FSU+OCq+ODvOOCulRPWVNUT1JZ44OI44Kk44K544OI44O844Oq44O8U1BJREVSIE1BTuOCueODkeOCpOODgOODvOODnuODs1ByaW5jZXNz44OX44Oq44Oz44K744K5VGlua2VyYmVsbOODhuOCo+ODs+OCq+ODvOODmeODq+OCouODiumbquOCouODiuOBqOmbquOBruWls+eOi1JhbHBoIExhdXJlbuODqeODq+ODleODreODvOODrOODs+OCueODi+ODvOOCq+ODvOODluODvOODhOmdtOWFieOCi+mdtOODleODqeODg+OCt+ODpeODqeOCpOODiOWtkOS+m+mdtOOCueODi+ODvOOCq+ODvOOAkDE4Y20uIDE5Y20uIDIwY20uIDIzY20u44CR44CQ6YCB5paZ54Sh5paZISHjgJFEQyBTSE9FUyDjg4fjgqPjg7zjgrfjg7wgSEVBVEhST1fjgq3jg4Pjgrog44K544OL44O844Kr44O8IOWtkOS+m+mdtCDjgrnjg4jjg6rjg7zjg4jjgJDlhaXlnJLlhaXlrabmupblgpnlk4HjgJE=,44CQTmV3ISEh44Od44Kk44Oz44OI77yS5YCNIeOAkeOAguOAkDE4Y20uIDE5Y20uIDIwY20uIDIzY20u44CR44CQ6YCB5paZ54Sh5paZISHjgJFEQyBTSE9FUyDjg4fjgqPjg7zjgrfjg7wgSEVBVEhST1fjgq3jg4Pjgrog44K544OL44O844Kr44O8IOWtkOS+m+mdtCDjgrnjg4jjg6rjg7zjg4jjgJDlhaXlnJLlhaXlrabmupblgpnlk4HjgJE=[rn]
14-157809,aHR0cDovL3RzaG9wLnIxMHMuanAva3V0dS1sZWFkL2NhYmluZXQvYXMtbnotaGkuanBnP2ZpdGluPTcwMDo3MDA=,Mjk0OC44MDAw,,44Kt44OD44K644O744OZ44OT44O844O744Oe44K/44OL44OG44KjID4g44Kt44OD44K6ID4g6Z20ID4g44K544OL44O844Kr44O8,44Kz44Oz44OQ44O844K5IOODgeODo+OCpOODq+ODiSDjgqrjg7zjg6vjgrnjgr/jg7wg44OP44Kk44Kr44OD44OIIOOCreODg+OCuiBDT05WRVJTRSBDSElMRCBBTEwgU1RBUiBOIFogSEkg44Kt44OD44K6IOmdtCDjgrnjg4vjg7zjgqvjg7wg44Kz44Oz44OQ44O844K5IOm7ki/nmb0v6LWkLyDil4vjgJBOQk5CLTE0dGpj44CR,44Kz44Oz44OQ44O844K5IOOCquODvOODq+OCueOCv+ODvCDjgrnjg4vjg7zjgqsgS0lEUyBCT1lTIEdJUkxTIOODmeODk+ODvOmdtA==,PGltZyBzcmM9Imh0dHA6Ly9pbWFnZS5yYWt1dGVuLmNvLmpwL2t1dHUtbGVhZC9jYWJpbmV0L2FzLW56LWhpLmpwZyIgd2lkdGg9IjEwMCUiPjxCUj4KPGltZyBzcmM9Imh0dHA6Ly9pbWFnZS5yYWt1dGVuLmNvLmpwL2t1dHUtbGVhZC9jYWJpbmV0L2FzLW56LWhpLTYuanBnIiB3aWR0aD0iMTAwJSI+CuaMgeOBoeaJi+OBruWkp+OBjeOBhOODleOCoeOCueODiuODvOOBq+OAgeOBpOOBvuOBv+OChOOBmeOBhOW6g+OCgeOBrui4teODhuODvOODl+OBp+iEseOBjuWxpeOBjeOBl+OChOOBmeOBhOS7leanmOOBqOOBquOBo+OBpuOBhOOCi+OAggrjgZfjgarjgoTjgYvjgarjg6njg5Djg7zjgavjgIHouLXpg6jliIbjgavjga/jg5zjg7zjg4njgpLlhoXolLXjgZfjgIHotrPjga7mm7LjgYzjgovkvY3nva7jgafjgZfjgaPjgYvjgorlsYjmm7LjgZnjgovjgr3jg7zjg6voqK3oqIjjgafjgIHjgqvjg4Pjg5fjgqTjg7Pjgr3jg7zjg6vjgavjga/jgrXjgqTjgrrlpInmm7Tjga7nm67lronjgYzliIbjgYvjgovjg5XjgqPjg4Pjg4bjgqPjg7PjgrDjg4Hjgqfjg4Pjgqvjg7zku5jjgY3jgILlvoXmnJvjga7jgqrjg5fjg4bjgqPjgqvjg6vjg5vjg6/jgqTjg4jjgYznmbvloLTjgII8YnI+PGJyPgrjg7vjgqLjg4Pjg5Hjg7zvvJrjgq3jg6Pjg7Pjg5Djgrk8QlI+44O744Ki44Km44OI44K944O844Or77ya44Op44OQ44O8PEJSPui2s+WFpeOCjO+8muaomea6ljxCUj48YnI+CuKAu+OBk+OBoeOCieOBruWVhuWTgeOBr+ODoeODvOOCq+ODvOOBi+OCieOBruOBiuWPluOCiuWvhOOBm+OBq+OBquOCiuOBvuOBmeOAgeWcqOW6q+WIh+OCjOOBruWgtOWQiOOCguOBlOOBluOBhOOBvuOBmeOBruOBp+OAgeOBneOBrumam+OBr+OBlOWuuei1puOCkuOBiumhmOOBhOOBhOOBn+OBl+OBvuOBmeOAgu+8iOOBiuWPluOCiuWvhOOBm+OBq+OBrzLml6XjgYvjgokz5pel44G744Gp44GL44GL44KK44G+44GZ,44Kz44Oz44OQ44O844K5IOODgeODo+OCpOODq+ODiSDjgqrjg7zjg6vjgrnjgr/jg7wg44OP44Kk44Kr44OD44OIIOOCreODg+OCuiBDT05WRVJTRSBDSElMRCBBTEwgU1RBUiBOIFogSEkg44Kt44OD44K6IOmdtCDjgrnjg4vjg7zjgqvjg7wg44Kz44Oz44OQ44O844K5IOm7ki/nmb0v6LWkLyDil4vjgJBOQk5CLTE0dGpj44CR77ya6Z2044O744OQ44OD44Kv6YCa6LKp5bCC6ZaA5bqX44CA6Z2044Gu44Oq44O844OJ,44Oq44O844Ks44Or44Ki44OH44Kj44OA44K544Kv44Op44O844Kv44K544Kv44Ot44OD44Kv44K544Of44K644OO44K144Oz44OA44Or44Kz44Oz44OQ44O844K544OK44Kk44Kt44OL44Ol44O844OQ44Op44Oz44K544Os44OD44OJ44Km44Kk44Oz44Kw6Z2044Os44Kk44Oz44K344Ol44O844K6556s6Laz44K544Kx44OD44OB44Oj44O844K644K544OL44O844Kr44O844Kw44Os44Oz44OA44OP44Or44K/44OW44O844OE44OA44Oz44Ot44OD44OX44OT44Or44Kx44Oz44K344Ol44OI44OD44Kv44Kz44Oz44OQ44O844K5IOODgeODo+OCpOODq+ODiSDjgqrjg7zjg6vjgrnjgr/jg7wg44OP44Kk44Kr44OD44OIIOOCreODg+OCuiBDT05WRVJTRSBDSElMRCBBTEwgU1RBUiBOIFogSEkg44Kt44OD44K6IOmdtCDjgrnjg4vjg7zjgqvjg7wg44Kz44Oz44OQ44O844K5IOm7ki/nmb0v6LWkLyDil4vjgJBOQk5CLTE0dGpj44CR,44Kz44Oz44OQ44O844K5IOOCquODvOODq+OCueOCv+ODvCDjgrnjg4vjg7zjgqsgS0lEUyBCT1lTIEdJUkxTIOODmeODk+ODvOmdtOOAguOCs+ODs+ODkOODvOOCuSDjg4Hjg6PjgqTjg6vjg4kg44Kq44O844Or44K544K/44O8IOODj+OCpOOCq+ODg+ODiCDjgq3jg4PjgrogQ09OVkVSU0UgQ0hJTEQgQUxMIFNUQVIgTiBaIEhJIOOCreODg+OCuiDpnbQg44K544OL44O844Kr44O8IOOCs+ODs+ODkOODvOOCuSDpu5Iv55m9L+i1pC8g4peL44CQTkJOQi0xNHRqY+OAkQ==[rn]
14-157810,aHR0cDovL3RzaG9wLnIxMHMuanAvdGFpZ2FyLTEvY2FiaW5ldC9pbWdyYzAwNzA5NjU2MDYuanBnP2ZpdGluPTcwMDo3MDA=,MzAyNC4wMDAw,,44Kt44OD44K644O744OZ44OT44O844O744Oe44K/44OL44OG44KjID4g44Kt44OD44K6ID4g6Z20ID4g44K544OL44O844Kr44O8,5pWw6YeP6ZmQ5a6a4piF44CQREMgU0hPRVMv44OH44Kj44O844K344O844K344Ol44O844K644CR44Kt44OD44K6IOOCueODi+ODvOOCq+ODvCBBRFRTNzAwMDM3IFRzIFJFQk9VTkQgSEkgU0UgVUwg44OP44Kk44Kr44OD44OI44K544OL44O844Kr44O8IOODgOODs+OCueOCt+ODpeODvOOCuuOCreODg+OCukRUMTcxMDA444CQ44Kz44Oz44OT44OL5Y+X5Y+W5a++5b+c5ZWG5ZOB44CR44CQMDJQMDlKdWwxNuOAkQ==,44K544OI44Oq44O844OI44Kr44K444Ol44Ki44Or44KE44OA44Oz44K544K344O844Oz44Gr5ZCR44GR44Kr44K444Ol44Ki44Or44K344Ol44O844K677yB,REMg44OH44Kj44O844K344O8PGJyPgpEQ+OBr+OAgeOCueODiOODquODvOODiOOCt+ODvOODs+OBruODnuOCueODiOOCouOCpOODhuODoCEgPGJyPgrkuJbnlYzlkITlm73jgafntbblpKfjgarkurrmsJfjgpLoqofjgovjgIFEQ+OBruOCreODs+OCsOODu+OCquODluODu+OCreODg+OCr+OCueOBqOiogOOBiOOCi+OCq+OCuOODpeOCouODq+OCt+ODpeODvOOCuuOAguOCq+ODqeODvOODquODs+OCsOOBjOOCs+ODvOODh+OCo+ODjeODvOODiOOBruODneOCpOODs+ODiOOBqyE8YnI+CuKWoOWVhuWTgeips+e0sDxicj4K4pag44OW44Op44Oz44OJPGJyPgrjg4fjgqPjg7zjgrfjg7w8YnI+CuKWoOWVhuWTgeWQjS/lk4Hnlao8YnI+ClRzIFJFQk9VTkQgSEkgU0UgVUw8YnI+CuKWoOOCq+ODqeODvDxicj4K4piGQkxV44CA4piGV0JE44CA4piGQkczPGJyPgrilqDntKDmnZA8YnI+CuOAiuOCouODg+ODkeODvOOAi+WQiOearjxicj4K44CK44Ki44Km44OI44K944O844Or44CL44K044OgPGJyPgrilqDjg6/jgqTjgroo5qiq5bmFKTxicj4KMkUoRUUp55u45b2TPGJyPgrilqDpnbTjga7oqbPntLAo44K144Kk44K65o6h5a+4KTxicj4K44CK44OS44O844Or6auY44CL5o6l5Zyw6Z2i44KI44KK57SEMi4w772D772NPGJyPgrjgIrph43ph4/jgIvniYfotrPntIQxMDBnLzE1LjBjbTxicj4=,5pWw6YeP6ZmQ5a6a4piF44CQREMgU0hPRVMv44OH44Kj44O844K344O844K344Ol44O844K644CR44Kt44OD44K6IOOCueODi+ODvOOCq+ODvCBBRFRTNzAwMDM3IFRzIFJFQk9VTkQgSEkgU0UgVUwg44OP44Kk44Kr44OD44OI44K544OL44O844Kr44O8IOODgOODs+OCueOCt+ODpeODvOOCuuOCreODg+OCukRUMTcxMDA444CQ44Kz44Oz44OT44OL5Y+X5Y+W5a++5b+c5ZWG5ZOB44CR44CQMDJQMDlKdWwxNuOAke+8muOCt+ODpeODvOOCuuOCt+ODp+ODg+ODl+OCv+OCpOOCrOODvA==,44K544Kx44OD44OB44Oj44O844K6U0tFQ0hFUlPjg4rjgqTjgq1OSUtF44Ki44OH44Kj44OA44K5YWRpZGFz44Km44Kj44Oz44OW44Or44OJ44OzV0lNQkxFRE9O44Kz44Oz44OQ44O844K5Q09OVkVSU0VQVU1B44OX44O844OeQWNoaWxsZXPjgqLjgq3jg6zjgrluZXcgYmFsYW5jZeODi+ODpeODvOODkOODs+ODqeODs+OCuVNQQUxESU5H44K544Od44Or44OH44Kj44Oz44KwRFVOTE9Q44OA44Oz44Ot44OD44OXREMgU0hPRVNEQ+OCt+ODpeODvOOCukstU1dJU1PjgrHjg7zjgrnjgqTjgrlQQVJLIEFWRU5VReODkeODvOOCr+OCouODmeODi+ODpeODvEFkbWlyYWzjgqLjg4njg5/jg6njg6tSZWVib2vjg6rjg7zjg5zjg4Pjgq9CZW5ldHRvbuODmeODjeODiOODs1JlZ2V0QeODquOCsuODg+OCv01vb25zdGFy44Og44O844Oz44K544K/44O85pyI5pif44OG44OL44K544K144OD44Kr44O844OA44Oz44K555m9556s6Laz44OR44O844OG44Kj44O85LuL6K235bmF5bqDMkUzRTRFNUXjg5Xjg6rjg7PjgrjpmLLmsLTmkqXmsLTliqDlt6XljprlupXnvo7ohJrlirnmnpzjgqrjg7zjg6vjgrnjgr/jg7zjgqTjgr/jg6rjgqLjg7Pjgr3jg7zjg6vjgq/jg6zjg7zjg5fjgr3jg7zjg6tHT1JFLVRFWOOCtOOCouODhuODg+OCr+OCueOCteOCpOODieOCtOOCouaXpeacrOijveS7rumdouODqeOCpOODgOODvOOCouODs+ODkeODs+ODnuODs+ODl+ODquOCreODpeOCouODj+ODreODvOOCreODhuOCo+ODnuOCpOODoeODreODh+OCo+OCt+ODpeOCrOODvOODkOODi+ODvOOCuuODn+ODg+OCreODvOODnuOCpuOCueODh+OCo+OCuuODi+ODvOODieODqeOBiOOCguOCk+ODieODqeODn+OBoeOCg+OCk+OCt+ODiuODouODreODvOODq+OCq+ODvOOCuuODieOCreODs+OBoeOCg+OCk+ODneOCseODg+ODiOODouODs+OCueOCv+ODvOODneOCseODouODs+ODlOOCq+ODgeODpeOCpuODl+ODrOODvOODs+OCuuapn+mWoui7iuODiOODvOODnuOCuemdtOWtkOS+m+mdtOe0s+Wjq+mdtOWppuS6uumdtOODoeODs+OCuuODrOODh+OCo+ODvOOCueOCuOODpeODi+OCouOCreODg+OCuuODmeODk+ODvOS9k+iCsumkqOOCt+ODpeODvOOCuuS4iuWxpeOBjeOCueODi+ODvOOCq+ODvOODluODvOODhOODn+ODpeODvOODq+ODoOODvOODiOODs+ODkeODs+ODl+OCueODrOOCpOODs+OCt+ODpeODvOOCuuOCueODquODg+ODkeOCueODneOCteODs+OCueODneODvOODhOOCteODs+ODgOODq+OCsOODqeODh+OCo+OCqOODvOOCv+ODvOODh+ODg+OCreOCt+ODpeODvOOCuuODkOODrOOCqOOCt+ODpeODvOOCuuOCs+ODs+ODleOCqeODvOODiOOCt+ODpeODvOOCuuODneOCpOODs+ODhuODg+ODieODiOOCpeODqeOCpuODs+ODieODiOOCpeOCueOCr+OCqOOCouODiOOCpeOCouODvOODouODs+ODieODiOOCpeODiOODrOODg+OCreODs+OCsOOCt+ODpeODvOOCuuODj+OCpOODkuODvOODq+ODk+OCuOODjeOCueOCt+ODpeODvOOCuuODreODvOOCq+ODg+ODiOODn+ODieODq+OCq+ODg+ODiOODj+OCpOOCq+ODg+ODiOWBpeW6t+OCteODs+ODgOODq+ODmOODq+OCt+ODvOOCteODs+ODgOODq+OCs+ODs+ODleOCqeODvOODiOOCteODs+ODgOODq+aVsOmHj+mZkOWumuKYheOAkERDIFNIT0VTL+ODh+OCo+ODvOOCt+ODvOOCt+ODpeODvOOCuuOAkeOCreODg+OCuiDjgrnjg4vjg7zjgqvjg7wgQURUUzcwMDAzNyBUcyBSRUJPVU5EIEhJIFNFIFVMIOODj+OCpOOCq+ODg+ODiOOCueODi+ODvOOCq+ODvCDjg4Djg7Pjgrnjgrfjg6Xjg7zjgrrjgq3jg4PjgrpEVDE3MTAwOOOAkOOCs+ODs+ODk+ODi+WPl+WPluWvvuW/nOWVhuWTgeOAkeOAkDAyUDA5SnVsMTbjgJE=,44K544OI44Oq44O844OI44Kr44K444Ol44Ki44Or44KE44OA44Oz44K544K344O844Oz44Gr5ZCR44GR44Kr44K444Ol44Ki44Or44K344Ol44O844K677yB44CC5pWw6YeP6ZmQ5a6a4piF44CQREMgU0hPRVMv44OH44Kj44O844K344O844K344Ol44O844K644CR44Kt44OD44K6IOOCueODi+ODvOOCq+ODvCBBRFRTNzAwMDM3IFRzIFJFQk9VTkQgSEkgU0UgVUwg44OP44Kk44Kr44OD44OI44K544OL44O844Kr44O8IOODgOODs+OCueOCt+ODpeODvOOCuuOCreODg+OCukRUMTcxMDA444CQ44Kz44Oz44OT44OL5Y+X5Y+W5a++5b+c5ZWG5ZOB44CR44CQMDJQMDlKdWwxNuOAkQ==[rn]
14-157811,aHR0cDovL3RzaG9wLnIxMHMuanAvbHVhbmEtbGFuaS9jYWJpbmV0LzA0NjE0MDkxL2ltZ3JjMDA2Njk1NTcxMi5qcGc/Zml0aW49NzAwOjcwMA==,MzkxOS4yMDAw,,44Kt44OD44K644O744OZ44OT44O844O744Oe44K/44OL44OG44KjID4g44Kt44OD44K6ID4g6Z20ID4g44K544OL44O844Kr44O8,44CQREMgU0hPRVMgS0lEUyDjgJEg44CQ5Zu95YaF5q2j6KaP5ZOB44CR44CKMjAxNyBTUFJJTkfjgIsgS3MgU1BBUlRBTiBISUdIIFNFIEUgV0dZIOODj+OCpOOCq+ODg+ODiCDjgrnjg4vjg7zjgqvjg7wg44K344Ol44O844K6IOmdtCDjgq3jg4Pjgrog44Oc44O844Kk44K6IOODpuODvOOCuSDjgrnjg5Hjg6vjgr/jg7Mg44OP44KkIOODh+OCo+ODvOOCt+ODvCDjgrnjgrHjg7zjg4gg44K144O844OVIOOCueODjuODvCDlrZDkvpvnlKgg55S344Gu5a2QIOWls+OBruWtkCBHSVJMUyBCT1lTIFlPVVRIIOmBi+WLlemdtCBKUCBESzE3MTAxNA==,44CQIOacn+mWk+mZkOWumiEh44CA44Od44Kk44Oz44OI5YCNIOOAkSBKUF9ESzE3MTAxNF9XR1k=,,44CQREMgU0hPRVMgS0lEUyDjgJEg44CQ5Zu95YaF5q2j6KaP5ZOB44CR44CKMjAxNyBTUFJJTkfjgIsgS3MgU1BBUlRBTiBISUdIIFNFIEUgV0dZIOODj+OCpOOCq+ODg+ODiCDjgrnjg4vjg7zjgqvjg7wg44K344Ol44O844K6IOmdtCDjgq3jg4Pjgrog44Oc44O844Kk44K6IOODpuODvOOCuSDjgrnjg5Hjg6vjgr/jg7Mg44OP44KkIOODh+OCo+ODvOOCt+ODvCDjgrnjgrHjg7zjg4gg44K144O844OVIOOCueODjuODvCDlrZDkvpvnlKgg55S344Gu5a2QIOWls+OBruWtkCBHSVJMUyBCT1lTIFlPVVRIIOmBi+WLlemdtCBKUCBESzE3MTAxNO+8mu+8rO+8te+8oe+8ru+8oeOAgO+8rO+8oe+8ru+8qeOAgOalveWkqeW4guWgtOW6lw==,44CQREMgU0hPRVMgS0lEUyDjgJEg44CQ5Zu95YaF5q2j6KaP5ZOB44CR44CKMjAxNyBTUFJJTkfjgIsgS3MgU1BBUlRBTiBISUdIIFNFIEUgV0dZIOODj+OCpOOCq+ODg+ODiCDjgrnjg4vjg7zjgqvjg7wg44K344Ol44O844K6IOmdtCDjgq3jg4Pjgrog44Oc44O844Kk44K6IOODpuODvOOCuSDjgrnjg5Hjg6vjgr/jg7Mg44OP44KkIOODh+OCo+ODvOOCt+ODvCDjgrnjgrHjg7zjg4gg44K144O844OVIOOCueODjuODvCDlrZDkvpvnlKgg55S344Gu5a2QIOWls+OBruWtkCBHSVJMUyBCT1lTIFlPVVRIIOmBi+WLlemdtCBKUCBESzE3MTAxNA==,44CQIOacn+mWk+mZkOWumiEh44CA44Od44Kk44Oz44OI5YCNIOOAkSBKUF9ESzE3MTAxNF9XR1njgILjgJBEQyBTSE9FUyBLSURTIOOAkSDjgJDlm73lhoXmraPopo/lk4HjgJHjgIoyMDE3IFNQUklOR+OAiyBLcyBTUEFSVEFOIEhJR0ggU0UgRSBXR1kg44OP44Kk44Kr44OD44OIIOOCueODi+ODvOOCq+ODvCDjgrfjg6Xjg7zjgrog6Z20IOOCreODg+OCuiDjg5zjg7zjgqTjgrog44Om44O844K5IOOCueODkeODq+OCv+ODsyDjg4/jgqQg44OH44Kj44O844K344O8IOOCueOCseODvOODiCDjgrXjg7zjg5Ug44K544OO44O8IOWtkOS+m+eUqCDnlLfjga7lrZAg5aWz44Gu5a2QIEdJUkxTIEJPWVMgWU9VVEgg6YGL5YuV6Z20IEpQIERLMTcxMDE0[rn]
14-157812,aHR0cDovL3RzaG9wLnIxMHMuanAvZWxlcGhhbnQtc2hvZS9jYWJpbmV0L2ltYWdlNTkvdmFsY2xlYW4yLWNtZi1pbmYtMS5qcGc/Zml0aW49NzAwOjcwMA==,Mjk1Mi4wMDAw,,44Kt44OD44K644O744OZ44OT44O844O744Oe44K/44OL44OG44KjID4g44Kt44OD44K6ID4g6Z20ID4g44K544OL44O844Kr44O8,44Kt44OD44K6IOOCueODi+ODvOOCq+ODvCDjgqLjg4fjgqPjg4DjgrkgYWRpZGFzIE5FTyDjg43jgqogVkFMQ0xFQU4yIENNRiBJTkYg44OZ44OT44O8IOOCuOODpeODi+OCoiDlrZDkvpsg44OQ44Or44Kv44Oq44O844OzMiDjg5njg6vjgq/jg60g55S344Gu5a2QIOWls+OBruWtkCDlrabmoKEg6YCa5a2mIOOCt+ODpeODvOOCuiDpnbQgMjAxN+aYpeaWsOiJsiDjg5XjgqHjg7zjgrnjg4jjgrfjg6Xjg7zjgrogQVc0ODg5IEI3NDYzMyBCNzQ2MzQ=,44Kt44OD44K6IOOCueODi+ODvOOCq+ODvCDjgqLjg4fjgqPjg4DjgrkgYWRpZGFzIE5FTyDjg43jgqog5a2Q5L6b6Z20,YWRpZGFzICjjgqLjg4fjgqPjg4DjgrkpIFZBTENMRUFOMiBDTUYgSU5GIOOBq+OBquOCiuOBvuOBmeOAggoK44Kt44OD44K644O744K444Ol44OL44Ki44O75a2Q44Gp44KCCuODh+OCo+ODhuODvOODq+OBjOWFieOCi+OCreODg+OCuuWQkeOBkeOBrlZBTENMRUFOMiBDTUYgSU5G44CQ44OQ44Or44Kv44Oq44O844OzMiBDTUYgSU5G44CR44Gv44CB44Os44K244O86aKo44Gu44Ki44OD44OR44O844GrYWRpZGFz44Ot44K044KS5o6n44GI44KB44Gr44GC44GX44KJ44GE44CB44Kv44Oq44O844Oz44Gn44K544K/44Kk44Oq44OD44K344Ol44Gq6KaL44Gf55uu44Gr5LuV5LiK44GS44Gm44GE44KL44CC44GK54i244GV44KT44GK5q+N44GV44KT44Go5LiA57eS44Gr5bGl44GE44Gm44G744GX44GE5LiA6Laz44CCYWRpZGFzIG5lb+OBruOCueODi+ODvOOCq+ODvOOAggpBVzQ4ODkgQjc0NjMzIEI3NDYzNArjg5vjg6/jgqTjg4gg55m9IOOCsOODquODvOODsyDjg5Tjg7Pjgq8g57eRIOODleOCoeODvOOCueODiOOCt+ODpeODvOOCuiDjg5njgqTjg5Pjg7w8YnI+PGJyPjxpZnJhbWUg44CA44CA44CA44CA44CA44CA44CA44CA44CA44CA44CA44CA44CA44CA44CA44CA44CA44CAIHNyYz0iaHR0cDovL3d3dy5yYWt1dGVuLm5lLmpwL2dvbGQvZWxlcGhhbnQtc3BvcnRzL3NwL2Vrc3AuaHRtIiB3aWR0aD0iMTAwJSIgaGVpZ2h0PSI2MDAiIGZyYW1lYm9yZGVyPSIwIiBzY3JvbGxpbmc9Im5vIj48L2lmcmFtZSDjgIDjgIDjgIDjgIDjgIDjgIDjgIDjgIDjgIDjgIDjgIDjgIDjgIDjgIDjgIDjgIDjgIDjgIAgPg==,44Kt44OD44K6IOOCueODi+ODvOOCq+ODvCDjgqLjg4fjgqPjg4DjgrkgYWRpZGFzIE5FTyDjg43jgqogVkFMQ0xFQU4yIENNRiBJTkYg44OZ44OT44O8IOOCuOODpeODi+OCoiDlrZDkvpsg44OQ44Or44Kv44Oq44O844OzMiDjg5njg6vjgq/jg60g55S344Gu5a2QIOWls+OBruWtkCDlrabmoKEg6YCa5a2mIOOCt+ODpeODvOOCuiDpnbQgMjAxN+aYpeaWsOiJsiDjg5XjgqHjg7zjgrnjg4jjgrfjg6Xjg7zjgrogQVc0ODg5IEI3NDYzMyBCNzQ2MzTvvJrjgqjjg6zjg5XjgqHjg7Pjg4jpnbTlupc=,YWRpZGFz44Ki44OH44Kj44OA44K5TklLReODiuOCpOOCrVBVTUHjg5fjg7zjg55DT05WRVJTReOCs+ODs+ODkOODvOOCueODi+ODpeODvOODkOODqeODs+OCueOCueODjuODvOODnOODvOODiVNOT1dCT0FSROOCreODvOODs+OCr+ODreODg+OCr+OCueODquODvOODnOODg+OCr+OCueODquODg+ODneODs+mAmuiyqemdtOOCt+ODpeODvOOCuuOCueODi+ODvOOCq+ODvOODluODvOODhOOCreODg+OCuiDjgrnjg4vjg7zjgqvjg7wg44Ki44OH44Kj44OA44K5IGFkaWRhcyBORU8g44ON44KqIFZBTENMRUFOMiBDTUYgSU5GIOODmeODk+ODvCDjgrjjg6Xjg4vjgqIg5a2Q5L6bIOODkOODq+OCr+ODquODvOODszIg44OZ44Or44Kv44OtIOeUt+OBruWtkCDlpbPjga7lrZAg5a2m5qChIOmAmuWtpiDjgrfjg6Xjg7zjgrog6Z20IDIwMTfmmKXmlrDoibIg44OV44Kh44O844K544OI44K344Ol44O844K6IEFXNDg4OSBCNzQ2MzMgQjc0NjM0,44Kt44OD44K6IOOCueODi+ODvOOCq+ODvCDjgqLjg4fjgqPjg4DjgrkgYWRpZGFzIE5FTyDjg43jgqog5a2Q5L6b6Z2044CC44Kt44OD44K6IOOCueODi+ODvOOCq+ODvCDjgqLjg4fjgqPjg4DjgrkgYWRpZGFzIE5FTyDjg43jgqogVkFMQ0xFQU4yIENNRiBJTkYg44OZ44OT44O8IOOCuOODpeODi+OCoiDlrZDkvpsg44OQ44Or44Kv44Oq44O844OzMiDjg5njg6vjgq/jg60g55S344Gu5a2QIOWls+OBruWtkCDlrabmoKEg6YCa5a2mIOOCt+ODpeODvOOCuiDpnbQgMjAxN+aYpeaWsOiJsiDjg5XjgqHjg7zjgrnjg4jjgrfjg6Xjg7zjgrogQVc0ODg5IEI3NDYzMyBCNzQ2MzQ=[rn]
14-157813,aHR0cDovL3RzaG9wLnIxMHMuanAvZWxlcGhhbnQtc2hvZS9jYWJpbmV0L2ltYWdlNTkvdmFsY2xlYW4yLWNtZi1rLTEuanBnP2ZpdGluPTcwMDo3MDA=,MzM3MC40MDAw,,44Kt44OD44K644O744OZ44OT44O844O744Oe44K/44OL44OG44KjID4g44Kt44OD44K6ID4g6Z20ID4g44K544OL44O844Kr44O8,44Kt44OD44K6IOOCueODi+ODvOOCq+ODvCDjgqLjg4fjgqPjg4DjgrkgYWRpZGFzIE5FTyDjg43jgqogVkFMQ0xFQU4yIENNRiBLIOOCuOODpeODi+OCoiDlrZDkvpsg44OQ44Or44Kv44Oq44O844OzMiDjg5njg6vjgq/jg60g55S344Gu5a2QIOWls+OBruWtkCDlrabmoKEg6YCa5a2mIOOCt+ODpeODvOOCuiDpnbQgMjAxN+aYpeaWsOiJsiBBVzQ4ODAgQjc0NjM1IEI3NDYzNg==,44Kt44OD44K6IOOCueODi+ODvOOCq+ODvCDjgqLjg4fjgqPjg4DjgrkgYWRpZGFzIE5FTyDjg43jgqo=,YWRpZGFzICjjgqLjg4fjgqPjg4DjgrkpIFZBTENMRUFOMiBDTUYgSyDjgavjgarjgorjgb7jgZnjgIIKCuOCreODg+OCuuODu+OCuOODpeODi+OCouODu+WtkOOBqeOCggrjg5njg6vjgq/jg63jgafohLHjgY7lsaXjgY3jgYzmpb3jgIXjga7jgq3jg4PjgrrlkJHjgZHjga5WQUxDTEVBTjIgQ01GIEvjgJDjg5Djg6vjgq/jg6rjg7zjg7MyIENNRiBL44CR44Gv44CB44K344Oz44K744OG44Kj44OD44Kv44Os44K244O844Gu44Ki44OD44OR44O844GrYWRpZGFz44Ot44K044KS5o6n44GI44KB44Gr44GC44GX44KJ44GE44CB44Kv44Oq44O844Oz44Gn44K544K/44Kk44Oq44OD44K344Ol44Gq6KaL44Gf55uu44Gr5LuV5LiK44GS44Gm44GE44KL44CCYWRpZGFzIG5lbyDjga7jgrnjg4vjg7zjgqvjg7zjgILnmb0g44Ob44Ov44Kk44OICkFXNDg4MCBCNzQ2MzUgQjc0NjM2PGJyPjxicj48aWZyYW1lIOOAgOOAgOOAgOOAgOOAgOOAgOOAgOOAgOOAgOOAgOOAgOOAgOOAgOOAgOOAgOOAgOOAgOOAgCBzcmM9Imh0dHA6Ly93d3cucmFrdXRlbi5uZS5qcC9nb2xkL2VsZXBoYW50LXNwb3J0cy9zcC9la3NwLmh0bSIgd2lkdGg9IjEwMCUiIGhlaWdodD0iNjAwIiBmcmFtZWJvcmRlcj0iMCIgc2Nyb2xsaW5nPSJubyI+PC9pZnJhbWUg44CA44CA44CA44CA44CA44CA44CA44CA44CA44CA44CA44CA44CA44CA44CA44CA44CA44CAID4=,44Kt44OD44K6IOOCueODi+ODvOOCq+ODvCDjgqLjg4fjgqPjg4DjgrkgYWRpZGFzIE5FTyDjg43jgqogVkFMQ0xFQU4yIENNRiBLIOOCuOODpeODi+OCoiDlrZDkvpsg44OQ44Or44Kv44Oq44O844OzMiDjg5njg6vjgq/jg60g55S344Gu5a2QIOWls+OBruWtkCDlrabmoKEg6YCa5a2mIOOCt+ODpeODvOOCuiDpnbQgMjAxN+aYpeaWsOiJsiBBVzQ4ODAgQjc0NjM1IEI3NDYzNu+8muOCqOODrOODleOCoeODs+ODiOmdtOW6lw==,YWRpZGFz44Ki44OH44Kj44OA44K5TklLReODiuOCpOOCrVBVTUHjg5fjg7zjg55DT05WRVJTReOCs+ODs+ODkOODvOOCueODi+ODpeODvOODkOODqeODs+OCueOCueODjuODvOODnOODvOODiVNOT1dCT0FSROOCreODvOODs+OCr+ODreODg+OCr+OCueODquODvOODnOODg+OCr+OCueODquODg+ODneODs+mAmuiyqemdtOOCt+ODpeODvOOCuuOCueODi+ODvOOCq+ODvOODluODvOODhOOCreODg+OCuiDjgrnjg4vjg7zjgqvjg7wg44Ki44OH44Kj44OA44K5IGFkaWRhcyBORU8g44ON44KqIFZBTENMRUFOMiBDTUYgSyDjgrjjg6Xjg4vjgqIg5a2Q5L6bIOODkOODq+OCr+ODquODvOODszIg44OZ44Or44Kv44OtIOeUt+OBruWtkCDlpbPjga7lrZAg5a2m5qChIOmAmuWtpiDjgrfjg6Xjg7zjgrog6Z20IDIwMTfmmKXmlrDoibIgQVc0ODgwIEI3NDYzNSBCNzQ2MzY=,44Kt44OD44K6IOOCueODi+ODvOOCq+ODvCDjgqLjg4fjgqPjg4DjgrkgYWRpZGFzIE5FTyDjg43jgqrjgILjgq3jg4Pjgrog44K544OL44O844Kr44O8IOOCouODh+OCo+ODgOOCuSBhZGlkYXMgTkVPIOODjeOCqiBWQUxDTEVBTjIgQ01GIEsg44K444Ol44OL44KiIOWtkOS+myDjg5Djg6vjgq/jg6rjg7zjg7MyIOODmeODq+OCr+ODrSDnlLfjga7lrZAg5aWz44Gu5a2QIOWtpuagoSDpgJrlraYg44K344Ol44O844K6IOmdtCAyMDE35pil5paw6ImyIEFXNDg4MCBCNzQ2MzUgQjc0NjM2[rn]
14-157814,aHR0cDovL3RzaG9wLnIxMHMuanAvZWxlcGhhbnQtc2hvZS9jYWJpbmV0L2ltYWdlNTYvYmItYXNuLWdiLTEuanBnP2ZpdGluPTcwMDo3MDA=,NDgwMC4wMDAw,,44Kt44OD44K644O744OZ44OT44O844O744Oe44K/44OL44OG44KjID4g44Kt44OD44K6ID4g6Z20ID4g44K544OL44O844Kr44O8,6YCB5paZ54Sh5paZIOODmeODk+ODvOOCt+ODpeODvOOCuiDjgrPjg7Pjg5Djg7zjgrkgQ09OVkVSU0Ug44OZ44OT44O8IOOCquODvOODq+OCueOCv+ODvCBOIOOCruODleODiOODnOODg+OCr+OCuSAzIFog44Kt44OD44K6IOWtkOS+myDjgrnjg4vjg7zjgqvjg7wg44K344Ol44O844K6IOWtkOS+m+mdtCDjg5njg5Pjg7zpnbQg44OV44Kh44O844K544OI44K344Ol44O844K6IDIwMTfmmKXmlrDkvZwg44CQ44GC44GZ5qW95a++5b+c44CR,44K544OL44O844Kr44O8IOODmeODk+ODvOOCt+ODpeODvOOCuiDjgrPjg7Pjg5Djg7zjgrkg44OZ44OT44O8IOWtkOS+myDjgq3jg4Pjgro=,Q09OVkVSU0UgQkFCWSBBTEwgU1RBUiBOIEdJRlRCT1ggMyBaIOOCs+ODs+ODkOODvOOCuSDjg5njg5Pjg7wg44Kq44O844Or44K544K/44O8IE4g44Ku44OV44OI44Oc44OD44Kv44K5IDMgWjxicj4K44OZ44OT44O844O744Kt44OD44K644O744K444Ol44OL44Ki44O75a2Q44Gp44KC44O755S344Gu5a2Q44O75aWz44Gu5a2Q44O755S35YWQ44O75aWz5YWQPGJyPgo8YnI+CuOCueOCv+ODvO+8huODkOODvOOCuuafhOOBruODmeODk+ODvOOCueOCv+OCpOOBjOS7mOOBhOOBn+OCruODleODiOWQkeOBkeODouODh+ODq+OAgjxicj4K44OZ44OT44O844K544K/44Kk44Gv44Oq44OQ44O844K344OW44Or44Gr5L2/55So5Y+v6IO944Gn44CB44K/44Kq44Or44Go44GX44Gm44KC5L2/44GI44KL5ayJ44GX44GEM1dBWeS7leanmOOBqOOBquOBo+OBpuOBhOOCi+OAgjxicj4K44K044Ki44K344Ol44O844Os44O844K544GM57ir5LuY44Gu5LuV5qeY44Gn6Kej44GR44KL5b+D6YWN44GM44Gq44GP44CB44Gk44G+44G/44KE44GZ44GE5bqD44KB44Gu6Li144OG44O844OX44Gn6ISx44GO5bGl44GN44GX44KE44GZ44GE44OH44K244Kk44Oz44CCPGJyPgrjgqLjgqbjg4jjgr3jg7zjg6vjga7jgZfjgarjgoTjgYvjgarjg6njg5Djg7zjgavjgIHouLXpg6jliIbjgavjga/jg5zjg7zjg4njgpLlhoXolLXjgZfjgIHotrPjga7mm7LjgYzjgovkvY3nva7jgafjgZfjgaPjgYvjgorlsYjmm7LjgZnjgovoqK3oqIjjgajjgarjgaPjgabjgYTjgovjgII8YnI+CuW5vOeomuWckuOAgemAmuWckuOAgeaZruauteOBruOCquOCt+ODo+ODrOeUqOOCueODi+ODvOOCq+ODvOOAgeWHuueUo+elneOBhOOAgeaWsOWtpuacn+OBrui0iOOCiuOCguOBruOBq+OCquOCueOCueODoeOBp+OBmeOAgjxicj4KN0NLNjY1IOODm+ODr+OCpOODiCDnmb08YnI+PGJyPjxpZnJhbWUg44CA44CA44CA44CA44CA44CA44CA44CA44CA44CA44CA44CA44CA44CA44CA44CA44CA44CAIHNyYz0iaHR0cDovL3d3dy5yYWt1dGVuLm5lLmpwL2dvbGQvZWxlcGhhbnQtc3BvcnRzL3NwL2Vrc3AuaHRtIiB3aWR0aD0iMTAwJSIgaGVpZ2h0PSI2MDAiIGZyYW1lYm9yZGVyPSIwIiBzY3JvbGxpbmc9Im5vIj48L2lmcmFtZSDjgIDjgIDjgIDjgIDjgIDjgIDjgIDjgIDjgIDjgIDjgIDjgIDjgIDjgIDjgIDjgIDjgIDjgIAgPg==,6YCB5paZ54Sh5paZIOODmeODk+ODvOOCt+ODpeODvOOCuiDjgrPjg7Pjg5Djg7zjgrkgQ09OVkVSU0Ug44OZ44OT44O8IOOCquODvOODq+OCueOCv+ODvCBOIOOCruODleODiOODnOODg+OCr+OCuSAzIFog44Kt44OD44K6IOWtkOS+myDjgrnjg4vjg7zjgqvjg7wg44K344Ol44O844K6IOWtkOS+m+mdtCDjg5njg5Pjg7zpnbQg44OV44Kh44O844K544OI44K344Ol44O844K6IDIwMTfmmKXmlrDkvZwg44CQ44GC44GZ5qW95a++5b+c44CR77ya44Ko44Os44OV44Kh44Oz44OI6Z205bqX,YWRpZGFz44Ki44OH44Kj44OA44K5TklLReODiuOCpOOCrVBVTUHjg5fjg7zjg55DT05WRVJTReOCs+ODs+ODkOODvOOCueODi+ODpeODvOODkOODqeODs+OCueOCueODjuODvOODnOODvOODiVNOT1dCT0FSROOCreODvOODs+OCr+ODreODg+OCr+OCueODquODvOODnOODg+OCr+OCueODquODg+ODneODs+mAmuiyqemdtOOCt+ODpeODvOOCuuOCueODi+ODvOOCq+ODvOODluODvOODhOmAgeaWmeeEoeaWmSDjg5njg5Pjg7zjgrfjg6Xjg7zjgrog44Kz44Oz44OQ44O844K5IENPTlZFUlNFIOODmeODk+ODvCDjgqrjg7zjg6vjgrnjgr/jg7wgTiDjgq7jg5Xjg4jjg5zjg4Pjgq/jgrkgMyBaIOOCreODg+OCuiDlrZDkvpsg44K544OL44O844Kr44O8IOOCt+ODpeODvOOCuiDlrZDkvpvpnbQg44OZ44OT44O86Z20IOODleOCoeODvOOCueODiOOCt+ODpeODvOOCuiAyMDE35pil5paw5L2cIOOAkOOBguOBmealveWvvuW/nOOAkQ==,44K544OL44O844Kr44O8IOODmeODk+ODvOOCt+ODpeODvOOCuiDjgrPjg7Pjg5Djg7zjgrkg44OZ44OT44O8IOWtkOS+myDjgq3jg4PjgrrjgILpgIHmlpnnhKHmlpkg44OZ44OT44O844K344Ol44O844K6IOOCs+ODs+ODkOODvOOCuSBDT05WRVJTRSDjg5njg5Pjg7wg44Kq44O844Or44K544K/44O8IE4g44Ku44OV44OI44Oc44OD44Kv44K5IDMgWiDjgq3jg4Pjgrog5a2Q5L6bIOOCueODi+ODvOOCq+ODvCDjgrfjg6Xjg7zjgrog5a2Q5L6b6Z20IOODmeODk+ODvOmdtCDjg5XjgqHjg7zjgrnjg4jjgrfjg6Xjg7zjgrogMjAxN+aYpeaWsOS9nCDjgJDjgYLjgZnmpb3lr77lv5zjgJE=[rn]
14-157815,aHR0cDovL3RzaG9wLnIxMHMuanAvZWxlcGhhbnQtc2hvZS9jYWJpbmV0L2ltYWdlNTUvYmItYXMta3VydW1hLTEuanBnP2ZpdGluPTcwMDo3MDA=,Mjg3NC40MDAw,,44Kt44OD44K644O744OZ44OT44O844O744Oe44K/44OL44OG44KjID4g44Kt44OD44K6ID4g6Z20ID4g44K544OL44O844Kr44O8,44OZ44OT44O844K344Ol44O844K6IOOCs+ODs+ODkOODvOOCuSBDT05WRVJTRSBCQUJZIEFMTCBTVEFSIOODmeODk+ODvCDjgqrjg7zjg6vjgrnjgr/jg7wgTiDjgq/jg6vjg54gWiDjgrjjg4Pjg5fku5jjgY0g44OZ44OT44O8IOOCreODg+OCuiDlrZDkvpsg44K444Ol44OL44KiIOODgeODq+ODieODrOODsyDjgrnjg4vjg7zjgqvjg7wg44K344Ol44O844K6IOWtkOS+m+mdtCDjg5njg5Pjg7zpnbQg44OV44Kh44O844K544OI44K344Ol44O844K6IDIwMTfmmKXmlrDkvZwg44CQ44GC44GZ5qW96YWN6YCB44CR,44OZ44OT44O844K344Ol44O844K6IOOCs+ODs+ODkOODvOOCuSDjgqrjg7zjg6vjgrnjgr/jg7wg44Kt44OD44K6,Q09OVkVSU0UgQkFCWSBBTEwgU1RBUiBOIEtVUlVNQSBaIDdDSzY1ODxicj4K44Kz44Oz44OQ44O844K5IOODmeODk+ODvCDjgqrjg7zjg6vjgrnjgr/jg7wgTiDjgq/jg6vjg54gWiDjg5njg5Pjg7zjg7vjgq3jg4Pjgrrjg7vjgrjjg6Xjg4vjgqLjg7vlrZDjganjgoLjg7vnlLfjga7lrZDjg7vlpbPjga7lrZA8YnI+Cjxicj4K5q+O44K344O844K644Oz5Lq65rCX44Gu44Oi44OB44O844OV44K344Oq44O844K644GL44KJ6LuK44KS44Kk44Oh44O844K444GX44Gf44OL44Ol44O844Oi44OH44Or44GM55m75aC044CCPGJyPgrjgqTjgqjjg63jg7zjga/jgrnjgq/jg7zjg6vjg5DjgrnjgpLjgqTjg6Hjg7zjgrjjgZnjgovjgII8YnI+CuOCtOOCouOCt+ODpeODvOODrOODvOOCueOBq+OCiOOCiuino+OBkeOCi+W/g+mFjeOBjOOBquOBhOe4q+S7mOS7leanmOOBp+OAgeOBl+OBquOChOOBi+OBquODqeODkOODvOOBq+OAgei4temDqOWIhuOBq+OBr+ODnOODvOODieOCkuWGheiUteOBl+OAgei2s+OBruabsuOBjOOCi+S9jee9ruOBp+OBl+OBo+OBi+OCiuWxiOabsuOBmeOCi+OCveODvOODq+ioreioiOOBqOOBquOBo+OBpuOBhOOCi+OAgjxicj48YnI+PGlmcmFtZSDjgIDjgIDjgIDjgIDjgIDjgIDjgIDjgIDjgIDjgIDjgIDjgIDjgIDjgIDjgIDjgIDjgIDjgIAgc3JjPSJodHRwOi8vd3d3LnJha3V0ZW4ubmUuanAvZ29sZC9lbGVwaGFudC1zcG9ydHMvc3AvZWtzcC5odG0iIHdpZHRoPSIxMDAlIiBoZWlnaHQ9IjYwMCIgZnJhbWVib3JkZXI9IjAiIHNjcm9sbGluZz0ibm8iPjwvaWZyYW1lIOOAgOOAgOOAgOOAgOOAgOOAgOOAgOOAgOOAgOOAgOOAgOOAgOOAgOOAgOOAgOOAgOOAgOOAgCA+,44OZ44OT44O844K344Ol44O844K6IOOCs+ODs+ODkOODvOOCuSBDT05WRVJTRSBCQUJZIEFMTCBTVEFSIOODmeODk+ODvCDjgqrjg7zjg6vjgrnjgr/jg7wgTiDjgq/jg6vjg54gWiDjgrjjg4Pjg5fku5jjgY0g44OZ44OT44O8IOOCreODg+OCuiDlrZDkvpsg44K444Ol44OL44KiIOODgeODq+ODieODrOODsyDjgrnjg4vjg7zjgqvjg7wg44K344Ol44O844K6IOWtkOS+m+mdtCDjg5njg5Pjg7zpnbQg44OV44Kh44O844K544OI44K344Ol44O844K6IDIwMTfmmKXmlrDkvZwg44CQ44GC44GZ5qW96YWN6YCB44CR77ya44Ko44Os44OV44Kh44Oz44OI6Z205bqX,YWRpZGFz44Ki44OH44Kj44OA44K5TklLReODiuOCpOOCrVBVTUHjg5fjg7zjg55DT05WRVJTReOCs+ODs+ODkOODvOOCueODi+ODpeODvOODkOODqeODs+OCueOCueODjuODvOODnOODvOODiVNOT1dCT0FSROOCreODvOODs+OCr+ODreODg+OCr+OCueODquODvOODnOODg+OCr+OCueODquODg+ODneODs+mAmuiyqemdtOOCt+ODpeODvOOCuuOCueODi+ODvOOCq+ODvOODluODvOODhOODmeODk+ODvOOCt+ODpeODvOOCuiDjgrPjg7Pjg5Djg7zjgrkgQ09OVkVSU0UgQkFCWSBBTEwgU1RBUiDjg5njg5Pjg7wg44Kq44O844Or44K544K/44O8IE4g44Kv44Or44OeIFog44K444OD44OX5LuY44GNIOODmeODk+ODvCDjgq3jg4Pjgrog5a2Q5L6bIOOCuOODpeODi+OCoiDjg4Hjg6vjg4njg6zjg7Mg44K544OL44O844Kr44O8IOOCt+ODpeODvOOCuiDlrZDkvpvpnbQg44OZ44OT44O86Z20IOODleOCoeODvOOCueODiOOCt+ODpeODvOOCuiAyMDE35pil5paw5L2cIOOAkOOBguOBmealvemFjemAgeOAkQ==,44OZ44OT44O844K344Ol44O844K6IOOCs+ODs+ODkOODvOOCuSDjgqrjg7zjg6vjgrnjgr/jg7wg44Kt44OD44K644CC44OZ44OT44O844K344Ol44O844K6IOOCs+ODs+ODkOODvOOCuSBDT05WRVJTRSBCQUJZIEFMTCBTVEFSIOODmeODk+ODvCDjgqrjg7zjg6vjgrnjgr/jg7wgTiDjgq/jg6vjg54gWiDjgrjjg4Pjg5fku5jjgY0g44OZ44OT44O8IOOCreODg+OCuiDlrZDkvpsg44K444Ol44OL44KiIOODgeODq+ODieODrOODsyDjgrnjg4vjg7zjgqvjg7wg44K344Ol44O844K6IOWtkOS+m+mdtCDjg5njg5Pjg7zpnbQg44OV44Kh44O844K544OI44K344Ol44O844K6IDIwMTfmmKXmlrDkvZwg44CQ44GC44GZ5qW96YWN6YCB44CR[rn]
14-157816,aHR0cDovL3RzaG9wLnIxMHMuanAvb2hpc2FtYTI1MjUvY2FiaW5ldC82MDQyODU2ZTBmNWE0MGFjMGEvMTA2MjE0My5qcGc/Zml0aW49NzAwOjcwMA==,MjcyNy4yMDAw,,44Kt44OD44K644O744OZ44OT44O844O744Oe44K/44OL44OG44KjID4g44Kt44OD44K6ID4g6Z20ID4g44K544OL44O844Kr44O8,44CQ5Luj5byV44GN5LiN5Y+v44CR44CQ6YCB5paZ54Sh5paZ44CRRGlzbmV5KOODh+OCo+OCuuODi+ODvCnjgIDjg5njg5Pjg7zjgrfjg6Xjg7zjgrrjgIAxNC4wY23jgIBEUzAxODDjgIDjg5bjg6njg4Pjgq8=,44OX44Os44K844Oz44OI44Gr44KC44GK44GZ44GZ44KBIQ==,PHRhYmxlIHdpZHRoPSIxMDAlIiBib3JkZXI9IjAiIGFsaWduPSJjZW50ZXIiIGNlbGxwYWRkaW5nPSIxIiBjZWxsc3BhY2luZz0iMCI+PC90YWJsZT48dGFibGUgd2lkdGg9IjEwMCUiIGJvcmRlcj0iMCIgY2VsbHNwYWNpbmc9IjAiIGNlbGxwYWRkaW5nPSIwIj48dHI+PHRkPjxmb250IHNpemU9Ii0xIj7jgqvjg6njg5Xjg6vjgaflj6/mhJvjgonjgZfjgYTjgIHjg4fjgqPjgrrjg4vjg7zjga7jg5njg5Pjg7zjgrfjg6Xjg7zjgrrjgafjgZnjgILohLHjgY7lsaXjgY3jgYzjg6njgq/jgarjgIHjgqzjg5Djg4Pjgajplovplonjgr/jgqTjg5fjgILjgZToh6rlroXnlKjjgajjgZfjgabjga/jgoLjgaHjgo3jgpPjgIHotIjjgornianjgajjgZfjgabjgoLllpzjgbDjgozjgb7jgZnjgII8L2ZvbnQ+PC90ZD48L3RyPjwvdGFibGU+PGJyPjx0YWJsZSB3aWR0aD0iMTAwJSIgYm9yZGVyPSIwIiBjZWxscGFkZGluZz0iNSIgY2VsbHNwYWNpbmc9IjEiIGJnY29sb3I9IiM2NjY2NjYiPjx0ciBiZ2NvbG9yPSIjRkZGRkZGIj48dGQgYWxpZ249ImNlbnRlciIgIGJnY29sb3I9IiNGRkZGQ0MiPjxmb250IGNvbG9yPSIjMzMzMzMzIiBzaXplPSItMSI+44K144Kk44K6PC9mb250PjwvdGQ+PHRkIGFsaWduPSJsZWZ0Ij48Zm9udCBjb2xvcj0iIzMzMzMzMyIgc2l6ZT0iLTEiPjE0LjBjbTwvZm9udD48Zm9udCBjb2xvcj0iIzMzMzMzMyIgc2l6ZT0iLTEiPuWAi+ijheOCteOCpOOCuu+8mjE3w5cxNcOXOWNtPC9mb250PjwvdGQ+PC90cj48dHIgYmdjb2xvcj0iI0ZGRkZGRiI+PHRkIGFsaWduPSJjZW50ZXIiICBiZ2NvbG9yPSIjRkZGRkNDIj48Zm9udCBjb2xvcj0iIzMzMzMzMyIgc2l6ZT0iLTEiPumHjemHjzwvZm9udD48L3RkPjx0ZCBhbGlnbj0ibGVmdCI+PGZvbnQgY29sb3I9IiMzMzMzMzMiIHNpemU9Ii0xIj7niYfotrM657SENjJnPC9mb250Pjxmb250IGNvbG9yPSIjMzMzMzMzIiBzaXplPSItMSI+5YCL6KOF6YeN6YeP77yaMjAwZzwvZm9udD48L3RkPjwvdHI+PHRyIGJnY29sb3I9IiNGRkZGRkYiPjx0ZCBhbGlnbj0iY2VudGVyIiAgYmdjb2xvcj0iI0ZGRkZDQyI+PGZvbnQgY29sb3I9IiMzMzMzMzMiIHNpemU9Ii0xIj7ntKDmnZDjg7vmnZDos6o8L2ZvbnQ+PC90ZD48dGQgYWxpZ249ImxlZnQiPjxmb250IGNvbG9yPSIjMzMzMzMzIiBzaXplPSItMSI+44Ki44OD44OR44O8OuODneODquOCqOOCueODhuODq+OAgVBVPGJyPuOCveODvOODqzpFVkHjgIHlkIjmiJDjgrTjg6A8L2ZvbnQ+PC90ZD48L3RyPjx0ciBiZ2NvbG9yPSIjRkZGRkZGIj48dGQgYWxpZ249ImNlbnRlciIgIGJnY29sb3I9IiNGRkZGQ0MiPjxmb250IGNvbG9yPSIjMzMzMzMzIiBzaXplPSItMSI+6KO96YCg5Zu9PC9mb250PjwvdGQ+PHRkIGFsaWduPSJsZWZ0Ij48Zm9udCBjb2xvcj0iIzMzMzMzMyIgc2l6ZT0iLTEiPuS4reWbvTwvZm9udD48L3RkPjwvdHI+PC90YWJsZT7jgIzljJfmtbfpgZPjg7vmspbnuITjg7vpm6Lls7bjga/pgIHmlpnjgYzliKXmlpnph5Hjga7jgZ/jgoHliKXpgJTjgYrllY/jgYTlkIjjgo/jgZvjgY/jgaDjgZXjgYTjgILjgI0=,44CQ5Luj5byV44GN5LiN5Y+v44CR44CQ6YCB5paZ54Sh5paZ44CRRGlzbmV5KOODh+OCo+OCuuODi+ODvCnjgIDjg5njg5Pjg7zjgrfjg6Xjg7zjgrrjgIAxNC4wY23jgIBEUzAxODDjgIDjg5bjg6njg4Pjgq/vvJrjgYrjgbLjgZXjgb7jgY/jgonjgbY=,44OB44O844K644Kx44O844Kt44Os44OH44Kj44O844K544OV44Kh44OD44K344On44Oz44OA44Kk44Ko44OD44OI44K144OX44Oq44Oh44Oz44OI44K/44Or44OI44GK44GE44GX44GE5rC054S86IKJ44Gu44Gf44KM44CQ5Luj5byV44GN5LiN5Y+v44CR44CQ6YCB5paZ54Sh5paZ44CRRGlzbmV5KOODh+OCo+OCuuODi+ODvCnjgIDjg5njg5Pjg7zjgrfjg6Xjg7zjgrrjgIAxNC4wY23jgIBEUzAxODDjgIDjg5bjg6njg4Pjgq8=,44OX44Os44K844Oz44OI44Gr44KC44GK44GZ44GZ44KBIeOAguOAkOS7o+W8leOBjeS4jeWPr+OAkeOAkOmAgeaWmeeEoeaWmeOAkURpc25leSjjg4fjgqPjgrrjg4vjg7wp44CA44OZ44OT44O844K344Ol44O844K644CAMTQuMGNt44CARFMwMTgw44CA44OW44Op44OD44Kv[rn]
14-157817,aHR0cDovL3RzaG9wLnIxMHMuanAvYWZyb2JlYXQvY2FiaW5ldC9jbF8zMS8xMDc4ODk2LmpwZz9maXRpbj03MDA6NzAw,MzEyMC4wMDAw,,44Kt44OD44K644O744OZ44OT44O844O744Oe44K/44OL44OG44KjID4g44Kt44OD44K6ID4g6Z20ID4g44K544OL44O844Kr44O8,44CQVE9XTu+8hkNPVU5UUlnjgIDlpbPlhZDjg4/jgqTjg4bjgq/jgq3jg4Pjgrrjgrfjg6Xjg7zjgrrjgIDjg4DjgqTjg6Tjg6vjg4njg6njgqTjg5YoRGlhbCBEcml2ZSnjgIDjg6Djg7zjg7NEUklWReOCt+ODquODvOOCuuOAgFI0NzEwMi02MCDjgIDjg5bjg6njg4Pjgq/jgJHjgJBSQ1DjgJHjgJBITFNfRFXjgJHjgJDjgrPjg7Pjg5Pjg4vlj5flj5blr77lv5zllYblk4HjgJHjgrnjg4vjg7zjgqvjg7zjgIDlpbPlrZDjgIDlrZDkvpvnlKjjgIDpnbQ=,6ama44GN44Gu44K544OU44O844OJ44Gn5bGl44GR44KLISHohLHjgZLjgoshIQ==,PHRhYmxlIHdpZHRoPSIxMDAlIiBib3JkZXI9IjAiIGFsaWduPSJjZW50ZXIiIGNlbGxwYWRkaW5nPSIxIiBjZWxsc3BhY2luZz0iMCI+PHRyPjx0ZD48aW1nIHNyYz0iaHR0cDovL2ltYWdlLnJha3V0ZW4uY28uanAvdHVoYW4teWEvY2FiaW5ldC90X3NpbXBsZTU0NDIvMTA3ODg5Ni0wMi5qcGciIHdpZHRoPSIxMDAlIj48YnI+PGZvbnQgc2l6ZT0iMiI+PC9mb250Pjxicj48YnI+PC90ZD48L3RyPjx0cj48dGQgdmFsaWduPSJ0b3AiIGFsaWduPSJsZWZ0Ij48Zm9udCBzaXplPSIyIj48L2ZvbnQ+PC90ZD48L3RyPjx0cj48dGQ+PGltZyBzcmM9Imh0dHA6Ly9pbWFnZS5yYWt1dGVuLmNvLmpwL3R1aGFuLXlhL2NhYmluZXQvdF9zaW1wbGU1NDQyLzEwNzg4OTYtMDMuanBnIiB3aWR0aD0iMTAwJSI+PGJyPjxmb250IHNpemU9IjIiPjwvZm9udD48YnI+PGJyPjwvdGQ+PC90cj48dHI+PHRkPjxpbWcgc3JjPSJodHRwOi8vaW1hZ2UucmFrdXRlbi5jby5qcC90dWhhbi15YS9jYWJpbmV0L3Rfc2ltcGxlNTQ0Mi8xMDc4ODk2LTA0LmpwZyIgd2lkdGg9IjEwMCUiPjxicj48Zm9udCBzaXplPSIyIj48L2ZvbnQ+PGJyPjxicj48L3RkPjwvdHI+PC90YWJsZT48dGFibGUgd2lkdGg9IjEwMCUiIGJvcmRlcj0iMCIgY2VsbHNwYWNpbmc9IjAiIGNlbGxwYWRkaW5nPSIwIj48dHI+PHRkPjxmb250IHNpemU9Ii0xIj7jgIzjg4DjgqTjg6Tjg6tEUklWReOAjeOBr+OAgemdtOOBsuOCguOBruS7o+OCj+OCiuOBq+ODr+OCpOODpOODvOODrOODvOOCueOBqOOBneOCjOOCkuW3u+OBjeWPluOCi+ODgOOCpOODpOODq+OCkuWCmeOBiOOBn1RHRuapn+ani+OCkuaQrei8ieOBl+OBn+OAgeOCreODg+OCuueUqOOCueODneODvOODhOOCt+ODpeODvOOCuuOBp+OBmeOAgumpmuOBjeOBruODm+ODvOODq+ODieaEn+OBjOW+l+OCieOCjOOAgempmuOBjeOBruOCueODlOODvOODieOBp+iEseOBjuWxpeOBjeOBp+OBjeOCi+OBruOBjOeJueW+tOOBp+OBmeOAguOBvuOBn+OAgTPngrnjgqLjg7zjg4Hmp4vpgKDnq4vkvZPmiJDlnovjgqTjg7Pjgr3jg7zjg6vjgoTjgIHotrPjga7jg5vjg7zjg6vjg4nmhJ/jgpLpq5jjgoHjgovjg63jg7PjgrDjgqvjgqbjg7Pjgr/jg7zjgpLlhoXlpJbkuKHlgbTjgavmjqHnlKjjgZfjgIHjgZPjgozjgb7jgafjga7jgq3jg4PjgrrnlKjjgrnjg53jg7zjg4Tjgrfjg6Xjg7zjgrrjgavjga/jgarjgYvjgaPjgZ/lsaXjgY3jgoTjgZnjgZXjgIHml6njgY/otbDjgovjgZ/jgoHjga7mqZ/og73jgpLoqbDjgoHovrzjgpPjgaDpgYvli5XpnbQhITwvZm9udD48L3RkPjwvdHI+PC90YWJsZT48YnI+PHRhYmxlIHdpZHRoPSIxMDAlIiBib3JkZXI9IjAiIGNlbGxwYWRkaW5nPSI1IiBjZWxsc3BhY2luZz0iMSIgYmdjb2xvcj0iIzY2NjY2NiI+PHRyIGJnY29sb3I9IiNGRkZGRkYiPjx0ZCBhbGlnbj0iY2VudGVyIiBiZ2NvbG9yPSIjRkZGRkNDIj48Zm9udCBjb2xvcj0iIzMzMzMzMyIgc2l6ZT0iLTEiPuOCteOCpOOCujwvZm9udD48L3RkPjx0ZCBhbGlnbj0ibGVmdCI+PGZvbnQgY29sb3I9IiMzMzMzMzMiIHNpemU9Ii0xIj7lgIvoo4XjgrXjgqTjgrrvvJoxOcOXMjjDlzExY208L2ZvbnQ+PC90ZD48L3RyPjx0ciBiZ2NvbG9yPSIjRkZGRkZGIj48dGQgYWxpZ249ImNlbnRlciIgYmdjb2xvcj0iI0ZGRkZDQyI+PGZvbnQgY29sb3I9IiMzMzMzMzMiIHNpemU9Ii0xIj7ph43ph488L2ZvbnQ+PC90ZD48dGQgYWxpZ249ImxlZnQiPjxmb250IGNvbG9yPSIjMzMzMzMzIiBzaXplPSItMSI+54mH6Laz6YeN6YePOue0hDE1MGcoMjEuMGNtKTwvZm9udD48Zm9udCBjb2xvcj0iIzMzMzMzMyIgc2l6ZT0iLTEiPuWAi+ijhemHjemHj++8mjU0MGc8L2ZvbnQ+PC90ZD48L3RyPjx0ciBiZ2NvbG9yPSIjRkZGRkZGIj48dGQgYWxpZ249ImNlbnRlciIgYmdjb2xvcj0iI0ZGRkZDQyI+PGZvbnQgY29sb3I9IiMzMzMzMzMiIHNpemU9Ii0xIj7ntKDmnZDjg7vmnZDos6o8L2ZvbnQ+PC90ZD48dGQgYWxpZ249ImxlZnQiPjxmb250IGNvbG9yPSIjMzMzMzMzIiBzaXplPSItMSI+55Sy5p2QOuWQiOaIkOearumdqeOAgeW6leadkDrlkIjmiJDlupU8L2ZvbnQ+PC90ZD48L3RyPjx0ciBiZ2NvbG9yPSIjRkZGRkZGIj48dGQgYWxpZ249ImNlbnRlciIgYmdjb2xvcj0iI0ZGRkZDQyI+PGZvbnQgY29sb3I9IiMzMzMzMzMiIHNpemU9Ii0xIj7ku5Xmp5g8L2ZvbnQ+PC90ZD48dGQgYWxpZ249ImxlZnQiPjxmb250IGNvbG9yPSIjMzMzMzMzIiBzaXplPSItMSI+44Kk44Oz44OK44O844K944O844OrOuWPluOCiuWkluOBl+W8jzwvZm9udD48YnI+PC90ZD48L3RyPjx0ciBiZ2NvbG9yPSIjRkZGRkZGIj48dGQgYWxpZ249ImNlbnRlciIgYmdjb2xvcj0iI0ZGRkZDQyI+PGZvbnQgY29sb3I9IiMzMzMzMzMiIHNpemU9Ii0xIj7oo73pgKDlm708L2ZvbnQ+PC90ZD48dGQgYWxpZ249ImxlZnQiPjxmb250IGNvbG9yPSIjMzMzMzMzIiBzaXplPSItMSI+5Lit5Zu9PC9mb250PjwvdGQ+PC90cj48L3RhYmxlPjxicj48Zm9udCBjb2xvcj1yZWQgc2l6ZT0yPuacrOWVhuWTgeOBr+OBlOazqOaWh+OCiOOCiuOBiuaZgumWk+OCkuOBhOOBn+OBoOOBj+WgtOWQiOOCguOBlOOBluOBhOOBvuOBmeOAgjwvZm9udD48YnI+PGJyPjxicj48YnI+PGNlbnRlcj48aW1nIHNyYz1odHRwOi8vaW1hZ2UucmFrdXRlbi5jby5qcC9hZnJvYmVhdC9jYWJpbmV0L3NtaC90b3BzZWxsX3NtaC5naWYgYm9yZGVyPTA+PGJyPjxicj48aW1nIHNyYz1odHRwOi8vaW1hZ2UucmFrdXRlbi5jby5qcC9hZnJvYmVhdC9jYWJpbmV0L3NtaC9zYWxlX3NtaC5naWYgYm9yZGVyPTA+PC9jZW50ZXI+,44CQVE9XTu+8hkNPVU5UUlnjgIDlpbPlhZDjg4/jgqTjg4bjgq/jgq3jg4Pjgrrjgrfjg6Xjg7zjgrrjgIDjg4DjgqTjg6Tjg6vjg4njg6njgqTjg5YoRGlhbCBEcml2ZSnjgIDjg6Djg7zjg7NEUklWReOCt+ODquODvOOCuuOAgFI0NzEwMi02MCDjgIDjg5bjg6njg4Pjgq/jgJHjgJBSQ1DjgJHjgJBITFNfRFXjgJHjgJDjgrPjg7Pjg5Pjg4vlj5flj5blr77lv5zllYblk4HjgJHjgrnjg4vjg7zjgqvjg7zjgIDlpbPlrZDjgIDlrZDkvpvnlKjjgIDpnbTvvJrjgqLjg5Xjg63jg5Pjg7zjg4g=,44CQVE9XTu+8hkNPVU5UUlnjgIDlpbPlhZDjg4/jgqTjg4bjgq/jgq3jg4Pjgrrjgrfjg6Xjg7zjgrrjgIDjg4DjgqTjg6Tjg6vjg4njg6njgqTjg5YoRGlhbCBEcml2ZSnjgIDjg6Djg7zjg7NEUklWReOCt+ODquODvOOCuuOAgFI0NzEwMi02MCDjgIDjg5bjg6njg4Pjgq/jgJHjgJBSQ1DjgJHjgJBITFNfRFXjgJHjgJDjgrPjg7Pjg5Pjg4vlj5flj5blr77lv5zllYblk4HjgJHjgrnjg4vjg7zjgqvjg7zjgIDlpbPlrZDjgIDlrZDkvpvnlKjjgIDpnbQ=,6ama44GN44Gu44K544OU44O844OJ44Gn5bGl44GR44KLISHohLHjgZLjgoshIeOAguOAkFRPV07vvIZDT1VOVFJZ44CA5aWz5YWQ44OP44Kk44OG44Kv44Kt44OD44K644K344Ol44O844K644CA44OA44Kk44Ok44Or44OJ44Op44Kk44OWKERpYWwgRHJpdmUp44CA44Og44O844OzRFJJVkXjgrfjg6rjg7zjgrrjgIBSNDcxMDItNjAg44CA44OW44Op44OD44Kv44CR44CQUkNQ44CR44CQSExTX0RV44CR44CQ44Kz44Oz44OT44OL5Y+X5Y+W5a++5b+c5ZWG5ZOB44CR44K544OL44O844Kr44O844CA5aWz5a2Q44CA5a2Q5L6b55So44CA6Z20[rn]
14-157818,aHR0cDovL3RzaG9wLnIxMHMuanAvbWFpZG8tc2VsZWN0aW9uL2NhYmluZXQvcmFscGhfbGF1cmVuL3JhbHBobGF1cmVuLTAwM18wMXouanBnP2ZpdGluPTcwMDo3MDA=,MjIyMS42MDAw,,44Kt44OD44K644O744OZ44OT44O844O744Oe44K/44OL44OG44KjID4g44Kt44OD44K6ID4g6Z20ID4g44K544OL44O844Kr44O8,W+acgOe1glNBTEU1NDAw5YaG4oaSMjk5OeWGhl0g44Od44OtIOODqeODq+ODleODreODvOODrOODsyBQb2xvIFJhbHBoIExhdXJlbiDjgrnjg4vjg7zjgqvjg7wg44Kt44OD44K6IOWtkOS+m+mdtCDlpbPjga7lrZAg55S344Gu5a2QIOeZvSDpu5Ig44K544Oq44OD44Od44OzIDE0Y20gMTVjbSAxNmNtIEJhbCBIYXJib3VyIFJlcGVhdA==,W+mAgeaWmeeEoeaWmV3kuIrlk4Hjgarlj6/mhJvjgonjgZfjgZXjgafjg5fjg6zjgrzjg7Pjg4jjgavjgoLmnIDpganjgq3jg4Pjgrrjgrfjg6Xjg7zjgro=,PGZvbnQgc2l6ZT0iMSI+Cjx0YWJsZSB3aWR0aD0iMTAwJSIgY2VsbHBhZGRpbmc9IjMiIGNlbGxzcGFjaW5nPSIwIj4KPHRyIGJnY29sb3I9IiMwMDAwMDAiPjx0ZD4KPGZvbnQgY29sb3I9IiNGRkZGRkYiIHNpemU9IjIiPjxiPgpCYWwgSGFyYm91ciBSZXBlYXQKPC9iPjwvZm9udD4KPC90ZD48L3RyPjwvdGFibGU+CjxiciAvPgo8aW1nIHNyYz0iaHR0cDovL2ltYWdlLnJha3V0ZW4uY28uanAvbWFpZG8tc2VsZWN0aW9uL2NhYmluZXQvcmFscGhfbGF1cmVuL3JhbHBobGF1cmVuLTAwM18wMS5qcGciIHdpZHRoPSIxMDAlIiBib3JkZXI9IjAiIC8+CjxiciAvPjxiciAvPgoK5LiW55WM5Lit44Gn5LiN5YuV44Gu5Lq65rCX44KS6KqH44KLUkFMUEggTEFVUkVOKOODqeODq+ODlSDjg63jg7zjg6zjg7Mp44GL44KJ44GK44GX44KD44KM44Gq44Kt44OD44K655So44K344Ol44O844K644Gu55m75aC044CCCuODqeODq+ODleODreODvOODrOODs+OBruOCt+ODs+ODnOODq+ODnuODvOOCr+OBruODneODi+ODvOafhOOBr+S4iuWTgeOBquWPr+aEm+OCieOBl+OBleOBjOOBguOCiuOAgQrjgYrlrZDjgZXjgb7jga7jg5XjgqHjg7zjgrnjg4jjgrfjg6Xjg7zjgrrjgoTjg5fjg6zjgrzjg7Pjg4jjgajjgZfjgabjgoLkurrmsJfjgYzpq5jjgYTjgqLjgqTjg4bjg6DjgIIK5LiI5aSr44Gq44Kt44Oj44Oz44OQ44K555Sf5Zyw44Gv5p+U44KJ44GL44GP5Yqg5bel44GV44KM44CBCuWxpeOBjeWPo+OBruOCtOODoOOBjOOBiuWtkOOBleOBvuOBruWwj+OBleOBqui2s+OBq+OBl+OBo+OBi+OCiuODleOCo+ODg+ODiOOBleOBm+OBpuOBj+OCjOOBvuOBmeOAggropqrlrZDjgZ3jgo3jgaPjgabjg6njg6vjg5Xjg63jg7zjg6zjg7Pjga7jgrfjg6Xjg7zjgrrjgafjgYrjgZfjgoPjgozjgavmsbrjgoHjgovjga7jgavjgYrjgZnjgZnjgoHjgIIKCgo8YnIgLz48YnIgLz48cCBhbGlnbj0icmlnaHQiPjxmb250IHNpemU9IjIiPuKHkuips+e0sOeUu+WDj+OBr+OBk+OBoeOCiTwvZm9udD48L3A+CjxiciAvPgoKCgo8dGFibGUgd2lkdGg9IjEwMCUiIGNlbGxwYWRkaW5nPSIzIiBjZWxsc3BhY2luZz0iMCI+PHRyIGJnY29sb3I9IiNFREVERUQiPgogIDx0ZD48Zm9udCBzaXplPSIyIj5DT0xPUjwvZm9udD48L3RkPjwvdHI+PC90YWJsZT4KICA8YnIgLz4K4oC744GT44Gh44KJ44GM5a6f54mp44Gr5pyA44KC6L+R44GE44GK6Imy5ZGz44Gn44GZ44GM44CB55Kw5aKD44Gr44KI44Gj44Gm6KaL44GI5pa544Gv55Ww44Gq44KK44G+44GZ44Gu44Gn44CB44GU5LiN5a6J44Gq54K544Gv44GK5ZWP44GE5ZCI44KP44Gb44GP44Gg44GV44GE44CCCjxiciAvPjxiciAvPgoKPGltZyBzcmM9Imh0dHA6Ly9pbWFnZS5yYWt1dGVuLmNvLmpwL21haWRvLXNlbGVjdGlvbi9jYWJpbmV0L3JhbHBoX2xhdXJlbi9yYWxwaGxhdXJlbi0wMDNfMmIuanBnIiB3aWR0aD0iMTAwJSIgYm9yZGVyPSIwIiAvPgoKPGJyIC8+CgoKCjxiciAvPgo8YnIgLz4KPHRhYmxlIHdpZHRoPSIxMDAlIiBjZWxscGFkZGluZz0iMyIgY2VsbHNwYWNpbmc9IjAiPjx0ciBiZ2NvbG9yPSIjRURFREVEIj4KPHRkPjxmb250IHNpemU9IjIiPlNQRUM8L2ZvbnQ+PC90ZD48L3RyPjwvdGFibGU+CjxiciAvPgoKPHRhYmxlIHdpZHRoPSIxMDAlIiBib3JkZXI9IjAiIGNlbGxwYWRkaW5nPSI1IiBjZWxsc3BhY2luZz0iMCI+Cjx0cj4KPHRkIHdpZHRoPSIyMCUiIGJnY29sb3I9IiNFREVERUQiPuODluODqeODs+ODiTwvdGQ+Cjx0ZCB3aWR0aD0iODAlIj5SQUxQSCBMQVVSRU48L3RkPjwvdHI+PHRyPgo8dGQgd2lkdGg9IjIwJSIgYmdjb2xvcj0iI0VERURFRCI+5ZWG5ZOB5ZCNPC90ZD4KPHRkIHdpZHRoPSI4MCUiPkJhbCBIYXJib3VyIFJlcGVhdDwvdGQ+CjwvdHI+Cjx0cj4KPHRkIGJnY29sb3I9IiNFREVERUQiPueUn+eUo+WbvTwvdGQ+Cjx0ZD7kuK3lm708L3RkPjwvdHI+PHRyPgo8dGQgYmdjb2xvcj0iI0VERURFRCI+57Sg5p2QPC90ZD4KPHRkPgrjgqLjg4Pjg5Hjg7zvvJrjgq3jg6Pjg7Pjg5Djgrk8YnIgLz4K44K944O844Or77ya44Op44OQ44O8PGJyIC8+Cgo8L3RkPgo8L3RyPgoKPHRyPgo8dGQgYmdjb2xvcj0iI0VERURFRCI+5rOo5oSP54K5PC90ZD4KPHRkPgrjg7vnlJ/nlKPmmYLmnJ/jgavjgojjgorjgYvjgYvjgajjga7jg63jgrTjga7mnInnhKHjgYzjgZTjgZbjgYTjgb7jgZnjgYzjgIHjgZTpgbjmip7jgYTjgZ/jgaDjgZHjgb7jgZvjgpM8YnIgLz4K44O75rW35aSW6Ly45YWl5ZOB44Gu44Gf44KB44CB6Lu95b6u44Gu5rGa44KM44GM6KaL44KJ44KM44KL5aC05ZCI44GM44GC44KL44CCPGJyPgo8L3RkPgo8L3RyPgoKPC90YWJsZT4KPGJyIC8+CuKXhlNJWkUoY20p4oC75bmz572u44GN5a6f5a+444K144Kk44K677yI44K544K/44OD44OV5o6h5a+477yJPGJyPgo8dGFibGUgd2lkdGg9IjEwMCUiIGJvcmRlcj0iMCIgY2VsbHBhZGRpbmc9IjUiIGNlbGxzcGFjaW5nPSIwIj4KPHRyPgo8dGggYWxpZ249ImNlbnRlciIgYmdjb2xvcj0iI0VERURFRCIgd2lkdGg9IjI1JSI+44K144Kk44K6PC90aD4KPHRoIGFsaWduPSJjZW50ZXIiIGJnY29sb3I9IiNFREVERUQiIHdpZHRoPSIyNSUiPueUsuW5hTwvdGg+Cjx0aCBhbGlnbj0iY2VudGVyIiBiZ2NvbG9yPSIjRURFREVEIiB3aWR0aD0iMjUlIj7nrZLpq5jjgZU8L3RoPgo8dGggYWxpZ249ImNlbnRlciIgYmdjb2xvcj0iI0VERURFRCIgd2lkdGg9IjI1JSI+44OS44O844Or6auY44GVPC90aD4KPC90cj4KCjx0cj4KPHRkIGFsaWduPSJjZW50ZXIiPjE0LjA8L3RkPgo8dGQgYWxpZ249ImNlbnRlciI+NzwvdGQ+Cjx0ZCBhbGlnbj0iY2VudGVyIj40LjU8L3RkPgo8dGQgYWxpZ249ImNlbnRlciIgcm93c3Bhbj0iNSI+MjwvdGQ+CjwvdHI+Cgo8dHI+Cjx0ZCBhbGlnbj0iY2VudGVyIj4xNS4wPC90ZD4KPHRkIGFsaWduPSJjZW50ZXIiPjc8L3RkPgo8dGQgYWxpZ249ImNlbnRlciI+NC41PC90ZD4KPC90cj4KCjx0cj4KPHRkIGFsaWduPSJjZW50ZXIiPjE2LjA8L3RkPgo8dGQgYWxpZ249ImNlbnRlciI+Ny41PC90ZD4KPHRkIGFsaWduPSJjZW50ZXIiPjU8L3RkPgo8L3RyPgoKPC90YWJsZT4KIAoKPGJyIC8+CjxiciAvPgo8dGFibGUgd2lkdGg9IjEwMCUiIGNlbGxzcGFjaW5nPSIxIiBjZWxscGFkZGluZz0iMyI+CiAgPHRyPjx0ZCBhbGlnbj0iY2VudGVyIiBiZ2NvbG9yPSIjRURFREVEIj4KICDih5LntKDmnZDliKXjgYrmiYvlhaXjgozmlrnms5U8L3RkPjx0ZCBhbGlnbj0iY2VudGVyIiBiZ2NvbG9yPSIjRURFREVEIj7ih5LmjqHlr7jmlrnms5U8L3RkPjx0ZCBhbGlnbj0iY2VudGVyIiBiZ2NvbG9yPSIjRURFREVEIj7ih5Ljg6Hjg7zjg6vkvr/jgZTliKnnlKjmlrnms5U8L3RkPjwvdHI+PC90YWJsZT4KICA8YnIgLz4KICA8dGFibGUgd2lkdGg9IjEwMCUiIGNlbGxzcGFjaW5nPSIxIiBjZWxscGFkZGluZz0iNSIgYmdjb2xvcj0iI0NDQyI+PHRyPjx0ZCBhbGlnbj0iY2VudGVyIiBiZ2NvbG9yPSIjRkZGIj4KICA8Zm9udCBzaXplPSIzIj7jgZ3jga7ku5bjga5SQUxQSCBMQVVSRU7jga/jgZPjgaHjgok8L2ZvbnQ+PC90ZD48L3RyPjwvdGFibGU+CiAgPGJyIC8+CjwvZm9udD4KCgoKPGltZyBzcmM9Imh0dHA6Ly9pbWFnZS5yYWt1dGVuLmNvLmpwL21haWRvLXNlbGVjdGlvbi9jYWJpbmV0LzAxMzI5NDE1L2Juci0wMDZhLmpwZyIgd2lkdGg9IjEwMCUiIC8+,W+acgOe1glNBTEU1NDAw5YaGJnJhcnI7Mjk5OeWGhl0g44Od44OtIOODqeODq+ODleODreODvOODrOODsyBQb2xvIFJhbHBoIExhdXJlbiDjgrnjg4vjg7zjgqvjg7wg44Kt44OD44K6IOWtkOS+m+mdtCDlpbPjga7lrZAg55S344Gu5a2QIOeZvSDpu5Ig44K544Oq44OD44Od44OzIDE0Y20gMTVjbSAxNmNtIEJhbCBIYXJib3VyIFJlcGVhdO+8mk1TU++8iOOCqOODoOOCqOOCueOCqOOCue+8iQ==,TGFuaeODqeODi01JTk5FVE9OS0Hjg5/jg43jg4jjg7PjgqtoYW5reSBwYW5reeODj+ODs+OCreODvOODkeODs+OCreODvFJhaWxz44Os44Kk44Or44K6IENIQU4gTFVV44OB44Oj44Oz44Or44O8SmFtZXMgUGVyc2Xjgrjjgqfjg7zjg6Djgrnjg5Hjg7zjgrl0aHJlZSBkb3Rz44K544Oq44O844OJ44OD44OES2FzaHdlcmXjgqvjgrfjgqbjgqfjgqJCYXJlZm9vdCBEcmVhbXPjg5njgqLjg5Xjg4Pjg4jjg4njg6rjg7zjg6DjgrlhZGVuICsgYW5haXPjgqjjgqTjg4fjg7PjgqLjg7Pjg4njgqLjg43jgqRCbG93ZmlzaOODluODreODvOODleOCo+ODg+OCt+ODpUZSRUUgRklTSOODleODquODvOODleOCo+ODg+OCt+ODpVBpZXJyZSBNYW50b3V444OU44Ko44O844Or44Oe44Oz44OI44Kl44O8QkxBTksgTllD44OW44Op44Oz44Kv44OL44Ol44O844Oo44O844Kv44K344OG44Kj44O8Q2hyaXN0eXMnIEhhdHPjgq/jg6rjgrnjg4bjgqPjg7zjgrrjg4/jg4Pjg4hDVVJSRU5UL0VMTElPVFTjgqvjg6zjg7Pjg4jjgqjjg6rjgqrjg4Pjg4hIZWxlbiBLYW1pbnNraeODmOODrOODs+OCq+ODn+ODs+OCueOCreODvEtpdHNjaOOCreODg+ODgeODpW1hdHRh44Oe44OD44K/TkVXIFlPUksgSEFU44OL44Ol44O844Oo44O844Kv44OP44OD44OIW+acgOe1glNBTEU1NDAw5YaGJnJhcnI7Mjk5OeWGhl0g44Od44OtIOODqeODq+ODleODreODvOODrOODsyBQb2xvIFJhbHBoIExhdXJlbiDjgrnjg4vjg7zjgqvjg7wg44Kt44OD44K6IOWtkOS+m+mdtCDlpbPjga7lrZAg55S344Gu5a2QIOeZvSDpu5Ig44K544Oq44OD44Od44OzIDE0Y20gMTVjbSAxNmNtIEJhbCBIYXJib3VyIFJlcGVhdA==,W+mAgeaWmeeEoeaWmV3kuIrlk4Hjgarlj6/mhJvjgonjgZfjgZXjgafjg5fjg6zjgrzjg7Pjg4jjgavjgoLmnIDpganjgq3jg4Pjgrrjgrfjg6Xjg7zjgrrjgIJb5pyA57WCU0FMRTU0MDDlhoYmcmFycjsyOTk55YaGXSDjg53jg60g44Op44Or44OV44Ot44O844Os44OzIFBvbG8gUmFscGggTGF1cmVuIOOCueODi+ODvOOCq+ODvCDjgq3jg4Pjgrog5a2Q5L6b6Z20IOWls+OBruWtkCDnlLfjga7lrZAg55m9IOm7kiDjgrnjg6rjg4Pjg53jg7MgMTRjbSAxNWNtIDE2Y20gQmFsIEhhcmJvdXIgUmVwZWF0[rn]
14-157819,aHR0cDovL3RzaG9wLnIxMHMuanAvbWFpZG8tc2VsZWN0aW9uL2NhYmluZXQvcmFscGhfbGF1cmVuL3JhbHBobGF1cmVuLTAwNl8wMXouanBnP2ZpdGluPTcwMDo3MDA=,MjIyMS42MDAw,,44Kt44OD44K644O744OZ44OT44O844O744Oe44K/44OL44OG44KjID4g44Kt44OD44K6ID4g6Z20ID4g44K544OL44O844Kr44O8,W+acgOe1glNBTEU1NDAw5YaG4oaSMjk5OeWGhl0g44Od44OtIOODqeODq+ODleODreODvOODrOODsyBQb2xvIFJhbHBoIExhdXJlbiDjgrnjg4vjg7zjgqvjg7wg44Kt44OD44K6IOWtkOS+m+mdtCDlpbPjga7lrZAg55S344Gu5a2QIOeZvSDntLog44K544Oq44OD44Od44OzIDE0Y20gMTVjbSAxNmNtIFZpY3Rvcnk=,W+mAgeaWmeeEoeaWmV3kuIrlk4Hjgarlj6/mhJvjgonjgZfjgZXjgafjg5fjg6zjgrzjg7Pjg4jjgavjgoLmnIDpganjgq3jg4Pjgrrjgrfjg6Xjg7zjgro=,PGZvbnQgc2l6ZT0iMSI+Cjx0YWJsZSB3aWR0aD0iMTAwJSIgY2VsbHBhZGRpbmc9IjMiIGNlbGxzcGFjaW5nPSIwIj4KPHRyIGJnY29sb3I9IiMwMDAwMDAiPjx0ZD4KPGZvbnQgY29sb3I9IiNGRkZGRkYiIHNpemU9IjIiPjxiPgpWaWN0b3J5CjwvYj48L2ZvbnQ+CjwvdGQ+PC90cj48L3RhYmxlPgo8YnIgLz4KPGltZyBzcmM9Imh0dHA6Ly9pbWFnZS5yYWt1dGVuLmNvLmpwL21haWRvLXNlbGVjdGlvbi9jYWJpbmV0L3JhbHBoX2xhdXJlbi9yYWxwaGxhdXJlbi0wMDZfMDEuanBnIiB3aWR0aD0iMTAwJSIgYm9yZGVyPSIwIiAvPgo8YnIgLz48YnIgLz4KCuS4lueVjOS4reOBp+S4jeWLleOBruS6uuawl+OCkuiqh+OCi1JBTFBIIExBVVJFTijjg6njg6vjg5Ug44Ot44O844Os44OzKeOBi+OCieOBiuOBl+OCg+OCjOOBquOCreODg+OCuueUqOOCt+ODpeODvOOCuuOBrueZu+WgtOOAggrjg6njg6vjg5Xjg63jg7zjg6zjg7Pjga7jgrfjg7Pjg5zjg6vjg57jg7zjgq/jga7jg53jg4vjg7zmn4Tjga/kuIrlk4HjgZXjgYzjgYLjgorjgIEK44GK5a2Q44GV44G+44Gu44OV44Kh44O844K544OI44K344Ol44O844K644KE44OX44Os44K844Oz44OI44Go44GX44Gm44KC5Lq65rCX44GM6auY44GE44Ki44Kk44OG44Og44CCCuS4iOWkq+OBquOCreODo+ODs+ODkOOCueeUn+WcsOOBr+aflOOCieOBi+OBj+WKoOW3peOBleOCjOOAgQrlsaXjgY3lj6Pjga7jgrTjg6DjgYzjgYrlrZDjgZXjgb7jga7lsI/jgZXjgarotrPjgavjgZfjgaPjgYvjgorjg5XjgqPjg4Pjg4jjgZXjgZvjgabjgY/jgozjgb7jgZnjgIIK6Kaq5a2Q44Gd44KN44Gj44Gm44Op44Or44OV44Ot44O844Os44Oz44Gu44K344Ol44O844K644Gn44GK44GX44KD44KM44Gr5rG644KB44KL44Gu44Gr44GK44GZ44GZ44KB44CCCgoKPGJyIC8+PGJyIC8+PHAgYWxpZ249InJpZ2h0Ij48Zm9udCBzaXplPSIyIj7ih5LoqbPntLDnlLvlg4/jga/jgZPjgaHjgok8L2ZvbnQ+PC9wPgo8YnIgLz4KCgoKPHRhYmxlIHdpZHRoPSIxMDAlIiBjZWxscGFkZGluZz0iMyIgY2VsbHNwYWNpbmc9IjAiPjx0ciBiZ2NvbG9yPSIjRURFREVEIj4KICA8dGQ+PGZvbnQgc2l6ZT0iMiI+Q09MT1I8L2ZvbnQ+PC90ZD48L3RyPjwvdGFibGU+CiAgPGJyIC8+CuKAu+OBk+OBoeOCieOBjOWun+eJqeOBq+acgOOCgui/keOBhOOBiuiJsuWRs+OBp+OBmeOBjOOAgeeSsOWig+OBq+OCiOOBo+OBpuimi+OBiOaWueOBr+eVsOOBquOCiuOBvuOBmeOBruOBp+OAgeOBlOS4jeWuieOBqueCueOBr+OBiuWVj+OBhOWQiOOCj+OBm+OBj+OBoOOBleOBhOOAggo8YnIgLz48YnIgLz4KCjxpbWcgc3JjPSJodHRwOi8vaW1hZ2UucmFrdXRlbi5jby5qcC9tYWlkby1zZWxlY3Rpb24vY2FiaW5ldC9yYWxwaF9sYXVyZW4vcmFscGhsYXVyZW4tMDA2XzAyLmpwZyIgd2lkdGg9IjEwMCUiIGJvcmRlcj0iMCIgLz4KCjxiciAvPgoKCgo8YnIgLz4KPGJyIC8+Cjx0YWJsZSB3aWR0aD0iMTAwJSIgY2VsbHBhZGRpbmc9IjMiIGNlbGxzcGFjaW5nPSIwIj48dHIgYmdjb2xvcj0iI0VERURFRCI+Cjx0ZD48Zm9udCBzaXplPSIyIj5TUEVDPC9mb250PjwvdGQ+PC90cj48L3RhYmxlPgo8YnIgLz4KCjx0YWJsZSB3aWR0aD0iMTAwJSIgYm9yZGVyPSIwIiBjZWxscGFkZGluZz0iNSIgY2VsbHNwYWNpbmc9IjAiPgo8dHI+Cjx0ZCB3aWR0aD0iMjAlIiBiZ2NvbG9yPSIjRURFREVEIj7jg5bjg6njg7Pjg4k8L3RkPgo8dGQgd2lkdGg9IjgwJSI+UkFMUEggTEFVUkVOPC90ZD48L3RyPjx0cj4KPHRkIHdpZHRoPSIyMCUiIGJnY29sb3I9IiNFREVERUQiPuWVhuWTgeWQjTwvdGQ+Cjx0ZCB3aWR0aD0iODAlIj5WaWN0b3J5PC90ZD4KPC90cj4KPHRyPgo8dGQgYmdjb2xvcj0iI0VERURFRCI+55Sf55Sj5Zu9PC90ZD4KPHRkPuS4reWbvTwvdGQ+PC90cj48dHI+Cjx0ZCBiZ2NvbG9yPSIjRURFREVEIj7ntKDmnZA8L3RkPgo8dGQ+CuOCouODg+ODkeODvO+8muOCreODo+ODs+ODkOOCuTxiciAvPgrjgr3jg7zjg6vvvJrjg6njg5Djg7w8YnIgLz4KCjwvdGQ+CjwvdHI+Cgo8dHI+Cjx0ZCBiZ2NvbG9yPSIjRURFREVEIj7ms6jmhI/ngrk8L3RkPgo8dGQ+CigxKeeUn+eUo+aZguacn+OBq+OCiOOCiuOBi+OBi+OBqOOBruODreOCtOOBruacieeEoeOBjOOBlOOBluOBhOOBvuOBmeOBjOOAgeOBlOmBuOaKnuOBhOOBn+OBoOOBkeOBvuOBm+OCk+OAgjxiciAvPgooMinnlJ/nlKPmmYLmnJ/jgavjgojjgorku5Xmp5jjga7lpInmm7TjgYzjgYLjgovloLTlkIjjgYzjgYLjgorjgb7jgZnjgII8YnI+CjwvdGQ+CjwvdHI+Cgo8L3RhYmxlPgo8YnIgLz4K4peGU0laRShjbSnigLvlubPnva7jgY3lrp/lr7jjgrXjgqTjgrrvvIjjgrnjgr/jg4Pjg5XmjqHlr7jvvIk8YnI+Cjx0YWJsZSB3aWR0aD0iMTAwJSIgYm9yZGVyPSIwIiBjZWxscGFkZGluZz0iNSIgY2VsbHNwYWNpbmc9IjAiPgo8dHI+Cjx0aCBhbGlnbj0iY2VudGVyIiBiZ2NvbG9yPSIjRURFREVEIiB3aWR0aD0iMjUlIj7jgrXjgqTjgro8L3RoPgo8dGggYWxpZ249ImNlbnRlciIgYmdjb2xvcj0iI0VERURFRCIgd2lkdGg9IjI1JSI+55Sy5bmFPC90aD4KPHRoIGFsaWduPSJjZW50ZXIiIGJnY29sb3I9IiNFREVERUQiIHdpZHRoPSIyNSUiPuetkumrmOOBlTwvdGg+Cjx0aCBhbGlnbj0iY2VudGVyIiBiZ2NvbG9yPSIjRURFREVEIiB3aWR0aD0iMjUlIj7jg5Ljg7zjg6vpq5jjgZU8L3RoPgo8L3RyPgoKPHRyPgo8dGQgYWxpZ249ImNlbnRlciI+MTQuMDwvdGQ+Cjx0ZCBhbGlnbj0iY2VudGVyIj43PC90ZD4KPHRkIGFsaWduPSJjZW50ZXIiPjQ8L3RkPgo8dGQgYWxpZ249ImNlbnRlciIgcm93c3Bhbj0iNSI+MjwvdGQ+CjwvdHI+Cgo8dHI+Cjx0ZCBhbGlnbj0iY2VudGVyIj4xNS4wPC90ZD4KPHRkIGFsaWduPSJjZW50ZXIiPjc8L3RkPgo8dGQgYWxpZ249ImNlbnRlciI+NC41PC90ZD4KPC90cj4KCjx0cj4KPHRkIGFsaWduPSJjZW50ZXIiPjE2LjA8L3RkPgo8dGQgYWxpZ249ImNlbnRlciI+Ny41PC90ZD4KPHRkIGFsaWduPSJjZW50ZXIiPjQuNTwvdGQ+CjwvdHI+Cgo8L3RhYmxlPgogCgo8YnIgLz4KPGJyIC8+Cjx0YWJsZSB3aWR0aD0iMTAwJSIgY2VsbHNwYWNpbmc9IjEiIGNlbGxwYWRkaW5nPSIzIj4KICA8dHI+PHRkIGFsaWduPSJjZW50ZXIiIGJnY29sb3I9IiNFREVERUQiPgogIOKHkue0oOadkOWIpeOBiuaJi+WFpeOCjOaWueazlTwvdGQ+PHRkIGFsaWduPSJjZW50ZXIiIGJnY29sb3I9IiNFREVERUQiPuKHkuaOoeWvuOaWueazlTwvdGQ+PHRkIGFsaWduPSJjZW50ZXIiIGJnY29sb3I9IiNFREVERUQiPuKHkuODoeODvOODq+S+v+OBlOWIqeeUqOaWueazlTwvdGQ+PC90cj48L3RhYmxlPgogIDxiciAvPgogIDx0YWJsZSB3aWR0aD0iMTAwJSIgY2VsbHNwYWNpbmc9IjEiIGNlbGxwYWRkaW5nPSI1IiBiZ2NvbG9yPSIjQ0NDIj48dHI+PHRkIGFsaWduPSJjZW50ZXIiIGJnY29sb3I9IiNGRkYiPgogIDxmb250IHNpemU9IjMiPuOBneOBruS7luOBrlJBTFBIIExBVVJFTuOBr+OBk+OBoeOCiTwvZm9udD48L3RkPjwvdHI+PC90YWJsZT4KICA8YnIgLz4KPC9mb250PgoKCgo8aW1nIHNyYz0iaHR0cDovL2ltYWdlLnJha3V0ZW4uY28uanAvbWFpZG8tc2VsZWN0aW9uL2NhYmluZXQvMDEzMjk0MTUvYm5yLTAwNmEuanBnIiB3aWR0aD0iMTAwJSIgLz4=,W+acgOe1glNBTEU1NDAw5YaGJnJhcnI7Mjk5OeWGhl0g44Od44OtIOODqeODq+ODleODreODvOODrOODsyBQb2xvIFJhbHBoIExhdXJlbiDjgrnjg4vjg7zjgqvjg7wg44Kt44OD44K6IOWtkOS+m+mdtCDlpbPjga7lrZAg55S344Gu5a2QIOeZvSDntLog44K544Oq44OD44Od44OzIDE0Y20gMTVjbSAxNmNtIFZpY3RvcnnvvJpNU1PvvIjjgqjjg6DjgqjjgrnjgqjjgrnvvIk=,TGFuaeODqeODi01JTk5FVE9OS0Hjg5/jg43jg4jjg7PjgqtoYW5reSBwYW5reeODj+ODs+OCreODvOODkeODs+OCreODvFJhaWxz44Os44Kk44Or44K6IENIQU4gTFVV44OB44Oj44Oz44Or44O8SmFtZXMgUGVyc2Xjgrjjgqfjg7zjg6Djgrnjg5Hjg7zjgrl0aHJlZSBkb3Rz44K544Oq44O844OJ44OD44OES2FzaHdlcmXjgqvjgrfjgqbjgqfjgqJCYXJlZm9vdCBEcmVhbXPjg5njgqLjg5Xjg4Pjg4jjg4njg6rjg7zjg6DjgrlhZGVuICsgYW5haXPjgqjjgqTjg4fjg7PjgqLjg7Pjg4njgqLjg43jgqRCbG93ZmlzaOODluODreODvOODleOCo+ODg+OCt+ODpUZSRUUgRklTSOODleODquODvOODleOCo+ODg+OCt+ODpVBpZXJyZSBNYW50b3V444OU44Ko44O844Or44Oe44Oz44OI44Kl44O8QkxBTksgTllD44OW44Op44Oz44Kv44OL44Ol44O844Oo44O844Kv44K344OG44Kj44O8Q2hyaXN0eXMnIEhhdHPjgq/jg6rjgrnjg4bjgqPjg7zjgrrjg4/jg4Pjg4hDVVJSRU5UL0VMTElPVFTjgqvjg6zjg7Pjg4jjgqjjg6rjgqrjg4Pjg4hIZWxlbiBLYW1pbnNraeODmOODrOODs+OCq+ODn+ODs+OCueOCreODvEtpdHNjaOOCreODg+ODgeODpW1hdHRh44Oe44OD44K/TkVXIFlPUksgSEFU44OL44Ol44O844Oo44O844Kv44OP44OD44OIW+acgOe1glNBTEU1NDAw5YaGJnJhcnI7Mjk5OeWGhl0g44Od44OtIOODqeODq+ODleODreODvOODrOODsyBQb2xvIFJhbHBoIExhdXJlbiDjgrnjg4vjg7zjgqvjg7wg44Kt44OD44K6IOWtkOS+m+mdtCDlpbPjga7lrZAg55S344Gu5a2QIOeZvSDntLog44K544Oq44OD44Od44OzIDE0Y20gMTVjbSAxNmNtIFZpY3Rvcnk=,W+mAgeaWmeeEoeaWmV3kuIrlk4Hjgarlj6/mhJvjgonjgZfjgZXjgafjg5fjg6zjgrzjg7Pjg4jjgavjgoLmnIDpganjgq3jg4Pjgrrjgrfjg6Xjg7zjgrrjgIJb5pyA57WCU0FMRTU0MDDlhoYmcmFycjsyOTk55YaGXSDjg53jg60g44Op44Or44OV44Ot44O844Os44OzIFBvbG8gUmFscGggTGF1cmVuIOOCueODi+ODvOOCq+ODvCDjgq3jg4Pjgrog5a2Q5L6b6Z20IOWls+OBruWtkCDnlLfjga7lrZAg55m9IOe0uiDjgrnjg6rjg4Pjg53jg7MgMTRjbSAxNWNtIDE2Y20gVmljdG9yeQ==[rn]
14-157820,aHR0cDovL3RzaG9wLnIxMHMuanAvbXJ2dC9jYWJpbmV0L21zL21zMTdzcy1zc2s3NDAtMS5qcGc/Zml0aW49NzAwOjcwMA==,MjU5Mi44MDAw,,44Kt44OD44K644O744OZ44OT44O844O744Oe44K/44OL44OG44KjID4g44Kt44OD44K6ID4g6Z20ID4g44K544OL44O844Kr44O8,7720776d776E776Y772w44GZ44KL44Go776O776f772y776d776EMuWAje+9njflgI0gNC8xOSjmsLQpMjM6NTnov4Qg44CQ6YCB5paZ54Sh5paZ44CR6YCf44GP6LWw44KM44KL44OR44Ov44O844OQ44ON5pCt6LyJ44Gu44K544O844OR44O844K544K/44O84piF44CQ44Oh44O844Kr44O85Y+W5a+E44Gb5ZOB44CR77yz77yzIO+8q++8l++8lO+8kOOAkOODoOODvOODs+OCueOCv+ODvO+9pe+8re+8r++8r++8ru+8s++8tO+8oe+8suOAkQ==,NC8yNO+9njQvMjbnmbrpgIEmckFycjs0LzE5IDEzOjU56L+E4oC75qyg5ZOB44Gv6YCj57Wh44GX44G+44GZ,44CQ44GZ44GQ44Gr5bGK44GP5Y2z5pel55m66YCB44KS44GU5biM5pyb44Gu5pa544Gv44Kz44Kz44KS44Kv44Oq44OD44Kv44CRPEJSPgrjgIzjg5Djg43jga7jg4Hjgqvjg6njgILjgI3jga7jg5zjg7zjgqTjgrrjgq3jg4Pjgrrjgrnjg4vjg7zjgqvjg7zjgafjgZnjgILotoXou73ph4/oqK3oqIjjgavpgJrmsJfmgKfjgpLogIPmha7jgZfjgabjg6Hjg4Pjgrfjg6XjgpLlpJrnlKjjgZfjgZ/lrprnlarjga7jgrnjg53jg7zjg4bjgqPjg7zjg6zjg7zjgrfjg7PjgrDjg6Ljg4fjg6vjgafjgZnjgILph43ph4/jga/jgIHniYfotrPjgo/jgZrjgYvntIQ5NWcoMTcuMOOCu+ODs+ODgeOCteOCpOOCuuaZginjgajotoXou73ph4/oqK3oqIjjgafjgZk8YnI+CuKWoOe0oOadkO+8muWQiOe5ii/lkIjnmq48QlI+CuKWoOOCveODvOODqzrnibnmropFVkEv5ZCI5oiQ44K044OgPEJSPgrilqDmqKrluYXvvJrvvJLvvKXjgJDpgJrluLjjgr/jgqTjg5fjgJE8YnI+CuKWoOmHjemHj++8mueJh+i2s+e0hDk1Zy8xN+OCu+ODs+ODgTxicj4K4pag5YKZ6ICD77ya55S344Gu5a2Q44CA55S35YWQ44CA55S35a2Q44CA44Oc44O844Kk44K644CA5a2Q5L6b6Z2044CA44K344Ol44O844K644CA44K544OL44O844Kr44O844CA6YGL5YuV6Z2044CA5pmu5q615bGl44GN44CA44Ot44O844Kr44OD44OI44CA44GL44GR44Gj44GT44CA56u25LqJ44CA6YGL5YuV5Lya44CA6YGL5YuV44CA44K144OD44Kr44O844CA44K544Od44O844OE44CA5o6I5qWt44CA44Oq44Os44O844CA44Kt44OD44K644CA44K444Ol44OL44Ki44CA44OB44Oj44Kk44Or44OJ44CA6Lu96YeP44CA6YCa5rCX44CA44Oh44OD44K344Ol44CAPEJSPjxmb250IHNpemU9MSBjb2xvcj0wMDk5ZmY+5qyy44GX44GE7727772y7729776e44Gn5o6i44GZ77yaIDE1LjBjbSAxNS41Y20gMTYuMGNtIDE2LjVjbSAxNy4wY20gMTcuNWNtIDE4LjBjbSAxOC41Y20gMTkuMGNtIDE1Y20gMTZjbSAxN2NtIDE4Y20gMTljbTwvZm9udD4=,7720776d776E776Y772w44GZ44KL44Go776O776f772y776d776EMuWAje+9njflgI0gNC8xOSjmsLQpMjM6NTnov4Qg44CQ6YCB5paZ54Sh5paZ44CR6YCf44GP6LWw44KM44KL44OR44Ov44O844OQ44ON5pCt6LyJ44Gu44K544O844OR44O844K544K/44O84piF44CQ44Oh44O844Kr44O85Y+W5a+E44Gb5ZOB44CR77yz77yzIO+8q++8l++8lO+8kOOAkOODoOODvOODs+OCueOCv+ODvO+9pe+8re+8r++8r++8ru+8s++8tO+8oe+8suOAke+8muODn+OCueOCv+ODvOODmeODs+ODgeODo+ODvA==,7720776d776E776Y772w44GZ44KL44Go776O776f772y776d776EMuWAje+9njflgI0gNC8xOSjmsLQpMjM6NTnov4Qg44CQ6YCB5paZ54Sh5paZ44CR6YCf44GP6LWw44KM44KL44OR44Ov44O844OQ44ON5pCt6LyJ44Gu44K544O844OR44O844K544K/44O84piF44CQ44Oh44O844Kr44O85Y+W5a+E44Gb5ZOB44CR77yz77yzIO+8q++8l++8lO+8kOOAkOODoOODvOODs+OCueOCv+ODvO+9pe+8re+8r++8r++8ru+8s++8tO+8oe+8suOAkQ==,NC8yNO+9njQvMjbnmbrpgIEmckFycjs0LzE5IDEzOjU56L+E4oC75qyg5ZOB44Gv6YCj57Wh44GX44G+44GZ44CC7720776d776E776Y772w44GZ44KL44Go776O776f772y776d776EMuWAje+9njflgI0gNC8xOSjmsLQpMjM6NTnov4Qg44CQ6YCB5paZ54Sh5paZ44CR6YCf44GP6LWw44KM44KL44OR44Ov44O844OQ44ON5pCt6LyJ44Gu44K544O844OR44O844K544K/44O84piF44CQ44Oh44O844Kr44O85Y+W5a+E44Gb5ZOB44CR77yz77yzIO+8q++8l++8lO+8kOOAkOODoOODvOODs+OCueOCv+ODvO+9pe+8re+8r++8r++8ru+8s++8tO+8oe+8suOAkQ==[rn]
14-157821,aHR0cDovL3RzaG9wLnIxMHMuanAvbXJ2dC9jYWJpbmV0L21zL21zMTZmdy1zc2s3MDYtMS5qcGc/Zml0aW49NzAwOjcwMA==,MjU5Mi44MDAw,,44Kt44OD44K644O744OZ44OT44O844O744Oe44K/44OL44OG44KjID4g44Kt44OD44K6ID4g6Z20ID4g44K544OL44O844Kr44O8,44CQ776O776f772y776d776EM+WAjeKHku+9tO++ne++hO++mO+9sOOBmeOCi+OBqDblgI3vvZ4xMeWAjSA0LzE5KOawtCkyMzo1Oei/hO+9pemAgeaWmeeEoeaWme+9peWNs+aXpeeZuumAgeOAkemAn+OBj+i1sOOCjOOCi+ODkeODr+ODvOODkOODjeaQrei8ieOBruOCueODvOODkeODvOOCueOCv+ODvOKYheOAkOOBguOBmealveWvvuW/nOOAke+8s++8syDvvKvvvJfvvJDvvJbjgJDjg6Djg7zjg7Pjgrnjgr/jg7zvvaXvvK3vvK/vvK/vvK7vvLPvvLTvvKHvvLLjgJE=,NC8xOSjmsLQp55m66YCBJnJBcnI7MTPmmYI1OeWIhui/hOKAu+asoOWTgeOBr+OBiuefpeOCieOBm+iHtOOBl+OBvuOBmQ==,44CQ5aOy5YiH44KM44K144Kk44K644Gu5Y+W5a+E44Gb44GU5biM5pyb44Gu5pa544Gv44Kz44Kz44KS44Kv44Oq44OD44Kv44CRPEJSPgrjgYvjgYvjgajpg6jjga7ooZ3mkoPlkLjlj47mgKfjgavlhKrjgozjgZ/jgIzjgqTjg4rjgrrjg57jg5zjg7zjg6vjgI0o6KGd5pKD5ZC45Y+O546H57SEMTElVVDigLvlvZPnpL7mr5Qp44GM6Laz6IWw44G444Gu6LKg5ouF44Go44Gq44KL6KGd5pKD44KS5ZC45Y+O44GX44G+44GZPGJyPgrilqDntKDmnZDvvJrlkIjnuYov5ZCI55quPEJSPgrilqDjgr3jg7zjg6s654m55q6KRVZBL+WQiOaIkOOCtOODoDxCUj4K4pag5qiq5bmF77ya77yS77yl44CQ6YCa5bi444K/44Kk44OX44CRPGJyPgrilqDph43ph4/vvJrniYfotrPntIQxMjBnLzE344K744Oz44OBPGJyPgrilqDlgpnogIPvvJrnlLfjga7lrZDjgIDnlLflhZDjgIDnlLflrZDjgIDjg5zjg7zjgqTjgrrjgIDlrZDkvpvpnbTjgIDjgrfjg6Xjg7zjgrrjgIDjgrnjg4vjg7zjgqvjg7zjgIDpgYvli5XpnbTjgIDmma7mrrXlsaXjgY3jgIDjg63jg7zjgqvjg4Pjg4jjgIDjgYvjgZHjgaPjgZPjgIDnq7bkuonjgIDpgYvli5XkvJrjgIDpgYvli5XjgIDjg4Djg7PjgrnjgIDmjojmpa3jgIDjg6rjg6zjg7zjgIDjgrjjg6Xjg4vjgqLjgIDjg4Hjg6PjgqTjg6vjg4njgIDou73ph4/jgIA8QlI+PEJSPjxmb250IHNpemU9MSBjb2xvcj0wMDk5ZmY+5qyy44GX44GE7727772y7729776e44Gn5o6i44GZ77yaIDE4LjBjbSAxOGNtPC9mb250Pg==,44CQ776O776f772y776d776EM+WAjSZyQXJyO++9tO++ne++hO++mO+9sOOBmeOCi+OBqDblgI3vvZ4xMeWAjSA0LzE5KOawtCkyMzo1Oei/hO+9pemAgeaWmeeEoeaWme+9peWNs+aXpeeZuumAgeOAkemAn+OBj+i1sOOCjOOCi+ODkeODr+ODvOODkOODjeaQrei8ieOBruOCueODvOODkeODvOOCueOCv+ODvOKYheOAkOOBguOBmealveWvvuW/nOOAke+8s++8syDvvKvvvJfvvJDvvJbjgJDjg6Djg7zjg7Pjgrnjgr/jg7zvvaXvvK3vvK/vvK/vvK7vvLPvvLTvvKHvvLLjgJHvvJrjg5/jgrnjgr/jg7zjg5njg7Pjg4Hjg6Pjg7w=,44CQ776O776f772y776d776EM+WAjSZyQXJyO++9tO++ne++hO++mO+9sOOBmeOCi+OBqDblgI3vvZ4xMeWAjSA0LzE5KOawtCkyMzo1Oei/hO+9pemAgeaWmeeEoeaWme+9peWNs+aXpeeZuumAgeOAkemAn+OBj+i1sOOCjOOCi+ODkeODr+ODvOODkOODjeaQrei8ieOBruOCueODvOODkeODvOOCueOCv+ODvOKYheOAkOOBguOBmealveWvvuW/nOOAke+8s++8syDvvKvvvJfvvJDvvJbjgJDjg6Djg7zjg7Pjgrnjgr/jg7zvvaXvvK3vvK/vvK/vvK7vvLPvvLTvvKHvvLLjgJE=,NC8xOSjmsLQp55m66YCBJnJBcnI7MTPmmYI1OeWIhui/hOKAu+asoOWTgeOBr+OBiuefpeOCieOBm+iHtOOBl+OBvuOBmeOAguOAkO++ju++n++9su++ne++hDPlgI0mckFycjvvvbTvvp3vvoTvvpjvvbDjgZnjgovjgag25YCN772eMTHlgI0gNC8xOSjmsLQpMjM6NTnov4TvvaXpgIHmlpnnhKHmlpnvvaXljbPml6XnmbrpgIHjgJHpgJ/jgY/otbDjgozjgovjg5Hjg6/jg7zjg5Djg43mkK3ovInjga7jgrnjg7zjg5Hjg7zjgrnjgr/jg7zimIXjgJDjgYLjgZnmpb3lr77lv5zjgJHvvLPvvLMg77yr77yX77yQ77yW44CQ44Og44O844Oz44K544K/44O8772l77yt77yv77yv77yu77yz77y077yh77yy44CR[rn]
14-157822,aHR0cDovL3RzaG9wLnIxMHMuanAvcHJvc2hvb3Rlci9jYWJpbmV0L2l0ZW0vY29udmVyc2UvMzI1MTMyNC5qcGc/Zml0aW49NzAwOjcwMA==,MjgwOC4wMDAw,,44Kt44OD44K644O744OZ44OT44O844O744Oe44K/44OL44OG44KjID4g44Kt44OD44K6ID4g6Z20ID4g44K544OL44O844Kr44O8,5pen44Oi44OH44Or44Kz44Oz44OQ44O844K5IOODgeODo+OCpOODq+ODieOCquODvOODq+OCueOCv+ODvCDjg63jg7zjgqvjg4Pjg4gg44Ob44Ov44Kk44OI44CB44OW44Op44OD44Kv44CB44Os44OD44OJ,44CA44Kz44Oz44OQ44O844K544Kt44OD44K644K544OL44O844Kr44O8,PGJyIC8+Q09OVkVSU0XjgrPjg7Pjg5Djg7zjgrnjgq3jg4PjgrrlrZDkvpvnlKjjgrnjg4vjg7zjgqvjg7w8YnIgLz5DSElMREFMTFNUQVJSWk9YM0MxOTAzQzE5MTNDMTkyPGJyIC8+IC0tLS0tLS0tLS0tLS0tLS0tLS0tLS0tLS0tLS0tLS0tLS0tLS0tLTxiciAvPuKYheaVsOmHj+mZkOWumuKYheOBiuiyt+OBhOW+l+OCs+ODvOODiuODvOOBr++8nuOBk+OBoeOCiTxiciAvPiAtLS0tLS0tLS0tLS0tLS0tLS0tLS0tLS0tLS0tLS0tLS0tLS0tLS08Y2VudGVyPjxiciAvPjxiciAvPjxiciAvPjxpbWcgc3JjPSJodHRwOi8vaW1hZ2UucmFrdXRlbi5jby5qcC9wcm9zaG9vdGVyL2NhYmluZXQvaXRlbS9jb252ZXJzZS8zMjUxMzI0LmpwZyIgd2lkdGg9IjgwJSI+PGJyIC8+PGJyIC8+PGltZyBzcmM9Imh0dHA6Ly9pbWFnZS5yYWt1dGVuLmNvLmpwL3Byb3Nob290ZXIvY2FiaW5ldC9pdGVtL2NvbnZlcnNlL2NoaWxkYWxsc3Rhci1ib3guanBnIiB3aWR0aD0iODAlIj48YnIgLz48YnIgLz48aW1nIHNyYz0iaHR0cDovL2ltYWdlLnJha3V0ZW4uY28uanAvcHJvc2hvb3Rlci9jYWJpbmV0L2l0ZW0vY29udmVyc2UvY2hpbGRhbGxzdGFyLW94LTEuanBnIiB3aWR0aD0iODAlIj48YnIgLz48YnIgLz48aW1nIHNyYz0iaHR0cDovL2ltYWdlLnJha3V0ZW4uY28uanAvcHJvc2hvb3Rlci9jYWJpbmV0L2l0ZW0vY29udmVyc2UvY2hpbGRhbGxzdGFyLW94LTIuanBnIiB3aWR0aD0iODAlIj48YnIgLz48YnIgLz48aW1nIHNyYz0iaHR0cDovL2ltYWdlLnJha3V0ZW4uY28uanAvcHJvc2hvb3Rlci9jYWJpbmV0L2l0ZW0vY29udmVyc2UvY2hpbGRhbGxzdGFyLW94LTMuanBnIiB3aWR0aD0iODAlIj48YnIgLz48YnIgLz48aW1nIHNyYz0iaHR0cDovL2ltYWdlLnJha3V0ZW4uY28uanAvcHJvc2hvb3Rlci9jYWJpbmV0L2l0ZW0vY29udmVyc2UvY2hpbGRhbGxzdGFyLW94LTQuanBnIiB3aWR0aD0iODAlIj48YnIgLz48YnIgLz48aW1nIHNyYz0iaHR0cDovL2ltYWdlLnJha3V0ZW4uY28uanAvcHJvc2hvb3Rlci9jYWJpbmV0L2l0ZW0vY29udmVyc2UvY2hpbGRhbGxzdGFyLW94LTUuanBnIiB3aWR0aD0iODAlIj48YnIgLz48YnIgLz48aW1nIHNyYz0iaHR0cDovL2ltYWdlLnJha3V0ZW4uY28uanAvcHJvc2hvb3Rlci9jYWJpbmV0L2l0ZW0vY29udmVyc2UvY2hpbGRhbGxzdGFyLW94LTYuanBnIiB3aWR0aD0iODAlIj48YnIgLz48YnIgLz48aW1nIHNyYz0iaHR0cDovL2ltYWdlLnJha3V0ZW4uY28uanAvcHJvc2hvb3Rlci9jYWJpbmV0L2l0ZW0vY29udmVyc2UvY2hpbGRhbGxzdGFyLXNvbGUuanBnIiB3aWR0aD0iODAlIj48L2NlbnRlcj48YnIgLz48YnIgLz48YnIgLz7jgJDjgYrosrfnianlkIjoqIg1LDAwMOWGhijnqI7mipzjgY0p5Lul5LiK44Gn44CB6YCB5paZ44Gv54Sh5paZ44Go44Gq44KK44G+44GZKOaylue4hOecjOWPiuOBs+WMl+a1t+mBk+OCkumZpOOBjynjgJE8YnIgLz7igLvllYblk4HlkI3jgavjgIzpgIHmlpnnhKHmlpnjgI3jga7oqJjovInjgYzmnInjgaPjgabjgoLjgIHmspbnuITnnIzlj4rjgbPljJfmtbfpgZPjgavjgYrlsYrjgZHjgZnjgovloLTlkIjjga/jgIHkuIvoqJjjga7jgIw1LDAwMOWGhijnqI7mipzjgY0p5Lul5LiK44Gu5aC05ZCI44CN44KS6YGp55So44GV44Gb44Gm6aCC44GN44G+44GZ44CCPGJyIC8+PGJyIC8+PGJyIC8+CuKAu+aylue4hOecjOOBq+OBiuWxiuOBl+OBn+WgtOWQiOOBrumAgeaWmeOBr+S7peS4i+OBrumAmuOCiuOBp+OBmeOAgjxiciAvPgrjgIDjgYrosrfjgYTnianlkIjoqIjjgYzjg7vjg7vjg7s8YnIgLz4K44CA44CANSwwMDDlhoYo56iO5oqc44GNKeacqua6gOOBruWgtOWQiO+8mjEsNTAw5YaGKOeojuaKnOOBjSkgPGJyIC8+CuOAgOOAgDUsMDAw5YaGKOeojuaKnOOBjSnku6XkuIrjga7loLTlkIjvvJoxLDAwMOWGhijnqI7mipzjgY0pIDxiciAvPjxiciAvPgoK4oC75YyX5rW36YGT44Gr44GK5bGK44GX44Gf5aC05ZCI44Gu6YCB5paZ44Gv5Lul5LiL44Gu6YCa44KK44Gn44GZ44CCPGJyIC8+CuOAgOOBiuiyt+OBhOeJqeWQiOioiOOBjOODu+ODu+ODuzxiciAvPgrjgIDjgIA1LDAwMOWGhijnqI7mipzjgY0p5pyq5rqA44Gu5aC05ZCI77yaOTAw5YaGKOeojuaKnOOBjSkgPGJyIC8+CuOAgOOAgDUsMDAw5YaGKOeojuaKnOOBjSnku6XkuIrjga7loLTlkIjvvJo0MDDlhoYo56iO5oqc44GNKSA8YnIgLz48YnIgLz7jgIA8YnIgLz48YnIgLz48YnIgLz7ilqDjgZTmoYjlhoXilqA8YnIgLz5Qcm8gU2hvb3RlcuOAkOODl+ODreOCt+ODpeODvOOCv+ODvOOAkeOBr+OAgeS6uuawl+ODluODqeODs+ODieOCueODi+ODvOOCq+ODvOOCkuWkmuaVsOWPluOCiuOBneOCjeOBiOOBpuOBiuOCiuOBvuOBmeOAgjxiciAvPuOBlOWHuueUo+OBiuelneOBhOOChOOBiuiqleeUn+aXpeOBruODl+ODrOOCvOODs+ODiOOAgeWFpeWtpuelneOBhOOAgeavjeOBruaXpeOAgeeItuOBruaXpeOAgeaVrOiAgeOBruaXpeOAgeOCr+ODquOCueODnuOCueOBquOBqeW5tOS4reihjOS6i+OBq+OCguaYr+mdnuOBlOWIqeeUqOS4i+OBleOBhOOAgjxiciAvPjxiciAvPuKIveKIveKIveKIveKIveKIveKIveKIveKIveKIveKIveKIveKIveKIveKIveKIveKIveKIveKIvTxiciAvPuOAgOOAgOOAgOOAgOOAgOOAgOODneOCpOODs+ODiOOCouODg+ODl+aDheWgsTxiciAvPuKIveKIveKIveKIveKIveKIveKIveKIveKIveKIveKIveKIveKIveKIveKIveKIveKIveKIveKIvTxiciAvPjxiciAvPi0tLS0tLS0tLS0tLS0tLS0tLS0tLS0tLS0tLS0tLS0tLS0tLS0tLS0tLS0tPGJyIC8+44K544O844OR44O844Od44Kk44Oz44OI44Ki44OD44OXPGJyIC8+PGJyIC8+4piF44CA5qW95aSp44Od44Kk44Oz44OI5pyA5aSnN+WAjeOAgOKYhTxiciAvPuOCqOODs+ODiOODquODvOOBr++8nuOBk+OBoeOCiTxiciAvPi0tLS0tLS0tLS0tLS0tLS0tLS0tLS0tLS0tLS0tLS0tLS0tLS0tLS0tLTxiciAvPjxiciAvPi0tLS0tLS0tLS0tLS0tLS0tLS0tLS0tLS0tLS0tLS0tLS0tLS0tLS0tLTxiciAvPuOCpOODvOOCsOODq+OCuW9y44O044Kj44OD44K744Or56We5oi444GM5Yud44Gj44Gf57+M5pel44GvPGJyIC8+PGJyIC8+4piF44CA5qW95aSp44Od44Kk44Oz44OIMuWAjeOAgOKYhTxiciAvPuOCqOODs+ODiOODquODvOOBr++8nuOBk+OBoeOCiTxiciAvPi0tLS0tLS0tLS0tLS0tLS0tLS0tLS0tLS0tLS0tLS0tLS0tLS0tLS0tLTxiciAvPjxiciAvPi0tLS0tLS0tLS0tLS0tLS0tLS0tLS0tLS0tLS0tLS0tLS0tLS0tLS0tLTxiciAvPkVkeeWIneWbnuODneOCpOODs+ODiOioreWumuOBp+OCguOCjOOBquOBjzxiciAvPuKYheOAgOOAgDQwMOODneOCpOODs+ODiOOAgOOAgOKYheOAgDxiciAvPuOCqOODs+ODiOODquODvOOBr++8nuOBk+OBoeOCiTxiciAvPi0tLS0tLS0tLS0tLS0tLS0tLS0tLS0tLS0tLS0tLS0tLS0tLS0tLS0tLTxiciAvPjxiciAvPjxiciAvPjxmb250IHNpemU9IisxIj7vvJ7jgIDjgYrlupfjga7jg4jjg4Pjg5fjg5rjg7zjgrjjgbg8L2ZvbnQ+PGJyIC8+,5pen44Oi44OH44Or44Kz44Oz44OQ44O844K5IOODgeODo+OCpOODq+ODieOCquODvOODq+OCueOCv+ODvCDjg63jg7zjgqvjg4Pjg4gg44Ob44Ov44Kk44OI44CB44OW44Op44OD44Kv44CB44Os44OD44OJ77yaUHJvIFNob290ZXIg44CQ44OX44Ot44K344Ol44O844K/44O844CR,44OL44Ol44O844OQ44Op44Oz44K544Kz44Oz44OQ44O844K544K544OL44O844Kr44O86Z2044K344Ol44O844K644OS44Ol44Oz44Oh44Or44OT44K444On44OzVklTSU9ObmV3YmFsYW5jZWNvbnZlcnNl44OA44Oz44K544K544OL44O844Kr44O8TUw1NzTjg5fjg6zjgqTjg5zjg7zjgqTjg4rjgqTjgq3pgIHmlpnnhKHmlpnjgYrosrfjgYTlvpfllYblk4Hmv4Dlronjgqrjg7zjg6vjgrnjgr/jg7zmpb3lpKnjg53jgqTjg7Pjg4jjgrvjg7zjg6vml6fjg6Ljg4fjg6vjgrPjg7Pjg5Djg7zjgrkg44OB44Oj44Kk44Or44OJ44Kq44O844Or44K544K/44O8IOODreODvOOCq+ODg+ODiCDjg5vjg6/jgqTjg4jjgIHjg5bjg6njg4Pjgq/jgIHjg6zjg4Pjg4k=,44CA44Kz44Oz44OQ44O844K544Kt44OD44K644K544OL44O844Kr44O844CC5pen44Oi44OH44Or44Kz44Oz44OQ44O844K5IOODgeODo+OCpOODq+ODieOCquODvOODq+OCueOCv+ODvCDjg63jg7zjgqvjg4Pjg4gg44Ob44Ov44Kk44OI44CB44OW44Op44OD44Kv44CB44Os44OD44OJ[rn]
14-157823,aHR0cDovL3RzaG9wLnIxMHMuanAvc2hvZW1hdGVoYW5ha291L2NhYmluZXQvc3VwZXJzdGFyL2s3MzgxN3NzLWEuanBnP2ZpdGluPTcwMDo3MDA=,MjM0OS42MDAw,,44Kt44OD44K644O744OZ44OT44O844O744Oe44K/44OL44OG44KjID4g44Kt44OD44K6ID4g6Z20ID4g44K544OL44O844Kr44O8,44CQ5r+A5a6J77yB44CR44K544O844OR44O844K544K/44O8IEs3MzjvvIgxMjI4MS3vvIkg44Os44OD44OJL+ODluODqeODg+OCryDotaTpu5LjgIHjgqTjgqjjg63jg7wv44OW44Or44O8IOm7hOmdkuOAgeOCsOODquODvOODsyDnt5HoibLjga7vvJPoibLlsZXplosg5a2Q5L6b6Z20IOeUt+OBruWtkOeUqCBTVVBFUlNUQVIg44OQ44ON44Gu44OB44Kr44OpIOOCreODg+OCuiDjg5njg6vjgq/jg63jgrfjg6Xjg7zjgrog44K544OL44O844Kr44O8IOmdtCAxNS0xOWNt,44K544O844OR44O844K544K/44O8IOOCreODg+OCuiBLNzM444GM5r+A5a6J6YCa6LKp4pmq,5b2T5bqX5Zyo5bqr44Gr44GC44KL44KC44Gu44GvQU0xMeaZguOBvuOBp+OBruOBlOazqOaWh+OBp+WNs+aXpeeZuumAgU9L77yBPGJyPgrvvIjlvZPlupfkvJHmpa3ml6XpmaTjgY/vvIk8YnI+CuKAu+Wun+W6l+iIl+OBqOWcqOW6q+OCkuWFseacieOBl+OBpuOBiuOCiuOBvuOBmeOBruOBp+OCv+OCpOODoOODqeOCsOOBq+OCiOOCi+WujOWjsuOChDxicj7jg6Hjg7zjgqvjg7zjgYvjgonjga7jgYrlj5bjgorlr4TjgZvjgajjgarjgovloLTlkIjjgoLjgZTjgZbjgYTjgb7jgZnjgII8YnI+PGJyPgoK44K144Kk44K66YG444Gz44Gu5Y+C6ICD44Gr44Gp44GG44Ge4pmqPGJyPgrlvZPlupfjgYrlrqLjgZXjgpPjga7lrZDkvpvjgZXjgpPjga7loLTlkIjjgIHjgbvjgajjgpPjganjga7jgrnjg4vjg7zjgqvjg7zjgacxOGNt56iL5bqm44KS5bGl44GE44Gm44GE44G+44GZ44CCPGJyPgrjgZPjga7pnbTjga7loLTlkIjjgaDjgajpnbTkuIvjgafjgrXjgqTjgroxOGNt44GnT0vjgafjgZfjgZ/jgII8YnI+CuKAu+OBu+OBvOaZruauteOBiuWxpeOBjeOBruOCteOCpOOCuumAmuOCiuOCkuOBiuOBmeOBmeOCgeOBl+OBvuOBmeOAgjxicj4K77yI6Laz44Gu5b2i44Gr44KI44KK5YCL5Lq65beu44GM44GC44KK44G+44GZ77yJPGJyPjxicj4KCjIwMTfmmKXvvIblpI/jg6Ljg4fjg6shPGJyPgrph43jgZUg54mH6LazIOe0hDEzMGc8YnI+CuWJjeW6lSDntIQxLjVjbSDjgqvjgqvjg4gg57SEMi41Y23vvIgxOGNt44Gu5aC05ZCI77yJPGJyPjxicj4KCuWtkOOBqeOCguOBn+OBoeOBruOAjOmAn+OBj+i1sOOCiuOBn+OBhOOAjeOBqOOBhOOBhuaDs+OBhOOBi+OCieeUn+OBvuOCjOOBnzxicj4K44K544O844OR44O844K544K/44O8IOOAjOODkOODjeOBruODgeOCq+ODqeOAjeOBruODnOODvOOCpOOCuuWQkeOBkeeUt+OBruWtkOeUqCDou73ph4/jgq3jg4Pjgrrjg5njg6vjgq/jg63jgrnjg4vjg7zjgqvjg7zjgII8YnI+CumAn+OBj+i1sOOCi+OBk+OBqOOCkuebrueahOOBq+mWi+eZuuOBleOCjOOBn+OAjOODkeODr+ODvOODkOODjeOAjeOBrzxicj4K44Og44O844Oz44K544K/44O854us6Ieq6ZaL55m644Gu54m55q6K44Gq44K044Og44KS6Z205bqV44Gr5pCt6LyJ44GX44CBPGJyPgrlnLDpnaLjgpLouI/jgb/ovrzjgoDjgajjgY3jgavjg5Hjg6/jg7zjgpLok4TnqY3jgZfjgIHoubTjgorlh7rjgZnjgajlkIzmmYLjgavkuIDmsJfjgavjg5Hjg6/jg7zjgpLmjqjpgLLlipvjgavjgII8YnI+CuOAjOa0l+OBiOOCi+OCpOODs+OCveODvOODq+OAjeOBr+WPluOCiuWHuuOBl+OBpua0l+OBiOOCi+OBruOBp+Wkmuaxl+OBquOBiuWtkOanmOOBrumdtOWGheOCkuOBhOOBpOOCgua4hea9lOOBq+S/neOBpuOBvuOBmTxicj48YnI+CgrjgIzjgqTjg4rjgrrjg57jgrnjg5HjgqTjgq/jgI3jgaTjgb7lhYjpg6jjgavphY3nva7jgZfjgZ/jg6njg5Djg7zntKDmnZDjga7jgrnjg5HjgqTjgq/jgYzjgrnjgr/jg7zjg4jmmYLjga7oubTjgorlh7rjgZflipvjgpLjgrXjg53jg7zjg4jjgIIK44CM44Kk44OK44K644Oe44Kw44Oq44OD44OX44CN5YSq44KM44Gf44Kw44Oq44OD44OX5Yqb44Gn44GX44Gj44GL44KK5Zyw6Z2i44KS44Gk44GL44KA44Gf44KB44Gr44CB6Z205bqV44Gr44Kk44OK44K644Oe44KS44Kk44Oh44O844K444GX44Gf6YOo5ZOB44KS5pCt6LyJ44CCCuOAjOOCpOODiuOCuuODnuODnOODvOODq+OAjeWtkOOBqeOCguOBn+OBoeOBrui2s+iFsOOBuOOBruiyoOaLheOCkui7vea4m+OBmeOCi+OBn+OCgeOAgemdtOW6leOBrui4temDqOOCkuODieODvOODoOW9oueKtuOBq+ioreioiOOBl+OAgeihneaSg+WQuOWPjuWKm+OCkuW9k+ekvuavlOe0hDExJeOCouODg+ODl+OBl+OBpuOBhOOBvuOBmeOAggrjgIzogJDmkanogJfjgr3jg7zjg6vjgI3pnbTlupXjgavjga/mk6bjgormuJvjgorjgYzlsJHjgarjgY/jgIHpq5jjgYTogJDkuYXmgKfjgpLnmbrmj67jgZnjgovntKDmnZDjgpLmjqHnlKjjgZfjgabjgYTjgb7jgZnjgII8YnI+PGJyPgoKPGZvbnQgY29sb3I9cmVkPuKAu+OBk+OBruWVhuWTgeOBr+W9k+W6l+WcqOW6q+OBruacieeEoeOCkuihqOiomOiHtOOBl+OBpuOBiuOCiuOBvuOBm+OCk+OAguKAuzwvZm9udD4=,44CQ5r+A5a6J77yB44CR44K544O844OR44O844K544K/44O8IEs3MzjvvIgxMjI4MS3vvIkg44Os44OD44OJL+ODluODqeODg+OCryDotaTpu5LjgIHjgqTjgqjjg63jg7wv44OW44Or44O8IOm7hOmdkuOAgeOCsOODquODvOODsyDnt5HoibLjga7vvJPoibLlsZXplosg5a2Q5L6b6Z20IOeUt+OBruWtkOeUqCBTVVBFUlNUQVIg44OQ44ON44Gu44OB44Kr44OpIOOCreODg+OCuiDjg5njg6vjgq/jg63jgrfjg6Xjg7zjgrog44K544OL44O844Kr44O8IOmdtCAxNS0xOWNt77ya6Z2044O744K544OL44O844Kr44O844Gu44K344Ol44O844Oh44Kk44OI6Iqx5bm4,44OK44Kk44Kt44CA44K544OL44O844Kr44O844Ki44OH44Kj44OA44K544CA44K544OL44O844Kr44O844OX44O844Oe44CA44K544OL44O844Kr44O844K544Kx44OD44OB44Oj44O844K644CA44K544OL44O844Kr44O844OL44Ol44O844OQ44Op44Oz44K544CA44K544OL44O844Kr44O844OR44OI44Oq44OD44Kv44CA44K544OL44O844Kr44O844Kx44O844K544Kk44K544CA44K544OL44O844Kr44O844OJ44Op44K044Oz44OZ44Ki44O844OJ44CA44K544OL44O844Kr44O844OI44OD44OR44O844CA44K544OL44O844Kr44O844Kz44Oz44OQ44O844K544CA44K544OL44O844Kr44O844K144OD44Kr44OL44O844CA44K544OL44O844Kr44O844Or44Kz44OD44Kv44CA44K544OL44O844Kr44O844Kk44Oz44OH44Kj44Ki44Oz44CA44K544OL44O844Kr44O86Z2044K344Ol44O844Oh44Kk44OI6Iqx5bm444K344Ol44O844K65a2Q5L6b6Z2057Sz5aOr77yI44Oh44Oz44K677yJ6Z205amm5Lq677yI44Os44OH44Kj44O844K577yJ6Z205paw5L2c44CQ5r+A5a6J77yB44CR44K544O844OR44O844K544K/44O8IEs3MzjvvIgxMjI4MS3vvIkg44Os44OD44OJL+ODluODqeODg+OCryDotaTpu5LjgIHjgqTjgqjjg63jg7wv44OW44Or44O8IOm7hOmdkuOAgeOCsOODquODvOODsyDnt5HoibLjga7vvJPoibLlsZXplosg5a2Q5L6b6Z20IOeUt+OBruWtkOeUqCBTVVBFUlNUQVIg44OQ44ON44Gu44OB44Kr44OpIOOCreODg+OCuiDjg5njg6vjgq/jg63jgrfjg6Xjg7zjgrog44K544OL44O844Kr44O8IOmdtCAxNS0xOWNt,44K544O844OR44O844K544K/44O8IOOCreODg+OCuiBLNzM444GM5r+A5a6J6YCa6LKp4pmq44CC44CQ5r+A5a6J77yB44CR44K544O844OR44O844K544K/44O8IEs3MzjvvIgxMjI4MS3vvIkg44Os44OD44OJL+ODluODqeODg+OCryDotaTpu5LjgIHjgqTjgqjjg63jg7wv44OW44Or44O8IOm7hOmdkuOAgeOCsOODquODvOODsyDnt5HoibLjga7vvJPoibLlsZXplosg5a2Q5L6b6Z20IOeUt+OBruWtkOeUqCBTVVBFUlNUQVIg44OQ44ON44Gu44OB44Kr44OpIOOCreODg+OCuiDjg5njg6vjgq/jg63jgrfjg6Xjg7zjgrog44K544OL44O844Kr44O8IOmdtCAxNS0xOWNt[rn]
14-157824,aHR0cDovL3RzaG9wLnIxMHMuanAvZS1hbHRvL2NhYmluZXQvc3VwZXJzdGFyL2s3MzgxN3NzLWEuanBnP2ZpdGluPTcwMDo3MDA=,MjM0OS42MDAw,,44Kt44OD44K644O744OZ44OT44O844O744Oe44K/44OL44OG44KjID4g44Kt44OD44K6ID4g6Z20ID4g44K544OL44O844Kr44O8,44CQ5r+A5a6J77yB44CR44K544O844OR44O844K544K/44O8IEs3MzjvvIgxMjI4MS3vvIkg44Os44OD44OJL+ODluODqeODg+OCryDotaTpu5LjgIHjgqTjgqjjg63jg7wv44OW44Or44O8IOm7hOmdkuOAgeOCsOODquODvOODsyDnt5HoibLjga7vvJPoibLlsZXplosg5a2Q5L6b6Z20IOeUt+OBruWtkOeUqCBTVVBFUlNUQVIg44OQ44ON44Gu44OB44Kr44OpIOOCreODg+OCuiDjg5njg6vjgq/jg63jgrfjg6Xjg7zjgrog44K544OL44O844Kr44O8IOmdtCAxNS0xOWNt,44K544O844OR44O844K544K/44O8IOOCreODg+OCuiBLNzM444GM5r+A5a6J6YCa6LKp4pmq,5b2T5bqX5Zyo5bqr44Gr44GC44KL44KC44Gu44GvQU0xMeaZguOBvuOBp+OBruOBlOazqOaWh+OBp+WNs+aXpeeZuumAgU9L77yBPGJyPgrvvIjlvZPlupfkvJHmpa3ml6XpmaTjgY/vvIk8YnI+CuKAu+Wun+W6l+iIl+OBqOWcqOW6q+OCkuWFseacieOBl+OBpuOBiuOCiuOBvuOBmeOBruOBp+OCv+OCpOODoOODqeOCsOOBq+OCiOOCi+WujOWjsuOChDxicj7jg6Hjg7zjgqvjg7zjgYvjgonjga7jgYrlj5bjgorlr4TjgZvjgajjgarjgovloLTlkIjjgoLjgZTjgZbjgYTjgb7jgZnjgII8YnI+PGJyPgoK44K144Kk44K66YG444Gz44Gu5Y+C6ICD44Gr44Gp44GG44Ge4pmqPGJyPgrlvZPlupfjgYrlrqLjgZXjgpPjga7lrZDkvpvjgZXjgpPjga7loLTlkIjjgIHjgbvjgajjgpPjganjga7jgrnjg4vjg7zjgqvjg7zjgacxOGNt56iL5bqm44KS5bGl44GE44Gm44GE44G+44GZ44CCPGJyPgrjgZPjga7pnbTjga7loLTlkIjjgaDjgajpnbTkuIvjgafjgrXjgqTjgroxOGNt44GnT0vjgafjgZfjgZ/jgII8YnI+CuKAu+OBu+OBvOaZruauteOBiuWxpeOBjeOBruOCteOCpOOCuumAmuOCiuOCkuOBiuOBmeOBmeOCgeOBl+OBvuOBmeOAgjxicj4K77yI6Laz44Gu5b2i44Gr44KI44KK5YCL5Lq65beu44GM44GC44KK44G+44GZ77yJPGJyPjxicj4KCjIwMTfmmKXvvIblpI/jg6Ljg4fjg6shPGJyPgrph43jgZUg54mH6LazIOe0hDEzMGc8YnI+CuWJjeW6lSDntIQxLjVjbSDjgqvjgqvjg4gg57SEMi41Y23vvIgxOGNt44Gu5aC05ZCI77yJPGJyPjxicj4KCuWtkOOBqeOCguOBn+OBoeOBruOAjOmAn+OBj+i1sOOCiuOBn+OBhOOAjeOBqOOBhOOBhuaDs+OBhOOBi+OCieeUn+OBvuOCjOOBnzxicj4K44K544O844OR44O844K544K/44O8IOOAjOODkOODjeOBruODgeOCq+ODqeOAjeOBruODnOODvOOCpOOCuuWQkeOBkeeUt+OBruWtkOeUqCDou73ph4/jgq3jg4Pjgrrjg5njg6vjgq/jg63jgrnjg4vjg7zjgqvjg7zjgII8YnI+CumAn+OBj+i1sOOCi+OBk+OBqOOCkuebrueahOOBq+mWi+eZuuOBleOCjOOBn+OAjOODkeODr+ODvOODkOODjeOAjeOBrzxicj4K44Og44O844Oz44K544K/44O854us6Ieq6ZaL55m644Gu54m55q6K44Gq44K044Og44KS6Z205bqV44Gr5pCt6LyJ44GX44CBPGJyPgrlnLDpnaLjgpLouI/jgb/ovrzjgoDjgajjgY3jgavjg5Hjg6/jg7zjgpLok4TnqY3jgZfjgIHoubTjgorlh7rjgZnjgajlkIzmmYLjgavkuIDmsJfjgavjg5Hjg6/jg7zjgpLmjqjpgLLlipvjgavjgII8YnI+CuOAjOa0l+OBiOOCi+OCpOODs+OCveODvOODq+OAjeOBr+WPluOCiuWHuuOBl+OBpua0l+OBiOOCi+OBruOBp+Wkmuaxl+OBquOBiuWtkOanmOOBrumdtOWGheOCkuOBhOOBpOOCgua4hea9lOOBq+S/neOBpuOBvuOBmTxicj48YnI+CgrjgIzjgqTjg4rjgrrjg57jgrnjg5HjgqTjgq/jgI3jgaTjgb7lhYjpg6jjgavphY3nva7jgZfjgZ/jg6njg5Djg7zntKDmnZDjga7jgrnjg5HjgqTjgq/jgYzjgrnjgr/jg7zjg4jmmYLjga7oubTjgorlh7rjgZflipvjgpLjgrXjg53jg7zjg4jjgIIK44CM44Kk44OK44K644Oe44Kw44Oq44OD44OX44CN5YSq44KM44Gf44Kw44Oq44OD44OX5Yqb44Gn44GX44Gj44GL44KK5Zyw6Z2i44KS44Gk44GL44KA44Gf44KB44Gr44CB6Z205bqV44Gr44Kk44OK44K644Oe44KS44Kk44Oh44O844K444GX44Gf6YOo5ZOB44KS5pCt6LyJ44CCCuOAjOOCpOODiuOCuuODnuODnOODvOODq+OAjeWtkOOBqeOCguOBn+OBoeOBrui2s+iFsOOBuOOBruiyoOaLheOCkui7vea4m+OBmeOCi+OBn+OCgeOAgemdtOW6leOBrui4temDqOOCkuODieODvOODoOW9oueKtuOBq+ioreioiOOBl+OAgeihneaSg+WQuOWPjuWKm+OCkuW9k+ekvuavlOe0hDExJeOCouODg+ODl+OBl+OBpuOBhOOBvuOBmeOAggrjgIzogJDmkanogJfjgr3jg7zjg6vjgI3pnbTlupXjgavjga/mk6bjgormuJvjgorjgYzlsJHjgarjgY/jgIHpq5jjgYTogJDkuYXmgKfjgpLnmbrmj67jgZnjgovntKDmnZDjgpLmjqHnlKjjgZfjgabjgYTjgb7jgZnjgII8YnI+PGJyPgoKPGZvbnQgY29sb3I9cmVkPuKAu+OBk+OBruWVhuWTgeOBr+W9k+W6l+WcqOW6q+OBruacieeEoeOCkuihqOiomOiHtOOBl+OBpuOBiuOCiuOBvuOBm+OCk+OAguKAuzwvZm9udD4=,44CQ5r+A5a6J77yB44CR44K544O844OR44O844K544K/44O8IEs3MzjvvIgxMjI4MS3vvIkg44Os44OD44OJL+ODluODqeODg+OCryDotaTpu5LjgIHjgqTjgqjjg63jg7wv44OW44Or44O8IOm7hOmdkuOAgeOCsOODquODvOODsyDnt5HoibLjga7vvJPoibLlsZXplosg5a2Q5L6b6Z20IOeUt+OBruWtkOeUqCBTVVBFUlNUQVIg44OQ44ON44Gu44OB44Kr44OpIOOCreODg+OCuiDjg5njg6vjgq/jg63jgrfjg6Xjg7zjgrog44K544OL44O844Kr44O8IOmdtCAxNS0xOWNt77ya44K344Ol44O844K644K344On44OD44OXIGFsdG8=,44CQ5r+A5a6J77yB44CR44K544O844OR44O844K544K/44O8IEs3MzjvvIgxMjI4MS3vvIkg44Os44OD44OJL+ODluODqeODg+OCryDotaTpu5LjgIHjgqTjgqjjg63jg7wv44OW44Or44O8IOm7hOmdkuOAgeOCsOODquODvOODsyDnt5HoibLjga7vvJPoibLlsZXplosg5a2Q5L6b6Z20IOeUt+OBruWtkOeUqCBTVVBFUlNUQVIg44OQ44ON44Gu44OB44Kr44OpIOOCreODg+OCuiDjg5njg6vjgq/jg63jgrfjg6Xjg7zjgrog44K544OL44O844Kr44O8IOmdtCAxNS0xOWNt,44K544O844OR44O844K544K/44O8IOOCreODg+OCuiBLNzM444GM5r+A5a6J6YCa6LKp4pmq44CC44CQ5r+A5a6J77yB44CR44K544O844OR44O844K544K/44O8IEs3MzjvvIgxMjI4MS3vvIkg44Os44OD44OJL+ODluODqeODg+OCryDotaTpu5LjgIHjgqTjgqjjg63jg7wv44OW44Or44O8IOm7hOmdkuOAgeOCsOODquODvOODsyDnt5HoibLjga7vvJPoibLlsZXplosg5a2Q5L6b6Z20IOeUt+OBruWtkOeUqCBTVVBFUlNUQVIg44OQ44ON44Gu44OB44Kr44OpIOOCreODg+OCuiDjg5njg6vjgq/jg63jgrfjg6Xjg7zjgrog44K544OL44O844Kr44O8IOmdtCAxNS0xOWNt[rn]
14-157825,aHR0cDovL3RzaG9wLnIxMHMuanAvcHJlbWl1bW9uZS9jYWJpbmV0LzAzMTEwNzg0L2ltZ3JjMDA2NTE4OTg0My5qcGc/Zml0aW49NzAwOjcwMA==,MzMyNi40MDAw,,44Kt44OD44K644O744OZ44OT44O844O744Oe44K/44OL44OG44KjID4g44Kt44OD44K6ID4g6Z20ID4g44K544OL44O844Kr44O8,44OL44Ol44O844OQ44Op44Oz44K5IOODmeODk+ODvCDjgq3jg4Pjgrog44K444Ol44OL44KiIDk5NiDjgrDjg6zjg7wg44ON44Kk44OT44O8IOWtkOS+m+mdtCDjgrnjg4vjg7zjgqvjg7wgbmV3IGJhbGFuY2UgS1Y5OTYgR1JBWS9DQVkgTkFWWS9DRVkgS1Y5OTZDQVkgS1Y5OTZDRVk=,44OL44Ol44O844OQ44Op44Oz44K5IDk5NiDjg5njg5Pjg7wg44Kt44OD44K6IOOCuOODpeODi+OCoiDjgrnjg4vjg7zjgqvjg7w=,44Kr44OG44K044Oq44OI44OD44OX77yeCuODluODqeODs+ODieS4gOimp++8ngrjg5bjg6njg7Pjg4nvvIjjg4rooYzvvInvvJ4KbmV3IGJhbGFuY2Uv44OL44Ol44O844OQ44Op44Oz44K577yeCktJRCdTL+OCreODg+OCujxCUj4K44Ki44Kk44OG44Og5LiA6Kan77yeClNORUFLRVIv44K544OL44O844Kr44O877yeCktJRCdTL+OCreODg+OCuu+8ngpuZXcgYmFsYW5jZS/jg4vjg6Xjg7zjg5Djg6njg7PjgrkKPGJyPgo8YnI+CjxpbWcgc3JjPSJodHRwOi8vaW1hZ2UucmFrdXRlbi5jby5qcC9wcmVtaXVtb25lL2NhYmluZXQvMDMxMTA3ODQvaW1ncmMwMDY1MTg5ODQzLmpwZyIgd2lkdGg9IjEwMCUiIGJvcmRlcj0iMCI+CjxpbWcgc3JjPSJodHRwOi8vaW1hZ2UucmFrdXRlbi5jby5qcC9wcmVtaXVtb25lL2NhYmluZXQvMDMxMTA3ODQvaW1ncmMwMDY1MjAwNzQyLmpwZyIgd2lkdGg9IjEwMCUiIGJvcmRlcj0iMCI+CjxpbWcgc3JjPSJodHRwOi8vaW1hZ2UucmFrdXRlbi5jby5qcC9wcmVtaXVtb25lL2NhYmluZXQvMDMxMTA3ODQvaW1ncmMwMDY1MTg5ODQ1LmpwZyIgd2lkdGg9IjEwMCUiIGJvcmRlcj0iMCI+CjxpbWcgc3JjPSJodHRwOi8vaW1hZ2UucmFrdXRlbi5jby5qcC9wcmVtaXVtb25lL2NhYmluZXQvMDMxMTA3ODQvaW1ncmMwMDY1MTg5ODQ2LmpwZyIgd2lkdGg9IjEwMCUiIGJvcmRlcj0iMCI+CjxpbWcgc3JjPSJodHRwOi8vd3d3LnJha3V0ZW4ubmUuanAvZ29sZC9wcmVtaXVtb25lL2ltYWdlL25ia2lkc3doeV8xLmpwZyIgd2lkdGg9IjEwMCUiIGJvcmRlcj0iMCI+CjxpbWcgc3JjPSJodHRwOi8vd3d3LnJha3V0ZW4ubmUuanAvZ29sZC9wcmVtaXVtb25lL2ltYWdlL25ia2lkc3doeV8yLmpwZyIgd2lkdGg9IjEwMCUiIGJvcmRlcj0iMCI+CjxpbWcgc3JjPSJodHRwOi8vd3d3LnJha3V0ZW4ubmUuanAvZ29sZC9wcmVtaXVtb25lL2ltYWdlL25ia2lkc3doeV8zLmpwZyIgd2lkdGg9IjEwMCUiIGJvcmRlcj0iMCI+Cgo8dGFibGUgd2lkdGg9IjEwMCUiIGNlbGxwYWRkaW5nPSIyIiBib3JkZXI9IjEiPgogIDx0cj4KICAgIDx0ZCB3aWR0aD0iNTAlIiBhbGlnbj0iY2VudGVyIiBiZ2NvbG9yPSIjMDAwMDAwIj48Zm9udCBzaXplPSIzIiBjb2xvcj0iI2ZmZmZmZiI+PGI+44CQU1BFQ+OAkTwvYj48L2ZvbnQ+PC90ZD4KICA8L3RyPgogIDx0cj4KICAgIDx0ZD48Zm9udCBzaXplPSIyIj7jgJDllYblk4HoqqzmmI7jgJE8YnI+CiAgICAg44Ot44Oz44Kw44K744Op44O844KS57aa44GR44KL44CMOTk244CN44KS44CB57Sw6Lqr44Gu44Km44Kk44K644Gr5a++5b+c44GZ44KLIuOCueODquODoOODleOCo+ODg+ODiCLjgafmj5DmoYjjgZnjgovjgq3jg4Pjgrrjg6Ljg4fjg6vjgIIK552A6ISx44Gv5qW944CF44Oe44K444OD44Kv5byP44Gn6Laz5bmF44Gu57Sw44KB44Gu44GK5a2Q5qeY44Gr44OU44OD44K/44Oq44OV44Kj44OD44OI44GX44G+44GZ44CCCjwvZm9udD48L3RkPgogIDwvdHI+CiAgPHRyPgogICAgPHRkPgogICAgIDxmb250IHNpemU9IjIiPuOAkOOCq+ODqeODvOOAkTxicj4KICBDQVkgLyBHUkFZ77yI44Kw44Os44O877yJPEJSPgpDRVkgLyBOQVZZ77yI44ON44Kk44OT44O877yJCjwvZm9udD4KICAgIDwvdGQ+CiAgPC90cj4KICA8dHI+CiAgICA8dGQ+CiAgICA8Zm9udCBzaXplPSIyIj7jgJDjgqLjg4Pjg5Hjg7zjgJE8YnI+CiAgICDjgrfjg7Pjgrvjg4bjgqPjg4Pjgq/jgrnjgqjjg7zjg4kv44K344Oz44K744OG44Kj44OD44Kv44Os44K244O8L+ODoeODg+OCt+ODpTwvZm9udD48L3RkPgogIDwvdHI+CiAgPHRyPgogICAgPHRkPgogICAgPGZvbnQgc2l6ZT0iMiI+44CQ44Ki44Km44OI44K944O844Or44CRPGJyPgogICAg44K944Oq44OD44OJ44Op44OQ44O8PC9mb250PjwvdGQ+CiAgPC90cj4KICA8dHI+CiAgIDx0ZD48Zm9udCBzaXplPSIyIj7jgJDjgqvjg6njg7zjg5Djg6rjgqjjg7zjgrfjg6fjg7PjgJE8YnI+CiAgIOODu0tWOTk2IENHWSAvIENOWTxicj4KICAg44O7S1Y5OTYgQ0FZIC8gQ0VZPGJyPgogICDjg7tLVjk5NiBDT1kgLyBDUlkgLyBDTFk8YnI+CiAgIOODu0tWOTk2IFBUWSAvIEJTWSAvIEFQWSAvIFBGWSAvIFBZWSAvIFNQWSBTUlk8YnI+CiAgIOODu0tWOTk2IE5QWSAvIENDWTxicj4KICAg44O7S1Y5OTYgUExZIC8gUFdZCiAgIDwvZm9udD4KICAgPC90ZD4gICAKICA8L3RyPgogIDx0cj4KICAgIDx0ZCBhbGlnbj0iY2VudGVyIj4KICAgICA8Zm9udCBzaXplPSIyIj7jgZ3jga7ku5bjgq3jg4PjgrrjgqLjgqTjg4bjg6Djga/jgrPjg4Hjg6njgYvjgok8L2ZvbnQ+CiAgICA8L3RkPgogIDwvdHI+CjwvdGFibGU+Cgo8YnI+Cgo8dGFibGUgd2lkdGg9IjEwMCUiIGNlbGxwYWRkaW5nPSIyIiBib3JkZXI9IjEiPgogIAogICAgPHRyPgogICAgPHRkIGNvbHNwYW49IjUiIGFsaWduPSJjZW50ZXIiIGJnY29sb3I9IiNmZjAwMDAiPjxmb250IHNpemU9IjMiIGNvbG9yPSIjRkZGRkZGIj48Yj7jgJBDQVVUSU9O44CRPC9iPjwvZm9udD4KICAgIDwvdGQ+CiAgPC90cj4KICAgIDx0cj4KICAgIDx0ZCBhbGlnbj0iY2VudGVyIj4KICAgICA8Zm9udCBzaXplPSIyIj7jgZTos7zlhaXliY3jgavlv4XjgZrjgYroqq3jgb/kuIvjgZXjgYTjgII8L2ZvbnQ+CiAgICA8L3RkPgogIDwvdHI+CjwvdGFibGU+,44OL44Ol44O844OQ44Op44Oz44K5IOODmeODk+ODvCDjgq3jg4Pjgrog44K444Ol44OL44KiIDk5NiDjgrDjg6zjg7wg44ON44Kk44OT44O8IOWtkOS+m+mdtCDjgrnjg4vjg7zjgqvjg7wgbmV3IGJhbGFuY2UgS1Y5OTYgR1JBWS9DQVkgTkFWWS9DRVkgS1Y5OTZDQVkgS1Y5OTZDRVnvvJpQUkVNSVVNIE9ORQ==,44OL44Ol44O844OQ44Op44Oz44K544K544OU44Oz44Kw44Or44Og44O844OW44Kz44Oz44OQ44O844K544Op44OD44K744Or44Oi44Kr44K344Oz44Os44OD44OJ44Km44Kj44Oz44Kw44OB44Oa44Ov44OA44OK44O844OL44OD44Kv44K544OW44O844OE44Ob44Ov44Kk44OE44OW44O844OE44Kv44Op44O844Kv44K544K544OU44Oz44Kw44Or44Og44O844O044OI44Oq44OD44Kr44O844K644OT44Or44Kx44Oz44K344Ol44OI44OD44KvTkVXIEJBTEFOQ0VzcGluZ2xlIG1vdmVjb252ZXJzZXJlZCB3aW5nQklSS0VOU1RPQ0tUUklDS0VSU1JVU1NFTEwgTU9DQ0FTSU7jg4vjg6Xjg7zjg5Djg6njg7Pjgrkg44OZ44OT44O8IOOCreODg+OCuiDjgrjjg6Xjg4vjgqIgOTk2IOOCsOODrOODvCDjg43jgqTjg5Pjg7wg5a2Q5L6b6Z20IOOCueODi+ODvOOCq+ODvCBuZXcgYmFsYW5jZSBLVjk5NiBHUkFZL0NBWSBOQVZZL0NFWSBLVjk5NkNBWSBLVjk5NkNFWQ==,44OL44Ol44O844OQ44Op44Oz44K5IDk5NiDjg5njg5Pjg7wg44Kt44OD44K6IOOCuOODpeODi+OCoiDjgrnjg4vjg7zjgqvjg7zjgILjg4vjg6Xjg7zjg5Djg6njg7Pjgrkg44OZ44OT44O8IOOCreODg+OCuiDjgrjjg6Xjg4vjgqIgOTk2IOOCsOODrOODvCDjg43jgqTjg5Pjg7wg5a2Q5L6b6Z20IOOCueODi+ODvOOCq+ODvCBuZXcgYmFsYW5jZSBLVjk5NiBHUkFZL0NBWSBOQVZZL0NFWSBLVjk5NkNBWSBLVjk5NkNFWQ==[rn]
14-157826,aHR0cDovL3RzaG9wLnIxMHMuanAvcHJlbWl1bW9uZS9jYWJpbmV0LzAzMTEwNzg0L2ltZ3JjMDA2NTE4OTgzOS5qcGc/Zml0aW49NzAwOjcwMA==,Mjk0OC44MDAw,,44Kt44OD44K644O744OZ44OT44O844O744Oe44K/44OL44OG44KjID4g44Kt44OD44K6ID4g6Z20ID4g44K544OL44O844Kr44O8,44OL44Ol44O844OQ44Op44Oz44K5IOODmeODk+ODvCDjgq3jg4Pjgrog44K444Ol44OL44KiIDk5NiDjgrDjg6zjg7wg44ON44Kk44OT44O8IG5ldyBiYWxhbmNlIEZTOTk2IEdSQVkvQ0FJIE5BVlkvQ0VJIG5ld2JhbGFuY2UgRlM5OTZDQUkgRlM5OTZDRUkg5a2Q5L6b6Z20IOOCueODi+ODvOOCq+ODvA==,44OL44Ol44O844OQ44Op44Oz44K5IDk5NiDjg5njg5Pjg7wg44Kt44OD44K6IOOCuOODpeODi+OCoiDjgrnjg4vjg7zjgqvjg7w=,PGltZyBzcmM9Imh0dHA6Ly9pbWFnZS5yYWt1dGVuLmNvLmpwL3ByZW1pdW1vbmUvY2FiaW5ldC8wMzgwOTkyOS9rb3VrYW5fc29yeW8uanBnIiB3aWR0aD0iMTAwJSIgYm9yZGVyPSIwIj4K44Kr44OG44K044Oq44OI44OD44OX77yeCuODluODqeODs+ODieS4gOimp++8ngrjg5bjg6njg7Pjg4nvvIjjg4rooYzvvInvvJ4KbmV3IGJhbGFuY2Uv44OL44Ol44O844OQ44Op44Oz44K577yeCktJRCdTL+OCreODg+OCujxicj4K44Ki44Kk44OG44Og5LiA6Kan77yeClNORUFLRVIv44K544OL44O844Kr44O877yeCktJRCdTL+OCreODg+OCuu+8ngpuZXcgYmFsYW5jZS/jg4vjg6Xjg7zjg5Djg6njg7PjgrkKPGJyPgo8YnI+CjxpbWcgc3JjPSJodHRwOi8vaW1hZ2UucmFrdXRlbi5jby5qcC9wcmVtaXVtb25lL2NhYmluZXQvMDMxMTA3ODQvaW1ncmMwMDY1MTg5ODM5LmpwZyIgd2lkdGg9IjEwMCUiIGJvcmRlcj0iMCI+CjxpbWcgc3JjPSJodHRwOi8vaW1hZ2UucmFrdXRlbi5jby5qcC9wcmVtaXVtb25lL2NhYmluZXQvMDMxMTA3ODQvaW1ncmMwMDY1MTk2Mjc0LmpwZyIgd2lkdGg9IjEwMCUiIGJvcmRlcj0iMCI+CjxpbWcgc3JjPSJodHRwOi8vaW1hZ2UucmFrdXRlbi5jby5qcC9wcmVtaXVtb25lL2NhYmluZXQvMDMxMTA3ODQvaW1ncmMwMDY1MTg5ODQxLmpwZyIgd2lkdGg9IjEwMCUiIGJvcmRlcj0iMCI+CjxpbWcgc3JjPSJodHRwOi8vaW1hZ2UucmFrdXRlbi5jby5qcC9wcmVtaXVtb25lL2NhYmluZXQvMDMxMTA3ODQvaW1ncmMwMDY1MTg5ODQyLmpwZyIgd2lkdGg9IjEwMCUiIGJvcmRlcj0iMCI+CjxpbWcgc3JjPSJodHRwOi8vd3d3LnJha3V0ZW4ubmUuanAvZ29sZC9wcmVtaXVtb25lL2ltYWdlL25ia2lkc3doeV8xLmpwZyIgd2lkdGg9IjEwMCUiIGJvcmRlcj0iMCI+CjxpbWcgc3JjPSJodHRwOi8vd3d3LnJha3V0ZW4ubmUuanAvZ29sZC9wcmVtaXVtb25lL2ltYWdlL25ia2lkc3doeV8yLmpwZyIgd2lkdGg9IjEwMCUiIGJvcmRlcj0iMCI+CjxpbWcgc3JjPSJodHRwOi8vd3d3LnJha3V0ZW4ubmUuanAvZ29sZC9wcmVtaXVtb25lL2ltYWdlL25ia2lkc3doeV8zLmpwZyIgd2lkdGg9IjEwMCUiIGJvcmRlcj0iMCI+Cjx0YWJsZSB3aWR0aD0iMTAwJSIgY2VsbHBhZGRpbmc9IjIiIGJvcmRlcj0iMSI+CiAgPHRyPgogICAgPHRkIHdpZHRoPSI1MCUiIGFsaWduPSJjZW50ZXIiIGJnY29sb3I9IiMwMDAwMDAiPjxmb250IHNpemU9IjMiIGNvbG9yPSIjZmZmZmZmIj48Yj7jgJBTUEVD44CRPC9iPjwvZm9udD48L3RkPgogIDwvdHI+CiAgPHRyPgogICAgPHRkPjxmb250IHNpemU9IjIiPuOAkOWVhuWTgeiqrOaYjuOAkTxicj4KICAgICDjg63jg7PjgrDjgrvjg6njg7zjgpLntprjgZHjgovjgIw5OTbjgI3jgILlpKfjgY3jgY/plovjgY/lsaXjgY3lj6PjgoTmranjgY3lp4vjgoHjgpLjgrXjg53jg7zjg4jjgZnjgovmqZ/og73jgpLlgpnjgYjjgZ/jgq3jg4Pjgrrjg6Ljg4fjg6vjgIIK6IKM44Gr5YSq44GX44GP6Laz44KS5L+d6K2344GZ44KL44Gf44KB44Gr44Kv44OD44K344On44Oz5oCn44Gr5YSq44KM44Gf44OH44K244Kk44Oz44Gn44GZ44CCCjwvZm9udD48L3RkPgogIDwvdHI+CiAgPHRyPgogICAgPHRkPgogICAgIDxmb250IHNpemU9IjIiPuOAkOOCq+ODqeODvOOAkTxicj4KICAgQ0FJIC8gR1JBWSAo44Kw44Os44O8KTxCUj4KICAgQ0VJIC8gTkFWWSAo44ON44Kk44OT44O877yJPC9mb250PgogICA8L3RkPgogIDwvdHI+CiAgPHRyPgogICAgPHRkPgogICAgPGZvbnQgc2l6ZT0iMiI+44CQ44Ki44OD44OR44O844CRPGJyPgogICAg44K344Oz44K744OG44Kj44OD44Kv44K544Ko44O844OJL+OCt+ODs+OCu+ODhuOCo+ODg+OCr+ODrOOCtuODvC/jg6Hjg4Pjgrfjg6U8L2ZvbnQ+PC90ZD4KICA8L3RyPgogIDx0cj4KICAgIDx0ZD4KICAgIDxmb250IHNpemU9IjIiPuOAkOOCouOCpuODiOOCveODvOODq+OAkTxicj4KICAgIOOCveODquODg+ODieODqeODkOODvDwvZm9udD48L3RkPgogIDwvdHI+CiAgPHRyPgogICA8dGQ+PGZvbnQgc2l6ZT0iMiI+44CQ44Kr44Op44O844OQ44Oq44Ko44O844K344On44Oz44CRPGJyPgogICDjg7tGUzk5NiBDQUkgLyBDRUk8YnI+CiAgIOODu0ZTOTk2IFNSSSAvIEdUSSAvIEtISSAvIFBVSSAvIFNXSTxicj4KICAg44O7RlM5OTYgUFRJIC8gR1JJIC8gU0dJPGJyPgogICDjg7tGUzk5NiBDUkkgLyBDTEk8YnI+CiAgIOODu0ZTOTk2IE5QSSAvIENDSTxicj4KICAg44O7RlM5OTYgUExJIC8gUFdJCiAgIDwvZm9udD4KICAgPC90ZD4gICAKICA8L3RyPgogIDx0cj4KICAgIDx0ZCBhbGlnbj0iY2VudGVyIj4KICAgICA8Zm9udCBzaXplPSIyIj7jgZ3jga7ku5bjgq3jg4PjgrrjgqLjgqTjg4bjg6Djga/jgrPjg4Hjg6njgYvjgok8L2ZvbnQ+CiAgICA8L3RkPgogIDwvdHI+CjwvdGFibGU+Cgo8YnI+Cgo8dGFibGUgd2lkdGg9IjEwMCUiIGNlbGxwYWRkaW5nPSIyIiBib3JkZXI9IjEiPgogIAogICAgPHRyPgogICAgPHRkIGNvbHNwYW49IjUiIGFsaWduPSJjZW50ZXIiIGJnY29sb3I9IiNmZjAwMDAiPjxmb250IHNpemU9IjMiIGNvbG9yPSIjRkZGRkZGIj48Yj7jgJBDQVVUSU9O44CRPC9iPjwvZm9udD4KICAgIDwvdGQ+CiAgPC90cj4KICAgIDx0cj4KICAgIDx0ZCBhbGlnbj0iY2VudGVyIj4KICAgICA8Zm9udCBzaXplPSIyIj7jgZTos7zlhaXliY3jgavlv4XjgZrjgYroqq3jgb/kuIvjgZXjgYTjgII8L2ZvbnQ+CiAgICA8L3RkPgogIDwvdHI+CjwvdGFibGU+,44OL44Ol44O844OQ44Op44Oz44K5IOODmeODk+ODvCDjgq3jg4Pjgrog44K444Ol44OL44KiIDk5NiDjgrDjg6zjg7wg44ON44Kk44OT44O8IG5ldyBiYWxhbmNlIEZTOTk2IEdSQVkvQ0FJIE5BVlkvQ0VJIG5ld2JhbGFuY2UgRlM5OTZDQUkgRlM5OTZDRUkg5a2Q5L6b6Z20IOOCueODi+ODvOOCq+ODvO+8mlBSRU1JVU0gT05F,44OL44Ol44O844OQ44Op44Oz44K544K544OU44Oz44Kw44Or44Og44O844OW44Kz44Oz44OQ44O844K544Op44OD44K744Or44Oi44Kr44K344Oz44Os44OD44OJ44Km44Kj44Oz44Kw44OB44Oa44Ov44OA44OK44O844OL44OD44Kv44K544OW44O844OE44Ob44Ov44Kk44OE44OW44O844OE44Kv44Op44O844Kv44K544K544OU44Oz44Kw44Or44Og44O844O044OI44Oq44OD44Kr44O844K644OT44Or44Kx44Oz44K344Ol44OI44OD44KvTkVXIEJBTEFOQ0VzcGluZ2xlIG1vdmVjb252ZXJzZXJlZCB3aW5nQklSS0VOU1RPQ0tUUklDS0VSU1JVU1NFTEwgTU9DQ0FTSU7jg4vjg6Xjg7zjg5Djg6njg7Pjgrkg44OZ44OT44O8IOOCreODg+OCuiDjgrjjg6Xjg4vjgqIgOTk2IOOCsOODrOODvCDjg43jgqTjg5Pjg7wgbmV3IGJhbGFuY2UgRlM5OTYgR1JBWS9DQUkgTkFWWS9DRUkgbmV3YmFsYW5jZSBGUzk5NkNBSSBGUzk5NkNFSSDlrZDkvpvpnbQg44K544OL44O844Kr44O8,44OL44Ol44O844OQ44Op44Oz44K5IDk5NiDjg5njg5Pjg7wg44Kt44OD44K6IOOCuOODpeODi+OCoiDjgrnjg4vjg7zjgqvjg7zjgILjg4vjg6Xjg7zjg5Djg6njg7Pjgrkg44OZ44OT44O8IOOCreODg+OCuiDjgrjjg6Xjg4vjgqIgOTk2IOOCsOODrOODvCDjg43jgqTjg5Pjg7wgbmV3IGJhbGFuY2UgRlM5OTYgR1JBWS9DQUkgTkFWWS9DRUkgbmV3YmFsYW5jZSBGUzk5NkNBSSBGUzk5NkNFSSDlrZDkvpvpnbQg44K544OL44O844Kr44O8[rn]
14-157827,aHR0cDovL3RzaG9wLnIxMHMuanAvdml0YWxpc2VyL2NhYmluZXQvMTcwNC0xL25ld2JhbGFuY2UtMTA3MS5qcGc/Zml0aW49NzAwOjcwMA==,MzgxNi4wMDAw,,44Kt44OD44K644O744OZ44OT44O844O744Oe44K/44OL44OG44KjID4g44Kt44OD44K6ID4g6Z20ID4g44K544OL44O844Kr44O8,44CQ5Y2z57SNL+OBguOBmealveOAkSDjg4vjg6Xjg7zjg5Djg6njg7PjgrkgTmV3IEJhbGFuY2Ug44K444Ol44OL44KiIOOCreODg+OCuiDjgrnjg4vjg7zjgqvjg7wg44K344Ol44O844K6IOODmeODq+OCr+ODrSDjg57jgrjjg4Pjgq/jg4bjg7zjg5fjg5njg6vjg4ggTuODnuODvOOCr+OCt+ODq+ODkOODvCBLVjk5Ng==,5pWw6YeP6ZmQ5a6a77yB44OQ44O844Ky44Oz6ZaL5YKs5Lit44CAS1Y5OTZDRVk=,PGltZyBzcmM9J2h0dHBzOi8vaW1hZ2UucmFrdXRlbi5jby5qcC92aXRhbGlzZXIvY2FiaW5ldC9wYXJ0cy8xNjAxMjhfYXN1cmFrdS5qcGcnIHdpZHRoPScxMDAlJz48YnI+PGltZyBzcmM9J2h0dHBzOi8vaW1hZ2UucmFrdXRlbi5jby5qcC92aXRhbGlzZXIvY2FiaW5ldC9wYXJ0cy9yYW5rX3RpdGxlLmpwZycgYWx0PScnIHdpZHRoPScxMDAlJz48YnI+542y5b6X44K444Oj44Oz44Or77ya44OH44Kk44Oq44O8ICAy5L2NIOOCreODg+OCuiDpnbQg44K544OL44O844Kr44O8IDxicj7mm7TmlrDml6XvvJoyMDE3LzAxLzA044CA77yI6ZuG6KiI5pel77yaMjAxNy8wMS8wM++8iTxicj48aHI+PHRhYmxlIHdpZHRoPScxMDAlJyBjZWxsc3BhY2luZz0nMCcgY2VsbHBhZGRpbmc9JzAnPjx0cj48dGQgYWxpZ249J2NlbnRlcic+PGltZyBzcmM9J2h0dHBzOi8vaW1hZ2UucmFrdXRlbi5jby5qcC92aXRhbGlzZXIvY2FiaW5ldC8xNzA0LTEvbmV3YmFsYW5jZS0xMDcxLmpwZycgd2lkdGg9JzEwMCUnIC8+PGJyIC8+PGJyIC8+PGltZyBzcmM9J2h0dHBzOi8vaW1hZ2UucmFrdXRlbi5jby5qcC92aXRhbGlzZXIvY2FiaW5ldC8xNzAxLTMvbmV3YmFsYW5jZS0xMDcxXzEuanBnJyB3aWR0aD0nMTAwJScgLz48YnIgLz48YnIgLz48aW1nIHNyYz0naHR0cHM6Ly9pbWFnZS5yYWt1dGVuLmNvLmpwL3ZpdGFsaXNlci9jYWJpbmV0LzE3MDEtMy9uZXdiYWxhbmNlLTEwNzFfMi5qcGcnIHdpZHRoPScxMDAlJyAvPjxiciAvPjxiciAvPjxpbWcgc3JjPSdodHRwczovL2ltYWdlLnJha3V0ZW4uY28uanAvdml0YWxpc2VyL2NhYmluZXQvMTcwMS0zL25ld2JhbGFuY2UtMTA3MV8zLmpwZycgd2lkdGg9JzEwMCUnIC8+PGJyIC8+PGJyIC8+PC90ZD48L3RyPjwvdGFibGU+PGJyPjxicj48cD7lnKflgJLnmoTjgarkurrmsJfjgpLoqofjgovjg5jjg6rjg4bjg7zjgrjjgrfjg6rjg7zjgrrjga7lkI3lk4HjgIw5OTbjgI3jgpLntLDouqvjga7jgqbjgqPjgrombGRxdW8744K544Oq44Og44OV44Kj44OD44OIJnJkcXVvO+OBp+WxlemWi+OBmeOCi+S6uuawl+OBruOCreODg+OCuuODouODh+ODq+OAjEtWOTk244CN44CCPGJyPuODi+ODpeODvOODkOODqeODs+OCueOBruS8nee1seeahOOBquOCq+ODqeODvOOBp+OCt+ODg+OCr+OBq+W9qeOBo+OBn+OCquODvOOCu+ODs+ODhuOCo+ODg+OCr+OBquOCq+ODqeODvOODquODs+OCsOOBp+WxlemWi+OBl+OBvuOBmeOAgjxicj7jgIIgPGJyIC8+IDxiciAvPuKXj+OCq+ODqeODvDxiciAvPktWOTk2Q0FZIOOCsOODrOODvDxiciAvPktWOTk2Q0VZIOODjeOCpOODk+ODvDxicj5LVjk5NkNEWSDjg4Djg7zjgq/jg6zjg4Pjg4k8YnI+IDxiciAvPuKXj+aQrei8ieapn+iDvTxiciAvPuODu01QQ+WKoOW3pTxiciAvPjxiciAvPuKXj+OCouODg+ODkeODvOe0oOadkDxiciAvPuOCt+ODs+OCu+ODhuOCo+ODg+OCr+OCueOCqOODvOODiS/jgrfjg7Pjgrvjg4bjgqPjg4Pjgq/jg6zjgrbjg7wv44Oh44OD44K344OlPGJyIC8+PGJyIC8+4peP44K944O844Or57Sg5p2QPGJyIC8+44K944Oq44OD44OJ44Op44OQ44O8PGJyIC8+PGJyIC8+4peH44K544Oq44Og44OV44Kj44OD44OIPGJyPuKXh+OCreODg+OCuuWwgueUqOODqeOCueODiDwvcD4gIDx0YWJsZSB3aWR0aD0nMTAwJScgY2VsbHNwYWNpbmc9JzAnIGNlbGxwYWRkaW5nPScxMCc+PHRyPjx0ZCBhbGlnbj0nY2VudGVyJyBiZ2NvbG9yPScjZWNmMGYxJz7plqLpgKPllYblk4Hjga/jgZPjgaHjgonjgYvjgok8YnI+77yI44K744OD44OI44Ki44OD44OX5ZWG5ZOB44CB5Yil44Kr44Op44O844Oi44OH44Or562J77yJPC90ZD48L3RyPjwvdGFibGU+PGJyPjxicj48dGFibGUgd2lkdGg9JzEwMCUnIGJvcmRlcj0nMCcgY2VsbHNwYWNpbmc9JzAnIGNlbGxwYWRkaW5nPScxMCc+PHRyPjx0ZCBiZ2NvbG9yPScjRTdGRERGJz7lvZPlupfjgafjga/jgIHjgrfjgrnjg4bjg6DjgaflnKjluqvoqr/mlbTjgpLooYzjgaPjgabjgYrjgorjgb7jgZnjgILlnKjluqvmm7TmlrDjga7jgr/jgqTjg5/jg7PjgrDjgavjgojjgorjgIHlnKjluqvliIfjgozjga7ngrrjgIHnqIDjgavjgZTnlKjmhI/jgafjgY3jgarjgYTloLTlkIjjgYzjgZTjgZbjgYTjgb7jgZnjgII8L3RkPjwvdHI+PC90YWJsZT48YnI+W+WNs+aXpeeZuumAgV1b5Y2z5Ye66I235Y+v6IO9XVsxNy4wY21dWzE3LjVjbV1bMTguMGNtXVsxOC41Y21dWzE5LjBjbV1bMTkuNWNtXVsyMC4wY21dWzIwLjVjbV1bMjEuMGNtXVsyMS41Y21dWzIyLjBjbV1bMjIuNWNtXVsyMy4wY21dWzIzLjVjbV1bMjQuMGNtXVtDQVko44Kw44Os44O8KV1bQ0RZKOODgOODvOOCr+ODrOODg+ODiSldW0NFWSjjg43jgqTjg5Pjg7wpXVvlrZDkvpvnlKjjgrnjg4vjg7zjgqvjg7xdW+OCreODg+OCuuOCt+ODpeODvOOCul1b44K444Ol44OL44Ki44K344Ol44O844K6XVvlrZDkvpvnlKjjgrfjg6Xjg7zjgrpdW+WtkOS+m+mdtF1b5a2Q44Gp44KCXVvpgYvli5XpnbRdW+mdtF1b44OV44OD44OI44Km44Kn44KiXVvjgq3jg4PjgrpdW+ODpuODvOOCuV1b5a2Q5L6b55SoXTxocj48aW1nIHNyYz0naHR0cHM6Ly9pbWFnZS5yYWt1dGVuLmNvLmpwL3ZpdGFsaXNlci9jYWJpbmV0L3BhcnRzL3N0YWZmY2lfMDAxXzEuanBnJz48YnI+44K544K/44OD44OV77ya44GT44GG44GfPGJyPjxicj5LVjk5NuOBruS4reOBp+OCgueJueOBq+S6uuawl+OBruOCq+ODqeODvOOBp+OBmeOAgjxicj7kvZXjgavjgafjgoLlkIjjgo/jgZvjgoTjgZnjgYTjga7jgYzprYXlipvjgafjgZk=,44CQ5Y2z57SNL+OBguOBmealveOAkSDjg4vjg6Xjg7zjg5Djg6njg7PjgrkgTmV3IEJhbGFuY2Ug44K444Ol44OL44KiIOOCreODg+OCuiDjgrnjg4vjg7zjgqvjg7wg44K344Ol44O844K6IOODmeODq+OCr+ODrSDjg57jgrjjg4Pjgq/jg4bjg7zjg5fjg5njg6vjg4ggTuODnuODvOOCr+OCt+ODq+ODkOODvCBLVjk5Nu+8muODkOOCpOOCv+ODqeOCpOOCtuODvA==,44K544OL44O844Kr44O844Op44Oz44OL44Oz44Kw44K344Ol44O844K644Oe44Op44K944Oz44K344Ol44O844K644K444On44Ku44Oz44Kw44K344Ol44O844K644Km44Kp44O844Kt44Oz44Kw44K344Ol44O844K644OW44O844OE44K144Oz44OA44Or44OI44Os44OD44Kt44Oz44Kw44K344Ol44O844K644OV44OD44OI44K144Or44K344Ol44O844K644K144OD44Kr44O844K344Ol44O844K644OQ44Os44O844Oc44O844Or44K344Ol44O844K644OI44Os44O844OL44Oz44Kw44K344Ol44O844K644OG44OL44K544K344Ol44O844K644OQ44Kk44K/44Op44Kk44K244O8Vml0YWxpc2Vy44CQ5Y2z57SNL+OBguOBmealveOAkSDjg4vjg6Xjg7zjg5Djg6njg7PjgrkgTmV3IEJhbGFuY2Ug44K444Ol44OL44KiIOOCreODg+OCuiDjgrnjg4vjg7zjgqvjg7wg44K344Ol44O844K6IOODmeODq+OCr+ODrSDjg57jgrjjg4Pjgq/jg4bjg7zjg5fjg5njg6vjg4ggTuODnuODvOOCr+OCt+ODq+ODkOODvCBLVjk5Ng==,5pWw6YeP6ZmQ5a6a77yB44OQ44O844Ky44Oz6ZaL5YKs5Lit44CAS1Y5OTZDRVnjgILjgJDljbPntI0v44GC44GZ5qW944CRIOODi+ODpeODvOODkOODqeODs+OCuSBOZXcgQmFsYW5jZSDjgrjjg6Xjg4vjgqIg44Kt44OD44K6IOOCueODi+ODvOOCq+ODvCDjgrfjg6Xjg7zjgrog44OZ44Or44Kv44OtIOODnuOCuOODg+OCr+ODhuODvOODl+ODmeODq+ODiCBO44Oe44O844Kv44K344Or44OQ44O8IEtWOTk2[rn]
14-157828,aHR0cDovL3RzaG9wLnIxMHMuanAvd2FzaGluZ3Rvbi9jYWJpbmV0L25ld2JhbGFuY2UvOTExMTA0NzEwMDA1NzQwMS0xLmpwZz9maXRpbj03MDA6NzAw,MjY0MC4wMDAw,,44Kt44OD44K644O744OZ44OT44O844O744Oe44K/44OL44OG44KjID4g44Kt44OD44K6ID4g6Z20ID4g44K544OL44O844Kr44O8,44CQNDDvvIVPRkbjgJEgbmV3IGJhbGFuY2Ug44OL44Ol44O844OQ44Op44Oz44K5IEtWNTc0IEU3WSBHUkFZL1BVUlBMRS1FNyBOQiDjgq3jg4Pjgrog44K544OL44O844Kr44O8IOOCq+OCuOODpeOCouODq+ODnuOCuOODg+OCr+ODhuODvOODlw==,5Lq65rCX44Gu44Kv44Op44K344OD44Kv44Oi44OH44Or44CMNTc044CN44Gu44Kt44OD44K644OQ44O844K444On44Oz77yB,44OL44Ol44O844OQ44Op44Oz44K544Gu5Lyd57Wx55qE44Gq44OH44K244Kk44Oz44KS57aZ5om/44GZ44KL5Lq65rCX44Gu44Kv44Op44K344OD44Kv44Oi44OH44Or44CMNTc044CN44Gu44Kt44OD44K644OQ44O844K444On44Oz44CCCuWNsOixoeeahOOBquOCouOCr+OCu+ODs+ODiOOCq+ODqeODvOOBqOODhuOCreOCueOCv+OCpOODq+OCouODg+ODkeODvOOBjOi2s+WFg+OCkueIveOChOOBi+OBq+a8lOWHuuOAgjxicj48YnI+CgrilqDllYblk4HoqbPntLA8YnI+CuOAgOKXj+OCq+ODqeODvOOAgEdSQVkvUFVSUExFPGJyPgrjgIDil4/ntKDmnZDjgIDjgIDjgqLjg4Pjg5Hjg7zvvJrjg4bjgq3jgrnjgr/jgqTjg6s8YnI+CuOAgOOAgOOAgOOAgOOAgOOAgOOAgCDlupXvvJrjgr3jg6rjg4Pjg4njg6njg5Djg7w8YnI+CuOAgOKXj+WOn+eUo+WbveOAgOODmeODiOODiuODoDxicj4KPGJyPgoKCjxicj48YnI+PGhyPjxicj48YnI+CuOBlOS4jeaYjuOBqueCueOBjOOBlOOBluOBhOOBvuOBl+OBn+OCieOAgeOBiuawl+i7veOBq+W9k+W6l+OBvuOBp+OBiuWVj+OBhOWQiOOCj+OBm+S4i+OBleOBhOOAgjxicj4KbWFpbDp3YXNoaW5ndG9uQHNob3AucmFrdXRlbi5jby5qcDxicj48YnI+CuOAkOWWtualreaZgumWk+OAkTxicj4KMTHvvJowMO+9njE377yaMDDvvIjmnIjvvZ7ph5HvvIk8YnI+PGJyPgril4/os7zlhaXliY3jg7vos7zlhaXlvozjga7jgojjgY/jgYLjgovos6rllY/jga/jgZPjgaHjgok8YnI+PGJyIC8+CuOAkOOCu+ODvOODq+OAkQ==,44CQNDDvvIVPRkbjgJEgbmV3IGJhbGFuY2Ug44OL44Ol44O844OQ44Op44Oz44K5IEtWNTc0IEU3WSBHUkFZL1BVUlBMRS1FNyBOQiDjgq3jg4Pjgrog44K544OL44O844Kr44O8IOOCq+OCuOODpeOCouODq+ODnuOCuOODg+OCr+ODhuODvOODl++8muODr+OCt+ODs+ODiOODs+mdtOW6lw==,44Op44Oc44Kt44K044K3U0FZQXdvcmtz44GC44GX44Gq44GM44GK44GY44GV44KTSEFSVVRB44OP44Or44K/TklLReOCs+ODs+ODkOODvOOCueOCr+ODreODg+OCr+OCuWNyb2NzSUZNReODquODvOOCrOODq2FkaWRhc+ODn+ODg+OCt+OCp+ODq+OCr+ODqeODs+eerOi2s+ODi+ODpeODvOODkOODqeODs+OCuee1kOWpmuW8jyDjg5Hjg7Pjg5fjgrnjgqbjgqnjg7zjgq3jg7PjgrDjgrfjg6Xjg7zjgrrjg5Pjgrjjg43jgrnjgrfjg6Xjg7zjgrrjg5Hjg7Pjg5fjgrkg6buS44CQNDDvvIVPRkbjgJEgbmV3IGJhbGFuY2Ug44OL44Ol44O844OQ44Op44Oz44K5IEtWNTc0IEU3WSBHUkFZL1BVUlBMRS1FNyBOQiDjgq3jg4Pjgrog44K544OL44O844Kr44O8IOOCq+OCuOODpeOCouODq+ODnuOCuOODg+OCr+ODhuODvOODlw==,5Lq65rCX44Gu44Kv44Op44K344OD44Kv44Oi44OH44Or44CMNTc044CN44Gu44Kt44OD44K644OQ44O844K444On44Oz77yB44CC44CQNDDvvIVPRkbjgJEgbmV3IGJhbGFuY2Ug44OL44Ol44O844OQ44Op44Oz44K5IEtWNTc0IEU3WSBHUkFZL1BVUlBMRS1FNyBOQiDjgq3jg4Pjgrog44K544OL44O844Kr44O8IOOCq+OCuOODpeOCouODq+ODnuOCuOODg+OCr+ODhuODvOODlw==[rn]
14-157829,aHR0cDovL3RzaG9wLnIxMHMuanAvc2VsZWN0cGx1cy9jYWJpbmV0L2NvbW8xOS8xMDc4MDcxLmpwZz9maXRpbj03MDA6NzAw,Mjc3Ni4wMDAw,,44Kt44OD44K644O744OZ44OT44O844O744Oe44K/44OL44OG44KjID4g44Kt44OD44K6ID4g6Z20ID4g44K544OL44O844Kr44O8,44Ki44Kt44Os44K544CA44K544OL44O844Kr44O844CA55S344CA556s6Laz44CAUy1HTElEReOAgOODluODq+ODvChCSynjgIBTSkoyOTMw77yI44K544Od44O844OE44K344Ol44O844K644CB6YGL5YuV6Z2044CB44Kt44OD44K644K344Ol44O844K644CB44Op44Oz44OL44Oz44Kw44CB44K444On44Ku44Oz44Kw44CB44Km44Kp44O844Kt44Oz44Kw77yJ,,5Y+z44GL44KJ5bem44Gr5ZCR44GR44Gm44K544OR44Kk44Kv44KS5Ly444Gw44GX44Gf44CB57+844GL44KJ44Kk44Oz44K544OR44Kk44Ki44GV44KM44Gf44OS44O844Or44Kr44Km44Oz44K/44O844GM44CB6Laz44KS44GX44Gj44GL44KK5YyF44G/6L6844G/44OW44Os44Gu5bCR44Gq44GE44OA44OD44K344Ol44KS44K144Od44O844OIISEg6KO96YCg5Zu9OuS4reWbvSDntKDmnZDjg7vmnZDos6o644Ki44OD44OR44O8OuODneODquOCqOOCueODhuODq+ODu+WQiOearuOCveODvOODqzpFVkEr44Op44OQ44O8IOS7leanmDrjg6/jgqTjgro6Mi41ReW3puWPs+mdnuWvvuensOOCveODvOODq+i7vemHj+ioreioiCjjg6Hjg7zjgqvjg7zmr5Qp44Kr44OD44OX44Kk44Oz44K944O844OrIDxicj7jgZPjgaHjgonjga7llYblk4Hjga/jg6Hjg7zjgqvjg7znm7TpgIHlk4Hjga7jgZ/jgoHjgIHjg5fjg6zjgrzjg7Pjg4jnlKjjg6njg4Pjg5Tjg7PjgrDjga7lh7rmnaXjgarjgYTllYblk4HjgajjgarjgaPjgabjgYrjgorjgb7jgZnjgII8YnI+44GK5bGK44GR44GMMemAsemWk+eoi+W6puOBi+OBi+OCi+WgtOWQiOOBjOOBguOCiuOBvuOBmeOAgjxicj7ljJfmtbfpgZPjg7vmspbnuITjg7vpm6Lls7bjga/liKXpgJTpgIHmlpnjgYzlv4XopoHjgafjgZnjgII8YnI+5Zyo5bqr5pu05paw44Gu44K/44Kk44Of44Oz44Kw44Gr44KI44KK44CB5Zyo5bqr5YiH44KM44Gu5aC05ZCI44Gv44Kt44Oj44Oz44K744Or44GV44Gb44Gm44GE44Gf44Gg44GP5Y+v6IO95oCn44GM44GC44KK44G+44GZ44CC,44Ki44Kt44Os44K544CA44K544OL44O844Kr44O844CA55S35YWQ44CA556s6Laz44CAUy1HTElEReOAgOODluODq+ODvChCSynjgIBTSkoyOTMw77yI44K544Od44O844OE44K344Ol44O844K644CB6YGL5YuV6Z2044CB44Kt44OD44K644K344Ol44O844K644CB44Op44Oz44OL44Oz44Kw44CB44K444On44Ku44Oz44Kw44CB44Km44Kp44O844Kt44Oz44Kw77yJ77ya44K744Os44Kv44OI44OX44Op44K5,6YCa5L+h6LKp5aOy6YCa6LKp44K344On44OD44OU44Oz44Kw44Kq44Oz44Op44Kk44Oz44K344On44OD44OU44Oz44Kw6LK344GE54mp44OX44Os44K844Oz44OI44Ku44OV44OI6LSI44KK54mp6LSI562U5ZOB44GK5Lit5YWD44GK5q2z5pqu44GK6LK344GE5b6X44Gs44GE44GQ44KL44G/44K744Os44Kv44OI44OX44Op44K544Ks44O844OH44OL44Oz44Kw44OQ44OD44Kw5biD5Zuj44OV44Kh44OD44K344On44Oz576O5a655YGl5bq344OA44Kk44Ko44OD44OI44Kt44Oj44Op44Kv44K/44O844Kw44OD44K65a+d5YW36Ieq6Lui6LuK6KOc5q2j5LiL552A5pmC6KiI44Kk44Oz44OG44Oq44Ki44Kt44OD44OB44Oz55So5ZOB44Oe44OD44K144O844K444GL44Gw44KT6ZuR6LKo44K544Oq44Og44Ki44Kt44Os44K544CA44K544OL44O844Kr44O844CA55S35YWQ44CA556s6Laz44CAUy1HTElEReOAgOODluODq+ODvChCSynjgIBTSkoyOTMw77yI44K544Od44O844OE44K344Ol44O844K644CB6YGL5YuV6Z2044CB44Kt44OD44K644K344Ol44O844K644CB44Op44Oz44OL44Oz44Kw44CB44K444On44Ku44Oz44Kw44CB44Km44Kp44O844Kt44Oz44Kw77yJ,57+844Gu44KI44GG44Gq5b2i54q244Gu44K544OR44Kk44Kv44Gn556s6Laz5Y+y5LiK5pyA5aSn44Gu44Ob44O844Or44OJ5oSfISHjgILjgqLjgq3jg6zjgrnjgIDjgrnjg4vjg7zjgqvjg7zjgIDnlLflhZDjgIDnnqzotrPjgIBTLUdMSURF44CA44OW44Or44O8KEJLKeOAgFNKSjI5MzDvvIjjgrnjg53jg7zjg4Tjgrfjg6Xjg7zjgrrjgIHpgYvli5XpnbTjgIHjgq3jg4Pjgrrjgrfjg6Xjg7zjgrrjgIHjg6njg7Pjg4vjg7PjgrDjgIHjgrjjg6fjgq7jg7PjgrDjgIHjgqbjgqnjg7zjgq3jg7PjgrDvvIk=[rn]
14-157830,aHR0cDovL3RzaG9wLnIxMHMuanAvc2VsZWN0cGx1cy9jYWJpbmV0L2NvbW8xOS8xMDc4MDc1LmpwZz9maXRpbj03MDA6NzAw,Mjc3Ni4wMDAw,,44Kt44OD44K644O744OZ44OT44O844O744Oe44K/44OL44OG44KjID4g44Kt44OD44K6ID4g6Z20ID4g44K544OL44O844Kr44O8,44Ki44Kt44Os44K544CA44K544OL44O844Kr44O844CA55S344CA556s6Laz44CAUy1HTElEReOAgOOCpOOCqOODreODvOOCsOODquODvOODsyhZRynjgIBTSkoyOTMw77yI44K544Od44O844OE44K344Ol44O844K644CB6YGL5YuV6Z2044CB44Kt44OD44K644K344Ol44O844K644CB44Op44Oz44OL44Oz44Kw44CB44K444On44Ku44Oz44Kw44CB44Km44Kp44O844Kt44Oz44Kw77yJ,,5Y+z44GL44KJ5bem44Gr5ZCR44GR44Gm44K544OR44Kk44Kv44KS5Ly444Gw44GX44Gf44CB57+844GL44KJ44Kk44Oz44K544OR44Kk44Ki44GV44KM44Gf44OS44O844Or44Kr44Km44Oz44K/44O844GM44CB6Laz44KS44GX44Gj44GL44KK5YyF44G/6L6844G/44OW44Os44Gu5bCR44Gq44GE44OA44OD44K344Ol44KS44K144Od44O844OIISEg6KO96YCg5Zu9OuS4reWbvSDntKDmnZDjg7vmnZDos6o644Ki44OD44OR44O8OuODneODquOCqOOCueODhuODq+ODu+WQiOearuOCveODvOODqzpFVkEr44Op44OQ44O8IOS7leanmDrjg6/jgqTjgro6Mi41ReW3puWPs+mdnuWvvuensOOCveODvOODq+i7vemHj+ioreioiCjjg6Hjg7zjgqvjg7zmr5Qp44Kr44OD44OX44Kk44Oz44K944O844OrIDxicj7jgZPjgaHjgonjga7llYblk4Hjga/jg6Hjg7zjgqvjg7znm7TpgIHlk4Hjga7jgZ/jgoHjgIHjg5fjg6zjgrzjg7Pjg4jnlKjjg6njg4Pjg5Tjg7PjgrDjga7lh7rmnaXjgarjgYTllYblk4HjgajjgarjgaPjgabjgYrjgorjgb7jgZnjgII8YnI+44GK5bGK44GR44GMMemAsemWk+eoi+W6puOBi+OBi+OCi+WgtOWQiOOBjOOBguOCiuOBvuOBmeOAgjxicj7ljJfmtbfpgZPjg7vmspbnuITjg7vpm6Lls7bjga/liKXpgJTpgIHmlpnjgYzlv4XopoHjgafjgZnjgII8YnI+5Zyo5bqr5pu05paw44Gu44K/44Kk44Of44Oz44Kw44Gr44KI44KK44CB5Zyo5bqr5YiH44KM44Gu5aC05ZCI44Gv44Kt44Oj44Oz44K744Or44GV44Gb44Gm44GE44Gf44Gg44GP5Y+v6IO95oCn44GM44GC44KK44G+44GZ44CC,44Ki44Kt44Os44K544CA44K544OL44O844Kr44O844CA55S35YWQ44CA556s6Laz44CAUy1HTElEReOAgOOCpOOCqOODreODvOOCsOODquODvOODsyhZRynjgIBTSkoyOTMw77yI44K544Od44O844OE44K344Ol44O844K644CB6YGL5YuV6Z2044CB44Kt44OD44K644K344Ol44O844K644CB44Op44Oz44OL44Oz44Kw44CB44K444On44Ku44Oz44Kw44CB44Km44Kp44O844Kt44Oz44Kw77yJ77ya44K744Os44Kv44OI44OX44Op44K5,6YCa5L+h6LKp5aOy6YCa6LKp44K344On44OD44OU44Oz44Kw44Kq44Oz44Op44Kk44Oz44K344On44OD44OU44Oz44Kw6LK344GE54mp44OX44Os44K844Oz44OI44Ku44OV44OI6LSI44KK54mp6LSI562U5ZOB44GK5Lit5YWD44GK5q2z5pqu44GK6LK344GE5b6X44Gs44GE44GQ44KL44G/44K744Os44Kv44OI44OX44Op44K544Ks44O844OH44OL44Oz44Kw44OQ44OD44Kw5biD5Zuj44OV44Kh44OD44K344On44Oz576O5a655YGl5bq344OA44Kk44Ko44OD44OI44Kt44Oj44Op44Kv44K/44O844Kw44OD44K65a+d5YW36Ieq6Lui6LuK6KOc5q2j5LiL552A5pmC6KiI44Kk44Oz44OG44Oq44Ki44Kt44OD44OB44Oz55So5ZOB44Oe44OD44K144O844K444GL44Gw44KT6ZuR6LKo44K544Oq44Og44Ki44Kt44Os44K544CA44K544OL44O844Kr44O844CA55S35YWQ44CA556s6Laz44CAUy1HTElEReOAgOOCpOOCqOODreODvOOCsOODquODvOODsyhZRynjgIBTSkoyOTMw77yI44K544Od44O844OE44K344Ol44O844K644CB6YGL5YuV6Z2044CB44Kt44OD44K644K344Ol44O844K644CB44Op44Oz44OL44Oz44Kw44CB44K444On44Ku44Oz44Kw44CB44Km44Kp44O844Kt44Oz44Kw77yJ,57+844Gu44KI44GG44Gq5b2i54q244Gu44K544OR44Kk44Kv44Gn556s6Laz5Y+y5LiK5pyA5aSn44Gu44Ob44O844Or44OJ5oSfISHjgILjgqLjgq3jg6zjgrnjgIDjgrnjg4vjg7zjgqvjg7zjgIDnlLflhZDjgIDnnqzotrPjgIBTLUdMSURF44CA44Kk44Ko44Ot44O844Kw44Oq44O844OzKFlHKeOAgFNKSjI5MzDvvIjjgrnjg53jg7zjg4Tjgrfjg6Xjg7zjgrrjgIHpgYvli5XpnbTjgIHjgq3jg4Pjgrrjgrfjg6Xjg7zjgrrjgIHjg6njg7Pjg4vjg7PjgrDjgIHjgrjjg6fjgq7jg7PjgrDjgIHjgqbjgqnjg7zjgq3jg7PjgrDvvIk=[rn]
14-157831,aHR0cDovL3RzaG9wLnIxMHMuanAvY29vLWNvby9jYWJpbmV0L2ppd2FuL2Zhc2hpb24vMTUxMTE2LTEuanBnP2ZpdGluPTcwMDo3MDA=,MTQxNi4wMDAw,,44Kt44OD44K644O744OZ44OT44O844O744Oe44K/44OL44OG44KjID4g44Kt44OD44K6ID4g6Z20ID4g44K544OL44O844Kr44O8,44CQ44OP44Ot44O844Kt44OG44Kj44CR5pqW44GL44GE55quIOODj+ODreODvOOCreODhuOCoyDkuIrlsaXjgY0g5pqW44GL44GE44CA44Or44O844Og44K344Ol44O844K6,,4peG5ZWG5ZOB5oOF5aCx4peGCjxicj48YnI+CirntKDmnZAgOiDjg53jg6rjgqjjgrnjg4bjg6ss5ZCI5oiQ44K044OgICA8YnI+CirnlJ/nlKPlm70gOiBDSElOQTxicj4KKkNvbG9ycyA6IFBJTks8YnI+CuKYheOCq+ODqeODvOOBq+OBpOOBhOOBpjxCUj4K5ZWG5ZOB5YaZ55yf44Gv44Gn44GN44KL6ZmQ44KK5a6f54mp44Gu6Imy44Gr6L+R44Gl44GR44KL44KI44GG5Yqq5Yqb44GX44Gm44GK44KK44G+44GZ44GM44GK5a6i5qeY44GM44GU6Kan44Gr44Gq44KJ44KM44KL55Kw5aKD44Gr44KI44KK6Imy44Gu5aSJ5YyW44GM5oSf44GY44KJ44KM44KL5aC05ZCI44GM44GU44GW44GE44G+44GZ44CCCjxicj48YnI+CipTaXplIGluZm8gOiAxNi8xNy8xOC8xOS8yMC8yMWNtPEJSPgrimIXjgrXjgqTjgrrjgavjgaTjgYTjgaY8QlI+Cirlrp/lr7jjgrXjgqTjgrrjga/lubPnva7jgY3jgafjga7mjqHlr7jjga7jgZ/jgoHlpJrlsJHoqqTlt67jgYzjgafjgovloLTlkIjjgYzjgZTjgZbjgYTjgZnjgILjgb7jgZ/jgIHlrp/lr7jjgrXjgqTjgrrjga7ngrrjgIHjgr/jgrDnrYnjga7ooajoqJjjgajjga/nlbDjgarjgovloLTlkIjjgYzjgZTjgZbjgYTjgb7jgZnjgILmuKzlrprjga7mlrnms5XjgavjgojjgaPjgaYx772eMmNt44GP44KJ44GE44Gu6Kqk5beu44GM44GC44KL5aC05ZCI44GM44GU44GW44GE44G+44GZ44CCCirjgZPjga7llYblk4Hjga/oi6XlubLlsI/jgZXjgoHjgafjgZnjgILjg6/jg7PjgrXjgqTjgrrlpKfjgY3jgYTjgrXjgqTjgrrjgpLjgZTms6jmlofpoILjgZHjgb7jgZnjgojjgYbjgYrpoZjjgYTjgYTjgZ/jgZfjgb7jgZnjgIIKPGJyPjxicj7jgJDms6jmhI/kuovpoIXjgJE8YnI+PGJyPgrimIXljbDliLfjgZXjgozjgZ/pg6jliIbjga/jgIHjgZPjgZnjgormtJfjgYTjgZfjgarjgYTjgafjgY/jgaDjgZXjgYTjgIIKPGJyPjxicj7jgJDph43opoHjgarjgYrnn6XjgonjgZvjgafjgZnjgJE8YnI+PGJyPgrimIXlhajjgabjga7llYblk4Hjga/jgIHnmbrpgIHjgb7jgacz772eNeaXpSjlnJ/jg7vml6Xmm5zml6Uv56Wd5pelIOmZpOOBjynjga7mmYLplpPjgYzjgYvjgYvjgorjgb7jgZnjgII8YnI+CuS7o+mHkeW8leaPm+OCkuOBlOWIqeeUqOOBmeOCi+WgtOWQiOOBr+mFjemAgeOBjO+8ke+9nu+8kuaXpemBheOBj+OBquOCiuOBvuOBmeOBruOBp+OAgeS6iOOCgeOBlOS6huaJv+OBj+OBoOOBleOBhOOAgjxicj4K4piF5Zyo5bqr44GM44Gq44GE5aC05ZCI44Gv44CB44Oh44O844Or5Y+K44Gz6Zu76Kmx44Gn44GU5qGI5YaF44GE44Gf44GX44G+44GZ44CCPGJyPjxicj4=,44CQ44OP44Ot44O844Kt44OG44Kj44CR5pqW44GL44GE5YaF55quIOODj+ODreODvOOCreODhuOCoyDkuIrlsaXjgY0g5pqW44GL44GE44CA44Or44O844Og44K344Ol44O844K6IOWGrOeUqOOAgOWtkOS+m+eUqOOAgOOCreODg+OCuuOAgOmdtOOAgOOCteODs+ODquOCquOAgGhlbGxvLWtpdHR544CAa2lkc+OAgHJvb20gc2hvZXMgc2FucmlvIOWFrOW8j+ODqeOCpOOCu+ODs+OCueWVhuWTgeKYhUhlbGxvIEtpdHR544Kw44OD44K64piF77ya44Kv44O844Kv44O8,6YCa5L+h6LKp5aOy6YCa6LKp44K344On44OD44OU44Oz44Kw44Kq44Oz44Op44Kk44Oz44K344On44OD44OU44Oz44Kw6LK344GE54mp44OX44Os44K844Oz44OI44Ku44OV44OI6LSI44KK54mp6LSI562U5ZOB44GK5Lit5YWD44GK5q2z5pqu44GK6LK344GE5b6X44Ki44OK44Go6Zuq44Gu5aWz546L44K344O844Kv44Os44OD44OI44K344Ol44O844K644OR44K544Od44O844OI44Kx44O844K544Op44OW44Ki44OA44OW44OA44OW44Or44K344Ol44Kv44Or44Ko44Kv44O844OI44Ki44OK44OO44Kr44OV44Kn44K544Kt44O844K044O844Kw44Or44Oe44K/44OO44Ki44OE44Kz44GK5byB5b2T566x44OQ44OD44Kw44Kk44Oz44OQ44OD44Kw5rip5rOJ44OQ44OD44Kw44OZ44OT44O855So5ZOB5a2Q44Gp44KC6ZW36LKh5biD5pel5pys6KO944GM44G+5Y+j6LKh5biD44Ki44Oq44O844OKIOOCuOODo+ODvOOCuOi1pOOBoeOCg+OCk+OCreODo+ODqeW8geOAkOODj+ODreODvOOCreODhuOCo+OAkeaaluOBi+OBhOWGheeariDjg4/jg63jg7zjgq3jg4bjgqMg5LiK5bGl44GNIOaaluOBi+OBhOOAgOODq+ODvOODoOOCt+ODpeODvOOCuiDlhqznlKjjgIDlrZDkvpvnlKjjgIDjgq3jg4PjgrrjgIDpnbTjgIDjgrXjg7Pjg6rjgqrjgIBoZWxsby1raXR0eeOAgGtpZHPjgIByb29tIHNob2VzIHNhbnJpbyDlhazlvI/jg6njgqTjgrvjg7PjgrnllYblk4HimIVIZWxsbyBLaXR0eeOCsOODg+OCuuKYhQ==,44OP44Ot44O844Kt44OG44KjIOOCreODg+OCuiDkuIrlsaXjgY0g44OQ44Os44Ko44K344Ol44O844K6IOWtkOS+m+mdtOOAguOAkOODj+ODreODvOOCreODhuOCo+OAkeaaluOBi+OBhOWGheeariDjg4/jg63jg7zjgq3jg4bjgqMg5LiK5bGl44GNIOaaluOBi+OBhOOAgOODq+ODvOODoOOCt+ODpeODvOOCuiDlhqznlKjjgIDlrZDkvpvnlKjjgIDjgq3jg4PjgrrjgIDpnbTjgIDjgrXjg7Pjg6rjgqrjgIBoZWxsby1raXR0eeOAgGtpZHPjgIByb29tIHNob2VzIHNhbnJpbyDlhazlvI/jg6njgqTjgrvjg7PjgrnllYblk4HimIVIZWxsbyBLaXR0eeOCsOODg+OCuuKYhQ==[rn]
14-157832,aHR0cDovL3RzaG9wLnIxMHMuanAvY29vLWNvby9jYWJpbmV0LzA0MDM3MDcwL2Zyb3plbi1zbmVha2VyLTAxLmpwZz9maXRpbj03MDA6NzAw,MTUwNC4wMDAw,,44Kt44OD44K644O744OZ44OT44O844O744Oe44K/44OL44OG44KjID4g44Kt44OD44K6ID4g6Z20ID4g44K544OL44O844Kr44O8,44CO6YCB5paZ54Sh5paZ44CP44CQ44Ki44OK44Go6Zuq44Gu5aWz546L44CR44K344Ol44O844K66Iul5bmy5bCP44GV44KB44Gn44GZ44CC44Ov44Oz44K144Kk44K65aSn44GN44GE44K144Kk44K644KS44GK5Yun44KB,,KuWVhuWTgeaDheWgsSoKPGJyPjxicj4KKue0oOadkCA6ICBQVSwgUFZDPGJyPgoq55Sf55Sj5Zu9IDogTUFERSBJTiBLT1JFQTxicj4KKkNvbG9ycyA6IOODlOODs+OCr+OAgeODkeODvOODl+ODqzxicj4KKuOCteOCpOOCuiA6IDE3LjXvvZ4yMGNtPEJSPjxicj4KKirjgrXjgqTjgrrjga/oi6XlubLlsI/jgZXjgoHjgafjgZnjgILjg6/jg7PjgrXjgqTjgrrlpKfjgY3jgYTjgrXjgqTjgrrjgpLjgZTms6jmlofpoILjgZHjgb7jgZnjgojjgYbjgYrpoZjjgYTjgYTjgZ/jgZfjgb7jgZnjgIIKCuKYheOCq+ODqeODvOOBq+OBpOOBhOOBpgrllYblk4HlhpnnnJ/jga/jgafjgY3jgovpmZDjgorlrp/nianjga7oibLjgavov5HjgaXjgZHjgovjgojjgYbliqrlipvjgZfjgabjgYrjgorjgb7jgZnjgYzjgYrlrqLmp5jjgYzjgZTopqfjgavjgarjgonjgozjgovnkrDlooPjgavjgojjgoroibLjga7lpInljJbjgYzmhJ/jgZjjgonjgozjgovloLTlkIjjgYzjgZTjgZbjgYTjgb7jgZnjgII8YnI+,44CO6YCB5paZ54Sh5paZ44CP44CQ44Ki44OK44Go6Zuq44Gu5aWz546L44CR44K344Ol44O844K64piF4piF6Iul5bmy5bCP44GV44KB44Gn44GZ44CC44Ov44Oz44K144Kk44K65aSn44GN44GE44K144Kk44K644KS44GK5Yun44KB4piF77ya44Kv44O844Kv44O8,6YCa5L+h6LKp5aOy6YCa6LKp44K344On44OD44OU44Oz44Kw44Kq44Oz44Op44Kk44Oz44K344On44OD44OU44Oz44Kw6LK344GE54mp44OX44Os44K844Oz44OI44Ku44OV44OI6LSI44KK54mp6LSI562U5ZOB44GK5Lit5YWD44GK5q2z5pqu44GK6LK344GE5b6X44Ki44OK44Go6Zuq44Gu5aWz546L44K344O844Kv44Os44OD44OI44K344Ol44O844K644OR44K544Od44O844OI44Kx44O844K544Op44OW44Ki44OA44OW44OA44OW44Or44K344Ol44Kv44Or44Ko44Kv44O844OI44Ki44OK44OO44Kr44OV44Kn44K544Kt44O844K044O844Kw44Or44Oe44K/44OO44Ki44OE44Kz44GK5byB5b2T566x44OQ44OD44Kw44Kk44Oz44OQ44OD44Kw5rip5rOJ44OQ44OD44Kw44OZ44OT44O855So5ZOB5a2Q44Gp44KC6ZW36LKh5biD5pel5pys6KO944GM44G+5Y+j6LKh5biD44Ki44Oq44O844OKIOOCuOODo+ODvOOCuOi1pOOBoeOCg+OCk+OCreODo+ODqeW8geOAjumAgeaWmeeEoeaWmeOAj+OAkOOCouODiuOBqOmbquOBruWls+eOi+OAkeOCt+ODpeODvOOCuuKYheKYheiLpeW5suWwj+OBleOCgeOBp+OBmeOAguODr+ODs+OCteOCpOOCuuWkp+OBjeOBhOOCteOCpOOCuuOCkuOBiuWLp+OCgeKYhQ==,44K144Kk44K644Gv6Iul5bmy5bCP44GV44KB44Gn44GZ44CC44CC44CO6YCB5paZ54Sh5paZ44CP44CQ44Ki44OK44Go6Zuq44Gu5aWz546L44CR44K344Ol44O844K64piF4piF6Iul5bmy5bCP44GV44KB44Gn44GZ44CC44Ov44Oz44K144Kk44K65aSn44GN44GE44K144Kk44K644KS44GK5Yun44KB4piF[rn]
14-157833,aHR0cDovL3RzaG9wLnIxMHMuanAvY29vLWNvby9jYWJpbmV0L2ppd2FuL2Zhc2hpb24vMTAyMS0xLmpwZz9maXRpbj03MDA6NzAw,MTgxNi4wMDAw,,44Kt44OD44K644O744OZ44OT44O844O744Oe44K/44OL44OG44KjID4g44Kt44OD44K6ID4g6Z20ID4g44K544OL44O844Kr44O8,44CQ44Ki44OK44Go6Zuq44Gu5aWz546L44CR44CQ44Oc44Ki44K144Oz44OA44Or44CR44CO44OU44Oz44Kv44CP5L+d6IKy5ZySL+Wwj+WtpueUnyDlrZDkvpvpnbQg44K144Oz44OA44OrICDjgq3jg4PjgrrjgYvjgonjgrjjg6Xjg4vjgqLnlKjjgqLjg4rjgajpm6rjga7lpbPnjovjgrDjg4PjgrpEaXNlbmV544O744OH44Kk44K644OL44O844CARnJvemVu,,KuWVhuWTgeaDheWgsSoKPGJyPjxicj4KKue0oOadkCA6IFBVLCBFVkEsIFRQUiAsIOODneODquOCqOOCueODhuODqyAgPGJyPgoq55Sf55Sj5Zu9IDogQ0hJTkE8YnI+CipDb2xvcnMgOiDjg5Tjg7Pjgq88YnI+CuKYheOCq+ODqeODvOOBq+OBpOOBhOOBpgrllYblk4HlhpnnnJ/jga/jgafjgY3jgovpmZDjgorlrp/nianjga7oibLjgavov5HjgaXjgZHjgovjgojjgYbliqrlipvjgZfjgabjgYrjgorjgb7jgZnjgYzjgYrlrqLmp5jjgYzjgZTopqfjgavjgarjgonjgozjgovnkrDlooPjgavjgojjgoroibLjga7lpInljJbjgYzmhJ/jgZjjgonjgozjgovloLTlkIjjgYzjgZTjgZbjgYTjgb7jgZnjgIIKPGJyPjxicj4KKlNpemUgaW5mbyA6IDE2LzE3LzE4LzE5LzIwLzIxLzIyY208QlI+CuKYheOCteOCpOOCuuOBq+OBpOOBhOOBpgrlrp/lr7jjgrXjgqTjgrrjga/lubPnva7jgY3jgafjga7mjqHlr7jjga7jgZ/jgoHlpJrlsJHoqqTlt67jgYzjgafjgovloLTlkIjjgYzjgZTjgZbjgYTjgZnjgILjgb7jgZ/jgIHlrp/lr7jjgrXjgqTjgrrjga7ngrrjgIHjgr/jgrDnrYnjga7ooajoqJjjgajjga/nlbDjgarjgovloLTlkIjjgYzjgZTjgZbjgYTjgb7jgZnjgILmuKzlrprjga7mlrnms5XjgavjgojjgaPjgaYx772eMmNt44GP44KJ44GE44Gu6Kqk5beu44GM44GC44KL5aC05ZCI44GM44GU44GW44GE44G+44GZ44CCCjxicj48YnI+44CQ5rOo5oSP5LqL6aCF44CRPGJyPjxicj4K4piF5Lm+54el44GZ44KL5pmC44Gv44CB5pel6Zmw44Gn5bmy44GX44Gm44GP44Gg44GV44GE44CCCuKYheWNsOWIt+OBleOCjOOBn+mDqOWIhuOBr+OAgeOBk+OBmeOCiua0l+OBhOOBl+OBquOBhOOBp+OBj+OBoOOBleOBhOOAggo8YnI+PGJyPuOAkOmHjeimgeOBquOBiuefpeOCieOBm+OBp+OBmeOAkTxicj48YnI+CuKYheWFqOOBpuOBruWVhuWTgeOBr+OAgeeZuumAgeOBvuOBpzPvvZ415pelKOWcn+ODu+aXpeabnOaXpS/npZ3ml6Ug6Zmk44GPKeOBruaZgumWk+OBjOOBi+OBi+OCiuOBvuOBmeOAgjxicj4K5Luj6YeR5byV5o+b44KS44GU5Yip55So44GZ44KL5aC05ZCI44Gv6YWN6YCB44GM77yR772e77yS5pel6YGF44GP44Gq44KK44G+44GZ44Gu44Gn44CB5LqI44KB44GU5LqG5om/44GP44Gg44GV44GE44CCPGJyPgrimIXlnKjluqvjgYzjgarjgYTloLTlkIjjga/jgIHjg6Hjg7zjg6vlj4rjgbPpm7voqbHjgafjgZTmoYjlhoXjgYTjgZ/jgZfjgb7jgZnjgII8YnI+PGJyPg==,44CQ44Ki44OK44Go6Zuq44Gu5aWz546L44CR44CQ44Oc44Ki44K144Oz44OA44Or44CR44CO44OU44Oz44Kv44CP5L+d6IKy5ZySL+Wwj+WtpueUnyDlrZDkvpvpnbQg44K144Oz44OA44OrICDjgq3jg4PjgrrjgYvjgonjgrjjg6Xjg4vjgqLnlKjimIXjgqLjg4rjgajpm6rjga7lpbPnjovjgrDjg4PjgrrimIVEaXNlbmV544O744OH44Kk44K644OL44O844CARnJvemVu77ya44Kv44O844Kv44O8,6YCa5L+h6LKp5aOy6YCa6LKp44K344On44OD44OU44Oz44Kw44Kq44Oz44Op44Kk44Oz44K344On44OD44OU44Oz44Kw6LK344GE54mp44OX44Os44K844Oz44OI44Ku44OV44OI6LSI44KK54mp6LSI562U5ZOB44GK5Lit5YWD44GK5q2z5pqu44GK6LK344GE5b6X44Ki44OK44Go6Zuq44Gu5aWz546L44K344O844Kv44Os44OD44OI44K344Ol44O844K644OR44K544Od44O844OI44Kx44O844K544Op44OW44Ki44OA44OW44OA44OW44Or44K344Ol44Kv44Or44Ko44Kv44O844OI44Ki44OK44OO44Kr44OV44Kn44K544Kt44O844K044O844Kw44Or44Oe44K/44OO44Ki44OE44Kz44GK5byB5b2T566x44OQ44OD44Kw44Kk44Oz44OQ44OD44Kw5rip5rOJ44OQ44OD44Kw44OZ44OT44O855So5ZOB5a2Q44Gp44KC6ZW36LKh5biD5pel5pys6KO944GM44G+5Y+j6LKh5biD44Ki44Oq44O844OKIOOCuOODo+ODvOOCuOi1pOOBoeOCg+OCk+OCreODo+ODqeW8geOAkOOCouODiuOBqOmbquOBruWls+eOi+OAkeOAkOODnOOCouOCteODs+ODgOODq+OAkeOAjuODlOODs+OCr+OAj+S/neiCsuWcki/lsI/lrabnlJ8g5a2Q5L6b6Z20IOOCteODs+ODgOODqyAg44Kt44OD44K644GL44KJ44K444Ol44OL44Ki55So4piF44Ki44OK44Go6Zuq44Gu5aWz546L44Kw44OD44K64piFRGlzZW5leeODu+ODh+OCpOOCuuODi+ODvOOAgEZyb3plbg==,44OH44Kj44K644OL44O844Oc44Ki44K144Oz44OA44OrICDjgrnjg4vjg7zjgqvjg7zjgq3jg4PjgrrvvZ7jgrjjg6Xjg4vjgqLjgILjgJDjgqLjg4rjgajpm6rjga7lpbPnjovjgJHjgJDjg5zjgqLjgrXjg7Pjg4Djg6vjgJHjgI7jg5Tjg7Pjgq/jgI/kv53ogrLlnJIv5bCP5a2m55SfIOWtkOS+m+mdtCDjgrXjg7Pjg4Djg6sgIOOCreODg+OCuuOBi+OCieOCuOODpeODi+OCoueUqOKYheOCouODiuOBqOmbquOBruWls+eOi+OCsOODg+OCuuKYhURpc2VuZXnjg7vjg4fjgqTjgrrjg4vjg7zjgIBGcm96ZW4=[rn]
14-157834,aHR0cDovL3RzaG9wLnIxMHMuanAvY29vLWNvby9jYWJpbmV0L2ppd2FuL2Zhc2hpb24vaW1ncmMwMDY1NTEwMzk0LmpwZz9maXRpbj03MDA6NzAw,MTE5Mi4wMDAw,,44Kt44OD44K644O744OZ44OT44O844O744Oe44K/44OL44OG44KjID4g44Kt44OD44K6ID4g6Z20ID4g44K544OL44O844Kr44O8,44CQRGlzZW5leSBNaWNrZXktbW91c2XjgJFFVkHjgq3jg4Pjgrrjgrnjg6rjg4Pjg53jg7Mg44K144Oz44OA44OrIOS4iuWxpeOBjeS4iumdtCDlubznqJrlnJIv5L+d6IKy5ZySL+Wwj+WtpueUnyDlraYg5a2Q5L6b6Z20IOODh+OCo+OCuuODi+ODvCDjgrXjg7Pjg4Djg6sg6Z20IOOBk+OBqeOCgueUqCDjgq3jg4PjgrrjgYvjgonjgrjjg6Xjg4vjgqLnlKhEaXNlbmV544O744OH44Kk44K644OL44O844CQMDVQMjZNYXIxNuOAkQ==,,KuWVhuWTgeaDheWgsSoKPGJyPjxicj4KKue0oOadkCA6IOWQiOaIkOOCtOODoCAgPGJyPgoq55Sf55Sj5Zu9IDogQ0hJTkE8YnI+CipDb2xvcnMgOiDjg5vjg6/jgqTjg4g8YnI+CuKYheOCq+ODqeODvOOBq+OBpOOBhOOBpjxCUj4K5ZWG5ZOB5YaZ55yf44Gv44Gn44GN44KL6ZmQ44KK5a6f54mp44Gu6Imy44Gr6L+R44Gl44GR44KL44KI44GG5Yqq5Yqb44GX44Gm44GK44KK44G+44GZ44GM44GK5a6i5qeY44GM44GU6Kan44Gr44Gq44KJ44KM44KL55Kw5aKD44Gr44KI44KK6Imy44Gu5aSJ5YyW44GM5oSf44GY44KJ44KM44KL5aC05ZCI44GM44GU44GW44GE44G+44GZ44CCCjxicj48YnI+CipTaXplIGluZm8gOiAxNi8xNy8xOC8xOS8yMC8yMS8yMmNtPEJSPgrimIXjgrXjgqTjgrrjgavjgaTjgYTjgaY8QlI+Cirlrp/lr7jjgrXjgqTjgrrjga/lubPnva7jgY3jgafjga7mjqHlr7jjga7jgZ/jgoHlpJrlsJHoqqTlt67jgYzjgafjgovloLTlkIjjgYzjgZTjgZbjgYTjgZnjgILjgb7jgZ/jgIHlrp/lr7jjgrXjgqTjgrrjga7ngrrjgIHjgr/jgrDnrYnjga7ooajoqJjjgajjga/nlbDjgarjgovloLTlkIjjgYzjgZTjgZbjgYTjgb7jgZnjgILmuKzlrprjga7mlrnms5XjgavjgojjgaPjgaYx772eMmNt44GP44KJ44GE44Gu6Kqk5beu44GM44GC44KL5aC05ZCI44GM44GU44GW44GE44G+44GZ44CCCirjgZPjga7llYblk4Hjga/oi6XlubLlsI/jgZXjgoHjgafjgZnjgILjg6/jg7PjgrXjgqTjgrrlpKfjgY3jgYTjgrXjgqTjgrrjgpLjgZTms6jmlofpoILjgZHjgb7jgZnjgojjgYbjgYrpoZjjgYTjgYTjgZ/jgZfjgb7jgZnjgIIKPGJyPjxicj7jgJDms6jmhI/kuovpoIXjgJE8YnI+PGJyPgrimIXljbDliLfjgZXjgozjgZ/pg6jliIbjga/jgIHjgZPjgZnjgormtJfjgYTjgZfjgarjgYTjgafjgY/jgaDjgZXjgYTjgIIKPGJyPjxicj7jgJDph43opoHjgarjgYrnn6XjgonjgZvjgafjgZnjgJE8YnI+PGJyPgrimIXlhajjgabjga7llYblk4Hjga/jgIHnmbrpgIHjgb7jgacz772eNeaXpSjlnJ/jg7vml6Xmm5zml6Uv56Wd5pelIOmZpOOBjynjga7mmYLplpPjgYzjgYvjgYvjgorjgb7jgZnjgII8YnI+CuS7o+mHkeW8leaPm+OCkuOBlOWIqeeUqOOBmeOCi+WgtOWQiOOBr+mFjemAgeOBjO+8ke+9nu+8kuaXpemBheOBj+OBquOCiuOBvuOBmeOBruOBp+OAgeS6iOOCgeOBlOS6huaJv+OBj+OBoOOBleOBhOOAgjxicj4K4piF5Zyo5bqr44GM44Gq44GE5aC05ZCI44Gv44CB44Oh44O844Or5Y+K44Gz6Zu76Kmx44Gn44GU5qGI5YaF44GE44Gf44GX44G+44GZ44CCPGJyPjxicj4=,44CQRGlzZW5leSBNaWNrZXktbW91c2XjgJFFVkHjgq3jg4Pjgrrjgrnjg6rjg4Pjg53jg7Mg44K144Oz44OA44OrIOS4iuWxpeOBjeS4iumdtCDlubznqJrlnJIv5L+d6IKy5ZySL+Wwj+WtpueUnyDlhaXlraYg5a2Q5L6b6Z20IOODh+OCo+OCuuODi+ODvCDjgrXjg7Pjg4Djg6sg6Z20IOOBk+OBqeOCgueUqCDjgq3jg4PjgrrjgYvjgonjgrjjg6Xjg4vjgqLnlKjimIVEaXNlbmV544O744OH44Kk44K644OL44O84piF44CQMDVQMjZNYXIxNuOAke+8muOCr+ODvOOCr+ODvA==,6YCa5L+h6LKp5aOy6YCa6LKp44K344On44OD44OU44Oz44Kw44Kq44Oz44Op44Kk44Oz44K344On44OD44OU44Oz44Kw6LK344GE54mp44OX44Os44K844Oz44OI44Ku44OV44OI6LSI44KK54mp6LSI562U5ZOB44GK5Lit5YWD44GK5q2z5pqu44GK6LK344GE5b6X44Ki44OK44Go6Zuq44Gu5aWz546L44K344O844Kv44Os44OD44OI44K344Ol44O844K644OR44K544Od44O844OI44Kx44O844K544Op44OW44Ki44OA44OW44OA44OW44Or44K344Ol44Kv44Or44Ko44Kv44O844OI44Ki44OK44OO44Kr44OV44Kn44K544Kt44O844K044O844Kw44Or44Oe44K/44OO44Ki44OE44Kz44GK5byB5b2T566x44OQ44OD44Kw44Kk44Oz44OQ44OD44Kw5rip5rOJ44OQ44OD44Kw44OZ44OT44O855So5ZOB5a2Q44Gp44KC6ZW36LKh5biD5pel5pys6KO944GM44G+5Y+j6LKh5biD44Ki44Oq44O844OKIOOCuOODo+ODvOOCuOi1pOOBoeOCg+OCk+OCreODo+ODqeW8geOAkERpc2VuZXkgTWlja2V5LW1vdXNl44CRRVZB44Kt44OD44K644K544Oq44OD44Od44OzIOOCteODs+ODgOODqyDkuIrlsaXjgY3kuIrpnbQg5bm856ia5ZySL+S/neiCsuWcki/lsI/lrabnlJ8g5YWl5a2mIOWtkOS+m+mdtCDjg4fjgqPjgrrjg4vjg7wg44K144Oz44OA44OrIOmdtCDjgZPjganjgoLnlKgg44Kt44OD44K644GL44KJ44K444Ol44OL44Ki55So4piFRGlzZW5leeODu+ODh+OCpOOCuuODi+ODvOKYheOAkDA1UDI2TWFyMTbjgJE=,W+ODoeODvOODq+S+v+S4jeWPr13jg4fjgqPjgrrjg4vjg7wg44K144Oz44OA44OrIOS4iuWxpeOBjeOAguOAkERpc2VuZXkgTWlja2V5LW1vdXNl44CRRVZB44Kt44OD44K644K544Oq44OD44Od44OzIOOCteODs+ODgOODqyDkuIrlsaXjgY3kuIrpnbQg5bm856ia5ZySL+S/neiCsuWcki/lsI/lrabnlJ8g5YWl5a2mIOWtkOS+m+mdtCDjg4fjgqPjgrrjg4vjg7wg44K144Oz44OA44OrIOmdtCDjgZPjganjgoLnlKgg44Kt44OD44K644GL44KJ44K444Ol44OL44Ki55So4piFRGlzZW5leeODu+ODh+OCpOOCuuODi+ODvOKYheOAkDA1UDI2TWFyMTbjgJE=[rn]
14-157835,aHR0cDovL3RzaG9wLnIxMHMuanAvY29vLWNvby9jYWJpbmV0L2ppd2FuL2Zhc2hpb24vMDQxMC0wLmpwZz9maXRpbj03MDA6NzAw,MTQ4MC4wMDAw,,44Kt44OD44K644O744OZ44OT44O844O744Oe44K/44OL44OG44KjID4g44Kt44OD44K6ID4g6Z20ID4g44K544OL44O844Kr44O8,44CQ44Ki44OK44Go6Zuq44Gu5aWz546L44CR44CQ44Kv44Ot44OD44Kv44K544K544K/44Kk44Or44K144Oz44OA44Or44CR44K344Ol44O844K644CO44OU44Oz44Kv44CP5L+d6IKy5ZySL+Wwj+WtpueUnyDlrZDkvpvpnbQgIOOCreODg+OCuuOBi+OCieOCuOODpeODi+OCoueUqOOCouODiuOBqOmbquOBruWls+eOi+OCsOODg+OCukRpc2VuZXnjg7vjg4fjgqTjgrrjg4vjg7zjgIBGcm96ZW7jgJAwNVAyNk1hcjE244CR,,KuWVhuWTgeaDheWgsSoKPGJyPjxicj4KKue0oOadkCA6ICBFVkEsUFZDLFRQUiAgPGJyPgoqQ29sb3JzIDog44OU44Oz44KvPGJyPgrimIXjgqvjg6njg7zjgavjgaTjgYTjgaYK5ZWG5ZOB5YaZ55yf44Gv44Gn44GN44KL6ZmQ44KK5a6f54mp44Gu6Imy44Gr6L+R44Gl44GR44KL44KI44GG5Yqq5Yqb44GX44Gm44GK44KK44G+44GZ44GM44GK5a6i5qeY44GM44GU6Kan44Gr44Gq44KJ44KM44KL55Kw5aKD44Gr44KI44KK6Imy44Gu5aSJ5YyW44GM5oSf44GY44KJ44KM44KL5aC05ZCI44GM44GU44GW44GE44G+44GZ44CCCjxicj48YnI+CipTaXplIGluZm8gOjE1LzE2LzE3LzE4LzE5LzIwLzIxY208QlI+CuKYheOCteOCpOOCuuOBq+OBpOOBhOOBpgrlrp/lr7jjgrXjgqTjgrrjga/lubPnva7jgY3jgafjga7mjqHlr7jjga7jgZ/jgoHlpJrlsJHoqqTlt67jgYzjgafjgovloLTlkIjjgYzjgZTjgZbjgYTjgZnjgILjgb7jgZ/jgIHlrp/lr7jjgrXjgqTjgrrjga7ngrrjgIHjgr/jgrDnrYnjga7ooajoqJjjgajjga/nlbDjgarjgovloLTlkIjjgYzjgZTjgZbjgYTjgb7jgZnjgILmuKzlrprjga7mlrnms5XjgavjgojjgaPjgaYx772eMmNt44GP44KJ44GE44Gu6Kqk5beu44GM44GC44KL5aC05ZCI44GM44GU44GW44GE44G+44GZ44CCCjxicj48YnI+CuKAu+a1t+WkluijveOBrueCuuiLpeW5suOCteOCpOOCuuOBjOWwj+OBleOCgeOBp+OBlOOBluOBhOOBvuOBmeOAgjxicj4xNe+9g++9jeOAgTE2772D772N44CBMTfvvYPvvY3jg7vjg7vjg7vjg7vnrYnjga7jgrXjgqTjgrrooajoqJjjgYzjgZTjgZbjgYTjgb7jgZnjgYzkuK3mlbfjgY3jga7jgrXjgqTjgrrjgYzooajoqJjjgrXjgqTjgrrjgbTjgaPjgZ/jgorvvZ4wLjXvvY3vvY3lsI/jgZXjgoHjgafjgZTjgZbjgYTjgb7jgZnjgILjgZTlv4PphY3jgarmlrnjga/jg6Hjg7zjg6vjgb7jgZ/jga/jgYrpm7voqbHjgavjgabjgYrllY/jgYTlkIjjgo/jgZvjgY/jgaDjgZXjgYTjgII8YnI+PGJyPjxicj4KCgrjgJDms6jmhI/kuovpoIXjgJE8YnI+PGJyPgrimIXkub7nh6XjgZnjgovmmYLjga/jgIHml6XpmbDjgaflubLjgZfjgabjgY/jgaDjgZXjgYTjgIIK4piF5Y2w5Yi344GV44KM44Gf6YOo5YiG44Gv44CB44GT44GZ44KK5rSX44GE44GX44Gq44GE44Gn44GP44Gg44GV44GE44CCCjxicj48YnI+44CQ6YeN6KaB44Gq44GK55+l44KJ44Gb44Gn44GZ44CRPGJyPjxicj4K4piF5YWo44Gm44Gu5ZWG5ZOB44Gv44CB55m66YCB44G+44GnM++9njXml6Uo5Zyf44O75pel5puc5pelL+elneaXpSDpmaTjgY8p44Gu5pmC6ZaT44GM44GL44GL44KK44G+44GZ44CCPGJyPgrku6Pph5HlvJXmj5vjgpLjgZTliKnnlKjjgZnjgovloLTlkIjjga/phY3pgIHjgYzvvJHvvZ7vvJLml6XpgYXjgY/jgarjgorjgb7jgZnjga7jgafjgIHkuojjgoHjgZTkuobmib/jgY/jgaDjgZXjgYTjgII8YnI+CuKYheWcqOW6q+OBjOOBquOBhOWgtOWQiOOBr+OAgeODoeODvOODq+WPiuOBs+mbu+ipseOBp+OBlOahiOWGheOBhOOBn+OBl+OBvuOBmeOAgjxicj48YnI+,44CQ44Ki44OK44Go6Zuq44Gu5aWz546L44CR44CQ44Kv44Ot44OD44Kv44K544K544K/44Kk44Or44K144Oz44OA44Or44CR44K344Ol44O844K644CO44OU44Oz44Kv44CP5L+d6IKy5ZySL+Wwj+WtpueUnyDlrZDkvpvpnbQgIOOCreODg+OCuuOBi+OCieOCuOODpeODi+OCoueUqOKYheOCouODiuOBqOmbquOBruWls+eOi+OCsOODg+OCuuKYhURpc2VuZXnjg7vjg4fjgqTjgrrjg4vjg7zjgIBGcm96ZW7jgJAwNVAyNk1hcjE244CR77ya44Kv44O844Kv44O8,6YCa5L+h6LKp5aOy6YCa6LKp44K344On44OD44OU44Oz44Kw44Kq44Oz44Op44Kk44Oz44K344On44OD44OU44Oz44Kw6LK344GE54mp44OX44Os44K844Oz44OI44Ku44OV44OI6LSI44KK54mp6LSI562U5ZOB44GK5Lit5YWD44GK5q2z5pqu44GK6LK344GE5b6X44Ki44OK44Go6Zuq44Gu5aWz546L44K344O844Kv44Os44OD44OI44K344Ol44O844K644OR44K544Od44O844OI44Kx44O844K544Op44OW44Ki44OA44OW44OA44OW44Or44K344Ol44Kv44Or44Ko44Kv44O844OI44Ki44OK44OO44Kr44OV44Kn44K544Kt44O844K044O844Kw44Or44Oe44K/44OO44Ki44OE44Kz44GK5byB5b2T566x44OQ44OD44Kw44Kk44Oz44OQ44OD44Kw5rip5rOJ44OQ44OD44Kw44OZ44OT44O855So5ZOB5a2Q44Gp44KC6ZW36LKh5biD5pel5pys6KO944GM44G+5Y+j6LKh5biD44Ki44Oq44O844OKIOOCuOODo+ODvOOCuOi1pOOBoeOCg+OCk+OCreODo+ODqeW8geOAkOOCouODiuOBqOmbquOBruWls+eOi+OAkeOAkOOCr+ODreODg+OCr+OCueOCueOCv+OCpOODq+OCteODs+ODgOODq+OAkeOCt+ODpeODvOOCuuOAjuODlOODs+OCr+OAj+S/neiCsuWcki/lsI/lrabnlJ8g5a2Q5L6b6Z20ICDjgq3jg4PjgrrjgYvjgonjgrjjg6Xjg4vjgqLnlKjimIXjgqLjg4rjgajpm6rjga7lpbPnjovjgrDjg4PjgrrimIVEaXNlbmV544O744OH44Kk44K644OL44O844CARnJvemVu44CQMDVQMjZNYXIxNuOAkQ==,44OH44Kj44K644OL44O844K144Oz44OA44OrICDjgrfjg6Xjg7zjgrrvvIHjgrnjg4vjg7zjgqvjg7zjgq3jg4PjgrrvvZ7jgrjjg6Xjg4vjgqLjgILjgJDjgqLjg4rjgajpm6rjga7lpbPnjovjgJHjgJDjgq/jg63jg4Pjgq/jgrnjgrnjgr/jgqTjg6vjgrXjg7Pjg4Djg6vjgJHjgrfjg6Xjg7zjgrrjgI7jg5Tjg7Pjgq/jgI/kv53ogrLlnJIv5bCP5a2m55SfIOWtkOS+m+mdtCAg44Kt44OD44K644GL44KJ44K444Ol44OL44Ki55So4piF44Ki44OK44Go6Zuq44Gu5aWz546L44Kw44OD44K64piFRGlzZW5leeODu+ODh+OCpOOCuuODi+ODvOOAgEZyb3plbuOAkDA1UDI2TWFyMTbjgJE=[rn]
14-157836,aHR0cDovL3RzaG9wLnIxMHMuanAvY29vLWNvby9jYWJpbmV0L2ppd2FuL2Zhc2hpb24vaW1nNjMxMTc2MjYuanBnP2ZpdGluPTcwMDo3MDA=,MTY0MC4wMDAw,,44Kt44OD44K644O744OZ44OT44O844O744Oe44K/44OL44OG44KjID4g44Kt44OD44K6ID4g6Z20ID4g44K544OL44O844Kr44O8,44CQ44Ki44OK44Go6Zuq44Gu,,KuWVhuWTgeaDheWgsSoKPGJyPjxicj4KKue0oOadkCA6ICBQVSwgUFZDPGJyPgoq6Ly45YWl5Zu9L+eUn+eUo+WbvSA6IEtPUkVBL0NISU5BPGJyPgoqQ29sb3JzIDog44Of44Oz44OIPGJyPgrimIXjgqvjg6njg7zjgavjgaTjgYTjgaYK5ZWG5ZOB5YaZ55yf44Gv44Gn44GN44KL6ZmQ44KK5a6f54mp44Gu6Imy44Gr6L+R44Gl44GR44KL44KI44GG5Yqq5Yqb44GX44Gm44GK44KK44G+44GZ44GM44GK5a6i5qeY44GM44GU6Kan44Gr44Gq44KJ44KM44KL55Kw5aKD44Gr44KI44KK6Imy44Gu5aSJ5YyW44GM5oSf44GY44KJ44KM44KL5aC05ZCI44GM44GU44GW44GE44G+44GZ44CCCjxicj48YnI+CipTaXplIGluZm8gOiAxNi8xNy8xOC8xOS8yMGNtPEJSPgrimIXjgrXjgqTjgrrjgavjgaTjgYTjgaYK5a6f5a+444K144Kk44K644Gv5bmz572u44GN44Gn44Gu5o6h5a+444Gu44Gf44KB5aSa5bCR6Kqk5beu44GM44Gn44KL5aC05ZCI44GM44GU44GW44GE44GZ44CC44G+44Gf44CB5a6f5a+444K144Kk44K644Gu54K644CB44K/44Kw562J44Gu6KGo6KiY44Go44Gv55Ww44Gq44KL5aC05ZCI44GM44GU44GW44GE44G+44GZ44CC5ris5a6a44Gu5pa55rOV44Gr44KI44Gj44GmMe+9njJjbeOBj+OCieOBhOOBruiqpOW3ruOBjOOBguOCi+WgtOWQiOOBjOOBlOOBluOBhOOBvuOBmeOAggo8YnI+PGJyPuOAkOazqOaEj+S6i+mgheOAkTxicj48YnI+CuKYheS5vueHpeOBmeOCi+aZguOBr+OAgeaXpemZsOOBp+W5suOBl+OBpuOBj+OBoOOBleOBhOOAggo8YnI+PGJyPuOAkOmHjeimgeOBquOBiuefpeOCieOBm+OBp+OBmeOAkTxicj48YnI+CuKYheWFqOOBpuOBruWVhuWTgeOBr+OAgeeZuumAgeOBvuOBpzPvvZ415pelKOWcn+ODu+aXpeabnOaXpS/npZ3ml6Ug6Zmk44GPKeOBruaZgumWk+OBjOOBi+OBi+OCiuOBvuOBmeOAgjxicj4K5Luj6YeR5byV5o+b44KS44GU5Yip55So44GZ44KL5aC05ZCI44Gv6YWN6YCB44GM77yR772e77yS5pel6YGF44GP44Gq44KK44G+44GZ44Gu44Gn44CB5LqI44KB44GU5LqG5om/44GP44Gg44GV44GE44CCPGJyPgrimIXlnKjluqvjgYzjgarjgYTloLTlkIjjga/jgIHjg6Hjg7zjg6vlj4rjgbPpm7voqbHjgafjgZTmoYjlhoXjgYTjgZ/jgZfjgb7jgZnjgII8YnI+PGJyPg==,44CQ44Ki44OK44Go6Zuq44Gu5aWz546L44CR44K344Ol44O844K677yB44K544OL44O844Kr44O844Kt44OD44K6772e44K444Ol44OL44KiIOOCreODg+OCuuOBi+OCieOCuOODpeODi+OCoueUqOKYheOCueODi+ODvOOCq+ODvOKYhURpc2VuZXnjg7vjg4fjgqTjgrrjg4vjg7zjgIDjgqLjg4rjgajpm6rjga7lpbPnjovjgIBGcm96ZW4g44Oc44OD44Kv44K55YWl44KK44CQMDVQMjZNYXIxNuOAke+8muOCr+ODvOOCr+ODvA==,6YCa5L+h6LKp5aOy6YCa6LKp44K344On44OD44OU44Oz44Kw44Kq44Oz44Op44Kk44Oz44K344On44OD44OU44Oz44Kw6LK344GE54mp44OX44Os44K844Oz44OI44Ku44OV44OI6LSI44KK54mp6LSI562U5ZOB44GK5Lit5YWD44GK5q2z5pqu44GK6LK344GE5b6X44Ki44OK44Go6Zuq44Gu5aWz546L44K344O844Kv44Os44OD44OI44K344Ol44O844K644OR44K544Od44O844OI44Kx44O844K544Op44OW44Ki44OA44OW44OA44OW44Or44K344Ol44Kv44Or44Ko44Kv44O844OI44Ki44OK44OO44Kr44OV44Kn44K544Kt44O844K044O844Kw44Or44Oe44K/44OO44Ki44OE44Kz44GK5byB5b2T566x44OQ44OD44Kw44Kk44Oz44OQ44OD44Kw5rip5rOJ44OQ44OD44Kw44OZ44OT44O855So5ZOB5a2Q44Gp44KC6ZW36LKh5biD5pel5pys6KO944GM44G+5Y+j6LKh5biD44Ki44Oq44O844OKIOOCuOODo+ODvOOCuOi1pOOBoeOCg+OCk+OCreODo+ODqeW8geOAkOOCouODiuOBqOmbquOBruWls+eOi+OAkeOCt+ODpeODvOOCuu+8geOCueODi+ODvOOCq+ODvOOCreODg+OCuu+9nuOCuOODpeODi+OCoiDjgq3jg4PjgrrjgYvjgonjgrjjg6Xjg4vjgqLnlKjimIXjgrnjg4vjg7zjgqvjg7zimIVEaXNlbmV544O744OH44Kk44K644OL44O844CA44Ki44OK44Go6Zuq44Gu5aWz546L44CARnJvemVuIOODnOODg+OCr+OCueWFpeOCiuOAkDA1UDI2TWFyMTbjgJE=,4piFNTAl5Ymy5byV5Lit4piF55m65YWJ44OH44Kj44K644OL44O86Z2044GT44Gp44KC55SoICDjgq3jg4Pjgrrjgrnjg4vjg7zjgqvjg7zjgILjgJDjgqLjg4rjgajpm6rjga7lpbPnjovjgJHjgrfjg6Xjg7zjgrrvvIHjgrnjg4vjg7zjgqvjg7zjgq3jg4PjgrrvvZ7jgrjjg6Xjg4vjgqIg44Kt44OD44K644GL44KJ44K444Ol44OL44Ki55So4piF44K544OL44O844Kr44O84piFRGlzZW5leeODu+ODh+OCpOOCuuODi+ODvOOAgOOCouODiuOBqOmbquOBruWls+eOi+OAgEZyb3plbiDjg5zjg4Pjgq/jgrnlhaXjgorjgJAwNVAyNk1hcjE244CR[rn]
14-157837,aHR0cDovL3RzaG9wLnIxMHMuanAvZS16YWtrYW1hbmlhL2NhYmluZXQvMTQwMjYvNjU0MDEtMTQwMjY2OGUuanBnP2ZpdGluPTcwMDo3MDA=,MzY4MC4wMDAw,,44Kt44OD44K644O744OZ44OT44O844O744Oe44K/44OL44OG44KjID4g44Kt44OD44K6ID4g6Z20ID4g44K544OL44O844Kr44O8,44CM5q2p44GN5aeL44KB44CN44K144Od44O844OI5qmf6IO944CB6ISx44GO5bGl44GN44K544Og44O844K644Gq44Oe44K444OD44Kv44OG44O844OX44OZ44Or44OI5LuV5qeY77yBIOOCueODi+ODvOOCq+ODvCDlrZDkvpsg5a2Q44Gp44KCIOODmeODk+ODvCDotaTjgaHjgoPjgpMg55S344Gu5a2QIOWls+OBruWtkCDjgrfjg6Xjg7zjgrog6Z20IOmBi+WLlemdtCDopqrlrZDjg5rjgqIgIOimquWtkOOBiuaPg+OBhOKXhk5ldyBCYWxhbmNl77yI44OL44Ol44O844OQ44Op44Oz44K577yJRlM5OTbvvLvjg5njg5Pjg7zvvIbjgq3jg4PjgrrvvL0=,,PGZvbnQgc2l6ZT0iLTEiPjxjZW50ZXI+PGJyPjxiPjxmb250IHNpemU9IjMiPuOBiuWtkOanmOOCguOAgeODnuODnuOBqOS4gOe3kuOBq05FVyBCQUxBTkNF77yBPC9mb250PjwvYj48YnI+PHA+MTkwNuW5tOOBq+ODnuODqeOCveODs+OBruihl+ODnOOCueODiOODs+OBp+eUn+OBvuOCjOOAgeOCueODneODvOODhOODluODqeODs+ODieOBqOOBl+OBpjEwMOW5tOS7peS4iuOBruattOWPsuOCkuaMgeOBpE5ldyBCYWxhbmNl77yI44OL44Ol44O844OQ44Op44Oz44K577yJ44Gu5a2Q5L6b55So44K544OL44O844Kr44O844CCPGJyPuS6uuawl+OBruODmOODquODhuOCpOOCuOODouODh+ODq+OAjDk5NuOAjeOCkuODmeODvOOCueOBq+OBl+OBn+ODh+OCtuOCpOODs+OBruOCueODi+ODvOOCq+ODvOOBjOWGjeeZu+WgtOOBp+OBmeOAgjxicj48YnI+44Oe44K444OD44Kv44OG44O844OX44Gn44Go44KB44KL44Ki44OD44OR44O844Gu44OZ44Or44OI44OH44K244Kk44Oz44Gn44CB44GK5a2Q5qeY44Gn44KC6ISx44GO5bGl44GN44GM44K544Og44O844K644CCPGJyPuODleOCo+ODg+ODiOaAp+OCgumrmOOCgeOBvuOBmeOAguimi+OBn+ebruOBruWPr+aEm+OCieOBl+OBleOBoOOBkeOBp+OBquOBj+OAgTRMT1ZF44CB44OX44OB44K/44OD44OB44Kk44Oz44K944O844Or44Gq44Gp5q2p44GN5aeL44KB44KS44K144Od44O844OI44GZ44KL5qmf6IO944KC5YWF5a6f44GX44Gm44GE44G+44GZ44CCPC9wPjxicj48YnI+PGhyPjxmb250IHNpemU9IjMiPuODvCBDT0xPUiBWQVJJQVRJT07jg7w8L2ZvbnQ+PGhyPjxpbWcgc3JjPSJodHRwOi8vaW1hZ2UucmFrdXRlbi5jby5qcC9lLXpha2thbWFuaWEvY2FiaW5ldC8xNDAyNi82NTQwMS0xNDAyNjY4bXNrXzE0LmpwZyIgd2lkdGg9IjEwMCUiPjwvY2VudGVyPjxicj48YnI+44CK44Gd44GuMeOAizxicj7lrZDjganjgoLjga7otrPjga7miJDplbfjgpLjgZXjgb7jgZ/jgZLjgarjgYTjgIHjgq3jg4PjgrrlsILnlKjjg6njgrnjg4jvvIjpnbTlnovvvInjgpLmjqHnlKjjgILjgaTjgb7lhYjjgYzmiYflvaLjgavjgarjgaPjgZ/jg6njgrnjg4jjgavjga/jgIHpganluqbjgarjgobjgajjgorjgYzjgYLjgovjgZ/jgoHotrPmjIfjgpLnt6DjgoHjgaTjgZHjgZrjgIHjgaTjgb7jgZrjgY3jgpLpmLLmraLjgZnjgovpganluqbjgarjgZ3jgorkuIrjgYzjgorjgoLjgaTjgZHjgabjgYTjgb7jgZnjgII8YnI+PGJyPuOAiuOBneOBrjLjgIs8YnI+44GX44Gj44GL44KK44GX44Gf44OS44O844Or44Kr44Km44Oz44K/44O844Gn44GL44GL44Go44KS44GX44Gj44GL44KK44Ob44O844Or44OJ44GZ44KL44GT44Go44Gr44KI44KK44CB6auY44GE5a6J5a6a5oCn44KS55m65o+u44GX44CB5q2p6KGM5pmC44Gu44GQ44KJ44Gk44GN44KS6Ziy5q2i44GX44G+44GZ44CCPGJyPjxicj7jgIrjgZ3jga4z44CLPGJyPuacqueZuumBlOOBruWtkOOBqeOCguOBrui2s+OBjOiHqueEtuOBq+WxiOaKmOOBp+OBjeOCi+OCiOOBhuOBq+OCouOCt+OCueODiOOBmeOCi+ODleODrOODg+OCr+OCueOCsOODq+ODvOODluOCkuaOoeeUqOOAguaflOOCieOBi+OBhOOBoOOBkeOBp+OBquOBj+OAgei2s+aMh+OBruWLleOBjeOBq+WQiOOCj+OBm+OBpuOAgeOCt+ODpeODvOOCuuOBruWFiOOBjOabsuOBjOOCi+OCiOOBhuOBq+ioreioiOOBleOCjOOBpuOBhOOBvuOBmeOAgjxicj48YnI+44CK44Gd44GuNOOAizxicj7ogozjgavlhKrjgZfjgYRNUEPvvIhS77yJ5Yqg5bel44KS5o6h55So44CC5ZC45rGX44O76YCf5Lm+5oCn44Gr5YSq44KM44CB5pWP5oSf44Gq5a2Q44Gp44KC44Gu6Laz44KS5YSq44GX44GP5riF5r2U44Gr5L+d44Gh44G+44GZ44CCPGJyPjxicj48YnI+PGZvbnQgc2l6ZT0iMyI+PGI+44OX44OB44K/44OD44OB44Kk44Oz44K944O844Or44Go44Gv77yfPC9iPjwvZm9udD48YnI+PGJyPjxicj7mranjgY3jga/jgZjjgoHjga7otaTjgaHjgoPjgpPjgavjga88YnI+44GX44Gj44GL44KK44Go5Zyw6Z2i44KS6LiP44G/44GX44KB44KJ44KM44KLPGJyPuijuOi2s+aEn+immuOBq+i/keOBhOOCt+ODpeODvOOCuuOBjOS4gOeVquOAgjxicj48YnI+PGhyPjx0YWJsZSB3aWR0aD0iMTAwJSIgY2VsbHBhZGRpbmc9IjgiPjx0ciBiZ2NvbG9yPSIjZGNkY2RjIj48dGQ+PGZvbnQgc2l6ZT0iMiIgY29sb3I9IiMwMDAiPiZndDsmIzYyO+OAgOmdtO+8iOWxi+WklueUqO+8ie+8u+OCreODg+OCuu+8veS4gOimpzwvZm9udD48L3RkPjwvdHI+PC90YWJsZT48dGFibGUgd2lkdGg9IjEwMCUiIGNlbGxwYWRkaW5nPSI4Ij48dHIgYmdjb2xvcj0iI2RjZGNkYyI+PHRkPjxmb250IHNpemU9IjIiIGNvbG9yPSIjMDAwIj4mZ3Q7JiM2MjvjgIDopqrlrZDjg6rjg7Pjgq/jgrPjg7zjg4fjgYzlj7bjgYbvvIHllYblk4HkuIDopqc8L2ZvbnQ+PC90ZD48L3RyPjwvdGFibGU+PGhyPjx0YWJsZSBib3JkZXI9IjAiIGNlbGxzcGFjaW5nPSIxIiBiZ2NvbG9yPSIjQ0NDQ0NDIiBjZWxscGFkZGluZz0iNyIgd2lkdGg9IjEwMCUiPjx0cj48dGggYmdjb2xvcj0iI0VFRSIgd2lkdGg9IjMwJSI+PGZvbnQgc2l6ZT0iMSI+PGNlbnRlcj7jgrXjgqTjgro8L2NlbnRlcj48L2ZvbnQ+PC90aD48dGQgYmdjb2xvcj0iI0ZGRkZGRiI+PGZvbnQgc2l6ZT0iMiI+MTIuMC8xMi41LzEzLjAvMTMuNS8xNC4wLzE0LjUvMTUuMC8xNS41LzE2LjAvMTYuNTxocj7vvLvplbfjgZUv5bmFL+ODkuODvOODqy/pq5jjgZXvvL08YnI+44CKSlBOIDEyLjDjgIvvvLsxMy41LzYuNS8xLzfvvL08YnI+44CKSlBOIDEyLjXjgIvvvLsxNC82LjUvMS8377y9PGJyPuOAikpQTiAxMy4w44CL77y7MTQuNS83LjUvMS8377y9PGJyPuOAikpQTiAxMy4144CL77y7MTUvNy41LzEvN++8vTxicj7jgIpKUE4gMTQuMOOAi++8uzE1LjUvNy41LzEvN++8vTxicj7jgIpKUE4gMTQuNeOAi++8uzE2Ly83LjUvMS8377y9PGJyPuOAikpQTiAxNS4w44CL77y7MTYuNS84LzEvN++8vTxicj7jgIpKUE4gMTUuNeOAi++8uzE3LzgvMS8377y9PGJyPuOAikpQTiAxNi4w44CL77y7MTcuNS84LzEvNy4177y9PGJyPuOAikpQTiAxNi4144CL77y7MTgvOC8xLzcuNe+8vTwvZm9udD48YnI+PC90ZD48L3RyPjx0cj48dGggYmdjb2xvcj0iI0VFRSIgd2lkdGg9IjMwJSI+PGZvbnQgc2l6ZT0iMSI+PGNlbnRlcj7ntKDmnZDnrYk8L2NlbnRlcj48L2ZvbnQ+PC90aD48dGQgYmdjb2xvcj0iI0ZGRkZGRiI+PGZvbnQgc2l6ZT0iMiI+55Sy55qu77ya5Lq65bel55qu6Z2p44CA5ZCI5oiQ57mK57atPGJyPuOCouOCpuODiOOCveODvOODq++8muOCtOODoOW6lTxicj7jg5/jg4Pjg4njgr3jg7zjg6vvvJrlkIjmiJDlupU8YnI+44Kr44O844Kt77ya44OZ44OI44OK44Og6KO9PGJyPuOBneOBruS7lu+8muOCpOODs+ODieODjeOCt+OCouijvTxicj7niYfotrPntIQ4NWfvvIgxMy4wY23vvIk8L2ZvbnQ+PGJyPjwvdGQ+PC90cj48L3RhYmxlPjxpZnJhbWUg44CA44CA44CA44CA44CA44CA44CA44CA44CA44CA44CA44CA44CA44CA44CA44CA44CA44CAPSIiIHNyYz0iaHR0cDovL3d3dy5yYWt1dGVuLm5lLmpwL2dvbGQvZS16YWtrYW1hbmlhL3NwL3Jtcy9jYXJ0X3VwMy5odG1sIiB3aWR0aD0iMTAwJSIgaGVpZ2h0PSIzODUiIHNjcm9sbGluZz0ibm8iICBmcmFtZWJvcmRlcj0iMCIgPjwvaWZyYW1lICDjgIA+IDxocj7igLvjgZTkvb/nlKjlvozjga7ov5Tlk4Hjg7vkuqTmj5vjga/jgYrlj5fjgZHlh7rmnaXjgb7jgZvjgpPjgII8aHI+PC9mb250Pjxmb250IHNpemU9IjEiPuWVhuWTgeOCq+ODhuOCtOODqu+8muOAkOOCsOODrOODvOOAkeOAkOeBsOiJsuOAkeOAkOODjeOCpOODk+ODvOOAkeOAkOODluODq+ODvOOAkeOAkOmdkuOAkeOAkOODrOODg+ODieOAkeOAkOi1pOOAkeimquWtkOODquODs+OCr+OCs+ODvOODhyAg6JuN5YWJPGJyPuOCreODg+OCuuOCueODi+ODvOOCq+ODvCDjgq3jg4Pjgrog5a2Q44Gp44KC55SoIOODnuOCuOODg+OCr+ODhuODvOODlyDom43lhYnjgIDjg4vjg6Xjg7zjg5Djg6njg7Pjgrkg44Kt44OD44K644K544OL44O844Kr44O8IOWtkOS+myDlrZDjganjgoIg5a2Q5L6b55SoIOeUt+OBruWtkCDlpbPjga7lrZAg44K344Ol44O844K6IOmdtCDjgrnjg4vjg7zjgqvjg7wg6YGL5YuV6Z20IOimquWtkOODmuOCoiAg6Kaq5a2Q44GK5o+D44GEIOODl+ODrOOCvOODs+ODiCDjgq7jg5Xjg4g8L2ZvbnQ+,44CM5q2p44GN5aeL44KB44CN44K144Od44O844OI5qmf6IO944CB6ISx44GO5bGl44GN44K544Og44O844K644Gq44Oe44K444OD44Kv44OG44O844OX44OZ44Or44OI5LuV5qeY77yBIOOCueODi+ODvOOCq+ODvCDlrZDkvpsg5a2Q44Gp44KCIOODmeODk+ODvCDotaTjgaHjgoPjgpMg55S344Gu5a2QIOWls+OBruWtkCDjgrfjg6Xjg7zjgrog6Z20IOmBi+WLlemdtCDopqrlrZDjg5rjgqIgIOimquWtkOOBiuaPg+OBhOKXhk5ldyBCYWxhbmNl77yI44OL44Ol44O844OQ44Op44Oz44K577yJRlM5OTbvvLvjg5njg5Pjg7zvvIbjgq3jg4PjgrrvvL3vvJrjgqTjg7zjgrbjg4Pjgqvjg57jg4vjgqLjgrnjg4jjgqLjg7zjgro=,6YCa5L+h6LKp5aOy6YCa6LKp44K344On44OD44OU44Oz44Kw44Kq44Oz44Op44Kk44Oz44K344On44OD44OU44Oz44Kw6LK344GE54mp44OX44Os44K844Oz44OI44Ku44OV44OI6LSI44KK54mp6LSI562U5ZOB44GK5Lit5YWD44GK5q2z5pqu44GK6LK344GE5b6X6YCa6LKp6YCa5L+h6LKp5aOy44Os44OH44Kj44O844K544OV44Kh44OD44K344On44Oz44K344On44OD44OU44Oz44Kw44K144Kk44OI44Kq44Oz44Op44Kk44Oz44K344On44OD44OX44Ki44OR44Os44Or6ZuR6LKo44OQ44OD44Kw44O744Ki44Kv44K744K144Oq44O844OX44OB44OX44Op44Kk44K55Luj5a6Y5bGx44Kr44O844Oq44O844Kz44Os44Kv44K344On44Oz77yIQ3VybHlDb2xsZWN0aW9u77yJ44OV44Kn44OV44Kn77yIZmFmYe+8ieODmeODhuOCo+OCueODn+OCue+8iEJldHR5U21pdGjvvIkg44K644O844OG44Kj44O877yIem9vdGll77yJ5rWB6KGM44OI44Os44Oz44OJ6ZuR6KqM5o6y6LyJ6Ly45YWl6ZuR6LKo44Kk44Oz44Od44O844OI44OW44Op44Oz44OJ44Ov44Oz44OU44O844K544Kz44O844OI44OW44O844OE44OR44Ku44Oz44K544CM5q2p44GN5aeL44KB44CN44K144Od44O844OI5qmf6IO944CB6ISx44GO5bGl44GN44K544Og44O844K644Gq44Oe44K444OD44Kv44OG44O844OX44OZ44Or44OI5LuV5qeY77yBIOOCueODi+ODvOOCq+ODvCDlrZDkvpsg5a2Q44Gp44KCIOODmeODk+ODvCDotaTjgaHjgoPjgpMg55S344Gu5a2QIOWls+OBruWtkCDjgrfjg6Xjg7zjgrog6Z20IOmBi+WLlemdtCDopqrlrZDjg5rjgqIgIOimquWtkOOBiuaPg+OBhOKXhk5ldyBCYWxhbmNl77yI44OL44Ol44O844OQ44Op44Oz44K577yJRlM5OTbvvLvjg5njg5Pjg7zvvIbjgq3jg4PjgrrvvL0=,44OL44Ol44O844OQ44Op44Oz44K5IOOCreODg+OCuiAxMi4wY23jgYvjgokxNi41Y23jgb7jgafvvIHjgILjgIzmranjgY3lp4vjgoHjgI3jgrXjg53jg7zjg4jmqZ/og73jgIHohLHjgY7lsaXjgY3jgrnjg6Djg7zjgrrjgarjg57jgrjjg4Pjgq/jg4bjg7zjg5fjg5njg6vjg4jku5Xmp5jvvIEg44K544OL44O844Kr44O8IOWtkOS+myDlrZDjganjgoIg44OZ44OT44O8IOi1pOOBoeOCg+OCkyDnlLfjga7lrZAg5aWz44Gu5a2QIOOCt+ODpeODvOOCuiDpnbQg6YGL5YuV6Z20IOimquWtkOODmuOCoiAg6Kaq5a2Q44GK5o+D44GE4peGTmV3IEJhbGFuY2XvvIjjg4vjg6Xjg7zjg5Djg6njg7PjgrnvvIlGUzk5Nu+8u+ODmeODk+ODvO+8huOCreODg+OCuu+8vQ==[rn]
14-157838,aHR0cDovL3RzaG9wLnIxMHMuanAvZS16YWtrYW1hbmlhL2NhYmluZXQvMTUwMDEvMjY0MDEtMTUwMDExNGUuanBnP2ZpdGluPTcwMDo3MDA=,NDE2MC4wMDAw,,44Kt44OD44K644O744OZ44OT44O844O744Oe44K/44OL44OG44KjID4g44Kt44OD44K6ID4g6Z20ID4g44K544OL44O844Kr44O8,44K544OL44O844Kr44O8IOODi+ODpeODvOODkOODqeODs+OCuSA5OTYg44CQ6YCB5paZ54Sh5paZ44CR44GK5a2Q5qeY44GL44KJ5aWz5oCn44KC77yB44OY44Oq44OG44Kk44K444Oi44OH44Or44CMOTk244CN44Gu44K444Ol44OL44Ki44K144Kk44K6VmVyLiAg5a2Q44Gp44KCIOWtkOS+m+eUqCDnlLfjga7lrZAg5aWz44Gu5a2QIOOCreODg+OCuiDjg6zjg4fjgqPjg7zjgrkg6Z20IOOCt+ODpeODvOOCuiDpgYvli5XpnbQg5bCP44GV44GE44K144Kk44K6IOimquWtkOOBiuaPg+OBhOKXhk5ldyBCYWxhbmNl77yI44OL44Ol44O844OQ44Op44Oz44K577yJS1Y5OTbvvLvjgq3jg4PjgrrvvIbjgrjjg6Xjg4vjgqLvvL0=,,PGZvbnQgc2l6ZT0iLTEiPuKAu+OAiuOAi+WGheOBr+OAgeOCv+OCsOODu+euseiomOi8ieOBruihqOiomOOCteOCpOOCuuOAge+8iO+8ieWGheOBr+edgOeUqOOCs+ODoeODs+ODiOOCkuWFg+OBq+OBl+OBn+OCteOCpOOCuuebruWuieOBp+OBmTxocj48Y2VudGVyPjxicj48YnI+PGI+5aSn5Lq644Gu5aWz5oCn44Gr44G+44Gn44K/44Kk44OX5Y+v6IO944GqPGJyPuOAjDk5NuOAjeOBruOCreODg+OCuuODouODh+ODqzwvYj48YnI+PGJyPjE5MDblubTjgavjg57jg6njgr3jg7Pjga7ooZfjg5zjgrnjg4jjg7PjgafnlJ/jgb7jgozjgIE8YnI+44K544Od44O844OE44OW44Op44Oz44OJ44Go44GX44GmMTAw5bm05Lul5LiK44Gu5q205Y+y44KS5oyB44GkPGJyPk5ldyBCYWxhbmNl77yI44OL44Ol44O844OQ44Op44Oz44K577yJ44Gu5a2Q5L6b55So44K544OL44O844Kr44O844CCPGJyPjxicj7kurrmsJfjga7jg5jjg6rjg4bjgqTjgrjjg6Ljg4fjg6vjgIw5OTbjgI3jgpI8YnI+57Sw6Lqr44Km44Kk44K677yI6Laz5Zuy77yJ44Gr5a++5b+c44GZ44KLPGJyPuKAnOOCueODquODoOODleOCo+ODg+ODiOKAneOBp+aPkOahiOOBmeOCi+S6uuawl+OBruOCreODg+OCuuODouODh+ODq+OBq+OAgTxicj7mlrDoibLjgpLov73liqDjgZflho3nmbvloLTjgafjgZnvvIE8YnI+PGJyPuOCt+ODpeODvOODrOODvOOCueOBr+OCtOODoOe0oOadkOOBq+OBquOBo+OBpuOBiuOCiuOAgTxicj7jgYLjgY/jgb7jgafjgIzjg4fjgrbjgqTjg7PjgI3jgII8YnI+5a6f6Zqb44Gu6ISx44GO5bGl44GN44Gv44Oe44K444OD44Kv44OG44O844OX44KS5L2/55So44GX44CBPGJyPuOBiuWtkOanmOOBp+OCguiEseOBjuWxpeOBjeOBjOOCueODoOODvOOCuuOAgjxicj7jg5XjgqPjg4Pjg4jmgKfjgoLpq5jjgoHjgb7jgZnjgII8YnI+PGJyPjxocj48Zm9udCBzaXplPSIzIj7jg7wgQ09MT1IgVkFSSUFUSU9O44O8PC9mb250Pjxocj48aW1nIHNyYz0iaHR0cDovL2ltYWdlLnJha3V0ZW4uY28uanAvZS16YWtrYW1hbmlhL2NhYmluZXQvMTUwMDEvMjY0MDEtMTUwMDExNHJtNC5qcGciIHdpZHRoPSIxMDAlIj48L2NlbnRlcj48aHI+PHRhYmxlIHdpZHRoPSIxMDAlIiBjZWxscGFkZGluZz0iOCI+PHRyIGJnY29sb3I9IiNkY2RjZGMiPjx0ZD48Zm9udCBzaXplPSIyIiBjb2xvcj0iIzAwMCI+Jmd0OyYjNjI744CATmV3IEJhbGFuY2XvvIjjg4vjg6Xjg7zjg5Djg6njg7PjgrnvvIk8L2ZvbnQ+PC90ZD48L3RyPjwvdGFibGU+PHRhYmxlIHdpZHRoPSIxMDAlIiBjZWxscGFkZGluZz0iOCI+PHRyIGJnY29sb3I9IiNkY2RjZGMiPjx0ZD48Zm9udCBzaXplPSIyIiBjb2xvcj0iIzAwMCI+Jmd0OyYjNjI744CA44K544OL44O844Kr44O85LiA6KanPC9mb250PjwvdGQ+PC90cj48L3RhYmxlPjxocj48Y2VudGVyPuKWvOedgOeUqOOCs+ODoeODs+ODiOOBr1BD44Oa44O844K444KS44GU5Y+C54Wn5LiL44GV44GE4pa8PGJyPu+8vCDjgrnjgr/jg4Pjg5XnnYDnlKjjgrPjg6Hjg7Pjg4jjga/jgrPjg4Hjg6njgYvjgonvvIEg77yPPC9jZW50ZXI+PGhyPjx0YWJsZSBib3JkZXI9IjAiIGNlbGxzcGFjaW5nPSIxIiBiZ2NvbG9yPSIjQ0NDQ0NDIiBjZWxscGFkZGluZz0iNyIgd2lkdGg9IjEwMCUiPjx0cj48dGggYmdjb2xvcj0iI0VFRSIgd2lkdGg9IjMwJSI+PGZvbnQgc2l6ZT0iMSI+PGNlbnRlcj7lrp/lr7g8YnI+77yI57SEY23vvIk8L2NlbnRlcj48L2ZvbnQ+PC90aD48dGQgYmdjb2xvcj0iI0ZGRkZGRiI+PGZvbnQgc2l6ZT0iMiI+44CK6KGo6KiY44K144Kk44K644CL6ZW344GVL+W5hS/jg5Ljg7zjg6sv6auY44GVPGhyPuOAijE3LjDjgIsxOS41LzcuNS8xLjUvODxicj7jgIoxNy4144CLMTkuNS84LzEuNS84PGJyPuOAijE4LjDjgIsyMC84LzEuNS84LjU8YnI+44CKMTguNeOAizIwLjUvOC8xLjUvOC41PGJyPuOAijE5LjDjgIsyMS84LzEuNS85PGJyPuOAijE5LjXjgIsyMS41LzgvMS41Lzk8YnI+44CKMjAuMOOAizIyLzguNS8xLjUvOTxicj7jgIoyMC4144CLMjIuNS84LjUvMS41Lzk8YnI+44CKMjEuMOOAizIzLzguNS8xLjUvOTxicj7jgIoyMS4144CLMjMuNy84LjUvMS41Lzk8YnI+44CKMjIuMOOAizI0LjUvOS8yLzkuNTxicj7jgIoyMi4144CLMjQuNy85LzIvOS41PGJyPuOAijIzLjDjgIsyNS85LzIvOS41PGJyPuOAijIzLjXjgIsyNS41LzkuNS8yLzEwPGJyPuOAijI0LjDjgIsyNi85LjUvMi8xMDwvZm9udD48YnI+PC90ZD48L3RyPjx0cj48dGggYmdjb2xvcj0iI0VFRSIgd2lkdGg9IjMwJSI+PGZvbnQgc2l6ZT0iMSI+PGNlbnRlcj7ntKDmnZDnrYk8L2NlbnRlcj48L2ZvbnQ+PC90aD48dGQgYmdjb2xvcj0iI0ZGRkZGRiI+PGZvbnQgc2l6ZT0iMiI+44Ki44OD44OR44O877ya44K344Oz44K744OG44Kj44OD44Kv44K544Ko44O844OJPGJyPuOCt+ODs+OCu+ODhuOCo+ODg+OCr+ODrOOCtuODvDxicj7jg6Hjg4Pjgrfjg6Xjgr3jg7zjg6vvvJrjgr3jg6rjg4Pjg4njg6njg5Djg7w8YnI+44Kk44Oz44OJ44ON44K344Ki6KO9PGJyPueJh+i2s+e0hDE2MGfvvIgyMGNt77yJPC9mb250Pjxicj48L3RkPjwvdHI+PC90YWJsZT48aWZyYW1lIOOAgOOAgOOAgOOAgOOAgOOAgOOAgOOAgOOAgOOAgOOAgOOAgOOAgOOAgOOAgOOAgOOAgOOAgD0iIiBzcmM9Imh0dHA6Ly93d3cucmFrdXRlbi5uZS5qcC9nb2xkL2UtemFra2FtYW5pYS9zcC9ybXMvY2FydF91cDMuaHRtbCIgd2lkdGg9IjEwMCUiIGhlaWdodD0iMzg1IiBzY3JvbGxpbmc9Im5vIiAgZnJhbWVib3JkZXI9IjAiID48L2lmcmFtZSAg44CAPiA8aHI+PGZvbnQgY29sb3I9IiNDQzAwMDAiPuKAuzUsMDAw5YaG77yI56iO6L6877yJ5Lul5LiK44Gu6Z206aGe77yI5L2G44GX56aP6KKL44O754m55Yil5LyB55S75Y+C5Yqg5ZOB44KS6Zmk44GP77yJ4oeS44K144Kk44K65Lqk5o+b5LiA5Zue54Sh5paZ44K144O844OT44K55Lit77yBPC9mb250Pjxocj7igLvlsYvlpJbjgafjga7nnYDnlKjlvozjga/ov5Tlk4HkuqTmj5vkuI3lj688YnI+PGhyPjwvZm9udD48Zm9udCBzaXplPSIxIj7llYblk4Hjgqvjg4bjgrTjg6rvvJrjgJDjg5bjg6vjg7zjgJHjgJDpnZLjgJHjgJDjgrDjg6zjg7zjgJHjgJDngbDoibLjgJHjgJDjg43jgqTjg5Pjg7zjgJHjgJDntLrjgJHjgJDjg6zjg4Pjg4njgJHjgJDotaTjgJHjgJDjgqTjgqjjg63jg7zjgJHjgJDpu4ToibLjgJHjg4vjg6Xjg7zjg5Djg6njg7Pjgrkg44K544OL44O844Kr44O8IDk5NiDlrZDjganjgoIg5a2Q5L6b55SoIOeUt+OBruWtkCDlpbPjga7lrZAg44K444Ol44OL44KiIOODrOODh+OCo+ODvOOCuSDpnbQg44K344Ol44O844K6IOmBi+WLlemdtCDjg63jg7zjgqvjg4Pjg4gg5bCP44GV44GE44K144Kk44K6IOimquWtkOOBiuaPg+OBhCDopqrlrZDjg6rjg7Pjgq/jgrPjg7zjg4cgPC9mb250Pg==,44K544OL44O844Kr44O8IOODi+ODpeODvOODkOODqeODs+OCuSA5OTYg44CQ6YCB5paZ54Sh5paZ44CR44GK5a2Q5qeY44GL44KJ5aWz5oCn44KC77yB44OY44Oq44OG44Kk44K444Oi44OH44Or44CMOTk244CN44Gu44K444Ol44OL44Ki44K144Kk44K6VmVyLiAg5a2Q44Gp44KCIOWtkOS+m+eUqCDnlLfjga7lrZAg5aWz44Gu5a2QIOOCreODg+OCuiDjg6zjg4fjgqPjg7zjgrkg6Z20IOOCt+ODpeODvOOCuiDpgYvli5XpnbQg5bCP44GV44GE44K144Kk44K6IOimquWtkOOBiuaPg+OBhOKXhk5ldyBCYWxhbmNl77yI44OL44Ol44O844OQ44Op44Oz44K577yJS1Y5OTbvvLvjgq3jg4PjgrrvvIbjgrjjg6Xjg4vjgqLvvL3vvJrjgqTjg7zjgrbjg4Pjgqvjg57jg4vjgqLjgrnjg4jjgqLjg7zjgro=,6YCa5L+h6LKp5aOy6YCa6LKp44K344On44OD44OU44Oz44Kw44Kq44Oz44Op44Kk44Oz44K344On44OD44OU44Oz44Kw6LK344GE54mp44OX44Os44K844Oz44OI44Ku44OV44OI6LSI44KK54mp6LSI562U5ZOB44GK5Lit5YWD44GK5q2z5pqu44GK6LK344GE5b6X6YCa6LKp6YCa5L+h6LKp5aOy44Os44OH44Kj44O844K544OV44Kh44OD44K344On44Oz44K344On44OD44OU44Oz44Kw44K144Kk44OI44Kq44Oz44Op44Kk44Oz44K344On44OD44OX44Ki44OR44Os44Or6ZuR6LKo44OQ44OD44Kw44O744Ki44Kv44K744K144Oq44O844OX44OB44OX44Op44Kk44K55Luj5a6Y5bGx44Kr44O844Oq44O844Kz44Os44Kv44K344On44Oz77yIQ3VybHlDb2xsZWN0aW9u77yJ44OV44Kn44OV44Kn77yIZmFmYe+8ieODmeODhuOCo+OCueODn+OCue+8iEJldHR5U21pdGjvvIkg44K644O844OG44Kj44O877yIem9vdGll77yJ5rWB6KGM44OI44Os44Oz44OJ6ZuR6KqM5o6y6LyJ6Ly45YWl6ZuR6LKo44Kk44Oz44Od44O844OI44OW44Op44Oz44OJ44Ov44Oz44OU44O844K544Kz44O844OI44OW44O844OE44OR44Ku44Oz44K544K544OL44O844Kr44O8IOODi+ODpeODvOODkOODqeODs+OCuSA5OTYg44CQ6YCB5paZ54Sh5paZ44CR44GK5a2Q5qeY44GL44KJ5aWz5oCn44KC77yB44OY44Oq44OG44Kk44K444Oi44OH44Or44CMOTk244CN44Gu44K444Ol44OL44Ki44K144Kk44K6VmVyLiAg5a2Q44Gp44KCIOWtkOS+m+eUqCDnlLfjga7lrZAg5aWz44Gu5a2QIOOCreODg+OCuiDjg6zjg4fjgqPjg7zjgrkg6Z20IOOCt+ODpeODvOOCuiDpgYvli5XpnbQg5bCP44GV44GE44K144Kk44K6IOimquWtkOOBiuaPg+OBhOKXhk5ldyBCYWxhbmNl77yI44OL44Ol44O844OQ44Op44Oz44K577yJS1Y5OTbvvLvjgq3jg4PjgrrvvIbjgrjjg6Xjg4vjgqLvvL0=,5paw6Imy6L+95Yqg77yB44Kt44OD44K644K144Kk44K644GL44KJ5aSn5Lq644Gu5aWz5oCn44KC56m/44GR44KL44CC6Kaq5a2Q44Oa44KiIOOCguKXjuOAguOCueODi+ODvOOCq+ODvCDjg4vjg6Xjg7zjg5Djg6njg7PjgrkgOTk2IOOAkOmAgeaWmeeEoeaWmeOAkeOBiuWtkOanmOOBi+OCieWls+aAp+OCgu+8geODmOODquODhuOCpOOCuOODouODh+ODq+OAjDk5NuOAjeOBruOCuOODpeODi+OCouOCteOCpOOCulZlci4gIOWtkOOBqeOCgiDlrZDkvpvnlKgg55S344Gu5a2QIOWls+OBruWtkCDjgq3jg4Pjgrog44Os44OH44Kj44O844K5IOmdtCDjgrfjg6Xjg7zjgrog6YGL5YuV6Z20IOWwj+OBleOBhOOCteOCpOOCuiDopqrlrZDjgYrmj4PjgYTil4ZOZXcgQmFsYW5jZe+8iOODi+ODpeODvOODkOODqeODs+OCue+8iUtWOTk277y744Kt44OD44K677yG44K444Ol44OL44Ki77y9[rn]
14-157839,aHR0cDovL3RzaG9wLnIxMHMuanAvZS16YWtrYW1hbmlhL2NhYmluZXQvMTYwMDMvNjUxMzYtMTYwMDMyN2UuanBnP2ZpdGluPTcwMDo3MDA=,MTUyMC4wMDAw,,44Kt44OD44K644O744OZ44OT44O844O744Oe44K/44OL44OG44KjID4g44Kt44OD44K6ID4g6Z20ID4g44K544OL44O844Kr44O8,44K544OL44O844Kr44O8MTVjbe+9njIyY23jgb7jgafjgILjgY/jgaPjgZ/jgorjgqbjgqnjg4Pjgrfjg6Xjga7jgYvjgYvjgaPjgZ/jgIHjgZPjgarjgozjgZ/jgq3jg6Pjg7Pjg5DjgrnntKDmnZDjga7jgrnjg6rjg4Pjg53jg7Pjgrnjg4vjg7zjgqvjg7zjgIIg5a2Q5L6b55So44K544OL44O844Kr44O844CCIOOCreODg+OCuiDlrZDkvpvnlKgg5a2Q44Gp44KCIOWtkOS+myDlpI8g5aWz44Gu5a2QIOeUt+OBruWtkCDjgrnjg4vjg7zjgqvjg7wg44K344Ol44O844K6IOOCuOODpeODi+OCoiDjgrfjg6Xjg7zjg6zjg7zjgrnjg6zjgrnil4bjgq3jg6Pjg7Pjg5Djgrnjgrnjg4vjg7zjgqvjg7zvvLvjgq3jg4PjgrrvvL0=,,PGZvbnQgc2l6ZT0iLTEiPuKAu+OBlOS9v+eUqOW+jOOBrui/lOWTgeODu+S6pOaPm+OBr+OBiuWPl+OBkeWHuuadpeOBvuOBm+OCk+OAgjxocj48aW1nIHNyYz0iaHR0cDovL2ltYWdlLnJha3V0ZW4uY28uanAvZS16YWtrYW1hbmlhL2NhYmluZXQvMTYwMDMvNjUxMzYtMTYwMDMyN3NtMS5qcGciIHdpZHRoPSIxMDAlIj48YnI+PGltZyBzcmM9Imh0dHA6Ly9pbWFnZS5yYWt1dGVuLmNvLmpwL2UtemFra2FtYW5pYS9jYWJpbmV0LzE2MDAzLzY1MTM2LTE2MDAzMjdzbTIuanBnIiB3aWR0aD0iMTAwJSI+PGJyPjxpbWcgc3JjPSJodHRwOi8vaW1hZ2UucmFrdXRlbi5jby5qcC9lLXpha2thbWFuaWEvY2FiaW5ldC8xNjAwMy82NTEzNi0xNjAwMzI3c20zLmpwZyIgd2lkdGg9IjEwMCUiPjxicj48YnI+PGltZyBzcmM9Imh0dHA6Ly9pbWFnZS5yYWt1dGVuLmNvLmpwL2UtemFra2FtYW5pYS9jYWJpbmV0LzE2MDAzLzY1MTM2LTE2MDAzMjdzbTUuanBnIiB3aWR0aD0iMTAwJSI+PGJyPjxicj48Yj48Zm9udCBzaXplPSIzIj7ntJDnhKHjgZfjg4fjgrbjgqTjg7PjgafohLHjgY7lsaXjgY3mpb3jgaHjgpPimao8L2ZvbnQ+PC9iPjxwPuOBj+OBo+OBn+OCiuOCpuOCqeODg+OCt+ODpeOBruOBi+OBi+OBo+OBn+OAgeOBk+OBquOCjOOBn+OCreODo+ODs+ODkOOCuee0oOadkOOBruWtkOS+m+eUqOOCueODi+ODvOOCq+ODvOOAgjxicj48YnI+57Ch5Y2Y44Gr6ISx44GO5bGl44GN44Gn44GN44KL44CB44K344Ol44O844Os44O844K544Os44K544OH44K244Kk44Oz44Gr44Gq44Gj44Gm44GK44KK44CB44OZ44Ot6YOo5YiG44Gu5LiL44Gr44Gv5bmz44K044Og44GM6Kit572u44GV44KM44Gm44GE44G+44GZ44CCPGJyPjxicj7jgZfjgaPjgYvjgorljprjgb/jga7jgYLjgovjgr3jg7zjg6vjgavjga/jgIHmu5HjgorjgavjgY/jgYTntLDjgYvjgarlh7nlh7jlhaXjgorjgafjgZnjgII8L3A+PGhyPjx0YWJsZSBib3JkZXI9IjAiIGNlbGxzcGFjaW5nPSIxIiBiZ2NvbG9yPSIjQ0NDQ0NDIiBjZWxscGFkZGluZz0iNyIgd2lkdGg9IjEwMCUiPjx0cj48dGggYmdjb2xvcj0iI0VFRSIgd2lkdGg9IjMwJSI+PGZvbnQgc2l6ZT0iMSI+PGNlbnRlcj7jgrXjgqTjgro8L2NlbnRlcj48L2ZvbnQ+PC90aD48dGQgYmdjb2xvcj0iI0ZGRkZGRiI+PGZvbnQgc2l6ZT0iMiI+44CKMTVjbeOAizxicj7plbfjgZXntIQxN2NtPGJyPuW5hee0hDYuNWNtPGJyPumrmOOBlee0hDVjbTxicj7jg5Ljg7zjg6vntIQxLjVjbTxicj7jgIoxNmNt44CLPGJyPumVt+OBlee0hDE4Y208YnI+5bmF57SENi41Y208YnI+6auY44GV57SENWNtPGJyPuODkuODvOODq+e0hDEuNWNtPGJyPuOAijE3Y23jgIs8YnI+PGJyPumVt+OBlee0hDE5Y208YnI+5bmF57SEN2NtPGJyPumrmOOBlee0hDVjbTxicj7jg5Ljg7zjg6vntIQxLjVjbTxicj7jgIoxOGNt44CLPGJyPumVt+OBlee0hDE5LjVjbTxicj7luYXntIQ3Y208YnI+6auY44GV57SENS41Y208YnI+44OS44O844Or57SEMS41Y208YnI+44CKMTljbeOAizxicj7plbfjgZXntIQyMWNtPGJyPuW5hee0hDhjbTxicj7pq5jjgZXntIQ1LjVjbTxicj7jg5Ljg7zjg6vntIQxLjVjbTxicj7jgIoyMGNt44CLPGJyPumVt+OBlee0hDIyLjVjbTxicj7luYXntIQ4LjVjbTxicj7pq5jjgZXntIQ2Y208YnI+44OS44O844Or57SEMS41Y208YnI+44CKMjFjbeOAizxicj7plbfjgZXntIQyMy4wY208YnI+5bmF57SEOC41Y208YnI+6auY44GV57SENmNtPGJyPuODkuODvOODq+e0hDEuNWNtPGJyPuOAijIyY23jgIs8YnI+6ZW344GV57SEMjMuNWNtPGJyPuW5hee0hDguN2NtPGJyPumrmOOBlee0hDZjbTxicj7jg5Ljg7zjg6vntIQxLjVjbTwvZm9udD48YnI+PC90ZD48L3RyPjx0cj48dGggYmdjb2xvcj0iI0VFRSIgd2lkdGg9IjMwJSI+PGZvbnQgc2l6ZT0iMSI+PGNlbnRlcj7ntKDmnZDnrYk8L2NlbnRlcj48L2ZvbnQ+PC90aD48dGQgYmdjb2xvcj0iI0ZGRkZGRiI+PGZvbnQgc2l6ZT0iMiI+44Kt44Oj44Oz44OQ44K5IOWQiOaIkOW6lTxicj7kuK3lm73oo708YnI+54mH6Laz57SEMTEwZ++8iDE3Y23vvIk8YnI+5YWoNuiJsjwvZm9udD48L3RkPjwvdHI+PC90YWJsZT48aHI+PGltZyBzcmM9Imh0dHA6Ly9pbWFnZS5yYWt1dGVuLmNvLmpwL2UtemFra2FtYW5pYS9jYWJpbmV0LzE2MDAzLzY1MTM2LTE2MDAzMjdfMS5qcGciIHdpZHRoPSIxMDAlIj48YnI+PGltZyBzcmM9Imh0dHA6Ly9pbWFnZS5yYWt1dGVuLmNvLmpwL2UtemFra2FtYW5pYS9jYWJpbmV0LzE2MDAzLzY1MTM2LTE2MDAzMjdzbTQuanBnIiB3aWR0aD0iMTAwJSI+PGhyPjxpZnJhbWUg44CA44CA44CA44CA44CA44CA44CA44CA44CA44CA44CA44CA44CA44CA44CA44CA44CA44CAPSIiIHNyYz0iaHR0cDovL3d3dy5yYWt1dGVuLm5lLmpwL2dvbGQvZS16YWtrYW1hbmlhL3NwL3Jtcy9jYXJ0X3VwMy5odG1sIiB3aWR0aD0iMTAwJSIgaGVpZ2h0PSIzODUiIHNjcm9sbGluZz0ibm8iICBmcmFtZWJvcmRlcj0iMCIgPjwvaWZyYW1lICDjgIA+IDxocj48L2ZvbnQ+PGZvbnQgc2l6ZT0iMSI+5ZWG5ZOB44Kr44OG44K044Oq77ya44CQ44OZ44O844K444Ol44CR44CQ44Kr44O844Kt44CR44CQ44Kw44Os44O844CR44CQ44ON44Kk44OT44O844CR44CQ44Ob44Ov44Kk44OI44CR44CQ44OW44Op44OD44Kv44CRIOOCreODg+OCuiDlrZDkvpvnlKgg5a2Q44Gp44KCIOWtkOS+myDlpI8g5aWz44Gu5a2QIOeUt+OBruWtkCDjgrnjg4vjg7zjgqvjg7wg44K344Ol44O844K6IOOCuOODpeODi+OCoiDjgrfjg6Xjg7zjg6zjg7zjgrnjg6zjgrk8L2ZvbnQ+,44K544OL44O844Kr44O8MTVjbe+9njIyY23jgb7jgafjgILjgY/jgaPjgZ/jgorjgqbjgqnjg4Pjgrfjg6Xjga7jgYvjgYvjgaPjgZ/jgIHjgZPjgarjgozjgZ/jgq3jg6Pjg7Pjg5DjgrnntKDmnZDjga7jgrnjg6rjg4Pjg53jg7Pjgrnjg4vjg7zjgqvjg7zjgIIg5a2Q5L6b55So44K544OL44O844Kr44O844CCIOOCreODg+OCuiDlrZDkvpvnlKgg5a2Q44Gp44KCIOWtkOS+myDlpI8g5aWz44Gu5a2QIOeUt+OBruWtkCDjgrnjg4vjg7zjgqvjg7wg44K344Ol44O844K6IOOCuOODpeODi+OCoiDjgrfjg6Xjg7zjg6zjg7zjgrnjg6zjgrnil4bjgq3jg6Pjg7Pjg5Djgrnjgrnjg4vjg7zjgqvjg7zvvLvjgq3jg4PjgrrvvL3vvJrjgqTjg7zjgrbjg4Pjgqvjg57jg4vjgqLjgrnjg4jjgqLjg7zjgro=,6YCa5L+h6LKp5aOy6YCa6LKp44K344On44OD44OU44Oz44Kw44Kq44Oz44Op44Kk44Oz44K344On44OD44OU44Oz44Kw6LK344GE54mp44OX44Os44K844Oz44OI44Ku44OV44OI6LSI44KK54mp6LSI562U5ZOB44GK5Lit5YWD44GK5q2z5pqu44GK6LK344GE5b6X6YCa6LKp6YCa5L+h6LKp5aOy44Os44OH44Kj44O844K544OV44Kh44OD44K344On44Oz44K344On44OD44OU44Oz44Kw44K144Kk44OI44Kq44Oz44Op44Kk44Oz44K344On44OD44OX44Ki44OR44Os44Or6ZuR6LKo44OQ44OD44Kw44O744Ki44Kv44K744K144Oq44O844OX44OB44OX44Op44Kk44K55Luj5a6Y5bGx44Kr44O844Oq44O844Kz44Os44Kv44K344On44Oz77yIQ3VybHlDb2xsZWN0aW9u77yJ44OV44Kn44OV44Kn77yIZmFmYe+8ieODmeODhuOCo+OCueODn+OCue+8iEJldHR5U21pdGjvvIkg44K644O844OG44Kj44O877yIem9vdGll77yJ5rWB6KGM44OI44Os44Oz44OJ6ZuR6KqM5o6y6LyJ6Ly45YWl6ZuR6LKo44Kk44Oz44Od44O844OI44OW44Op44Oz44OJ44Ov44Oz44OU44O844K544Kz44O844OI44OW44O844OE44OR44Ku44Oz44K544K544OL44O844Kr44O8MTVjbe+9njIyY23jgb7jgafjgILjgY/jgaPjgZ/jgorjgqbjgqnjg4Pjgrfjg6Xjga7jgYvjgYvjgaPjgZ/jgIHjgZPjgarjgozjgZ/jgq3jg6Pjg7Pjg5DjgrnntKDmnZDjga7jgrnjg6rjg4Pjg53jg7Pjgrnjg4vjg7zjgqvjg7zjgIIg5a2Q5L6b55So44K544OL44O844Kr44O844CCIOOCreODg+OCuiDlrZDkvpvnlKgg5a2Q44Gp44KCIOWtkOS+myDlpI8g5aWz44Gu5a2QIOeUt+OBruWtkCDjgrnjg4vjg7zjgqvjg7wg44K344Ol44O844K6IOOCuOODpeODi+OCoiDjgrfjg6Xjg7zjg6zjg7zjgrnjg6zjgrnil4bjgq3jg6Pjg7Pjg5Djgrnjgrnjg4vjg7zjgqvjg7zvvLvjgq3jg4PjgrrvvL0=,57SQ54Sh44GX44OH44K244Kk44Oz44Gn6ISx44GO5bGl44GN5qW944Gh44KT4pmq44CC44K544OL44O844Kr44O8MTVjbe+9njIyY23jgb7jgafjgILjgY/jgaPjgZ/jgorjgqbjgqnjg4Pjgrfjg6Xjga7jgYvjgYvjgaPjgZ/jgIHjgZPjgarjgozjgZ/jgq3jg6Pjg7Pjg5DjgrnntKDmnZDjga7jgrnjg6rjg4Pjg53jg7Pjgrnjg4vjg7zjgqvjg7zjgIIg5a2Q5L6b55So44K544OL44O844Kr44O844CCIOOCreODg+OCuiDlrZDkvpvnlKgg5a2Q44Gp44KCIOWtkOS+myDlpI8g5aWz44Gu5a2QIOeUt+OBruWtkCDjgrnjg4vjg7zjgqvjg7wg44K344Ol44O844K6IOOCuOODpeODi+OCoiDjgrfjg6Xjg7zjg6zjg7zjgrnjg6zjgrnil4bjgq3jg6Pjg7Pjg5Djgrnjgrnjg4vjg7zjgqvjg7zvvLvjgq3jg4PjgrrvvL0=[rn]
14-157840,aHR0cDovL3RzaG9wLnIxMHMuanAvc2hvdC9jYWJpbmV0LzAxMTk2NTQwL3pha2thMDEvaG0tMDMyOGhhYTAxLmpwZz9maXRpbj03MDA6NzAw,NTUyLjAwMDA=,,44Kt44OD44K644O744OZ44OT44O844O744Oe44K/44OL44OG44KjID4g44Kt44OD44K6ID4g6Z20ID4g44K544OL44O844Kr44O8,44CQ44GC44GZ5qW95a++5b+c44CR44CQMTUvMTYvMTcvMTgvMjRjbeOAkVPjgrXjgqTjgrrjga7lpbPmgKfjgavjgoLjgqrjgrnjgrnjg6HvvIEx44Kr44Op44O844Gn44K544K/44Kk44Oq44OD44K344Ol44Gr44Kt44Oe44KL77yB44Kt44OD44K644K544OL44O844Kr44O844CQMjMxMeOAkVs4Ml1bWl1bQV1bQl1bQ11bRF3jgJBTSE9UIOOCt+ODp+ODg+ODiOOAkQ==,,PGNlbnRlcj4K4piF44K544Oa44K344Oj44OrIEJJRyBTQUxFIOS8muWgtOKYhTxicj4KPGJyPgo8dGFibGUgd2lkdGg9IjEwMCUiIGJvcmRlcj0iMCIgY2VsbHBhZGRpbmc9IjIiIGNlbGxzcGFjaW5nPSIyIiBiZ2NvbG9yPSIjMzM2NkZGIj4KPHRyPgo8dGQgYmdjb2xvcj0iIzMzNjZGRiI+PGNlbnRlcj4KPGI+PGZvbnQgY29sb3I9IiNGRkZGRkYiIHNpemU9IisxIj7jgZPjgaHjgonjga/jgYLjgZnmpb3lr77lv5zllYblk4HjgafjgZk8YnI+Cjxmb250IHNpemU9IjIiPjE0OjAw44G+44Gn44Gu44GU5rOo5paH44Gn57+M5pel44GK5bGK44GRKOWWtualreaXpeOBruOBvyk8L2ZvbnQ+PC9mb250PjwvYj4KPC9jZW50ZXI+PC90ZD4KPC90cj4KPHRyPgo8dGQgYmdjb2xvcj0iI2YzZjNmMyI+PGNlbnRlcj4KPGI+PGZvbnQgY29sb3I9IiNGRjMzOTkiPuKGkuOBguOBmealveOBrumFjemAgeOBq+OBpOOBhOOBpijlv4Xoqq0p4oaQPC9mb250PjwvYj4KPC9jZW50ZXI+PC90ZD4KPC90cj4KPC90YWJsZT4KPGZvbnQgY29sb3I9IiMzMzY2RkYiIHNpemU9IjIiPuKAu+WcqOW6q+abtOaWsOOBrumBheOCjOOBp+WjsuWIh+OCjOOBrumam+OBr+OBlOWuuei1puOBj+OBoOOBleOBhOKAuzwvZm9udD48Zm9udCBjb2xvcj0iIzMzNjZGRiI+PGJyPgo8L2ZvbnQ+PGJyPgo8dGFibGUgd2lkdGg9IjEwMCUiIGJvcmRlcj0iMCIgY2VsbHBhZGRpbmc9IjIiIGNlbGxzcGFjaW5nPSIyIiBiZ2NvbG9yPSIjRkYwMDAwIj4KPHRyPgo8dGQgYmdjb2xvcj0iI0ZGMDAwMCI+PGNlbnRlcj4KPGI+PGZvbnQgY29sb3I9IiNGRkZGRkYiIHNpemU9IisxIj7jgYLjgZnmpb3jgZTluIzmnJvjga7jgYrlrqLmp5jjgbg8L2ZvbnQ+PC9iPgo8L2NlbnRlcj48L3RkPgo8L3RyPgo8dHI+Cjx0ZCBiZ2NvbG9yPSIjZjNmM2YzIj48Y2VudGVyPgo8Zm9udCBzaXplPSIxIj7jgYLjgZnmpb3jga7mlrnjga/lv4XjgZrjgYrlsYrjgZHml6XmjIflrprjgpI8YnI+CjwvZm9udD48Yj48Zm9udCBjb2xvcj0iI0ZGMDAwMCI+44CQ57+M5pel6YWN6YCB44CM44GC44GZ5qW944CN44CRPGJyPgo8L2ZvbnQ+PC9iPjxmb250IHNpemU9IjEiPuOBq+OBpuOBlOazqOaWh+OCkuOBiumhmOOBhOiHtOOBl+OBvuOBmeOAgjxicj4KPC9mb250Pgo8L2NlbnRlcj48L3RkPgo8L3RyPgo8L3RhYmxlPgo8YnI+CjwvY2VudGVyPgo8aW1nIHNyYz0iaHR0cDovL2ltYWdlLnJha3V0ZW4uY28uanAvc2hvdC9jYWJpbmV0LzAxMTk2NTQwL3pha2thMDEvaG0tMDMyOGhhYi5qcGciIHdpZHRoPSIxMDAlIj48YnI+Cjxicj4KPGltZyBzcmM9Imh0dHA6Ly9pbWFnZS5yYWt1dGVuLmNvLmpwL3Nob3QvY2FiaW5ldC8wMTE5NjU0MC96YWtrYTAxL2htLTAzMjhoYWMuanBnIiB3aWR0aD0iMTAwJSI+PGJyPgo8YnI+CjxpbWcgc3JjPSJodHRwOi8vaW1hZ2UucmFrdXRlbi5jby5qcC9zaG90L2NhYmluZXQvMDExOTY1NDAvemFra2EwMS9obS0wMzI4aGFkZC5qcGciIHdpZHRoPSIxMDAlIj48YnI+Cjxicj4KPGltZyBzcmM9Imh0dHA6Ly9pbWFnZS5yYWt1dGVuLmNvLmpwL3Nob3QvY2FiaW5ldC8wMTE5NjU0MC96YWtrYTAxL2htLTAzMjhoYWUuanBnIiB3aWR0aD0iMTAwJSI+PGJyPgo8aW1nIHNyYz0iaHR0cDovL2ltYWdlLnJha3V0ZW4uY28uanAvc2hvdC9jYWJpbmV0LzAxMTk2NTQwL3pha2thMDEvaG0tMDMyOGhhZi5qcGciIHdpZHRoPSIxMDAlIj48YnI+Cjxicj4KPGltZyBzcmM9Imh0dHA6Ly9pbWFnZS5yYWt1dGVuLmNvLmpwL3Nob3QvY2FiaW5ldC8wMTE5NjU0MC96YWtrYTAxL2htLTAzMjhoYWcuanBnIiB3aWR0aD0iMTAwJSI+PGJyPgo8YnI+ICAgIAo8aW1nIHNyYz0iaHR0cDovL2ltYWdlLnJha3V0ZW4uY28uanAvc2hvdC9jYWJpbmV0LzAxMTk2NTQwL3pha2thMDEvaG0tMDMyOGhhaC5qcGciIHdpZHRoPSIxMDAlIj48YnI+Cjxicj4K4piF44GU5rOo5oSPPGJyPgrjg5XjgqHjgrnjg4rjg7zjgavjgaTjgYTjgabjgYTjgovjg6rjg7PjgrDjgYzlpInlvaLjgZfjgabjgYTjgovloLTlkIjjgYzjgZTjgZbjgYTjgb7jgZnjgII8YnI+CuODquODs+OCsOOBq+OBpOOBhOOBpuOBhOOCi+e0kOOBjOWPluOCjOOChOOBmeOBj+OBquOBo+OBpuOBiuOCiuOBvuOBmeOAgjxicj4K44GU55CG6Kej44GE44Gf44Gg44GE44Gf5LiK44Gn44Gu44GU6LO85YWl44KS44GK6aGY44GE6Ie044GX44G+44GZ44CCPGJyPgo8YnI+CuKYhee0oOadkDxicj4K44Kt44Oj44Oz44OQ44K55Zyw77yP44Op44OQ44O8PGJyPgo8YnI+CuKYheOCq+ODqeODvDxicj4K44OU44Oz44KvL+OCsOODrOODvC/jg6njg5njg7Pjg4Djg7wv44Of44Oz44OIL+ODjeOCpOODk+ODvC/jg5vjg6/jgqTjg4gv44Kk44Ko44Ot44O8PGJyPgo8YnI+CuKYheWun+WvuOOCteOCpOOCujxicj4KPGZvbnQgY29sb3I9IiNGRjAwMDAiPuKAu+Wun+WvuOOCteOCpOOCuuOBruihqOiomOaVsOWApOOBr+WVhuWTgeOBruWun+WvuOazleOBqOOBquOCiuOAgeOCv+OCsOOBq+ihqOiomOOBleOCjOOBpuOBhOOCi+aVsOWApOOBqOOBr+eVsOOBquOCiuOBvuOBmeOAgjwvZm9udD48YnI+Cjxicj4K44CKMTXjgrXjgqTjgrrjgIs8YnI+CuOCveODvOODq+mVt+OBle+8mjE2Y23jgIDjgr3jg7zjg6vluYXvvJo2LjdjbeOAgOODkuODvOODq+mrmOOBle+8mjJjbeOAgOOBr+OBjeWPo+WRqOOCiu+8mjIwY23jgIDpq5jjgZXvvJo5Y208YnI+Cjxicj4K44CKMTbjgrXjgqTjgrrjgIs8YnI+CuOCveODvOODq+mVt+OBle+8mjE3Y23jgIDjgr3jg7zjg6vluYXvvJo3Y23jgIDjg5Ljg7zjg6vpq5jjgZXvvJoyY23jgIDjga/jgY3lj6PlkajjgorvvJoyMGNt44CA6auY44GV77yaOWNtPGJyPgo8YnI+CuOAijE344K144Kk44K644CLPGJyPgrjgr3jg7zjg6vplbfjgZXvvJoxOGNt44CA44K944O844Or5bmF77yaNy4zY23jgIDjg5Ljg7zjg6vpq5jjgZXvvJoyY23jgIDjga/jgY3lj6PlkajjgorvvJoyMGNt44CA6auY44GV77yaOWNtPGJyPgo8YnI+CuOAijE444K144Kk44K644CLPGJyPgrjgr3jg7zjg6vplbfjgZXvvJoxOWNt44CA44K944O844Or5bmF77yaNy42Y23jgIDjg5Ljg7zjg6vpq5jjgZXvvJoyY23jgIDjga/jgY3lj6PlkajjgorvvJoyMWNt44CA6auY44GV77yaMTBjbTxicj4KPGJyPgrjgIoyNOOCteOCpOOCuuOAizxicj4K44K944O844Or6ZW344GV77yaMjVjbeOAgOOCveODvOODq+W5he+8mjkuNGNt44CA44OS44O844Or6auY44GV77yaMmNt44CA44Gv44GN5Y+j5ZGo44KK77yaMjNjbeOAgOmrmOOBle+8mjEyY208YnI+Cjxicj4K4oC744GU5L2/55So44Gu44Oi44OL44K/44O844Gr44KI44KK6Imy55uu44GM5aSJ44KP44Gj44Gm6KaL44GI44KL5aC05ZCI44GM44GU44GW44GE44G+44GZ44CCPGJyPgo8YnI+Cjxmb250IGNvbG9yPSIjRkYwMDAwIj7jgJDjg6Hjg7zjg6vkvr/kuI3lj6/Dl+OAkTwvZm9udD48YnI+Cjxicj4K44GU6LO85YWl44Gu6Zqb44Gr44Gv5b+F44Ga44CKIOOBlOWIqeeUqOOCrOOCpOODieOAi+OCkuOBlOeiuuiqjeS4i+OBleOBhOOAgjxicj4=,44CQ44GC44GZ5qW95a++5b+c44CR44CQMTUvMTYvMTcvMTgvMjRjbeOAkVPjgrXjgqTjgrrjga7lpbPmgKfjgavjgoLjgqrjgrnjgrnjg6HvvIEx44Kr44Op44O844Gn44K544K/44Kk44Oq44OD44K344Ol44Gr44Kt44Oe44KL77yB44Kt44OD44K644K544OL44O844Kr44O844CQMjMxMeOAkVs4Ml1bWl1bQV1bQl1bQ11bRF3jgJBTSE9UIOOCt+ODp+ODg+ODiOOAke+8mkNBU1VBTE9VVExFVCBTSE9U,6YCa5L+h6LKp5aOy6YCa6LKp44K344On44OD44OU44Oz44Kw44Kq44Oz44Op44Kk44Oz44K344On44OD44OU44Oz44Kw6LK344GE54mp44OX44Os44K844Oz44OI44Ku44OV44OI6LSI44KK54mp6LSI562U5ZOB44GK5Lit5YWD44GK5q2z5pqu44GK6LK344GE5b6X44K344On44OD44OI44OH44OL44Og44Ov44Oz44OU44O844K544K444Oj44O844K444Or44O844Og44Km44Kn44Ki56aP6KKL44OW44O844OE44K744OD44OI44Ki44OD44OX44ON44OD44Kv44Km44Kp44O844Oe44O844K/44Kk44OEc2hvdOOCuOODo+ODvOOCuCDkuIrkuIvjg6Hjg7zjg6vkvr/nhKHlnLDjg4vjg4Pjg4jjgq3jg6Pjg5/jgr3jg7zjg6vjgrjjg6Pjg7zjgrgg5LiK5LiLIOODoeODs+OCuuiFleaZguioiOODnOOCr+OCteODvOODkeODs+ODhOS4i+edgOOAkOOBguOBmealveWvvuW/nOOAkeOAkDE1LzE2LzE3LzE4LzI0Y23jgJFT44K144Kk44K644Gu5aWz5oCn44Gr44KC44Kq44K544K544Oh77yBMeOCq+ODqeODvOOBp+OCueOCv+OCpOODquODg+OCt+ODpeOBq+OCreODnuOCi++8geOCreODg+OCuuOCueODi+ODvOOCq+ODvOOAkDIzMTHjgJFbODJdW1pdW0FdW0JdW0NdW0Rd44CQU0hPVCDjgrfjg6fjg4Pjg4jjgJE=,0Lbjgq3jg4Pjgrog5aWz5YWQIOWls+OBruWtkCDnlLflhZAg55S344Gu5a2QIOOCueODi+ODvOOCq+ODvCDjgYLjgZnmpb3jgILjgJDjgYLjgZnmpb3lr77lv5zjgJHjgJAxNS8xNi8xNy8xOC8yNGNt44CRU+OCteOCpOOCuuOBruWls+aAp+OBq+OCguOCquOCueOCueODoe+8gTHjgqvjg6njg7zjgafjgrnjgr/jgqTjg6rjg4Pjgrfjg6Xjgavjgq3jg57jgovvvIHjgq3jg4Pjgrrjgrnjg4vjg7zjgqvjg7zjgJAyMzEx44CRWzgyXVtaXVtBXVtCXVtDXVtEXeOAkFNIT1Qg44K344On44OD44OI44CR[rn]
14-157841,aHR0cDovL3RzaG9wLnIxMHMuanAvc2hvdC9jYWJpbmV0LzAxMTk2NTQwL3pha2thMDEvcmVhay1zNjBhYS5qcGc/Zml0aW49NzAwOjcwMA==,NjMyLjAwMDA=,,44Kt44OD44K644O744OZ44OT44O844O744Oe44K/44OL44OG44KjID4g44Kt44OD44K6ID4g6Z20ID4g44K544OL44O844Kr44O8,44CQMTXvvZ4yM2Nt44CR44Kt44OD44K6IOOCueODi+ODvOOCq+ODvCDjgrnjg6rjg4Pjg53jg7Mg44K544Oq44OD44Od44Oz44K544OL44O844Kr44O8IOOCreODg+OCuuOCueODquODg+ODneODsyDpnbQg44Kt44OD44K66Z20IOWtkOS+myDjgYvjgo/jgYTjgYQg44Kr44Op44OV44OrIOeUt+OBruWtkCDlpbPjga7lrZAg44Kw44Os44O8IOODmeODvOOCuOODpSDjg5Hjg7zjg5fjg6sg44OU44Oz44KvIOODluODq+ODvCDjg43jgqTjg5Pjg7wg5q2p44GN44KE44GZ44GE44CQNDk2OOOAkVs4Ml1bWl1bQV1bQl1bQ11bRF3jgJBTSE9UIOOCt+ODp+ODg+ODiOOAkeOAjnrjgI/vvLsxNjA3MDTvvL0=,,PGNlbnRlcj4K4piF44K544Oa44K344Oj44OrIEJJRyBTQUxFIOS8muWgtOKYhQo8L2NlbnRlcj4KPGJyPiAgICAKPGltZyBzcmM9Imh0dHA6Ly9pbWFnZS5yYWt1dGVuLmNvLmpwL3Nob3QvY2FiaW5ldC8wMTE5NjU0MC96YWtrYTAxL3JlYWstczYwYmIuanBnIiBhbHQ9IiIgd2lkdGg9IjEwMCUiPjxicj4KPGJyPiAgICAKPGltZyBzcmM9Imh0dHA6Ly9pbWFnZS5yYWt1dGVuLmNvLmpwL3Nob3QvY2FiaW5ldC8wMTE5NjU0MC96YWtrYTAxL3JlYWstczYwYi5qcGciIGFsdD0iIiB3aWR0aD0iMTAwJSI+PGJyPgo8YnI+ICAgIAo8aW1nIHNyYz0iaHR0cDovL2ltYWdlLnJha3V0ZW4uY28uanAvc2hvdC9jYWJpbmV0LzAxMTk2NTQwL3pha2thMDEvcmVhay1zNjBkLmpwZyIgYWx0PSIiIHdpZHRoPSIxMDAlIj48YnI+Cjxicj4KPGltZyBzcmM9Imh0dHA6Ly9pbWFnZS5yYWt1dGVuLmNvLmpwL3Nob3QvY2FiaW5ldC8wMTE5NjU0MC96YWtrYTAxL3JlYWstczYwZS5qcGciIGFsdD0iIiB3aWR0aD0iMTAwJSI+PGJyPgo8YnI+ICAgIAo8aW1nIHNyYz0iaHR0cDovL2ltYWdlLnJha3V0ZW4uY28uanAvc2hvdC9jYWJpbmV0LzAxMTk2NTQwL3pha2thMDEvcmVhay1zNjBmLmpwZyIgYWx0PSIiIHdpZHRoPSIxMDAlIj48YnI+Cjxicj4gICAgCjxpbWcgc3JjPSJodHRwOi8vaW1hZ2UucmFrdXRlbi5jby5qcC9zaG90L2NhYmluZXQvMDExOTY1NDAvemFra2EwMS9yZWFrLXM2MGguanBnIiBhbHQ9IiIgd2lkdGg9IjEwMCUiPjxicj4KPGJyPgrimIXjgqvjg6njg7w8YnI+CuODqeOCpOODiOOCsOODrOODvC/jg5njg7zjgrjjg6Uv44Op44Kk44OI44OR44O844OX44OrL+ODm+ODg+ODiOODlOODs+OCry/jg5bjg6vjg7wv44ON44Kk44OT44O8PGJyPgo8YnI+CuKYheWun+WvuOOCteOCpOOCujxicj4KPGZvbnQgY29sb3I9IiNGRjAwMDAiPuKAu+Wun+WvuOOCteOCpOOCuuOBqOOBr+WVhuWTgeOCkuebtOaOpeODoeOCuOODo+ODvOOBp+a4rOOBo+OBn+OAgeWVhuWTgeOBruS7leS4iuOBjOOCiuWvuOazleOBp+OBmeOAguWVhuWTgeOCv+OCsOOBruihqOiomOOBqOOBr+eVsOOBquOCiuOBvuOBmeOBruOBp+OBlOazqOaEj+OBj+OBoOOBleOBhOOAgjwvZm9udD48YnI+CuOAijE1Y23jgrXjgqTjgrrjgIs8YnI+CuOCveODvOODq+mVt+OBle+8mjE2LjFjbeOAgOOCveODvOODq+W5he+8mjYuNWNt44CA44OS44O844Or6auY44GV77yaMS44Y23jgIDpq5jjgZXvvJo1LjVjbeOAgOOBr+OBjeWPo+OBvuOCj+OCiu+8mjE2Y208YnI+Cjxicj4K44CKMTZjbeOCteOCpOOCuuOAizxicj4K44K944O844Or6ZW344GV77yaMTcuMmNt44CA44K944O844Or5bmF77yaNi44Y23jgIDjg5Ljg7zjg6vpq5jjgZXvvJoxLjhjbeOAgOmrmOOBle+8mjUuNWNt44CA44Gv44GN5Y+j44G+44KP44KK77yaMTdjbTxicj4KPGJyPgrjgIoxN2Nt44K144Kk44K644CLPGJyPgrjgr3jg7zjg6vplbfjgZXvvJoxOC4zY23jgIDjgr3jg7zjg6vluYXvvJo3LjFjbeOAgOODkuODvOODq+mrmOOBle+8mjEuOGNt44CA6auY44GV77yaNS41Y23jgIDjga/jgY3lj6Pjgb7jgo/jgorvvJoxOGNtPGJyPgo8YnI+CuOAijE4Y23jgrXjgqTjgrrjgIs8YnI+CuOCveODvOODq+mVt+OBle+8mjE5LjRjbeOAgOOCveODvOODq+W5he+8mjcuNGNt44CA44OS44O844Or6auY44GV77yaMS44Y23jgIDpq5jjgZXvvJo2Y23jgIDjga/jgY3lj6Pjgb7jgo/jgorvvJoxOWNtPGJyPgo8YnI+CuOAijE5Y23jgrXjgqTjgrrjgIs8YnI+CuOCveODvOODq+mVt+OBle+8mjIwLjVjbeOAgOOCveODvOODq+W5he+8mjcuN2Nt44CA44OS44O844Or6auY44GV77yaMS44Y23jgIDpq5jjgZXvvJo2Y23jgIDjga/jgY3lj6Pjgb7jgo/jgorvvJoyMGNtPGJyPgo8YnI+CuOAijIwY23jgrXjgqTjgrrjgIs8YnI+CuOCveODvOODq+mVt+OBle+8mjIxLjZjbeOAgOOCveODvOODq+W5he+8mjhjbeOAgOODkuODvOODq+mrmOOBle+8mjEuOGNt44CA6auY44GV77yaNmNt44CA44Gv44GN5Y+j44G+44KP44KK77yaMjFjbTxicj4KPGJyPgrjgIoyMWNt44K144Kk44K644CLPGJyPgrjgr3jg7zjg6vplbfjgZXvvJoyMi43Y23jgIDjgr3jg7zjg6vluYXvvJo4LjNjbeOAgOODkuODvOODq+mrmOOBle+8mjEuOGNt44CA6auY44GV77yaNi41Y23jgIDjga/jgY3lj6Pjgb7jgo/jgorvvJoyMmNtPGJyPgo8YnI+CuOAijIyY23jgrXjgqTjgrrjgIs8YnI+CuOCveODvOODq+mVt+OBle+8mjIzLjhjbeOAgOOCveODvOODq+W5he+8mjguNmNt44CA44OS44O844Or6auY44GV77yaMS44Y23jgIDpq5jjgZXvvJo2LjVjbeOAgOOBr+OBjeWPo+OBvuOCj+OCiu+8mjIzY208YnI+Cjxicj4K44CKMjNjbeOCteOCpOOCuuOAizxicj4K44K944O844Or6ZW344GV77yaMjQuOWNt44CA44K944O844Or5bmF77yaOC45Y23jgIDjg5Ljg7zjg6vpq5jjgZXvvJoxLjhjbeOAgOmrmOOBle+8mjYuNWNt44CA44Gv44GN5Y+j44G+44KP44KK77yaMjRjbTxicj4KPGJyPgrigLvjgZTkvb/nlKjjga7jg6Ljg4vjgr/jg7zjgavjgojjgoroibLnm67jgYzlpInjgo/jgaPjgabopovjgYjjgovloLTlkIjjgYzjgZTjgZbjgYTjgb7jgZnjgII8YnI+Cjxicj4KPGZvbnQgY29sb3I9IiNGRjAwMDAiPuOAkOODoeODvOODq+S+v+S4jeWPr8OX44CRPC9mb250Pjxicj4KPGJyPgrjgZTos7zlhaXjga7pmpvjgavjga/lv4XjgZrjgIrjgZTliKnnlKjjgqzjgqTjg4njgIvjgpLjgZTnorroqo3kuIvjgZXjgYTjgII8YnI+,44CQMTXvvZ4yM2Nt44CR44Kt44OD44K6IOOCueODi+ODvOOCq+ODvCDjgrnjg6rjg4Pjg53jg7Mg44K544Oq44OD44Od44Oz44K544OL44O844Kr44O8IOOCreODg+OCuuOCueODquODg+ODneODsyDpnbQg44Kt44OD44K66Z20IOWtkOS+myDjgYvjgo/jgYTjgYQg44Kr44Op44OV44OrIOeUt+OBruWtkCDlpbPjga7lrZAg44Kw44Os44O8IOODmeODvOOCuOODpSDjg5Hjg7zjg5fjg6sg44OU44Oz44KvIOODluODq+ODvCDjg43jgqTjg5Pjg7wg5q2p44GN44KE44GZ44GE44CQNDk2OOOAkVs4Ml1bWl1bQV1bQl1bQ11bRF3jgJBTSE9UIOOCt+ODp+ODg+ODiOOAkeOAjnrjgI/vvLsxNjA3MDTvvL3vvJpDQVNVQUxPVVRMRVQgU0hPVA==,6YCa5L+h6LKp5aOy6YCa6LKp44K344On44OD44OU44Oz44Kw44Kq44Oz44Op44Kk44Oz44K344On44OD44OU44Oz44Kw6LK344GE54mp44OX44Os44K844Oz44OI44Ku44OV44OI6LSI44KK54mp6LSI562U5ZOB44GK5Lit5YWD44GK5q2z5pqu44GK6LK344GE5b6X44K344On44OD44OI44OH44OL44Og44Ov44Oz44OU44O844K544K444Oj44O844K444Or44O844Og44Km44Kn44Ki56aP6KKL44OW44O844OE44K744OD44OI44Ki44OD44OX44ON44OD44Kv44Km44Kp44O844Oe44O844K/44Kk44OEc2hvdOOCuOODo+ODvOOCuCDkuIrkuIvjg6Hjg7zjg6vkvr/nhKHlnLDjg4vjg4Pjg4jjgq3jg6Pjg5/jgr3jg7zjg6vjgrjjg6Pjg7zjgrgg5LiK5LiLIOODoeODs+OCuuiFleaZguioiOODnOOCr+OCteODvOODkeODs+ODhOS4i+edgOOAkDE1772eMjNjbeOAkeOCreODg+OCuiDjgrnjg4vjg7zjgqvjg7wg44K544Oq44OD44Od44OzIOOCueODquODg+ODneODs+OCueODi+ODvOOCq+ODvCDjgq3jg4Pjgrrjgrnjg6rjg4Pjg53jg7Mg6Z20IOOCreODg+OCuumdtCDlrZDkvpsg44GL44KP44GE44GEIOOCq+ODqeODleODqyDnlLfjga7lrZAg5aWz44Gu5a2QIOOCsOODrOODvCDjg5njg7zjgrjjg6Ug44OR44O844OX44OrIOODlOODs+OCryDjg5bjg6vjg7wg44ON44Kk44OT44O8IOatqeOBjeOChOOBmeOBhOOAkDQ5NjjjgJFbODJdW1pdW0FdW0JdW0NdW0Rd44CQU0hPVCDjgrfjg6fjg4Pjg4jjgJHjgI5644CP77y7MTYwNzA077y9,44Kt44OD44K644Kr44Op44OV44Or44K544OL44O844Kr44O844CC44CQMTXvvZ4yM2Nt44CR44Kt44OD44K6IOOCueODi+ODvOOCq+ODvCDjgrnjg6rjg4Pjg53jg7Mg44K544Oq44OD44Od44Oz44K544OL44O844Kr44O8IOOCreODg+OCuuOCueODquODg+ODneODsyDpnbQg44Kt44OD44K66Z20IOWtkOS+myDjgYvjgo/jgYTjgYQg44Kr44Op44OV44OrIOeUt+OBruWtkCDlpbPjga7lrZAg44Kw44Os44O8IOODmeODvOOCuOODpSDjg5Hjg7zjg5fjg6sg44OU44Oz44KvIOODluODq+ODvCDjg43jgqTjg5Pjg7wg5q2p44GN44KE44GZ44GE44CQNDk2OOOAkVs4Ml1bWl1bQV1bQl1bQ11bRF3jgJBTSE9UIOOCt+ODp+ODg+ODiOOAkeOAjnrjgI/vvLsxNjA3MDTvvL0=[rn]
14-157842,aHR0cDovL3RzaG9wLnIxMHMuanAvdHdvdG90d28vY2FiaW5ldC8wMjI0MjQ0OC9jb3JkaW5hdGU0L3RjMTIzMS1jby1iLmpwZz9maXRpbj03MDA6NzAw,MjQwMC4wMDAw,,44Kt44OD44K644O744OZ44OT44O844O744Oe44K/44OL44OG44KjID4g44Kt44OD44K6ID4g6Z20ID4g44K544OL44O844Kr44O8,5bGl44GE44Gm44G/44KL44Go44KI44GP44KP44GL44KL44OP44Kk44K744Oz44K544Gg44GR44GY44KD44Gq44GE44CB44OP44Kk44Kr44OD44OI44K544OL44O844Kr44O8772eIOWtkOS+m+acjSDnlLfjga7lrZAg5aWz44Gu5a2QIOOCq+OCuOODpeOCouODqyDjg5Xjgqnjg7zjg57jg6sg44Ob44Ov44Kk44OI44K544OL44O844Kr44O8IOS4g+S6lOS4iSDljZLlnJLlvI8g5YWl5a2m5byPIOeZuuihqOS8miDntZDlqZrlvI8g772e,,PGltZyBzcmM9Imh0dHA6Ly9pbWFnZS5yYWt1dGVuLmNvLmpwL3R3b3RvdHdvL2NhYmluZXQvMDIyNDI0NDgvY29yZGluYXRlNC90YzEyMzEtY28tYi5qcGciPjxicj4KCgo8Zm9udCBjb2xvcj0icmVkIj7jgJDlrZDkvpvmnI0g55S344Gu5a2QIOWls+OBruWtkCDjgqvjgrjjg6XjgqLjg6sg44OV44Kp44O844Oe44OrIOODm+ODr+OCpOODiOOCueODi+ODvOOCq+ODvCDkuIPkupTkuIkg5Y2S5ZyS5byPIOWFpeWtpuW8jyDnmbrooajkvJog57WQ5ama5byPIOOAkTwvZm9udD48YnI+PGJyPgoKCuimquOBrueri+WgtOOBi+OCieOBmeOCi+OBqOOAgeODj+OCpOOCq+ODg+ODiOOCt+ODpeODvOOCuuOBqOOBhOOBhuOBruOBr+OAgeKAnOWxpeOBi+OBm+OBq+OBj+OBneOBhuiEseOBjOOBm+OBq+OBj+OBneOBhuKAneOBqOOBhOOBhuOCpOODoeODvOOCuOOBp+OAgeWwkeOBl+OBn+OCgeOCieOBo+OBpuOBl+OBvuOBhuOCouOCpOODhuODoOOBi+OCguOBl+OCjOOBvuOBm+OCk+OBjOOAgeWun+OBr+OBk+OBruOCt+ODpeODvOOCuuOBr+OBqOOBpuOCguKAnOWxpeOBi+OBm+OChOOBmeOBj+iEseOBjOOBm+OChOOBmeOBhOKAnSDkvZzjgorjgafvvIjotrPjga7nlLLjga7pq5jjgYTjgZ3jga7vvJPjgoLjgZnjgZDjgavlsaXjgZHjgb7jgZfjgZ/vvIHvvInjgIHjgZfjgYvjgoLjg4fjgrbjgqTjg7PjgoLnm7jlvZPjgavjgYvjgo/jgYTjgYTjga7jgafjgIHjgqrjgrnjgrnjg6Hluqbjga7jgYvjgarjgorpq5jjgYTkuIDotrPjgajoqIDjgYjjgovjgafjgZfjgofjgYbjgII8YnI+PGJyPjxicj4KCgo8aW1nIHNyYz0iaHR0cDovL2ltYWdlLnJha3V0ZW4uY28uanAvdHdvdG90d28vY2FiaW5ldC9jYXN1YWxnb29kcy90YzEyMzEuanBnIj48YnI+PGJyPgoKPGltZyBzcmM9Imh0dHA6Ly9pbWFnZS5yYWt1dGVuLmNvLmpwL3R3b3RvdHdvL2NhYmluZXQvY2FzdWFsZ29vZHMvdGMxMjMxLWM0LmpwZyI+PGJyPgoKPGltZyBzcmM9Imh0dHA6Ly9pbWFnZS5yYWt1dGVuLmNvLmpwL3R3b3RvdHdvL2NhYmluZXQvY2FzdWFsZ29vZHMvdGMxMjMxLWIzLmpwZyI+PGJyPjxicj4KCu+8iuOBk+OBoeOCieOBruWVhuWTgeOBr+OAgemAmuW4uOedgOeUqOOBhOOBn+OBoOOBhOOBpuOBhOOCi+OCueODi+ODvOOCq+ODvOOCteOCpOOCuuOBruOBvuOBvuOBiumBuOOBs+OBhOOBn+OBoOOBkeOBsOWVj+mhjOOBquOBj+edgOeUqOOBhOOBn+OBoOOBkeOCi+OCteOCpOOCuuaEn+OBp+OBmeOAgjxicj48YnI+PGJyPgoKPGltZyBzcmM9Imh0dHA6Ly9pbWFnZS5yYWt1dGVuLmNvLmpwL3R3b3RvdHdvL2NhYmluZXQvMDIyNDI0NDgvY29yZGluYXRlNC90YzEyMzEtY28tYy5qcGciPgoKPGltZyBzcmM9Imh0dHA6Ly9pbWFnZS5yYWt1dGVuLmNvLmpwL3R3b3RvdHdvL2NhYmluZXQvMDIyNDI0NDgvY29yZGluYXRlNC90YzEyMzEtY28tZC5qcGciPjxicj48YnI+Cgo8aW1nIHNyYz0iaHR0cDovL2ltYWdlLnJha3V0ZW4uY28uanAvdHdvdG90d28vY2FiaW5ldC8wMjI0MjQ0OC9jb3JkaW5hdGU0L3RjMTIzMS1jby1hLmpwZyI+PGJyPjxicj4KCgoK77yK44GT44Gh44KJ44Gu5ZWG5ZOB44Gv6Z+T5Zu944Oh44O844Kr44O844GL44KJ44Gu6Ly45YWl5ZOB44Gr44Gq44KK44G+44GZ44CCPGJyPjxicj48YnI+CgoKPGNlbnRlcj4K44CQIOOBneOBruS7luOBruOCt+ODpeODvOOCuuOBr+OBk+OBoeOCieKGkyDjgJE8YnI+CjxpbWcgc3JjPSJodHRwOi8vaW1hZ2UucmFrdXRlbi5jby5qcC90d290b3R3by9jYWJpbmV0L3NpdGVzb3phaS9zcDAxL2ltZzYxOTUzNDQ2LmpwZyIgd2lkdGg9IjIwMCI+PGJyPjxicj4KPC9jZW50ZXI+,5bGl44GE44Gm44G/44KL44Go44KI44GP44KP44GL44KL44OP44Kk44K744Oz44K544Gg44GR44GY44KD44Gq44GE44CB44OP44Kk44Kr44OD44OI44K544OL44O844Kr44O8772eIOWtkOS+m+acjSDnlLfjga7lrZAg5aWz44Gu5a2QIOOCq+OCuOODpeOCouODqyDjg5Xjgqnjg7zjg57jg6sg44Ob44Ov44Kk44OI44K544OL44O844Kr44O8IOS4g+S6lOS4iSDljZLlnJLlvI8g5YWl5a2m5byPIOeZuuihqOS8miDntZDlqZrlvI8g772e77ya55S344Gu5a2Q44Gu44OV44Kp44O844Oe44Or5a2Q5L6b5pyNVHdvdG9Ud28=,6YCa5L+h6LKp5aOy6YCa6LKp44K344On44OD44OU44Oz44Kw44Kq44Oz44Op44Kk44Oz44K344On44OD44OU44Oz44Kw6LK344GE54mp44OX44Os44K844Oz44OI44Ku44OV44OI6LSI44KK54mp6LSI562U5ZOB44GK5Lit5YWD44GK5q2z5pqu44GK6LK344GE5b6X5bGl44GE44Gm44G/44KL44Go44KI44GP44KP44GL44KL44OP44Kk44K744Oz44K544Gg44GR44GY44KD44Gq44GE44CB44OP44Kk44Kr44OD44OI44K544OL44O844Kr44O8772eIOWtkOS+m+acjSDnlLfjga7lrZAg5aWz44Gu5a2QIOOCq+OCuOODpeOCouODqyDjg5Xjgqnjg7zjg57jg6sg44Ob44Ov44Kk44OI44K544OL44O844Kr44O8IOS4g+S6lOS4iSDljZLlnJLlvI8g5YWl5a2m5byPIOeZuuihqOS8miDntZDlqZrlvI8g772e,6Z20IOOCueODi+ODvOOCq+ODvCDjgqvjgrjjg6XjgqLjg6sg55S344Gu5a2QIOWls+OBruWtkCDlrZDkvpvmnI3jgILlsaXjgYTjgabjgb/jgovjgajjgojjgY/jgo/jgYvjgovjg4/jgqTjgrvjg7PjgrnjgaDjgZHjgZjjgoPjgarjgYTjgIHjg4/jgqTjgqvjg4Pjg4jjgrnjg4vjg7zjgqvjg7zvvZ4g5a2Q5L6b5pyNIOeUt+OBruWtkCDlpbPjga7lrZAg44Kr44K444Ol44Ki44OrIOODleOCqeODvOODnuODqyDjg5vjg6/jgqTjg4jjgrnjg4vjg7zjgqvjg7wg5LiD5LqU5LiJIOWNkuWckuW8jyDlhaXlrablvI8g55m66KGo5LyaIOe1kOWpmuW8jyDvvZ4=[rn]
14-157843,aHR0cDovL3RzaG9wLnIxMHMuanAvdy1qZXJzZXkvY2FiaW5ldC93ZWFyL2FxMzg3OC5qcGc/Zml0aW49NzAwOjcwMA==,Mjc1Ny42MDAw,,44Kt44OD44K644O744OZ44OT44O844O744Oe44K/44OL44OG44KjID4g44Kt44OD44K6ID4g6Z20ID4g44K544OL44O844Kr44O8,44CQ77yu77yl77y377yB44CRIGFkaWRhcyDjgqLjg4fjgqPjg4DjgrkgS0lEUyDjg4/jgqTjg5Hjg7zjg5XjgqHjgqTjg4gg44K544OL44O844Kr44O8IFBQTCAyMDE25bm056eL5Yas,,PGxpbmsgcmVsPSJzdHlsZXNoZWV0IuOAgOOAgOOAgOOAgOOAgOOAgOOAgOOAgOOAgCAgICAgICAgIGhyZWY9Imh0dHA6Ly93d3cucmFrdXRlbi5uZS5qcC9nb2xkL3ctamVyc2V5L3N0eWxlZ3VyaS5jc3MiPuODluODqeODs+ODie+8mmFkaWRhc++8iOOCouODh+OCo+ODgOOCue+8iTxicj7liIbjgIDjgIDpoZ7vvJrjgrfjg6Xjg7zjgrog44K544OL44O844Kr44O8PGJyPuWVhiDlk4Eg5ZCN77yaS0lEUyDjg4/jgqTjg5Hjg7zjg5XjgqHjgqTjg4g8YnI+57Sg44CA44CA5p2Q77ya44Ki44OD44OR44O877ya5ZCI5oiQ57mK57at44CA44Ki44Km44OI44K944O844Or77ya44CA44K044Og5bqVPGJyPuOCqyDjg6kg44O877ya44K344On44OD44Kv44OR44O844OX44Or44CA77ym77yR77yWw5fjgrfjg6fjg4Pjgq/jg5Tjg7Pjgq/jgIDvvLPvvJHvvJbDl+OCveODvOODqeODvOOCpOOCqOODreODvDxicj7nmbrlo7LmmYLmnJ/vvJoyMDE25bm056eL5YasPGJyPueJueOAgOOAgOW+tO+8muS6uuawl+OBruOCouODh+OCo+ODgOOCueODleOCoeOCpOODiOOBruS4iue0muODouODh+ODq+OAguOCiOOCiumBi+WLleaAp+iDveOCkumrmOOCgeOBn+OCreODg+OCuueUqOODqeODs+ODi+ODs+OCsOODouODh+ODq+OAgumrmOWPjeeZuuOBi+OBpOOCr+ODg+OCt+ODp+ODs+aAp+OBq+WEquOCjOOBn+eJueauiuOBqkVWQee0oOadkOKAnVNLSVBGT1JN4oCd5pCt6LyJ44Gu44Of44OD44OJ44K944O844Or44GM6Ieq55Sx6Ieq5Zyo44Gq44Kt44OD44K644Gu5YuV44GN44KS44K144Od44O844OI44GX44CB44GV44KJ44Gr44Ki44Km44OI44K944O844Or5LiA5L2T5Z6L44Gu44OI44Or44K344On44Oz44OQ44O844GM6Laz44Gu44OW44Os44KS44K144Od44O844OI44GX44G+44GZ44CC44OZ44Or44Kv44Ot44K344Ol44O844K644KS5Y2S5qWt44GX44Gf44Kt44OD44K66YGU44Gu44Gf44KB44Gu44Op44Oz44OL44Oz44Kw44K/44Kk44OX44OV44OD44OI44Km44Kn44Ki44CCPGJyPjxicj4gIDxmb250IHNpemU9Ii0xIiBjb2xvcj0iIzY2NjY2NiI+PGI+44K144Kk44K66KGo77yI44Oh44O844Kr44O86KaP5qC877yP5a6f5ris5YCk77yaY23vvIk8L2I+PC9mb250Pjx0YWJsZT48dHI+PHRkIGFsaWduPSJjZW50ZXIiIGJnY29sb3I9IiNmZjY2Y2MiPjxiPjxmb250IGNvbG9yPSIjZmZmZmZmIj4xOC4wPC9mb250PjwvYj48L3RkPjx0ZCBhbGlnbj0iY2VudGVyIiBiZ2NvbG9yPSIjZmY2NmNjIj48Yj48Zm9udCBjb2xvcj0iI2ZmZmZmZiI+MTguMGNtPC9mb250PjwvYj48L3RkPjwvdHI+PHRyPjx0ZCBhbGlnbj0iY2VudGVyIiBiZ2NvbG9yPSIjZmY2NmNjIj48Yj48Zm9udCBjb2xvcj0iI2ZmZmZmZiI+MTguNTwvZm9udD48L2I+PC90ZD48dGQgYWxpZ249ImNlbnRlciIgYmdjb2xvcj0iI2ZmNjZjYyI+PGI+PGZvbnQgY29sb3I9IiNmZmZmZmYiPjE4LjVjbTwvZm9udD48L2I+PC90ZD48L3RyPjx0cj48dGQgYWxpZ249ImNlbnRlciIgYmdjb2xvcj0iI2ZmNjZjYyI+PGI+PGZvbnQgY29sb3I9IiNmZmZmZmYiPjE5LjA8L2ZvbnQ+PC9iPjwvdGQ+PHRkIGFsaWduPSJjZW50ZXIiIGJnY29sb3I9IiNmZjY2Y2MiPjxiPjxmb250IGNvbG9yPSIjZmZmZmZmIj4xOS4wY208L2ZvbnQ+PC9iPjwvdGQ+PC90cj48dHI+PHRkIGFsaWduPSJjZW50ZXIiIGJnY29sb3I9IiNmZjY2Y2MiPjxiPjxmb250IGNvbG9yPSIjZmZmZmZmIj4xOS41PC9mb250PjwvYj48L3RkPjx0ZCBhbGlnbj0iY2VudGVyIiBiZ2NvbG9yPSIjZmY2NmNjIj48Yj48Zm9udCBjb2xvcj0iI2ZmZmZmZiI+MTkuNWNtPC9mb250PjwvYj48L3RkPjwvdHI+PHRyPjx0ZCBhbGlnbj0iY2VudGVyIiBiZ2NvbG9yPSIjZmY2NmNjIj48Yj48Zm9udCBjb2xvcj0iI2ZmZmZmZiI+MjAuMDwvZm9udD48L2I+PC90ZD48dGQgYWxpZ249ImNlbnRlciIgYmdjb2xvcj0iI2ZmNjZjYyI+PGI+PGZvbnQgY29sb3I9IiNmZmZmZmYiPjIwLjBjbTwvZm9udD48L2I+PC90ZD48L3RyPjx0cj48dGQgYWxpZ249ImNlbnRlciIgYmdjb2xvcj0iI2ZmNjZjYyI+PGI+PGZvbnQgY29sb3I9IiNmZmZmZmYiPjIwLjU8L2ZvbnQ+PC9iPjwvdGQ+PHRkIGFsaWduPSJjZW50ZXIiIGJnY29sb3I9IiNmZjY2Y2MiPjxiPjxmb250IGNvbG9yPSIjZmZmZmZmIj4yMC41Y208L2ZvbnQ+PC9iPjwvdGQ+PC90cj48dHI+PHRkIGFsaWduPSJjZW50ZXIiIGJnY29sb3I9IiNmZjY2Y2MiPjxiPjxmb250IGNvbG9yPSIjZmZmZmZmIj4yMS4wPC9mb250PjwvYj48L3RkPjx0ZCBhbGlnbj0iY2VudGVyIiBiZ2NvbG9yPSIjZmY2NmNjIj48Yj48Zm9udCBjb2xvcj0iI2ZmZmZmZiI+MjEuMGNtPC9mb250PjwvYj48L3RkPjwvdHI+PHRyPjx0ZCBhbGlnbj0iY2VudGVyIiBiZ2NvbG9yPSIjZmY2NmNjIj48Yj48Zm9udCBjb2xvcj0iI2ZmZmZmZiI+MjEuNTwvZm9udD48L2I+PC90ZD48dGQgYWxpZ249ImNlbnRlciIgYmdjb2xvcj0iI2ZmNjZjYyI+PGI+PGZvbnQgY29sb3I9IiNmZmZmZmYiPjIxLjVjbTwvZm9udD48L2I+PC90ZD48L3RyPjx0cj48dGQgYWxpZ249ImNlbnRlciIgYmdjb2xvcj0iI2ZmNjZjYyI+PGI+PGZvbnQgY29sb3I9IiNmZmZmZmYiPjIyLjA8L2ZvbnQ+PC9iPjwvdGQ+PHRkIGFsaWduPSJjZW50ZXIiIGJnY29sb3I9IiNmZjY2Y2MiPjxiPjxmb250IGNvbG9yPSIjZmZmZmZmIj4yMi4wY208L2ZvbnQ+PC9iPjwvdGQ+PC90cj48dHI+PHRkIGFsaWduPSJjZW50ZXIiIGJnY29sb3I9IiNmZjY2Y2MiPjxiPjxmb250IGNvbG9yPSIjZmZmZmZmIj4yMi41PC9mb250PjwvYj48L3RkPjx0ZCBhbGlnbj0iY2VudGVyIiBiZ2NvbG9yPSIjZmY2NmNjIj48Yj48Zm9udCBjb2xvcj0iI2ZmZmZmZiI+MjIuNWNtPC9mb250PjwvYj48L3RkPjwvdHI+PHRyPjx0ZCBhbGlnbj0iY2VudGVyIiBiZ2NvbG9yPSIjZmY2NmNjIj48Yj48Zm9udCBjb2xvcj0iI2ZmZmZmZiI+MjMuMDwvZm9udD48L2I+PC90ZD48dGQgYWxpZ249ImNlbnRlciIgYmdjb2xvcj0iI2ZmNjZjYyI+PGI+PGZvbnQgY29sb3I9IiNmZmZmZmYiPjIzLjBjbTwvZm9udD48L2I+PC90ZD48L3RyPjwvdGFibGU+PHA+PGltZyBzcmM9Imh0dHA6Ly93d3cucmFrdXRlbi5uZS5qcC9nb2xkL3ctamVyc2V5L2ltYWdlcy9jYXRhbG9ndWUvYXEzODc4ZXZpZGVuY2UuanBnIiB3aWR0aD0iMzgwIiBib3JkZXI9IjAiPjwvcD4gPHA+PGZvbnQgc2l6ZT0iLTEiPuKAu+ODoeODvOOCq+ODvOW4jOacm+Wwj+WjsuS+oeagvOOBr+ODoeODvOOCq+ODvOWVhuWTgeOCv+OCsOOBq+WfuuOBpeOBhOOBpuaOsui8ieOBl+OBpuOBhOOBvuOBmeOAgjwvZm9udD48L3A+PHAgYWxpZ249ImNlbnRlciI+PGlmcmFtZSDjgIDjgIDjgIDjgIDjgIDjgIDjgIDjgIDjgIDjgIDjgIDjgIDjgIDjgIDjgIDjgIDjgIDjgIA9IiIgc3JjPSJodHRwczovL3d3dy5yYWt1dGVuLm5lLmpwL2dvbGQvdy1qZXJzZXkvc3BfYmFuZXIyX2IuaHRtbCIgc2Nyb2xsaW5nPSJ5ZXMiIGZyYW1lYm9yZGVyPSIwIiB3aWR0aD0iMTAwJSIgdGFyZ2V0PSJfdG9wIj48L2lmcmFtZSDjgIA+PC9wPg==,44CQ77yu77yl77y377yB44CRIGFkaWRhcyDjgqLjg4fjgqPjg4DjgrkgS0lEUyDjg4/jgqTjg5Hjg7zjg5XjgqHjgqTjg4gg44K544OL44O844Kr44O8IFBQTCAyMDE25bm056eL5Yas77ya44Os44OH44Kj44O844K544K444Oj44O844K444Gu44OW44Or44O844Og,6YCa5L+h6LKp5aOy6YCa6LKp44K344On44OD44OU44Oz44Kw44Kq44Oz44Op44Kk44Oz44K344On44OD44OU44Oz44Kw6LK344GE54mp44OX44Os44K844Oz44OI44Ku44OV44OI6LSI44KK54mp6LSI562U5ZOB44GK5Lit5YWD44GK5q2z5pqu44GK6LK344GE5b6X44CQ77yu77yl77y377yB44CRIGFkaWRhcyDjgqLjg4fjgqPjg4DjgrkgS0lEUyDjg4/jgqTjg5Hjg7zjg5XjgqHjgqTjg4gg44K544OL44O844Kr44O8IFBQTCAyMDE25bm056eL5Yas,44CQ77yu77yl77y377yB44CRIGFkaWRhcyDjgqLjg4fjgqPjg4DjgrkgS0lEUyDjg4/jgqTjg5Hjg7zjg5XjgqHjgqTjg4gg44K544OL44O844Kr44O8IFBQTCAyMDE25bm056eL5Yas[rn]
14-157844,aHR0cDovL3RzaG9wLnIxMHMuanAvdy1qZXJzZXkvY2FiaW5ldC93ZWFyL2F3NDg5MC5qcGc/Zml0aW49NzAwOjcwMA==,MjU1MC40MDAw,,44Kt44OD44K644O744OZ44OT44O844O744Oe44K/44OL44OG44KjID4g44Kt44OD44K6ID4g6Z20ID4g44K544OL44O844Kr44O8,44CQ77yu77yl77y377yB44CRIGFkaWRhcyDjgqLjg4fjgqPjg4DjgrkgVkFMQ0xFQU4yIENNRiDjgrnjg4vjg7zjgqvjg7wgV0hQSyAyMDE25bm056eL5Yas,,PGxpbmsgcmVsPSJzdHlsZXNoZWV0IuOAgOOAgOOAgOOAgOOAgOOAgOOAgOOAgOOAgCAgICAgICAgIGhyZWY9Imh0dHA6Ly93d3cucmFrdXRlbi5uZS5qcC9nb2xkL3ctamVyc2V5L3N0eWxlZ3VyaS5jc3MiPuODluODqeODs+ODie+8mmFkaWRhc++8iOOCouODh+OCo+ODgOOCue+8iTxicj7liIbjgIDjgIDpoZ7vvJrjgrfjg6Xjg7zjgrog44K544OL44O844Kr44O8PGJyPuWVhiDlk4Eg5ZCN77yaVkFMQ0xFQU4yIENNRjxicj7ntKDjgIDjgIDmnZDvvJrjgqLjg4Pjg5Hjg7zvvJrlkIjmiJDnmq7pnanjgIDjgqLjgqbjg4jjgr3jg7zjg6vvvJrjgIDjgrTjg6DlupU8YnI+44KrIOODqSDjg7zvvJrjg6njg7Pjg4vjg7PjgrDjg5vjg6/jgqTjg4jDl+ODqeODs+ODi+ODs+OCsOODm+ODr+OCpOODiMOX44K344On44OD44Kv44OU44Oz44Kv44CA77yz77yR77yWPGJyPueZuuWjsuaZguacn++8mjIwMTblubTnp4vlhqw8YnI+54m544CA44CA5b6077ya44OH44Kj44OG44O844Or44GM5YWJ44KL44Kt44OD44K65ZCR44GR44GuVkFMQ0xFQU4yIENNRiBJTkbjgJDjg5Djg6vjgq/jg6rjg7zjg7MyIENNRiBJTkbjgJHjga/jgIHjg6zjgrbjg7zpoqjjga7jgqLjg4Pjg5Hjg7zjgathZGlkYXPjg63jgrTjgpLmjqfjgYjjgoHjgavjgYLjgZfjgonjgYTjgIHjgq/jg6rjg7zjg7Pjgafjgrnjgr/jgqTjg6rjg4Pjgrfjg6XjgaropovjgZ/nm67jgavku5XkuIrjgZLjgabjgYTjgovjgILjgYrniLbjgZXjgpPjgYrmr43jgZXjgpPjgajkuIDnt5LjgavlsaXjgYTjgabjgbvjgZfjgYTkuIDotrPjgIJhZGlkYXMgbmVv44Gu44K544OL44O844Kr44O844CCPGJyPjxicj4gIDxmb250IHNpemU9Ii0xIiBjb2xvcj0iIzY2NjY2NiI+PGI+44K144Kk44K66KGo77yI44Oh44O844Kr44O86KaP5qC877yP5a6f5ris5YCk77yaY23vvIk8L2I+PC9mb250Pjx0YWJsZT48dHI+PHRkIGFsaWduPSJjZW50ZXIiIGJnY29sb3I9IiNmZjY2Y2MiPjxiPjxmb250IGNvbG9yPSIjZmZmZmZmIj4xMy4wPC9mb250PjwvYj48L3RkPjx0ZCBhbGlnbj0iY2VudGVyIiBiZ2NvbG9yPSIjZmY2NmNjIj48Yj48Zm9udCBjb2xvcj0iI2ZmZmZmZiI+MTMuMGNtPC9mb250PjwvYj48L3RkPjwvdHI+PHRyPjx0ZCBhbGlnbj0iY2VudGVyIiBiZ2NvbG9yPSIjZmY2NmNjIj48Yj48Zm9udCBjb2xvcj0iI2ZmZmZmZiI+MTMuNTwvZm9udD48L2I+PC90ZD48dGQgYWxpZ249ImNlbnRlciIgYmdjb2xvcj0iI2ZmNjZjYyI+PGI+PGZvbnQgY29sb3I9IiNmZmZmZmYiPjEzLjVjbTwvZm9udD48L2I+PC90ZD48L3RyPjx0cj48dGQgYWxpZ249ImNlbnRlciIgYmdjb2xvcj0iI2ZmNjZjYyI+PGI+PGZvbnQgY29sb3I9IiNmZmZmZmYiPjE0LjA8L2ZvbnQ+PC9iPjwvdGQ+PHRkIGFsaWduPSJjZW50ZXIiIGJnY29sb3I9IiNmZjY2Y2MiPjxiPjxmb250IGNvbG9yPSIjZmZmZmZmIj4xNC4wY208L2ZvbnQ+PC9iPjwvdGQ+PC90cj48dHI+PHRkIGFsaWduPSJjZW50ZXIiIGJnY29sb3I9IiNmZjY2Y2MiPjxiPjxmb250IGNvbG9yPSIjZmZmZmZmIj4xNC41PC9mb250PjwvYj48L3RkPjx0ZCBhbGlnbj0iY2VudGVyIiBiZ2NvbG9yPSIjZmY2NmNjIj48Yj48Zm9udCBjb2xvcj0iI2ZmZmZmZiI+MTQuNWNtPC9mb250PjwvYj48L3RkPjwvdHI+PHRyPjx0ZCBhbGlnbj0iY2VudGVyIiBiZ2NvbG9yPSIjZmY2NmNjIj48Yj48Zm9udCBjb2xvcj0iI2ZmZmZmZiI+MTUuMDwvZm9udD48L2I+PC90ZD48dGQgYWxpZ249ImNlbnRlciIgYmdjb2xvcj0iI2ZmNjZjYyI+PGI+PGZvbnQgY29sb3I9IiNmZmZmZmYiPjE1LjBjbTwvZm9udD48L2I+PC90ZD48L3RyPjx0cj48dGQgYWxpZ249ImNlbnRlciIgYmdjb2xvcj0iI2ZmNjZjYyI+PGI+PGZvbnQgY29sb3I9IiNmZmZmZmYiPjE1LjU8L2ZvbnQ+PC9iPjwvdGQ+PHRkIGFsaWduPSJjZW50ZXIiIGJnY29sb3I9IiNmZjY2Y2MiPjxiPjxmb250IGNvbG9yPSIjZmZmZmZmIj4xNS41Y208L2ZvbnQ+PC9iPjwvdGQ+PC90cj48dHI+PHRkIGFsaWduPSJjZW50ZXIiIGJnY29sb3I9IiNmZjY2Y2MiPjxiPjxmb250IGNvbG9yPSIjZmZmZmZmIj4xNi4wPC9mb250PjwvYj48L3RkPjx0ZCBhbGlnbj0iY2VudGVyIiBiZ2NvbG9yPSIjZmY2NmNjIj48Yj48Zm9udCBjb2xvcj0iI2ZmZmZmZiI+MTYuMGNtPC9mb250PjwvYj48L3RkPjwvdHI+PHRyPjx0ZCBhbGlnbj0iY2VudGVyIiBiZ2NvbG9yPSIjZmY2NmNjIj48Yj48Zm9udCBjb2xvcj0iI2ZmZmZmZiI+MTYuNTwvZm9udD48L2I+PC90ZD48dGQgYWxpZ249ImNlbnRlciIgYmdjb2xvcj0iI2ZmNjZjYyI+PGI+PGZvbnQgY29sb3I9IiNmZmZmZmYiPjE2LjVjbTwvZm9udD48L2I+PC90ZD48L3RyPjwvdGFibGU+PHA+PGltZyBzcmM9Imh0dHA6Ly93d3cucmFrdXRlbi5uZS5qcC9nb2xkL3ctamVyc2V5L2ltYWdlcy9jYXRhbG9ndWUvYXc0ODkwZXZpZGVuY2UuanBnIiB3aWR0aD0iMzgwIiBib3JkZXI9IjAiPjwvcD4gPHA+PGZvbnQgc2l6ZT0iLTEiPuKAu+ODoeODvOOCq+ODvOW4jOacm+Wwj+WjsuS+oeagvOOBr+ODoeODvOOCq+ODvOWVhuWTgeOCv+OCsOOBq+WfuuOBpeOBhOOBpuaOsui8ieOBl+OBpuOBhOOBvuOBmeOAgjwvZm9udD48L3A+PHAgYWxpZ249ImNlbnRlciI+PGlmcmFtZSDjgIDjgIDjgIDjgIDjgIDjgIDjgIDjgIDjgIDjgIDjgIDjgIDjgIDjgIDjgIDjgIDjgIDjgIA9IiIgc3JjPSJodHRwczovL3d3dy5yYWt1dGVuLm5lLmpwL2dvbGQvdy1qZXJzZXkvc3BfYmFuZXIyX2IuaHRtbCIgc2Nyb2xsaW5nPSJ5ZXMiIGZyYW1lYm9yZGVyPSIwIiB3aWR0aD0iMTAwJSIgdGFyZ2V0PSJfdG9wIj48L2lmcmFtZSDjgIA+PC9wPg==,44CQ77yu77yl77y377yB44CRIGFkaWRhcyDjgqLjg4fjgqPjg4DjgrkgVkFMQ0xFQU4yIENNRiDjgrnjg4vjg7zjgqvjg7wgV0hQSyAyMDE25bm056eL5Yas77ya44Os44OH44Kj44O844K544K444Oj44O844K444Gu44OW44Or44O844Og,6YCa5L+h6LKp5aOy6YCa6LKp44K344On44OD44OU44Oz44Kw44Kq44Oz44Op44Kk44Oz44K344On44OD44OU44Oz44Kw6LK344GE54mp44OX44Os44K844Oz44OI44Ku44OV44OI6LSI44KK54mp6LSI562U5ZOB44GK5Lit5YWD44GK5q2z5pqu44GK6LK344GE5b6X44CQ77yu77yl77y377yB44CRIGFkaWRhcyDjgqLjg4fjgqPjg4DjgrkgVkFMQ0xFQU4yIENNRiDjgrnjg4vjg7zjgqvjg7wgV0hQSyAyMDE25bm056eL5Yas,44CQ77yu77yl77y377yB44CRIGFkaWRhcyDjgqLjg4fjgqPjg4DjgrkgVkFMQ0xFQU4yIENNRiDjgrnjg4vjg7zjgqvjg7wgV0hQSyAyMDE25bm056eL5Yas[rn]
14-157845,aHR0cDovL3RzaG9wLnIxMHMuanAvdy1qZXJzZXkvY2FiaW5ldC93ZWFyL2F3NDg4MS5qcGc/Zml0aW49NzAwOjcwMA==,MzI0MS42MDAw,,44Kt44OD44K644O744OZ44OT44O844O744Oe44K/44OL44OG44KjID4g44Kt44OD44K6ID4g6Z20ID4g44K544OL44O844Kr44O8,44CQ77yu77yl77y377yB44CRIGFkaWRhcyDjgqLjg4fjgqPjg4DjgrkgVkFMQ0xFQU4yIENNRiDjgrnjg4vjg7zjgqvjg7wgV0hQIDIwMTblubTnp4vlhqw=,,PGxpbmsgcmVsPSJzdHlsZXNoZWV0IuOAgOOAgOOAgOOAgOOAgOOAgOOAgOOAgOOAgCAgICAgICAgIGhyZWY9Imh0dHA6Ly93d3cucmFrdXRlbi5uZS5qcC9nb2xkL3ctamVyc2V5L3N0eWxlZ3VyaS5jc3MiPuODluODqeODs+ODie+8mmFkaWRhc++8iOOCouODh+OCo+ODgOOCue+8iTxicj7liIbjgIDjgIDpoZ7vvJrjgrfjg6Xjg7zjgrog44K544OL44O844Kr44O8PGJyPuWVhiDlk4Eg5ZCN77yaVkFMQ0xFQU4yIENNRjxicj7ntKDjgIDjgIDmnZDvvJrjgqLjg4Pjg5Hjg7zvvJrlkIjmiJDnmq7pnanjgIDjgqLjgqbjg4jjgr3jg7zjg6vvvJrjgIDjgrTjg6DlupU8YnI+44KrIOODqSDjg7zvvJrjg6njg7Pjg4vjg7PjgrDjg5vjg6/jgqTjg4jDl+ODqeODs+ODi+ODs+OCsOODm+ODr+OCpOODiMOX44K344On44OD44Kv44OU44Oz44Kv44CA77yz77yR77yWPGJyPueZuuWjsuaZguacn++8mjIwMTblubTnp4vlhqw8YnI+54m544CA44CA5b6077ya44OH44Kj44OG44O844Or44GM5YWJ44KL44Kt44OD44K65ZCR44GR44GuVkFMQ0xFQU4yIENNRiBL44CQ44OQ44Or44Kv44Oq44O844OzMiBDTUYgS+OAkeOBr+OAgeODrOOCtuODvOmiqOOBruOCouODg+ODkeODvOOBq2FkaWRhc+ODreOCtOOCkuaOp+OBiOOCgeOBq+OBguOBl+OCieOBhOOAgeOCr+ODquODvOODs+OBp+OCueOCv+OCpOODquODg+OCt+ODpeOBquimi+OBn+ebruOBq+S7leS4iuOBkuOBpuOBhOOCi+OAguOBiueItuOBleOCk+OBiuavjeOBleOCk+OBqOS4gOe3kuOBq+WxpeOBhOOBpuOBu+OBl+OBhOS4gOi2s+OAgmFkaWRhcyBuZW/jga7jgrnjg4vjg7zjgqvjg7zjgII8YnI+PGJyPiAgPGZvbnQgc2l6ZT0iLTEiIGNvbG9yPSIjNjY2NjY2Ij48Yj7jgrXjgqTjgrrooajvvIjjg6Hjg7zjgqvjg7zopo/moLzvvI/lrp/muKzlgKTvvJpjbe+8iTwvYj48L2ZvbnQ+PHRhYmxlPjx0cj48dGQgYWxpZ249ImNlbnRlciIgYmdjb2xvcj0iI2ZmNjZjYyI+PGI+PGZvbnQgY29sb3I9IiNmZmZmZmYiPjE3LjA8L2ZvbnQ+PC9iPjwvdGQ+PHRkIGFsaWduPSJjZW50ZXIiIGJnY29sb3I9IiNmZjY2Y2MiPjxiPjxmb250IGNvbG9yPSIjZmZmZmZmIj4xNy4wY208L2ZvbnQ+PC9iPjwvdGQ+PC90cj48dHI+PHRkIGFsaWduPSJjZW50ZXIiIGJnY29sb3I9IiNmZjY2Y2MiPjxiPjxmb250IGNvbG9yPSIjZmZmZmZmIj4xOC4wPC9mb250PjwvYj48L3RkPjx0ZCBhbGlnbj0iY2VudGVyIiBiZ2NvbG9yPSIjZmY2NmNjIj48Yj48Zm9udCBjb2xvcj0iI2ZmZmZmZiI+MTguMGNtPC9mb250PjwvYj48L3RkPjwvdHI+PHRyPjx0ZCBhbGlnbj0iY2VudGVyIiBiZ2NvbG9yPSIjZmY2NmNjIj48Yj48Zm9udCBjb2xvcj0iI2ZmZmZmZiI+MTkuMDwvZm9udD48L2I+PC90ZD48dGQgYWxpZ249ImNlbnRlciIgYmdjb2xvcj0iI2ZmNjZjYyI+PGI+PGZvbnQgY29sb3I9IiNmZmZmZmYiPjE5LjBjbTwvZm9udD48L2I+PC90ZD48L3RyPjx0cj48dGQgYWxpZ249ImNlbnRlciIgYmdjb2xvcj0iI2ZmNjZjYyI+PGI+PGZvbnQgY29sb3I9IiNmZmZmZmYiPjIwLjA8L2ZvbnQ+PC9iPjwvdGQ+PHRkIGFsaWduPSJjZW50ZXIiIGJnY29sb3I9IiNmZjY2Y2MiPjxiPjxmb250IGNvbG9yPSIjZmZmZmZmIj4yMC4wY208L2ZvbnQ+PC9iPjwvdGQ+PC90cj48dHI+PHRkIGFsaWduPSJjZW50ZXIiIGJnY29sb3I9IiNmZjY2Y2MiPjxiPjxmb250IGNvbG9yPSIjZmZmZmZmIj4yMS4wPC9mb250PjwvYj48L3RkPjx0ZCBhbGlnbj0iY2VudGVyIiBiZ2NvbG9yPSIjZmY2NmNjIj48Yj48Zm9udCBjb2xvcj0iI2ZmZmZmZiI+MjEuMGNtPC9mb250PjwvYj48L3RkPjwvdHI+PC90YWJsZT48cD48aW1nIHNyYz0iaHR0cDovL3d3dy5yYWt1dGVuLm5lLmpwL2dvbGQvdy1qZXJzZXkvaW1hZ2VzL2NhdGFsb2d1ZS9hdzQ4ODFldmlkZW5jZS5qcGciIHdpZHRoPSIzODAiIGJvcmRlcj0iMCI+PC9wPiA8cD48Zm9udCBzaXplPSItMSI+4oC744Oh44O844Kr44O85biM5pyb5bCP5aOy5L6h5qC844Gv44Oh44O844Kr44O85ZWG5ZOB44K/44Kw44Gr5Z+644Gl44GE44Gm5o6y6LyJ44GX44Gm44GE44G+44GZ44CCPC9mb250PjwvcD48cCBhbGlnbj0iY2VudGVyIj48aWZyYW1lIOOAgOOAgOOAgOOAgOOAgOOAgOOAgOOAgOOAgOOAgOOAgOOAgOOAgOOAgOOAgOOAgOOAgOOAgD0iIiBzcmM9Imh0dHBzOi8vd3d3LnJha3V0ZW4ubmUuanAvZ29sZC93LWplcnNleS9zcF9iYW5lcjJfYi5odG1sIiBzY3JvbGxpbmc9InllcyIgZnJhbWVib3JkZXI9IjAiIHdpZHRoPSIxMDAlIiB0YXJnZXQ9Il90b3AiPjwvaWZyYW1lIOOAgD48L3A+,44CQ77yu77yl77y377yB44CRIGFkaWRhcyDjgqLjg4fjgqPjg4DjgrkgVkFMQ0xFQU4yIENNRiDjgrnjg4vjg7zjgqvjg7wgV0hQIDIwMTblubTnp4vlhqzvvJrjg6zjg4fjgqPjg7zjgrnjgrjjg6Pjg7zjgrjjga7jg5bjg6vjg7zjg6A=,6YCa5L+h6LKp5aOy6YCa6LKp44K344On44OD44OU44Oz44Kw44Kq44Oz44Op44Kk44Oz44K344On44OD44OU44Oz44Kw6LK344GE54mp44OX44Os44K844Oz44OI44Ku44OV44OI6LSI44KK54mp6LSI562U5ZOB44GK5Lit5YWD44GK5q2z5pqu44GK6LK344GE5b6X44CQ77yu77yl77y377yB44CRIGFkaWRhcyDjgqLjg4fjgqPjg4DjgrkgVkFMQ0xFQU4yIENNRiDjgrnjg4vjg7zjgqvjg7wgV0hQIDIwMTblubTnp4vlhqw=,44CQ77yu77yl77y377yB44CRIGFkaWRhcyDjgqLjg4fjgqPjg4DjgrkgVkFMQ0xFQU4yIENNRiDjgrnjg4vjg7zjgqvjg7wgV0hQIDIwMTblubTnp4vlhqw=[rn]
14-157846,aHR0cDovL3RzaG9wLnIxMHMuanAvbWFydW1peWEtd29ybGQvY2FiaW5ldC8wMTMvODAwMTE4M18wMS5qcGc/Zml0aW49NzAwOjcwMA==,NzQwLjgwMDA=,,44Kt44OD44K644O744OZ44OT44O844O744Oe44K/44OL44OG44KjID4g44Kt44OD44K6ID4g6Z20ID4g44K544OL44O844Kr44O8,6YCB5paZ54Sh5paZIGFtcGVyc2FuZOOAgOeEoeWcsOOCueODquODg+ODneODs+KWoEwyNDcwMTZfTDI0NzAyNi1VWzEzLjBjbS0yMS4wY21d44CQ44Kt44OD44K677yG44OZ44OT44O877yG44K444Ol44OL44Ki44CA6Z2044CA44GP44Gk44CA44Kv44OE44CA44K544OL44O844Kr44O844CA6YCa5ZyS44CA6YCa5a2m44CA5YWl5ZyS44CA5YWl5a2m44CA44Ki44Oz44OR44K144Oz44OJIOOAgFNBTEXjgIDjg53jg4Pjgq3jg6rjgIDjgb3jgaPjgY3jgorjgIDjgJHilqA4MDAxNDI544CQNTQwMOWGhuS7peS4iuOBp+mAgeaWmeeEoeaWmeOAkQ==,,PElNRyBzcmM9Imh0dHA6Ly9pbWFnZS5yYWt1dGVuLmNvLmpwL21hcnVtaXlhLXdvcmxkL2NhYmluZXQvY2F0ZWdvcnliYW5uZXIvc2FsZV9taW5pMDEuZ2lmIiBhbHQ9IiIgYm9yZGVyPSIwIj48YnI+PGJyPgoKPGNlbnRlcj48aW1nIHNyYz0iaHR0cDovL3d3dy5yYWt1dGVuLm5lLmpwL2dvbGQvbWFydW1peWEtd29ybGQvc21wL2ltYWdlcy9pdGVtL3RlaWJhbi9zdW1hb3VfbWFydW1peWEtd29ybGRfMTAwMzM3NDUuanBnPzE0NTU3NTcwMTYiIHdpZHRoPSIxMDAlIj48L2NlbnRlcj48YnI+PGJyPgoK4peG4peGPGJyPuavjuWbnuWkp+S6uuawl+OBruOCreODo+ODs+ODkOOCuee0oOadkOOBruOCueODquODg+ODneODs+OBjGFtcGVyc2FuZOOBi+OCieWFpeiNt+OBl+OBvuOBl+OBnyjil4/CtHbvvYDil48p4pmq77yK44K044Og6YOo5YiG44GM44Oc44O844OA44O844Gr44Gq44Gj44Gm44GE44KL44Gu44KC44GK5rSS6JC944Gq44Od44Kk44Oz44OI44Gn44GZ77yB44K544Od44OD44Go5bGl44GN44KE44GZ44GP6ISx44GO44KE44GZ44GE44K544Oq44OD44Od44Oz44Gv44Kt44OD44K65Lq65rCX44KC6auY44GP44GL44GL44Go44Gu6YOo5YiG44Gr44Go44Gj44Gm5LuY44GN44Gq44Gu44Gn44KI44KK6ISx44GO44KE44GZ44GE5qeL6YCg44Gn44GZ77y+77y+44Kr44Op44OQ44Oq44KC6LGK5a+M44Gq44Gu44Gn44Gp44KM44Gr44GX44KI44GG44GL6L+344Gj44Gh44KD44GG44Gt4peOPGJyPgrigLvjg6Hjg7zjg6vkvr/kuI3lj688YnI+CuKAu+eSsOWig+OBq+OCiOOCiuOAgeWkmuWwkeiJsuWQiOOBhOOBjOeVsOOBquOCi+WgtOWQiOOBjOOBlOOBluOBhOOBvuOBmeOBjOOAgeOBlOS6huaJv+OBruS4iuOBlOazqOaWh+OBiumhmOOBhOiHtOOBl+OBvuOBmeOAgjxicj4KPGJyPgrku5bjga5hbXBlcnNhbmTjgqLjgqTjg4bjg6Djga/jgZPjgaHjgonvvIEK4oC744Oh44O844Kr44O85biM5pyb5bCP5aOy5L6h5qC844Gv44Oh44O844Kr44O85ZWG5ZOB44K/44Kw44Gr5Z+644Gl44GE44Gm5o6y6LyJ44GX44Gm44GE44G+44GZ44CCPGJyPuKAu+acrOWVhuWTgeOBr+OBlOazqOaWh+OCv+OCpOODn+ODs+OCsOOChOOBlOazqOaWh+WGheWuueOBq+OCiOOBo+OBpuOBr+OAgeizvOWFpeWxpeattOOBi+OCieOBruOBlOazqOaWh+OCreODo+ODs+OCu+ODq+OAgeS/ruato+OCkuWPl+OBkeS7mOOBkeOCi+OBk+OBqOOBjOOBp+OBjeOBquOBhOWgtOWQiOOBjOOBlOOBluOBhOOBvuOBmeOAgg==,6YCB5paZ54Sh5paZIGFtcGVyc2FuZOOAgOeEoeWcsOOCueODquODg+ODneODs+KWoEwyNDcwMTZfTDI0NzAyNi1VWzEzLjBjbS0yMS4wY21d44CQ44Kt44OD44K677yG44OZ44OT44O877yG44K444Ol44OL44Ki44CA6Z2044CA44GP44Gk44CA44Kv44OE44CA44K544OL44O844Kr44O844CA6YCa5ZyS44CA6YCa5a2m44CA5YWl5ZyS44CA5YWl5a2m44CA44Ki44Oz44OR44K144Oz44OJIOOAgFNBTEXjgIDjg53jg4Pjgq3jg6rjgIDjgb3jgaPjgY3jgorjgIDjgJHilqA4MDAxNDI544CQNTQwMOWGhuS7peS4iuOBp+mAgeaWmeeEoeaWmeOAke+8muODnuODq+ODn+ODpOODr+ODvOODq+ODiQ==,6YCa5L+h6LKp5aOy6YCa6LKp44K344On44OD44OU44Oz44Kw44Kq44Oz44Op44Kk44Oz44K344On44OD44OU44Oz44Kw6LK344GE54mp44OX44Os44K844Oz44OI44Ku44OV44OI6LSI44KK54mp6LSI562U5ZOB44GK5Lit5YWD44GK5q2z5pqu44GK6LK344GE5b6X44Oe44Or44Of44Ok44Ov44O844Or44OJ44Oe44Or44Of44Ok44Ov44O844Or44OJ6LK344GE54mp44K344On44OD44OU44Oz44Kw5qW944GX44G/bWFydW1peWFtYXJ1bWl5YSB3b3JsZHdvcmxk5LiL552A5a+d5YW3576O5a655YGl5bq344Ku44OV44OI5a2j56+A5ZOB6ZuR6LKo5pW344GN44OR44OD44OJ44Of44Op44Kv44Or44OV44Or44O844OE5pW354mp5p6V6YCB5paZ54Sh5paZIGFtcGVyc2FuZOOAgOeEoeWcsOOCueODquODg+ODneODs+KWoEwyNDcwMTZfTDI0NzAyNi1VWzEzLjBjbS0yMS4wY21d44CQ44Kt44OD44K677yG44OZ44OT44O877yG44K444Ol44OL44Ki44CA6Z2044CA44GP44Gk44CA44Kv44OE44CA44K544OL44O844Kr44O844CA6YCa5ZyS44CA6YCa5a2m44CA5YWl5ZyS44CA5YWl5a2m44CA44Ki44Oz44OR44K144Oz44OJIOOAgFNBTEXjgIDjg53jg4Pjgq3jg6rjgIDjgb3jgaPjgY3jgorjgIDjgJHilqA4MDAxNDI544CQNTQwMOWGhuS7peS4iuOBp+mAgeaWmeeEoeaWmeOAkQ==,44CQMTAwMOWGhuODneODg+OCreODqiEhIemAgeaWmeeEoeaWmeOAkeOAgumAgeaWmeeEoeaWmSBhbXBlcnNhbmTjgIDnhKHlnLDjgrnjg6rjg4Pjg53jg7PilqBMMjQ3MDE2X0wyNDcwMjYtVVsxMy4wY20tMjEuMGNtXeOAkOOCreODg+OCuu+8huODmeODk+ODvO+8huOCuOODpeODi+OCouOAgOmdtOOAgOOBj+OBpOOAgOOCr+ODhOOAgOOCueODi+ODvOOCq+ODvOOAgOmAmuWckuOAgOmAmuWtpuOAgOWFpeWckuOAgOWFpeWtpuOAgOOCouODs+ODkeOCteODs+ODiSDjgIBTQUxF44CA44Od44OD44Kt44Oq44CA44G944Gj44GN44KK44CA44CR4pagODAwMTQyOeOAkDU0MDDlhobku6XkuIrjgafpgIHmlpnnhKHmlpnjgJE=[rn]
14-157847,aHR0cDovL3RzaG9wLnIxMHMuanAvbWFydW1peWEtd29ybGQvY2FiaW5ldC8wMTIvODAwMTMzNl8wMS5qcGc/Zml0aW49NzAwOjcwMA==,OTIwLjAwMDA=,,44Kt44OD44K644O744OZ44OT44O844O744Oe44K/44OL44OG44KjID4g44Kt44OD44K6ID4g6Z20ID4g44K544OL44O844Kr44O8,44CQNTDvvIVPRkbjgJFhbXBlcnNhbmQg44OP44Kk44Kr44OD44OI44K544OL44O844Kr44O84pagTDE0NzAzNl9MMTQ3MDY2LUMyWzEzLjBjbS0yMS4wY21dIOOAkOOCreODg+OCuu+8huODmeODk+ODvO+8huOCuOODpeODi+OCouOAgOmdtOOAgOOBj+OBpOOAgOOCr+ODhOOAgOOCt+ODpeODvOOCuuOAgOOCouODs+ODkeOCteODs+ODiSDjgJHilqA4MDAxMzM244CQNTQwMOWGhuS7peS4iuOBp+mAgeaWmeeEoeaWmeOAkeOAkDE2c+OAkeOAkDZTU+OAkeOAkFNBTEVzYWxl44K744O844Or44OQ44O844Ky44Oz44CR,,PElNRyBzcmM9Imh0dHA6Ly9pbWFnZS5yYWt1dGVuLmNvLmpwL21hcnVtaXlhLXdvcmxkL2NhYmluZXQvY2F0ZWdvcnliYW5uZXIvc2FsZV9taW5pMDEuZ2lmIiBib3JkZXI9IjAiPjxCUj48QlI+4peG4peGPGJyPueEoeWcsOOBp+WQiOOCj+OBm+OChOOBmeOBleOCguODkOODhOOCsOODs+OBruODj+OCpOOCq+ODg+ODiOOCueODi+ODvOOCq+ODvOOBjGFtcGVyc2FuZOOBi+OCieWFpeiNt+OBl+OBvuOBl+OBn+KZqu+8iuOBsuOCgumDqOWIhuOBjOOCtOODoOOBquOBruOBp+OBu+OBqeOBkeOCi+W/g+mFjeOBjOOBquOBhOOBre+8vu+8vuOCteOCpOODieOBq+OCuOODg+ODl+OBjOS7mOOBhOOBpuOBhOOCi+OBruOBp+ODj+OCpOOCq+ODg+ODiOOBp+OCguODqeOCr+ODqeOCr+KXjjxicj4K4oC744Oh44O844Or5L6/5LiN5Y+vPGJyPgrigLvnkrDlooPjgavjgojjgorjgIHlpJrlsJHoibLlkIjjgYTjgYznlbDjgarjgovloLTlkIjjgYzjgZTjgZbjgYTjgb7jgZnjgYzjgIHjgZTkuobmib/jga7kuIrjgZTms6jmlofjgYrpoZjjgYToh7TjgZfjgb7jgZnjgII8YnI+CuKAu+ODoeODvOOCq+ODvOW4jOacm+Wwj+WjsuS+oeagvOOBr+ODoeODvOOCq+ODvOWVhuWTgeOCv+OCsOOBq+WfuuOBpeOBhOOBpuaOsui8ieOBl+OBpuOBhOOBvuOBmeOAgjxicj7igLvmnKzllYblk4Hjga/jgZTms6jmlofjgr/jgqTjg5/jg7PjgrDjgoTjgZTms6jmloflhoXlrrnjgavjgojjgaPjgabjga/jgIHos7zlhaXlsaXmrbTjgYvjgonjga7jgZTms6jmlofjgq3jg6Pjg7Pjgrvjg6vjgIHkv67mraPjgpLlj5fjgZHku5jjgZHjgovjgZPjgajjgYzjgafjgY3jgarjgYTloLTlkIjjgYzjgZTjgZbjgYTjgb7jgZnjgII8YnI+PGJyPjxicj48YnI+PGNlbnRlcj48SU1HIHNyYz0iaHR0cDovL2ltYWdlLnJha3V0ZW4uY28uanAvbWFydW1peWEtd29ybGQvY2FiaW5ldC9wb2ludF91cDEwXzA4L2VfY29wMDQwMV8wMy5qcGciIHdpZHRoPSIxMDAlIiBib3JkZXI9IjAiPjwvY2VudGVyPjxicj48YnI+,44CQNTDvvIVPRkbjgJFhbXBlcnNhbmQg44OP44Kk44Kr44OD44OI44K544OL44O844Kr44O84pagTDE0NzAzNl9MMTQ3MDY2LUMyWzEzLjBjbS0yMS4wY21dIOOAkOOCreODg+OCuu+8huODmeODk+ODvO+8huOCuOODpeODi+OCouOAgOmdtOOAgOOBj+OBpOOAgOOCr+ODhOOAgOOCt+ODpeODvOOCuuOAgOOCouODs+ODkeOCteODs+ODiSDjgJHilqA4MDAxMzM244CQNTQwMOWGhuS7peS4iuOBp+mAgeaWmeeEoeaWmeOAkeOAkDE2c+OAkeOAkDZTU+OAkeOAkFNBTEVzYWxl44K744O844Or44OQ44O844Ky44Oz44CR77ya44Oe44Or44Of44Ok44Ov44O844Or44OJ,6YCa5L+h6LKp5aOy6YCa6LKp44K344On44OD44OU44Oz44Kw44Kq44Oz44Op44Kk44Oz44K344On44OD44OU44Oz44Kw6LK344GE54mp44OX44Os44K844Oz44OI44Ku44OV44OI6LSI44KK54mp6LSI562U5ZOB44GK5Lit5YWD44GK5q2z5pqu44GK6LK344GE5b6X44Oe44Or44Of44Ok44Ov44O844Or44OJ44Oe44Or44Of44Ok44Ov44O844Or44OJ6LK344GE54mp44K344On44OD44OU44Oz44Kw5qW944GX44G/bWFydW1peWFtYXJ1bWl5YSB3b3JsZHdvcmxk5LiL552A5a+d5YW3576O5a655YGl5bq344Ku44OV44OI5a2j56+A5ZOB6ZuR6LKo5pW344GN44OR44OD44OJ44Of44Op44Kv44Or44OV44Or44O844OE5pW354mp5p6V44CQNTDvvIVPRkbjgJFhbXBlcnNhbmQg44OP44Kk44Kr44OD44OI44K544OL44O844Kr44O84pagTDE0NzAzNl9MMTQ3MDY2LUMyWzEzLjBjbS0yMS4wY21dIOOAkOOCreODg+OCuu+8huODmeODk+ODvO+8huOCuOODpeODi+OCouOAgOmdtOOAgOOBj+OBpOOAgOOCr+ODhOOAgOOCt+ODpeODvOOCuuOAgOOCouODs+ODkeOCteODs+ODiSDjgJHilqA4MDAxMzM244CQNTQwMOWGhuS7peS4iuOBp+mAgeaWmeeEoeaWmeOAkeOAkDE2c+OAkeOAkDZTU+OAkeOAkFNBTEVzYWxl44K744O844Or44OQ44O844Ky44Oz44CR,44CQ44Ki44Km44OI44Os44OD44OI4piFNTDvvIVPRkbjgJHjgILjgJA1MO+8hU9GRuOAkWFtcGVyc2FuZCDjg4/jgqTjgqvjg4Pjg4jjgrnjg4vjg7zjgqvjg7zilqBMMTQ3MDM2X0wxNDcwNjYtQzJbMTMuMGNtLTIxLjBjbV0g44CQ44Kt44OD44K677yG44OZ44OT44O877yG44K444Ol44OL44Ki44CA6Z2044CA44GP44Gk44CA44Kv44OE44CA44K344Ol44O844K644CA44Ki44Oz44OR44K144Oz44OJIOOAkeKWoDgwMDEzMzbjgJA1NDAw5YaG5Lul5LiK44Gn6YCB5paZ54Sh5paZ44CR44CQMTZz44CR44CQNlNT44CR44CQU0FMRXNhbGXjgrvjg7zjg6vjg5Djg7zjgrLjg7PjgJE=[rn]
14-157848,aHR0cDovL3RzaG9wLnIxMHMuanAvbWFydW1peWEtd29ybGQvY2FiaW5ldC8wMTMvODAwMTM0NF8wMS5qcGc/Zml0aW49NzAwOjcwMA==,MTE2MC4wMDAw,,44Kt44OD44K644O744OZ44OT44O844O744Oe44K/44OL44OG44KjID4g44Kt44OD44K6ID4g6Z20ID4g44K544OL44O844Kr44O8,44CQNTAlT0ZG44CRYW1wZXJzYW5kIOOAgERZ44Of44OD44Kt44O86aOb44Gz5Yi657mN44K544Oq44OD44Od44Oz4pagTDI0NzA1Nl9MMjQ3MDY2LVNQMi1MWzEzLjBjbS0yMS4wY21dIOOAkCDjgq3jg4Pjgrog44OZ44OT44O8IOmdtCDjgrnjg4vjg7zjgqvjg7wg44Ki44Oz44OR44K144Oz44OJ44CARFlD44CA44CR4pagODAwMTM0NOOAkDU0MDDlhobku6XkuIrjgafpgIHmlpnnhKHmlpnjgJHjgJA2Rk4ta+OAkeOAkFNBTEVzYWxl44K744O844Or44OQ44O844Ky44Oz44CR44CQUzYxMOOAkeOAkFM2MUvjgJE=,,PGNlbnRlcj48aW1nIHNyYz0iaHR0cDovL3d3dy5yYWt1dGVuLm5lLmpwL2dvbGQvbWFydW1peWEtd29ybGQvc21wL2ltYWdlcy9pdGVtL3N1bWFvdV9tYXJ1bWl5YS13b3JsZF8xMDAzNzU2OC5qcGc/MTQ1NjM2NDg2MSIgd2lkdGg9IjEwMCUiPjwvY2VudGVyPjxicj48YnI+CjxJTUcgc3JjPSJodHRwOi8vaW1hZ2UucmFrdXRlbi5jby5qcC9tYXJ1bWl5YS13b3JsZC9jYWJpbmV0L2NhdGVnb3J5YmFubmVyL3NhbGVfbWluaTAxLmdpZiIgYm9yZGVyPSIwIj48QlI+PEJSPjxicj7lpKfkurrmsJfjg5/jg4Pjgq3jg7zjgrPjg6njg5zjgrfjg6rjg7zjgrrjgavjgrnjg6rjg4Pjg53jg7PjgYzlhaXojbfjgZfjgb7jgZfjgZ/imarjgajjgaPjgabjgoLlj6/mhJvjgYTjg5/jg4Pjgq3jg7zjgYzliLrnuY3jgZXjgozjgabjgYTjgovjgrnjg6rjg4Pjg53jg7PjgafjgZnimIXjgrXjgqTjg4npg6jliIbjgavjg5/jg4Pjgq3jg7zjga7jg63jgrTlhaXjgorimao8YnI+CuKAu+ODoeODvOODq+S+v+S4jeWPrzxicj4K4oC755Kw5aKD44Gr44KI44KK44CB5aSa5bCR6Imy5ZCI44GE44GM55Ww44Gq44KL5aC05ZCI44GM44GU44GW44GE44G+44GZ44GM44CB44GU5LqG5om/44Gu5LiK44GU5rOo5paH44GK6aGY44GE6Ie044GX44G+44GZ44CCPGJyPgo8YnI+CjxCUj7ku5bjga5hbXBlcnNhbmTjgqLjgqTjg4bjg6Djga/jgZPjgaHjgonvvIE8YnI+CuKAu+ODoeODvOOCq+ODvOW4jOacm+Wwj+WjsuS+oeagvOOBr+ODoeODvOOCq+ODvOWVhuWTgeOCv+OCsOOBq+WfuuOBpeOBhOOBpuaOsui8ieOBl+OBpuOBhOOBvuOBmeOAgjxicj7igLvmnKzllYblk4Hjga/jgZTms6jmlofjgr/jgqTjg5/jg7PjgrDjgoTjgZTms6jmloflhoXlrrnjgavjgojjgaPjgabjga/jgIHos7zlhaXlsaXmrbTjgYvjgonjga7jgZTms6jmlofjgq3jg6Pjg7Pjgrvjg6vjgIHkv67mraPjgpLlj5fjgZHku5jjgZHjgovjgZPjgajjgYzjgafjgY3jgarjgYTloLTlkIjjgYzjgZTjgZbjgYTjgb7jgZnjgII8QlI+PElNRyBzcmM9Imh0dHA6Ly9pbWFnZS5yYWt1dGVuLmNvLmpwL21hcnVtaXlhLXdvcmxkL2NhYmluZXQvcG9pbnRfdXAxMF8wOC8yMDE2X3NvdXJ5b3UwMi5naWYiIGJvcmRlcj0iMCIgd2lkdGg9IjEwMCUiPjxCUj4=,44CQNTAlT0ZG44CRYW1wZXJzYW5kIOOAgERZ44Of44OD44Kt44O86aOb44Gz5Yi657mN44K544Oq44OD44Od44Oz4pagTDI0NzA1Nl9MMjQ3MDY2LVNQMi1MWzEzLjBjbS0yMS4wY21dIOOAkCDjgq3jg4Pjgrog44OZ44OT44O8IOmdtCDjgrnjg4vjg7zjgqvjg7wg44Ki44Oz44OR44K144Oz44OJ44CARFlD44CA44CR4pagODAwMTM0NOOAkDU0MDDlhobku6XkuIrjgafpgIHmlpnnhKHmlpnjgJHjgJA2Rk4ta+OAkeOAkFNBTEVzYWxl44K744O844Or44OQ44O844Ky44Oz44CR44CQUzYxMOOAkeOAkFM2MUvjgJHvvJrjg57jg6vjg5/jg6Tjg6/jg7zjg6vjg4k=,6YCa5L+h6LKp5aOy6YCa6LKp44K344On44OD44OU44Oz44Kw44Kq44Oz44Op44Kk44Oz44K344On44OD44OU44Oz44Kw6LK344GE54mp44OX44Os44K844Oz44OI44Ku44OV44OI6LSI44KK54mp6LSI562U5ZOB44GK5Lit5YWD44GK5q2z5pqu44GK6LK344GE5b6X44Oe44Or44Of44Ok44Ov44O844Or44OJ44Oe44Or44Of44Ok44Ov44O844Or44OJ6LK344GE54mp44K344On44OD44OU44Oz44Kw5qW944GX44G/bWFydW1peWFtYXJ1bWl5YSB3b3JsZHdvcmxk5LiL552A5a+d5YW3576O5a655YGl5bq344Ku44OV44OI5a2j56+A5ZOB6ZuR6LKo5pW344GN44OR44OD44OJ44Of44Op44Kv44Or44OV44Or44O844OE5pW354mp5p6V44CQNTAlT0ZG44CRYW1wZXJzYW5kIOOAgERZ44Of44OD44Kt44O86aOb44Gz5Yi657mN44K544Oq44OD44Od44Oz4pagTDI0NzA1Nl9MMjQ3MDY2LVNQMi1MWzEzLjBjbS0yMS4wY21dIOOAkCDjgq3jg4Pjgrog44OZ44OT44O8IOmdtCDjgrnjg4vjg7zjgqvjg7wg44Ki44Oz44OR44K144Oz44OJ44CARFlD44CA44CR4pagODAwMTM0NOOAkDU0MDDlhobku6XkuIrjgafpgIHmlpnnhKHmlpnjgJHjgJA2Rk4ta+OAkeOAkFNBTEVzYWxl44K744O844Or44OQ44O844Ky44Oz44CR44CQUzYxMOOAkeOAkFM2MUvjgJE=,44CQU1VNTUVSU0FMReKYhTUw77yFT0ZG44CR44CC44CQNTAlT0ZG44CRYW1wZXJzYW5kIOOAgERZ44Of44OD44Kt44O86aOb44Gz5Yi657mN44K544Oq44OD44Od44Oz4pagTDI0NzA1Nl9MMjQ3MDY2LVNQMi1MWzEzLjBjbS0yMS4wY21dIOOAkCDjgq3jg4Pjgrog44OZ44OT44O8IOmdtCDjgrnjg4vjg7zjgqvjg7wg44Ki44Oz44OR44K144Oz44OJ44CARFlD44CA44CR4pagODAwMTM0NOOAkDU0MDDlhobku6XkuIrjgafpgIHmlpnnhKHmlpnjgJHjgJA2Rk4ta+OAkeOAkFNBTEVzYWxl44K744O844Or44OQ44O844Ky44Oz44CR44CQUzYxMOOAkeOAkFM2MUvjgJE=[rn]
14-157849,aHR0cDovL3RzaG9wLnIxMHMuanAvbWFydW1peWEtd29ybGQvY2FiaW5ldC8wMTYvODAwMTM2Ml8wNS5qcGc/Zml0aW49NzAwOjcwMA==,MTQ0MC4wMDAw,,44Kt44OD44K644O744OZ44OT44O844O744Oe44K/44OL44OG44KjID4g44Kt44OD44K6ID4g6Z20ID4g44K544OL44O844Kr44O8,44CQNTDvvIVPRkbjgJFGLk8uS0lEU+OAgElGTUXjg5njg6vjgq/jg63jgrnjg4vjg7zjgqvjg7zilqBSMjQ3MDI2LUMyWzE2LjBjbS0yMS4wY21dIOOAkOOCreODg+OCuu+8huOCuOODpeODi+OCouOAgOmdtOOAgOOBj+OBpOOAgOOCr+ODhOOAgOOCt+ODpeODvOOCuuOAgOOCpOODleODn+ODvOOAgOWtkOS+m+mdtOOAgOmAmuWckuOAgOWFpeWckuOAgOmAmuWtpuOAgOmBi+WLlemdtOOAgOOCouOCpuODiOODieOCouOAgOOCqOODleOCquODvOOCreODg+OCuiDjgJHilqA4MDAxMzYy44CQMTZz44CR44CQNlNT44CR44CQU0FMRXNhbGXjgrvjg7zjg6vjg5Djg7zjgrLjg7PjgJE=,,PElNRyBzcmM9Imh0dHA6Ly9pbWFnZS5yYWt1dGVuLmNvLmpwL21hcnVtaXlhLXdvcmxkL2NhYmluZXQvY2F0ZWdvcnliYW5uZXIvc2FsZV9taW5pMDEuZ2lmIiBib3JkZXI9IjAiPjxCUj48QlI+PGNlbnRlcj48aW1nIHNyYz0iaHR0cDovL3d3dy5yYWt1dGVuLm5lLmpwL2dvbGQvbWFydW1peWEtd29ybGQvc21wL2ltYWdlcy9pdGVtL3N1bWFvdV9tYXJ1bWl5YS13b3JsZF8xMDAzNzk2My5qcGc/MTQ1ODI2OTUyNiIgd2lkdGg9IjEwMCUiPjwvY2VudGVyPjxicj48YnI+Cgril4bil4Y8YnI+CkYuTy5LSURT44GL44KJSUZNRSjjgqTjg5Xjg5/jg7wp44Go44Gu44Kz44Op44Oc44Gu44OZ44Or44Kv44Ot44K544OL44O844Kr44O844GM5YWl6I2344GX44G+44GX44GfKCpez4leKTxicj4K44Ki44OD44OR4oCV44Gv552A6ISx44Op44Kv44OB44Oz44Gq44OZ44Or44Kv44Ot5LuV5qeY4piG5bGl44GN5b+D5Zyw5rqA54K54peOPGJyPgrotrPoo4/jga7jgrnjg6Djg7zjgrrjgarkvZPph43np7vli5XjgpLjgrXjg53jg7zjg4jjgZnjgovjgrnjg6rjg7zjgrnjg4bjg4Pjg5fjgr3jg7zjg6vmjqHnlKjjgILjgYvjgaPjgZPjgYTjgYTjgaDjgZHjgZjjgoPjgarjgYTvvIHmqZ/og73mgKfjgavjgoLjgZPjgaDjgo/jgaPjgZ/vvJHotrPjgafjgZnimIY8YnI+PGJyPgoK4oC744Oh44O844Or5L6/5LiN5Y+vPGJyPgrigLvnkrDlooPjgavjgojjgorjgIHlpJrlsJHoibLlkIjjgYTjgYznlbDjgarjgovloLTlkIjjgYzjgZTjgZbjgYTjgb7jgZnjgYzjgIHjgZTkuobmib/jga7kuIrjgZTms6jmlofjgYrpoZjjgYToh7TjgZfjgb7jgZnjgII8YnI+CuKAu+ODoeODvOOCq+ODvOW4jOacm+Wwj+WjsuS+oeagvOOBr+ODoeODvOOCq+ODvOWVhuWTgeOCv+OCsOOBq+WfuuOBpeOBhOOBpuaOsui8ieOBl+OBpuOBhOOBvuOBmeOAgjxicj7igLvmnKzllYblk4Hjga/jgZTms6jmlofjgr/jgqTjg5/jg7PjgrDjgoTjgZTms6jmloflhoXlrrnjgavjgojjgaPjgabjga/jgIHos7zlhaXlsaXmrbTjgYvjgonjga7jgZTms6jmlofjgq3jg6Pjg7Pjgrvjg6vjgIHkv67mraPjgpLlj5fjgZHku5jjgZHjgovjgZPjgajjgYzjgafjgY3jgarjgYTloLTlkIjjgYzjgZTjgZbjgYTjgb7jgZnjgILjgIIKCgo8QlI+5LuW44GuRi5PLktJRFPjgqLjgqTjg4bjg6Djga/jgZPjgaHjgonvvIE=,44CQNTDvvIVPRkbjgJFGLk8uS0lEU+OAgElGTUXjg5njg6vjgq/jg63jgrnjg4vjg7zjgqvjg7zilqBSMjQ3MDI2LUMyWzE2LjBjbS0yMS4wY21dIOOAkOOCreODg+OCuu+8huOCuOODpeODi+OCouOAgOmdtOOAgOOBj+OBpOOAgOOCr+ODhOOAgOOCt+ODpeODvOOCuuOAgOOCpOODleODn+ODvOOAgOWtkOS+m+mdtOOAgOmAmuWckuOAgOWFpeWckuOAgOmAmuWtpuOAgOmBi+WLlemdtOOAgOOCouOCpuODiOODieOCouOAgOOCqOODleOCquODvOOCreODg+OCuiDjgJHilqA4MDAxMzYy44CQMTZz44CR44CQNlNT44CR44CQU0FMRXNhbGXjgrvjg7zjg6vjg5Djg7zjgrLjg7PjgJHvvJrjg57jg6vjg5/jg6Tjg6/jg7zjg6vjg4k=,6YCa5L+h6LKp5aOy6YCa6LKp44K344On44OD44OU44Oz44Kw44Kq44Oz44Op44Kk44Oz44K344On44OD44OU44Oz44Kw6LK344GE54mp44OX44Os44K844Oz44OI44Ku44OV44OI6LSI44KK54mp6LSI562U5ZOB44GK5Lit5YWD44GK5q2z5pqu44GK6LK344GE5b6X44Oe44Or44Of44Ok44Ov44O844Or44OJ44Oe44Or44Of44Ok44Ov44O844Or44OJ6LK344GE54mp44K344On44OD44OU44Oz44Kw5qW944GX44G/bWFydW1peWFtYXJ1bWl5YSB3b3JsZHdvcmxk5LiL552A5a+d5YW3576O5a655YGl5bq344Ku44OV44OI5a2j56+A5ZOB6ZuR6LKo5pW344GN44OR44OD44OJ44Of44Op44Kv44Or44OV44Or44O844OE5pW354mp5p6V44CQNTDvvIVPRkbjgJFGLk8uS0lEU+OAgElGTUXjg5njg6vjgq/jg63jgrnjg4vjg7zjgqvjg7zilqBSMjQ3MDI2LUMyWzE2LjBjbS0yMS4wY21dIOOAkOOCreODg+OCuu+8huOCuOODpeODi+OCouOAgOmdtOOAgOOBj+OBpOOAgOOCr+ODhOOAgOOCt+ODpeODvOOCuuOAgOOCpOODleODn+ODvOOAgOWtkOS+m+mdtOOAgOmAmuWckuOAgOWFpeWckuOAgOmAmuWtpuOAgOmBi+WLlemdtOOAgOOCouOCpuODiOODieOCouOAgOOCqOODleOCquODvOOCreODg+OCuiDjgJHilqA4MDAxMzYy44CQMTZz44CR44CQNlNT44CR44CQU0FMRXNhbGXjgrvjg7zjg6vjg5Djg7zjgrLjg7PjgJE=,44CQ44Ki44Km44OI44Os44OD44OI4piFNTDvvIVPRkbjgJHjgILjgJA1MO+8hU9GRuOAkUYuTy5LSURT44CASUZNReODmeODq+OCr+ODreOCueODi+ODvOOCq+ODvOKWoFIyNDcwMjYtQzJbMTYuMGNtLTIxLjBjbV0g44CQ44Kt44OD44K677yG44K444Ol44OL44Ki44CA6Z2044CA44GP44Gk44CA44Kv44OE44CA44K344Ol44O844K644CA44Kk44OV44Of44O844CA5a2Q5L6b6Z2044CA6YCa5ZyS44CA5YWl5ZyS44CA6YCa5a2m44CA6YGL5YuV6Z2044CA44Ki44Km44OI44OJ44Ki44CA44Ko44OV44Kq44O844Kt44OD44K6IOOAkeKWoDgwMDEzNjLjgJAxNnPjgJHjgJA2U1PjgJHjgJBTQUxFc2FsZeOCu+ODvOODq+ODkOODvOOCsuODs+OAkQ==[rn]
14-157850,aHR0cDovL3RzaG9wLnIxMHMuanAvbWFydW1peWEtd29ybGQvY2FiaW5ldC8wMjMvODAwMTUwN18wMS5qcGc/Zml0aW49NzAwOjcwMA==,NDQwMC4wMDAw,,44Kt44OD44K644O744OZ44OT44O844O744Oe44K/44OL44OG44KjID4g44Kt44OD44K6ID4g6Z20ID4g44K544OL44O844Kr44O8,4piFQ09OVkVSU0UgQkFCWSBBTEwgU1RBUiBOIE1JQ0tFWSBNT1VTReKWoDdDSzY1NC1LWzEzLjBjbS0xNS4wY21d44CQ44OZ44OT44O844CA6Z2044CA44GP44Gk44CA44Kv44OE44CA44K544OL44O844Kr44O844CA5a2Q5L6b44CA5a2Q44Gp44KC44CA44Of44OD44Kt44O844CA44Kz44Oz44OQ44O844K544Kq44O844Or44K544K/44O8IERZQyDjgJHilqA4MDAxNTA344CQNTQwMOWGhuS7peS4iuOBp+mAgeaWmeeEoeaWmeOAkQ==,,4peG4peGPGJyPgo8IS0tIFNVTUFPVSHmjL/lhaXnrofmiYDjgIDnt6jpm4bnpoHmraIgLS0+CjxjZW50ZXI+PGltZyBzcmM9Imh0dHBzOi8vd3d3LnJha3V0ZW4ubmUuanAvZ29sZC9tYXJ1bWl5YS13b3JsZC9zbXAvaW1hZ2VzL2l0ZW0vc3VtYW91X21hcnVtaXlhLXdvcmxkXzEwMDQxNjMzLmpwZz8xNDkyMjE4Nzg3IiB3aWR0aD0iMTAwJSI+PC9jZW50ZXI+CjwhLS0gU1VNQU9VIeaMv+WFpeeuh+aJgOOAgOe3qOmbhuemgeatouOBk+OBk+OBvuOBpyAtLT4KPGJyPjxicj4K44Ki44Oh44Oq44Kr55Sf44G+44KM44CB5LiW55WM44Gu5Lq65rCX6ICF44O744Of44OD44Kt44O844Oe44Km44K544KS44CB6Imy44CF44Gq44Od44O844K644Gn44Ki44OD44OR44O85YWo5L2T44Gr44OX44Oq44Oz44OI44GX44Gf44Oi44OH44Or44Gn44GZ44CC44K044Ki44K344Ol44O844Os44O844K544GM57ir5LuY44Gu5LuV5qeY44Gn6Kej44GR44KL5b+D6YWN44GM44Gq44GP44CB44Gk44G+44G/44KE44GZ44GE5bqD44KB44Gu6Li144OG44O844OX44Gn6ISx44GO5bGl44GN44GX44KE44GZ44GE44OH44K244Kk44Oz44Go44Gq44Gj44Gm44GE44G+44GZ44CC44Ki44Km44OI44K944O844Or44Gu44GX44Gq44KE44GL44Gq44Op44OQ44O844Gr44CB6Li16YOo5YiG44Gr44Gv44Oc44O844OJ44KS5YaF6JS144GX6Laz44Gu5puy44GM44KL5L2N572u44Gn44GX44Gj44GL44KK5bGI5puy44GZ44KL44K944O844Or6Kit6KiI44Gn44GZ44CCIArilqDmtJfjgYjjgabmuIXmvZQg44Oq44Og44O844OQ44OW44Or44Kk44Oz44K944O844OrPGJyPgrilqDotrPlhYPjgpLlhKrjgZfjgY/ljIXjgoAg44OV44Kj44OD44OI44Kk44Oz44OK44O8PGJyPgrilqDjgZfjgarjgoTjgYvjgarjgr3jg7zjg6voqK3oqIgg44OV44Os44OD44Kv44K544K944O844OrPGJyPgrilqDpganliIfjgarkvY3nva7jgafjgZfjgaPjgYvjgorlsYjmm7Ig44OV44Os44OD44Kv44K544Od44Kk44Oz44OIPGJyPgrilqDotrPlhYjjgbLjgo3jgbPjgo0g44Or44O844Of44O844Op44K544OIPGJyPgrilqDlpKfjgY3jgY/plovjgY8g44Kq44O844OX44Oz44K/44OzPGJyPgrigLvjg6Hjg7zjg6vkvr/kuI3lj688YnI+CuOCouODg+ODkeODvO+8muOCreODo+ODs+ODkOOCuTxicj4K44Ki44Km44OI44K944O844Or77ya44Op44OQ44O8PGJyPgrigLvnkrDlooPjgavjgojjgorjgIHlpJrlsJHoibLlkIjjgYTjgYznlbDjgarjgovloLTlkIjjgYzjgZTjgZbjgYTjgb7jgZnjgYzjgIHjgZTkuobmib/jga7kuIrjgZTms6jmlofjgYrpoZjjgYToh7TjgZfjgb7jgZnjgII8YnI+PGJyPgo8YnI+4oC744Oh44O844Kr44O85biM5pyb5bCP5aOy5L6h5qC844Gv44Oh44O844Kr44O85ZWG5ZOB44K/44Kw44Gr5Z+644Gl44GE44Gm5o6y6LyJ44GX44Gm44GE44G+44GZ44CCPGJyPuKAu+acrOWVhuWTgeOBr+OBlOazqOaWh+OCv+OCpOODn+ODs+OCsOOChOOBlOazqOaWh+WGheWuueOBq+OCiOOBo+OBpuOBr+OAgeizvOWFpeWxpeattOOBi+OCieOBruOBlOazqOaWh+OCreODo+ODs+OCu+ODq+OAgeS/ruato+OCkuWPl+OBkeS7mOOBkeOCi+OBk+OBqOOBjOOBp+OBjeOBquOBhOWgtOWQiOOBjOOBlOOBluOBhOOBvuOBmeOAggoKPEJSPuS7luOBrkNPTlZFUlNF44Ki44Kk44OG44Og44Gv44GT44Gh44KJ77yB,4piFQ09OVkVSU0UgQkFCWSBBTEwgU1RBUiBOIE1JQ0tFWSBNT1VTReKWoDdDSzY1NC1LWzEzLjBjbS0xNS4wY21d44CQ44OZ44OT44O844CA6Z2044CA44GP44Gk44CA44Kv44OE44CA44K544OL44O844Kr44O844CA5a2Q5L6b44CA5a2Q44Gp44KC44CA44Of44OD44Kt44O844CA44Kz44Oz44OQ44O844K544Kq44O844Or44K544K/44O8IERZQyDjgJHilqA4MDAxNTA344CQNTQwMOWGhuS7peS4iuOBp+mAgeaWmeeEoeaWmeOAke+8muODnuODq+ODn+ODpOODr+ODvOODq+ODiQ==,6YCa5L+h6LKp5aOy6YCa6LKp44K344On44OD44OU44Oz44Kw44Kq44Oz44Op44Kk44Oz44K344On44OD44OU44Oz44Kw6LK344GE54mp44OX44Os44K844Oz44OI44Ku44OV44OI6LSI44KK54mp6LSI562U5ZOB44GK5Lit5YWD44GK5q2z5pqu44GK6LK344GE5b6X44Oe44Or44Of44Ok44Ov44O844Or44OJ44Oe44Or44Of44Ok44Ov44O844Or44OJ6LK344GE54mp44K344On44OD44OU44Oz44Kw5qW944GX44G/bWFydW1peWFtYXJ1bWl5YSB3b3JsZHdvcmxk5LiL552A5a+d5YW3576O5a655YGl5bq344Ku44OV44OI5a2j56+A5ZOB6ZuR6LKo5pW344GN44OR44OD44OJ44Of44Op44Kv44Or44OV44Or44O844OE5pW354mp5p6V4piFQ09OVkVSU0UgQkFCWSBBTEwgU1RBUiBOIE1JQ0tFWSBNT1VTReKWoDdDSzY1NC1LWzEzLjBjbS0xNS4wY21d44CQ44OZ44OT44O844CA6Z2044CA44GP44Gk44CA44Kv44OE44CA44K544OL44O844Kr44O844CA5a2Q5L6b44CA5a2Q44Gp44KC44CA44Of44OD44Kt44O844CA44Kz44Oz44OQ44O844K544Kq44O844Or44K544K/44O8IERZQyDjgJHilqA4MDAxNTA344CQNTQwMOWGhuS7peS4iuOBp+mAgeaWmeeEoeaWmeOAkQ==,44CQMjAxN+aYpeWkj+aWsOS9nOOAkeOAkOmAgeaWmeeEoeaWmeOAkeiJsuOAheOBquODneODvOOCuuOBp+ODl+ODquODs+ODiOOAguKYhUNPTlZFUlNFIEJBQlkgQUxMIFNUQVIgTiBNSUNLRVkgTU9VU0XilqA3Q0s2NTQtS1sxMy4wY20tMTUuMGNtXeOAkOODmeODk+ODvOOAgOmdtOOAgOOBj+OBpOOAgOOCr+ODhOOAgOOCueODi+ODvOOCq+ODvOOAgOWtkOS+m+OAgOWtkOOBqeOCguOAgOODn+ODg+OCreODvOOAgOOCs+ODs+ODkOODvOOCueOCquODvOODq+OCueOCv+ODvCBEWUMg44CR4pagODAwMTUwN+OAkDU0MDDlhobku6XkuIrjgafpgIHmlpnnhKHmlpnjgJE=[rn]
14-157851,aHR0cDovL3RzaG9wLnIxMHMuanAvbWFydW1peWEtd29ybGQvY2FiaW5ldC8wMjMvODAwMTM4Ml8wMS5qcGc/Zml0aW49NzAwOjcwMA==,Mzc2MC4wMDAw,,44Kt44OD44K644O744OZ44OT44O844O744Oe44K/44OL44OG44KjID4g44Kt44OD44K6ID4g6Z20ID4g44K544OL44O844Kr44O8,TklLReOAgERZTkFNTyBGUkVF77yIVETvvInilqAzNDM5MzhfMTAtQlsxMy4wLTE2LjBjbV0g44CQ44Kt44OD44K644CA6Z2044CA44GP44Gk44CA44Kv44OE44CA44K544OL44O844Kr44O844CA5a2Q5L6b44CA5a2Q44Gp44KC44CA6YGL5YuV6Z2044CA6YCa5ZyS44CA5YWl5ZyS44CA6YCa5a2m44CA44OA44Kk44OK44Oi44OV44Oq44O844CA44OK44Kk44KtIOOAkeKWoDgwMDEzODLjgJDlrprnlaril47jgJHjgJA1NDAw5YaG5Lul5LiK44Gn6YCB5paZ54Sh5paZ44CR44CQMDJQMDNEZWMxNuOAkeOAkFA2RlfjgJE=,,4peG4peGPGJyPgoK44K544OI44Os44OD44OB5oCn44Gr5YSq44KM44Gf44OW44O844OG44Kj44O844Go44Op44OQ44O844Gu44Kq44O844OQ44O844Os44Kk44Gu44Kz44Oz44OT44ON44O844K344On44Oz44GM54m55b6044Gu44Oi44OH44Or44CM44OA44Kk44OK44Oi44CN44Gu44Ki44OD44OR44O844Gr44CB44Op44Oz44OL44Oz44Kw44O744OI44Os44O844OL44Oz44Kw44Oi44OH44Or44CM44OV44Oq44O844CN44Gu5bGI5puy5oCn44CB6Lu96YeP5oCn44Gr5YSq44KM44Gf44Ki44Km44OI44K944O844Or44KS57WE44G/5ZCI44KP44Gb44Gf5Lq65rCX44Oi44OH44Or44CC57Sg6Laz44Gu44KI44GG44Gq5b+r6YGp5oCn44Go5a655piT44Gq552A6ISx44KS5a6f54++44GX44Gf44OH44K244Kk44Oz44Gr44Gq44Gj44Gm44GE44G+44GZ44CCPGJyPgrigLvjg6Hjg7zjg6vkvr/kuI3lj688YnI+CuKWoOe0oOadkOODu+azqOaEj+eCuTxicj4K44CAW+OCouODg+ODkeODvF0g44K044OgL+S6uuW3peearumdqS/lkIjmiJDnuYrntq08YnI+CuOAgFvjg5/jg4Pjg4njgr3jg7zjg6tdIOWQiOaIkOaoueiEgijjg5XjgqHjgqTjg6njgqTjg4gpPGJyPgrjgIBb44Ki44Km44OI44K944O844OrXSDlkIjmiJDlupUgPGJyPgrilqDjgrXjgqTjgrrvvJoxMy4wY23jgIExNC4wY23jgIExNS4wY23jgIExNi4wY208YnI+CuKAu+eSsOWig+OBq+OCiOOCiuOAgeWkmuWwkeiJsuWQiOOBhOOBjOeVsOOBquOCi+WgtOWQiOOBjOOBlOOBluOBhOOBvuOBmeOBjOOAgeOBlOS6huaJv+OBruS4iuOBlOazqOaWh+OBiumhmOOBhOiHtOOBl+OBvuOBmeOAgjxicj4K4oC744Oh44O844Kr44O85biM5pyb5bCP5aOy5L6h5qC844Gv44Oh44O844Kr44O85ZWG5ZOB44K/44Kw44Gr5Z+644Gl44GE44Gm5o6y6LyJ44GX44Gm44GE44G+44GZ44CCPGJyPuKAu+acrOWVhuWTgeOBr+OBlOazqOaWh+OCv+OCpOODn+ODs+OCsOOChOOBlOazqOaWh+WGheWuueOBq+OCiOOBo+OBpuOBr+OAgeizvOWFpeWxpeattOOBi+OCieOBruOBlOazqOaWh+OCreODo+ODs+OCu+ODq+OAgeS/ruato+OCkuWPl+OBkeS7mOOBkeOCi+OBk+OBqOOBjOOBp+OBjeOBquOBhOWgtOWQiOOBjOOBlOOBluOBhOOBvuOBmeOAggoKCjxCUj7ku5bjga5OSUtF44Ki44Kk44OG44Og44Gv44GT44Gh44KJ77yBPGJyPg==,TklLReOAgERZTkFNTyBGUkVF77yIVETvvInilqAzNDM5MzhfMTAtQlsxMy4wLTE2LjBjbV0g44CQ44Kt44OD44K644CA6Z2044CA44GP44Gk44CA44Kv44OE44CA44K544OL44O844Kr44O844CA5a2Q5L6b44CA5a2Q44Gp44KC44CA6YGL5YuV6Z2044CA6YCa5ZyS44CA5YWl5ZyS44CA6YCa5a2m44CA44OA44Kk44OK44Oi44OV44Oq44O844CA44OK44Kk44KtIOOAkeKWoDgwMDEzODLjgJDlrprnlaril47jgJHjgJA1NDAw5YaG5Lul5LiK44Gn6YCB5paZ54Sh5paZ44CR44CQMDJQMDNEZWMxNuOAkeOAkFA2RlfjgJHvvJrjg57jg6vjg5/jg6Tjg6/jg7zjg6vjg4k=,6YCa5L+h6LKp5aOy6YCa6LKp44K344On44OD44OU44Oz44Kw44Kq44Oz44Op44Kk44Oz44K344On44OD44OU44Oz44Kw6LK344GE54mp44OX44Os44K844Oz44OI44Ku44OV44OI6LSI44KK54mp6LSI562U5ZOB44GK5Lit5YWD44GK5q2z5pqu44GK6LK344GE5b6X44Oe44Or44Of44Ok44Ov44O844Or44OJ44Oe44Or44Of44Ok44Ov44O844Or44OJ6LK344GE54mp44K344On44OD44OU44Oz44Kw5qW944GX44G/bWFydW1peWFtYXJ1bWl5YSB3b3JsZHdvcmxk5LiL552A5a+d5YW3576O5a655YGl5bq344Ku44OV44OI5a2j56+A5ZOB6ZuR6LKo5pW344GN44OR44OD44OJ44Of44Op44Kv44Or44OV44Or44O844OE5pW354mp5p6VTklLReOAgERZTkFNTyBGUkVF77yIVETvvInilqAzNDM5MzhfMTAtQlsxMy4wLTE2LjBjbV0g44CQ44Kt44OD44K644CA6Z2044CA44GP44Gk44CA44Kv44OE44CA44K544OL44O844Kr44O844CA5a2Q5L6b44CA5a2Q44Gp44KC44CA6YGL5YuV6Z2044CA6YCa5ZyS44CA5YWl5ZyS44CA6YCa5a2m44CA44OA44Kk44OK44Oi44OV44Oq44O844CA44OK44Kk44KtIOOAkeKWoDgwMDEzODLjgJDlrprnlaril47jgJHjgJA1NDAw5YaG5Lul5LiK44Gn6YCB5paZ54Sh5paZ44CR44CQMDJQMDNEZWMxNuOAkeOAkFA2RlfjgJE=,44CQMjAxN+aYpeWkj+aWsOS9nOOAkee0oOi2s+OBruOCiOOBhuOBquW/q+mBqeaAp+OBqOWuueaYk+OBquedgOiEseOCkuWun+ePvuOAgk5JS0XjgIBEWU5BTU8gRlJFRe+8iFRE77yJ4pagMzQzOTM4XzEwLUJbMTMuMC0xNi4wY21dIOOAkOOCreODg+OCuuOAgOmdtOOAgOOBj+OBpOOAgOOCr+ODhOOAgOOCueODi+ODvOOCq+ODvOOAgOWtkOS+m+OAgOWtkOOBqeOCguOAgOmBi+WLlemdtOOAgOmAmuWckuOAgOWFpeWckuOAgOmAmuWtpuOAgOODgOOCpOODiuODouODleODquODvOOAgOODiuOCpOOCrSDjgJHilqA4MDAxMzgy44CQ5a6a55Wq4peO44CR44CQNTQwMOWGhuS7peS4iuOBp+mAgeaWmeeEoeaWmeOAkeOAkDAyUDAzRGVjMTbjgJHjgJBQNkZX44CR[rn]
14-157852,aHR0cDovL3RzaG9wLnIxMHMuanAvbWFydW1peWEtd29ybGQvY2FiaW5ldC8wMjMvODAwMTUwNl8wMS5qcGc/Zml0aW49NzAwOjcwMA==,NDgwMC4wMDAw,,44Kt44OD44K644O744OZ44OT44O844O744Oe44K/44OL44OG44KjID4g44Kt44OD44K6ID4g6Z20ID4g44K544OL44O844Kr44O8,4piFQ09OVkVSU0UgQ0hJTEQgQUxMIFNUQVIgTiBNSUNLRVkgTU9VU0XilqAzQ0s2MzktS1sxNS4wY20tMTguMGNtXeOAkOOCreODg+OCuuOAgOmdtOOAgOOBj+OBpOOAgOOCr+ODhOOAgOOCueODi+ODvOOCq+ODvOOAgOOCs+ODs+ODkOODvOOCueOCquODvOODq+OCueOCv+ODvOOAgOODn+ODg+OCreODvOOAgOWtkOS+m+OAgOWtkOOBqeOCguOAgOOCs+ODs+ODkOODvOOCuSBEWUMg44CR4pagODAwMTUwNuOAkDU0MDDlhobku6XkuIrjgafpgIHmlpnnhKHmlpnjgJE=,,4peG4peGPGJyPgo8IS0tIFNVTUFPVSHmjL/lhaXnrofmiYDjgIDnt6jpm4bnpoHmraIgLS0+CjxjZW50ZXI+PGltZyBzcmM9Imh0dHBzOi8vd3d3LnJha3V0ZW4ubmUuanAvZ29sZC9tYXJ1bWl5YS13b3JsZC9zbXAvaW1hZ2VzL2l0ZW0vc3VtYW91X21hcnVtaXlhLXdvcmxkXzEwMDQxNjMyLmpwZz8xNDkyMjE5NjI1IiB3aWR0aD0iMTAwJSI+PC9jZW50ZXI+CjwhLS0gU1VNQU9VIeaMv+WFpeeuh+aJgOOAgOe3qOmbhuemgeatouOBk+OBk+OBvuOBpyAtLT4KPGJyPjxicj4K44Ki44Oh44Oq44Kr55Sf44G+44KM44Gu5Lq65rCX44Kt44Oj44Op44Kv44K/44O844CB44Of44OD44Kt44O844Oe44Km44K544KS44CB6Imy44CF44Gq44Od44O844K644Gn44Ki44OD44OR44O85YWo5L2T44Gr44OX44Oq44Oz44OI44GX44Gf44Oi44OH44Or44CCIOaMgeOBoeaJi+OBruWkp+OBjeOBhOODleOCoeOCueODiuODvOOChOOAgeOBpOOBvuOBv+OChOOBmeOBhOW6g+OCgeOBrui4teODhuODvOODl+OBp+iEseOBjuWxpeOBjeOBl+OChOOBmeOBhOS7leanmOOBqOOBquOBo+OBpuOBiuOCiuOAgeOCouOCpuODiOOCveODvOODq+OBruOBl+OBquOChOOBi+OBquODqeODkOODvOOBq+OAgei4temDqOWIhuOBq+OBr+ODnOODvOODieOCkuWGheiUteOBl+OAgei2s+OBruabsuOBjOOCi+S9jee9ruOBp+OBl+OBo+OBi+OCiuWxiOabsuOBmeOCi+OCveODvOODq+ioreioiOOBqOOBquOBo+OBpuOBhOOCi+OAgiDjgqvjg4Pjg5fjgqTjg7Pjgr3jg7zjg6vjgavjga/jgrXjgqTjgrrlpInmm7Tjga7nm67lronjgYzliIbjgYvjgovjg5XjgqPjg4Pjg4bjgqPjg7PjgrDjg4Hjgqfjg4Pjgqvjg7zjgYzku5jjgYTjgabjgYTjgb7jgZnjgIIg44Kq44Oq44K444OK44Or44K/44Kw44CB44Kr44O844OI44Oz44CB44Op44Kk44K544Oa44O844OR44O85LuV5qeY44CCIDxicj7igLvjg6Hjg7zjg6vkvr/kuI3lj688YnI+Cue0oOadkO+8muOCreODo+ODs+ODkOOCuTxicj4K4oC755Kw5aKD44Gr44KI44KK44CB5aSa5bCR6Imy5ZCI44GE44GM55Ww44Gq44KL5aC05ZCI44GM44GU44GW44GE44G+44GZ44GM44CB44GU5LqG5om/44Gu5LiK44GU5rOo5paH44GK6aGY44GE6Ie044GX44G+44GZ44CCPGJyPjxicj4KPGJyPuKAu+ODoeODvOOCq+ODvOW4jOacm+Wwj+WjsuS+oeagvOOBr+ODoeODvOOCq+ODvOWVhuWTgeOCv+OCsOOBq+WfuuOBpeOBhOOBpuaOsui8ieOBl+OBpuOBhOOBvuOBmeOAgjxicj7igLvmnKzllYblk4Hjga/jgZTms6jmlofjgr/jgqTjg5/jg7PjgrDjgoTjgZTms6jmloflhoXlrrnjgavjgojjgaPjgabjga/jgIHos7zlhaXlsaXmrbTjgYvjgonjga7jgZTms6jmlofjgq3jg6Pjg7Pjgrvjg6vjgIHkv67mraPjgpLlj5fjgZHku5jjgZHjgovjgZPjgajjgYzjgafjgY3jgarjgYTloLTlkIjjgYzjgZTjgZbjgYTjgb7jgZnjgII8QlI+CjxCUj7ku5bjga5DT05WRVJTReOCouOCpOODhuODoOOBr+OBk+OBoeOCie+8gQ==,4piFQ09OVkVSU0UgQ0hJTEQgQUxMIFNUQVIgTiBNSUNLRVkgTU9VU0XilqAzQ0s2MzktS1sxNS4wY20tMTguMGNtXeOAkOOCreODg+OCuuOAgOmdtOOAgOOBj+OBpOOAgOOCr+ODhOOAgOOCueODi+ODvOOCq+ODvOOAgOOCs+ODs+ODkOODvOOCueOCquODvOODq+OCueOCv+ODvOOAgOODn+ODg+OCreODvOOAgOWtkOS+m+OAgOWtkOOBqeOCguOAgOOCs+ODs+ODkOODvOOCuSBEWUMg44CR4pagODAwMTUwNuOAkDU0MDDlhobku6XkuIrjgafpgIHmlpnnhKHmlpnjgJHvvJrjg57jg6vjg5/jg6Tjg6/jg7zjg6vjg4k=,6YCa5L+h6LKp5aOy6YCa6LKp44K344On44OD44OU44Oz44Kw44Kq44Oz44Op44Kk44Oz44K344On44OD44OU44Oz44Kw6LK344GE54mp44OX44Os44K844Oz44OI44Ku44OV44OI6LSI44KK54mp6LSI562U5ZOB44GK5Lit5YWD44GK5q2z5pqu44GK6LK344GE5b6X44Oe44Or44Of44Ok44Ov44O844Or44OJ44Oe44Or44Of44Ok44Ov44O844Or44OJ6LK344GE54mp44K344On44OD44OU44Oz44Kw5qW944GX44G/bWFydW1peWFtYXJ1bWl5YSB3b3JsZHdvcmxk5LiL552A5a+d5YW3576O5a655YGl5bq344Ku44OV44OI5a2j56+A5ZOB6ZuR6LKo5pW344GN44OR44OD44OJ44Of44Op44Kv44Or44OV44Or44O844OE5pW354mp5p6V4piFQ09OVkVSU0UgQ0hJTEQgQUxMIFNUQVIgTiBNSUNLRVkgTU9VU0XilqAzQ0s2MzktS1sxNS4wY20tMTguMGNtXeOAkOOCreODg+OCuuOAgOmdtOOAgOOBj+OBpOOAgOOCr+ODhOOAgOOCueODi+ODvOOCq+ODvOOAgOOCs+ODs+ODkOODvOOCueOCquODvOODq+OCueOCv+ODvOOAgOODn+ODg+OCreODvOOAgOWtkOS+m+OAgOWtkOOBqeOCguOAgOOCs+ODs+ODkOODvOOCuSBEWUMg44CR4pagODAwMTUwNuOAkDU0MDDlhobku6XkuIrjgafpgIHmlpnnhKHmlpnjgJE=,44CQMjAxN+aYpeWkj+aWsOS9nOOAkeOAkOmAgeaWmeeEoeaWmeOAkeODn+ODg+OCreODvOOBjOWFqOS9k+OBq+ODl+ODquODs+ODiOOAguKYhUNPTlZFUlNFIENISUxEIEFMTCBTVEFSIE4gTUlDS0VZIE1PVVNF4pagM0NLNjM5LUtbMTUuMGNtLTE4LjBjbV3jgJDjgq3jg4PjgrrjgIDpnbTjgIDjgY/jgaTjgIDjgq/jg4TjgIDjgrnjg4vjg7zjgqvjg7zjgIDjgrPjg7Pjg5Djg7zjgrnjgqrjg7zjg6vjgrnjgr/jg7zjgIDjg5/jg4Pjgq3jg7zjgIDlrZDkvpvjgIDlrZDjganjgoLjgIDjgrPjg7Pjg5Djg7zjgrkgRFlDIOOAkeKWoDgwMDE1MDbjgJA1NDAw5YaG5Lul5LiK44Gn6YCB5paZ54Sh5paZ44CR[rn]
14-157853,aHR0cDovL3RzaG9wLnIxMHMuanAvbWFydW1peWEtd29ybGQvY2FiaW5ldC8wMjMvODAwMTUwNV8wMS5qcGc/Zml0aW49NzAwOjcwMA==,NDE2MC4wMDAw,,44Kt44OD44K644O744OZ44OT44O844O744Oe44K/44OL44OG44KjID4g44Kt44OD44K6ID4g6Z20ID4g44K544OL44O844Kr44O8,bmV3IGJhbGFuY2XjgIBLMTUwU+KWoEsxNTBTLUnvvLsxNC4wY23vvZ4xOC4wY23vvL3jgJDjgq3jg4PjgrrvvIbjg5njg5Pjg7zjgIDpnbTjgIDjgY/jgaTjgIDjgq/jg4TjgIDjgrnjg4vjg7zjgqvjg7zjgIDlrZDkvpvjgIDlrZDjganjgoLjgIDjg4vjg6Xjg7zjg5Djg6njg7Pjgrkg44CR4pagODAwMTUwNeOAkDU0MDDlhobku6XkuIrjgafpgIHmlpnnhKHmlpnjgJE=,,4peG4peGPGJyPgo8IS0tIFNVTUFPVSHmjL/lhaXnrofmiYDjgIDnt6jpm4bnpoHmraIgLS0+CjxjZW50ZXI+PGltZyBzcmM9Imh0dHBzOi8vd3d3LnJha3V0ZW4ubmUuanAvZ29sZC9tYXJ1bWl5YS13b3JsZC9zbXAvaW1hZ2VzL2l0ZW0vc3VtYW91X21hcnVtaXlhLXdvcmxkXzEwMDQxNjMxLmpwZz8xNDkyMjE5OTg4IiB3aWR0aD0iMTAwJSI+PC9jZW50ZXI+CjwhLS0gU1VNQU9VIeaMv+WFpeeuh+aJgOOAgOe3qOmbhuemgeatouOBk+OBk+OBvuOBpyAtLT4KPGJyPjxicj4K5Lq65rCX44Gu44Op44Oz44OL44Oz44Kw44Oi44OH44Or4oCcVkFaRUUgQ09BU1TigJ3jgpLjg4fjgrbjgqTjg7Pjg5njg7zjgrnjgavjgIHohLHjgY7lsaXjgY3jgZfjgoTjgZnjgYTjgrnjg6rjg4Pjg53jg7Pjgrnjgr/jgqTjg6vjgafmj5DmoYjjgZnjgovjgq3jg4Pjgrrjg6Ljg4fjg6vjgIxLMTUwU+OAjeOBq+OAgeODqeODs+ODi+ODs+OCsOOBr+OCguOBoeOCjeOCk+OAgeODh+OCpOODquODvOOBq+OCguODleOCo+ODg+ODiOOBmeOCi+OCq+OCuOODpeOCouODq+ODhuOCpOOCueODiOOBque0oOadkOOBqOOCq+ODqeODvOOBp+a8lOWHuuOBl+OBn+ODi+ODpeODvOOCq+ODqeODvOOBjOeZu+WgtOOAgui4teOCkueri+OBpuOBpuOBl+OBo+OBi+OCiuOBqOWxpeOBj+S6i+OCguOAgeaKmOOCiueVs+OCk+OBp+OCteODs+ODgOODq+OBruOCiOOBhuOBq+WxpeOBj+OBk+OBqOOCguOBp+OBjeOCi+S+v+WIqeOBquS7leanmOOBq+WKoOOBiOOAgeOCr+ODg+OCt+ODp+ODs+aAp+OBq+WEquOCjOOCi0MtQ0FQ44Of44OD44OJ44K944O844Or44GM5YWD5rCX44Gq5a2Q44Gp44KC44Gf44Gh44Gu5q+O5pel44KS44GX44Gj44GL44KK44Go44K144Od44O844OI44GX44G+44GZ44CCIDxicj7igLvjg6Hjg7zjg6vkvr/kuI3lj688YnI+CuKXj+OCouODg+ODkeODvOe0oOadkDxicj4K44K344Oz44K744OG44Kj44OD44Kv44Os44K244O8L+ODoeODg+OCt+ODpTxicj4K4peP44K944O844Or57Sg5p2QPGJyPgrjgr3jg6rjg4Pjg4njg6njg5Djg7w8YnI+CuKAu+eSsOWig+OBq+OCiOOCiuOAgeWkmuWwkeiJsuWQiOOBhOOBjOeVsOOBquOCi+WgtOWQiOOBjOOBlOOBluOBhOOBvuOBmeOBjOOAgeOBlOS6huaJv+OBruS4iuOBlOazqOaWh+OBiumhmOOBhOiHtOOBl+OBvuOBmeOAgjxicj4K4oC744Oh44O844Kr44O85biM5pyb5bCP5aOy5L6h5qC844Gv44Oh44O844Kr44O85ZWG5ZOB44K/44Kw44Gr5Z+644Gl44GE44Gm5o6y6LyJ44GX44Gm44GE44G+44GZ44CCPGJyPuKAu+acrOWVhuWTgeOBr+OBlOazqOaWh+OCv+OCpOODn+ODs+OCsOOChOOBlOazqOaWh+WGheWuueOBq+OCiOOBo+OBpuOBr+OAgeizvOWFpeWxpeattOOBi+OCieOBruOBlOazqOaWh+OCreODo+ODs+OCu+ODq+OAgeS/ruato+OCkuWPl+OBkeS7mOOBkeOCi+OBk+OBqOOBjOOBp+OBjeOBquOBhOWgtOWQiOOBjOOBlOOBluOBhOOBvuOBmeOAggoKPEJSPuS7luOBrm5ldyBiYWxhbmNl44Ki44Kk44OG44Og44Gv44GT44Gh44KJ77yB,bmV3IGJhbGFuY2XjgIBLMTUwU+KWoEsxNTBTLUnvvLsxNC4wY23vvZ4xOC4wY23vvL3jgJDjgq3jg4PjgrrvvIbjg5njg5Pjg7zjgIDpnbTjgIDjgY/jgaTjgIDjgq/jg4TjgIDjgrnjg4vjg7zjgqvjg7zjgIDlrZDkvpvjgIDlrZDjganjgoLjgIDjg4vjg6Xjg7zjg5Djg6njg7Pjgrkg44CR4pagODAwMTUwNeOAkDU0MDDlhobku6XkuIrjgafpgIHmlpnnhKHmlpnjgJHvvJrjg57jg6vjg5/jg6Tjg6/jg7zjg6vjg4k=,6YCa5L+h6LKp5aOy6YCa6LKp44K344On44OD44OU44Oz44Kw44Kq44Oz44Op44Kk44Oz44K344On44OD44OU44Oz44Kw6LK344GE54mp44OX44Os44K844Oz44OI44Ku44OV44OI6LSI44KK54mp6LSI562U5ZOB44GK5Lit5YWD44GK5q2z5pqu44GK6LK344GE5b6X44Oe44Or44Of44Ok44Ov44O844Or44OJ44Oe44Or44Of44Ok44Ov44O844Or44OJ6LK344GE54mp44K344On44OD44OU44Oz44Kw5qW944GX44G/bWFydW1peWFtYXJ1bWl5YSB3b3JsZHdvcmxk5LiL552A5a+d5YW3576O5a655YGl5bq344Ku44OV44OI5a2j56+A5ZOB6ZuR6LKo5pW344GN44OR44OD44OJ44Of44Op44Kv44Or44OV44Or44O844OE5pW354mp5p6VbmV3IGJhbGFuY2XjgIBLMTUwU+KWoEsxNTBTLUnvvLsxNC4wY23vvZ4xOC4wY23vvL3jgJDjgq3jg4PjgrrvvIbjg5njg5Pjg7zjgIDpnbTjgIDjgY/jgaTjgIDjgq/jg4TjgIDjgrnjg4vjg7zjgqvjg7zjgIDlrZDkvpvjgIDlrZDjganjgoLjgIDjg4vjg6Xjg7zjg5Djg6njg7Pjgrkg44CR4pagODAwMTUwNeOAkDU0MDDlhobku6XkuIrjgafpgIHmlpnnhKHmlpnjgJE=,44CQMjAxN+aYpeWkj+aWsOS9nOOAkeOAkOmAgeaWmeeEoeaWmeOAkeWFg+awl+OBquWtkOOBqeOCguOBn+OBoeOBruavjuaXpeOCkuODneODvOODiOOAgm5ldyBiYWxhbmNl44CASzE1MFPilqBLMTUwUy1J77y7MTQuMGNt772eMTguMGNt77y944CQ44Kt44OD44K677yG44OZ44OT44O844CA6Z2044CA44GP44Gk44CA44Kv44OE44CA44K544OL44O844Kr44O844CA5a2Q5L6b44CA5a2Q44Gp44KC44CA44OL44Ol44O844OQ44Op44Oz44K5IOOAkeKWoDgwMDE1MDXjgJA1NDAw5YaG5Lul5LiK44Gn6YCB5paZ54Sh5paZ44CR[rn]
14-157854,aHR0cDovL3RzaG9wLnIxMHMuanAvbWFydW1peWEtd29ybGQvY2FiaW5ldC8wMjIvODAwMTQ4NF8wMS5qcGc/Zml0aW49NzAwOjcwMA==,NTIwMC4wMDAw,,44Kt44OD44K644O744OZ44OT44O844O744Oe44K/44OL44OG44KjID4g44Kt44OD44K6ID4g6Z20ID4g44K544OL44O844Kr44O8,VEhFIE5PUlRIIEZBQ0XjgIBLIFVsdHJhIExvdyAv44Kt44OD44K644CA44Km44Or44OI44Op44CA44Ot44O844CA4pagTkZKNTE3NDEtMlAtUuOAkOOCreODg+OCuuOAgOOCr+ODhOOAgOmdtOOAgOOBj+OBpOOAgOOCueODi+ODvOOCq+ODvOOAgOWFpeWckuOAgOWFpeWtpuOAgOmAmuWckuOAgOmAmuWtpuOAgOeUt+OBruWtkOOAgOWtkOS+m+OAgOOBk+OBqeOCguOAgOWtkOOBqeOCguOAgOODjuODvOOCueODleOCp+OCpOOCuSDjgJHilqA4MDAxNDg044CQNTQwMOWGhuS7peS4iuOBp+mAgeaWmeeEoeaWmeOAkQ==,,4peG4peGPGJyPgo8IS0tIFNVTUFPVSHmjL/lhaXnrofmiYDjgIDnt6jpm4bnpoHmraIgLS0+CjxjZW50ZXI+PGltZyBzcmM9Imh0dHBzOi8vd3d3LnJha3V0ZW4ubmUuanAvZ29sZC9tYXJ1bWl5YS13b3JsZC9zbXAvaW1hZ2VzL2l0ZW0vc3VtYW91X21hcnVtaXlhLXdvcmxkXzEwMDQxMTg4LmpwZz8xNDg5NjM1NjU2IiB3aWR0aD0iMTAwJSI+PC9jZW50ZXI+CjwhLS0gU1VNQU9VIeaMv+WFpeeuh+aJgOOAgOe3qOmbhuemgeatouOBk+OBk+OBvuOBpyAtLT4KPGJyPjxicj4K44K244O744OO44O844K544OV44Kn44Kk44K544GL44KJ5bGl44GN5b+D5Zyw44OQ44OE44Kw44Oz44Gu44Kt44OD44K644Km44Or44OI44Op44Ot44O8IElJIOOBjOWFpeiNt+OBl+OBvuOBl+OBn+OAguOCueODi+ODvOOCq+ODvOOBqOOCveODg+OCr+OCueOBjOiejeWQiOOBl+OBn+OCiOOBhuOBquOAgeODquODqeODg+OCr+OCueOCt+ODpeODvOOCuuOAguOCouODg+ODkeODvOOCkuOCt+ODvOODoOODrOOCueOBruODi+ODg+ODiOe0oOadkOOBp+W9ouaIkOOBl+OAgeOCqOODqeOCueODhuOCo+ODg+OCr+ODkOODs+ODieOBp+ODm+ODvOODq+ODieOBmeOCi+OCt+ODs+ODl+ODq+OBquani+mAoOOBquOBjOOCieOAgeWFqOWKm+eWvui1sOOBq+OCguWvvuW/nOOBmeOCi+WuieWumuaEn+OCkuaMgeOBoeWQiOOCj+OBm+OBpuOBhOOBvuOBmeOAgjxicj7igLvjg6Hjg7zjg6vkvr/kuI3lj688YnI+44Ki44OD44OR44O877ya5ZCI5oiQ57mK57at44CB5ZCI5oiQ5qi56ISCCuOCveODvOODq++8muOCtOODoOW6lTxicj4K4oC75ZWG5ZOB44Gr44KI44KK5aSa5bCR44Gu6Kqk5beu44Gv44GC44KK44G+44GZ44CCPEJSPgrigLvnnYDkuIjjga/lvozjgo3opZ/jgZDjgorjga7kuK3lv4PjgYvjgonoo77jgb7jgafvvIjopZ/jga7pq5jjgZXjgpLlkKvjgb7jgZroqIjmuKzvvInjga7lr7jms5XjgafjgZnjgII8QlI+CuKAu+eSsOWig+OBq+OCiOOCiuOAgeWkmuWwkeiJsuWQiOOBhOOBjOeVsOOBquOCi+WgtOWQiOOBjOOBlOOBluOBhOOBvuOBmeOBjOOAgeOBlOS6huaJv+OBruS4iuOBlOazqOaWh+OBiumhmOOBhOiHtOOBl+OBvuOBmeOAggo8YnI+PGJyPuKAu+ODoeODvOOCq+ODvOW4jOacm+Wwj+WjsuS+oeagvOOBr+ODoeODvOOCq+ODvOWVhuWTgeOCv+OCsOOBq+WfuuOBpeOBhOOBpuaOsui8ieOBl+OBpuOBhOOBvuOBmeOAggo8QlI+5LuW44GuVEhFIE5PUlRIIEZBQ0XjgqLjgqTjg4bjg6Djga/jgZPjgaHjgonvvIE8YnI+CjxCUj48SU1HIHNyYz0iaHR0cDovL2ltYWdlLnJha3V0ZW4uY28uanAvbWFydW1peWEtd29ybGQvY2FiaW5ldC9wb2ludF91cDEwXzA4LzIwMTZfc291cnlvdTAyLmdpZiIgYm9yZGVyPSIwIiB3aWR0aD0iMTAwJSI+PEJSPg==,VEhFIE5PUlRIIEZBQ0XjgIBLIFVsdHJhIExvdyAv44Kt44OD44K644CA44Km44Or44OI44Op44CA44Ot44O844CA4pagTkZKNTE3NDEtMlAtUuOAkOOCreODg+OCuuOAgOOCr+ODhOOAgOmdtOOAgOOBj+OBpOOAgOOCueODi+ODvOOCq+ODvOOAgOWFpeWckuOAgOWFpeWtpuOAgOmAmuWckuOAgOmAmuWtpuOAgOeUt+OBruWtkOOAgOWtkOS+m+OAgOOBk+OBqeOCguOAgOWtkOOBqeOCguOAgOODjuODvOOCueODleOCp+OCpOOCuSDjgJHilqA4MDAxNDg044CQNTQwMOWGhuS7peS4iuOBp+mAgeaWmeeEoeaWmeOAke+8muODnuODq+ODn+ODpOODr+ODvOODq+ODiQ==,6YCa5L+h6LKp5aOy6YCa6LKp44K344On44OD44OU44Oz44Kw44Kq44Oz44Op44Kk44Oz44K344On44OD44OU44Oz44Kw6LK344GE54mp44OX44Os44K844Oz44OI44Ku44OV44OI6LSI44KK54mp6LSI562U5ZOB44GK5Lit5YWD44GK5q2z5pqu44GK6LK344GE5b6X44Oe44Or44Of44Ok44Ov44O844Or44OJ44Oe44Or44Of44Ok44Ov44O844Or44OJ6LK344GE54mp44K344On44OD44OU44Oz44Kw5qW944GX44G/bWFydW1peWFtYXJ1bWl5YSB3b3JsZHdvcmxk5LiL552A5a+d5YW3576O5a655YGl5bq344Ku44OV44OI5a2j56+A5ZOB6ZuR6LKo5pW344GN44OR44OD44OJ44Of44Op44Kv44Or44OV44Or44O844OE5pW354mp5p6VVEhFIE5PUlRIIEZBQ0XjgIBLIFVsdHJhIExvdyAv44Kt44OD44K644CA44Km44Or44OI44Op44CA44Ot44O844CA4pagTkZKNTE3NDEtMlAtUuOAkOOCreODg+OCuuOAgOOCr+ODhOOAgOmdtOOAgOOBj+OBpOOAgOOCueODi+ODvOOCq+ODvOOAgOWFpeWckuOAgOWFpeWtpuOAgOmAmuWckuOAgOmAmuWtpuOAgOeUt+OBruWtkOOAgOWtkOS+m+OAgOOBk+OBqeOCguOAgOWtkOOBqeOCguOAgOODjuODvOOCueODleOCp+OCpOOCuSDjgJHilqA4MDAxNDg044CQNTQwMOWGhuS7peS4iuOBp+mAgeaWmeeEoeaWmeOAkQ==,44CQMjAxN+aYpeWkj+aWsOS9nOOAkeOAkOmAgeaWmeeEoeaWmeOAkeWFqOWKm+eWvui1sOOBq+OCguWvvuW/nOOBmeOCi+WuieWumuaEn+OAglRIRSBOT1JUSCBGQUNF44CASyBVbHRyYSBMb3cgL+OCreODg+OCuuOAgOOCpuODq+ODiOODqeOAgOODreODvOOAgOKWoE5GSjUxNzQxLTJQLVLjgJDjgq3jg4PjgrrjgIDjgq/jg4TjgIDpnbTjgIDjgY/jgaTjgIDjgrnjg4vjg7zjgqvjg7zjgIDlhaXlnJLjgIDlhaXlrabjgIDpgJrlnJLjgIDpgJrlrabjgIDnlLfjga7lrZDjgIDlrZDkvpvjgIDjgZPjganjgoLjgIDlrZDjganjgoLjgIDjg47jg7zjgrnjg5XjgqfjgqTjgrkg44CR4pagODAwMTQ4NOOAkDU0MDDlhobku6XkuIrjgafpgIHmlpnnhKHmlpnjgJE=[rn]
14-157855,aHR0cDovL3RzaG9wLnIxMHMuanAvbWFydW1peWEtd29ybGQvY2FiaW5ldC84XzAxLzgwMDA3MThfMDEuanBnP2ZpdGluPTcwMDo3MDA=,NDU2MC4wMDAw,,44Kt44OD44K644O744OZ44OT44O844O744Oe44K/44OL44OG44KjID4g44Kt44OD44K6ID4g6Z20ID4g44K544OL44O844Kr44O8,VEhFIE5PUlRIIEZBQ0XjgIAgVG9kZGxlckFwcHJvYWNoU25lYWtlci/jg4jjg4njg6njg7zjgqLjg5fjg63jg7zjg4Hjgrnjg4vjg7zjgqvjg7zvvIgxMi41772eMTQuNWNt77yJ4pagTkZKNTEyOTHjgJDjgIDjg5njg5Pjg7zjgIDpnbTjgIDjgY/jgaTjgIDjgq/jg4TjgIDjg5bjg7zjg4TjgIDjgqLjgqbjg4jjg4njgqLjgIDjgrYg44OO44O844K544OV44Kn44Kk44K544CR4pagODAwMDcxOOOAkDU0MDDlhobku6XkuIrjgafpgIHmlpnnhKHmlpnjgJHjgJDmpb3jgq7jg5Vf5YyF6KOF44CRZnMzZ23jgJAwMlAwM0RlYzE244CR,,44OB44Oj44Kk44Or44OJ44Kt44Oj44Oq44Ki44Gr6IOM6LKg44KP44KM44Gm44GE44Gm44KC44CB44Gd44KM44KC55m75bGxCuOCiOOBoeOCiOOBoeatqeOBjeOBruOBiuWtkOOBleOBvuOBq+OCguOBvuOBmuOBr+eZu+WxseiAheOBruagvOWlveOBi+OCieOBleOBm+OBpuOBguOBkuOBpuOBj+OBoOOBleOBhOOAgjxicj4K5LyR5oap5aC05omA44Gn5b2877yI5b285aWz77yJ44KJ44Gq44KK44Gu5aSn5YaS6Zm644Gr44KC44GN44Gj44Go5b2556uL44Gk44Gv44Ga44Gn44GZ44CCPGJyPgrkvLjnuK7mgKfjgavlr4zjgpPjgaDjgrTjg6Djgrfjg6Xjg7zjg6zjg7zjgrnjgpLmjqHnlKjjgZfjgIHotrPjgbjjga7jg5XjgqPjg4Pjg4jmgKfjgajpq5jjgoHjgabjgYTjgb7jgZnjgII8YnI+CuOBvuOBn+OAgeWxpeOBjeWPo+mDqOWIhuOBr+ODmeODq+OCr+ODreOCueODiOODqeODg+ODl+OCkuS9v+eUqOOBmeOCi+OBk+OBqOOBp+OAgeedgOiEseOCkuWuueaYk+OBq+OBl+OBpuOBhOOBvuOBmeOAgjxicj4KCuKAu+ODoeODvOODq+S+v+S4jeWPrzxicj4K4pag44Ki44OD44OR44O877ya44Kz44OD44OI44Oz44Kt44Oj44Oz44OQ44K544CB44OZ44Or44Kv44Ot44K544OI44Op44OD44OXPGJyPgrjg5zjg4jjg6DvvJrjg6njg5Djg7zjgqLjgqbjg4jjgr3jg7zjg6s8YnI+CuKAu+eSsOWig+OBq+OCiOOCiuOAgeWkmuWwkeiJsuWQiOOBhOOBjOeVsOOBquOCi+WgtOWQiOOBjOOBlOOBluOBhOOBvuOBmeOBjOOAgeOBlOS6huaJv+OBruS4iuOBlOazqOaWh+OBiumhmOOBhOiHtOOBl+OBvuOBmeOAgg==,VEhFIE5PUlRIIEZBQ0XjgIAgVG9kZGxlckFwcHJvYWNoU25lYWtlci/jg4jjg4njg6njg7zjgqLjg5fjg63jg7zjg4Hjgrnjg4vjg7zjgqvjg7zvvIgxMi41772eMTQuNWNt77yJ4pagTkZKNTEyOTHjgJDjgIDjg5njg5Pjg7zjgIDpnbTjgIDjgY/jgaTjgIDjgq/jg4TjgIDjg5bjg7zjg4TjgIDjgqLjgqbjg4jjg4njgqLjgIDjgrYg44OO44O844K544OV44Kn44Kk44K544CR4pagODAwMDcxOOOAkDU0MDDlhobku6XkuIrjgafpgIHmlpnnhKHmlpnjgJHjgJDmpb3jgq7jg5Vf5YyF6KOF44CRZnMzZ23jgJAwMlAwM0RlYzE244CR77ya44Oe44Or44Of44Ok44Ov44O844Or44OJ,6YCa5L+h6LKp5aOy6YCa6LKp44K344On44OD44OU44Oz44Kw44Kq44Oz44Op44Kk44Oz44K344On44OD44OU44Oz44Kw6LK344GE54mp44OX44Os44K844Oz44OI44Ku44OV44OI6LSI44KK54mp6LSI562U5ZOB44GK5Lit5YWD44GK5q2z5pqu44GK6LK344GE5b6X44Oe44Or44Of44Ok44Ov44O844Or44OJ44Oe44Or44Of44Ok44Ov44O844Or44OJ6LK344GE54mp44K344On44OD44OU44Oz44Kw5qW944GX44G/bWFydW1peWFtYXJ1bWl5YSB3b3JsZHdvcmxk5LiL552A5a+d5YW3576O5a655YGl5bq344Ku44OV44OI5a2j56+A5ZOB6ZuR6LKo5pW344GN44OR44OD44OJ44Of44Op44Kv44Or44OV44Or44O844OE5pW354mp5p6VVEhFIE5PUlRIIEZBQ0XjgIAgVG9kZGxlckFwcHJvYWNoU25lYWtlci/jg4jjg4njg6njg7zjgqLjg5fjg63jg7zjg4Hjgrnjg4vjg7zjgqvjg7zvvIgxMi41772eMTQuNWNt77yJ4pagTkZKNTEyOTHjgJDjgIDjg5njg5Pjg7zjgIDpnbTjgIDjgY/jgaTjgIDjgq/jg4TjgIDjg5bjg7zjg4TjgIDjgqLjgqbjg4jjg4njgqLjgIDjgrYg44OO44O844K544OV44Kn44Kk44K544CR4pagODAwMDcxOOOAkDU0MDDlhobku6XkuIrjgafpgIHmlpnnhKHmlpnjgJHjgJDmpb3jgq7jg5Vf5YyF6KOF44CRZnMzZ23jgJAwMlAwM0RlYzE244CR,44CQ6YCB5paZ54Sh5paZ44CR6Laz44G444Gu44OV44Kj44OD44OI5oCn44Go6auY44KB44Gm44GE44G+44GZ4peO44CCVEhFIE5PUlRIIEZBQ0XjgIAgVG9kZGxlckFwcHJvYWNoU25lYWtlci/jg4jjg4njg6njg7zjgqLjg5fjg63jg7zjg4Hjgrnjg4vjg7zjgqvjg7zvvIgxMi41772eMTQuNWNt77yJ4pagTkZKNTEyOTHjgJDjgIDjg5njg5Pjg7zjgIDpnbTjgIDjgY/jgaTjgIDjgq/jg4TjgIDjg5bjg7zjg4TjgIDjgqLjgqbjg4jjg4njgqLjgIDjgrYg44OO44O844K544OV44Kn44Kk44K544CR4pagODAwMDcxOOOAkDU0MDDlhobku6XkuIrjgafpgIHmlpnnhKHmlpnjgJHjgJDmpb3jgq7jg5Vf5YyF6KOF44CRZnMzZ23jgJAwMlAwM0RlYzE244CR[rn]
14-157856,aHR0cDovL3RzaG9wLnIxMHMuanAvbWFydW1peWEtd29ybGQvY2FiaW5ldC8wMDEvODAwMTA5MV8wMS5qcGc/Zml0aW49NzAwOjcwMA==,MTE2MC4wMDAw,,44Kt44OD44K644O744OZ44OT44O844O744Oe44K/44OL44OG44KjID4g44Kt44OD44K6ID4g6Z20ID4g44K544OL44O844Kr44O8,YW1wZXJzYW5kIOOAgOOCteOCpOODieOCtOOCouODluODvOODhOKWoEw0NDgwMTRfTDQ0ODAzNC1NSURbMTMuMGNtLTIxLjBjbV0g44CQ44Kt44OD44K677yG44OZ44OT44O877yG44K444Ol44OL44Ki44CA6Z2044CA44GP44Gk44CA6Ziy5a+S44CA44Ki44Oz44OR44K144Oz44OJ44CR4pagODAwMTA5MeOAkDU0MDDlhobku6XkuIrjgafpgIHmlpnnhKHmlpnjgJHjgJBTQUxFc2FsZeOCu+ODvOODq+ODkOODvOOCsuODs+OAkeOAkEY0QuOAkeOAkEY0Q+OAkeOAkFNTX0tP44CR44CQMDJQMDNEZWMxNuOAkQ==,,PElNRyBzcmM9Imh0dHA6Ly9pbWFnZS5yYWt1dGVuLmNvLmpwL21hcnVtaXlhLXdvcmxkL2NhYmluZXQvY2F0ZWdvcnliYW5uZXIvc2FsZV9taW5pMDEuZ2lmIiBib3JkZXI9IjAiPjxCUj48QlI+PGJyPgoKCuS6uuawl+OBruOCteOCpOODieOCtOOCouODluODvOODhOOBjOeZu+WgtOiHtOOBl+OBvuOBl+OBnygg77y+z4nvvL4gKeKZquOBhOOBpOOCguOBruOCs+ODvOODh+OBjOOBkOOBo+OBqOWPr+aEm+OBj+OBquOBo+OBpuOBj+OCjOOBvuOBme+8vu+8vuOCtOODoOWFpeOCiuOBquOBruOBp+WxpeOBjeOChOOBmeOBleOCguKXjjxicj4KCgrigLvjgJDjgZTms6jmhI/jgJHnrrHjgYzjgarjgY/jgIHooovljIXoo4Xjga7nirbmhYvjgafjgYrlsYrjgZnjgovloLTlkIjjgYzjgZTjgZbjgYTjgb7jgZnjgILjgYLjgonjgYvjgZjjgoHjgIHjgZTkuobmib/jga7kuIrjgZTos7zlhaXjgY/jgaDjgZXjgYTjgII8YnI+PGJyPgrigLvjg6Hjg7zjg6vkvr/kuI3lj688YnI+CueUsuearuOBruS9v+eUqOadkO+8muWQiOaIkOearumdqTxicj4K5bqV5p2Q44Gu56iu6aGe77ya5ZCI5oiQ5bqVPGJyPgrigLvnkrDlooPjgavjgojjgorjgIHlpJrlsJHoibLlkIjjgYTjgYznlbDjgarjgovloLTlkIjjgYzjgZTjgZbjgYTjgb7jgZnjgYzjgIHjgZTkuobmib/jga7kuIrjgZTms6jmlofjgYrpoZjjgYToh7TjgZfjgb7jgZnjgII8YnI+Cjxicj48QlI+5LuW44GuYW1wZXJzYW5k44Ki44Kk44OG44Og44Gv44GT44Gh44KJ77yBCjxicj48YnI+4oC744Oh44O844Kr44O85biM5pyb5bCP5aOy5L6h5qC844Gv44Oh44O844Kr44O85ZWG5ZOB44K/44Kw44Gr5Z+644Gl44GE44Gm5o6y6LyJ44GX44Gm44GE44G+44GZ44CCPGJyPuKAu+acrOWVhuWTgeOBr+OBlOazqOaWh+OCv+OCpOODn+ODs+OCsOOChOOBlOazqOaWh+WGheWuueOBq+OCiOOBo+OBpuOBr+OAgeizvOWFpeWxpeattOOBi+OCieOBruOBlOazqOaWh+OCreODo+ODs+OCu+ODq+OAgeS/ruato+OCkuWPl+OBkeS7mOOBkeOCi+OBk+OBqOOBjOOBp+OBjeOBquOBhOWgtOWQiOOBjOOBlOOBluOBhOOBvuOBmeOAgg==,YW1wZXJzYW5kIOOAgOOCteOCpOODieOCtOOCouODluODvOODhOKWoEw0NDgwMTRfTDQ0ODAzNC1NSURbMTMuMGNtLTIxLjBjbV0g44CQ44Kt44OD44K677yG44OZ44OT44O877yG44K444Ol44OL44Ki44CA6Z2044CA44GP44Gk44CA6Ziy5a+S44CA44Ki44Oz44OR44K144Oz44OJ44CR4pagODAwMTA5MeOAkDU0MDDlhobku6XkuIrjgafpgIHmlpnnhKHmlpnjgJHjgJBTQUxFc2FsZeOCu+ODvOODq+ODkOODvOOCsuODs+OAkeOAkEY0QuOAkeOAkEY0Q+OAkeOAkFNTX0tP44CR44CQMDJQMDNEZWMxNuOAke+8muODnuODq+ODn+ODpOODr+ODvOODq+ODiQ==,6YCa5L+h6LKp5aOy6YCa6LKp44K344On44OD44OU44Oz44Kw44Kq44Oz44Op44Kk44Oz44K344On44OD44OU44Oz44Kw6LK344GE54mp44OX44Os44K844Oz44OI44Ku44OV44OI6LSI44KK54mp6LSI562U5ZOB44GK5Lit5YWD44GK5q2z5pqu44GK6LK344GE5b6X44Oe44Or44Of44Ok44Ov44O844Or44OJ44Oe44Or44Of44Ok44Ov44O844Or44OJ6LK344GE54mp44K344On44OD44OU44Oz44Kw5qW944GX44G/bWFydW1peWFtYXJ1bWl5YSB3b3JsZHdvcmxk5LiL552A5a+d5YW3576O5a655YGl5bq344Ku44OV44OI5a2j56+A5ZOB6ZuR6LKo5pW344GN44OR44OD44OJ44Of44Op44Kv44Or44OV44Or44O844OE5pW354mp5p6VYW1wZXJzYW5kIOOAgOOCteOCpOODieOCtOOCouODluODvOODhOKWoEw0NDgwMTRfTDQ0ODAzNC1NSURbMTMuMGNtLTIxLjBjbV0g44CQ44Kt44OD44K677yG44OZ44OT44O877yG44K444Ol44OL44Ki44CA6Z2044CA44GP44Gk44CA6Ziy5a+S44CA44Ki44Oz44OR44K144Oz44OJ44CR4pagODAwMTA5MeOAkDU0MDDlhobku6XkuIrjgafpgIHmlpnnhKHmlpnjgJHjgJBTQUxFc2FsZeOCu+ODvOODq+ODkOODvOOCsuODs+OAkeOAkEY0QuOAkeOAkEY0Q+OAkeOAkFNTX0tP44CR44CQMDJQMDNEZWMxNuOAkQ==,44CQV0lOVEVSU0FMReKYhTUw77yFT0ZG44CR44CCYW1wZXJzYW5kIOOAgOOCteOCpOODieOCtOOCouODluODvOODhOKWoEw0NDgwMTRfTDQ0ODAzNC1NSURbMTMuMGNtLTIxLjBjbV0g44CQ44Kt44OD44K677yG44OZ44OT44O877yG44K444Ol44OL44Ki44CA6Z2044CA44GP44Gk44CA6Ziy5a+S44CA44Ki44Oz44OR44K144Oz44OJ44CR4pagODAwMTA5MeOAkDU0MDDlhobku6XkuIrjgafpgIHmlpnnhKHmlpnjgJHjgJBTQUxFc2FsZeOCu+ODvOODq+ODkOODvOOCsuODs+OAkeOAkEY0QuOAkeOAkEY0Q+OAkeOAkFNTX0tP44CR44CQMDJQMDNEZWMxNuOAkQ==[rn]
14-157857,aHR0cDovL3RzaG9wLnIxMHMuanAvZ29sZGVuLXN0YXRlL2NhYmluZXQvc2hvaGluMTMvdG1jMjEwNDE1MDRtLmpwZz9maXRpbj03MDA6NzAw,MzYwMC4wMDAw,,44Kt44OD44K644O744OZ44OT44O844O744Oe44K/44OL44OG44KjID4g44Kt44OD44K6ID4g6Z20ID4g44K544OL44O844Kr44O8,44CQ5pyA5aSnMjAwMOWGhuOCr+ODvOODneODs+eZuuihjOS4rSA1LzEo5pyIKTk6NTnntYLkuobjgJHjg5Djg7Pjgrog5pif5p2h5peXIOODmeODq+OCr+ODrSDjgrnjg4vjg7zjgqvjg7wgVkFOUyBPbGQgU2tvb2wgViAwRkxLIFVTQeWbveaXlyDjgqLjg6Hjg6rjgqvlm73ml5cg5pif5p+EIOODnuOCuOODg+OCr+ODhuODvOODlyDjgrfjg6Xjg7zjgrog6Z20ICjjgq3jg4Pjgrog44OZ44OT44O877yJ,,PGZvbnQgc2l6ZT0yPgoKVkFOU+S6uuawl+OBrk9MRCBTS09P44Gu44Kt44OD44K644OQ44O844K444On44Oz44GM55m75aC044CCMuacrOOBruODmeODq+OCr+ODreOCueODiOODqeODg+ODl+OBp+iEseOBjuWxpeOBjeOCgualveOBp+OAgeOCpOODs+OCveODvOODq+OBrueoi+OCiOOBhOOCr+ODg+OCt+ODp+ODs+aAp+OCguKXjuOBiuWtkOanmOOBrui2s+WFg+OCkuWAi+aAp+ixiuOBi+OBq+a8lOWHuuOBl+OBpuOBj+OCjOOCi+S4gOi2s+OAgjEw44GL5pyI772eM+ats+OBvuOBp+OBruOCteOCpOOCuuOCkuOBlOeUqOaEj+OBhOOBn+OBl+OBpuOBiuOCiuOAgeODl+ODrOOCvOODs+ODiOOBqOOBl+OBpuOCguWkp+WkieWWnOOBsOOCjOOCi++8kei2s+OAggo8YnIgLz7jg7vjgIDlm73lhoXmraPopo/lk4E8YnIgLz4KPGhyPjxjZW50ZXI+Cjx0YWJsZSBib3JkZXI9IjEiIGFsaWduPSJjZW50ZXIiIGNlbGxzcGFjaW5nPScwJyBib3JkZXJjb2xvcj0nI2NjYyc+Cgo8dHI+Cgo8dGQgY29sc3Bhbj0iNiI+CuOAkOOCouODg+ODkeODvOOAkeOCreODo+ODs+ODkOOCuTxiciAvPuOAkOOCveODvOODq+OAkeODqeODkOODvAo8L3RkPgo8L3RyPgoKPHRyPgoKPHRkIGNvbHNwYW49IjYiPgrigLvnrrHjgavoi6XlubLjga7lsI/lgrfnrYnjgYzjgYLjgovloLTlkIjjgYzlvqHluqfjgYTjgb7jgZnjga7jgafjgIHkuojjgoHjgZTkuobmib/kuIvjgZXjgYTjgb7jgZsKPC90ZD4KPC90cj4KPHRyPgoKPHRkIGNvbHNwYW49IjYiPgrjgrfjg6Xjg7zjgrrjga7oo73ms5XkuIrjgIHmjqXnnYDliaTjga7ku5jnnYDjgoTnuKvoo73jga7jgrrjg6zjg7vmrarjgb/jgYzjgYLjgovloLTlkIjjgYzjgZTjgZbjgYTjgb7jgZnjgYzjgIHkuI3oia/lk4Hjgafjga/jgZTjgZbjgYTjgb7jgZvjgpPjga7jgafkuojjgoHjgZTkuobmib/jgY/jgaDjgZXjgYTjgII8YnIgLz4KPGJyIC8+Cjxmb250IGNvbG9yPSJyZWQiPgrjgIogMTBjbe+9njE1Y20o6KGo6KiYKSDjgIs8YnIgLz4K4oC76KGo6KiY44K144Kk44K644KI44KKMi41Y23vvZ4zLjBjbeWkp+OBjeOCgeOBruS9nOOCiuOBq+OBquOBo+OBpuOBiuOCiuOBvuOBmeOAgjxiciAvPgo8L2ZvbnQ+Cgo8L3RkPgo8L3RyPgo8dHI+Cgo8dGQgY29sc3Bhbj0iNiI+CuKAu+OBk+OBoeOCieOBruWVhuWTgeOBr+OAgeWkp+OBjeOCgeOBruS9nOOCiuOBqOOBquOBo+OBpuOBiuOCiuOBvuOBmeOAgjxiciAvPgrooajoqJjjgrXjgqTjgrrjgojjgorlsI/jgZXjgoHjga7jgrXjgqTjgrrjgpLjgYrpgbjjgbPkuIvjgZXjgYTjgII8YnIgLz48YnIgLz4KPC90ZD4KPC90cj4KPC90YWJsZT4KPGJyIC8+44CQ44Gd44Gu5LuW6Kmz57Sw44Gv44GT44Gh44KJ44GL44KJ44CRPEJSPgo8aHI+Cjx0YWJsZT48dHI+PHRkPjxpbWcgc3JjPSJodHRwOi8vd3d3LnJha3V0ZW4ubmUuanAvZ29sZC9nb2xkZW4tc3RhdGUvaW1hZ2VzL3RvcC92YW5zNy5qcGciIHdpZHRoPSIxMDAlIj48L3RkPjx0ZD48aW1nIHNyYz0iaHR0cDovL3d3dy5yYWt1dGVuLm5lLmpwL2dvbGQvZ29sZGVuLXN0YXRlL2ltYWdlcy90b3AvdmFuczUuanBnIiB3aWR0aD0iMTAwJSI+PC90ZD48L3RyPjwvdGFibGU+PGhyPuOBneOBruS7luOAkFZBTlPjgJHjga/jgZPjgaHjgoniiarjgYrmlK/miZXjg7vphY3pgIHmlrnms5XjgavjgaTjgYTjgabiias8L2NlbnRlcj48L2ZvbnQ+Cjxocj4KCjxicj48YnI+PGltZyBzcmM9Imh0dHA6Ly9pbWFnZS5yYWt1dGVuLmNvLmpwL2dvbGRlbi1zdGF0ZS9jYWJpbmV0L3Nob2hpbjAxL2JhbmEvcmV2aWV3LWNvdXBvbjMuanBnIiB3aWR0aD0iOTklIj48YnI+,44CQ5pyA5aSnMjAwMOWGhuOCr+ODvOODneODs+eZuuihjOS4rSA1LzEo5pyIKTk6NTnntYLkuobjgJHjg5Djg7Pjgrog5pif5p2h5peXIOODmeODq+OCr+ODrSDjgrnjg4vjg7zjgqvjg7wgVkFOUyBPbGQgU2tvb2wgViAwRkxLIFVTQeWbveaXlyDjgqLjg6Hjg6rjgqvlm73ml5cg5pif5p+EIOODnuOCuOODg+OCr+ODhuODvOODlyDjgrfjg6Xjg7zjgrog6Z20ICjjgq3jg4Pjgrog44OZ44OT44O877yJ77yaR29sZGVuIFN0YXRl,6YCa5L+h6LKp5aOy6YCa6LKp44K344On44OD44OU44Oz44Kw44Kq44Oz44Op44Kk44Oz44K344On44OD44OU44Oz44Kw6LK344GE54mp44OX44Os44K844Oz44OI44Ku44OV44OI6LSI44KK54mp6LSI562U5ZOB44GK5Lit5YWD44GK5q2z5pqu44GK6LK344GE5b6X5a6u5bSO44OQ44Oz44K944Oz44OZ44Or44OQ44K344O844Oz44OK44Kk44K444Kn44Or44Kx44O844Oc44Oz44Ki44Oz44OH44Or44K744Oz44Ki44Oz44OH44Or44K744Oz44OQ44OW44Ki44O844Op44Or44OV44Ot44O844Os44Oz44OH44Oz44OP44Og44OH44Kj44Ki44OJ44Op44OA44OK44O844K544Kk44Kz44OD44Kv44OV44Kj44Or44Oh44Op44Oz44K444Kn44Kw44Ot44O844OQ44O844Kq44O844Or44Kk44Oz44OH44Kj44OT44K444Ol44Ki44Op44Kk44K644OJ44K344Oj44OE44Kx44OR44OL44OK44Kk44Kt44Ki44OH44Kj44OA44K544Oq44O844Oc44OD44Kv44OQ44Oz44K644OV44Os44OD44OJ44Oa44Oq44O844CQ5pyA5aSnMjAwMOWGhuOCr+ODvOODneODs+eZuuihjOS4rSA1LzEo5pyIKTk6NTnntYLkuobjgJHjg5Djg7Pjgrog5pif5p2h5peXIOODmeODq+OCr+ODrSDjgrnjg4vjg7zjgqvjg7wgVkFOUyBPbGQgU2tvb2wgViAwRkxLIFVTQeWbveaXlyDjgqLjg6Hjg6rjgqvlm73ml5cg5pif5p+EIOODnuOCuOODg+OCr+ODhuODvOODlyDjgrfjg6Xjg7zjgrog6Z20ICjjgq3jg4Pjgrog44OZ44OT44O877yJ,44OQ44Oz44K6IOaYn+adoeaXlyDjg5njg6vjgq/jg60g44K544OL44O844Kr44O8IFZBTlMgT2xkIOOAguOAkOacgOWkpzIwMDDlhobjgq/jg7zjg53jg7PnmbrooYzkuK0gNS8xKOaciCk5OjU557WC5LqG44CR44OQ44Oz44K6IOaYn+adoeaXlyDjg5njg6vjgq/jg60g44K544OL44O844Kr44O8IFZBTlMgT2xkIFNrb29sIFYgMEZMSyBVU0Hlm73ml5cg44Ki44Oh44Oq44Kr5Zu95peXIOaYn+afhCDjg57jgrjjg4Pjgq/jg4bjg7zjg5cg44K344Ol44O844K6IOmdtCAo44Kt44OD44K6IOODmeODk+ODvO+8iQ==[rn]
14-157858,aHR0cDovL3RzaG9wLnIxMHMuanAvZ29sZGVuLXN0YXRlL2NhYmluZXQvc2hvaGluMTMvdG1jMjEwNDE1MDJtLmpwZz9maXRpbj03MDA6NzAw,MjU2MC4wMDAw,,44Kt44OD44K644O744OZ44OT44O844O744Oe44K/44OL44OG44KjID4g44Kt44OD44K6ID4g6Z20ID4g44K544OL44O844Kr44O8,44CQVElNRSBTQUxFIDUvMSjmnIgpOTo1Oee1guS6huOAkeODkOODs+OCuiDjg4njg4Pjg4jmn4Qg44K544Oq44OD44Od44OzIFZBTlMgU2xpcC1PbiBWIFNGSk8gU0ZKUiDmsLTnjokg44K544OL44O844Kr44O8IOOCt+ODpeODvOOCuiDpnbQgKOOCreODg+OCuiDjg5njg5Pjg7zvvIk=,,PGZvbnQgc2l6ZT0yPgoK44OJ44OD44OI5p+E44OX44Oq44Oz44OI44GM44GL44KP44GE44KJ44GX44GE44Kt44OD44K655So44Gu44K544Oq44OD44Od44Oz44CC44OQ44Oz44K644K544Oq44OD44Od44Oz44Gq44KJ44Gn44Gv44Gu6Lu944KE44GL44Gn56iL44KI44GE44Kv44OD44K344On44Oz5oCn44GM4peO5bGl44GN6ISx44GO44GM5qW944Gq44K144Kk44OJ44Oe44K444OD44Kv44Gr44Gq44Gj44Gm44GK44KK44CB44GK5a2Q44GV44G+44Gu5q+O5pel44KS44K144Od44O844OI44GX44Gm44GP44KM44G+44GZ44CCMTDjgYvmnIjvvZ4z5q2z44G+44Gn44Gu44K144Kk44K644KS44GU55So5oSP44GE44Gf44GX44Gm44GK44KK44G+44GZ44CC44OV44Kh44OD44K344On44Oz44Gu44Ki44Kv44K744Oz44OI44Gr44Gv44KC44Gh44KN44KT44CB44OX44Os44K844Oz44OI44Go44GX44Gm44KC5aSn5aSJ5Zac44Gw44KM44KL77yR6Laz44CCCjxiciAvPuODu+OAgOWbveWGheato+imj+WTgTxiciAvPgo8aHI+PGNlbnRlcj4KPHRhYmxlIGJvcmRlcj0iMSIgYWxpZ249ImNlbnRlciIgY2VsbHNwYWNpbmc9JzAnIGJvcmRlcmNvbG9yPScjY2NjJz4KCjx0cj4KCjx0ZCBjb2xzcGFuPSI2Ij4K44CQ44Ki44OD44OR44O844CR44Kt44Oj44Oz44OQ44K5PGJyIC8+44CQ44K944O844Or44CR44Op44OQ44O8CjwvdGQ+CjwvdHI+Cgo8dHI+Cgo8dGQgY29sc3Bhbj0iNiI+CuKAu+euseOBq+iLpeW5suOBruWwj+WCt+etieOBjOOBguOCi+WgtOWQiOOBjOW+oeW6p+OBhOOBvuOBmeOBruOBp+OAgeS6iOOCgeOBlOS6huaJv+S4i+OBleOBhOOBvuOBmwo8L3RkPgo8L3RyPgo8dHI+Cgo8dGQgY29sc3Bhbj0iNiI+CuOCt+ODpeODvOOCuuOBruijveazleS4iuOAgeaOpeedgOWJpOOBruS7mOedgOOChOe4q+ijveOBruOCuuODrOODu+atquOBv+OBjOOBguOCi+WgtOWQiOOBjOOBlOOBluOBhOOBvuOBmeOBjOOAgeS4jeiJr+WTgeOBp+OBr+OBlOOBluOBhOOBvuOBm+OCk+OBruOBp+S6iOOCgeOBlOS6huaJv+OBj+OBoOOBleOBhOOAggo8YnIgLz4KPGZvbnQgY29sb3I9InJlZCI+PGJyIC8+CuOAiiAxMGNt772eMTVjbSjooajoqJgpIOOAizxiciAvPgrigLvooajoqJjjgrXjgqTjgrrjgojjgooyLjVjbe+9njMuMGNt5aSn44GN44KB44Gu5L2c44KK44Gr44Gq44Gj44Gm44GK44KK44G+44GZ44CCCjwvZm9udD4KPC90ZD4KPC90cj4KPHRyPgoKPHRkIGNvbHNwYW49IjYiPgrigLvjgZPjgaHjgonjga7llYblk4Hjga/jgIHlpKfjgY3jgoHjga7kvZzjgorjgajjgarjgaPjgabjgYrjgorjgb7jgZnjgII8YnIgLz4K6KGo6KiY44K144Kk44K644KI44KK5bCP44GV44KB44Gu44K144Kk44K644KS44GK6YG444Gz5LiL44GV44GE44CCPGJyIC8+PGJyIC8+CjwvdGQ+CjwvdHI+CjwvdGFibGU+CjxiciAvPuOAkOOBneOBruS7luips+e0sOOBr+OBk+OBoeOCieOBi+OCieOAkTxCUj4KPGhyPgo8dGFibGU+PHRyPjx0ZD48aW1nIHNyYz0iaHR0cDovL3d3dy5yYWt1dGVuLm5lLmpwL2dvbGQvZ29sZGVuLXN0YXRlL2ltYWdlcy90b3AvdmFuczcuanBnIiB3aWR0aD0iMTAwJSI+PC90ZD48dGQ+PGltZyBzcmM9Imh0dHA6Ly93d3cucmFrdXRlbi5uZS5qcC9nb2xkL2dvbGRlbi1zdGF0ZS9pbWFnZXMvdG9wL3ZhbnM1LmpwZyIgd2lkdGg9IjEwMCUiPjwvdGQ+PC90cj48L3RhYmxlPjxocj7jgZ3jga7ku5bjgJBWQU5T44CR44Gv44GT44Gh44KJ4omq44GK5pSv5omV44O76YWN6YCB5pa55rOV44Gr44Gk44GE44Gm4omrPC9jZW50ZXI+PC9mb250Pgo8aHI+,44CQVElNRSBTQUxFIDUvMSjmnIgpOTo1Oee1guS6huOAkeODkOODs+OCuiDjg4njg4Pjg4jmn4Qg44K544Oq44OD44Od44OzIFZBTlMgU2xpcC1PbiBWIFNGSk8gU0ZKUiDmsLTnjokg44K544OL44O844Kr44O8IOOCt+ODpeODvOOCuiDpnbQgKOOCreODg+OCuiDjg5njg5Pjg7zvvInvvJpHb2xkZW4gU3RhdGU=,6YCa5L+h6LKp5aOy6YCa6LKp44K344On44OD44OU44Oz44Kw44Kq44Oz44Op44Kk44Oz44K344On44OD44OU44Oz44Kw6LK344GE54mp44OX44Os44K844Oz44OI44Ku44OV44OI6LSI44KK54mp6LSI562U5ZOB44GK5Lit5YWD44GK5q2z5pqu44GK6LK344GE5b6X5a6u5bSO44OQ44Oz44K944Oz44OZ44Or44OQ44K344O844Oz44OK44Kk44K444Kn44Or44Kx44O844Oc44Oz44Ki44Oz44OH44Or44K744Oz44Ki44Oz44OH44Or44K744Oz44OQ44OW44Ki44O844Op44Or44OV44Ot44O844Os44Oz44OH44Oz44OP44Og44OH44Kj44Ki44OJ44Op44OA44OK44O844K544Kk44Kz44OD44Kv44OV44Kj44Or44Oh44Op44Oz44K444Kn44Kw44Ot44O844OQ44O844Kq44O844Or44Kk44Oz44OH44Kj44OT44K444Ol44Ki44Op44Kk44K644OJ44K344Oj44OE44Kx44OR44OL44OK44Kk44Kt44Ki44OH44Kj44OA44K544Oq44O844Oc44OD44Kv44OQ44Oz44K644OV44Os44OD44OJ44Oa44Oq44O844CQVElNRSBTQUxFIDUvMSjmnIgpOTo1Oee1guS6huOAkeODkOODs+OCuiDjg4njg4Pjg4jmn4Qg44K544Oq44OD44Od44OzIFZBTlMgU2xpcC1PbiBWIFNGSk8gU0ZKUiDmsLTnjokg44K544OL44O844Kr44O8IOOCt+ODpeODvOOCuiDpnbQgKOOCreODg+OCuiDjg5njg5Pjg7zvvIk=,44OQ44Oz44K6IOODieODg+ODiOafhCDjgrnjg6rjg4Pjg53jg7MgVkFOUyBTbGlwLU9uIOOAguOAkFRJTUUgU0FMRSA1LzEo5pyIKTk6NTnntYLkuobjgJHjg5Djg7Pjgrog44OJ44OD44OI5p+EIOOCueODquODg+ODneODsyBWQU5TIFNsaXAtT24gViBTRkpPIFNGSlIg5rC0546JIOOCueODi+ODvOOCq+ODvCDjgrfjg6Xjg7zjgrog6Z20ICjjgq3jg4Pjgrog44OZ44OT44O877yJ[rn]
14-157859,aHR0cDovL3RzaG9wLnIxMHMuanAvY293Y293L2NhYmluZXQvc3BvcnRzX291dGRvb3IvYWRpZGFzLzEwMDEwMTY5LmpwZz9maXRpbj03MDA6NzAw,MzI1Mi4wMDAw,,44Kt44OD44K644O744OZ44OT44O844O744Oe44K/44OL44OG44KjID4g44Kt44OD44K6ID4g6Z20ID4g44K544OL44O844Kr44O8,44Kt44OD44K644K344Ol44O844K6IOOCouODh+OCo+ODgOOCuSBEaXNuZXkgRkwgTU0gQ0YgSSBNMjA0NTIg44OH44Kj44K644OL44O8IOODn+ODi+ODvA==,,PGJyPue0oOadkDxicj7nlLLvvJrlkIjmiJDnuYrntq3jgIHlkIjmiJDnmq7pnak8YnI+5bqV77ya44K044OgPGJyPjxicj7nlJ/nlKPlm73vvJrjgqTjg7Pjg4njg43jgrfjgqI8YnI+PGJyPjxmb250IGNvbG9yPSIwMDAwZmYiPjxiPuKAu+WVhuWTgeS7o+mHkeWQiOioiCA1LDAwMOWGhuS7peS4iuOBp+mAgeaWmeeEoeaWme+8gTwvYj48L2ZvbnQ+PGJyPjxicj4=,44Kt44OD44K644K344Ol44O844K6IOOCouODh+OCo+ODgOOCuSBEaXNuZXkgRkwgTU0gQ0YgSSBNMjA0NTIg44OH44Kj44K644OL44O8IOODn+ODi+ODvO+8muOCtOODq+ODleeUqOODreOCueODiOODnOODvOODq++8o++8r++8t++8o++8r++8tw==,6YCa5L+h6LKp5aOy6YCa6LKp44K344On44OD44OU44Oz44Kw44Kq44Oz44Op44Kk44Oz44K344On44OD44OU44Oz44Kw6LK344GE54mp44OX44Os44K844Oz44OI44Ku44OV44OI6LSI44KK54mp6LSI562U5ZOB44GK5Lit5YWD44GK5q2z5pqu44GK6LK344GE5b6X44Ot44K544OI44Oc44O844Or44K044Or44OV44Oc44O844Or44Ot44K544OI44Oc44O844Or6YCa6LKp5Lit5Y+k44K044Or44OV44OK44Oq44K/44K044Or44OV44Ot44K544OI44Oc44O844OrIOOCq+ODqeODvOODreOCueODiOODnOODvOODqyDjg6njg7Pjgq/jg63jgrnjg4jjg63jgrTjgrnjgrnjg6rjgq/jgr3jg7Pjgr/jgqTjg4jjg6rjgrnjg4jjg4rjgqTjgq3jgq3jg4Pjgrrjgrfjg6Xjg7zjgrpT44Kv44Op44K544Kr44Km44Kr44KmTmFyaXRh6YCB5paZ54Sh5paZTkFSSVRBR09MRm5hcml0YWdvbGZqYXBhbuOCreODg+OCuuOCt+ODpeODvOOCuiDjgqLjg4fjgqPjg4DjgrkgRGlzbmV5IEZMIE1NIENGIEkgTTIwNDUyIOODh+OCo+OCuuODi+ODvCDjg5/jg4vjg7w=,44CA44CC44Kt44OD44K644K344Ol44O844K6IOOCouODh+OCo+ODgOOCuSBEaXNuZXkgRkwgTU0gQ0YgSSBNMjA0NTIg44OH44Kj44K644OL44O8IOODn+ODi+ODvA==[rn]
14-157860,aHR0cDovL3RzaG9wLnIxMHMuanAvYXVjLWtpZHMybmRzL2NhYmluZXQvbW9yaXRhNC8wMTU1LmpwZz9maXRpbj03MDA6NzAw,MjcxMi4wMDAw,,44Kt44OD44K644O744OZ44OT44O844O744Oe44K/44OL44OG44KjID4g44Kt44OD44K6ID4g6Z20ID4g44K544OL44O844Kr44O8,44CQ5paw5YWl6I23IeOAkeaWsOWTgSDmnKrkvb/nlKjlk4Hil47jg5/jgq3jg4/jgqbjgrkvbWlraWhvdXNl4peOMjBjbSDjgrnjg4vjg7zjgqvjg7wv44K344Ol44O844K6L+mdtCDlrZDkvpsg44Kt44OD44K6IGtpZHMg5aWz44Gu5a2Q,,,44CQ5paw5YWl6I23IeOAkeaWsOWTgSDmnKrkvb/nlKjlk4Hil47jg5/jgq3jg4/jgqbjgrkvbWlraWhvdXNl4peOMjBjbSDjgrnjg4vjg7zjgqvjg7wv44K344Ol44O844K6L+mdtCDlrZDkvpsg44Kt44OD44K6IGtpZHMg5aWz44Gu5a2Q77ya44K744Kr44Oz44K677yG44Kt44OD44K644K744Kr44Oz44K6,6YCa5L+h6LKp5aOy6YCa6LKp44K344On44OD44OU44Oz44Kw44Kq44Oz44Op44Kk44Oz44K344On44OD44OU44Oz44Kw6LK344GE54mp44OX44Os44K844Oz44OI44Ku44OV44OI6LSI44KK54mp6LSI562U5ZOB44GK5Lit5YWD44GK5q2z5pqu44GK6LK344GE5b6X44CQ5paw5YWl6I23IeOAkeaWsOWTgSDmnKrkvb/nlKjlk4Hil47jg5/jgq3jg4/jgqbjgrkvbWlraWhvdXNl4peOMjBjbSDjgrnjg4vjg7zjgqvjg7wv44K344Ol44O844K6L+mdtCDlrZDkvpsg44Kt44OD44K6IGtpZHMg5aWz44Gu5a2Q,44CQ5paw5YWl6I23IeOAkeaWsOWTgSDmnKrkvb/nlKjlk4Hil47jg5/jgq3jg4/jgqbjgrkvbWlraWhvdXNl4peOMjBjbSDjgrnjg4vjg7zjgqvjg7wv44K344Ol44O844K6L+mdtCDlrZDkvpsg44Kt44OD44K6IGtpZHMg5aWz44Gu5a2Q[rn]
14-157861,aHR0cDovL3RzaG9wLnIxMHMuanAvYXVjLWtpZHMybmRzL2NhYmluZXQvc3VnaXlhbWE2LzE1MjYuanBnP2ZpdGluPTcwMDo3MDA=,MzE5Mi4wMDAw,,44Kt44OD44K644O744OZ44OT44O844O744Oe44K/44OL44OG44KjID4g44Kt44OD44K6ID4g6Z20ID4g44K544OL44O844Kr44O8,44CQ5paw5YWl6I23IeOAkeaWsOWTgSDmnKrkvb/nlKjlk4HilqHjg4vjg6Xjg7zjg5Djg6njg7PjgrkvbmV3YmxhbmNl4pah44K544OL44O844Kr44O8L+OCt+ODpeODvOOCui/pnbQg57S6IDk5NiDlrZDkvpsg44Kt44OD44K6IGtpZHMg5aWz44Gu5a2Q,,,44CQ5paw5YWl6I23IeOAkeaWsOWTgSDmnKrkvb/nlKjlk4HilqHjg4vjg6Xjg7zjg5Djg6njg7PjgrkvbmV3YmxhbmNl4pah44K544OL44O844Kr44O8L+OCt+ODpeODvOOCui/pnbQg57S6IDk5NiDlrZDkvpsg44Kt44OD44K6IGtpZHMg5aWz44Gu5a2Q77ya44K744Kr44Oz44K677yG44Kt44OD44K644K744Kr44Oz44K6,6YCa5L+h6LKp5aOy6YCa6LKp44K344On44OD44OU44Oz44Kw44Kq44Oz44Op44Kk44Oz44K344On44OD44OU44Oz44Kw6LK344GE54mp44OX44Os44K844Oz44OI44Ku44OV44OI6LSI44KK54mp6LSI562U5ZOB44GK5Lit5YWD44GK5q2z5pqu44GK6LK344GE5b6X44CQ5paw5YWl6I23IeOAkeaWsOWTgSDmnKrkvb/nlKjlk4HilqHjg4vjg6Xjg7zjg5Djg6njg7PjgrkvbmV3YmxhbmNl4pah44K544OL44O844Kr44O8L+OCt+ODpeODvOOCui/pnbQg57S6IDk5NiDlrZDkvpsg44Kt44OD44K6IGtpZHMg5aWz44Gu5a2Q,44CQ5paw5YWl6I23IeOAkeaWsOWTgSDmnKrkvb/nlKjlk4HilqHjg4vjg6Xjg7zjg5Djg6njg7PjgrkvbmV3YmxhbmNl4pah44K544OL44O844Kr44O8L+OCt+ODpeODvOOCui/pnbQg57S6IDk5NiDlrZDkvpsg44Kt44OD44K6IGtpZHMg5aWz44Gu5a2Q[rn]
14-157862,aHR0cDovL3RzaG9wLnIxMHMuanAvcXVpa3NpbHZlci1vbmxpbmVzdG9yZS9jYWJpbmV0LzE3c3MvZGMxL2R0MTcxMDExX3dwc18xLmpwZz9maXRpbj03MDA6NzAw,MzIwMC4wMDAw,,44Kt44OD44K644O744OZ44OT44O844O744Oe44K/44OL44OG44KjID4g44Kt44OD44K6ID4g6Z20ID4g44K544OL44O844Kr44O8,44CQREMg44OH44Kj44O844K344O844CRICDjgq3jg4PjgrogVHMgQ09VUlQgR1JBRkZJSyBFTEEg44OZ44OT44O855So44K544OL44O844Kr44O8ICBEVDE3MTAxMSBXUFM=,,44Kr44Op44OV44Or44Gq44OH44Kj44OG44O844Or44GM55uu44KS5oO544GP44OZ44OT44O855So44K544OL44O844Kr44O844CC5YWD5rCX44Gu44KI44GE5Y2w6LGh44KS44OX44Op44K544GX44Gm44GP44KM44CB44Kz44O844OH44Kj44ON44O844OI44Gu5Li75b2544Gr44Gq44KL44GT44Go6ZaT6YGV44GE44Gq44GX44CC5YaF5YG044GM44K044Og5LuV5qeY44Gr44Gq44Gu44Gn6Z2057SQ44KS6Kq/56+A44Gb44Ga44Gr57Ch5Y2Y44Gr552A6ISx44Gn44GN44G+44GZ44CCPGJyPjxicj7nlLLmnZA65ZCI5oiQ55qu6Z2pIOW6leadkDrjgrTjg6DlupUgPGJyPjxicj4xMUNNL+W5hTdjbTxicj4xMkNNL+W5hTcuNWNtPGJyPjEzQ00v5bmFNy41Y208YnI+MTRDTS/luYU3LjVjbTxicj4xNUNNL+W5hThjbTxicj4xNkNNL+W5hThjbQ==,44CQREMg44OH44Kj44O844K344O844CRICDjgq3jg4PjgrogVHMgQ09VUlQgR1JBRkZJSyBFTEEg44OZ44OT44O855So44K544OL44O844Kr44O8ICBEVDE3MTAxMSBXUFPvvJpRVUlLU0lMVkVSIE9OTElORSBTVE9SRQ==,6YCa5L+h6LKp5aOy6YCa6LKp44K344On44OD44OU44Oz44Kw44Kq44Oz44Op44Kk44Oz44K344On44OD44OU44Oz44Kw6LK344GE54mp44OX44Os44K844Oz44OI44Ku44OV44OI6LSI44KK54mp6LSI562U5ZOB44GK5Lit5YWD44GK5q2z5pqu44GK6LK344GE5b6X44Kv44Kk44OD44Kv44K344Or44OQ44O844Ot44Kt44K344O8REPjgrXjg7zjg5XjgrXjg7zjg5XjgqPjg7Pjg5Pjgq3jg4vmsLTnnYDjgrnjgrHjg5zjgrnjgrHjg7zjg4jjg5zjg7zjg4njg4DjgqTjg5Pjg7PjgrDjg6njg4Pjgrfjg6Xjgqzjg7zjg4njg5zjg7zjg4njgrfjg6fjg7zjg4Tjgrnjg47jg7zjg5zjg7zjg4njg5Pjg7zjg4FRVUlLU0lMVkVSUk9YWeOCteODs+ODgOODq+ODqeODs+ODi+ODs+OCsOODqOOCrOODleOCo+ODg+ODiOODjeOCueOAkERDIOODh+OCo+ODvOOCt+ODvOOAkSAg44Kt44OD44K6IFRzIENPVVJUIEdSQUZGSUsgRUxBIOODmeODk+ODvOeUqOOCueODi+ODvOOCq+ODvCAgRFQxNzEwMTEgV1BT,44CQREMg44OH44Kj44O844K344O8IOWFrOW8j+mAmuiyqeOAkeOAguOAkERDIOODh+OCo+ODvOOCt+ODvOOAkSAg44Kt44OD44K6IFRzIENPVVJUIEdSQUZGSUsgRUxBIOODmeODk+ODvOeUqOOCueODi+ODvOOCq+ODvCAgRFQxNzEwMTEgV1BT[rn]
14-157863,aHR0cDovL3RzaG9wLnIxMHMuanAvbG9jb25kby9jYWJpbmV0L2NvbW1vZGl0eS84MTAvbmU2NjNiYzEyNzg1XzEuanBnP2ZpdGluPTcwMDo3MDA=,MzkwMC44MDAw,,44Kt44OD44K644O744OZ44OT44O844O744Oe44K/44OL44OG44KjID4g44Kt44OD44K6ID4g6Z20ID4g44K544OL44O844Kr44O8,44OL44Ol44O844OQ44Op44Oz44K5IG5ldyBiYWxhbmNlIE5CIEtTNTc0IFJMUCDvvIjjg6zjg4Pjg4kv44Op44Kk44Og77yJ,,4peH44OL44Ol44O844OQ44Op44Oz44K5IG5ldyBiYWxhbmNlIE5CIEtTNTc044CCCuOBr+OBoOOBl+aEn+immuOBruiHqueEtuOBp+W/q+mBqeOBquWxpeOBjeW/g+WcsOOCkuWun+ePvuOBmeOCi+KAnOODl+ODrOODnuOCueOCveODvOODq+KAneOBq+OAgeiEseOBjuWxpeOBjeOBl+OChOOBmeOBhOOCueODquODg+ODneODs+OCueOCv+OCpOODq+OCkuaOoeeUqOOBl+OBn+Wkp+S6uuawl+OBruOCreODg+OCuueUqOOAjDU3NOOAjeODouODh+ODq+OAggrjgZTlpb3oqZXjgavjgYrlv5zjgYjjgZfjgabjgIHnp4vlhqzjgavjg5XjgqPjg4Pjg4jjgZnjgovjgrfjg7zjgrrjg4rjg6vjgarjg4vjg6Xjg7zjgqvjg6njg7wz6Imy44KS44Oq44Oq44O844K544CCPGJyIC8+PGJyIC8+PGI+5Yil44Kr44Op44O844Gv44GT44Gh44KJ77yBIDIo44ON44Kk44OT44O8KSAxKOOCsOODrOODvCk8L2I+PGJyIC8+PGJyIC8+44O7IOWVhuWTgeeVquWPtzogTkU2NjNCQzEyNzg1PGJyIC8+44O7IOODluODqeODs+ODieWVhuWTgeeVquWPtzogNzQ4MjA5MTM8YnIgLz7jg7sg44OW44Op44Oz44OJ5ZCNOiBuZXcgYmFsYW5jZTxiciAvPuODuyDoibI6IDM8YnIgLz7jg7sg5Y6f55Sj5Zu9OiDjg5njg4jjg4rjg6A8YnIgLz7jg7sg44OS44O844Or44Gu5Z6LOiDjg5Xjg6njg4Pjg4g8YnIgLz7jg7sg44OI44Kl44K/44Kk44OXOiDjg6njgqbjg7Pjg4k8YnIgLz7jg7sg6Z205bmFOiAyRe+8iOaZrumAmu+8iTxiciAvPuODuyDjgq/jg63jg7zjgrjjg7PjgrA6IOODrOODvOOCueOCouODg+ODlzxiciAvPuODuyDjgqLjg4Pjg5Hjg7zntKDmnZA6IOWQiOaIkOearumdqTxiciAvPuODuyDlhoXlvLXntKDmnZA6IOeUn+WcsOODu+WQiOaIkOe5iue2rTxiciAvPuODuyDkuK3mlbfntKDmnZA6IOeUn+WcsOODu+WQiOaIkOe5iue2rTxiciAvPuODuyDjgr3jg7zjg6vntKDmnZA6IOWQiOaIkDxiciAvPuODuyDjg5bjg6njg7Pjg4njga7ntLnku4s6IOWxpeOBhOOBn+S6uuOBjOaEn+OBmOOCi+KAnOaWsOOBl+OBhOODkOODqeODs+OCueKAneaEn+immuOCkuODjeODvOODn+ODs+OCsOOBrueUseadpeOBqOOBmeOCi+ODluODqeODsyDjg4njgIFuZXcgYmFsYW5jZe+8iOODi+ODpeODvOODkOODqeODs+OCue+8ieOAgjE5MDblubTjgIHjgqLjg6Hjg6rjgqvjga7jg5zjgrnjg4jjg7Pjgafnn6/mraPpnbTjg6Hjg7zjgqvjg7zjgajjgZfjgaboqpXnlJ/jgZfjgb7jgZfjgZ/jgILkvZXluqbjgoLlvqnliLvjg6Ljg4fjg6vjgYznmbrlo7LjgZXjgozjgabjgYTjgosg44CMTTEzMDDjgI3jgoTjgIxNNTc244CN44Gq44Gp44Gu44K344Oq44O844K644GM5pyJ5ZCN44Gn44GZ44CC44Kq44Oq44K444OK44Or44Gu44OV44Kj44OD44OG44Kj44Oz44Kw44K344K544OG44Og44CO44Km44Kk44K644K144Kk44K444Oz44Kw44CP44KS44Gv44GY44KB44CB44OV44Kj44OD44OI5oCn44KS5pyA5YSq5YWI44Gr44GX44GfIOOCt+ODpeODvOOCuuOBpeOBj+OCiuOCkuaPkOahiOOAguapn+iDveaAp+OCkumHjeimluOBmeOCi+OCueODneODvOODhOmBuOaJi+OBr+OCguOBoeOCjeOCk+OBruOBk+OBqOOAgeODleOCoeODg+OCt+ODp+ODs+OCouOCpOODhuODoOOBqOOBl+OBpuOBruipleS+oeOCguW5tOOAhemrmOOBvuOBo+OBpuOBjeOBpuOBhOOBvuOBmeOAgjxiciAvPg==,44OL44Ol44O844OQ44Op44Oz44K5IG5ldyBiYWxhbmNlIE5CIEtTNTc0IFJMUCDvvIjjg6zjg4Pjg4kv44Op44Kk44Og77yJ77yaTE9DT01BTEzvvIjjg63jgrPjg7Pjg4nlhazlvI/jgrnjg4jjgqLvvIk=,6YCa5L+h6LKp5aOy6YCa6LKp44K344On44OD44OU44Oz44Kw44Kq44Oz44Op44Kk44Oz44K344On44OD44OU44Oz44Kw6LK344GE54mp44OX44Os44K844Oz44OI44Ku44OV44OI6LSI44KK54mp6LSI562U5ZOB44GK5Lit5YWD44GK5q2z5pqu44GK6LK344GE5b6X6Z2044OQ44OD44Kw6YCa6LKp44K344Ol44O844K644OR44Oz44OX44K544K544OL44O844Kr44O844K144Oz44OA44Or44OW44O844OE44OL44Ol44O844OQ44Op44Oz44K5IG5ldyBiYWxhbmNlIE5CIEtTNTc0IFJMUCDvvIjjg6zjg4Pjg4kv44Op44Kk44Og77yJ,44CQ44GC44GZ5qW944CR44CQ5Lqk5o+b44O76L+U5ZOB5Y+v6IO944CRL+OCt+ODpeODvOOCui/jg63jgrPjg7Pjg4kv44CC44OL44Ol44O844OQ44Op44Oz44K5IG5ldyBiYWxhbmNlIE5CIEtTNTc0IFJMUCDvvIjjg6zjg4Pjg4kv44Op44Kk44Og77yJ[rn]
14-157864,aHR0cDovL3RzaG9wLnIxMHMuanAvbG9jb25kby9jYWJpbmV0L2NvbW1vZGl0eS80MTYvY28zOTFiY2FnZzg5XzEuanBnP2ZpdGluPTcwMDo3MDA=,MzE4My4yMDAw,,44Kt44OD44K644O744OZ44OT44O844O744Oe44K/44OL44OG44KjID4g44Kt44OD44K6ID4g6Z20ID4g44K544OL44O844Kr44O8,44Kz44Oz44OQ44O844K5IOODgeODo+OCpOODq+ODieOCquODvOODq+OCueOCv+ODvFJaIEhJIC8gQ09OVkVSU0UgM0MxODRDRCBBUyBSWiBISSDvvIjjg5bjg6njg4Pjgq/vvIk=,,Q09OVkVSU0XvvIjjgrPjg7Pjg5Djg7zjgrnvvInjga7lrprnlarjgIzjgqrjg7zjg6vjgrnjgr/jg7zjgI3jga7jgq3jg4Pjgrrjg6Ljg4fjg6vjgIFDSElMRCBBTEwgU1RBUiBSWiBISeOAggrjgYrlrZDjgZXjgpPjga7otrPjgavlhKrjgZfjgYTmqZ/og73mgKfjgoTlsaXjgY3jgoTjgZnjgZXjgYzmuoDovInjga7jgIHjg4/jgqTjgqvjg4Pjg4jjgrnjg4vjg7zjgqvjg7zjgafjgZnjgIIK44Kz44Oz44OQ44O844K544Gu5Luj5ZCN6Kme44Gn44KC44GC44KL44Ki44OD44OR44O844Gu44Kt44Oj44Oz44OQ44K55Zyw44Gr44CB44KG44Gj44Gf44KK44Go44GX44Gf44CO44Or44O844Of44O844Op44K544OI44CP44KS5Y+W44KK5YWl44KM44Gf44OH44K244Kk44Oz44CCCui2s+WFiOOCkuiHqueUseOBq+WLleOBi+OBm+OCi+S9nOOCiuOBp+OAgeato+OBl+OBhOatqeihjOOBqOi2s+OBruato+W4uOOBqueZuuiCsuOCkuS/g+OBl+OBpuOBj+OCjOOBvuOBmeOAguOBvuOBn+OAgeOCteOCpOODieOBq+OBr+ODleOCoeOCueODiuODvOOBjOS7mOOBhOOBpuOBiuOCiuOAgeOBiuWtkOOBleOCk+OBp+OCguewoeWNmOOBq+iEseOBjuWxpeOBjeOBjOWPr+iDveOBq+OAggrjgZXjgonjgavjgIHjgq/jg4Pjgrfjg6fjg7PmgKfjga7oia/jgYTjgqvjg4Pjg5fjgqTjg7Pjgr3jg7zjg6vjga/jgIHmipfoj4zku5Xmp5jjgafmuIXmvZTmhJ/jgoLil44K44GK5rSS6JC944Gr5bGl44GN44GT44Gq44Gb44KL44CB44Kr44Op44OV44Or44Gq44GK44G+44GR44K344Ol44O844Os44O844K55LuY44GN44Gn44CB44OX44Os44K844Oz44OI44Gr44KC5Zac44Gw44KM44KL44Ki44Kk44OG44Og44Gn44GZ44CCPGJyIC8+PGJyIC8+PGI+5Yil44Kr44Op44O844Gv44GT44Gh44KJ77yBIOODm+ODr+OCpOODiCDjg6zjg4Pjg4kgMijjgqTjgqjjg63jg7wpIDYo44Kw44Oq44O844OzKTwvYj48YnIgLz48YnIgLz7jg7sg5ZWG5ZOB55Wq5Y+3OiBDTzM5MUJDQUdHODk8YnIgLz7jg7sg44OW44Op44Oz44OJ5ZWG5ZOB55Wq5Y+3OiAzMjUxMzY5MSAxPGJyIC8+44O7IOODluODqeODs+ODieWQjTogQ09OVkVSU0U8YnIgLz7jg7sg6ImyOiDjg5bjg6njg4Pjgq88YnIgLz7jg7sg44OS44O844Or44Gu5Z6LOiDjg5Xjg6njg4Pjg4g8YnIgLz7jg7sg44OI44Kl44K/44Kk44OXOiDjg6njgqbjg7Pjg4k8YnIgLz7jg7sg6Z205bmFOiAyRe+8iOaZrumAmu+8iTxiciAvPuODuyDjgqLjg4Pjg5Hjg7zntKDmnZA6IOOBneOBruS7lueUn+WcsDxiciAvPuODuyDlhoXlvLXntKDmnZA6IOeUn+WcsOODu+WQiOaIkOe5iue2rTxiciAvPuODuyDkuK3mlbfntKDmnZA6IOeUn+WcsOODu+WQiOaIkOe5iue2rTxiciAvPuODuyDjgr3jg7zjg6vntKDmnZA6IOOCtOODoDxiciAvPuODuyDjg5bjg6njg7Pjg4njga7ntLnku4s6IDE5MDjlubTjgavjgqLjg6Hjg6rjgqvjgaflibXnq4vjgZXjgozjgZ/jgrfjg6Xjg7zjgrrjg5bjg6njg7Pjg4njgIFDT05WRVJTRe+8iOOCs+ODs+ODkOODvOOCue+8ieOAguW9k+WIneOBr+ODqeODkOODvOOCt+ODpeODvOOCuuOBruijvemAoOS8muekvuOBqOOBl+OBpuOAgeWGrOWgtOOBq+a0u+i6jeOBmeOCi+mdtOOCkuOBpOOBj+OBo+OBpuOBhOOBvuOBl+OBn+OAguOBneOBruW+jOOAgemAmuW5tOiyqeWjsuOBp+OBjeOCi+WVhuWTgeOBruW/heimgeaAp+OCkuaEn+OBmOOBn+WJtealreiAheOBruODnuODvOOCreOCueODu03jg7vjgrPjg7Pjg5Djg7zjgrnjgYzjgIHlvZPmmYLkurrmsJfjga7pq5jjgYvjgaPjgZ/jg5DjgrnjgrHjg4Pjg4jjg5zjg7zjg6vjgavnnYDnm67jgILjg5DjgrnjgrHjg4Pjg4jjg5zjg7zjg6vjgrfjg6Xjg7zjgrrjga7ku6PlkI3oqZ7jgafjgoLjgYLjgovjgIzjgq3jg6Pjg7Pjg5Djgrkg44Kq44O844Or44K544K/44O844CN44KS5a6M5oiQ44GV44Gb44G+44GX44Gf44CC54++5Zyo44Gn44Gv44CM44K444Oj44OD44Kv44OR44O844K744Or44CN44CB44CM44Ov44Oz44K544K/44O844CN44CB44CM44Km44Ko44Od44Oz44CN562J44CB5pWw44CF44Gu44Oe44K544K/44O844OU44O844K544KS44Op44Kk44Oz44OK44OD44OX44CCQ09OVkVSU0XvvIjjgrPjg7Pjg5Djg7zjgrnvvInjga7jgrPjg6zjgq/jgrfjg6fjg7Pjga/jgIHku4rml6XjgoLkuJbnlYzkuK3jga7jgqvjgrjjg6XjgqLjg6vjg6bjg7zjgrbjg7zjgavmhJvnlKjjgZXjgozjgabjgYTjgb7jgZnjgII8YnIgLz4=,44Kz44Oz44OQ44O844K5IOODgeODo+OCpOODq+ODieOCquODvOODq+OCueOCv+ODvFJaIEhJIC8gQ09OVkVSU0UgM0MxODRDRCBBUyBSWiBISSDvvIjjg5bjg6njg4Pjgq/vvInvvJpMT0NPTUFMTO+8iOODreOCs+ODs+ODieWFrOW8j+OCueODiOOCou+8iQ==,6YCa5L+h6LKp5aOy6YCa6LKp44K344On44OD44OU44Oz44Kw44Kq44Oz44Op44Kk44Oz44K344On44OD44OU44Oz44Kw6LK344GE54mp44OX44Os44K844Oz44OI44Ku44OV44OI6LSI44KK54mp6LSI562U5ZOB44GK5Lit5YWD44GK5q2z5pqu44GK6LK344GE5b6X6Z2044OQ44OD44Kw6YCa6LKp44K344Ol44O844K644OR44Oz44OX44K544K544OL44O844Kr44O844K144Oz44OA44Or44OW44O844OE44Kz44Oz44OQ44O844K5IOODgeODo+OCpOODq+ODieOCquODvOODq+OCueOCv+ODvFJaIEhJIC8gQ09OVkVSU0UgM0MxODRDRCBBUyBSWiBISSDvvIjjg5bjg6njg4Pjgq/vvIk=,44CQ44GC44GZ5qW944CR44CQ5Lqk5o+b44O76L+U5ZOB5Y+v6IO944CRL+OCt+ODpeODvOOCui/jg63jgrPjg7Pjg4kv44CC44Kz44Oz44OQ44O844K5IOODgeODo+OCpOODq+ODieOCquODvOODq+OCueOCv+ODvFJaIEhJIC8gQ09OVkVSU0UgM0MxODRDRCBBUyBSWiBISSDvvIjjg5bjg6njg4Pjgq/vvIk=[rn]
14-157865,aHR0cDovL3RzaG9wLnIxMHMuanAvbG9jb25kby9jYWJpbmV0L2NvbW1vZGl0eS83MTUvYXM2MDViYzEyNDc0XzEuanBnP2ZpdGluPTcwMDo3MDA=,MjUxOC40MDAw,,44Kt44OD44K644O744OZ44OT44O844O744Oe44K/44OL44OG44KjID4g44Kt44OD44K6ID4g6Z20ID4g44K544OL44O844Kr44O8,44Ki44K344OD44Kv44K5IGFzaWNzIOOCueODi+ODvOOCq+ODvCAgQVNUS0IyMDYgU1g5MjQ0IDkyNDQg77yI44K144OD44Kv44K544OW44Or44O877yJ,,4peH44Ki44K344OD44Kv44K5IGFzaWNzIOOCueODi+ODvOOCq+ODvCAgQVNUS0IyMDbjgIIK6YCa5rCX5oCn44Gr44GZ44GQ44KM44Gf44Op44OD44K744Or44Oh44OD44K344Ol5o6h55So44CCCuWPluOCiuWkluOBl+OBpua0l+OBiOOCi+aIkOWei+S4reaVt+OBp+OAgemdtOOBruS4reOCkua4hea9lOOBq+S/neOBpuOBvuOBmeOAggoKMjAxNkZXPGJyIC8+PGJyIC8+PGI+5Yil44Kr44Op44O844Gv44GT44Gh44KJ77yBIOODluODq+ODvCDjgqTjgqjjg63jg7wg44OU44Oz44KvIOODrOODg+ODiTwvYj48YnIgLz48YnIgLz7jg7sg5ZWG5ZOB55Wq5Y+3OiBBUzYwNUJDMTI0NzQ8YnIgLz7jg7sg44OW44Op44Oz44OJ5ZWG5ZOB55Wq5Y+3OiA0ODExNjE1MDE2IDQyMDA8YnIgLz7jg7sg44OW44Op44Oz44OJ5ZCNOiBhc2ljczxiciAvPuODuyDoibI6IOOCteODg+OCr+OCueODluODq+ODvDxiciAvPuODuyDjg5Ljg7zjg6vjga7lnos6IOODleODqeODg+ODiDxiciAvPuODuyDjg4jjgqXjgr/jgqTjg5c6IOODqeOCpuODs+ODiTxiciAvPuODuyDjgq/jg63jg7zjgrjjg7PjgrA6IOODmeODq+OCr+ODrTxiciAvPuODuyDjgqLjg4Pjg5Hjg7zntKDmnZA6IOOBneOBruS7luWQiOaIkOe5iue2rTxiciAvPuODuyDjgr3jg7zjg6vntKDmnZA6IOOCtOODoDxiciAvPuODuyDjg5bjg6njg7Pjg4njga7ntLnku4s6IGFzaWNz77yI44Ki44K344OD44Kv44K577yJ44Gv44CBMTk0OeW5tOOBq+ioreeri+OBleOCjOOBn+OAjOOCquODi+ODhOOCq+agquW8j+S8muekvuOAjeOCkuODq+ODvOODhOOBqOOBmeOCi+ODluODqeODs+ODieOAgue3j+WQiOOCueODneODvOODhOeUqOWTgeODoeODvOOCq+ODvOOBqOOBl+OBpuOAgeertuaKgOeUqOOBi+OCieODleOCoeODg+OCt+ODp+ODs+OBvuOBp+W5heW6g+OBhOOCuOODo+ODs+ODq+OBruOCueODneODvOODhOOCouOCpOODhuODoOOCkuaPg+OBiOOBpuOBhOOBvuOBmeOAguS4reOBp+OCguOAgTgw5bm05Luj44Gr44Ki44Oh44Oq44Kr44Gn5Yid44KB44Gm5pCt6LyJ44GV44KM44Gf6KGd5pKD5ZC45Y+O5p2Q44COR0VM44K344K544OG44Og44CP44KE44CB576O44GX44GE5q2p6KGM5ae/5Yui44KS44K144Od44O844OI44GZ44KL44CO44OQ44Op44Oz44K544Kz44Oz44OI44Ot44O844Or44OQ44O844CP44Gq44Gp44CB5YSq44KM44Gf5qmf6IO944KS6KqH44KL44K344Ol44O844K644KS5pWw5aSa44GP5omL44GM44GR44CB5Lq65rCX44KS5Y2a44GX44Gm44GE44G+44GZ44CCPGJyIC8+,44Ki44K344OD44Kv44K5IGFzaWNzIOOCueODi+ODvOOCq+ODvCAgQVNUS0IyMDYgU1g5MjQ0IDkyNDQg77yI44K144OD44Kv44K544OW44Or44O877yJ77yaTE9DT01BTEzvvIjjg63jgrPjg7Pjg4nlhazlvI/jgrnjg4jjgqLvvIk=,6YCa5L+h6LKp5aOy6YCa6LKp44K344On44OD44OU44Oz44Kw44Kq44Oz44Op44Kk44Oz44K344On44OD44OU44Oz44Kw6LK344GE54mp44OX44Os44K844Oz44OI44Ku44OV44OI6LSI44KK54mp6LSI562U5ZOB44GK5Lit5YWD44GK5q2z5pqu44GK6LK344GE5b6X6Z2044OQ44OD44Kw6YCa6LKp44K344Ol44O844K644OR44Oz44OX44K544K544OL44O844Kr44O844K144Oz44OA44Or44OW44O844OE44Ki44K344OD44Kv44K5IGFzaWNzIOOCueODi+ODvOOCq+ODvCAgQVNUS0IyMDYgU1g5MjQ0IDkyNDQg77yI44K144OD44Kv44K544OW44Or44O877yJ,44CQ44GC44GZ5qW944CR44CQ5Lqk5o+b44O76L+U5ZOB5Y+v6IO944CRL+OCq+OCuOODpeOCouODqy/jg63jgrPjg7Pjg4kv44CC44Ki44K344OD44Kv44K5IGFzaWNzIOOCueODi+ODvOOCq+ODvCAgQVNUS0IyMDYgU1g5MjQ0IDkyNDQg77yI44K144OD44Kv44K544OW44Or44O877yJ[rn]
14-157866,aHR0cDovL3RzaG9wLnIxMHMuanAvbG9jb25kby9jYWJpbmV0L2NvbW1vZGl0eS84NTEvY28zOTFiYzExNTIxXzEuanBnP2ZpdGluPTcwMDo3MDA=,MzQ2NC44MDAw,,44Kt44OD44K644O744OZ44OT44O844O744Oe44K/44OL44OG44KjID4g44Kt44OD44K6ID4g6Z20ID4g44K544OL44O844Kr44O8,44Kz44Oz44OQ44O844K5IENPTlZFUlNFIDNDSzUwNiDjg4Hjg6PjgqTjg6vjg4kg44Kq44O844Or44K544K/44O8IE4g44Kz44OD44OI44Oz44Oq44OD44OX44K544OI44OD44OXIFogSEkg77yI44Ob44Ov44Kk44OI77yJ,,4peH44Kz44Oz44OQ44O844K5IENPTlZFUlNFIDNDSzUwNiDjg4Hjg6PjgqTjg6vjg4kg44Kq44O844Or44K544K/44O8IE4g44Kz44OD44OI44Oz44Oq44OD44OX44K544OI44OD44OX44CCCuODgeODo+OCpOODq+ODiSDjgqrjg7zjg6vjgrnjgr/jg7wgTuOBruODluODqeODg+OCr+ODl+ODqeOCueOCouODrOODs+OCuOODouODh+ODq+OAggrjgqLjg4Pjg5Hjg7zpg6jliIbjga/jgZnjgbnjgabjg5bjg6njg4Pjgq/jgIHjgr3jg7zjg6vpg6jliIbjga/jgZnjgbnjgabjg5vjg6/jgqTjg4jjgafjg6Hjg6rjg4/jg6rjga7jgYLjgovjg4fjgrbjgqTjg7PjgIIK44Op44Kk44OL44Oz44Kw44Go44Kk44Oz44K944O844Or44Gr6YWN5ZCI44GV44KM44Gf44K544Km44Kn44O844OH44Oz55Sf44G+44KM44Gu5oqX6I+M5Ymk44CM44Od44Oq44K444Oz44CN44GM44Od44Kk44Oz44OI44CCCuaMgeOBoeaJi+OBruWkp+OBjeOBhOODleOCoeOCueODiuODvOOBq+OAgeOBpOOBvuOBv+OChOOBmeOBhOW6g+OCgeOBrui4teODhuODvOODl+OBp+iEseOBjuWxpeOBjeOBl+OChOOBmeOBhOS7leanmOOAggrjgZfjgarjgoTjgYvjgarjg6njg5Djg7zjgavjgIHouLXpg6jliIbjgavjga/jg5zjg7zjg4njgYzku5jlsZ7jgZfjgIHotrPjga7mm7LjgYzjgovkvY3nva7jgafjgZfjgaPjgYvjgorlsYjmm7LjgZnjgovjgr3jg7zjg6voqK3oqIjjgIIK44Kr44OD44OX44Kk44Oz44K944O844Or44Gr44Gv44K144Kk44K65aSJ5pu044Gu55uu5a6J44GM5YiG44GL44KL44OV44Kj44OD44OG44Kj44Oz44Kw44OB44Kn44OD44Kr44O85LuY44GN44CCCuODleOCoeODn+ODquODvOODmuOCou+8iOOCouODgOODq+ODiOOAgeOCreODg+OCuuOAgeODmeODk+ODvO+8ieODouODh+ODq+OAguODneODquOCuOODs+OCquODquOCuOODiuODq+OCv+OCsOOBjOS7mOWxnuOAgjxiciAvPjxiciAvPjxiPuWIpeOCq+ODqeODvOOBr+OBk+OBoeOCie+8gSA0KOOCq+ODvOOCrSk8L2I+PGJyIC8+PGJyIC8+44O7IOWVhuWTgeeVquWPtzogQ08zOTFCQzExNTIxPGJyIC8+44O7IOODluODqeODs+ODieWVhuWTgeeVquWPtzogMzI3MTE5MjA8YnIgLz7jg7sg44OW44Op44Oz44OJ5ZCNOiBDT05WRVJTRTxiciAvPuODuyDoibI6IDA8YnIgLz7jg7sg5Y6f55Sj5Zu9OiDjgqTjg7Pjg4njg43jgrfjgqI8YnIgLz7jg7sg44OS44O844Or44Gu5Z6LOiDjg5Xjg6njg4Pjg4g8YnIgLz7jg7sg44OI44Kl44K/44Kk44OXOiDjg6njgqbjg7Pjg4k8YnIgLz7jg7sg6Z205bmFOiAyRe+8iOaZrumAmu+8iTxiciAvPuODuyDjgq/jg63jg7zjgrjjg7PjgrA6IOOCuOODg+ODkeODvDxiciAvPuODuyDjgqLjg4Pjg5Hjg7zntKDmnZA6IOOCs+ODg+ODiOODszxiciAvPuODuyDlhoXlvLXntKDmnZA6IOeUn+WcsOODu+WQiOaIkOe5iue2rTxiciAvPuODuyDkuK3mlbfntKDmnZA6IOeUn+WcsOODu+WQiOaIkOe5iue2rTxiciAvPuODuyDjgr3jg7zjg6vntKDmnZA6IOWQiOaIkDxiciAvPuODuyDjg5bjg6njg7Pjg4njga7ntLnku4s6IDE5MDjlubTjgavjgqLjg6Hjg6rjgqvjgaflibXnq4vjgZXjgozjgZ/jgrfjg6Xjg7zjgrrjg5bjg6njg7Pjg4njgIFDT05WRVJTRe+8iOOCs+ODs+ODkOODvOOCue+8ieOAguW9k+WIneOBr+ODqeODkOODvOOCt+ODpeODvOOCuuOBruijvemAoOS8muekvuOBqOOBl+OBpuOAgeWGrOWgtOOBq+a0u+i6jeOBmeOCi+mdtOOCkuOBpOOBj+OBo+OBpuOBhOOBvuOBl+OBn+OAguOBneOBruW+jOOAgemAmuW5tOiyqeWjsuOBp+OBjeOCi+WVhuWTgeOBruW/heimgeaAp+OCkuaEn+OBmOOBn+WJtealreiAheOBruODnuODvOOCreOCueODu03jg7vjgrPjg7Pjg5Djg7zjgrnjgYzjgIHlvZPmmYLkurrmsJfjga7pq5jjgYvjgaPjgZ/jg5DjgrnjgrHjg4Pjg4jjg5zjg7zjg6vjgavnnYDnm67jgILjg5DjgrnjgrHjg4Pjg4jjg5zjg7zjg6vjgrfjg6Xjg7zjgrrjga7ku6PlkI3oqZ7jgafjgoLjgYLjgovjgIzjgq3jg6Pjg7Pjg5Djgrkg44Kq44O844Or44K544K/44O844CN44KS5a6M5oiQ44GV44Gb44G+44GX44Gf44CC54++5Zyo44Gn44Gv44CM44K444Oj44OD44Kv44OR44O844K744Or44CN44CB44CM44Ov44Oz44K544K/44O844CN44CB44CM44Km44Ko44Od44Oz44CN562J44CB5pWw44CF44Gu44Oe44K544K/44O844OU44O844K544KS44Op44Kk44Oz44OK44OD44OX44CCQ09OVkVSU0XvvIjjgrPjg7Pjg5Djg7zjgrnvvInjga7jgrPjg6zjgq/jgrfjg6fjg7Pjga/jgIHku4rml6XjgoLkuJbnlYzkuK3jga7jgqvjgrjjg6XjgqLjg6vjg6bjg7zjgrbjg7zjgavmhJvnlKjjgZXjgozjgabjgYTjgb7jgZnjgII8YnIgLz4=,44Kz44Oz44OQ44O844K5IENPTlZFUlNFIDNDSzUwNiDjg4Hjg6PjgqTjg6vjg4kg44Kq44O844Or44K544K/44O8IE4g44Kz44OD44OI44Oz44Oq44OD44OX44K544OI44OD44OXIFogSEkg77yI44Ob44Ov44Kk44OI77yJ77yaTE9DT01BTEzvvIjjg63jgrPjg7Pjg4nlhazlvI/jgrnjg4jjgqLvvIk=,6YCa5L+h6LKp5aOy6YCa6LKp44K344On44OD44OU44Oz44Kw44Kq44Oz44Op44Kk44Oz44K344On44OD44OU44Oz44Kw6LK344GE54mp44OX44Os44K844Oz44OI44Ku44OV44OI6LSI44KK54mp6LSI562U5ZOB44GK5Lit5YWD44GK5q2z5pqu44GK6LK344GE5b6X6Z2044OQ44OD44Kw6YCa6LKp44K344Ol44O844K644OR44Oz44OX44K544K544OL44O844Kr44O844K144Oz44OA44Or44OW44O844OE44Kz44Oz44OQ44O844K5IENPTlZFUlNFIDNDSzUwNiDjg4Hjg6PjgqTjg6vjg4kg44Kq44O844Or44K544K/44O8IE4g44Kz44OD44OI44Oz44Oq44OD44OX44K544OI44OD44OXIFogSEkg77yI44Ob44Ov44Kk44OI77yJ,44CQ44GC44GZ5qW944CR44CQ5Lqk5o+b44O76L+U5ZOB5Y+v6IO944CRL+OCt+ODpeODvOOCui/jg63jgrPjg7Pjg4kv44CC44Kz44Oz44OQ44O844K5IENPTlZFUlNFIDNDSzUwNiDjg4Hjg6PjgqTjg6vjg4kg44Kq44O844Or44K544K/44O8IE4g44Kz44OD44OI44Oz44Oq44OD44OX44K544OI44OD44OXIFogSEkg77yI44Ob44Ov44Kk44OI77yJ[rn]
14-157867,aHR0cDovL3RzaG9wLnIxMHMuanAvbG9jb25kby9jYWJpbmV0L2NvbW1vZGl0eS8zNzgvY28zOTFiY2FnZzg4XzEuanBnP2ZpdGluPTcwMDo3MDA=,MzE4My4yMDAw,,44Kt44OD44K644O744OZ44OT44O844O744Oe44K/44OL44OG44KjID4g44Kt44OD44K6ID4g6Z20ID4g44K544OL44O844Kr44O8,44Kz44Oz44OQ44O844K5IOODgeODo+OCpOODq+ODieOCquODvOODq+OCueOCv+ODvFJaIEhJIC8gQ09OVkVSU0UgM0MxODZDRCBBUyBSWiBISSDvvIjjg5vjg6/jgqTjg4jvvIk=,,Q09OVkVSU0XvvIjjgrPjg7Pjg5Djg7zjgrnvvInjga7lrprnlarjgIzjgqrjg7zjg6vjgrnjgr/jg7zjgI3jga7jgq3jg4Pjgrrjg6Ljg4fjg6vjgIFDSElMRCBBTEwgU1RBUiBSWiBISeOAggrjgYrlrZDjgZXjgpPjga7otrPjgavlhKrjgZfjgYTmqZ/og73mgKfjgoTlsaXjgY3jgoTjgZnjgZXjgYzmuoDovInjga7jgIHjg4/jgqTjgqvjg4Pjg4jjgrnjg4vjg7zjgqvjg7zjgafjgZnjgIIK44Kz44Oz44OQ44O844K544Gu5Luj5ZCN6Kme44Gn44KC44GC44KL44Ki44OD44OR44O844Gu44Kt44Oj44Oz44OQ44K55Zyw44Gr44CB44KG44Gj44Gf44KK44Go44GX44Gf44CO44Or44O844Of44O844Op44K544OI44CP44KS5Y+W44KK5YWl44KM44Gf44OH44K244Kk44Oz44CCCui2s+WFiOOCkuiHqueUseOBq+WLleOBi+OBm+OCi+S9nOOCiuOBp+OAgeato+OBl+OBhOatqeihjOOBqOi2s+OBruato+W4uOOBqueZuuiCsuOCkuS/g+OBl+OBpuOBj+OCjOOBvuOBmeOAguOBvuOBn+OAgeOCteOCpOODieOBq+OBr+ODleOCoeOCueODiuODvOOBjOS7mOOBhOOBpuOBiuOCiuOAgeOBiuWtkOOBleOCk+OBp+OCguewoeWNmOOBq+iEseOBjuWxpeOBjeOBjOWPr+iDveOBq+OAggrjgZXjgonjgavjgIHjgq/jg4Pjgrfjg6fjg7PmgKfjga7oia/jgYTjgqvjg4Pjg5fjgqTjg7Pjgr3jg7zjg6vjga/jgIHmipfoj4zku5Xmp5jjgafmuIXmvZTmhJ/jgoLil44K44GK5rSS6JC944Gr5bGl44GN44GT44Gq44Gb44KL44CB44Kr44Op44OV44Or44Gq44GK44G+44GR44K344Ol44O844Os44O844K55LuY44GN44Gn44CB44OX44Os44K844Oz44OI44Gr44KC5Zac44Gw44KM44KL44Ki44Kk44OG44Og44Gn44GZ44CCPGJyIC8+PGJyIC8+PGI+5Yil44Kr44Op44O844Gv44GT44Gh44KJ77yBIOODluODqeODg+OCryDjg6zjg4Pjg4kgMijjgqTjgqjjg63jg7wpIDYo44Kw44Oq44O844OzKTwvYj48YnIgLz48YnIgLz7jg7sg5ZWG5ZOB55Wq5Y+3OiBDTzM5MUJDQUdHODg8YnIgLz7jg7sg44OW44Op44Oz44OJ5ZWG5ZOB55Wq5Y+3OiAzMjUxMzY5MCAwPGJyIC8+44O7IOODluODqeODs+ODieWQjTogQ09OVkVSU0U8YnIgLz7jg7sg6ImyOiDjg5vjg6/jgqTjg4g8YnIgLz7jg7sg44OS44O844Or44Gu5Z6LOiDjg5Xjg6njg4Pjg4g8YnIgLz7jg7sg44OI44Kl44K/44Kk44OXOiDjg6njgqbjg7Pjg4k8YnIgLz7jg7sg6Z205bmFOiAyRe+8iOaZrumAmu+8iTxiciAvPuODuyDjgqLjg4Pjg5Hjg7zntKDmnZA6IOOBneOBruS7lueUn+WcsDxiciAvPuODuyDlhoXlvLXntKDmnZA6IOeUn+WcsOODu+WQiOaIkOe5iue2rTxiciAvPuODuyDkuK3mlbfntKDmnZA6IOeUn+WcsOODu+WQiOaIkOe5iue2rTxiciAvPuODuyDjgr3jg7zjg6vntKDmnZA6IOOCtOODoDxiciAvPuODuyDjg5bjg6njg7Pjg4njga7ntLnku4s6IDE5MDjlubTjgavjgqLjg6Hjg6rjgqvjgaflibXnq4vjgZXjgozjgZ/jgrfjg6Xjg7zjgrrjg5bjg6njg7Pjg4njgIFDT05WRVJTRe+8iOOCs+ODs+ODkOODvOOCue+8ieOAguW9k+WIneOBr+ODqeODkOODvOOCt+ODpeODvOOCuuOBruijvemAoOS8muekvuOBqOOBl+OBpuOAgeWGrOWgtOOBq+a0u+i6jeOBmeOCi+mdtOOCkuOBpOOBj+OBo+OBpuOBhOOBvuOBl+OBn+OAguOBneOBruW+jOOAgemAmuW5tOiyqeWjsuOBp+OBjeOCi+WVhuWTgeOBruW/heimgeaAp+OCkuaEn+OBmOOBn+WJtealreiAheOBruODnuODvOOCreOCueODu03jg7vjgrPjg7Pjg5Djg7zjgrnjgYzjgIHlvZPmmYLkurrmsJfjga7pq5jjgYvjgaPjgZ/jg5DjgrnjgrHjg4Pjg4jjg5zjg7zjg6vjgavnnYDnm67jgILjg5DjgrnjgrHjg4Pjg4jjg5zjg7zjg6vjgrfjg6Xjg7zjgrrjga7ku6PlkI3oqZ7jgafjgoLjgYLjgovjgIzjgq3jg6Pjg7Pjg5Djgrkg44Kq44O844Or44K544K/44O844CN44KS5a6M5oiQ44GV44Gb44G+44GX44Gf44CC54++5Zyo44Gn44Gv44CM44K444Oj44OD44Kv44OR44O844K744Or44CN44CB44CM44Ov44Oz44K544K/44O844CN44CB44CM44Km44Ko44Od44Oz44CN562J44CB5pWw44CF44Gu44Oe44K544K/44O844OU44O844K544KS44Op44Kk44Oz44OK44OD44OX44CCQ09OVkVSU0XvvIjjgrPjg7Pjg5Djg7zjgrnvvInjga7jgrPjg6zjgq/jgrfjg6fjg7Pjga/jgIHku4rml6XjgoLkuJbnlYzkuK3jga7jgqvjgrjjg6XjgqLjg6vjg6bjg7zjgrbjg7zjgavmhJvnlKjjgZXjgozjgabjgYTjgb7jgZnjgII8YnIgLz4=,44Kz44Oz44OQ44O844K5IOODgeODo+OCpOODq+ODieOCquODvOODq+OCueOCv+ODvFJaIEhJIC8gQ09OVkVSU0UgM0MxODZDRCBBUyBSWiBISSDvvIjjg5vjg6/jgqTjg4jvvInvvJpMT0NPTUFMTO+8iOODreOCs+ODs+ODieWFrOW8j+OCueODiOOCou+8iQ==,6YCa5L+h6LKp5aOy6YCa6LKp44K344On44OD44OU44Oz44Kw44Kq44Oz44Op44Kk44Oz44K344On44OD44OU44Oz44Kw6LK344GE54mp44OX44Os44K844Oz44OI44Ku44OV44OI6LSI44KK54mp6LSI562U5ZOB44GK5Lit5YWD44GK5q2z5pqu44GK6LK344GE5b6X6Z2044OQ44OD44Kw6YCa6LKp44K344Ol44O844K644OR44Oz44OX44K544K544OL44O844Kr44O844K144Oz44OA44Or44OW44O844OE44Kz44Oz44OQ44O844K5IOODgeODo+OCpOODq+ODieOCquODvOODq+OCueOCv+ODvFJaIEhJIC8gQ09OVkVSU0UgM0MxODZDRCBBUyBSWiBISSDvvIjjg5vjg6/jgqTjg4jvvIk=,44CQ44GC44GZ5qW944CR44CQ5Lqk5o+b44O76L+U5ZOB5Y+v6IO944CRL+OCt+ODpeODvOOCui/jg63jgrPjg7Pjg4kv44CC44Kz44Oz44OQ44O844K5IOODgeODo+OCpOODq+ODieOCquODvOODq+OCueOCv+ODvFJaIEhJIC8gQ09OVkVSU0UgM0MxODZDRCBBUyBSWiBISSDvvIjjg5vjg6/jgqTjg4jvvIk=[rn]
14-157868,aHR0cDovL3RzaG9wLnIxMHMuanAvbG9jb25kby9jYWJpbmV0L2NvbW1vZGl0eS83MTUvYXM2MDViYzEyNDcyXzEuanBnP2ZpdGluPTcwMDo3MDA=,MjUxOC40MDAw,,44Kt44OD44K644O744OZ44OT44O844O744Oe44K/44OL44OG44KjID4g44Kt44OD44K6ID4g6Z20ID4g44K544OL44O844Kr44O8,44Ki44K344OD44Kv44K5IGFzaWNzIOOCueODi+ODvOOCq+ODvCAgQVNUS0IyMDUgU1g5MjQ2IDkyNDYg77yI44K144OD44Kv44K544OW44Or44O877yJ,,4peH44Ki44K344OD44Kv44K5IGFzaWNzIOOCueODi+ODvOOCq+ODvCAgQVNUS0IyMDXjgIIK6YCa5rCX5oCn44Gr44GZ44GQ44KM44Gf44Op44OD44K744Or44Oh44OD44K344Ol5o6h55So44CCCuWPluOCiuWkluOBl+OBpua0l+OBiOOCi+aIkOWei+S4reaVt+OBp+OAgemdtOOBruS4reOCkua4hea9lOOBq+S/neOBpuOBvuOBmeOAggoKMjAxNkZXPGJyIC8+PGJyIC8+PGI+5Yil44Kr44Op44O844Gv44GT44Gh44KJ77yBIOODm+ODr+OCpOODiCDjgqTjgqjjg63jg7wg44OW44Op44OD44KvIOODluODq+ODvDwvYj48YnIgLz48YnIgLz7jg7sg5ZWG5ZOB55Wq5Y+3OiBBUzYwNUJDMTI0NzI8YnIgLz7jg7sg44OW44Op44Oz44OJ5ZWG5ZOB55Wq5Y+3OiA0ODExNjE1MjE2IDQyMDA8YnIgLz7jg7sg44OW44Op44Oz44OJ5ZCNOiBhc2ljczxiciAvPuODuyDoibI6IOOCteODg+OCr+OCueODluODq+ODvDxiciAvPuODuyDjg5Ljg7zjg6vjga7lnos6IOODleODqeODg+ODiDxiciAvPuODuyDjg4jjgqXjgr/jgqTjg5c6IOODqeOCpuODs+ODiTxiciAvPuODuyDjgq/jg63jg7zjgrjjg7PjgrA6IOODrOODvOOCueOCouODg+ODlzxiciAvPuODuyDjgqLjg4Pjg5Hjg7zntKDmnZA6IOOBneOBruS7luWQiOaIkOe5iue2rTxiciAvPuODuyDjgr3jg7zjg6vntKDmnZA6IOOCtOODoDxiciAvPuODuyDjg5bjg6njg7Pjg4njga7ntLnku4s6IGFzaWNz77yI44Ki44K344OD44Kv44K577yJ44Gv44CBMTk0OeW5tOOBq+ioreeri+OBleOCjOOBn+OAjOOCquODi+ODhOOCq+agquW8j+S8muekvuOAjeOCkuODq+ODvOODhOOBqOOBmeOCi+ODluODqeODs+ODieOAgue3j+WQiOOCueODneODvOODhOeUqOWTgeODoeODvOOCq+ODvOOBqOOBl+OBpuOAgeertuaKgOeUqOOBi+OCieODleOCoeODg+OCt+ODp+ODs+OBvuOBp+W5heW6g+OBhOOCuOODo+ODs+ODq+OBruOCueODneODvOODhOOCouOCpOODhuODoOOCkuaPg+OBiOOBpuOBhOOBvuOBmeOAguS4reOBp+OCguOAgTgw5bm05Luj44Gr44Ki44Oh44Oq44Kr44Gn5Yid44KB44Gm5pCt6LyJ44GV44KM44Gf6KGd5pKD5ZC45Y+O5p2Q44COR0VM44K344K544OG44Og44CP44KE44CB576O44GX44GE5q2p6KGM5ae/5Yui44KS44K144Od44O844OI44GZ44KL44CO44OQ44Op44Oz44K544Kz44Oz44OI44Ot44O844Or44OQ44O844CP44Gq44Gp44CB5YSq44KM44Gf5qmf6IO944KS6KqH44KL44K344Ol44O844K644KS5pWw5aSa44GP5omL44GM44GR44CB5Lq65rCX44KS5Y2a44GX44Gm44GE44G+44GZ44CCPGJyIC8+,44Ki44K344OD44Kv44K5IGFzaWNzIOOCueODi+ODvOOCq+ODvCAgQVNUS0IyMDUgU1g5MjQ2IDkyNDYg77yI44K144OD44Kv44K544OW44Or44O877yJ77yaTE9DT01BTEzvvIjjg63jgrPjg7Pjg4nlhazlvI/jgrnjg4jjgqLvvIk=,6YCa5L+h6LKp5aOy6YCa6LKp44K344On44OD44OU44Oz44Kw44Kq44Oz44Op44Kk44Oz44K344On44OD44OU44Oz44Kw6LK344GE54mp44OX44Os44K844Oz44OI44Ku44OV44OI6LSI44KK54mp6LSI562U5ZOB44GK5Lit5YWD44GK5q2z5pqu44GK6LK344GE5b6X6Z2044OQ44OD44Kw6YCa6LKp44K344Ol44O844K644OR44Oz44OX44K544K544OL44O844Kr44O844K144Oz44OA44Or44OW44O844OE44Ki44K344OD44Kv44K5IGFzaWNzIOOCueODi+ODvOOCq+ODvCAgQVNUS0IyMDUgU1g5MjQ2IDkyNDYg77yI44K144OD44Kv44K544OW44Or44O877yJ,44CQ44GC44GZ5qW944CR44CQ5Lqk5o+b44O76L+U5ZOB5Y+v6IO944CRL+OCq+OCuOODpeOCouODqy/jg63jgrPjg7Pjg4kv44CC44Ki44K344OD44Kv44K5IGFzaWNzIOOCueODi+ODvOOCq+ODvCAgQVNUS0IyMDUgU1g5MjQ2IDkyNDYg77yI44K144OD44Kv44K544OW44Or44O877yJ[rn]
14-157869,aHR0cDovL3RzaG9wLnIxMHMuanAvbG9jb25kby9jYWJpbmV0L2NvbW1vZGl0eS8yODgvY28zOTFiYzExMjc3XzEuanBnP2ZpdGluPTcwMDo3MDA=,MjMxMi44MDAw,,44Kt44OD44K644O744OZ44OT44O844O744Oe44K/44OL44OG44KjID4g44Kt44OD44K6ID4g6Z20ID4g44K544OL44O844Kr44O8,44Kz44Oz44OQ44O844K5IENPTlZFUlNFIDNDSzE2MuOCreODg+OCuuOCuOODo+ODg+OCr+ODkeODvOOCu+ODqyDjg57jg6vjg4Hjgrfjg6Pjg4Tjgrnjg6rjg4Pjg5cg77yI44Kw44Oq44O844OzL+ODm+ODr+OCpOODiC/jg5Tjg7Pjgq/vvIk=,,4peH44Kz44Oz44OQ44O844K5IENPTlZFUlNF44GuM0NLMTYy44Kt44OD44K644K444Oj44OD44Kv44OR44O844K744OrIOODnuODq+ODgeOCt+ODo+ODhOOCueODquODg+ODlyDjgIIK44Oe44Or44OB44Kr44Op44O844K344Oj44OE44KS44Kk44Oh44O844K444GX44Gf57Sg5p2Q5L2/44GE44Gn5pil5aSP44KJ44GX44GE5riF5ra85oSf44GC44KL44OH44K244Kk44Oz44Gu44Kt44OD44K644K444Oj44OD44Kv44OR44O844K744Or44Gn44GZ44CCCuOCtOOCouOCt+ODpeODvOODrOODvOOCueS7mOOBjeOBp+OCueODi+ODvOOCq+ODvOOCueOCv+OCpOODq+OBp+OCguWxpeOBkeOCizJXQVnku5Xmp5jjgafjgZnjgII8YnIgLz48YnIgLz7jg7sg5ZWG5ZOB55Wq5Y+3OiBDTzM5MUJDMTEyNzc8YnIgLz7jg7sg44OW44Op44Oz44OJ5ZWG5ZOB55Wq5Y+3OiAzMjcxMTQ3NCA0PGJyIC8+44O7IOODluODqeODs+ODieWQjTogQ09OVkVSU0U8YnIgLz7jg7sg6ImyOiA0PGJyIC8+44O7IOWOn+eUo+WbvTog44Kk44Oz44OJ44ON44K344KiPGJyIC8+44O7IOODkuODvOODq+OBruWeizog44OV44Op44OD44OIPGJyIC8+44O7IOODiOOCpeOCv+OCpOODlzog44Op44Km44Oz44OJPGJyIC8+44O7IOmdtOW5hTogMkXvvIjmma7pgJrvvIk8YnIgLz7jg7sg44Kv44Ot44O844K444Oz44KwOiDjg6zjg7zjgrnjgqLjg4Pjg5c8YnIgLz7jg7sg44Ki44OD44OR44O857Sg5p2QOiDjgrPjg4Pjg4jjg7M8YnIgLz7jg7sg5YaF5by157Sg5p2QOiDnlJ/lnLDjg7vlkIjmiJDnuYrntq08YnIgLz7jg7sg5Lit5pW357Sg5p2QOiDnlJ/lnLDjg7vlkIjmiJDnuYrntq08YnIgLz7jg7sg44K944O844Or57Sg5p2QOiDlkIjmiJA8YnIgLz7jg7sg44OW44Op44Oz44OJ44Gu57S55LuLOiAxOTA45bm044Gr44Ki44Oh44Oq44Kr44Gn5Ym156uL44GV44KM44Gf44K344Ol44O844K644OW44Op44Oz44OJ44CBQ09OVkVSU0XvvIjjgrPjg7Pjg5Djg7zjgrnvvInjgILlvZPliJ3jga/jg6njg5Djg7zjgrfjg6Xjg7zjgrrjga7oo73pgKDkvJrnpL7jgajjgZfjgabjgIHlhqzloLTjgavmtLvouo3jgZnjgovpnbTjgpLjgaTjgY/jgaPjgabjgYTjgb7jgZfjgZ/jgILjgZ3jga7lvozjgIHpgJrlubTosqnlo7LjgafjgY3jgovllYblk4Hjga7lv4XopoHmgKfjgpLmhJ/jgZjjgZ/libXmpa3ogIXjga7jg57jg7zjgq3jgrnjg7tN44O744Kz44Oz44OQ44O844K544GM44CB5b2T5pmC5Lq65rCX44Gu6auY44GL44Gj44Gf44OQ44K544Kx44OD44OI44Oc44O844Or44Gr552A55uu44CC44OQ44K544Kx44OD44OI44Oc44O844Or44K344Ol44O844K644Gu5Luj5ZCN6Kme44Gn44KC44GC44KL44CM44Kt44Oj44Oz44OQ44K5IOOCquODvOODq+OCueOCv+ODvOOAjeOCkuWujOaIkOOBleOBm+OBvuOBl+OBn+OAguePvuWcqOOBp+OBr+OAjOOCuOODo+ODg+OCr+ODkeODvOOCu+ODq+OAjeOAgeOAjOODr+ODs+OCueOCv+ODvOOAjeOAgeOAjOOCpuOCqOODneODs+OAjeetieOAgeaVsOOAheOBruODnuOCueOCv+ODvOODlOODvOOCueOCkuODqeOCpOODs+ODiuODg+ODl+OAgkNPTlZFUlNF77yI44Kz44Oz44OQ44O844K577yJ44Gu44Kz44Os44Kv44K344On44Oz44Gv44CB5LuK5pel44KC5LiW55WM5Lit44Gu44Kr44K444Ol44Ki44Or44Om44O844K244O844Gr5oSb55So44GV44KM44Gm44GE44G+44GZ44CCPGJyIC8+,44Kz44Oz44OQ44O844K5IENPTlZFUlNFIDNDSzE2MuOCreODg+OCuuOCuOODo+ODg+OCr+ODkeODvOOCu+ODqyDjg57jg6vjg4Hjgrfjg6Pjg4Tjgrnjg6rjg4Pjg5cg77yI44Kw44Oq44O844OzL+ODm+ODr+OCpOODiC/jg5Tjg7Pjgq/vvInvvJpMT0NPTUFMTO+8iOODreOCs+ODs+ODieWFrOW8j+OCueODiOOCou+8iQ==,6YCa5L+h6LKp5aOy6YCa6LKp44K344On44OD44OU44Oz44Kw44Kq44Oz44Op44Kk44Oz44K344On44OD44OU44Oz44Kw6LK344GE54mp44OX44Os44K844Oz44OI44Ku44OV44OI6LSI44KK54mp6LSI562U5ZOB44GK5Lit5YWD44GK5q2z5pqu44GK6LK344GE5b6X6Z2044OQ44OD44Kw6YCa6LKp44K344Ol44O844K644OR44Oz44OX44K544K544OL44O844Kr44O844K144Oz44OA44Or44OW44O844OE44Kz44Oz44OQ44O844K5IENPTlZFUlNFIDNDSzE2MuOCreODg+OCuuOCuOODo+ODg+OCr+ODkeODvOOCu+ODqyDjg57jg6vjg4Hjgrfjg6Pjg4Tjgrnjg6rjg4Pjg5cg77yI44Kw44Oq44O844OzL+ODm+ODr+OCpOODiC/jg5Tjg7Pjgq/vvIk=,44CQ44GC44GZ5qW944CR44CQ5Lqk5o+b44O76L+U5ZOB5Y+v6IO944CRL+OCt+ODpeODvOOCui/jg63jgrPjg7Pjg4kv44CC44Kz44Oz44OQ44O844K5IENPTlZFUlNFIDNDSzE2MuOCreODg+OCuuOCuOODo+ODg+OCr+ODkeODvOOCu+ODqyDjg57jg6vjg4Hjgrfjg6Pjg4Tjgrnjg6rjg4Pjg5cg77yI44Kw44Oq44O844OzL+ODm+ODr+OCpOODiC/jg5Tjg7Pjgq/vvIk=[rn]
14-157870,aHR0cDovL3RzaG9wLnIxMHMuanAvbG9jb25kby9jYWJpbmV0L2NvbW1vZGl0eS85MTAvY28zOTFiYzExNjI2XzEuanBnP2ZpdGluPTcwMDo3MDA=,MzgzNi44MDAw,,44Kt44OD44K644O744OZ44OT44O844O744Oe44K/44OL44OG44KjID4g44Kt44OD44K6ID4g6Z20ID4g44K544OL44O844Kr44O8,44Kz44Oz44OQ44O844K5IENPTlZFUlNFIOODgeODo+OCpOODq+ODiSDjgqrjg7zjg6vjgrnjgr/jg7wgTiDjg5zjgqYg44K544Oq44OD44OXIE9YIO+8iOODjeOCpOODk+ODvO+8iQ==,,4peH44Kz44Oz44OQ44O844K5IENPTlZFUlNFIOODgeODo+OCpOODq+ODiSDjgqrjg7zjg6vjgrnjgr/jg7wgTiDjg5zjgqYg44K544Oq44OD44OXIE9YIOOAggrjg4Hjg6PjgqTjg6vjg4kg44Kq44O844Or44K544K/44O8IE4g44K544Oq44OD44OXIE9Y44Gu44Ks44O844Or44K644Ki44Os44Oz44K444Oi44OH44Or44CCCuWPluOCiuWkluOBl+WPr+iDveOBquODquODnOODs+ODkeODvOODhOOBp+OCt+ODs+ODl+ODq+OBq+OCguWPr+aEm+OCieOBl+OBj+OCguWxpeOBkeOCi+ODh+OCtuOCpOODs+OAguOCtOODvOODq+ODieOBruODj+ODiOODoeOBjOODneOCpOODs+ODiOOAggrjgrnjg6rjg4Pjg53jg7Pku5Xmp5jjgafohLHjgY7lsaXjgY3jgZfjgoTjgZnjgYTjg4fjgrbjgqTjg7PjgIIK44GX44Gq44KE44GL44Gq44Op44OQ44O844Gr44CB6Li16YOo5YiG44Gr44Gv44Oc44O844OJ44KS5YaF6JS144GX44CB6Laz44Gu5puy44GM44KL5L2N572u44Gn44GX44Gj44GL44KK5bGI5puy44GZ44KL44K944O844Or6Kit6KiI44CCCuOCtOOCouOCt+ODpeODvOODrOODvOOCueS7mOOBjeOBp+OCueODi+ODvOOCq+ODvOOCueOCv+OCpOODq+OBp+OCguWxpeOBkeOCizJXQVnku5Xmp5jjgafjgZnjgII8YnIgLz48YnIgLz48Yj7liKXjgqvjg6njg7zjga/jgZPjgaHjgonvvIEgMijjg5Tjg7Pjgq8pPC9iPjxiciAvPjxiciAvPuODuyDllYblk4Hnlarlj7c6IENPMzkxQkMxMTYyNjxiciAvPuODuyDjg5bjg6njg7Pjg4nllYblk4Hnlarlj7c6IDMyNzEyMDg1IDU8YnIgLz7jg7sg44OW44Op44Oz44OJ5ZCNOiBDT05WRVJTRTxiciAvPuODuyDoibI6IDU8YnIgLz7jg7sg5Y6f55Sj5Zu9OiDjgqTjg7Pjg4njg43jgrfjgqI8YnIgLz7jg7sg44OS44O844Or44Gu5Z6LOiDjg5Xjg6njg4Pjg4g8YnIgLz7jg7sg44OI44Kl44K/44Kk44OXOiDjg6njgqbjg7Pjg4k8YnIgLz7jg7sg6Z205bmFOiAyRe+8iOaZrumAmu+8iTxiciAvPuODuyDjgq/jg63jg7zjgrjjg7PjgrA6IOODrOODvOOCueOCouODg+ODlzxiciAvPuODuyDjgqLjg4Pjg5Hjg7zntKDmnZA6IOOCs+ODg+ODiOODszxiciAvPuODuyDlhoXlvLXntKDmnZA6IOeUn+WcsOODu+WQiOaIkOe5iue2rTxiciAvPuODuyDkuK3mlbfntKDmnZA6IOeUn+WcsOODu+WQiOaIkOe5iue2rTxiciAvPuODuyDjgr3jg7zjg6vntKDmnZA6IOWQiOaIkDxiciAvPuODuyDjg5bjg6njg7Pjg4njga7ntLnku4s6IDE5MDjlubTjgavjgqLjg6Hjg6rjgqvjgaflibXnq4vjgZXjgozjgZ/jgrfjg6Xjg7zjgrrjg5bjg6njg7Pjg4njgIFDT05WRVJTRe+8iOOCs+ODs+ODkOODvOOCue+8ieOAguW9k+WIneOBr+ODqeODkOODvOOCt+ODpeODvOOCuuOBruijvemAoOS8muekvuOBqOOBl+OBpuOAgeWGrOWgtOOBq+a0u+i6jeOBmeOCi+mdtOOCkuOBpOOBj+OBo+OBpuOBhOOBvuOBl+OBn+OAguOBneOBruW+jOOAgemAmuW5tOiyqeWjsuOBp+OBjeOCi+WVhuWTgeOBruW/heimgeaAp+OCkuaEn+OBmOOBn+WJtealreiAheOBruODnuODvOOCreOCueODu03jg7vjgrPjg7Pjg5Djg7zjgrnjgYzjgIHlvZPmmYLkurrmsJfjga7pq5jjgYvjgaPjgZ/jg5DjgrnjgrHjg4Pjg4jjg5zjg7zjg6vjgavnnYDnm67jgILjg5DjgrnjgrHjg4Pjg4jjg5zjg7zjg6vjgrfjg6Xjg7zjgrrjga7ku6PlkI3oqZ7jgafjgoLjgYLjgovjgIzjgq3jg6Pjg7Pjg5Djgrkg44Kq44O844Or44K544K/44O844CN44KS5a6M5oiQ44GV44Gb44G+44GX44Gf44CC54++5Zyo44Gn44Gv44CM44K444Oj44OD44Kv44OR44O844K744Or44CN44CB44CM44Ov44Oz44K544K/44O844CN44CB44CM44Km44Ko44Od44Oz44CN562J44CB5pWw44CF44Gu44Oe44K544K/44O844OU44O844K544KS44Op44Kk44Oz44OK44OD44OX44CCQ09OVkVSU0XvvIjjgrPjg7Pjg5Djg7zjgrnvvInjga7jgrPjg6zjgq/jgrfjg6fjg7Pjga/jgIHku4rml6XjgoLkuJbnlYzkuK3jga7jgqvjgrjjg6XjgqLjg6vjg6bjg7zjgrbjg7zjgavmhJvnlKjjgZXjgozjgabjgYTjgb7jgZnjgII8YnIgLz4=,44Kz44Oz44OQ44O844K5IENPTlZFUlNFIOODgeODo+OCpOODq+ODiSDjgqrjg7zjg6vjgrnjgr/jg7wgTiDjg5zjgqYg44K544Oq44OD44OXIE9YIO+8iOODjeOCpOODk+ODvO+8ie+8mkxPQ09NQUxM77yI44Ot44Kz44Oz44OJ5YWs5byP44K544OI44Ki77yJ,6YCa5L+h6LKp5aOy6YCa6LKp44K344On44OD44OU44Oz44Kw44Kq44Oz44Op44Kk44Oz44K344On44OD44OU44Oz44Kw6LK344GE54mp44OX44Os44K844Oz44OI44Ku44OV44OI6LSI44KK54mp6LSI562U5ZOB44GK5Lit5YWD44GK5q2z5pqu44GK6LK344GE5b6X6Z2044OQ44OD44Kw6YCa6LKp44K344Ol44O844K644OR44Oz44OX44K544K544OL44O844Kr44O844K144Oz44OA44Or44OW44O844OE44Kz44Oz44OQ44O844K5IENPTlZFUlNFIOODgeODo+OCpOODq+ODiSDjgqrjg7zjg6vjgrnjgr/jg7wgTiDjg5zjgqYg44K544Oq44OD44OXIE9YIO+8iOODjeOCpOODk+ODvO+8iQ==,44CQ44GC44GZ5qW944CR44CQ5Lqk5o+b44O76L+U5ZOB5Y+v6IO944CRL+OCt+ODpeODvOOCui/jg63jgrPjg7Pjg4kv44CC44Kz44Oz44OQ44O844K5IENPTlZFUlNFIOODgeODo+OCpOODq+ODiSDjgqrjg7zjg6vjgrnjgr/jg7wgTiDjg5zjgqYg44K544Oq44OD44OXIE9YIO+8iOODjeOCpOODk+ODvO+8iQ==[rn]
14-157871,aHR0cDovL3RzaG9wLnIxMHMuanAvbG9jb25kby9jYWJpbmV0L2NvbW1vZGl0eS83MzkvbGUxNDUyYmMxNDEzOV8xLmpwZz9maXRpbj03MDA6NzAw,MjA0MC44MDAw,,44Kt44OD44K644O744OZ44OT44O844O744Oe44K/44OL44OG44KjID4g44Kt44OD44K6ID4g6Z20ID4g44K544OL44O844Kr44O8,44CQ44Ki44Km44OI44Os44OD44OI44CR44Or44Kz44OD44Kv44K544Od44Or44OG44Kj44OVIGxlIGNvcSBzcG9ydGlmIOODhuODq+ODiiDjgrnjg6rjg4Tjg53jg7MgSyDvvIhHV0jvvIk=,,4peH44Or44Kz44OD44Kv44K544Od44Or44OG44Kj44OVIGxlIGNvcSBzcG9ydGlmIOODhuODq+ODiiDjgrnjg6rjg4Tjg53jg7MgSyDjgIIK44K544Oq44OD44Od44Oz44K/44Kk44OX44Gu44Kt44OD44K655So44K544OL44O844Kr44O844CCCuOCueOCpuOCp+ODg+ODiOe0oOadkOOCkuS9v+eUqOOBl+OBn+OAgemiqOWQiOOBhOOCguaflOOCieOBi+OBquS4gOi2s+OBp+OBmeOAggrkuK3mlbfjgavjga/lt6blj7PjgYzjgo/jgYvjgovjgqzjgqTjg4njgpLjg5fjg6rjg7Pjg4jjgZfjgabjgYTjgb7jgZnjgII8YnIgLz48YnIgLz7jg7sg5ZWG5ZOB55Wq5Y+3OiBMRTE0NTJCQzE0MTM5PGJyIC8+44O7IOODluODqeODs+ODieWVhuWTgeeVquWPtzogUUVOLTYzMTNHVyBHV0g8YnIgLz7jg7sg44OW44Op44Oz44OJ5ZCNOiBsZSBjb3Egc3BvcnRpZjxiciAvPuODuyDoibI6IEdXSDxiciAvPuODuyDljp/nlKPlm706IOODn+ODo+ODs+ODnuODvDxiciAvPuODuyDjg5Ljg7zjg6vjga7lnos6IOODleODqeODg+ODiDxiciAvPuODuyDjg4jjgqXjgr/jgqTjg5c6IOODqeOCpuODs+ODiTxiciAvPuODuyDjgqLjg4Pjg5Hjg7zntKDmnZA6IOOBneOBruS7luWQiOaIkOe5iue2rTxiciAvPuODuyDjgr3jg7zjg6vntKDmnZA6IOWQiOaIkDxiciAvPuODuyDjg5bjg6njg7Pjg4njga7ntLnku4s6IOmbhOm2j+OBruODluODqeODs+ODieODnuODvOOCr+OBjOOBguOBvuOCiuOBq+OCguacieWQjeOBqmxlIGNvcSBzcG9ydGlm77yI44Or44Kz44OD44Kv44K544Od44Or44OG44Kj44OV77yJ44Gv44CBMTg4MuW5tOOBq+eUn+OBvuOCjOOBn+OAgeODleODqeODs+OCueOBp+acgOOCguWPpOOBhOOCueODneODvOODhOODoeODvOOCq+ODvOOBp+OBmeOAguODleODg+ODiOODnOODvOODq+OChOODhuODi+OCueOAgeODqeODs+ODi+ODs+OCsOOChOOCteOCpOOCr+ODquODs+OCsOOBquOBqeOAgeaVsOWkmuOBj+OBruertuaKgOOBruOBn+OCgeOBq+eUn+OBv+WHuuOBleOCjOOBpuOBjeOBn+mdqeaWsOeahOOBquOCouOCpOODhuODoOOBr+OAgeWkmuOBj+OBruS4gOa1geOCouOCueODquODvOODiOOCkuOCgumtheS6huOAguOCqOOCueODl+ODquOBruWKueOBhOOBn+ODh+OCtuOCpOODs+OBq+OCguWumuipleOBjOOBguOCi2xlIGNvcSBzcG9ydGlm77yI44Or44Kz44OD44Kv44K544Od44Or44OG44Kj44OV77yJ44Gv44CB5Lyd57Wx44Gr57ib44KJ44KM44Ga44CB5Y2Y57SU44Gq5paw44GX44GV44Gr6YCD44GS44KL44GT44Go44KC44Gb44Ga44Gr44CB5bi444Gr57W25aaZ44Gq44OQ44Op44Oz44K55oSf6Kaa44Gn44K544Od44O844OE44Go44OV44Kh44OD44K344On44Oz44KS6J6N5ZCI44GX44Gm44GE44G+44GZ44CCPGJyIC8+,44CQ44Ki44Km44OI44Os44OD44OI44CR44Or44Kz44OD44Kv44K544Od44Or44OG44Kj44OVIGxlIGNvcSBzcG9ydGlmIOODhuODq+ODiiDjgrnjg6rjg4Tjg53jg7MgSyDvvIhHV0jvvInvvJpMT0NPTUFMTO+8iOODreOCs+ODs+ODieWFrOW8j+OCueODiOOCou+8iQ==,6YCa5L+h6LKp5aOy6YCa6LKp44K344On44OD44OU44Oz44Kw44Kq44Oz44Op44Kk44Oz44K344On44OD44OU44Oz44Kw6LK344GE54mp44OX44Os44K844Oz44OI44Ku44OV44OI6LSI44KK54mp6LSI562U5ZOB44GK5Lit5YWD44GK5q2z5pqu44GK6LK344GE5b6X6Z2044OQ44OD44Kw6YCa6LKp44K344Ol44O844K644OR44Oz44OX44K544K544OL44O844Kr44O844K144Oz44OA44Or44OW44O844OE44CQ44Ki44Km44OI44Os44OD44OI44CR44Or44Kz44OD44Kv44K544Od44Or44OG44Kj44OVIGxlIGNvcSBzcG9ydGlmIOODhuODq+ODiiDjgrnjg6rjg4Tjg53jg7MgSyDvvIhHV0jvvIk=,44CQ44GC44GZ5qW944CR44CQ5Lqk5o+b44O76L+U5ZOB5Y+v6IO944CRL+OCt+ODpeODvOOCui/jg63jgrPjg7Pjg4kv44CC44CQ44Ki44Km44OI44Os44OD44OI44CR44Or44Kz44OD44Kv44K544Od44Or44OG44Kj44OVIGxlIGNvcSBzcG9ydGlmIOODhuODq+ODiiDjgrnjg6rjg4Tjg53jg7MgSyDvvIhHV0jvvIk=[rn]
14-157872,aHR0cDovL3RzaG9wLnIxMHMuanAvbG9jb25kby9jYWJpbmV0L2NvbW1vZGl0eS82MDIvc2g2OTJiYzEwMDI1XzEuanBnP2ZpdGluPTcwMDo3MDA=,MTcxNC40MDAw,,44Kt44OD44K644O744OZ44OT44O844O744Oe44K/44OL44OG44KjID4g44Kt44OD44K6ID4g6Z20ID4g44K544OL44O844Kr44O8,44CQ44Ki44Km44OI44Os44OD44OI44CRU0hPReODu1BMQVpBIOOCt+ODpeODs+OCveOCryDnnqzotrMg556s6LazRVZPIFlTSiAxMDgwIO+8iOODrOODg+ODie+8iQ==,,4peH44K344Ol44Oz44K944KvIOeerOi2s+OBrueerOi2s0VWTyBZU0ogMTA4MOOAggrpgJ/jgY/otbDjgovjgZ/jgoHjga7lhajjgabjgpLmkK3ovInjgZfjgZ/jgIHjgq3jg4Pjgrrjgrnjg4vjg7zjgqvjg7zjgafjgZnjgIIK5pel5pys5Lit44Gn6KiY6Yyy55qE5aSn44OS44OD44OI44GX44Gf44K344Oq44O844K644CB6LaF6Lu96YeP44K544OL44O844Kr44O844CM556s6Laz44CN44Gu4oCc556s6LazRVZP4oCd44K344Oq44O844K6IQrjgqLjgqbjg4jjgr3jg7zjg6vjgavphY3nva7jgZfjgZ/lpKflnovmqLnohILjg5fjg6zjg7zjg4jjgajjgIHmlL7lsITnirbjgavphY3nva7jgZfjgZ/jgrnjg5HjgqTjgq/jgYzpq5jmgKfog73jgpLnmbrmj67jgIIK6Lm044KK44Gg44GX5pmC44Gu44Kw44Oq44OD44OX5Yqb44GM44Ki44OD44OX44GZ44KL44CB44K544OR44Kk44Kv5pCt6LyJ44CCCuaZruauteWxpeOBjeOBq+OCguS9v+OBiOOCi+OBruOBp+OAgeOBiuWHuuOBi+OBkeOBjOalveOBl+OBj+OBquOCiuOBneOBhuKZqgrjg57jgrjjg4Pjgq/jg4bjg7zjg5fjgafohLHjgY7lsaXjgY3jgoLmpb3jgonjgY/jgarkuIDotrPjgafjgZnjgIIKZWRpdGVkIGJ5IGRlZ3U8YnIgLz48YnIgLz48Yj7liKXjgqvjg6njg7zjga/jgZPjgaHjgonvvIEgV0gvQkxVKOODm+ODr+OCpOODiCk8L2I+PGJyIC8+PGJyIC8+44O7IOWVhuWTgeeVquWPtzogU0g2OTJCQzEwMDI1PGJyIC8+44O7IOODluODqeODs+ODieWVhuWTgeeVquWPtzogWVNKIDEwODAgUkQ8YnIgLz7jg7sg44OW44Op44Oz44OJ5ZCNOiDnnqzotrM8YnIgLz7jg7sg6ImyOiBSRDxiciAvPuODuyDljp/nlKPlm706IOS4reWbvTxiciAvPuODuyDjg5Ljg7zjg6vjga7lnos6IOODleODqeODg+ODiDxiciAvPuODuyDjg4jjgqXjgr/jgqTjg5c6IOODqeOCpuODs+ODiTxiciAvPuODuyDjgq/jg63jg7zjgrjjg7PjgrA6IOODmeODq+OCr+ODrTxiciAvPuODuyDjgqLjg4Pjg5Hjg7zntKDmnZA6IOOBneOBruS7luWQiOaIkOe5iue2rTxiciAvPuODuyDlhoXlvLXntKDmnZA6IOeUn+WcsOODu+WQiOaIkOe5iue2rTxiciAvPuODuyDkuK3mlbfntKDmnZA6IOeUn+WcsOODu+WQiOaIkOe5iue2rTxiciAvPuODuyDjgr3jg7zjg6vntKDmnZA6IOWQiOaIkDxiciAvPuODuyDjg5bjg6njg7Pjg4njga7ntLnku4s6IOWwj+WtpuagoeOBrumBi+WLleS8muOBr+OCguOBoeOCjeOCk+OAgeaZruauteWxpeOBjeOBqOOBl+OBpuOCguasoOOBi+OBm+OBquOBhOWtmOWcqOOBqOOBquOBo+OBn+ODluODqeODs+ODieOAgeeerOi2s++8iOOCt+ODpeODs+OCveOCryAvIFNZVU5TT0tV77yJ44CC5bem5Zue44KK44Gr54m55YyW44GX44Gf44CO5bem5Y+z6Z2e5a++56ew44K944O844Or44CP44Gu6ZaL55m644KS44GN44Gj44GL44GR44Gr44CB44CM6YCf44GE5a2Q44Gv44KI44KK6YCf44GP44CB6YGF44GE5a2Q44Gr44Gv4oCc5aSi4oCd44KS44CN44Go44GE44GG44OW44Op44Oz44OJ44Kz44Oz44K744OX44OI44KS5o6y44GS44CB44Kz44O844OK44O844Gn5beu44GM5LuY44GP44K344Ol44O844K644KS5Lit5b+D44Gr44CB44GV44G+44GW44G+44Gq44Ki44Kk44OG44Og44KS5bGV6ZaL44GX44Gm44GE44G+44GZ44CC55S35a2Q5ZCR44GR44Gu44CM556s6Laz44CN44CB5aWz5a2Q5ZCR44GR44Gu44CM556s6Laz44Os44Oi44Oz44OR44Kk44CN44KS44Gv44GY44KB44CB5pel5bi444Gr44KC5L2/55So44Gn44GN44KL44Oi44OH44Or44GM44CB5bCP5a2m55Sf44KS5Lit5b+D44Gr5Lq65rCX44KS6ZuG44KB44Gm44GE44G+44GZ44CCPGJyIC8+,44CQ44Ki44Km44OI44Os44OD44OI44CRU0hPReODu1BMQVpBIOOCt+ODpeODs+OCveOCryDnnqzotrMg556s6LazRVZPIFlTSiAxMDgwIO+8iOODrOODg+ODie+8ie+8mkxPQ09NQUxM77yI44Ot44Kz44Oz44OJ5YWs5byP44K544OI44Ki77yJ,6YCa5L+h6LKp5aOy6YCa6LKp44K344On44OD44OU44Oz44Kw44Kq44Oz44Op44Kk44Oz44K344On44OD44OU44Oz44Kw6LK344GE54mp44OX44Os44K844Oz44OI44Ku44OV44OI6LSI44KK54mp6LSI562U5ZOB44GK5Lit5YWD44GK5q2z5pqu44GK6LK344GE5b6X6Z2044OQ44OD44Kw6YCa6LKp44K344Ol44O844K644OR44Oz44OX44K544K544OL44O844Kr44O844K144Oz44OA44Or44OW44O844OE44CQ44Ki44Km44OI44Os44OD44OI44CRU0hPReODu1BMQVpBIOOCt+ODpeODs+OCveOCryDnnqzotrMg556s6LazRVZPIFlTSiAxMDgwIO+8iOODrOODg+ODie+8iQ==,44CQ44GC44GZ5qW944CR44CQ5Lqk5o+b44O76L+U5ZOB5Y+v6IO944CRL+OCt+ODpeODvOOCui/jg63jgrPjg7Pjg4kv44CC44CQ44Ki44Km44OI44Os44OD44OI44CRU0hPReODu1BMQVpBIOOCt+ODpeODs+OCveOCryDnnqzotrMg556s6LazRVZPIFlTSiAxMDgwIO+8iOODrOODg+ODie+8iQ==[rn]
14-157873,aHR0cDovL3RzaG9wLnIxMHMuanAvbG9jb25kby9jYWJpbmV0L2NvbW1vZGl0eS83NDEvbGUxNDUyYmMxNDE1MV8xLmpwZz9maXRpbj03MDA6NzAw,MjQ5NC40MDAw,,44Kt44OD44K644O744OZ44OT44O844O744Oe44K/44OL44OG44KjID4g44Kt44OD44K6ID4g6Z20ID4g44K544OL44O844Kr44O8,44CQ44Ki44Km44OI44Os44OD44OI44CR44Or44Kz44OD44Kv44K544Od44Or44OG44Kj44OVIGxlIGNvcSBzcG9ydGlmIOOCqOOCr+ODqeODhOODiCAyIEYg77yIU1BL77yJ,,4peH44Or44Kz44OD44Kv44K544Od44Or44OG44Kj44OVIGxlIGNvcSBzcG9ydGlmIOOCqOOCr+ODqeODhOODiCAyIEbjgIIK55Sy44OZ44K544OI44Gr44CB44OW44Op44Oz44OJ44Gu44Ot44K05Yi644GX44KF44GG44KS5pa944GX44Gf44Kt44OD44K655So44K544OL44O844Kr44O844Gn44GZ44CCCuOCt+ODs+ODl+ODq+OBquODh+OCtuOCpOODs+OBp+WQiOOCj+OBm+OChOOBmeOBj+OAgeODl+ODrOOCvOODs+ODiOOBq+OCguOBiuOBmeOBmeOCgeOAggrkuK3mlbfjgavjga/lt6blj7PjgYzjgo/jgYvjgovjgqzjgqTjg4njgpLjg5fjg6rjg7Pjg4jjgZfjgabjgYTjgb7jgZnjgII8YnIgLz48YnIgLz48Yj7liKXjgqvjg6njg7zjga/jgZPjgaHjgonvvIEgV0hUKOODm+ODr+OCpOODiCkgQkxLKOODluODqeODg+OCryk8L2I+PGJyIC8+PGJyIC8+44O7IOWVhuWTgeeVquWPtzogTEUxNDUyQkMxNDE1MTxiciAvPuODuyDjg5bjg6njg7Pjg4nllYblk4Hnlarlj7c6IFFFTi02MzA3U1AgU1BLPGJyIC8+44O7IOODluODqeODs+ODieWQjTogbGUgY29xIHNwb3J0aWY8YnIgLz7jg7sg6ImyOiBTUEs8YnIgLz7jg7sg5Y6f55Sj5Zu9OiDjg5njg4jjg4rjg6A8YnIgLz7jg7sg44OS44O844Or44Gu5Z6LOiDjg5Xjg6njg4Pjg4g8YnIgLz7jg7sg44OI44Kl44K/44Kk44OXOiDjg6njgqbjg7Pjg4k8YnIgLz7jg7sg44Kv44Ot44O844K444Oz44KwOiDjg5njg6vjgq/jg608YnIgLz7jg7sg44Ki44OD44OR44O857Sg5p2QOiDlkIjmiJDnmq7pnak8YnIgLz7jg7sg44K944O844Or57Sg5p2QOiDjgrTjg6A8YnIgLz7jg7sg44OW44Op44Oz44OJ44Gu57S55LuLOiDpm4Tpto/jga7jg5bjg6njg7Pjg4njg57jg7zjgq/jgYzjgYLjgb7jgorjgavjgoLmnInlkI3jgapsZSBjb3Egc3BvcnRpZu+8iOODq+OCs+ODg+OCr+OCueODneODq+ODhuOCo+ODle+8ieOBr+OAgTE4ODLlubTjgavnlJ/jgb7jgozjgZ/jgIHjg5Xjg6njg7PjgrnjgafmnIDjgoLlj6TjgYTjgrnjg53jg7zjg4Tjg6Hjg7zjgqvjg7zjgafjgZnjgILjg5Xjg4Pjg4jjg5zjg7zjg6vjgoTjg4bjg4vjgrnjgIHjg6njg7Pjg4vjg7PjgrDjgoTjgrXjgqTjgq/jg6rjg7PjgrDjgarjganjgIHmlbDlpJrjgY/jga7nq7bmioDjga7jgZ/jgoHjgavnlJ/jgb/lh7rjgZXjgozjgabjgY3jgZ/pnanmlrDnmoTjgarjgqLjgqTjg4bjg6Djga/jgIHlpJrjgY/jga7kuIDmtYHjgqLjgrnjg6rjg7zjg4jjgpLjgoLprYXkuobjgILjgqjjgrnjg5fjg6rjga7lirnjgYTjgZ/jg4fjgrbjgqTjg7PjgavjgoLlrproqZXjgYzjgYLjgotsZSBjb3Egc3BvcnRpZu+8iOODq+OCs+ODg+OCr+OCueODneODq+ODhuOCo+ODle+8ieOBr+OAgeS8nee1seOBq+e4m+OCieOCjOOBmuOAgeWNmOe0lOOBquaWsOOBl+OBleOBq+mAg+OBkuOCi+OBk+OBqOOCguOBm+OBmuOBq+OAgeW4uOOBq+e1tuWmmeOBquODkOODqeODs+OCueaEn+immuOBp+OCueODneODvOODhOOBqOODleOCoeODg+OCt+ODp+ODs+OCkuiejeWQiOOBl+OBpuOBhOOBvuOBmeOAgjxiciAvPg==,44CQ44Ki44Km44OI44Os44OD44OI44CR44Or44Kz44OD44Kv44K544Od44Or44OG44Kj44OVIGxlIGNvcSBzcG9ydGlmIOOCqOOCr+ODqeODhOODiCAyIEYg77yIU1BL77yJ77yaTE9DT01BTEzvvIjjg63jgrPjg7Pjg4nlhazlvI/jgrnjg4jjgqLvvIk=,6YCa5L+h6LKp5aOy6YCa6LKp44K344On44OD44OU44Oz44Kw44Kq44Oz44Op44Kk44Oz44K344On44OD44OU44Oz44Kw6LK344GE54mp44OX44Os44K844Oz44OI44Ku44OV44OI6LSI44KK54mp6LSI562U5ZOB44GK5Lit5YWD44GK5q2z5pqu44GK6LK344GE5b6X6Z2044OQ44OD44Kw6YCa6LKp44K344Ol44O844K644OR44Oz44OX44K544K544OL44O844Kr44O844K144Oz44OA44Or44OW44O844OE44CQ44Ki44Km44OI44Os44OD44OI44CR44Or44Kz44OD44Kv44K544Od44Or44OG44Kj44OVIGxlIGNvcSBzcG9ydGlmIOOCqOOCr+ODqeODhOODiCAyIEYg77yIU1BL77yJ,44CQ44GC44GZ5qW944CR44CQ5Lqk5o+b44O76L+U5ZOB5Y+v6IO944CRL+OCt+ODpeODvOOCui/jg63jgrPjg7Pjg4kv44CC44CQ44Ki44Km44OI44Os44OD44OI44CR44Or44Kz44OD44Kv44K544Od44Or44OG44Kj44OVIGxlIGNvcSBzcG9ydGlmIOOCqOOCr+ODqeODhOODiCAyIEYg77yIU1BL77yJ[rn]
14-157874,aHR0cDovL3RzaG9wLnIxMHMuanAvbG9jb25kby9jYWJpbmV0L2NvbW1vZGl0eS84NzEvaHUxMjQ1YmMxMDcwMF8xLmpwZz9maXRpbj03MDA6NzAw,MTIxOS4yMDAw,,44Kt44OD44K644O744OZ44OT44O844O744Oe44K/44OL44OG44KjID4g44Kt44OD44K6ID4g6Z20ID4g44K544OL44O844Kr44O8,44CQ44Ki44Km44OI44Os44OD44OI44CR44OP44OD44K344Ol44Ki44OD44K344OlIEh1c0h1c0gg44K544OL44O844Kr44O8IO+8iOODluODqeODg+OCr++8iQ==,,4peH44OP44OD44K344Ol44Ki44OD44K344OlIEh1c0h1c0gg44K544OL44O844Kr44O8IOOAggrjg4Hjgqfjg4Pjgq/Dl+OBi+OBi+OBqOOBruODieODg+ODiOafhOOBjOWPr+aEm+OBhOOCrOODvOODq+OCuueUqOOCueODi+ODvOOCq+ODvOOBp+OBmeOAgjxiciAvPjxiciAvPjxiPuWIpeOCq+ODqeODvOOBr+OBk+OBoeOCie+8gSA1Mijjg5njg7zjgrjjg6UpIDcyKOODlOODs+OCryk8L2I+PGJyIC8+PGJyIC8+44O7IOWVhuWTgeeVquWPtzogSFUxMjQ1QkMxMDcwMDxiciAvPuODuyDjg5bjg6njg7Pjg4nllYblk4Hnlarlj7c6IDk1MzAyIDE5PGJyIC8+44O7IOODluODqeODs+ODieWQjTogSHVzSHVzSDxiciAvPuODuyDoibI6IDE5PGJyIC8+44O7IOWOn+eUo+WbvTog5Lit5Zu9PGJyIC8+44O7IOODkuODvOODq+OBruWeizog44OV44Op44OD44OIPGJyIC8+44O7IOODiOOCpeOCv+OCpOODlzog44Op44Km44Oz44OJPGJyIC8+44O7IOOCr+ODreODvOOCuOODs+OCsDog44OZ44Or44Kv44OtPGJyIC8+,44CQ44Ki44Km44OI44Os44OD44OI44CR44OP44OD44K344Ol44Ki44OD44K344OlIEh1c0h1c0gg44K544OL44O844Kr44O8IO+8iOODluODqeODg+OCr++8ie+8mkxPQ09NQUxM77yI44Ot44Kz44Oz44OJ5YWs5byP44K544OI44Ki77yJ,6YCa5L+h6LKp5aOy6YCa6LKp44K344On44OD44OU44Oz44Kw44Kq44Oz44Op44Kk44Oz44K344On44OD44OU44Oz44Kw6LK344GE54mp44OX44Os44K844Oz44OI44Ku44OV44OI6LSI44KK54mp6LSI562U5ZOB44GK5Lit5YWD44GK5q2z5pqu44GK6LK344GE5b6X6Z2044OQ44OD44Kw6YCa6LKp44K344Ol44O844K644OR44Oz44OX44K544K544OL44O844Kr44O844K144Oz44OA44Or44OW44O844OE44CQ44Ki44Km44OI44Os44OD44OI44CR44OP44OD44K344Ol44Ki44OD44K344OlIEh1c0h1c0gg44K544OL44O844Kr44O8IO+8iOODluODqeODg+OCr++8iQ==,44CQ44GC44GZ5qW944CR44CQ5Lqk5o+b44O76L+U5ZOB5Y+v6IO944CRL+OCt+ODpeODvOOCui/jg63jgrPjg7Pjg4kv44CC44CQ44Ki44Km44OI44Os44OD44OI44CR44OP44OD44K344Ol44Ki44OD44K344OlIEh1c0h1c0gg44K544OL44O844Kr44O8IO+8iOODluODqeODg+OCr++8iQ==[rn]
14-157875,aHR0cDovL3RzaG9wLnIxMHMuanAvbG9jb25kby9jYWJpbmV0L2NvbW1vZGl0eS84NzEvaHUxMjQ1YmMxMDcwMV8xLmpwZz9maXRpbj03MDA6NzAw,NTY5LjYwMDA=,,44Kt44OD44K644O744OZ44OT44O844O744Oe44K/44OL44OG44KjID4g44Kt44OD44K6ID4g6Z20ID4g44K544OL44O844Kr44O8,44CQ44Ki44Km44OI44Os44OD44OI44CR44OP44OD44K344Ol44Ki44OD44K344OlIEh1c0h1c0gg44K544OL44O844Kr44O8IO+8iOODmeODvOOCuOODpe+8iQ==,,4peH44OP44OD44K344Ol44Ki44OD44K344OlIEh1c0h1c0gg44K544OL44O844Kr44O8IOOAggrjg4Hjgqfjg4Pjgq/Dl+OBi+OBi+OBqOOBruODieODg+ODiOafhOOBjOWPr+aEm+OBhOOCrOODvOODq+OCuueUqOOCueODi+ODvOOCq+ODvOOBp+OBmeOAgjxiciAvPjxiciAvPjxiPuWIpeOCq+ODqeODvOOBr+OBk+OBoeOCie+8gSAxOSjjg5bjg6njg4Pjgq8pIDcyKOODlOODs+OCryk8L2I+PGJyIC8+PGJyIC8+44O7IOWVhuWTgeeVquWPtzogSFUxMjQ1QkMxMDcwMTxiciAvPuODuyDjg5bjg6njg7Pjg4nllYblk4Hnlarlj7c6IDk1MzAyIDUyPGJyIC8+44O7IOODluODqeODs+ODieWQjTogSHVzSHVzSDxiciAvPuODuyDoibI6IDUyPGJyIC8+44O7IOWOn+eUo+WbvTog5Lit5Zu9PGJyIC8+44O7IOODkuODvOODq+OBruWeizog44OV44Op44OD44OIPGJyIC8+44O7IOODiOOCpeOCv+OCpOODlzog44Op44Km44Oz44OJPGJyIC8+44O7IOOCr+ODreODvOOCuOODs+OCsDog44OZ44Or44Kv44OtPGJyIC8+,44CQ44Ki44Km44OI44Os44OD44OI44CR44OP44OD44K344Ol44Ki44OD44K344OlIEh1c0h1c0gg44K544OL44O844Kr44O8IO+8iOODmeODvOOCuOODpe+8ie+8mkxPQ09NQUxM77yI44Ot44Kz44Oz44OJ5YWs5byP44K544OI44Ki77yJ,6YCa5L+h6LKp5aOy6YCa6LKp44K344On44OD44OU44Oz44Kw44Kq44Oz44Op44Kk44Oz44K344On44OD44OU44Oz44Kw6LK344GE54mp44OX44Os44K844Oz44OI44Ku44OV44OI6LSI44KK54mp6LSI562U5ZOB44GK5Lit5YWD44GK5q2z5pqu44GK6LK344GE5b6X6Z2044OQ44OD44Kw6YCa6LKp44K344Ol44O844K644OR44Oz44OX44K544K544OL44O844Kr44O844K144Oz44OA44Or44OW44O844OE44CQ44Ki44Km44OI44Os44OD44OI44CR44OP44OD44K344Ol44Ki44OD44K344OlIEh1c0h1c0gg44K544OL44O844Kr44O8IO+8iOODmeODvOOCuOODpe+8iQ==,44CQ44GC44GZ5qW944CR44CQ5Lqk5o+b44O76L+U5ZOB5Y+v6IO944CRL+OCt+ODpeODvOOCui/jg63jgrPjg7Pjg4kv44CC44CQ44Ki44Km44OI44Os44OD44OI44CR44OP44OD44K344Ol44Ki44OD44K344OlIEh1c0h1c0gg44K544OL44O844Kr44O8IO+8iOODmeODvOOCuOODpe+8iQ==[rn]
14-157876,aHR0cDovL3RzaG9wLnIxMHMuanAvbG9jb25kby9jYWJpbmV0L2NvbW1vZGl0eS82NTAvbGUxNDUyYmMxMzI0Ml8xLmpwZz9maXRpbj03MDA6NzAw,MjcyMS42MDAw,,44Kt44OD44K644O744OZ44OT44O844O744Oe44K/44OL44OG44KjID4g44Kt44OD44K6ID4g6Z20ID4g44K544OL44O844Kr44O8,44CQ44Ki44Km44OI44Os44OD44OI44CR44Or44Kz44OD44Kv44K544Od44Or44OG44Kj44OVIGxlIGNvcSBzcG9ydGlmIOODouODs+ODmuODquOCqCAzIEFSVCBGIO+8iOODluODqeODg+OCr++8iQ==,,4peH44Or44Kz44OD44Kv44K544Od44Or44OG44Kj44OVIGxlIGNvcSBzcG9ydGlmIOODouODs+ODmuODquOCqCAzIEFSVCBGIOOAggpQT1Djgarjg5fjg6rjg7Pjg4jjg4fjgrbjgqTjg7PjgYzlj6/mhJvjgYTjgq3jg4Pjgrrjgrnjg4vjg7zjgqvjg7zjgafjgZnjgIIK44OZ44Or44Kv44Ot5LuV5qeY44Gn6ISx44GO5bGl44GN44KC44K544Og44O844K644Gr44GK44GT44Gq44GI44G+44GZ44CCCmVkaXRlZCBieSBuYWNobzxiciAvPjxiciAvPjxiPuWIpeOCq+ODqeODvOOBr+OBk+OBoeOCie+8gSBZQ0so44Kk44Ko44Ot44O8KSBQRFQo44OU44Oz44KvKSBTQUco44OW44Or44O8KTwvYj48YnIgLz48YnIgLz7jg7sg5ZWG5ZOB55Wq5Y+3OiBMRTE0NTJCQzEzMjQyPGJyIC8+44O7IOODluODqeODs+ODieWVhuWTgeeVquWPtzogUUVOLTYxMDVCQyBCQ0s8YnIgLz7jg7sg44OW44Op44Oz44OJ5ZCNOiBsZSBjb3Egc3BvcnRpZjxiciAvPuODuyDoibI6IEJDSzxiciAvPuODuyDljp/nlKPlm706IOS4reWbvTxiciAvPuODuyDjg5Ljg7zjg6vjga7lnos6IOODleODqeODg+ODiDxiciAvPuODuyDjg4jjgqXjgr/jgqTjg5c6IOODqeOCpuODs+ODiTxiciAvPuODuyDjgq/jg63jg7zjgrjjg7PjgrA6IOODmeODq+OCr+ODrTxiciAvPuODuyDjgqLjg4Pjg5Hjg7zntKDmnZA6IOWQiOaIkOearumdqTxiciAvPuODuyDjgr3jg7zjg6vntKDmnZA6IOOCtOODoDxiciAvPuODuyDjg5bjg6njg7Pjg4njga7ntLnku4s6IOmbhOm2j+OBruODluODqeODs+ODieODnuODvOOCr+OBjOOBguOBvuOCiuOBq+OCguacieWQjeOBqmxlIGNvcSBzcG9ydGlm77yI44Or44Kz44OD44Kv44K544Od44Or44OG44Kj44OV77yJ44Gv44CBMTg4MuW5tOOBq+eUn+OBvuOCjOOBn+OAgeODleODqeODs+OCueOBp+acgOOCguWPpOOBhOOCueODneODvOODhOODoeODvOOCq+ODvOOBp+OBmeOAguODleODg+ODiOODnOODvOODq+OChOODhuODi+OCueOAgeODqeODs+ODi+ODs+OCsOOChOOCteOCpOOCr+ODquODs+OCsOOBquOBqeOAgeaVsOWkmuOBj+OBruertuaKgOOBruOBn+OCgeOBq+eUn+OBv+WHuuOBleOCjOOBpuOBjeOBn+mdqeaWsOeahOOBquOCouOCpOODhuODoOOBr+OAgeWkmuOBj+OBruS4gOa1geOCouOCueODquODvOODiOOCkuOCgumtheS6huOAguOCqOOCueODl+ODquOBruWKueOBhOOBn+ODh+OCtuOCpOODs+OBq+OCguWumuipleOBjOOBguOCi2xlIGNvcSBzcG9ydGlm77yI44Or44Kz44OD44Kv44K544Od44Or44OG44Kj44OV77yJ44Gv44CB5Lyd57Wx44Gr57ib44KJ44KM44Ga44CB5Y2Y57SU44Gq5paw44GX44GV44Gr6YCD44GS44KL44GT44Go44KC44Gb44Ga44Gr44CB5bi444Gr57W25aaZ44Gq44OQ44Op44Oz44K55oSf6Kaa44Gn44K544Od44O844OE44Go44OV44Kh44OD44K344On44Oz44KS6J6N5ZCI44GX44Gm44GE44G+44GZ44CCPGJyIC8+,44CQ44Ki44Km44OI44Os44OD44OI44CR44Or44Kz44OD44Kv44K544Od44Or44OG44Kj44OVIGxlIGNvcSBzcG9ydGlmIOODouODs+ODmuODquOCqCAzIEFSVCBGIO+8iOODluODqeODg+OCr++8ie+8mkxPQ09NQUxM77yI44Ot44Kz44Oz44OJ5YWs5byP44K544OI44Ki77yJ,6YCa5L+h6LKp5aOy6YCa6LKp44K344On44OD44OU44Oz44Kw44Kq44Oz44Op44Kk44Oz44K344On44OD44OU44Oz44Kw6LK344GE54mp44OX44Os44K844Oz44OI44Ku44OV44OI6LSI44KK54mp6LSI562U5ZOB44GK5Lit5YWD44GK5q2z5pqu44GK6LK344GE5b6X6Z2044OQ44OD44Kw6YCa6LKp44K344Ol44O844K644OR44Oz44OX44K544K544OL44O844Kr44O844K144Oz44OA44Or44OW44O844OE44CQ44Ki44Km44OI44Os44OD44OI44CR44Or44Kz44OD44Kv44K544Od44Or44OG44Kj44OVIGxlIGNvcSBzcG9ydGlmIOODouODs+ODmuODquOCqCAzIEFSVCBGIO+8iOODluODqeODg+OCr++8iQ==,44CQ44GC44GZ5qW944CR44CQ5Lqk5o+b44O76L+U5ZOB5Y+v6IO944CRL+OCt+ODpeODvOOCui/jg63jgrPjg7Pjg4kv44CC44CQ44Ki44Km44OI44Os44OD44OI44CR44Or44Kz44OD44Kv44K544Od44Or44OG44Kj44OVIGxlIGNvcSBzcG9ydGlmIOODouODs+ODmuODquOCqCAzIEFSVCBGIO+8iOODluODqeODg+OCr++8iQ==[rn]
14-157877,aHR0cDovL3RzaG9wLnIxMHMuanAvbG9jb25kby9jYWJpbmV0L2NvbW1vZGl0eS81NjkvbGkyMjY3YmIwMDAwMl8xLmpwZz9maXRpbj03MDA6NzAw,MTE2OS42MDAw,,44Kt44OD44K644O744OZ44OT44O844O744Oe44K/44OL44OG44KjID4g44Kt44OD44K6ID4g6Z20ID4g44K544OL44O844Kr44O8,44CQ44Ki44Km44OI44Os44OD44OI44CRU0hPReODu1BMQVpBIOODquODiOODq+OCueODhuODg+ODlyBMSVRUTEUgU1RFUCBMUyBCMTQg77yI44K144OD44Kv44K577yJ,,4peHTElUVExF77yI44Oq44OI44Or44K544OG44OD44OX77yJ44Gu44OZ44OT44O844K344Ol44O844K644CCCuOAjOODquODiOODq+OCueODhuODg+ODl+OAjeOBruWxpeOBhOOBpuiCsuOBpuOCi+apn+iDvemdtOKYhgrjgYrlrZDmp5jjgavlsaXjgYvjgZvjgoTjgZnjgYTjg5njg5Pjg7zjgrfjg6Xjg7zjgrrjgafjgZnvvIEK6Z2i44OV44Kh44K544OK44O877yI552A6ISx44OG44O844OX77yJ44K/44Kk44OX44Gq44Gu44Gn44CB57Ch5Y2Y44Gr552A6ISx5Y+v6IO944CCCueUsuODkOODs+ODieOBjOaIu+OCiuOBq+OBj+OBhOaWsOODkeOCv+ODvOODs+aOoeeUqOOBp+OBiuWtkOanmOOBq+WxpeOBi+OBm+OChOOBmeOBhOOBruOCguOBhuOCjOOBl+OBhOODneOCpOODs+ODiOOBp+OBmeKZqgrjg5Hjgrnjg4bjg6vjgqvjg6njg7zjgYzjgYrlrZDmp5jjga7otrPlhYPjgpLjgq3jg6Xjg7zjg4jjgavmvJTlh7rjgZfjgabjgY/jgozjgb7jgZnjgIIKd3JpdHRlbiBieSBkZWd1PGJyIC8+PGJyIC8+PGI+5Yil44Kr44Op44O844Gv44GT44Gh44KJ77yBIOODlOODs+OCrzwvYj48YnIgLz48YnIgLz7jg7sg5ZWG5ZOB55Wq5Y+3OiBMSTIyNjdCQjAwMDAyPGJyIC8+44O7IOODluODqeODs+ODieWVhuWTgeeVquWPtzogTFMgQjE0IOOCteODg+OCr+OCuTxiciAvPuODuyDjg5bjg6njg7Pjg4nlkI06IExJVFRMRSBTVEVQPGJyIC8+44O7IOiJsjog44K144OD44Kv44K5PGJyIC8+44O7IOWOn+eUo+WbvTog5Lit5Zu9PGJyIC8+44O7IOODkuODvOODq+OBruWeizog44OV44Op44OD44OIPGJyIC8+44O7IOODiOOCpeOCv+OCpOODlzog44Op44Km44Oz44OJPGJyIC8+44O7IOmdtOW5hTogMkXvvIjmma7pgJrvvIk8YnIgLz7jg7sg44Kv44Ot44O844K444Oz44KwOiDjg5njg6vjgq/jg608YnIgLz7jg7sg44Ki44OD44OR44O857Sg5p2QOiDjgZ3jga7ku5blkIjmiJDnuYrntq08YnIgLz7jg7sg44K944O844Or57Sg5p2QOiDjgrTjg6A8YnIgLz4=,44CQ44Ki44Km44OI44Os44OD44OI44CRU0hPReODu1BMQVpBIOODquODiOODq+OCueODhuODg+ODlyBMSVRUTEUgU1RFUCBMUyBCMTQg77yI44K144OD44Kv44K577yJ77yaTE9DT01BTEzvvIjjg63jgrPjg7Pjg4nlhazlvI/jgrnjg4jjgqLvvIk=,6YCa5L+h6LKp5aOy6YCa6LKp44K344On44OD44OU44Oz44Kw44Kq44Oz44Op44Kk44Oz44K344On44OD44OU44Oz44Kw6LK344GE54mp44OX44Os44K844Oz44OI44Ku44OV44OI6LSI44KK54mp6LSI562U5ZOB44GK5Lit5YWD44GK5q2z5pqu44GK6LK344GE5b6X6Z2044OQ44OD44Kw6YCa6LKp44K344Ol44O844K644OR44Oz44OX44K544K544OL44O844Kr44O844K144Oz44OA44Or44OW44O844OE44CQ44Ki44Km44OI44Os44OD44OI44CRU0hPReODu1BMQVpBIOODquODiOODq+OCueODhuODg+ODlyBMSVRUTEUgU1RFUCBMUyBCMTQg77yI44K144OD44Kv44K577yJ,44CQ44GC44GZ5qW944CR44CQ5Lqk5o+b44O76L+U5ZOB5Y+v6IO944CRL+OCt+ODpeODvOOCui/jg63jgrPjg7Pjg4kv44CC44CQ44Ki44Km44OI44Os44OD44OI44CRU0hPReODu1BMQVpBIOODquODiOODq+OCueODhuODg+ODlyBMSVRUTEUgU1RFUCBMUyBCMTQg77yI44K144OD44Kv44K577yJ[rn]
14-157878,aHR0cDovL3RzaG9wLnIxMHMuanAvbG9jb25kby9jYWJpbmV0L2NvbW1vZGl0eS8zMTEvbGUxNDUyYmMxMzQ1OV8xLmpwZz9maXRpbj03MDA6NzAw,MjYzMC40MDAw,,44Kt44OD44K644O744OZ44OT44O844O744Oe44K/44OL44OG44KjID4g44Kt44OD44K6ID4g6Z20ID4g44K544OL44O844Kr44O8,44CQ44Ki44Km44OI44Os44OD44OI44CR44Or44Kz44OD44Kv44K544Od44Or44OG44Kj44OVIGxlIGNvcSBzcG9ydGlmIOOCteODs+OCuOODpOODjSAzIO+8iOODlOODs+OCr++8iQ==,,4peH44Or44Kz44OD44Kv44K544Od44Or44OG44Kj44OVIGxlIGNvcSBzcG9ydGlmIOOCteODs+OCuOODpOODjSAzIOOAggrjgqLjg4Pjg5Hjg7zjgavjg6Hjg4Pjgrfjg6XjgpLmjqHnlKjjgZfjgZ/pgJrmsJfmgKfjga7jgojjgYTkuIDotrPjgafjgIHou73ph4/jgarjga7jgafnlrLjgozjgavjgY/jgYTjga7jgoLjg53jgqTjg7Pjg4jjgIIK5bGI5puy5oCn44KE44Kv44OD44K344On44Oz5oCn44Gr44KC5YSq44KM44Gm44GK44KK44CB5bGl44GN5b+D5Zyw44KC5oqc576k44Gn44GZ44CCPGJyIC8+PGJyIC8+PGI+5Yil44Kr44Op44O844Gv44GT44Gh44KJ77yBIE5ZTCjjg43jgqTjg5Pjg7wpIEJCSyjjg5bjg6vjg7wpIExHUijjgqTjgqjjg63jg7wpPC9iPjxiciAvPjxiciAvPuODuyDllYblk4Hnlarlj7c6IExFMTQ1MkJDMTM0NTk8YnIgLz7jg7sg44OW44Op44Oz44OJ5ZWG5ZOB55Wq5Y+3OiBRRU4tNjIwMFBCIFBCSzxiciAvPuODuyDjg5bjg6njg7Pjg4nlkI06IGxlIGNvcSBzcG9ydGlmPGJyIC8+44O7IOiJsjogUEJLPGJyIC8+44O7IOWOn+eUo+WbvTog5Lit5Zu9PGJyIC8+44O7IOODkuODvOODq+OBruWeizog44OV44Op44OD44OIPGJyIC8+44O7IOODiOOCpeOCv+OCpOODlzog44Op44Km44Oz44OJPGJyIC8+44O7IOOCr+ODreODvOOCuOODs+OCsDog44OZ44Or44Kv44OtPGJyIC8+44O7IOOCouODg+ODkeODvOe0oOadkDog44Gd44Gu5LuW5ZCI5oiQ57mK57atPGJyIC8+44O7IOOCveODvOODq+e0oOadkDog5ZCI5oiQPGJyIC8+44O7IOODluODqeODs+ODieOBrue0ueS7izog6ZuE6baP44Gu44OW44Op44Oz44OJ44Oe44O844Kv44GM44GC44G+44KK44Gr44KC5pyJ5ZCN44GqbGUgY29xIHNwb3J0aWbvvIjjg6vjgrPjg4Pjgq/jgrnjg53jg6vjg4bjgqPjg5XvvInjga/jgIExODgy5bm044Gr55Sf44G+44KM44Gf44CB44OV44Op44Oz44K544Gn5pyA44KC5Y+k44GE44K544Od44O844OE44Oh44O844Kr44O844Gn44GZ44CC44OV44OD44OI44Oc44O844Or44KE44OG44OL44K544CB44Op44Oz44OL44Oz44Kw44KE44K144Kk44Kv44Oq44Oz44Kw44Gq44Gp44CB5pWw5aSa44GP44Gu56u25oqA44Gu44Gf44KB44Gr55Sf44G/5Ye644GV44KM44Gm44GN44Gf6Z2p5paw55qE44Gq44Ki44Kk44OG44Og44Gv44CB5aSa44GP44Gu5LiA5rWB44Ki44K544Oq44O844OI44KS44KC6a2F5LqG44CC44Ko44K544OX44Oq44Gu5Yq544GE44Gf44OH44K244Kk44Oz44Gr44KC5a6a6KmV44GM44GC44KLbGUgY29xIHNwb3J0aWbvvIjjg6vjgrPjg4Pjgq/jgrnjg53jg6vjg4bjgqPjg5XvvInjga/jgIHkvJ3ntbHjgavnuJvjgonjgozjgZrjgIHljZjntJTjgarmlrDjgZfjgZXjgavpgIPjgZLjgovjgZPjgajjgoLjgZvjgZrjgavjgIHluLjjgavntbblppnjgarjg5Djg6njg7PjgrnmhJ/opprjgafjgrnjg53jg7zjg4Tjgajjg5XjgqHjg4Pjgrfjg6fjg7PjgpLono3lkIjjgZfjgabjgYTjgb7jgZnjgII8YnIgLz4=,44CQ44Ki44Km44OI44Os44OD44OI44CR44Or44Kz44OD44Kv44K544Od44Or44OG44Kj44OVIGxlIGNvcSBzcG9ydGlmIOOCteODs+OCuOODpOODjSAzIO+8iOODlOODs+OCr++8ie+8mkxPQ09NQUxM77yI44Ot44Kz44Oz44OJ5YWs5byP44K544OI44Ki77yJ,6YCa5L+h6LKp5aOy6YCa6LKp44K344On44OD44OU44Oz44Kw44Kq44Oz44Op44Kk44Oz44K344On44OD44OU44Oz44Kw6LK344GE54mp44OX44Os44K844Oz44OI44Ku44OV44OI6LSI44KK54mp6LSI562U5ZOB44GK5Lit5YWD44GK5q2z5pqu44GK6LK344GE5b6X6Z2044OQ44OD44Kw6YCa6LKp44K344Ol44O844K644OR44Oz44OX44K544K544OL44O844Kr44O844K144Oz44OA44Or44OW44O844OE44CQ44Ki44Km44OI44Os44OD44OI44CR44Or44Kz44OD44Kv44K544Od44Or44OG44Kj44OVIGxlIGNvcSBzcG9ydGlmIOOCteODs+OCuOODpOODjSAzIO+8iOODlOODs+OCr++8iQ==,44CQ44GC44GZ5qW944CR44CQ5Lqk5o+b44O76L+U5ZOB5Y+v6IO944CRL+OCt+ODpeODvOOCui/jg63jgrPjg7Pjg4kv44CC44CQ44Ki44Km44OI44Os44OD44OI44CR44Or44Kz44OD44Kv44K544Od44Or44OG44Kj44OVIGxlIGNvcSBzcG9ydGlmIOOCteODs+OCuOODpOODjSAzIO+8iOODlOODs+OCr++8iQ==[rn]
14-157879,aHR0cDovL3RzaG9wLnIxMHMuanAvbG9jb25kby9jYWJpbmV0L2NvbW1vZGl0eS82NTAvbGUxNDUyYmMxMzI3MF8xLmpwZz9maXRpbj03MDA6NzAw,MjA0MC44MDAw,,44Kt44OD44K644O744OZ44OT44O844O744Oe44K/44OL44OG44KjID4g44Kt44OD44K6ID4g6Z20ID4g44K544OL44O844Kr44O8,44CQ44Ki44Km44OI44Os44OD44OI44CR44Or44Kz44OD44Kv44K544Od44Or44OG44Kj44OVIGxlIGNvcSBzcG9ydGlmIOODhuODq+ODiiDjgrnjg6rjg4Tjg53jg7MgSyDvvIjjgrDjg6zjg7zvvIk=,,4peH44Or44Kz44OD44Kv44K544Od44Or44OG44Kj44OVIGxlIGNvcSBzcG9ydGlmIOODhuODq+ODiiDjgrnjg6rjg4Tjg53jg7MgSyAK44K544Oq44OD44Od44Oz44K/44Kk44OX44Gu44Kt44OD44K644K544OL44O844Kr44O844CC57SQ44GM54Sh44GE44Gu44Gn6ISx44GO5bGl44GN57Ch5Y2Y44Gn44GZ44CCCuWxiOabsuaAp+OBruOCiOOBhOOCveODvOODq+OBp+OAgeatqeOBjeOChOOBmeOBleOCguaKnOe+pO+8gei7vemHj+OBp+alveOAheWxpeOBkeOCi+OBruOCguWsieOBl+OBhOOBqOOBk+OCjeOBp+OBmeOAggpFZGl0ZWQgYnkgbmFrYW1vbzxiciAvPjxiciAvPjxiPuWIpeOCq+ODqeODvOOBr+OBk+OBoeOCie+8gSBOVlko44ON44Kk44OT44O8KSBOU1Ao44ON44Kk44OT44O8KTwvYj48YnIgLz48YnIgLz7jg7sg5ZWG5ZOB55Wq5Y+3OiBMRTE0NTJCQzEzMjcwPGJyIC8+44O7IOODluODqeODs+ODieWVhuWTgeeVquWPtzogUUVOLTYxMTJHUiBHUlk8YnIgLz7jg7sg44OW44Op44Oz44OJ5ZCNOiBsZSBjb3Egc3BvcnRpZjxiciAvPuODuyDoibI6IEdSWTxiciAvPuODuyDljp/nlKPlm706IOS4reWbvTxiciAvPuODuyDjg5Ljg7zjg6vjga7lnos6IOODleODqeODg+ODiDxiciAvPuODuyDjg4jjgqXjgr/jgqTjg5c6IOODqeOCpuODs+ODiTxiciAvPuODuyDjgqLjg4Pjg5Hjg7zntKDmnZA6IOOBneOBruS7luWQiOaIkOe5iue2rTxiciAvPuODuyDjgr3jg7zjg6vntKDmnZA6IOWQiOaIkDxiciAvPuODuyDjg5bjg6njg7Pjg4njga7ntLnku4s6IOmbhOm2j+OBruODluODqeODs+ODieODnuODvOOCr+OBjOOBguOBvuOCiuOBq+OCguacieWQjeOBqmxlIGNvcSBzcG9ydGlm77yI44Or44Kz44OD44Kv44K544Od44Or44OG44Kj44OV77yJ44Gv44CBMTg4MuW5tOOBq+eUn+OBvuOCjOOBn+OAgeODleODqeODs+OCueOBp+acgOOCguWPpOOBhOOCueODneODvOODhOODoeODvOOCq+ODvOOBp+OBmeOAguODleODg+ODiOODnOODvOODq+OChOODhuODi+OCueOAgeODqeODs+ODi+ODs+OCsOOChOOCteOCpOOCr+ODquODs+OCsOOBquOBqeOAgeaVsOWkmuOBj+OBruertuaKgOOBruOBn+OCgeOBq+eUn+OBv+WHuuOBleOCjOOBpuOBjeOBn+mdqeaWsOeahOOBquOCouOCpOODhuODoOOBr+OAgeWkmuOBj+OBruS4gOa1geOCouOCueODquODvOODiOOCkuOCgumtheS6huOAguOCqOOCueODl+ODquOBruWKueOBhOOBn+ODh+OCtuOCpOODs+OBq+OCguWumuipleOBjOOBguOCi2xlIGNvcSBzcG9ydGlm77yI44Or44Kz44OD44Kv44K544Od44Or44OG44Kj44OV77yJ44Gv44CB5Lyd57Wx44Gr57ib44KJ44KM44Ga44CB5Y2Y57SU44Gq5paw44GX44GV44Gr6YCD44GS44KL44GT44Go44KC44Gb44Ga44Gr44CB5bi444Gr57W25aaZ44Gq44OQ44Op44Oz44K55oSf6Kaa44Gn44K544Od44O844OE44Go44OV44Kh44OD44K344On44Oz44KS6J6N5ZCI44GX44Gm44GE44G+44GZ44CCPGJyIC8+,44CQ44Ki44Km44OI44Os44OD44OI44CR44Or44Kz44OD44Kv44K544Od44Or44OG44Kj44OVIGxlIGNvcSBzcG9ydGlmIOODhuODq+ODiiDjgrnjg6rjg4Tjg53jg7MgSyDvvIjjgrDjg6zjg7zvvInvvJpMT0NPTUFMTO+8iOODreOCs+ODs+ODieWFrOW8j+OCueODiOOCou+8iQ==,6YCa5L+h6LKp5aOy6YCa6LKp44K344On44OD44OU44Oz44Kw44Kq44Oz44Op44Kk44Oz44K344On44OD44OU44Oz44Kw6LK344GE54mp44OX44Os44K844Oz44OI44Ku44OV44OI6LSI44KK54mp6LSI562U5ZOB44GK5Lit5YWD44GK5q2z5pqu44GK6LK344GE5b6X6Z2044OQ44OD44Kw6YCa6LKp44K344Ol44O844K644OR44Oz44OX44K544K544OL44O844Kr44O844K144Oz44OA44Or44OW44O844OE44CQ44Ki44Km44OI44Os44OD44OI44CR44Or44Kz44OD44Kv44K544Od44Or44OG44Kj44OVIGxlIGNvcSBzcG9ydGlmIOODhuODq+ODiiDjgrnjg6rjg4Tjg53jg7MgSyDvvIjjgrDjg6zjg7zvvIk=,44CQ44GC44GZ5qW944CR44CQ5Lqk5o+b44O76L+U5ZOB5Y+v6IO944CRL+OCt+ODpeODvOOCui/jg63jgrPjg7Pjg4kv44CC44CQ44Ki44Km44OI44Os44OD44OI44CR44Or44Kz44OD44Kv44K544Od44Or44OG44Kj44OVIGxlIGNvcSBzcG9ydGlmIOODhuODq+ODiiDjgrnjg6rjg4Tjg53jg7MgSyDvvIjjgrDjg6zjg7zvvIk=[rn]
14-157880,aHR0cDovL3RzaG9wLnIxMHMuanAvbG9jb25kby9jYWJpbmV0L2NvbW1vZGl0eS83NjcvbGUxNDUyYmMxNDE5NF8xLmpwZz9maXRpbj03MDA6NzAw,MjA0MC44MDAw,,44Kt44OD44K644O744OZ44OT44O844O744Oe44K/44OL44OG44KjID4g44Kt44OD44K6ID4g6Z20ID4g44K544OL44O844Kr44O8,44CQ44Ki44Km44OI44Os44OD44OI44CR44Or44Kz44OD44Kv44K544Od44Or44OG44Kj44OVIGxlIGNvcSBzcG9ydGlmIOODhuODq+ODiiDjgrnjg6rjg4Tjg53jg7MgSyDvvIhOV1LvvIk=,,4peH44Or44Kz44OD44Kv44K544Od44Or44OG44Kj44OVIGxlIGNvcSBzcG9ydGlmIOODhuODq+ODiiDjgrnjg6rjg4Tjg53jg7PjgIIK6ISx44GO5bGl44GN44Gu44GX44KE44GZ44GE44CB44Kt44OD44K655So44K544Oq44OD44Od44Oz44K344Ol44O844K644Gn44GZ44CCPGJyIC8+PGJyIC8+44O7IOWVhuWTgeeVquWPtzogTEUxNDUyQkMxNDE5NDxiciAvPuODuyDjg5bjg6njg7Pjg4nllYblk4Hnlarlj7c6IFFFTi02MzEzTlcgTldSPGJyIC8+44O7IOODluODqeODs+ODieWQjTogbGUgY29xIHNwb3J0aWY8YnIgLz7jg7sg6ImyOiBOV1I8YnIgLz7jg7sg5Y6f55Sj5Zu9OiDjg5njg4jjg4rjg6A8YnIgLz7jg7sg44OS44O844Or44Gu5Z6LOiDjg5Xjg6njg4Pjg4g8YnIgLz7jg7sg44OI44Kl44K/44Kk44OXOiDjg6njgqbjg7Pjg4k8YnIgLz7jg7sg44Ki44OD44OR44O857Sg5p2QOiDjgZ3jga7ku5bnlJ/lnLA8YnIgLz7jg7sg44K944O844Or57Sg5p2QOiDlkIjmiJA8YnIgLz7jg7sg44OW44Op44Oz44OJ44Gu57S55LuLOiDpm4Tpto/jga7jg5bjg6njg7Pjg4njg57jg7zjgq/jgYzjgYLjgb7jgorjgavjgoLmnInlkI3jgapsZSBjb3Egc3BvcnRpZu+8iOODq+OCs+ODg+OCr+OCueODneODq+ODhuOCo+ODle+8ieOBr+OAgTE4ODLlubTjgavnlJ/jgb7jgozjgZ/jgIHjg5Xjg6njg7PjgrnjgafmnIDjgoLlj6TjgYTjgrnjg53jg7zjg4Tjg6Hjg7zjgqvjg7zjgafjgZnjgILjg5Xjg4Pjg4jjg5zjg7zjg6vjgoTjg4bjg4vjgrnjgIHjg6njg7Pjg4vjg7PjgrDjgoTjgrXjgqTjgq/jg6rjg7PjgrDjgarjganjgIHmlbDlpJrjgY/jga7nq7bmioDjga7jgZ/jgoHjgavnlJ/jgb/lh7rjgZXjgozjgabjgY3jgZ/pnanmlrDnmoTjgarjgqLjgqTjg4bjg6Djga/jgIHlpJrjgY/jga7kuIDmtYHjgqLjgrnjg6rjg7zjg4jjgpLjgoLprYXkuobjgILjgqjjgrnjg5fjg6rjga7lirnjgYTjgZ/jg4fjgrbjgqTjg7PjgavjgoLlrproqZXjgYzjgYLjgotsZSBjb3Egc3BvcnRpZu+8iOODq+OCs+ODg+OCr+OCueODneODq+ODhuOCo+ODle+8ieOBr+OAgeS8nee1seOBq+e4m+OCieOCjOOBmuOAgeWNmOe0lOOBquaWsOOBl+OBleOBq+mAg+OBkuOCi+OBk+OBqOOCguOBm+OBmuOBq+OAgeW4uOOBq+e1tuWmmeOBquODkOODqeODs+OCueaEn+immuOBp+OCueODneODvOODhOOBqOODleOCoeODg+OCt+ODp+ODs+OCkuiejeWQiOOBl+OBpuOBhOOBvuOBmeOAgjxiciAvPg==,44CQ44Ki44Km44OI44Os44OD44OI44CR44Or44Kz44OD44Kv44K544Od44Or44OG44Kj44OVIGxlIGNvcSBzcG9ydGlmIOODhuODq+ODiiDjgrnjg6rjg4Tjg53jg7MgSyDvvIhOV1LvvInvvJpMT0NPTUFMTO+8iOODreOCs+ODs+ODieWFrOW8j+OCueODiOOCou+8iQ==,6YCa5L+h6LKp5aOy6YCa6LKp44K344On44OD44OU44Oz44Kw44Kq44Oz44Op44Kk44Oz44K344On44OD44OU44Oz44Kw6LK344GE54mp44OX44Os44K844Oz44OI44Ku44OV44OI6LSI44KK54mp6LSI562U5ZOB44GK5Lit5YWD44GK5q2z5pqu44GK6LK344GE5b6X6Z2044OQ44OD44Kw6YCa6LKp44K344Ol44O844K644OR44Oz44OX44K544K544OL44O844Kr44O844K144Oz44OA44Or44OW44O844OE44CQ44Ki44Km44OI44Os44OD44OI44CR44Or44Kz44OD44Kv44K544Od44Or44OG44Kj44OVIGxlIGNvcSBzcG9ydGlmIOODhuODq+ODiiDjgrnjg6rjg4Tjg53jg7MgSyDvvIhOV1LvvIk=,44CQ44GC44GZ5qW944CR44CQ5Lqk5o+b44O76L+U5ZOB5Y+v6IO944CRL+OCt+ODpeODvOOCui/jg63jgrPjg7Pjg4kv44CC44CQ44Ki44Km44OI44Os44OD44OI44CR44Or44Kz44OD44Kv44K544Od44Or44OG44Kj44OVIGxlIGNvcSBzcG9ydGlmIOODhuODq+ODiiDjgrnjg6rjg4Tjg53jg7MgSyDvvIhOV1LvvIk=[rn]
14-157881,aHR0cDovL3RzaG9wLnIxMHMuanAvbG9jb25kby9jYWJpbmV0L2NvbW1vZGl0eS82NTAvbGUxNDUyYmMxMzI4Nl8xLmpwZz9maXRpbj03MDA6NzAw,MjA0MC44MDAw,,44Kt44OD44K644O744OZ44OT44O844O744Oe44K/44OL44OG44KjID4g44Kt44OD44K6ID4g6Z20ID4g44K544OL44O844Kr44O8,44CQ44Ki44Km44OI44Os44OD44OI44CR44Or44Kz44OD44Kv44K544Od44Or44OG44Kj44OVIGxlIGNvcSBzcG9ydGlmIOODhuODq+ODiiDjgrnjg6rjg4Tjg53jg7MgSyDvvIjjg43jgqTjg5Pjg7zvvIk=,,4peH44Or44Kz44OD44Kv44K544Od44Or44OG44Kj44OVIGxlIGNvcSBzcG9ydGlmIOODhuODq+ODiiDjgrnjg6rjg4Tjg53jg7MgSyAK44K544Oq44OD44Od44Oz44K/44Kk44OX44Gu44Kt44OD44K644K544OL44O844Kr44O844CC57SQ44GM54Sh44GE44Gu44Gn6ISx44GO5bGl44GN57Ch5Y2Y44Gn44GZ44CCCuWxiOabsuaAp+OBruOCiOOBhOOCveODvOODq+OBp+OAgeatqeOBjeOChOOBmeOBleOCguaKnOe+pO+8gei7vemHj+OBp+alveOAheWxpeOBkeOCi+OBruOCguWsieOBl+OBhOOBqOOBk+OCjeOBp+OBmeOAggpFZGl0ZWQgYnkgbmFrYW1vbzxiciAvPjxiciAvPjxiPuWIpeOCq+ODqeODvOOBr+OBk+OBoeOCie+8gSBHUlko44Kw44Os44O8KSBOU1Ao44ON44Kk44OT44O8KTwvYj48YnIgLz48YnIgLz7jg7sg5ZWG5ZOB55Wq5Y+3OiBMRTE0NTJCQzEzMjg2PGJyIC8+44O7IOODluODqeODs+ODieWVhuWTgeeVquWPtzogUUVOLTYxMTJOViBOVlk8YnIgLz7jg7sg44OW44Op44Oz44OJ5ZCNOiBsZSBjb3Egc3BvcnRpZjxiciAvPuODuyDoibI6IE5WWTxiciAvPuODuyDljp/nlKPlm706IOS4reWbvTxiciAvPuODuyDjg5Ljg7zjg6vjga7lnos6IOODleODqeODg+ODiDxiciAvPuODuyDjg4jjgqXjgr/jgqTjg5c6IOODqeOCpuODs+ODiTxiciAvPuODuyDjgqLjg4Pjg5Hjg7zntKDmnZA6IOOBneOBruS7luWQiOaIkOe5iue2rTxiciAvPuODuyDjgr3jg7zjg6vntKDmnZA6IOWQiOaIkDxiciAvPuODuyDjg5bjg6njg7Pjg4njga7ntLnku4s6IOmbhOm2j+OBruODluODqeODs+ODieODnuODvOOCr+OBjOOBguOBvuOCiuOBq+OCguacieWQjeOBqmxlIGNvcSBzcG9ydGlm77yI44Or44Kz44OD44Kv44K544Od44Or44OG44Kj44OV77yJ44Gv44CBMTg4MuW5tOOBq+eUn+OBvuOCjOOBn+OAgeODleODqeODs+OCueOBp+acgOOCguWPpOOBhOOCueODneODvOODhOODoeODvOOCq+ODvOOBp+OBmeOAguODleODg+ODiOODnOODvOODq+OChOODhuODi+OCueOAgeODqeODs+ODi+ODs+OCsOOChOOCteOCpOOCr+ODquODs+OCsOOBquOBqeOAgeaVsOWkmuOBj+OBruertuaKgOOBruOBn+OCgeOBq+eUn+OBv+WHuuOBleOCjOOBpuOBjeOBn+mdqeaWsOeahOOBquOCouOCpOODhuODoOOBr+OAgeWkmuOBj+OBruS4gOa1geOCouOCueODquODvOODiOOCkuOCgumtheS6huOAguOCqOOCueODl+ODquOBruWKueOBhOOBn+ODh+OCtuOCpOODs+OBq+OCguWumuipleOBjOOBguOCi2xlIGNvcSBzcG9ydGlm77yI44Or44Kz44OD44Kv44K544Od44Or44OG44Kj44OV77yJ44Gv44CB5Lyd57Wx44Gr57ib44KJ44KM44Ga44CB5Y2Y57SU44Gq5paw44GX44GV44Gr6YCD44GS44KL44GT44Go44KC44Gb44Ga44Gr44CB5bi444Gr57W25aaZ44Gq44OQ44Op44Oz44K55oSf6Kaa44Gn44K544Od44O844OE44Go44OV44Kh44OD44K344On44Oz44KS6J6N5ZCI44GX44Gm44GE44G+44GZ44CCPGJyIC8+,44CQ44Ki44Km44OI44Os44OD44OI44CR44Or44Kz44OD44Kv44K544Od44Or44OG44Kj44OVIGxlIGNvcSBzcG9ydGlmIOODhuODq+ODiiDjgrnjg6rjg4Tjg53jg7MgSyDvvIjjg43jgqTjg5Pjg7zvvInvvJpMT0NPTUFMTO+8iOODreOCs+ODs+ODieWFrOW8j+OCueODiOOCou+8iQ==,6YCa5L+h6LKp5aOy6YCa6LKp44K344On44OD44OU44Oz44Kw44Kq44Oz44Op44Kk44Oz44K344On44OD44OU44Oz44Kw6LK344GE54mp44OX44Os44K844Oz44OI44Ku44OV44OI6LSI44KK54mp6LSI562U5ZOB44GK5Lit5YWD44GK5q2z5pqu44GK6LK344GE5b6X6Z2044OQ44OD44Kw6YCa6LKp44K344Ol44O844K644OR44Oz44OX44K544K544OL44O844Kr44O844K144Oz44OA44Or44OW44O844OE44CQ44Ki44Km44OI44Os44OD44OI44CR44Or44Kz44OD44Kv44K544Od44Or44OG44Kj44OVIGxlIGNvcSBzcG9ydGlmIOODhuODq+ODiiDjgrnjg6rjg4Tjg53jg7MgSyDvvIjjg43jgqTjg5Pjg7zvvIk=,44CQ44GC44GZ5qW944CR44CQ5Lqk5o+b44O76L+U5ZOB5Y+v6IO944CRL+OCt+ODpeODvOOCui/jg63jgrPjg7Pjg4kv44CC44CQ44Ki44Km44OI44Os44OD44OI44CR44Or44Kz44OD44Kv44K544Od44Or44OG44Kj44OVIGxlIGNvcSBzcG9ydGlmIOODhuODq+ODiiDjgrnjg6rjg4Tjg53jg7MgSyDvvIjjg43jgqTjg5Pjg7zvvIk=[rn]
14-157882,aHR0cDovL3RzaG9wLnIxMHMuanAvbG9jb25kby9jYWJpbmV0L2NvbW1vZGl0eS82MDIvc2g2OTJiYzEwMDI3XzEuanBnP2ZpdGluPTcwMDo3MDA=,MjAzMi44MDAw,,44Kt44OD44K644O744OZ44OT44O844O744Oe44K/44OL44OG44KjID4g44Kt44OD44K6ID4g6Z20ID4g44K544OL44O844Kr44O8,44CQ44Ki44Km44OI44Os44OD44OI44CRU0hPReODu1BMQVpBIOOCt+ODpeODs+OCveOCryDnnqzotrMg556s6LazUkFJWkUgWUxKIDExMDAg77yI44OU44Oz44Kv77yJ,,4peH44K344Ol44Oz44K944KvIOeerOi2s+OBrueerOi2s1JBSVpFIFlMSiAxMTAw44CCCumAn+OBj+i1sOOCi+OBn+OCgeOBruWFqOOBpuOCkuaQrei8ieOBl+OBn+OAgeWls+WFkOeUqOOCreODg+OCuuOCueODi+ODvOOCq+ODvOOBp+OBmeOAggrml6XmnKzkuK3jgafoqJjpjLLnmoTlpKfjg5Ljg4Pjg4jjgZfjgZ/jgrfjg6rjg7zjgrrjgIHotoXou73ph4/jgrnjg4vjg7zjgqvjg7zjgIznnqzotrPjgI3jga7igJznnqzotrNSQUlaReKAneOCt+ODquODvOOCuiEK556s6Laz44Gu5Z+65pys5oCn6IO944CO5bem5Y+z6Z2e5a++56ew44K944O844Or44CP44Gr44CB44Ki44Km44OI44K944O844Or44Gr44Gv44Gt44GY44KM6Ziy5q2i44Gu5qi56ISC44OX44Os44O844OI44KS6KOF552A44CCCuOCreODpeODvOODiOOBquOCq+ODqeODvOODquODs+OCsOOBqOOBiuiKseafhOOBjOOCreODpeODvOODiOKZqgrmma7mrrXlsaXjgY3jgavjgoLkvb/jgYjjgovjga7jgafjgIHjgYrlh7rjgYvjgZHjgYzmpb3jgZfjgY/jgarjgovkuIDotrPjgafjgZnjgIIKZWRpdGVkIGJ5IGRlZ3U8YnIgLz48YnIgLz48Yj7liKXjgqvjg6njg7zjga/jgZPjgaHjgonvvIEgQkxLL1NBWCjjg5bjg6njg4Pjgq8pPC9iPjxiciAvPjxiciAvPuODuyDllYblk4Hnlarlj7c6IFNINjkyQkMxMDAyNzxiciAvPuODuyDjg5bjg6njg7Pjg4nllYblk4Hnlarlj7c6IFlMSiAxMTAwIFBLPGJyIC8+44O7IOODluODqeODs+ODieWQjTog556s6LazPGJyIC8+44O7IOiJsjogUEs8YnIgLz7jg7sg5Y6f55Sj5Zu9OiDkuK3lm708YnIgLz7jg7sg44OS44O844Or44Gu5Z6LOiDjg5Xjg6njg4Pjg4g8YnIgLz7jg7sg44OI44Kl44K/44Kk44OXOiDjg6njgqbjg7Pjg4k8YnIgLz7jg7sg44Kv44Ot44O844K444Oz44KwOiDjg5njg6vjgq/jg608YnIgLz7jg7sg44Ki44OD44OR44O857Sg5p2QOiDjgZ3jga7ku5blkIjmiJDnuYrntq08YnIgLz7jg7sg5YaF5by157Sg5p2QOiDnlJ/lnLDjg7vlkIjmiJDnuYrntq08YnIgLz7jg7sg5Lit5pW357Sg5p2QOiDnlJ/lnLDjg7vlkIjmiJDnuYrntq08YnIgLz7jg7sg44K944O844Or57Sg5p2QOiDlkIjmiJA8YnIgLz7jg7sg44OW44Op44Oz44OJ44Gu57S55LuLOiDlsI/lrabmoKHjga7pgYvli5XkvJrjga/jgoLjgaHjgo3jgpPjgIHmma7mrrXlsaXjgY3jgajjgZfjgabjgoLmrKDjgYvjgZvjgarjgYTlrZjlnKjjgajjgarjgaPjgZ/jg5bjg6njg7Pjg4njgIHnnqzotrPvvIjjgrfjg6Xjg7Pjgr3jgq8gLyBTWVVOU09LVe+8ieOAguW3puWbnuOCiuOBq+eJueWMluOBl+OBn+OAjuW3puWPs+mdnuWvvuensOOCveODvOODq+OAj+OBrumWi+eZuuOCkuOBjeOBo+OBi+OBkeOBq+OAgeOAjOmAn+OBhOWtkOOBr+OCiOOCiumAn+OBj+OAgemBheOBhOWtkOOBq+OBr+KAnOWkouKAneOCkuOAjeOBqOOBhOOBhuODluODqeODs+ODieOCs+ODs+OCu+ODl+ODiOOCkuaOsuOBkuOAgeOCs+ODvOODiuODvOOBp+W3ruOBjOS7mOOBj+OCt+ODpeODvOOCuuOCkuS4reW/g+OBq+OAgeOBleOBvuOBluOBvuOBquOCouOCpOODhuODoOOCkuWxlemWi+OBl+OBpuOBhOOBvuOBmeOAgueUt+WtkOWQkeOBkeOBruOAjOeerOi2s+OAjeOAgeWls+WtkOWQkeOBkeOBruOAjOeerOi2s+ODrOODouODs+ODkeOCpOOAjeOCkuOBr+OBmOOCgeOAgeaXpeW4uOOBq+OCguS9v+eUqOOBp+OBjeOCi+ODouODh+ODq+OBjOOAgeWwj+WtpueUn+OCkuS4reW/g+OBq+S6uuawl+OCkumbhuOCgeOBpuOBhOOBvuOBmeOAgjxiciAvPg==,44CQ44Ki44Km44OI44Os44OD44OI44CRU0hPReODu1BMQVpBIOOCt+ODpeODs+OCveOCryDnnqzotrMg556s6LazUkFJWkUgWUxKIDExMDAg77yI44OU44Oz44Kv77yJ77yaTE9DT01BTEzvvIjjg63jgrPjg7Pjg4nlhazlvI/jgrnjg4jjgqLvvIk=,6YCa5L+h6LKp5aOy6YCa6LKp44K344On44OD44OU44Oz44Kw44Kq44Oz44Op44Kk44Oz44K344On44OD44OU44Oz44Kw6LK344GE54mp44OX44Os44K844Oz44OI44Ku44OV44OI6LSI44KK54mp6LSI562U5ZOB44GK5Lit5YWD44GK5q2z5pqu44GK6LK344GE5b6X6Z2044OQ44OD44Kw6YCa6LKp44K344Ol44O844K644OR44Oz44OX44K544K544OL44O844Kr44O844K144Oz44OA44Or44OW44O844OE44CQ44Ki44Km44OI44Os44OD44OI44CRU0hPReODu1BMQVpBIOOCt+ODpeODs+OCveOCryDnnqzotrMg556s6LazUkFJWkUgWUxKIDExMDAg77yI44OU44Oz44Kv77yJ,44CQ44GC44GZ5qW944CR44CQ5Lqk5o+b44O76L+U5ZOB5Y+v6IO944CRL+OCt+ODpeODvOOCui/jg63jgrPjg7Pjg4kv44CC44CQ44Ki44Km44OI44Os44OD44OI44CRU0hPReODu1BMQVpBIOOCt+ODpeODs+OCveOCryDnnqzotrMg556s6LazUkFJWkUgWUxKIDExMDAg77yI44OU44Oz44Kv77yJ[rn]
14-157883,aHR0cDovL3RzaG9wLnIxMHMuanAvbG9jb25kby9jYWJpbmV0L2NvbW1vZGl0eS80NDkvamE4NTFiYzEwMDY4XzEuanBnP2ZpdGluPTcwMDo3MDA=,MTgxNC40MDAw,,44Kt44OD44K644O744OZ44OT44O844O744Oe44K/44OL44OG44KjID4g44Kt44OD44K6ID4g6Z20ID4g44K544OL44O844Kr44O8,44CQ44Ki44Km44OI44Os44OD44OI44CR44K444Oj44ON44OD44OIIEphbmV0IOODlOODs+ODneODs+ODkeODs+OAgOOCreODg+OCuuOCueODquODg+ODneODs1AtODI377yI44OW44Op44OD44Kv77yJ,,44K944OV44OI44Gq57Sg5p2Q5L2/44GE44KE44CB5a6J5a6a5oSf44KS6auY44KB44KL44Kr44OD44OX44Kk44Oz44K944O844Or44K/44Kk44OX44Gu5Lit5pW344Gq44Gp44CB44Gh44Gz44Gj44GT44Gu6Laz5YWD44Gr5YSq44GX44GP5L2c44KJ44KM44Gf44CBSmFuZXTvvIjjgrjjg6Pjg43jg4Pjg4jvvInjg5Tjg7Pjg53jg7Pjg5Hjg7Pjga7jgq3jg4Pjgrrjgrnjg6rjg4Pjg53jg7PjgILnqIvjgojjgYTlvL7lipvjgajmn5TjgonjgYvjgZXjgpLlgpnjgYjjgZ/jgrTjg6Djgr3jg7zjg6vjgoTjgIHlm7rjgYToiq/mnZDjgpLkvb/jgo/jgZrjgavkvZzjgonjgozjgZ/jgYvjgYvjgajpg6jliIbjgarjganjgIHmr47ml6Xjga7jgYrlh7rmjpvjgZHjgpLlv4PlnLDjgojjgY/jgrXjg53jg7zjg4jjgZfjgabjgY/jgozjgovku5XkuIrjgYzjgorjgYzjgYbjgozjgZfjgYTjgqLjgqTjg4bjg6DjgafjgZnjgILpnbTntJDjgoTjgrjjg4Pjg5fjgpLkvb/jgo/jgZrjgavohLHjgY7lsaXjgY3jgafjgY3jgovjga7jgafosqDmi4XjgYzlsJHjgarjgY/jgIHjgrnjg6Djg7zjgrrjgavjgYrlh7rmjpvjgZHjgZnjgovjgZPjgajjgYzjgafjgY3jgZ3jgYbjgafjgZnjga3imarjgb7jgZ/jgIHkvY7lj43nmbrmgKfjgq/jg4Pjgrfjg6fjg7PjgafkvZzjgonjgozjgZ/kuK3mlbfjga/lj5bjgorlpJbjgZnjgZPjgajjgoLjgafjgY3jgIHooZvnlJ/pnaLjgafjgoLlronlv4PjgafjgZnvvIE8YnIgLz48YnIgLz48Yj7liKXjgqvjg6njg7zjga/jgZPjgaHjgonvvIEg44OU44Oz44KvIOODjeOCpOODk+ODvCjjg5bjg6vjg7wpPC9iPjxiciAvPjxiciAvPuODuyDllYblk4Hnlarlj7c6IEpBODUxQkMxMDA2ODxiciAvPuODuyDjg5bjg6njg7Pjg4nllYblk4Hnlarlj7c6IFAtODI3IOODluODqeODg+OCrzxiciAvPuODuyDjg5bjg6njg7Pjg4nlkI06IEphbmV0PGJyIC8+44O7IOiJsjog44OW44Op44OD44KvPGJyIC8+44O7IOWOn+eUo+WbvTog5Lit5Zu9PGJyIC8+44O7IOODkuODvOODq+OBruWeizog44OV44Op44OD44OIPGJyIC8+44O7IOODiOOCpeOCv+OCpOODlzog44Op44Km44Oz44OJPGJyIC8+44O7IOmdtOW5hTogMkXvvIjmma7pgJrvvIk8YnIgLz7jg7sg44Ki44OD44OR44O857Sg5p2QOiDjgZ3jga7ku5bnlJ/lnLA8YnIgLz7jg7sg5YaF5by157Sg5p2QOiDnlJ/lnLDjg7vlkIjmiJDnuYrntq08YnIgLz7jg7sg5Lit5pW357Sg5p2QOiDnlJ/lnLDjg7vlkIjmiJDnuYrntq08YnIgLz7jg7sg44K944O844Or57Sg5p2QOiDjgrTjg6A8YnIgLz7jg7sg44OW44Op44Oz44OJ44Gu57S55LuLOiDjgIzjg5Tjg7Pjg53jg7Pjg5Hjg7PjgI3jga7lp4nlprnjg5bjg6njg7Pjg4njgIFKYW5ldO+8iOOCuOODo+ODjeODg+ODiO+8ieOAgjE5ODHlubTjga7nmbrlo7Lku6XmnaXjgIHlpbPlhZDjga7lrprnlarjgajjgarjgovjgojjgYbjgarjgqLjgqTjg4bjg6DjgpLlsZXplovjgZnjgovjg5bjg6njg7Pjg4njgafjgZnjgILjg6rjg7zjgrrjg4rjg5bjg6vjgarjg5fjg6njgqTjgrnjgafjgIHpgJrlrabjgYvjgonjg4fjgqTjg6rjg7zjg6bjg7zjgrnjgb7jgafluYXluoPjgY/kvb/jgYjjgovjgrfjg6Xjg7zjgrrjgpLmj4PjgYjjgabjgYTjgb7jgZnjgII8YnIgLz4=,44CQ44Ki44Km44OI44Os44OD44OI44CR44K444Oj44ON44OD44OIIEphbmV0IOODlOODs+ODneODs+ODkeODs+OAgOOCreODg+OCuuOCueODquODg+ODneODs1AtODI377yI44OW44Op44OD44Kv77yJ77yaTE9DT01BTEzvvIjjg63jgrPjg7Pjg4nlhazlvI/jgrnjg4jjgqLvvIk=,6YCa5L+h6LKp5aOy6YCa6LKp44K344On44OD44OU44Oz44Kw44Kq44Oz44Op44Kk44Oz44K344On44OD44OU44Oz44Kw6LK344GE54mp44OX44Os44K844Oz44OI44Ku44OV44OI6LSI44KK54mp6LSI562U5ZOB44GK5Lit5YWD44GK5q2z5pqu44GK6LK344GE5b6X6Z2044OQ44OD44Kw6YCa6LKp44K344Ol44O844K644OR44Oz44OX44K544K544OL44O844Kr44O844K144Oz44OA44Or44OW44O844OE44CQ44Ki44Km44OI44Os44OD44OI44CR44K444Oj44ON44OD44OIIEphbmV0IOODlOODs+ODneODs+ODkeODs+OAgOOCreODg+OCuuOCueODquODg+ODneODs1AtODI377yI44OW44Op44OD44Kv77yJ,44CQ44GC44GZ5qW944CR44CQ5Lqk5o+b44O76L+U5ZOB5Y+v6IO944CRL+OCt+ODpeODvOOCui/jg63jgrPjg7Pjg4kv44CC44CQ44Ki44Km44OI44Os44OD44OI44CR44K444Oj44ON44OD44OIIEphbmV0IOODlOODs+ODneODs+ODkeODs+OAgOOCreODg+OCuuOCueODquODg+ODneODs1AtODI377yI44OW44Op44OD44Kv77yJ[rn]
14-157884,aHR0cDovL3RzaG9wLnIxMHMuanAvcm9ja29uL2NhYmluZXQvMDUzMTIwMjEvaW1ncmMwMDcxMTUwNDc4LmpwZz9maXRpbj03MDA6NzAw,MTM3NzYuMDAwMA==,,44Kt44OD44K644O744OZ44OT44O844O744Oe44K/44OL44OG44KjID4g44Kt44OD44K6ID4g6Z20ID4g44K544OL44O844Kr44O8,44Ki44K344OD44Kv44K5IEFTSUNTIEpCIEVsaXRlIFYyLjAg44K544OL44O844Kr44O8IOOCt+ODpeODvOOCuiDjgq3jg4Pjgrog5a2Q5L6bIDIyLjBjbQ==,,44Ki44K344OD44Kv44K5IEFTSUNTIEpCIEVsaXRlIFYyLjAgQmx1ZSAvIEdvbGQg44K544OL44O844Kr44O8IOOCt+ODpeODvOOCuiDjgq3jg4Pjgrog5a2Q5L6b,44Ki44K344OD44Kv44K5IEFTSUNTIEpCIEVsaXRlIFYyLjAg44K544OL44O844Kr44O8IOOCt+ODpeODvOOCuiDjgq3jg4Pjgrog5a2Q5L6bIDIyLjBjbe+8muODreODg+OCr+OCquODsw==,6YCa5L+h6LKp5aOy6YCa6LKp44K344On44OD44OU44Oz44Kw44Kq44Oz44Op44Kk44Oz44K344On44OD44OU44Oz44Kw6LK344GE54mp44OX44Os44K844Oz44OI44Ku44OV44OI6LSI44KK54mp6LSI562U5ZOB44GK5Lit5YWD44GK5q2z5pqu44GK6LK344GE5b6X44Ki44K344OD44Kv44K5IEFTSUNTIEpCIEVsaXRlIFYyLjAg44K544OL44O844Kr44O8IOOCt+ODpeODvOOCuiDjgq3jg4Pjgrog5a2Q5L6bIDIyLjBjbQ==,44Ki44K344OD44Kv44K5IEFTSUNTIEpCIEVsaXRlIFYyLjAgQmx1ZSAvIEdvbGQg44K544OL44O844Kr44O8IOOAguOCouOCt+ODg+OCr+OCuSBBU0lDUyBKQiBFbGl0ZSBWMi4wIOOCueODi+ODvOOCq+ODvCDjgrfjg6Xjg7zjgrog44Kt44OD44K6IOWtkOS+myAyMi4wY20=[rn]
14-157885,aHR0cDovL3RzaG9wLnIxMHMuanAvcm9ja29uL2NhYmluZXQvMDUzMTIwMjEvaW1ncmMwMDcwNTA4Njc4LmpwZz9maXRpbj03MDA6NzAw,OTc2MC4wMDAw,,44Kt44OD44K644O744OZ44OT44O844O744Oe44K/44OL44OG44KjID4g44Kt44OD44K6ID4g6Z20ID4g44K544OL44O844Kr44O8,44Ki44K344OD44Kv44K5IEFTSUNTIEdFTC1SaHl0aG1pYyBJSSAg44K544OL44O844Kr44O8IOmdtCDjgrfjg6Xjg7zjgrog44Kt44OD44K6IOWtkOS+myDjg6zjg4fjgqPjg7zjgrkg44K144Kk44K677yaIDIyLjVjbQ==,,44Ki44K344OD44Kv44K5IEFTSUNTIEdFTC1SaHl0aG1pYyBJSSAg44K544OL44O844Kr44O8IOmdtCDjgrfjg6Xjg7zjgrog44Kt44OD44K6IOWtkOS+myDjg6zjg4fjgqPjg7zjgrkg44K144Kk44K677yaIDIyLjVjbQ==,44Ki44K344OD44Kv44K5IEFTSUNTIEdFTC1SaHl0aG1pYyBJSSAg44K544OL44O844Kr44O8IOmdtCDjgrfjg6Xjg7zjgrog44Kt44OD44K6IOWtkOS+myDjg6zjg4fjgqPjg7zjgrkg44K144Kk44K677yaIDIyLjVjbe+8muODreODg+OCr+OCquODsw==,6YCa5L+h6LKp5aOy6YCa6LKp44K344On44OD44OU44Oz44Kw44Kq44Oz44Op44Kk44Oz44K344On44OD44OU44Oz44Kw6LK344GE54mp44OX44Os44K844Oz44OI44Ku44OV44OI6LSI44KK54mp6LSI562U5ZOB44GK5Lit5YWD44GK5q2z5pqu44GK6LK344GE5b6X44Ki44K344OD44Kv44K5IEFTSUNTIEdFTC1SaHl0aG1pYyBJSSAg44K544OL44O844Kr44O8IOmdtCDjgrfjg6Xjg7zjgrog44Kt44OD44K6IOWtkOS+myDjg6zjg4fjgqPjg7zjgrkg44K144Kk44K677yaIDIyLjVjbQ==,44Ki44K344OD44Kv44K5IEFTSUNTIEdFTC1SaHl0aG1pYyBJSSAg44K544OL44O844Kr44O8IOmdtCDjgrfjg6Xjg7zjgrog44CC44Ki44K344OD44Kv44K5IEFTSUNTIEdFTC1SaHl0aG1pYyBJSSAg44K544OL44O844Kr44O8IOmdtCDjgrfjg6Xjg7zjgrog44Kt44OD44K6IOWtkOS+myDjg6zjg4fjgqPjg7zjgrkg44K144Kk44K677yaIDIyLjVjbQ==[rn]
14-157886,aHR0cDovL3RzaG9wLnIxMHMuanAvcm9ja29uL2NhYmluZXQvMDUzMDkzMTAvaW1ncmMwMDcwNDk4NjUzLmpwZz9maXRpbj03MDA6NzAw,Nzg0MC4wMDAw,,44Kt44OD44K644O744OZ44OT44O844O744Oe44K/44OL44OG44KjID4g44Kt44OD44K6ID4g6Z20ID4g44K544OL44O844Kr44O8,Sy1TV0lTU+OAgOOCseODvOOCueOCpOOCuSBDTEFTU0lD44CA44Kv44Op44K344OD44KvIOOCueODi+ODvOOCq+ODvCDpnbQg44K344Ol44O844K6IOOCreODg+OCuiDlrZDkvpsg44K144Kk44K677yaMjFjbQ==,,44OQSy1TV0lTU+OAgOOCseODvOOCueOCpOOCuSBDTEFTU0lD44CA44Kv44Op44K344OD44KvIOOCueODi+ODvOOCq+ODvCDpnbQg44K344Ol44O844K6IOOCreODg+OCuiDlrZDkvpsg44K144Kk44K677yaMjFjbQ==,Sy1TV0lTU+OAgOOCseODvOOCueOCpOOCuSBDTEFTU0lD44CA44Kv44Op44K344OD44KvIOOCueODi+ODvOOCq+ODvCDpnbQg44K344Ol44O844K6IOOCreODg+OCuiDlrZDkvpsg44K144Kk44K677yaMjFjbe+8muODreODg+OCr+OCquODsw==,6YCa5L+h6LKp5aOy6YCa6LKp44K344On44OD44OU44Oz44Kw44Kq44Oz44Op44Kk44Oz44K344On44OD44OU44Oz44Kw6LK344GE54mp44OX44Os44K844Oz44OI44Ku44OV44OI6LSI44KK54mp6LSI562U5ZOB44GK5Lit5YWD44GK5q2z5pqu44GK6LK344GE5b6XSy1TV0lTU+OAgOOCseODvOOCueOCpOOCuSBDTEFTU0lD44CA44Kv44Op44K344OD44KvIOOCueODi+ODvOOCq+ODvCDpnbQg44K344Ol44O844K6IOOCreODg+OCuiDlrZDkvpsg44K144Kk44K677yaMjFjbQ==,Sy1TV0lTU+OAgOOCseODvOOCueOCpOOCuSBDTEFTU0lD44CA44Kv44Op44K344OD44KvIOOCueODi+ODvOOCq+ODvCDpnbQg44CCSy1TV0lTU+OAgOOCseODvOOCueOCpOOCuSBDTEFTU0lD44CA44Kv44Op44K344OD44KvIOOCueODi+ODvOOCq+ODvCDpnbQg44K344Ol44O844K6IOOCreODg+OCuiDlrZDkvpsg44K144Kk44K677yaMjFjbQ==[rn]
14-157887,aHR0cDovL3RzaG9wLnIxMHMuanAvcm9ja29uL2NhYmluZXQvMDUyOTQ5NjcvaW1ncmMwMDcwNDM1OTYzLmpwZz9maXRpbj03MDA6NzAw,MTE2MDAuMDAwMA==,,44Kt44OD44K644O744OZ44OT44O844O744Oe44K/44OL44OG44KjID4g44Kt44OD44K6ID4g6Z20ID4g44K544OL44O844Kr44O8,44K444On44O844OA44Oz44CASk9SREFOIEZMSUdIVCA5NyBCUCDjgrnjg4vjg7zjgqvjg7zjgIDpnbTjgIDjgrfjg6Xjg7zjgrrjgIDjgq3jg4Pjgrog44K144Kk44K677yaMjAuMO+9g++9je+8iO+8te+8qzEzLjXvvIk=,,44K444On44O844OA44Oz44CASk9SREFOIEZMSUdIVCA5NyBCUOOAgOOCueODi+ODvOOCq+ODvOOAgOmdtOOAgOOCt+ODpeODvOOCuiDjgq3jg4Pjgrog44K144Kk44K677yaMjAuMO+9g++9je+8iO+8te+8qzEzLjXvvIk=,44K444On44O844OA44Oz44CASk9SREFOIEZMSUdIVCA5NyBCUCDjgrnjg4vjg7zjgqvjg7zjgIDpnbTjgIDjgrfjg6Xjg7zjgrrjgIDjgq3jg4Pjgrog44K144Kk44K677yaMjAuMO+9g++9je+8iO+8te+8qzEzLjXvvInvvJrjg63jg4Pjgq/jgqrjg7M=,6YCa5L+h6LKp5aOy6YCa6LKp44K344On44OD44OU44Oz44Kw44Kq44Oz44Op44Kk44Oz44K344On44OD44OU44Oz44Kw6LK344GE54mp44OX44Os44K844Oz44OI44Ku44OV44OI6LSI44KK54mp6LSI562U5ZOB44GK5Lit5YWD44GK5q2z5pqu44GK6LK344GE5b6X44K444On44O844OA44Oz44CASk9SREFOIEZMSUdIVCA5NyBCUCDjgrnjg4vjg7zjgqvjg7zjgIDpnbTjgIDjgrfjg6Xjg7zjgrrjgIDjgq3jg4Pjgrog44K144Kk44K677yaMjAuMO+9g++9je+8iO+8te+8qzEzLjXvvIk=,44K444On44O844OA44OzIEZMSUdIVCA5NyBCUOOAgOOCueODi+ODvOOCq+ODvOOAgOmdtOOAgOOCt+ODpeODvOOCuiDjgq3jg4PjgrrjgILjgrjjg6fjg7zjg4Djg7PjgIBKT1JEQU4gRkxJR0hUIDk3IEJQIOOCueODi+ODvOOCq+ODvOOAgOmdtOOAgOOCt+ODpeODvOOCuuOAgOOCreODg+OCuiDjgrXjgqTjgrrvvJoyMC4w772D772N77yI77y177yrMTMuNe+8iQ==[rn]
14-157888,aHR0cDovL3RzaG9wLnIxMHMuanAva3V0c3Vub21hZWRhL2NhYmluZXQvaW1ncmMwMDc3MTU0MDU5LmdpZj9maXRpbj03MDA6NzAw,MzQzOS4yMDAw,,44Kt44OD44K644O744OZ44OT44O844O744Oe44K/44OL44OG44KjID4g44Kt44OD44K6ID4g6Z20ID4g44K544OL44O844Kr44O8,44OL44Ol44O844OQ44Op44Oz44K5IC8gS1YgOTk2IOOCsOODrOODvCDjg43jgqTjg5Pjg7wgKCBORVcgQkFMQU5DRSBLVjk5NiAp44CQ6YCB5paZ54Sh5paZIOWMl+a1t+mBk+OAgeaylue4hOecjOOCkumZpOOBj+OAkeOAkOOCreODg+OCuiDjgrnjg4vjg7zjgqvjg7zjgJHjgJDlrZDkvpvpnbTjgJHjgJDjg5fjg6zjgrzjg7Pjg4jjgJHjgJDjgq7jg5Xjg4jjgJHjgJDjgrfjg6Xjg7zjgrrjgJHjgJDnlLfjga7lrZAg5aWz44Gu5a2Q44CR44CQ44K544Oq44Og5bmF44CRKOWcqOW6q+iqv+aVtOOBruOBn+OCgeWApOS4i+OBkuOBl+OBpuOBiuOCiuOBvuOBmSk=,,44O7IG5ldyBiYWxhbmNl44GuIOODmOODquODhuOCpOOCuOODouODh+ODq+OAjDk5NuOAjeOCkuODh+OCtuOCpOODs+ODmeODvOOCueOBq+OAgQogIDRMT1ZF44CB44OX44OB44K/44OD44OB44Kk44Oz44K944O844Or44Gq44Gp5YWF5a6f44GX44Gf5qmf6IO944KS5YKZ44GI44GfCiAg5a2Q5L6b44OQ44O844K444On44Oz44Gu55m75aC044Gn44GZ44CCCuODuyDjgqvjg6njg5Xjg6vjgarphY3oibLjgYvjgonjgrfjg7Pjg5fjg6vjgarljZjoibLphY3oibLjgb7jgafjgYLjgorjgIEKICDlpJrmlbDjga7jgqvjg6njg7zjg5Djg6rjgqjjg7zjgrfjg6fjg7PjgavjgarjgaPjgabjgYTjgb7jgZnjgIIK44O7IOODnuOCuOODg+OCr+OCv+OCpOODl+OBq+OBquOBo+OBpuOBiuOCiuOAgeiEseOBjuWxpeOBjeOCkuihjOOBhOaYk+OBj+aJi+i7veOBq+S9v+OBiOOAgQogIOODh+OCpOODquODvOODpuODvOOCueOBq+ODlOODg+OCv+ODquOBruOBp+OBmSDimaogCuOAkOmAmuW4uDHvvZ435pel5Lul5YaF44Gr55m66YCB44GX44G+44GZ44CR,44OL44Ol44O844OQ44Op44Oz44K5IC8gS1YgOTk2IOOCsOODrOODvCDjg43jgqTjg5Pjg7wgKCBORVcgQkFMQU5DRSBLVjk5NiAp44CQ6YCB5paZ54Sh5paZIOWMl+a1t+mBk+OAgeaylue4hOecjOOCkumZpOOBj+OAkeOAkOOCreODg+OCuiDjgrnjg4vjg7zjgqvjg7zjgJHjgJDlrZDkvpvpnbTjgJHjgJDjg5fjg6zjgrzjg7Pjg4jjgJHjgJDjgq7jg5Xjg4jjgJHjgJDjgrfjg6Xjg7zjgrrjgJHjgJDnlLfjga7lrZAg5aWz44Gu5a2Q44CR44CQ44K544Oq44Og5bmF44CRKOWcqOW6q+iqv+aVtOOBruOBn+OCgeWApOS4i+OBkuOBl+OBpuOBiuOCiuOBvuOBmSnvvJrpnbTjga7jgb7jgYjjgaA=,6YCa5L+h6LKp5aOy6YCa6LKp44K344On44OD44OU44Oz44Kw44Kq44Oz44Op44Kk44Oz44K344On44OD44OU44Oz44Kw6LK344GE54mp44OX44Os44K844Oz44OI44Ku44OV44OI6LSI44KK54mp6LSI562U5ZOB44GK5Lit5YWD44GK5q2z5pqu44GK6LK344GE5b6X44OL44Ol44O844OQ44Op44Oz44K5IC8gS1YgOTk2IOOCsOODrOODvCDjg43jgqTjg5Pjg7wgKCBORVcgQkFMQU5DRSBLVjk5NiAp44CQ6YCB5paZ54Sh5paZIOWMl+a1t+mBk+OAgeaylue4hOecjOOCkumZpOOBj+OAkeOAkOOCreODg+OCuiDjgrnjg4vjg7zjgqvjg7zjgJHjgJDlrZDkvpvpnbTjgJHjgJDjg5fjg6zjgrzjg7Pjg4jjgJHjgJDjgq7jg5Xjg4jjgJHjgJDjgrfjg6Xjg7zjgrrjgJHjgJDnlLfjga7lrZAg5aWz44Gu5a2Q44CR44CQ44K544Oq44Og5bmF44CRKOWcqOW6q+iqv+aVtOOBruOBn+OCgeWApOS4i+OBkuOBl+OBpuOBiuOCiuOBvuOBmSk=,44OL44Ol44O844OQ44Op44Oz44K5IC8gS1YgOTk2IOOCsOODrOODvCDjg43jgqTjg5Pjg7wgKCBORVcgQkFMQU5DRSBLVjk5NiAp44CQ6YCB5paZ54Sh5paZIOWMl+a1t+mBk+OAgeaylue4hOecjOOCkumZpOOBj+OAkeOAkOOCreODg+OCuiDjgrnjg4vjg7zjgqvjg7zjgJHjgJDlrZDkvpvpnbTjgJHjgJDjg5fjg6zjgrzjg7Pjg4jjgJHjgJDjgq7jg5Xjg4jjgJHjgJDjgrfjg6Xjg7zjgrrjgJHjgJDnlLfjga7lrZAg5aWz44Gu5a2Q44CR44CQ44K544Oq44Og5bmF44CRKOWcqOW6q+iqv+aVtOOBruOBn+OCgeWApOS4i+OBkuOBl+OBpuOBiuOCiuOBvuOBmSk=[rn]
14-157889,aHR0cDovL3RzaG9wLnIxMHMuanAva3V0c3Vub21hZWRhL2NhYmluZXQvaW1ncmMwMDgzMDY3OTIwLmdpZj9maXRpbj03MDA6NzAw,Mzc1OS4yMDAw,,44Kt44OD44K644O744OZ44OT44O844O744Oe44K/44OL44OG44KjID4g44Kt44OD44K6ID4g6Z20ID4g44K544OL44O844Kr44O8,44OL44Ol44O844OQ44Op44Oz44K5IC8gS1YgOTk2IOOCsOODrOODvCDjg43jgqTjg5Pjg7wg44OA44O844KvIOODrOODg+ODiSDotaQgKCBORVcgQkFMQU5DRSBLVjk5NiAp44CQ6YCB5paZ54Sh5paZIOWMl+a1t+mBk+OAgeaylue4hOecjOOCkumZpOOBj+OAkeOAkOOCreODg+OCuiDjgrjjg6Xjg4vjgqIg44K544OL44O844Kr44O844CR44CQ5a2Q5L6b6Z2044CR44CQ44K344Ol44O844K644CR44CQ55S344Gu5a2QIOWls+OBruWtkOOAkeOAkOOCueODquODoOW5heOAkeOAkOOCreODg+OCuuOCt+ODpeODvOOCuuOAkeOAkOOCuOODpeODi+OCouOCt+ODpeODvOOCuuOAkQ==,,44O7IG5ldyBiYWxhbmNl44GuIOODmOODquODhuOCpOOCuOODouODh+ODq+OAjDk5NuOAjeOCkuODh+OCtuOCpOODs+ODmeODvOOCueOBq+OAgQogIDRMT1ZF44CB44OX44OB44K/44OD44OB44Kk44Oz44K944O844Or44Gq44Gp5YWF5a6f44GX44Gf5qmf6IO944KS5YKZ44GI44GfCiAg5a2Q5L6b44OQ44O844K444On44Oz44Gu55m75aC044Gn44GZ44CCCuODuyDjgqvjg6njg5Xjg6vjgarphY3oibLjgYvjgonjgrfjg7Pjg5fjg6vjgarljZjoibLphY3oibLjgb7jgafjgYLjgorjgIEKICDlpJrmlbDjga7jgqvjg6njg7zjg5Djg6rjgqjjg7zjgrfjg6fjg7PjgavjgarjgaPjgabjgYTjgb7jgZnjgIIK44O7IOODnuOCuOODg+OCr+OCv+OCpOODl+OBq+OBquOBo+OBpuOBiuOCiuOAgeiEseOBjuWxpeOBjeOCkuihjOOBhOaYk+OBj+aJi+i7veOBq+S9v+OBiOOAgQogIOODh+OCpOODquODvOODpuODvOOCueOBq+ODlOODg+OCv+ODquOBruOBp+OBmSDimao=,44OL44Ol44O844OQ44Op44Oz44K5IC8gS1YgOTk2IOOCsOODrOODvCDjg43jgqTjg5Pjg7wg44OA44O844KvIOODrOODg+ODiSDotaQgKCBORVcgQkFMQU5DRSBLVjk5NiAp44CQ6YCB5paZ54Sh5paZIOWMl+a1t+mBk+OAgeaylue4hOecjOOCkumZpOOBj+OAkeOAkOOCreODg+OCuiDjgrjjg6Xjg4vjgqIg44K544OL44O844Kr44O844CR44CQ5a2Q5L6b6Z2044CR44CQ44K344Ol44O844K644CR44CQ55S344Gu5a2QIOWls+OBruWtkOOAkeOAkOOCueODquODoOW5heOAkeOAkOOCreODg+OCuuOCt+ODpeODvOOCuuOAkeOAkOOCuOODpeODi+OCouOCt+ODpeODvOOCuuOAke+8mumdtOOBruOBvuOBiOOBoA==,6YCa5L+h6LKp5aOy6YCa6LKp44K344On44OD44OU44Oz44Kw44Kq44Oz44Op44Kk44Oz44K344On44OD44OU44Oz44Kw6LK344GE54mp44OX44Os44K844Oz44OI44Ku44OV44OI6LSI44KK54mp6LSI562U5ZOB44GK5Lit5YWD44GK5q2z5pqu44GK6LK344GE5b6X44OL44Ol44O844OQ44Op44Oz44K5IC8gS1YgOTk2IOOCsOODrOODvCDjg43jgqTjg5Pjg7wg44OA44O844KvIOODrOODg+ODiSDotaQgKCBORVcgQkFMQU5DRSBLVjk5NiAp44CQ6YCB5paZ54Sh5paZIOWMl+a1t+mBk+OAgeaylue4hOecjOOCkumZpOOBj+OAkeOAkOOCreODg+OCuiDjgrjjg6Xjg4vjgqIg44K544OL44O844Kr44O844CR44CQ5a2Q5L6b6Z2044CR44CQ44K344Ol44O844K644CR44CQ55S344Gu5a2QIOWls+OBruWtkOOAkeOAkOOCueODquODoOW5heOAkeOAkOOCreODg+OCuuOCt+ODpeODvOOCuuOAkeOAkOOCuOODpeODi+OCouOCt+ODpeODvOOCuuOAkQ==,44OL44Ol44O844OQ44Op44Oz44K5IC8gS1YgOTk2IOOCsOODrOODvCDjg43jgqTjg5Pjg7wg44OA44O844KvIOODrOODg+ODiSDotaQgKCBORVcgQkFMQU5DRSBLVjk5NiAp44CQ6YCB5paZ54Sh5paZIOWMl+a1t+mBk+OAgeaylue4hOecjOOCkumZpOOBj+OAkeOAkOOCreODg+OCuiDjgrjjg6Xjg4vjgqIg44K544OL44O844Kr44O844CR44CQ5a2Q5L6b6Z2044CR44CQ44K344Ol44O844K644CR44CQ55S344Gu5a2QIOWls+OBruWtkOOAkeOAkOOCueODquODoOW5heOAkeOAkOOCreODg+OCuuOCt+ODpeODvOOCuuOAkeOAkOOCuOODpeODi+OCouOCt+ODpeODvOOCuuOAkQ==[rn]
14-157890,aHR0cDovL3RzaG9wLnIxMHMuanAva3V0c3Vub21hZWRhL2NhYmluZXQvaW1ncmMwMDgxOTE2OTExLmdpZj9maXRpbj03MDA6NzAw,MjE1OS4yMDAw,,44Kt44OD44K644O744OZ44OT44O844O744Oe44K/44OL44OG44KjID4g44Kt44OD44K6ID4g6Z20ID4g44K544OL44O844Kr44O8,44OX44O844OeIC8g44K544OU44O844OJIOODouODs+OCueOCv+ODvCAxODkyOTMgMDEgMDIgMDMgMDQgMDUgMDYg44Ob44Ov44Kk44OIIOeZvSDjg5bjg6vjg7wg6Z2SIOODluODqeODg+OCryDpu5Ig44Os44OD44OJIOi1pCDjgrfjg6vjg5Djg7wg44OU44Oz44KvICggUFVNQSBTcGVlZCBNb25zdGVyICnjgJDjg5njg5Pjg7wg44Kt44OD44K6IOOCueODi+ODvOOCq+ODvOOAkeOAkOWtkOS+m+mdtOOAkeOAkOOCt+ODpeODvOOCuuOAkeOAkOODqeODs+ODi+ODs+OCsOOCt+ODpeODvOOCuuOAkQ==,,44O7IOS4lueVjOacgOmAn+OBruOCueODlOODvOODieODouODs+OCueOCv+ODvCDjgqbjgrXjgqTjg7Pjg7vjg5zjg6vjg4jjga7jgrnjg5HjgqTjgq/jgpIKICDlvrnlupXnoJTnqbbjgZfplovnmbrjgZXjgozjgZ/jgrjjg6Xjg4vjgqLjg7vjg6njg7Pjg4vjg7PjgrDjgrfjg6Xjg7zjgrrjgIIK44O7IOOCsOODquODg+ODl+WKm+ODu+WPjeeZuuaAp+ODu+OCr+ODg+OCt+ODp+ODs+aAp+OBq+WEquOCjOOBn+OAgei7vemHjwogIOOCueODlOODvOODieODouODh+ODq+OAgg==,44OX44O844OeIC8g44K544OU44O844OJIOODouODs+OCueOCv+ODvCAxODkyOTMgMDEgMDIgMDMgMDQgMDUgMDYg44Ob44Ov44Kk44OIIOeZvSDjg5bjg6vjg7wg6Z2SIOODluODqeODg+OCryDpu5Ig44Os44OD44OJIOi1pCDjgrfjg6vjg5Djg7wg44OU44Oz44KvICggUFVNQSBTcGVlZCBNb25zdGVyICnjgJDjg5njg5Pjg7wg44Kt44OD44K6IOOCueODi+ODvOOCq+ODvOOAkeOAkOWtkOS+m+mdtOOAkeOAkOOCt+ODpeODvOOCuuOAkeOAkOODqeODs+ODi+ODs+OCsOOCt+ODpeODvOOCuuOAke+8mumdtOOBruOBvuOBiOOBoA==,6YCa5L+h6LKp5aOy6YCa6LKp44K344On44OD44OU44Oz44Kw44Kq44Oz44Op44Kk44Oz44K344On44OD44OU44Oz44Kw6LK344GE54mp44OX44Os44K844Oz44OI44Ku44OV44OI6LSI44KK54mp6LSI562U5ZOB44GK5Lit5YWD44GK5q2z5pqu44GK6LK344GE5b6X44OX44O844OeIC8g44K544OU44O844OJIOODouODs+OCueOCv+ODvCAxODkyOTMgMDEgMDIgMDMgMDQgMDUgMDYg44Ob44Ov44Kk44OIIOeZvSDjg5bjg6vjg7wg6Z2SIOODluODqeODg+OCryDpu5Ig44Os44OD44OJIOi1pCDjgrfjg6vjg5Djg7wg44OU44Oz44KvICggUFVNQSBTcGVlZCBNb25zdGVyICnjgJDjg5njg5Pjg7wg44Kt44OD44K6IOOCueODi+ODvOOCq+ODvOOAkeOAkOWtkOS+m+mdtOOAkeOAkOOCt+ODpeODvOOCuuOAkeOAkOODqeODs+ODi+ODs+OCsOOCt+ODpeODvOOCuuOAkQ==,44OX44O844OeIC8g44K544OU44O844OJIOODouODs+OCueOCv+ODvCAxODkyOTMgMDEgMDIgMDMgMDQgMDUgMDYg44Ob44Ov44Kk44OIIOeZvSDjg5bjg6vjg7wg6Z2SIOODluODqeODg+OCryDpu5Ig44Os44OD44OJIOi1pCDjgrfjg6vjg5Djg7wg44OU44Oz44KvICggUFVNQSBTcGVlZCBNb25zdGVyICnjgJDjg5njg5Pjg7wg44Kt44OD44K6IOOCueODi+ODvOOCq+ODvOOAkeOAkOWtkOS+m+mdtOOAkeOAkOOCt+ODpeODvOOCuuOAkeOAkOODqeODs+ODi+ODs+OCsOOCt+ODpeODvOOCuuOAkQ==[rn]
14-157891,aHR0cDovL3RzaG9wLnIxMHMuanAva3V0c3Vub21hZWRhL2NhYmluZXQvaW1ncmMwMDgxODkyMTQyLmdpZj9maXRpbj03MDA6NzAw,MjM4My4yMDAw,,44Kt44OD44K644O744OZ44OT44O844O744Oe44K/44OL44OG44KjID4g44Kt44OD44K6ID4g6Z20ID4g44K544OL44O844Kr44O8,44Ki44K344OD44Kv44K5IC8g44K/44Kk44K044OzIOODrOODvOOCtuODvOODk+ODvOODoCBUS0IgMjA4ICggQVNJQ1MgVEtCMjA4ICnjgJDou73ph4/jgJHjgJDnlLfjga7lrZAg5aWz44Gu5a2Q44CR44CQ6YGL5YuV5Lya44CR44CQ44Kt44OD44K6IOOCuOODpeODi+OCoiDjgrfjg6Xjg7zjgrrjgJHjgJDjgrnjg4vjg7zjgqvjg7zjgJHjgJDlrZDkvpvpnbTjgJHjgJDjg6njg7Pjg4vjg7PjgrDjgrfjg6Xjg7zjgrrjgJHjgJDjgq3jg4Pjgrrjgrfjg6Xjg7zjgrrjgJHjgJDjgrjjg6Xjg4vjgqLjgrfjg6Xjg7zjgrrjgJEoVEtC44Gu5b6M57aZ44Oi44OH44Or44Gn44GZKQ==,,44O7IOmBi+WLleS8muODu+mZuOS4iuertuaKgOOBp+Wkp+S6uuawl+OBruODqeODs+ODi+ODs+OCsOOCt+ODpeODvOOCuueZu+WgtOOBp+OBmeOAgiAK44O7IOODgOODg+OCt+ODpeaZguOBq+OBpOOBvuWFiOOBq+mbhuS4reOBmeOCi+OCreODg+OCr+WKm+OCkumrmOOBhOODrOODmeODq+OBpwogIOeZuuaPruOBp+OBjeOCi+OCiOOBhuOAgeOBpOOBvuWFiOmDqOWIhuOBq+WxiOabsua6neOCkumFjee9ruOBmeOCi+OBk+OBqOOBpwogIOOCsOODquODg+ODl+mdouepjeOCkueiuuS/neOBl+OBvuOBmeOAgiAK44O7IOODiOODqeODg+OCr+ODu+S4rei3nembouS7leanmOOBrumrmOmAn+OCv+OCpOODl+OBp+OBmeOAgiAK44O7IOi7vemHj+WMluOBqOmAmuawl+aAp+OCkui/veWPiuOBl+OBn+ODrOODvOOCt+ODs+OCsOODouODh+ODq+OBp+OBmeOAgiAK44O7IOODnuOCuOODg+OCr+ODhuODvOODl+ODu+OCtOODoOe0kOOCv+OCpOODl+OBp+OBmeOAggrjgJDpgJrluLgx772eN+aXpeS7peWGheOBq+eZuumAgeOBl+OBvuOBmeOAkQ==,44Ki44K344OD44Kv44K5IC8g44K/44Kk44K044OzIOODrOODvOOCtuODvOODk+ODvOODoCBUS0IgMjA4ICggQVNJQ1MgVEtCMjA4ICnjgJDou73ph4/jgJHjgJDnlLfjga7lrZAg5aWz44Gu5a2Q44CR44CQ6YGL5YuV5Lya44CR44CQ44Kt44OD44K6IOOCuOODpeODi+OCoiDjgrfjg6Xjg7zjgrrjgJHjgJDjgrnjg4vjg7zjgqvjg7zjgJHjgJDlrZDkvpvpnbTjgJHjgJDjg6njg7Pjg4vjg7PjgrDjgrfjg6Xjg7zjgrrjgJHjgJDjgq3jg4Pjgrrjgrfjg6Xjg7zjgrrjgJHjgJDjgrjjg6Xjg4vjgqLjgrfjg6Xjg7zjgrrjgJEoVEtC44Gu5b6M57aZ44Oi44OH44Or44Gn44GZKe+8mumdtOOBruOBvuOBiOOBoA==,6YCa5L+h6LKp5aOy6YCa6LKp44K344On44OD44OU44Oz44Kw44Kq44Oz44Op44Kk44Oz44K344On44OD44OU44Oz44Kw6LK344GE54mp44OX44Os44K844Oz44OI44Ku44OV44OI6LSI44KK54mp6LSI562U5ZOB44GK5Lit5YWD44GK5q2z5pqu44GK6LK344GE5b6X44Ki44K344OD44Kv44K5IC8g44K/44Kk44K044OzIOODrOODvOOCtuODvOODk+ODvOODoCBUS0IgMjA4ICggQVNJQ1MgVEtCMjA4ICnjgJDou73ph4/jgJHjgJDnlLfjga7lrZAg5aWz44Gu5a2Q44CR44CQ6YGL5YuV5Lya44CR44CQ44Kt44OD44K6IOOCuOODpeODi+OCoiDjgrfjg6Xjg7zjgrrjgJHjgJDjgrnjg4vjg7zjgqvjg7zjgJHjgJDlrZDkvpvpnbTjgJHjgJDjg6njg7Pjg4vjg7PjgrDjgrfjg6Xjg7zjgrrjgJHjgJDjgq3jg4Pjgrrjgrfjg6Xjg7zjgrrjgJHjgJDjgrjjg6Xjg4vjgqLjgrfjg6Xjg7zjgrrjgJEoVEtC44Gu5b6M57aZ44Oi44OH44Or44Gn44GZKQ==,44Ki44K344OD44Kv44K5IC8g44K/44Kk44K044OzIOODrOODvOOCtuODvOODk+ODvOODoCBUS0IgMjA4ICggQVNJQ1MgVEtCMjA4ICnjgJDou73ph4/jgJHjgJDnlLfjga7lrZAg5aWz44Gu5a2Q44CR44CQ6YGL5YuV5Lya44CR44CQ44Kt44OD44K6IOOCuOODpeODi+OCoiDjgrfjg6Xjg7zjgrrjgJHjgJDjgrnjg4vjg7zjgqvjg7zjgJHjgJDlrZDkvpvpnbTjgJHjgJDjg6njg7Pjg4vjg7PjgrDjgrfjg6Xjg7zjgrrjgJHjgJDjgq3jg4Pjgrrjgrfjg6Xjg7zjgrrjgJHjgJDjgrjjg6Xjg4vjgqLjgrfjg6Xjg7zjgrrjgJEoVEtC44Gu5b6M57aZ44Oi44OH44Or44Gn44GZKQ==[rn]
14-157892,aHR0cDovL3RzaG9wLnIxMHMuanAva3V0c3Vub21hZWRhL2NhYmluZXQvaW1ncmMwMDgyNDMzNDMzLmdpZj9maXRpbj03MDA6NzAw,MzExOS4yMDAw,,44Kt44OD44K644O744OZ44OT44O844O744Oe44K/44OL44OG44KjID4g44Kt44OD44K6ID4g6Z20ID4g44K544OL44O844Kr44O8,44Ki44K344OD44Kv44K5IC8g44GZ44GP44GZ44GPIOOCueOCr+OCueOCryDjgqLjgqTjg4Djg5vjg5/jg4sgMyBUVU0gMTg2ICggQVNJQ1MgU1VLVTIgU1VLVVNVS1UgQUlEQUhPIE1JTkkgMyBUVU0xODYgKeOAkOOCreODg+OCuiDjgrjjg6Xjg4vjgqIg44K544OL44O844Kr44O844CR44CQ5a2Q5L6b6Z2044CR44CQ44K344Ol44O844K644CR44CQ5a2Q5L6bIOmdtOOAkeOAkOOCreODg+OCuuOCt+ODpeODvOOCuuOAkeOAkOOCuOODpeODi+OCouOCt+ODpeODvOOCuuOAkShUVU0xNTjjga7lvozntpnjg6Ljg4fjg6vjgafjgZkp,,44O7IOmAmuawl+aAp+OBrumrmOOBhOODqeODg+OCu+ODq+ODoeODg+OCt+ODpeOCkue0oOadkOOBq+aOoeeUqOOBmeOCi+OBk+OBqOOBpwogIOOCt+ODpeODvOOCuuWGheOCkuODoOODrOOBmuOBq+W/q+mBqeOBq+S/neOBpOOCouOCpOODgOODm01JTknjgafjgZnjgIIK44O7IDLmnKzjg5njg6vjg4jjgafnlLLjgpLjgZfjgaPjgYvjgorjg5vjg7zjg6vjg4njgZfjgIHlpKfliIfjgarjgYrlrZDmp5jjga4KICDmranooYzjgavlronlrprmhJ/jgpLkuI7jgYjjgabjgY/jgozjgb7jgZnjgIIK44O7IOOCveODvOODq++8iOmdtOW6le+8ieOBruWHueWHuOOCkuW+k+adpeOCiOOCiuWkp+OBjeOBj+OBmeOCi+OBk+OBqOOBp+OCsOODquODg+ODl+aAp+OBqAogIOiAkOS5heaAp+OCkuOCiOOCiumrmOOCgeOAgei7ouOBs+OBq+OBj+OBhOS7leanmOOBq+S7leS4iuOBkuOBvuOBl+OBn+OAgg==,44Ki44K344OD44Kv44K5IC8g44GZ44GP44GZ44GPIOOCueOCr+OCueOCryDjgqLjgqTjg4Djg5vjg5/jg4sgMyBUVU0gMTg2ICggQVNJQ1MgU1VLVTIgU1VLVVNVS1UgQUlEQUhPIE1JTkkgMyBUVU0xODYgKeOAkOOCreODg+OCuiDjgrjjg6Xjg4vjgqIg44K544OL44O844Kr44O844CR44CQ5a2Q5L6b6Z2044CR44CQ44K344Ol44O844K644CR44CQ5a2Q5L6bIOmdtOOAkeOAkOOCreODg+OCuuOCt+ODpeODvOOCuuOAkeOAkOOCuOODpeODi+OCouOCt+ODpeODvOOCuuOAkShUVU0xNTjjga7lvozntpnjg6Ljg4fjg6vjgafjgZkp77ya6Z2044Gu44G+44GI44Gg,6YCa5L+h6LKp5aOy6YCa6LKp44K344On44OD44OU44Oz44Kw44Kq44Oz44Op44Kk44Oz44K344On44OD44OU44Oz44Kw6LK344GE54mp44OX44Os44K844Oz44OI44Ku44OV44OI6LSI44KK54mp6LSI562U5ZOB44GK5Lit5YWD44GK5q2z5pqu44GK6LK344GE5b6X44Ki44K344OD44Kv44K5IC8g44GZ44GP44GZ44GPIOOCueOCr+OCueOCryDjgqLjgqTjg4Djg5vjg5/jg4sgMyBUVU0gMTg2ICggQVNJQ1MgU1VLVTIgU1VLVVNVS1UgQUlEQUhPIE1JTkkgMyBUVU0xODYgKeOAkOOCreODg+OCuiDjgrjjg6Xjg4vjgqIg44K544OL44O844Kr44O844CR44CQ5a2Q5L6b6Z2044CR44CQ44K344Ol44O844K644CR44CQ5a2Q5L6bIOmdtOOAkeOAkOOCreODg+OCuuOCt+ODpeODvOOCuuOAkeOAkOOCuOODpeODi+OCouOCt+ODpeODvOOCuuOAkShUVU0xNTjjga7lvozntpnjg6Ljg4fjg6vjgafjgZkp,44Ki44K344OD44Kv44K5IC8g44GZ44GP44GZ44GPIOOCueOCr+OCueOCryDjgqLjgqTjg4Djg5vjg5/jg4sgMyBUVU0gMTg2ICggQVNJQ1MgU1VLVTIgU1VLVVNVS1UgQUlEQUhPIE1JTkkgMyBUVU0xODYgKeOAkOOCreODg+OCuiDjgrjjg6Xjg4vjgqIg44K544OL44O844Kr44O844CR44CQ5a2Q5L6b6Z2044CR44CQ44K344Ol44O844K644CR44CQ5a2Q5L6bIOmdtOOAkeOAkOOCreODg+OCuuOCt+ODpeODvOOCuuOAkeOAkOOCuOODpeODi+OCouOCt+ODpeODvOOCuuOAkShUVU0xNTjjga7lvozntpnjg6Ljg4fjg6vjgafjgZkp[rn]
14-157893,aHR0cDovL3RzaG9wLnIxMHMuanAva3V0c3Vub21hZWRhL2NhYmluZXQvaW1ncmMwMDgyMTAwODk5LmdpZj9maXRpbj03MDA6NzAw,MjM4My4yMDAw,,44Kt44OD44K644O744OZ44OT44O844O744Oe44K/44OL44OG44KjID4g44Kt44OD44K6ID4g6Z20ID4g44K544OL44O844Kr44O8,44Ki44K344OD44Kv44K5IC8g44K/44Kk44K044OzIOODrOODvOOCtuODvOODk+ODvOODoCBUS0IgMTA0IOODm+ODr+OCpOODiCDnmb0g44OW44Op44OD44KvIOm7kiAoIEFTSUNTIFRLQjEwNCAp44CQ6Lu96YeP44CR44CQ55S344Gu5a2QIOWls+OBruWtkOOAkeOAkOOCreODg+OCuiDjgrjjg6Xjg4vjgqIg44K344Ol44O844K644CR44CQ44K544OL44O844Kr44O844CR44CQ5a2Q5L6b6Z2044CR44CQ44Op44Oz44OL44Oz44Kw44CR44CQ5a2Q5L6bIOmdtOOAkeOAkOODrOODh+OCo+ODvOOCueOAkeOAkOe0kOOAkeOAkOOCuOODp+OCruODs+OCsOOAkeOAkOODqeODs+ODi+ODs+OCsOOCt+ODpeODvOOCuuOAkQ==,,44O7IOmBi+WLleS8muODu+mZuOS4iuertuaKgOOBp+Wkp+S6uuawl+OBruODqeODs+ODi+ODs+OCsOOCt+ODpeODvOOCuueZu+WgtOOBp+OBmeOAgiAK44O7IOODgOODg+OCt+ODpeaZguOBq+OBpOOBvuWFiOOBq+mbhuS4reOBmeOCi+OCreODg+OCr+WKm+OCkumrmOOBhOODrOODmeODq+OBpwogIOeZuuaPruOBp+OBjeOCi+OCiOOBhuOAgeOBpOOBvuWFiOmDqOWIhuOBq+WxiOabsua6neOCkumFjee9ruOBmeOCi+OBk+OBqOOBpwogIOOCsOODquODg+ODl+mdouepjeOCkueiuuS/neOBl+OBvuOBmeOAgg==,44Ki44K344OD44Kv44K5IC8g44K/44Kk44K044OzIOODrOODvOOCtuODvOODk+ODvOODoCBUS0IgMTA0IOODm+ODr+OCpOODiCDnmb0g44OW44Op44OD44KvIOm7kiAoIEFTSUNTIFRLQjEwNCAp44CQ6Lu96YeP44CR44CQ55S344Gu5a2QIOWls+OBruWtkOOAkeOAkOOCreODg+OCuiDjgrjjg6Xjg4vjgqIg44K344Ol44O844K644CR44CQ44K544OL44O844Kr44O844CR44CQ5a2Q5L6b6Z2044CR44CQ44Op44Oz44OL44Oz44Kw44CR44CQ5a2Q5L6bIOmdtOOAkeOAkOODrOODh+OCo+ODvOOCueOAkeOAkOe0kOOAkeOAkOOCuOODp+OCruODs+OCsOOAkeOAkOODqeODs+ODi+ODs+OCsOOCt+ODpeODvOOCuuOAke+8mumdtOOBruOBvuOBiOOBoA==,6YCa5L+h6LKp5aOy6YCa6LKp44K344On44OD44OU44Oz44Kw44Kq44Oz44Op44Kk44Oz44K344On44OD44OU44Oz44Kw6LK344GE54mp44OX44Os44K844Oz44OI44Ku44OV44OI6LSI44KK54mp6LSI562U5ZOB44GK5Lit5YWD44GK5q2z5pqu44GK6LK344GE5b6X44Ki44K344OD44Kv44K5IC8g44K/44Kk44K044OzIOODrOODvOOCtuODvOODk+ODvOODoCBUS0IgMTA0IOODm+ODr+OCpOODiCDnmb0g44OW44Op44OD44KvIOm7kiAoIEFTSUNTIFRLQjEwNCAp44CQ6Lu96YeP44CR44CQ55S344Gu5a2QIOWls+OBruWtkOOAkeOAkOOCreODg+OCuiDjgrjjg6Xjg4vjgqIg44K344Ol44O844K644CR44CQ44K544OL44O844Kr44O844CR44CQ5a2Q5L6b6Z2044CR44CQ44Op44Oz44OL44Oz44Kw44CR44CQ5a2Q5L6bIOmdtOOAkeOAkOODrOODh+OCo+ODvOOCueOAkeOAkOe0kOOAkeOAkOOCuOODp+OCruODs+OCsOOAkeOAkOODqeODs+ODi+ODs+OCsOOCt+ODpeODvOOCuuOAkQ==,44Ki44K344OD44Kv44K5IC8g44K/44Kk44K044OzIOODrOODvOOCtuODvOODk+ODvOODoCBUS0IgMTA0IOODm+ODr+OCpOODiCDnmb0g44OW44Op44OD44KvIOm7kiAoIEFTSUNTIFRLQjEwNCAp44CQ6Lu96YeP44CR44CQ55S344Gu5a2QIOWls+OBruWtkOOAkeOAkOOCreODg+OCuiDjgrjjg6Xjg4vjgqIg44K344Ol44O844K644CR44CQ44K544OL44O844Kr44O844CR44CQ5a2Q5L6b6Z2044CR44CQ44Op44Oz44OL44Oz44Kw44CR44CQ5a2Q5L6bIOmdtOOAkeOAkOODrOODh+OCo+ODvOOCueOAkeOAkOe0kOOAkeOAkOOCuOODp+OCruODs+OCsOOAkeOAkOODqeODs+ODi+ODs+OCsOOCt+ODpeODvOOCuuOAkQ==[rn]
14-157894,aHR0cDovL3RzaG9wLnIxMHMuanAva3V0c3Vub21hZWRhL2NhYmluZXQvaW1ncmMwMDc2NzIxODgxLmdpZj9maXRpbj03MDA6NzAw,MjM4My4yMDAw,,44Kt44OD44K644O744OZ44OT44O844O744Oe44K/44OL44OG44KjID4g44Kt44OD44K6ID4g6Z20ID4g44K544OL44O844Kr44O8,44Ki44K344OD44Kv44K5IOWVhuS6iyAvIOOCv+OCpOOCtOODsyDjg6zjg7zjgrbjg7zjg5Pjg7zjg6AgVEtCIDIwNiAoIEFTSUNTIHRyYWRpbmcgVEtCMjA2ICnjgJDou73ph4/jgJHjgJDnlLfjga7lrZAg5aWz44Gu5a2Q44CR44CQ44Kt44OD44K6IOOCuOODpeODi+OCoiDjgrfjg6Xjg7zjgrrjgJHjgJDjgrnjg4vjg7zjgqvjg7zjgJHjgJDlrZDkvpvpnbTjgJHjgJDjg57jgrjjg4Pjgq/jgJHjgJDjg6njg7Pjg4vjg7PjgrDjgrfjg6Xjg7zjgrrjgJHjgJDpnbTjgJE=,,44O7IOOCouOCt+ODg+OCr+OCueOCv+OCpOOCtOODs+OBrumAn+OBj+i1sOOCi+OBn+OCgeOBruOCueODi+ODvOOCq+ODvAogIOOAjOODrOODvOOCtuODvOODk+ODvOODoOOAjeOBjOabtOOBq+mAsuWMluOBl+OBpueZu+WgtOOBp+OBmeOAggrjg7sg552A5Zyw5pmC44Gu5qiq5pa55ZCR44Gu44OW44Os44KS6ICD5oWu44GX44CB44K144Kk44OJ5be744GN5LiK44GS5oSP5YygCiAg44KS5o6h55So44CC44K544K/44O844OI5pmC44Gu44Ko44ON44Or44Ku44O844Ot44K544KS6Ziy44GO44CB6Lu95b+r44GqCiAg44OA44OD44K344Ol44KS5byV44GN5Ye644GZ44Gk44G+5YWI44Gu44Os44O844K244O844OW44Os44O844OJ44KS5aSn5Z6LCiAg5YyW44GZ44KL5LqL44Gn44CB44Kt44OD44Kv5Yqb44KS5by35YyW44CCCuODuyDjg4jjg7zjgr/jg6vjg5Djg6njg7PjgrnjgavlhKrjgozjgZ/jgr3jg7zjg6vjgafnn63ot53pm6LotbDjgYvjgokKICDplbfot53pm6LotbDjgb7jgaflr77lv5zjgZfjgb7jgZnvvIE=,44Ki44K344OD44Kv44K5IOWVhuS6iyAvIOOCv+OCpOOCtOODsyDjg6zjg7zjgrbjg7zjg5Pjg7zjg6AgVEtCIDIwNiAoIEFTSUNTIHRyYWRpbmcgVEtCMjA2ICnjgJDou73ph4/jgJHjgJDnlLfjga7lrZAg5aWz44Gu5a2Q44CR44CQ44Kt44OD44K6IOOCuOODpeODi+OCoiDjgrfjg6Xjg7zjgrrjgJHjgJDjgrnjg4vjg7zjgqvjg7zjgJHjgJDlrZDkvpvpnbTjgJHjgJDjg57jgrjjg4Pjgq/jgJHjgJDjg6njg7Pjg4vjg7PjgrDjgrfjg6Xjg7zjgrrjgJHjgJDpnbTjgJHvvJrpnbTjga7jgb7jgYjjgaA=,6YCa5L+h6LKp5aOy6YCa6LKp44K344On44OD44OU44Oz44Kw44Kq44Oz44Op44Kk44Oz44K344On44OD44OU44Oz44Kw6LK344GE54mp44OX44Os44K844Oz44OI44Ku44OV44OI6LSI44KK54mp6LSI562U5ZOB44GK5Lit5YWD44GK5q2z5pqu44GK6LK344GE5b6X44Ki44K344OD44Kv44K5IOWVhuS6iyAvIOOCv+OCpOOCtOODsyDjg6zjg7zjgrbjg7zjg5Pjg7zjg6AgVEtCIDIwNiAoIEFTSUNTIHRyYWRpbmcgVEtCMjA2ICnjgJDou73ph4/jgJHjgJDnlLfjga7lrZAg5aWz44Gu5a2Q44CR44CQ44Kt44OD44K6IOOCuOODpeODi+OCoiDjgrfjg6Xjg7zjgrrjgJHjgJDjgrnjg4vjg7zjgqvjg7zjgJHjgJDlrZDkvpvpnbTjgJHjgJDjg57jgrjjg4Pjgq/jgJHjgJDjg6njg7Pjg4vjg7PjgrDjgrfjg6Xjg7zjgrrjgJHjgJDpnbTjgJE=,44Ki44K344OD44Kv44K5IOWVhuS6iyAvIOOCv+OCpOOCtOODsyDjg6zjg7zjgrbjg7zjg5Pjg7zjg6AgVEtCIDIwNiAoIEFTSUNTIHRyYWRpbmcgVEtCMjA2ICnjgJDou73ph4/jgJHjgJDnlLfjga7lrZAg5aWz44Gu5a2Q44CR44CQ44Kt44OD44K6IOOCuOODpeODi+OCoiDjgrfjg6Xjg7zjgrrjgJHjgJDjgrnjg4vjg7zjgqvjg7zjgJHjgJDlrZDkvpvpnbTjgJHjgJDjg57jgrjjg4Pjgq/jgJHjgJDjg6njg7Pjg4vjg7PjgrDjgrfjg6Xjg7zjgrrjgJHjgJDpnbTjgJE=[rn]
14-157895,aHR0cDovL3RzaG9wLnIxMHMuanAva3V0c3Vub21hZWRhL2NhYmluZXQvaW1ncmMwMDgxNzAyMTkyLmdpZj9maXRpbj03MDA6NzAw,MjM4My4yMDAw,,44Kt44OD44K644O744OZ44OT44O844O744Oe44K/44OL44OG44KjID4g44Kt44OD44K6ID4g6Z20ID4g44K544OL44O844Kr44O8,44Ki44K344OD44Kv44K5IC8g44K/44Kk44K044OzIOODrOODvOOCtuODvOODk+ODvOODoCBUS0IgMzA1ICggQVNJQ1MgVEtCMzA1ICnjgJDou73ph4/jgJHjgJDnlLfjga7lrZAg5aWz44Gu5a2Q44CR44CQ6YGL5YuV5Lya44CR44CQ44Kt44OD44K6IOOCuOODpeODi+OCoiDjgrfjg6Xjg7zjgrrjgJHjgJDjgrnjg4vjg7zjgqvjg7zjgJHjgJDlrZDkvpvpnbTjgJHjgJDjg6njg7Pjg4vjg7PjgrDjgrfjg6Xjg7zjgrrjgJHjgJDjgq3jg4Pjgrrjgrfjg6Xjg7zjgrrjgJHjgJDjgrjjg6Xjg4vjgqLjgrfjg6Xjg7zjgrrjgJE=,,44O7IOa/gOOBl+OBhOOCuOODpeODi+OCouOBruWLleOBjeOCkuOCteODneODvOODiOOAggrjg7sg5YaF5aSW6Z2e5a++56ew44Gu44OH44K244Kk44Oz44GM44GL44Gj44GT44GE44GE44CBCiAg44Oe44Or44OB44Gr5L2/44GI44KL44Kq44O844Or44Op44Km44Oz44OJ44Oi44OH44Or44CCCuODuyDou73jgZXjgajjgr/jg5XjgZXjgpLov73msYLjgZfjgZ/jg57jg6vjg4Hjg5Hjg7zjg5Hjgrnjg6Ljg4fjg6vjgIIK44O7IOWFqOWKm+eWvui1sOOBq+mHjeimgeOBquWJjei2s+mDqOOBrgogIOOCsOODquODg+ODl+aAp+OAgeWxiOabsuaAp+OCkumHjeimluOAggrjg7sg44OI44Kl44OQ44Oz44OR44O844Go44Ki44Oq44Ki44Oz44K544OG44OD44OB44Gr44KI44KKCiAg44Gk44G+5YWI6YOo44Gu6ICQ5LmF5oCn44Gr6YWN5oWuCuODuyDlj5bjgorlpJbjgZfjgabmtJfjgYjjgovmiJDlnovkuK3mlbfjgafjgIEKICDpnbTjga7kuK3jgpLmuIXmvZTjgavkv53jgabjgb7jgZnjgII=,44Ki44K344OD44Kv44K5IC8g44K/44Kk44K044OzIOODrOODvOOCtuODvOODk+ODvOODoCBUS0IgMzA1ICggQVNJQ1MgVEtCMzA1ICnjgJDou73ph4/jgJHjgJDnlLfjga7lrZAg5aWz44Gu5a2Q44CR44CQ6YGL5YuV5Lya44CR44CQ44Kt44OD44K6IOOCuOODpeODi+OCoiDjgrfjg6Xjg7zjgrrjgJHjgJDjgrnjg4vjg7zjgqvjg7zjgJHjgJDlrZDkvpvpnbTjgJHjgJDjg6njg7Pjg4vjg7PjgrDjgrfjg6Xjg7zjgrrjgJHjgJDjgq3jg4Pjgrrjgrfjg6Xjg7zjgrrjgJHjgJDjgrjjg6Xjg4vjgqLjgrfjg6Xjg7zjgrrjgJHvvJrpnbTjga7jgb7jgYjjgaA=,6YCa5L+h6LKp5aOy6YCa6LKp44K344On44OD44OU44Oz44Kw44Kq44Oz44Op44Kk44Oz44K344On44OD44OU44Oz44Kw6LK344GE54mp44OX44Os44K844Oz44OI44Ku44OV44OI6LSI44KK54mp6LSI562U5ZOB44GK5Lit5YWD44GK5q2z5pqu44GK6LK344GE5b6X44Ki44K344OD44Kv44K5IC8g44K/44Kk44K044OzIOODrOODvOOCtuODvOODk+ODvOODoCBUS0IgMzA1ICggQVNJQ1MgVEtCMzA1ICnjgJDou73ph4/jgJHjgJDnlLfjga7lrZAg5aWz44Gu5a2Q44CR44CQ6YGL5YuV5Lya44CR44CQ44Kt44OD44K6IOOCuOODpeODi+OCoiDjgrfjg6Xjg7zjgrrjgJHjgJDjgrnjg4vjg7zjgqvjg7zjgJHjgJDlrZDkvpvpnbTjgJHjgJDjg6njg7Pjg4vjg7PjgrDjgrfjg6Xjg7zjgrrjgJHjgJDjgq3jg4Pjgrrjgrfjg6Xjg7zjgrrjgJHjgJDjgrjjg6Xjg4vjgqLjgrfjg6Xjg7zjgrrjgJE=,44Ki44K344OD44Kv44K5IC8g44K/44Kk44K044OzIOODrOODvOOCtuODvOODk+ODvOODoCBUS0IgMzA1ICggQVNJQ1MgVEtCMzA1ICnjgJDou73ph4/jgJHjgJDnlLfjga7lrZAg5aWz44Gu5a2Q44CR44CQ6YGL5YuV5Lya44CR44CQ44Kt44OD44K6IOOCuOODpeODi+OCoiDjgrfjg6Xjg7zjgrrjgJHjgJDjgrnjg4vjg7zjgqvjg7zjgJHjgJDlrZDkvpvpnbTjgJHjgJDjg6njg7Pjg4vjg7PjgrDjgrfjg6Xjg7zjgrrjgJHjgJDjgq3jg4Pjgrrjgrfjg6Xjg7zjgrrjgJHjgJDjgrjjg6Xjg4vjgqLjgrfjg6Xjg7zjgrrjgJE=[rn]
14-157896,aHR0cDovL3RzaG9wLnIxMHMuanAva3V0c3Vub21hZWRhL2NhYmluZXQvei1veC0zLTE0LmdpZj9maXRpbj03MDA6NzAw,MjY4Ny4yMDAw,,44Kt44OD44K644O744OZ44OT44O844O744Oe44K/44OL44OG44KjID4g44Kt44OD44K6ID4g6Z20ID4g44K544OL44O844Kr44O8,44Kz44Oz44OQ44O844K5IOOCquODvOODq+OCueOCv+ODvCBBTExTVEFSIOODluODqeODg+OCryDpu5Ig44Ob44Ov44Kk44OIIOeZvSDjg4Hjg6PjgqTjg6vjg4koQ1YgQVMgQ09OVkVSU0UgQ0hJTEQgQUxMIFNUQVIgUlogT1gp44CQ6YCB5paZ54Sh5paZIOWMl+a1t+mBk+OAgeaylue4hOecjOOCkumZpOOBj+OAkeOAkOODmeODk+ODvCDjgq3jg4Pjgrog44K544OL44O844Kr44O844CR44CQ5a2Q5L6b6Z2044CR44CQ57SQ6Z2044CR44CQ44K344Ol44O844K644CR44CQ5a2Q5L6bIOmdtOOAkeOAkOWbveWGheato+imj+WTgeOAkeOAkOODreODvOOCq+ODg+ODiOOAkQ==,,44O7IOWumueVquOCueODi+ODvOOCq+ODvOOBruOCreODg+OCuuODouODh+ODq+OAggrjg7sg57Ch5Y2Y44Gr6ISx44GO5bGl44GN5Ye65p2l44KL44KI44GG44Gr44CB5aSW6Laz5YG044Gr44OV44Kh44K544OK44O85LuY44GN44CCCuODuyDjgq/jg4Pjgrfjg6fjg7PmgKfjga7oia/jgYTjg5Xjg6zjg4Pjgq/jgrnjgr3jg7zjg6vjgpLmjqHnlKjjgZfjgabjgYTjgovjga7jgafjgIEKICDotrPjgbjjga7osqDmi4XjgpLou73muJvjgZfjgb7jgZnjgIIK44CQ6YCa5bi4Me+9njfml6Xku6XlhoXjgavnmbrpgIHjgZfjgb7jgZnjgJE=,44Kz44Oz44OQ44O844K5IOOCquODvOODq+OCueOCv+ODvCBBTExTVEFSIOODluODqeODg+OCryDpu5Ig44Ob44Ov44Kk44OIIOeZvSDjg4Hjg6PjgqTjg6vjg4koQ1YgQVMgQ09OVkVSU0UgQ0hJTEQgQUxMIFNUQVIgUlogT1gp44CQ6YCB5paZ54Sh5paZIOWMl+a1t+mBk+OAgeaylue4hOecjOOCkumZpOOBj+OAkeOAkOODmeODk+ODvCDjgq3jg4Pjgrog44K544OL44O844Kr44O844CR44CQ5a2Q5L6b6Z2044CR44CQ57SQ6Z2044CR44CQ44K344Ol44O844K644CR44CQ5a2Q5L6bIOmdtOOAkeOAkOWbveWGheato+imj+WTgeOAkeOAkOODreODvOOCq+ODg+ODiOOAke+8mumdtOOBruOBvuOBiOOBoA==,6YCa5L+h6LKp5aOy6YCa6LKp44K344On44OD44OU44Oz44Kw44Kq44Oz44Op44Kk44Oz44K344On44OD44OU44Oz44Kw6LK344GE54mp44OX44Os44K844Oz44OI44Ku44OV44OI6LSI44KK54mp6LSI562U5ZOB44GK5Lit5YWD44GK5q2z5pqu44GK6LK344GE5b6X44Kz44Oz44OQ44O844K5IOOCquODvOODq+OCueOCv+ODvCBBTExTVEFSIOODluODqeODg+OCryDpu5Ig44Ob44Ov44Kk44OIIOeZvSDjg4Hjg6PjgqTjg6vjg4koQ1YgQVMgQ09OVkVSU0UgQ0hJTEQgQUxMIFNUQVIgUlogT1gp44CQ6YCB5paZ54Sh5paZIOWMl+a1t+mBk+OAgeaylue4hOecjOOCkumZpOOBj+OAkeOAkOODmeODk+ODvCDjgq3jg4Pjgrog44K544OL44O844Kr44O844CR44CQ5a2Q5L6b6Z2044CR44CQ57SQ6Z2044CR44CQ44K344Ol44O844K644CR44CQ5a2Q5L6bIOmdtOOAkeOAkOWbveWGheato+imj+WTgeOAkeOAkOODreODvOOCq+ODg+ODiOOAkQ==,44Kz44Oz44OQ44O844K5IOOCquODvOODq+OCueOCv+ODvCBBTExTVEFSIOODluODqeODg+OCryDpu5Ig44Ob44Ov44Kk44OIIOeZvSDjg4Hjg6PjgqTjg6vjg4koQ1YgQVMgQ09OVkVSU0UgQ0hJTEQgQUxMIFNUQVIgUlogT1gp44CQ6YCB5paZ54Sh5paZIOWMl+a1t+mBk+OAgeaylue4hOecjOOCkumZpOOBj+OAkeOAkOODmeODk+ODvCDjgq3jg4Pjgrog44K544OL44O844Kr44O844CR44CQ5a2Q5L6b6Z2044CR44CQ57SQ6Z2044CR44CQ44K344Ol44O844K644CR44CQ5a2Q5L6bIOmdtOOAkeOAkOWbveWGheato+imj+WTgeOAkeOAkOODreODvOOCq+ODg+ODiOOAkQ==[rn]
14-157897,aHR0cDovL3RzaG9wLnIxMHMuanAva3V0c3Vub21hZWRhL2NhYmluZXQvaW1ncmMwMDgwOTY5MTQxLmdpZj9maXRpbj03MDA6NzAw,MTcxOS4yMDAw,,44Kt44OD44K644O744OZ44OT44O844O744Oe44K/44OL44OG44KjID4g44Kt44OD44K6ID4g6Z20ID4g44K544OL44O844Kr44O8,44Og44O844Oz44K544K/44O8IC8g44OQ44Kk44KqIOODhuODlSB0ZWYgMDEg44Ob44Ov44Kk44OIIOeZvSDjg6zjg4Pjg4kg44OW44Or44O8IOOCsOODquODvOODsyAoIE1vb25TdGFyIOODkOOCpOOCqlRFRjAxICnjgJDpgIHmlpnnhKHmlpkg5YyX5rW36YGT44CB5rKW57iE55yM44KS6Zmk44GP44CR44CQ44OG44OV44Ot44OzIOWKoOW3peOAkeOAkOaXpeacrOijveOAkeOAkOODkOODrOOCqOOCt+ODpeODvOOCuuOAkeOAkOS4iuWxpeOBjeOAkeOAkOWtkOS+m+mdtOOAkSjoo73pgKDkuIrjga7jgIHjga7jgormsZrjgoznrYnjga/jgZTkuobmib/jga7kuIrjgIHjgZTos7zlhaXjgY/jgaDjgZXjgYTjgIIp,,44O7IOODoOODvOODs+OCueOCv+ODvO+8iOaciOaYn++8ieOCiOOCiuWkp+S6uuawl+OBrgogIOOCueOCr+ODvOODq+OCt+ODpeODvOOCuuOBrueZu+WgtOOBp+OBmeOAgiAK44O7IOeUsuWFqOmdouOBq+ODgOODluODq+ODqeODg+OCu+ODq+ODoeODg+OCt+ODpeS9v+eUqOOBlwogIOS4gOaXpeS4reWxpeOBhOOBpuOCgui2s+ODoOODrOOBl+OBq+OBj+OBhOOCu+ODs+OCv+ODvOOCtOOCouOCv+OCpOODl+OAgiAK44O7IOaxmuOCjOOBjOOBpOOBjeOBq+OBj+OBj+OAgeiQveOBqOOBl+OChOOBmeOBhOODhuODleODreODs+WKoOW3peOBrueUsuadkOOBpwogIOOBiuWtkOanmOOBrui2s+OCkua4hea9lOOBq+S/neOBoeOBvuOBmeOAgiAK44O7IOOCteODi+OCv+OCpOOCuuWKoOW3pe+8iOaKl+iPjOODu+mYsuiHre+8ieOChOaSpeawtOWKoOW3peODuwogIOihneaSg+WQuOWPjuOBquOBqeOBhuOCjOOBl+OBhOapn+iDveOBjOWFheWun+OAgiAK44O7IOWuieW/g+OBruaXpeacrOijveOBqOOBquOBo+OBpuOBiuOCiuOBvuOBmQ==,44Og44O844Oz44K544K/44O8IC8g44OQ44Kk44KqIOODhuODlSB0ZWYgMDEg44Ob44Ov44Kk44OIIOeZvSDjg6zjg4Pjg4kg44OW44Or44O8IOOCsOODquODvOODsyAoIE1vb25TdGFyIOODkOOCpOOCqlRFRjAxICnjgJDpgIHmlpnnhKHmlpkg5YyX5rW36YGT44CB5rKW57iE55yM44KS6Zmk44GP44CR44CQ44OG44OV44Ot44OzIOWKoOW3peOAkeOAkOaXpeacrOijveOAkeOAkOODkOODrOOCqOOCt+ODpeODvOOCuuOAkeOAkOS4iuWxpeOBjeOAkeOAkOWtkOS+m+mdtOOAkSjoo73pgKDkuIrjga7jgIHjga7jgormsZrjgoznrYnjga/jgZTkuobmib/jga7kuIrjgIHjgZTos7zlhaXjgY/jgaDjgZXjgYTjgIIp77ya6Z2044Gu44G+44GI44Gg,6YCa5L+h6LKp5aOy6YCa6LKp44K344On44OD44OU44Oz44Kw44Kq44Oz44Op44Kk44Oz44K344On44OD44OU44Oz44Kw6LK344GE54mp44OX44Os44K844Oz44OI44Ku44OV44OI6LSI44KK54mp6LSI562U5ZOB44GK5Lit5YWD44GK5q2z5pqu44GK6LK344GE5b6X44Og44O844Oz44K544K/44O8IC8g44OQ44Kk44KqIOODhuODlSB0ZWYgMDEg44Ob44Ov44Kk44OIIOeZvSDjg6zjg4Pjg4kg44OW44Or44O8IOOCsOODquODvOODsyAoIE1vb25TdGFyIOODkOOCpOOCqlRFRjAxICnjgJDpgIHmlpnnhKHmlpkg5YyX5rW36YGT44CB5rKW57iE55yM44KS6Zmk44GP44CR44CQ44OG44OV44Ot44OzIOWKoOW3peOAkeOAkOaXpeacrOijveOAkeOAkOODkOODrOOCqOOCt+ODpeODvOOCuuOAkeOAkOS4iuWxpeOBjeOAkeOAkOWtkOS+m+mdtOOAkSjoo73pgKDkuIrjga7jgIHjga7jgormsZrjgoznrYnjga/jgZTkuobmib/jga7kuIrjgIHjgZTos7zlhaXjgY/jgaDjgZXjgYTjgIIp,44Og44O844Oz44K544K/44O8IC8g44OQ44Kk44KqIOODhuODlSB0ZWYgMDEg44Ob44Ov44Kk44OIIOeZvSDjg6zjg4Pjg4kg44OW44Or44O8IOOCsOODquODvOODsyAoIE1vb25TdGFyIOODkOOCpOOCqlRFRjAxICnjgJDpgIHmlpnnhKHmlpkg5YyX5rW36YGT44CB5rKW57iE55yM44KS6Zmk44GP44CR44CQ44OG44OV44Ot44OzIOWKoOW3peOAkeOAkOaXpeacrOijveOAkeOAkOODkOODrOOCqOOCt+ODpeODvOOCuuOAkeOAkOS4iuWxpeOBjeOAkeOAkOWtkOS+m+mdtOOAkSjoo73pgKDkuIrjga7jgIHjga7jgormsZrjgoznrYnjga/jgZTkuobmib/jga7kuIrjgIHjgZTos7zlhaXjgY/jgaDjgZXjgYTjgIIp[rn]
14-157898,aHR0cDovL3RzaG9wLnIxMHMuanAva3V0c3Vub21hZWRhL2NhYmluZXQvaW1ncmMwMDgwODc4MDMxLmdpZj9maXRpbj03MDA6NzAw,MTkxOC40MDAw,,44Kt44OD44K644O744OZ44OT44O844O744Oe44K/44OL44OG44KjID4g44Kt44OD44K6ID4g6Z20ID4g44K544OL44O844Kr44O8,44Og44O844Oz44K544K/44O8IC8g44OQ44Kk44KqIOODqeOCpOODiCBMVCAwMSDjg5vjg6/jgqTjg4gg55m9IOODrOODg+ODiSDjg5bjg6vjg7wg44Kw44Oq44O844OzICggTW9vblN0YXIg44OQ44Kk44KqTFQwMSAp44CQ6YCB5paZ54Sh5paZIOWMl+a1t+mBk+OAgeaylue4hOecjOOCkumZpOOBj+OAkeOAkOi7vemHj+OAkeOAkOaXpeacrOijveOAkeOAkOODkOODrOOCqOOCt+ODpeODvOOCuuOAkeOAkOS4iuWxpeOBjeOAkeOAkOWtkOS+m+mdtOOAkSjoo73pgKDkuIrjga7jgIHjga7jgormsZrjgoznrYnjga/jgZTkuobmib/jga7kuIrjgIHjgZTos7zlhaXjgY/jgaDjgZXjgYTjgIIp,,44O7IOODoOODvOODs+OCueOCv+ODvO+8iOaciOaYn++8ieOCiOOCiuWkp+S6uuawl+OBrgogIOOCueOCr+ODvOODq+OCt+ODpeODvOOCuuOBrueZu+WgtOOBp+OBmeOAgiAK44O7IOeUsuWFqOmdouOBq+ODgOODluODq+ODqeODg+OCu+ODq+ODoeODg+OCt+ODpeS9v+eUqOOBlwogIOS4gOaXpeS4reWxpeOBhOOBpuOCgui2s+ODoOODrOOBl+OBq+OBj+OBhOOCu+ODs+OCv+ODvOOCtOOCouOCv+OCpOODl+OAgiAK44O7IOaxmuOCjOOBjOOBpOOBjeOBq+OBj+OBj+OAgeiQveOBqOOBl+OChOOBmeOBhOWKoOW3peOBrueUsuadkOOBpwogIOOBiuWtkOanmOOBrui2s+OCkua4hea9lOOBq+S/neOBoeOBvuOBmeOAgiAK44O7IOaKl+iPjOODu+mYsuiHreOChOihneaSg+WQuOWPjuOBquOBqQogIOOBhuOCjOOBl+OBhOapn+iDveOBjOWFheWun+OAgiAK44O7IOWuieW/g+OBruaXpeacrOijveOBqOOBquOBo+OBpuOBiuOCiuOBvuOBmeOAgg==,44Og44O844Oz44K544K/44O8IC8g44OQ44Kk44KqIOODqeOCpOODiCBMVCAwMSDjg5vjg6/jgqTjg4gg55m9IOODrOODg+ODiSDjg5bjg6vjg7wg44Kw44Oq44O844OzICggTW9vblN0YXIg44OQ44Kk44KqTFQwMSAp44CQ6YCB5paZ54Sh5paZIOWMl+a1t+mBk+OAgeaylue4hOecjOOCkumZpOOBj+OAkeOAkOi7vemHj+OAkeOAkOaXpeacrOijveOAkeOAkOODkOODrOOCqOOCt+ODpeODvOOCuuOAkeOAkOS4iuWxpeOBjeOAkeOAkOWtkOS+m+mdtOOAkSjoo73pgKDkuIrjga7jgIHjga7jgormsZrjgoznrYnjga/jgZTkuobmib/jga7kuIrjgIHjgZTos7zlhaXjgY/jgaDjgZXjgYTjgIIp77ya6Z2044Gu44G+44GI44Gg,6YCa5L+h6LKp5aOy6YCa6LKp44K344On44OD44OU44Oz44Kw44Kq44Oz44Op44Kk44Oz44K344On44OD44OU44Oz44Kw6LK344GE54mp44OX44Os44K844Oz44OI44Ku44OV44OI6LSI44KK54mp6LSI562U5ZOB44GK5Lit5YWD44GK5q2z5pqu44GK6LK344GE5b6X44Og44O844Oz44K544K/44O8IC8g44OQ44Kk44KqIOODqeOCpOODiCBMVCAwMSDjg5vjg6/jgqTjg4gg55m9IOODrOODg+ODiSDjg5bjg6vjg7wg44Kw44Oq44O844OzICggTW9vblN0YXIg44OQ44Kk44KqTFQwMSAp44CQ6YCB5paZ54Sh5paZIOWMl+a1t+mBk+OAgeaylue4hOecjOOCkumZpOOBj+OAkeOAkOi7vemHj+OAkeOAkOaXpeacrOijveOAkeOAkOODkOODrOOCqOOCt+ODpeODvOOCuuOAkeOAkOS4iuWxpeOBjeOAkeOAkOWtkOS+m+mdtOOAkSjoo73pgKDkuIrjga7jgIHjga7jgormsZrjgoznrYnjga/jgZTkuobmib/jga7kuIrjgIHjgZTos7zlhaXjgY/jgaDjgZXjgYTjgIIp,44Og44O844Oz44K544K/44O8IC8g44OQ44Kk44KqIOODqeOCpOODiCBMVCAwMSDjg5vjg6/jgqTjg4gg55m9IOODrOODg+ODiSDjg5bjg6vjg7wg44Kw44Oq44O844OzICggTW9vblN0YXIg44OQ44Kk44KqTFQwMSAp44CQ6YCB5paZ54Sh5paZIOWMl+a1t+mBk+OAgeaylue4hOecjOOCkumZpOOBj+OAkeOAkOi7vemHj+OAkeOAkOaXpeacrOijveOAkeOAkOODkOODrOOCqOOCt+ODpeODvOOCuuOAkeOAkOS4iuWxpeOBjeOAkeOAkOWtkOS+m+mdtOOAkSjoo73pgKDkuIrjga7jgIHjga7jgormsZrjgoznrYnjga/jgZTkuobmib/jga7kuIrjgIHjgZTos7zlhaXjgY/jgaDjgZXjgYTjgIIp[rn]
14-157899,aHR0cDovL3RzaG9wLnIxMHMuanAvdGFpbHdpbmQvY2FiaW5ldC9raWRzL25iL2ZzOTk2XzFfMS5qcGc/Zml0aW49NzAwOjcwMA==,MzE5Mi4wMDAw,,44Kt44OD44K644O744OZ44OT44O844O744Oe44K/44OL44OG44KjID4g44Kt44OD44K6ID4g6Z20ID4g44K544OL44O844Kr44O8,KFZQ44Gu44G/Mjbml6Xku6XpmY3lhaXojbfvvInjg4vjg6Xjg7zjg5Djg6njg7Pjgrkg77yIbmV3YmFsYW5jZe+8iSDlrZDkvpvpnbQg44K544OL44O844Kr44O8IEZTOTk2IOWFqDXoibLjgIDjgq3jg4PjgrrnlKgg55S35aWz5YW855So44Oi44OH44Or,,PCEtLS0t44GT44GT44GL44KJ6L+U5ZOB5Lqk5o+b44Gr44Gk44GE44GmL+ODluODqeODs+ODieWIpeOCteOCpOOCui0tLS0tPgoKPGZvbnQgY29sb3I9IiNGRjMzMzMiPuKWoOi/lOWTgeODu+S6pOaPm+OBq+OBpOOBhOOBpijjgZTos7zlhaXliY3jgavjgYroqq3jgb/kuIvjgZXjgYTvvIk8L2ZvbnQ+PGJyPgo8Zm9udCBjb2xvcj0iIzMzMzMzMyI+4pag44OW44Op44Oz44OJ5Yil44CB44K144Kk44K644Gu6YG444Gz5pa5PC9mb250Pjxicj48YnI+PGJyPiAKPCEtLS0t44GT44GT44G+44Gn6L+U5ZOB5Lqk5o+b44Gr44Gk44GE44GmL+ODluODqeODs+ODieWIpeOCteOCpOOCui0tLS0+Cgo8IS0t5ZWG5ZOB55S75YOP77yIMe+8ieOBk+OBk+OBi+OCiS0tPgo8aW1nIHNyYz0iIGh0dHA6Ly9pbWFnZS5yYWt1dGVuLmNvLmpwL3RhaWx3aW5kL2NhYmluZXQva2lkcy9uYi9mczk5Nl8xXzEuanBnIiB3aWR0aD0iMTAwJSI+PGJyIC8+PGJyIC8+CjwhLS3llYblk4HnlLvlg4/vvIgx77yJ44GT44GT44G+44GnLS0+CjwhLS3jgZPjgZPjgYvjgonllYblk4HoqqzmmI7jgpLlhaXjgozjgostLS0+CuODi+ODpeODvOODkOODqeODs+OCueOAjEZTOTk244CN44Gn44GZ4pmqPGJyIC8+CuODmOODquODhuOCpOOCuOODouODh+ODq+OAjDk5NuOAjeOCkuODh+OCtuOCpOODs+ODmeODvOOCueOBq+OAgTRMT1ZF44CB44OX44OB44K/44OD44OB44Kk44Oz44K944O844Or44Gq44Gp5YWF5a6f44GX44Gf5qmf6IO944KS5YKZ44GI44GfSU5GQU5U44OQ44O844K444On44Oz44CC5a2Q5L6b44KJ44GX44GE44Od44OD44OX44Gq44Kr44Op44O844Oq44Oz44Kw44GM44Go44Gj44Gm44KC5Y+v5oSb44GE5LiA5ZOB44Gn44GZ44CCCuOCr+ODg+OCt+ODp+ODs+aAp+OCguaKnOe+pOOBp+OCveODvOODq+OBr+OBl+OBo+OBi+OCiuOBqOa6neOBjOWFpeOCiuOAgea7keOCiuOBq+OBj+OBhOWuieW/g+OBruS9nOOCiuOAguOBn+OBj+OBleOCk+i1sOOCiuWbnuOCi+OBiuWtkOanmOOBq+OCguKXjuOAguODleODreODs+ODiOmDqOWIhuOBr+WkquOBhOODnuOCuOODg+OCr+ODhuODvOODl+OBp+i2s+OCkuOBl+OBo+OBi+OCiuOBqOWbuuWumuOAguODnuOCuOODg+OCr+ODhuODvOODl+OBjOOBqOOBpuOCguWkp+OBjeOBj+mWi+OBhOOBpuWxpeOBi+OBm+OChOOBmeOBhOOBi+OCieOBiuavjeOBleOCk+OBq+OCguWEquOBl+OBhOKZquOCpOODs+OCveODvOODq+OBr+WPluOCiuWkluOBl+OBjOWPr+iDveOBp+OAgeaxmuOCjOOBn+OCieOBmeOBkOOBq+a0l+OBhuOBk+OBqOOBjOOBp+OBjeOBvuOBmeOAgiAKPGJyIC8+CjxiciAvPgoKPCEtLeOAgOOBk+OBk+OBvuOBp+WVhuWTgeiqrOaYjuOAgC0tLT4KPCEtLeWVhuWTgeeUu+WDj++8iDHvvInjgZPjgZPjgYvjgoktLT4KPGltZyBzcmM9IiBodHRwOi8vaW1hZ2UucmFrdXRlbi5jby5qcC90YWlsd2luZC9jYWJpbmV0L2tpZHMvbmIvZnM5OTZfMV8yLmpwZyIgd2lkdGg9IjEwMCUiPjxiciAvPjxiciAvPgo8IS0t5ZWG5ZOB55S75YOP77yIMe+8ieOBk+OBk+OBvuOBpy0tPgo8IS0tICDjgZPjgZPjgYvjgonllYblk4Hmg4XloLHjgIAtLS0+Cgo8dGFibGUgd2lkdGg9IjEwMCUiIGNlbGxwYWRkaW5nPSI1IiBjZWxsc3BhY2luZz0iMSIgYmdjb2xvcj0iI0NDQ0NDQyI+Cjx0cj4gCjx0ZCBiZ2NvbG9yPSIjRkZGNERGIj7ilqDlk4Hnlao8L3RkPgo8L3RyPgo8dHI+IAo8dGQgYmdjb2xvcj0iI0ZGRkZGRiI+RlM5OTYgPC90ZD4KPC90cj4KPHRyPiAKPHRkIGJnY29sb3I9IiNGRkY0REYiPuKWoOWTgeWQjTwvdGQ+CjwvdHI+Cjx0cj4gCjx0ZCBiZ2NvbG9yPSIjRkZGRkZGIj5uZXdiYWxhbmNlIEZTOTk2IDwvdGQ+CjwvdHI+Cjx0cj4gCjx0ZCBiZ2NvbG9yPSIjRkZGNERGIj7ilqDjgqvjg6njg7zjg5Djg6rjgqjjg7zjgrfjg6fjg7M8L3RkPgo8L3RyPgo8dHI+IAo8dGQgYmdjb2xvcj0iI0ZGRkZGRiI+ClZQ77ya44OR44O844OX44OrL+ODlOODs+OCrzxiciAvPgpBU++8muODmeODvOOCuOODpS/jg5bjg6vjg7w8YnI+CkFM77ya44OW44Or44O8L+ODm+ODr+OCpOODiDxicj4KQ1nvvJrjgqTjgqjjg63jg7w8YnIgLz4KQ0TvvJrjg4Djg7zjgq/jg6zjg4Pjg4k8YnI+CkNB77ya44Kw44Os44KkPGJyPgpDRe+8muODjeOCpOODk+ODvAo8L3RkPgo8L3RyPgo8dHI+IAo8dGQgYmdjb2xvcj0iI0ZGRjRERiI+4pag55Sf55Sj5Zu9PC90ZD4KPC90cj4KPHRyPiAKPHRkIGJnY29sb3I9IiNGRkZGRkYiPuOCpOODs+ODieODjeOCt+OCojwvdGQ+CjwvdHI+Cjx0cj4gCjx0ZCBiZ2NvbG9yPSIjRkZGNERGIj7ilqDntKDmnZA8L3RkPgo8L3RyPgo8dHI+IAo8dGQgYmdjb2xvcj0iI0ZGRkZGRiI+44Ki44OD44OR44O877ya44K344Oz44K744OG44Kj44OD44Kv44K544Ko44O844OJL+OCt+ODs+OCu+ODhuOCo+ODg+OCr+ODrOOCtuODvC/jg6Hjg4Pjgrfjg6U8YnIgLz4K44K944O844Or77ya44K944Oq44OD44OJ44Op44OQ44O8IAo8L3RkPgo8L3RyPgo8dHI+IAo8dGQgYmdjb2xvcj0iI0ZGRjRERiI+4pag5pCt6LyJ5qmf6IO9PC90ZD4KPC90cj4KPHRyPiAKPHRkIGJnY29sb3I9IiNGRkZGRkYiPkMtQ0FQPGJyIC8+Ck1QQ+WKoOW3pTwvdGQ+CjwvdHI+Cjx0cj4gCjx0ZCBiZ2NvbG9yPSIjRkZGRkZGIj7il4fjg5fjg4Hjgr/jg4Pjg4HjgqTjg7Pjgr3jg7zjg6vjgIDil4fjgq3jg4PjgrrlsILnlKjjg6njgrnjg4g8L3RkPgo8L3RyPgo8L3RhYmxlPgo8IS0tICDjgZPjgZPjgb7jgafllYblk4Hmg4XloLHjgIAtLS0+CjxiciAvPjxiciAvPgo8IS0tLS0g44GT44GT44GL44KJ6YCB5paZ6Kqs5piOIC0tLS0tPgo8dGFibGUgd2lkdGg9IjEwMCUiIGJvcmRlcj0iMCIgY2VsbHNwYWNpbmc9IjEiIGNlbGxwYWRkaW5nPSI2IiBiZ2NvbG9yPSIjNjZDQzMzIj4KPHRyPgo8dGQgYmdjb2xvcj0iI0ZGRkZGRiIgaGVpZ2h0PSIxOCI+44CQ5pel5pys5Zu95YaF44CR44GK6LK344GE5LiK44GSPGZvbnQgY29sb3I9IiNGRjMzMzMiPjU0MDDlhobku6XkuIo8L2ZvbnQ+44GnPGZvbnQgY29sb3I9IiNGRjMzMzMiPumAgeaWmeeEoeaWmTwvZm9udD48YnIgLz4K44CQ6YCB5paZ54Sh5paZ44Gu5aC05ZCI44CRPGJyIC8+CuWMl+a1t+mBkzxmb250IGNvbG9yPSIjRkYzMzMzIj4zMDDlhoY8L2ZvbnQ+44CB5rKW57iE44O76Zui5bO244Gq44Gp5LiA6YOo5Zyw5Z+f44GvPGZvbnQgY29sb3I9IiNGRjMzMzMiPuODl+ODqeOCuTUwMOWGhjwvZm9udD7pgIHmlpnjgYzjgYvjgYvjgorjgb7jgZnjgII8YnIgLz4K44CQ44Oh44O844Or5L6/5a++5b+cIOWVhuWTgeOBruOBv+OAkeWFqOWbveS4gOW+iyAyMDDlhoYgPC90ZD4KPC90cj4KPC90YWJsZT4KPCEtLS0tIOOBk+OBk+OBi+OCiemAgeaWmeiqrOaYjiAtLS0tLT4KCjwhLS0tLS0tLS3jgIDmpJzntKLjgq3jg7zjg6/jg7zjg4njgIAtLS0tLS0tLS0+Cjxmb250IHNpemU9IjEiIGNvbG9yPSIjQ0NDQ0NDIj7jgJDlupfoiJflhoXmpJzntKLjgq3jg7zjg6/jg7zjg4njgJE8YnIgLz4K44CQMTIuMGNt44CR44CQMTIuNWNt44CR44CQMTMuMGNt44CR44CQMTMuNWNt44CR44CQMTQuMGNt44CR44CQMTQuNWNt44CR44CQMTUuMGNt44CR44CQMTUuNWNt44CR44CQMTYuMGNt44CR44CQMTYuNWNt44CRCjwvZm9udD4gPCEtLS0tLS0tLeOAgOaknOe0ouOCreODvOODr+ODvOODieOAgC0tLS0tLS0tLT4=,KFZQ44Gu44G/Mjbml6Xku6XpmY3lhaXojbfvvInjg4vjg6Xjg7zjg5Djg6njg7Pjgrkg77yIbmV3YmFsYW5jZe+8iSDlrZDkvpvpnbQg44K544OL44O844Kr44O8IEZTOTk2IOWFqDXoibLjgIDjgq3jg4PjgrrnlKgg55S35aWz5YW855So44Oi44OH44Or77ya44Kt44OD44K644K344Ol44O844K644CA6aKo44Gu44GX44Gj44G9,6YCa5L+h6LKp5aOy6YCa6LKp44K344On44OD44OU44Oz44Kw44Kq44Oz44Op44Kk44Oz44K344On44OD44OU44Oz44Kw6LK344GE54mp44OX44Os44K844Oz44OI44Ku44OV44OI6LSI44KK54mp6LSI562U5ZOB44GK5Lit5YWD44GK5q2z5pqu44GK6LK344GE5b6X6aKo44Gu44GX44Gj44G95a2Q5L6b6Z2044Kt44OD44K644K344Ol44O844K65a2Q44Gp44KC6Z2044Ki44K344OD44Kv44K544GZ44GP44GZ44GPU1VLVVNVS1Xjg4vjg6Xjg7zjg5Djg6njg7Pjgrnjg47jg7zjgrnjg5Xjgqfjg7zjgrnjg4rjgqTjgq3jgqLjg4fjgqPjg4Djgrnjg6zjgqTjg7Pjg5Hjg7Pjg4Tjg6vjgrPjg4Pjgq/jg5fjg7zjg57jgrnjgr/jg7Pjg5fjg6soVlDjga7jgb8yNuaXpeS7pemZjeWFpeiNt++8ieODi+ODpeODvOODkOODqeODs+OCuSDvvIhuZXdiYWxhbmNl77yJIOWtkOS+m+mdtCDjgrnjg4vjg7zjgqvjg7wgRlM5OTYg5YWoNeiJsuOAgOOCreODg+OCuueUqCDnlLflpbPlhbznlKjjg6Ljg4fjg6s=,44OL44Ol44O844OQ44Op44Oz44K55a6a55Wq44Kt44OD44K644K344Ol44O844K65pyA5paw44Oi44OH44OrIeOAgOOAgihWUOOBruOBvzI25pel5Lul6ZmN5YWl6I2377yJ44OL44Ol44O844OQ44Op44Oz44K5IO+8iG5ld2JhbGFuY2XvvIkg5a2Q5L6b6Z20IOOCueODi+ODvOOCq+ODvCBGUzk5NiDlhag16Imy44CA44Kt44OD44K655SoIOeUt+Wls+WFvOeUqOODouODh+ODqw==[rn]
14-157900,aHR0cDovL3RzaG9wLnIxMHMuanAva3V0c3Vub21hZWRhL2NhYmluZXQvaW1ncmMwMDgyNDM0MzA5LmdpZj9maXRpbj03MDA6NzAw,MzExOS4yMDAw,,44Kt44OD44K644O744OZ44OT44O844O744Oe44K/44OL44OG44KjID4g44Kt44OD44K6ID4g6Z20ID4g44K544OL44O844Kr44O8,44Ki44K344OD44Kv44K5IC8g44GZ44GP44GZ44GPIOOCueOCr+OCueOCryDjgqLjgqTjg4Djg5vjg5/jg4sgQ1QgMyBUVU0gMTg3ICggQVNJQ1MgU1VLVTIgU1VLVVNVS1UgQUlEQUhPIE1JTkkgQ1QgMyBUVU0xODcgKeOAkOOCreODg+OCuiDjgrjjg6Xjg4vjgqIg44K544OL44O844Kr44O844CR44CQ5a2Q5L6b6Z2044CR44CQ44K344Ol44O844K644CR44CQ5a2Q5L6bIOmdtOOAkeOAkOOCreODg+OCuuOCt+ODpeODvOOCuuOAkeOAkOOCuOODpeODi+OCouOCt+ODpeODvOOCuuOAkQ==,,44O7IOmAmuawl+aAp+OBrumrmOOBhOODqeODg+OCu+ODq+ODoeODg+OCt+ODpeOCkue0oOadkOOBq+aOoeeUqOOBmeOCi+OBk+OBqOOBpwogIOOCt+ODpeODvOOCuuWGheOCkuODoOODrOOBmuOBq+W/q+mBqeOBq+S/neOBpOOCouOCpOODgOODm01JTknjgafjgZnjgIIK44O7IDLmnKzjg5njg6vjg4jjgafnlLLjgpLjgZfjgaPjgYvjgorjg5vjg7zjg6vjg4njgZfjgIHlpKfliIfjgarjgYrlrZDmp5jjga4KICDmranooYzjgavlronlrprmhJ/jgpLkuI7jgYjjgabjgY/jgozjgb7jgZnjgIIK44O7IOOCveODvOODq++8iOmdtOW6le+8ieOBruWHueWHuOOCkuW+k+adpeOCiOOCiuWkp+OBjeOBj+OBmeOCi+OBk+OBqOOBp+OCsOODquODg+ODl+aAp+OBqAogIOiAkOS5heaAp+OCkuOCiOOCiumrmOOCgeOAgei7ouOBs+OBq+OBj+OBhOS7leanmOOBq+S7leS4iuOBkuOBvuOBl+OBn+OAgg==,44Ki44K344OD44Kv44K5IC8g44GZ44GP44GZ44GPIOOCueOCr+OCueOCryDjgqLjgqTjg4Djg5vjg5/jg4sgQ1QgMyBUVU0gMTg3ICggQVNJQ1MgU1VLVTIgU1VLVVNVS1UgQUlEQUhPIE1JTkkgQ1QgMyBUVU0xODcgKeOAkOOCreODg+OCuiDjgrjjg6Xjg4vjgqIg44K544OL44O844Kr44O844CR44CQ5a2Q5L6b6Z2044CR44CQ44K344Ol44O844K644CR44CQ5a2Q5L6bIOmdtOOAkeOAkOOCreODg+OCuuOCt+ODpeODvOOCuuOAkeOAkOOCuOODpeODi+OCouOCt+ODpeODvOOCuuOAke+8mumdtOOBruOBvuOBiOOBoA==,6YCa5L+h6LKp5aOy6YCa6LKp44K344On44OD44OU44Oz44Kw44Kq44Oz44Op44Kk44Oz44K344On44OD44OU44Oz44Kw6LK344GE54mp44OX44Os44K844Oz44OI44Ku44OV44OI6LSI44KK54mp6LSI562U5ZOB44GK5Lit5YWD44GK5q2z5pqu44GK6LK344GE5b6X44Ki44K344OD44Kv44K5IC8g44GZ44GP44GZ44GPIOOCueOCr+OCueOCryDjgqLjgqTjg4Djg5vjg5/jg4sgQ1QgMyBUVU0gMTg3ICggQVNJQ1MgU1VLVTIgU1VLVVNVS1UgQUlEQUhPIE1JTkkgQ1QgMyBUVU0xODcgKeOAkOOCreODg+OCuiDjgrjjg6Xjg4vjgqIg44K544OL44O844Kr44O844CR44CQ5a2Q5L6b6Z2044CR44CQ44K344Ol44O844K644CR44CQ5a2Q5L6bIOmdtOOAkeOAkOOCreODg+OCuuOCt+ODpeODvOOCuuOAkeOAkOOCuOODpeODi+OCouOCt+ODpeODvOOCuuOAkQ==,44Ki44K344OD44Kv44K5IC8g44GZ44GP44GZ44GPIOOCueOCr+OCueOCryDjgqLjgqTjg4Djg5vjg5/jg4sgQ1QgMyBUVU0gMTg3ICggQVNJQ1MgU1VLVTIgU1VLVVNVS1UgQUlEQUhPIE1JTkkgQ1QgMyBUVU0xODcgKeOAkOOCreODg+OCuiDjgrjjg6Xjg4vjgqIg44K544OL44O844Kr44O844CR44CQ5a2Q5L6b6Z2044CR44CQ44K344Ol44O844K644CR44CQ5a2Q5L6bIOmdtOOAkeOAkOOCreODg+OCuuOCt+ODpeODvOOCuuOAkeOAkOOCuOODpeODi+OCouOCt+ODpeODvOOCuuOAkQ==[rn]
