5-81283,aHR0cDovL3RzaG9wLnIxMHMuanAvZHRjL2NhYmluZXQvMDEwNjA4MjQvODAyNDIyMTYyMzI3Ny5qcGc/Zml0aW49NzAwOjcwMA==,MjA0MDguMDAwMA==,,VFbjg7vjgqrjg7zjg4fjgqPjgqrjg7vjgqvjg6Hjg6kgPiDjgqLjgq/jgrvjgrXjg6rjg7zjg7vpg6jlk4EgPiDjgqvjg6Hjg6njg7vjg5Pjg4fjgqrjgqvjg6Hjg6njg7vlhYnlrabmqZ/lmajnlKjjgqLjgq/jgrvjgrXjg6rjg7wgPiDkuInohJo=,44CQ6YCB5paZ54Sh5paZ44CR44Oe44Oz44OV44Ot44OD44OIIDE5MOODl+ODreOCouODq+ODn+ODi+OCpuODoOS4ieiEmjTmrrUrUkMy5LuY44GNM+OCpuOCp+OCpOmbsuWPsOOCreODg+ODiCBNSzE5MFhQUk80LTNX,44CA,PHRhYmxlIGJvcmRlcj0iMCIgY2VsbHBhZGRpbmc9IjAiIGNlbGxzcGFjaW5nPSIwIiB3aWR0aD0iNzEwIiBzdHlsZT0ibGluZS1oZWlnaHQ6MTQwJTsiPjx0cj48dGQ+PGZvbnQgc2l6ZT0iMiI+5pC65biv5oCn44Go5a6f55So5oCn44CB6ICQ6I236YeN44GM5ZCR5LiK44GX44Gf44CB5Lq65rCX44GuMTkw44K344Oq44O844K644Gu44Oq44OL44Ol44O844Ki44Or5pyA5paw5qmf56iu44CMTVRYUFJPNOOAjeOBqOOAgTxicj7mlrDmqZ/mp4vjga4z44Km44Kn44Kk6Zuy5Y+w44CMTUhYUFJPLTNX44CN44Gu44GK5b6X44Gq44Kt44OD44OI44Gn44GZ44CCPGJyPjxicj7ilqDmlrAxOTDjgrfjg6rjg7zjgrrjga7kuInohJrjgavjga/jgIHniYfmiYvjga4x44Ki44Kv44K344On44Oz44Gn5Ly444Gw44Gb44KL44CM44Kv44Kk44OD44Kv44OR44Ov44O844Ot44OD44Kv44Os44OQ44O844CN44OH44K244Kk44Oz44KS5o6h55So44GX44CB5a6J5a6a44GL44Gk44K544OU44O844OH44Kj44O844Gq44K744OD44OI44Ki44OD44OX44KS5a6f54++44GX44G+44GX44Gf44CCPGJyPjxicj7ilqDmlrDjgZfjgYTjgrvjg7Pjgr/jg7zjg53jg7zjg6vjga/jgIHlj47ntI3jgavlhKrjgozjgabjgYTjgovjgaDjgZHjgafjgarjgY/jgIHkuIDmnKzjga7mjIfjgaDjgZHjgafjgoLmsLTlubPjg53jgrjjgrfjg6fjg7Pjgavli5XjgYvjgZnjgZPjgajjgoLlj6/og73jgII8YnI+PGJyPuKWoOODl+ODreeUqOapn+adkOODqeOCpOODs+OBi+OCieOAgeOCpOODvOOCuOODvOODquODs+OCr+OCouOCv+ODg+ODgeODoeODs+ODiOOCkuWwjuWFpeOBl+OAgUxFROODqeOCpOODiOOChOODquODleODrOOCr+OCv+ODvOOBquOBqeOBruOCouOCr+OCu+OCteODquODvOOBruijheedgOOCguOBp+OBjeOCi+OCiOOBhuOBq+OBquOCiuOAgeaSruW9seOBruWPr+iDveaAp+OBruW5heOCkuW6g+OBkuOBvuOBmeOAgiA8YnI+PGJyPuauteaVsCA05q61IDxicj7kvLjplbfvvIjlhajpq5jvvIkg44CQ5YWo5Ly46auY44CRMTczY23jgIDjgJDkvLjpq5jvvIjjgrvjg7Pjgr/jg7zjg53jg7zjg6vmoLzntI3mmYLvvInjgJExNDhjbSA8YnI+5pyA5L2O6auYIDhjbSA8YnI+57iu6ZW3IOOAkOagvOe0jemrmOOAkTYyY20gPGJyPuiEmuW9ouODu+iEmuW+hO+8iM+GbW3vvIkg44CQ6ISa44OB44Ol44O844OW55u05b6E44CRMjbjgIEyMi4144CBMTnjgIExNS41bW0gPGJyPuacrOS9k+mHjemHjyDntIQzLjFrZyA8YnI+5pyA5aSn6I236YeNIDZrZyA8YnI+5p2Q6LOqIOOAkOiEmue0oOadkOOAkeOCouODq+ODn+ODi+OCpuODoCA8YnI+IOOAkOOCu+ODs+OCv+ODvOODneODvOODq+ODgeODpeODvOODluebtOW+hOOAkTI1bW0gPGJyPiDjgJDplovohJrop5LluqbjgJEyNcKw44CBNDbCsOOAgTY2wrDjgIE4OMKwPGJyPjxicj48L2ZvbnQ+PC90ZD48L3RyPjwvdGFibGU+PHRhYmxlIGNlbGxzcGFjaW5nPSIwIiBjZWxscGFkZGluZz0iNCIgYm9yZGVyPSIxIiB3aWR0aD0iNzEwIiBib3JkZXJjb2xvcj0iI2NjY2NjYyI+PHRyPjx0ZCB3aWR0aD0iMTgwIiBiZ2NvbG9yPSIjZWZlZmVmIj48Zm9udCBzaXplPSIyIj7mrrXmlbA8L2ZvbnQ+PC90ZD48dGQgd2lkdGg9IjUzMCI+PGZvbnQgc2l6ZT0iMiI+NOautTwvZm9udD48L3RkPjwvdHI+PHRyPjx0ZCB3aWR0aD0iMTgwIiBiZ2NvbG9yPSIjZWZlZmVmIj48Zm9udCBzaXplPSIyIj7kvLjplbfvvIjlhajpq5jvvIk8L2ZvbnQ+PC90ZD48dGQgd2lkdGg9IjUzMCI+PGZvbnQgc2l6ZT0iMiI+44CQ5YWo5Ly46auY44CRMTczY20g44CQ5Ly46auY77yI44K744Oz44K/44O844Od44O844Or5qC857SN5pmC77yJ44CRMTQ4Y208L2ZvbnQ+PC90ZD48L3RyPjx0cj48dGQgd2lkdGg9IjE4MCIgYmdjb2xvcj0iI2VmZWZlZiI+PGZvbnQgc2l6ZT0iMiI+5pyA5L2O6auYPC9mb250PjwvdGQ+PHRkIHdpZHRoPSI1MzAiPjxmb250IHNpemU9IjIiPjhjbTwvZm9udD48L3RkPjwvdHI+PHRyPjx0ZCB3aWR0aD0iMTgwIiBiZ2NvbG9yPSIjZWZlZmVmIj48Zm9udCBzaXplPSIyIj7nuK7plbc8L2ZvbnQ+PC90ZD48dGQgd2lkdGg9IjUzMCI+PGZvbnQgc2l6ZT0iMiI+44CQ5qC857SN6auY44CRNjJjbTwvZm9udD48L3RkPjwvdHI+PHRyPjx0ZCB3aWR0aD0iMTgwIiBiZ2NvbG9yPSIjZWZlZmVmIj48Zm9udCBzaXplPSIyIj7ohJrlvaLjg7vohJrlvoTvvIjPhm1t77yJPC9mb250PjwvdGQ+PHRkIHdpZHRoPSI1MzAiPjxmb250IHNpemU9IjIiPuOAkOiEmuODgeODpeODvOODluebtOW+hOOAkTI244CBMjIuNeOAgTE544CBMTUuNW1tPC9mb250PjwvdGQ+PC90cj48dHI+PHRkIHdpZHRoPSIxODAiIGJnY29sb3I9IiNlZmVmZWYiPjxmb250IHNpemU9IjIiPuacrOS9k+mHjemHjzwvZm9udD48L3RkPjx0ZCB3aWR0aD0iNTMwIj48Zm9udCBzaXplPSIyIj7ntIQzLjFrZzwvZm9udD48L3RkPjwvdHI+PHRyPjx0ZCB3aWR0aD0iMTgwIiBiZ2NvbG9yPSIjZWZlZmVmIj48Zm9udCBzaXplPSIyIj7mnIDlpKfojbfph408L2ZvbnQ+PC90ZD48dGQgd2lkdGg9IjUzMCI+PGZvbnQgc2l6ZT0iMiI+NmtnPC9mb250PjwvdGQ+PC90cj48dHI+PHRkIHdpZHRoPSIxODAiIGJnY29sb3I9IiNlZmVmZWYiPjxmb250IHNpemU9IjIiPuadkOizqjwvZm9udD48L3RkPjx0ZCB3aWR0aD0iNTMwIj48Zm9udCBzaXplPSIyIj7jgJDohJrntKDmnZDjgJHjgqLjg6vjg5/jg4vjgqbjg6A8L2ZvbnQ+PC90ZD48L3RyPjx0cj48dGQgd2lkdGg9IjE4MCIgYmdjb2xvcj0iI2VmZWZlZiI+PGZvbnQgc2l6ZT0iMiI+44Gd44Gu5LuWMTwvZm9udD48L3RkPjx0ZCB3aWR0aD0iNTMwIj48Zm9udCBzaXplPSIyIj7jgJDjgrvjg7Pjgr/jg7zjg53jg7zjg6vjg4Hjg6Xjg7zjg5bnm7TlvoTjgJEyNW1tPC9mb250PjwvdGQ+PC90cj48dHI+PHRkIHdpZHRoPSIxODAiIGJnY29sb3I9IiNlZmVmZWYiPjxmb250IHNpemU9IjIiPuOBneOBruS7ljI8L2ZvbnQ+PC90ZD48dGQgd2lkdGg9IjUzMCI+PGZvbnQgc2l6ZT0iMiI+44CQ6ZaL6ISa6KeS5bqm44CRMjXCsOOAgTQ2wrDjgIE2NsKw44CBODjCsDwvZm9udD48L3RkPjwvdHI+PC90YWJsZT48IS0tCjxkaXYgc3R5bGU9IndpZHRoOjcxMHB4OyBoZWlnaHQ6MTgwcHg7ICBtYXJnaW46MDsgb3ZlcmZsb3c6aGlkZGVuOyI+Cgo8L2Rpdj4KLS0+Cgo8ZGl2IHN0eWxlPSJ3aWR0aDogNzAwcHg7IG1hcmdpbjogNXB4OyI+CjxpbWcgc3JjPSJodHRwOi8vd3d3LnJha3V0ZW4ubmUuanAvZ29sZC9kdGMvZnJhbWUvaW1hZ2VzL3N5b3VoaW5zZXR1bWVpNS5naWYiIHdpZHRoPSI3MDAiIGhlaWdodD0iMzAiPgo8L2Rpdj4KCjxkaXYgc3R5bGU9IndpZHRoOjcxMHB4OyBoZWlnaHQ6MTAwcHg7IG1hcmdpbjowIDVweDsgb3ZlcmZsb3c6aGlkZGVuOyI+Cgo8L2Rpdj4KCjwhLS0KPGRpdiBzdHlsZT0id2lkdGg6IDcwMHB4OyBtYXJnaW46IDAgNXB4OyI+CjxpbWcgc3JjPSJodHRwOi8vd3d3LnJha3V0ZW4ubmUuanAvZ29sZC9kdGMvZnJhbWUvaW1hZ2VzL3N5b3VoaW5zZXR1bWVpMi5naWYiIHdpZHRoPSI3MDAiIGhlaWdodD0iMzAiPgo8L2Rpdj4KPGRpdiBzdHlsZT0id2lkdGg6NzEwcHg7IGhlaWdodDozMDBweDsgIG1hcmdpbjowIDAgMjBweDsgb3ZlcmZsb3c6aGlkZGVuOyI+Cgo8L2Rpdj4KLS0+,44CQ6YCB5paZ54Sh5paZ44CR44Oe44Oz44OV44Ot44OD44OIIDE5MOODl+ODreOCouODq+ODn+ODi+OCpuODoOS4ieiEmjTmrrUrUkMy5LuY44GNM+OCpuOCp+OCpOmbsuWPsOOCreODg+ODiCBNSzE5MFhQUk80LTNX77ya44K944OV44Oe44OD44OX5qW95aSp5biC5aC05bqX,44K944OV44Oe44OD44OXU29mbWFw44OR44K944Kz44Oz44K/44OW44Os44OD44OIUENIRETjgqLjgrvjg7Pjg5bjg6rjg5Hjg7zjg4Tjg5Hjgr3jgrPjg7Pjg5Hjg7zjg4Tjg4bjg6zjg5PjgrLjg7zjg6Djg5bjg6vjg7zjg6zjgqTjgr3jg5Xjg4hEVkTjgr3jg5Xjg4jmtrLmmbbjg4bjg6zjg5Pjg5bjg6vjg7zjg6zjgqTjg4fjgqPjgrnjgq/jg6zjgrPjg7zjg4Djg7zjg4fjgrjjgr/jg6vkuIDnnLzjg6zjg5Xjgqvjg6Hjg6njg4fjgrjjgr/jg6vjgqvjg6Hjg6nlrrbpm7vmmYLoqIjkuK3lj6TjgqLjgqbjg4jjg6zjg4Pjg4hpUGFkaVBob25l44CQ6YCB5paZ54Sh5paZ44CR44Oe44Oz44OV44Ot44OD44OIIDE5MOODl+ODreOCouODq+ODn+ODi+OCpuODoOS4ieiEmjTmrrUrUkMy5LuY44GNM+OCpuOCp+OCpOmbsuWPsOOCreODg+ODiCBNSzE5MFhQUk80LTNX,44CA44CC44CQ6YCB5paZ54Sh5paZ44CR44Oe44Oz44OV44Ot44OD44OIIDE5MOODl+ODreOCouODq+ODn+ODi+OCpuODoOS4ieiEmjTmrrUrUkMy5LuY44GNM+OCpuOCp+OCpOmbsuWPsOOCreODg+ODiCBNSzE5MFhQUk80LTNX[rn]
5-81284,aHR0cDovL3RzaG9wLnIxMHMuanAvZHRjL2NhYmluZXQvMjAxNDEyMjBzLzQ5MDc5OTA0MTI0MjMuanBnP2ZpdGluPTcwMDo3MDA=,OTE0OC44MDAw,,VFbjg7vjgqrjg7zjg4fjgqPjgqrjg7vjgqvjg6Hjg6kgPiDjgqLjgq/jgrvjgrXjg6rjg7zjg7vpg6jlk4EgPiDjgqvjg6Hjg6njg7vjg5Pjg4fjgqrjgqvjg6Hjg6njg7vlhYnlrabmqZ/lmajnlKjjgqLjgq/jgrvjgrXjg6rjg7wgPiDkuInohJo=,44CQ6YCB5paZ54Sh5paZ44CRVmVsYm9uKOODmeODq+ODnOODsykg44CQNeauteS4ieiEmuOAkeOCpuODq+ODiOODqTQ1N+ODk+ODh+OCqihVTFRSQSA0NTcgVklERU8p,44CA,PHRhYmxlIGJvcmRlcj0iMCIgY2VsbHBhZGRpbmc9IjAiIGNlbGxzcGFjaW5nPSIwIiB3aWR0aD0iNzEwIiBzdHlsZT0ibGluZS1oZWlnaHQ6MTQwJTsiPjx0cj48dGQ+PGZvbnQgc2l6ZT0iMiI+44CM44OR44Oz44O744OG44Kj44Or44OI5ZCM6Lu45qmf5qeL44CN44KS5pCt6LyJ44GX44Gf5pON5L2c5oCn6YeN6KaW44Gu44OT44OH44Kq6Zuy5Y+w44Go44CB6auY5Ly457iu5q+U44Gu44OA44Kk44Os44Kv44OI44Kz44Oz44K/44Kv44OI44OR44Kk44OX44KS57WE44G/5ZCI44KP44Gb44Gf44CB5pC65biv5oCn6YeN6KaW44Gu44OT44OH44Kq44Kr44Oh44Op55So5LiJ6ISa44CC5Lit5Z6L44Gu44OP44Oz44OH44Kj44OT44OH44Kq44Kr44Oh44Op44Gr5pyA6YGp44Gn44GZ44CCPGJyPjxicj7ilqDjgqrjgqTjg6vjg5Xjg6rjg6Xjg7zjg4npm7Llj7A8YnI+57KY5oCn44Gu44GC44KL54m55q6K44Gq44Kw44Oq44K544Gr44KI44KK44CB5YuV55S75pKu5b2x44Gr44Gv5qyg44GL44Gb44Gq44GE44CM5a6a6YCf44Gn5ruR44KJ44GL44Gq44CN6Zuy5Y+w44Gu5YuV44GN44KS5a6f54++44CC5qeY44CF44Gq5pig5YOP6KGo54++44Gr5a++5b+c44GX44G+44GZ44CCPGJyPuKAu+ayueWcp+W8j+OBp+OBr+OBguOCiuOBvuOBm+OCk+OAgjxicj48YnI+4pag44Kv44Kk44OD44Kv44K344Ol44O85qmf5qeLPGJyPuOCq+ODoeODqeOBruedgOiEseOBjOODr+ODs+OCv+ODg+ODgeOAguOCq+ODoeODqeODjeOCuOOCkuS9leW6puOCguWbnuOBl+OBpuWPluOCiuS7mOOBkeOCi+OCj+OBmuOCieOCj+OBl+OBleOBi+OCieino+aUvuOBleOCjOOBvuOBmeOAguikh+aVsOOBruOCq+ODoeODqeOCkuS9v+OBhuWgtOWQiOOChOOAgeOCq+ODoeODqeOBqOODk+ODh+OCquOCq+ODoeODqeOCkuS4oeaWueS9v+OBhuWgtOWQiOOBquOBqeOBq+OCguWkp+WkieS+v+WIqeOBp+OBmeOAgjxicj48YnI+4pag44K344Ol44O844OX44Os44O844OI44Gv57im5qiq5Lih5a++5b+cPGJyPuOCt+ODpeODvOODl+ODrOODvOODiOOBr+OCq+ODoeODqeOChOODrOODs+OCuuW6p+OBruW9oueKtuOBq+WQiOOCj+OBm+OBpuOAgee4puODu+aoquOBqeOBoeOCieWQkeOBjeOBp+OCguWPluOCiuS7mOOBkeOCi+OBk+OBqOOBjOOBp+OBjeOBvuOBmeOAgjxicj48YnI+4pag44OT44OH44Kq44Oc44K5PGJyPuODk+ODh+OCquOCq+ODoeODqeOBq+WPluOCiuS7mOOBkeOBn+mam+OBruODjeOCuOe3qeOBv+OBq+OCiOOCi+Wbnui7oumYsuatouOChOOAgeato+OBl+OBhOS9jee9ruOBq+WPluOCiuS7mOOBkeOCi+OBn+OCgeOBruOAjOODk+ODh+OCquODnOOCueOAjeOCkuijheWCmeOBl+OBpuOBhOOBvuOBmeOAguODk+ODh+OCquODnOOCueOBr+aKvOOBleOCjOOCi+OBqOOBuOOBk+OBv+OBvuOBmeOBruOBp+OAgeODnOOCueeptOOBrueEoeOBhOapn+adkOOBq+OCguWPluOCiuS7mOOBkeWPr+iDveOBp+OBmeOAgjxicj48YnI+4pag44Ks44OD44OB44Oq44Go56K65a6f44Gq5Zu65a6aPGJyPuOCt+ODpeODvOWbuuWumuODrOODkOODvOOBq+OBr+WJm+aAp+ODu+iAkOS5heaAp+OBq+WEquOCjOOBn+OCq+ODvOODnOODs+e5iue2reW8t+WMluaoueiEguOCkuS9v+eUqOOAguODmeODvOOCuemDqOOBq+OBr+OCueOCv+ODs+ODkOOCpOapn+ani+OCkuWCmeOBiOOAgeedgOiEseOBr+OCueODoOODvOOCuuOBq+OAgeWbuuWumuOBr+OCrOODg+ODgeODqueiuuWun+OBq+OBiuOBk+OBquOBiOOBvuOBmeOAgjxicj48YnI+4pag44OR44Oz44O744OG44Kj44Or44OI5ZCM6Lu45qmf5qeLPGJyPuODkeODs+OCueODiOODg+ODkeODvOOBqOODhuOCo+ODq+ODiOOCueODiOODg+ODkeODvOOCkuWBtOmdouWQjOi7uOOBq+mFjee9ruOAgueJh+aJi+OBp+awtOW5s+ODu+S4iuS4i+OBrjLmlrnlkJHjga7liLblvqHjgYzjgZfjgoTjgZnjgY/jgIHlv6vpganjgavmkq7lvbHjgafjgY3jgb7jgZnjgII8YnI+PGJyPuKWoOODreODvOODneOCuOOCt+ODp+ODs+WvvuW/nDxicj7lsI/jgZXjgaroirHjga7mjqXlhpnjgarjganjgavkvr/liKnjgarjg63jg7zjg53jgrjjgrfjg6fjg7Plr77lv5zjgILplovohJrmmYLjga/jgrvjg7Pjgr/jg7zmo5Ljga7kuIvpg6jjgpLlm57jgZfjgablpJbjgZnjgZPjgajjgYzjgafjgY3jgb7jgZnjgII8YnI+PGJyPuKWoOOCu+ODn+OCquODvOODiOODqeODgeOCp+ODg+ODiOW8jzPmrrXplovohJo8YnI+6ZaL6ISa6KeS5bqm44Gv44OV44Or6ZaL6ISa44GX44Gf54q25oWL44GL44KJ6ZaJ44GY44Gm44GE44GP44Go44CB44OV44Or6ZaL6ISa4oaS44K744Of6ZaL6ISa4oaS5qiZ5rqW6ZaL6ISa44Go6Ieq5YuV55qE44Gr6Kit5a6a44GV44KM44G+44GZ44CC6ZaL6ISa6KeS5bqm44Gv44Gd44KM44Ge44KM44Gu6ISa44Gn6Kit5a6a44Gn44GN44G+44GZ44Gu44Gn44CB44Ot44O844Od44K444K344On44Oz5pKu5b2x44KE5LiN5pW05Zyw44Gn44Gu6Kq/5pW044KC57Ch5Y2Y44Gn44GZ44CCPGJyPjxicj7ilqDjg4DjgqTjg6zjgq/jg4jjgrPjg7Pjgr/jgq/jg4jjg5HjgqTjg5c8YnI+54m55q6K44Gq5pat6Z2i5b2i54q244KS44GX44Gf5LiK5LiL44Gu6ISa44OR44Kk44OX44KS44Gy44Gt44KL44GT44Go44Gn44CB44OR44Kk44OX5ZCM5aOr44GM5o6l44GX44Gm5by344GP5Zu65a6a44GV44KM44KL44OZ44Or44Oc44Oz54us6Ieq44Gu6ISa44OR44Kk44OX44CC44Os44OQ44O8562J44Gu5L2Z6KiI44Gq6YOo5ZOB44GM54Sh44GE44Gf44KB5Ly457iu5q+U44GM6Z2e5bi444Gr6auY44GP44CB6Zai56+A6YOo44GM5by344GE44GT44Go44GM54m56ZW344Gn44GZ44CCPGJyPjxicj7ilqDjgqbjg6vjg4jjg6njg63jg4Pjgq88YnI+6ISa5YWI56uv44KS5o+h44Gj44Gm44Gy44Gt44KL44Gg44GR44Gn44CB5YWo5q6144KS5LiA5rCX44Gr5Zu65a6a44O76Kej6Zmk44GZ44KL44GT44Go44GM44Gn44GN44CB6ama44GP44G744Gp44K544OU44O844OH44Kj44O844Gq44K744OD44OG44Kj44Oz44Kw44GM5Y+v6IO944Gq44CB44OA44Kk44Os44Kv44OI44Kz44Oz44K/44Kv44OI44OR44Kk44OX44Gq44KJ44Gn44Gv44Gu6ISa44Ot44OD44Kv5pa55rOV44CCPGJyPjxicj7ilqDjgrnjg6rjg6Djgarjg4fjgrbjgqTjg7M8YnI+6ISa44Gu6Zai56+A6YOo44Gr44Os44OQ44O844Gq44Gp44Gu56qB6LW344GX44Gf6YOo5ZOB44GM54Sh44GP44CB44Kx44O844K544KE44Kr44Oh44Op44OQ44OD44Kw44Gr44KC5Ye644GX5YWl44KM44GX44KE44GZ44GE44CB44K544K/44Kk44Oq44OD44K344Ol44Gn44K544Oq44Og44Gq44OH44K244Kk44Oz44CCPGJyPjxicj7ilqDkuInohJrjgrHjg7zjgrnku5jlsZ48YnI+5oyB44Gh6YGL44Gz44Gr5b+r6YGp44Gq5LiJ6ISa44Kx44O844K544GM5LuY5bGe44GX44Gm44GE44G+44GZ44CC5re36ZuR44GX44Gf6Zu76LuK44Gn44Gu56e75YuV44KE5LiJ6ISa44Gu5L+d566h562J44Gr5L6/5Yip44Gn44GZ44CCPGJyPjxicj48YnI+PC9mb250PjwvdGQ+PC90cj48L3RhYmxlPjwhLS0KPGRpdiBzdHlsZT0id2lkdGg6NzEwcHg7IGhlaWdodDoxODBweDsgIG1hcmdpbjowOyBvdmVyZmxvdzpoaWRkZW47Ij4KCjwvZGl2PgotLT4KCjxkaXYgc3R5bGU9IndpZHRoOiA3MDBweDsgbWFyZ2luOiA1cHg7Ij4KPGltZyBzcmM9Imh0dHA6Ly93d3cucmFrdXRlbi5uZS5qcC9nb2xkL2R0Yy9mcmFtZS9pbWFnZXMvc3lvdWhpbnNldHVtZWk1LmdpZiIgd2lkdGg9IjcwMCIgaGVpZ2h0PSIzMCI+CjwvZGl2PgoKPGRpdiBzdHlsZT0id2lkdGg6NzEwcHg7IGhlaWdodDoxMDBweDsgbWFyZ2luOjAgNXB4OyBvdmVyZmxvdzpoaWRkZW47Ij4KCjwvZGl2PgoKPCEtLQo8ZGl2IHN0eWxlPSJ3aWR0aDogNzAwcHg7IG1hcmdpbjogMCA1cHg7Ij4KPGltZyBzcmM9Imh0dHA6Ly93d3cucmFrdXRlbi5uZS5qcC9nb2xkL2R0Yy9mcmFtZS9pbWFnZXMvc3lvdWhpbnNldHVtZWkyLmdpZiIgd2lkdGg9IjcwMCIgaGVpZ2h0PSIzMCI+CjwvZGl2Pgo8ZGl2IHN0eWxlPSJ3aWR0aDo3MTBweDsgaGVpZ2h0OjMwMHB4OyAgbWFyZ2luOjAgMCAyMHB4OyBvdmVyZmxvdzpoaWRkZW47Ij4KCjwvZGl2PgotLT4=,44CQ6YCB5paZ54Sh5paZ44CRVmVsYm9uKOODmeODq+ODnOODsykg44CQNeauteS4ieiEmuOAkeOCpuODq+ODiOODqTQ1N+ODk+ODh+OCqihVTFRSQSA0NTcgVklERU8p77ya44K944OV44Oe44OD44OX5qW95aSp5biC5aC05bqX,44K944OV44Oe44OD44OXU29mbWFw44OR44K944Kz44Oz44K/44OW44Os44OD44OIUENIRETjgqLjgrvjg7Pjg5bjg6rjg5Hjg7zjg4Tjg5Hjgr3jgrPjg7Pjg5Hjg7zjg4Tjg4bjg6zjg5PjgrLjg7zjg6Djg5bjg6vjg7zjg6zjgqTjgr3jg5Xjg4hEVkTjgr3jg5Xjg4jmtrLmmbbjg4bjg6zjg5Pjg5bjg6vjg7zjg6zjgqTjg4fjgqPjgrnjgq/jg6zjgrPjg7zjg4Djg7zjg4fjgrjjgr/jg6vkuIDnnLzjg6zjg5Xjgqvjg6Hjg6njg4fjgrjjgr/jg6vjgqvjg6Hjg6nlrrbpm7vmmYLoqIjkuK3lj6TjgqLjgqbjg4jjg6zjg4Pjg4hpUGFkaVBob25l44CQ6YCB5paZ54Sh5paZ44CRVmVsYm9uKOODmeODq+ODnOODsykg44CQNeauteS4ieiEmuOAkeOCpuODq+ODiOODqTQ1N+ODk+ODh+OCqihVTFRSQSA0NTcgVklERU8p,44CA44CC44CQ6YCB5paZ54Sh5paZ44CRVmVsYm9uKOODmeODq+ODnOODsykg44CQNeauteS4ieiEmuOAkeOCpuODq+ODiOODqTQ1N+ODk+ODh+OCqihVTFRSQSA0NTcgVklERU8p[rn]
5-81285,aHR0cDovL3RzaG9wLnIxMHMuanAvZHRjL2NhYmluZXQvMDA1MzkwMzkvNDU4MjI2NjI3NTg3NC5qcGc/Zml0aW49NzAwOjcwMA==,MTgwNDAuMDAwMA==,,VFbjg7vjgqrjg7zjg4fjgqPjgqrjg7vjgqvjg6Hjg6kgPiDjgqLjgq/jgrvjgrXjg6rjg7zjg7vpg6jlk4EgPiDjgqvjg6Hjg6njg7vjg5Pjg4fjgqrjgqvjg6Hjg6njg7vlhYnlrabmqZ/lmajnlKjjgqLjgq/jgrvjgrXjg6rjg7wgPiDkuInohJo=,44CQ6YCB5paZ54Sh5paZ44CRQkVOUk8o44OZ44Oz44OtKSDjgqLjg6vjg5/jg5fjg60g44OK44OD44OI44Ot44OD44Kv5LiJ6ISaM+autSBBNDU3MFQ=,44CA,PHRhYmxlIGJvcmRlcj0iMCIgY2VsbHBhZGRpbmc9IjAiIGNlbGxzcGFjaW5nPSIwIiB3aWR0aD0iNzEwIiBzdHlsZT0ibGluZS1oZWlnaHQ6MTQwJTsiPjx0cj48dGQ+PGZvbnQgc2l6ZT0iMiI+44Ot44OD44Kv44OK44OD44OI44Gu5YaF5YG044Gr5rC05YiG44KE56CC5Z+D44GM5YWl44KJ44Gq44GE5pyA5paw44Gu6Ziy5rC044O76Ziy5aG16Kit6KiI44Gu5o6h55So44Gn44CB5pKu5b2x5aC05omA44KS6YG444Gz44G+44Gb44KT44CCPGJyPuiEmumDqOOBruODreODg+OCr+ODiuODg+ODiOOBr+OAgeODiuODg+ODiOWkluWBtOOBruaIkOWei+ODqeODkOODvOOCkuODkeOCpOODl+mDqOWIhuOBq+WvhuedgOOBleOBm+OCi+OBk+OBqOOBp+ODreODg+OCr+ODiuODg+ODiOOBrjxicj7lhoXlgbTjgavmsLTliIbjgoTnoILln4PjgYzlhaXjgonjgarjgYTmnIDmlrDjga7pmLLmsLTjg7vpmLLlobXoqK3oqIjjga7mjqHnlKjjgafjgIHmkq7lvbHloLTmiYDjgpLpgbjjgbPjgb7jgZvjgpPjgII8YnI+44Ot44OD44Kv44KS6Kej6Zmk44GZ44KL44Go6ISa44Gu6Ieq6YeN44Gn44K544Og44O844K644Gr5Ly457iu44GZ44KL44Gu44Gn44CB44KP44Ga44GL5Y2B5pWw56eS44Gn57WE44G/56uL44Gm44O75Y+O57SN44GM44Gn44GN44G+44GZ44CCPGJyPjxicj5CRU5ST+OBruOCouODq+ODn+ODl+ODreS4ieiEmuOBr+OAgeODkeOCpOODl+OCkuOBmeOBueOBpumrmOW8t+W6puadkOOBp+ijveS9nOOBleOCjOOAgeiEmuODkeOCpOODl+OBruW8t+W6puOBqOW8vuaAp+OCkuaxguOCgeOCi+OBn+OCgeOBqzxicj7ooajpnaLjgpLjgqLjg6vjg57jgqTjg4jlh6bnkIbjgajpq5jluqbpmLLohZDnhLzku5jjga4y5bGk5Yem55CG44KS5pa944GX44Gm44GE44G+44GZ44CC44GV44KJ44Gr6ICQ6KGd5pKD44O76ICQ6IWQ6aOf44GrPGJyPuWEquOCjOOBpuOBhOOCi+OBruOBp+OAgeS4ieiEmuOBruS9v+eUqOWvv+WRveOBjOmjm+i6jeeahOOBq+WQkeS4iuOBl+OBvuOBl+OBn+OAguacrOS9k+mDqOWIhuOBr+ODnuOCsOODjeOCt+OCpuODoOWQiOmHkeOCkuaOoeeUqOOBl+OAgTxicj7ohJrjg5HjgqTjg5fjgajlkIzmp5gy5bGk6KGo6Z2i5Yem55CG44KS5pa944GX44Gm44GE44G+44GZ44CCPGJyPjxicj7il4/mnKzkvZPjgavmsLTmupblmajjgpLoo4Xlgpk8YnI+6ISaM+acrOOBqOOCu+ODs+OCv+ODvOODneODvOODq+OCkuOBpOOBquOBkOacrOS9k+mDqOWIhuOBq+OBr+awtOa6luWZqOOCkuijheWCmeOAgjxicj7poqjmma/mkq7lvbHjgpLjgrXjg53jg7zjg4jjgZfkvr/liKnjgafjgZnjgII8YnI+IDxicj7il4/lhYXlrp/jga7ku5jlsZ7lk4E8YnI+44GG44KM44GX44GE44Oh44Oz44OG44OK44Oz44K55bel5YW35LuY44GN44CB44K744Oz44K/44O844Od44O844Or6YOo44Gu44OX44Os44O844OI44KS5Y+W44KK5aSW44GX44Gm5aSn44ON44K444O75bCP44ON44K444KS5YWl44KM5pu/44GI44KLPGJyPumam+OBq+W/heimgeOBquODrOODs+ODgeOChOWFreinkuODrOODs+ODgeOAgeOCueODkeOCpOOCr+efs+eqge+8iEMwNTgwVOOAgUEwNTgwVOOCkumZpOOBj++8ieOBjOS7mOWxnuOAguOBl+OBo+OBi+OCiuOBqOOBl+OBn+ODkeODg+ODiTxicj7lhaXjgorkuInohJrjgrHjg7zjgrnjgoLjgaTjgYTjgabjgYTjgovjga7jgafjgIHmjIHjgaHpgYvjgbPjgoLlv6vpganjgafjgZnjgII8YnI+PGJyPuKXj+ODreODvOOCouODs+OCsOODq+OCouODgOODl+OCv+ODvOOBq+WvvuW/nDxicj7liKXlo7Ljgorjga7jg63jg7zjgqLjg7PjgrDjg6vjgqLjg4Djg5fjgr/jg7zjga7kvbXnlKjjgafjgIHjgojjgorkvY7jgYTjgqLjg7PjgrDjg6vjgafjga7mkq7lvbHjgYzlrp/nj77jgafjgY3jgb7jgZnjgILoirHjgoTmpI3nianjga48YnI+5pKu5b2x44Gr5pyA6YGp44Gn44GZ44CC77yIQkVOUk/jgqLjgq/jgrvjgrXjg6rvvI/jg63jg7zjgqLjg7PjgrDjg6vjgqLjg4Djg5fjgr/jg7xDU0MvQVND44K344Oq44O844K677yJPGJyPjxicj7mrrXmlbAgMzxicj7mnIDlpKfjg5HjgqTjg5flvoTvvIhtbe+8iSDPhjM2LjA8YnI+5pyA5bCP44OR44Kk44OX5b6E77yIbW3vvIkgz4YyOC4wPGJyPuWFqOS8uOmVt++8iG1t77yJIDE4NDU8YnI+5Ly46ZW377yIbW3vvIkgMTY4MDxicj7mnIDkvY7pq5jvvIhtbe+8iSAzNzU8YnI+5Y+O57SN6auY77yIbW3vvIkgNzU1PGJyPumHjemHj++8iGtn77yJIDIuOTk8YnI+6ICQ6I236YeN6YeN6YeP77yIa2fvvIkgMjU8YnI+PGJyPjwvZm9udD48L3RkPjwvdHI+PC90YWJsZT48IS0tCjxkaXYgc3R5bGU9IndpZHRoOjcxMHB4OyBoZWlnaHQ6MTgwcHg7ICBtYXJnaW46MDsgb3ZlcmZsb3c6aGlkZGVuOyI+Cgo8L2Rpdj4KLS0+Cgo8ZGl2IHN0eWxlPSJ3aWR0aDogNzAwcHg7IG1hcmdpbjogNXB4OyI+CjxpbWcgc3JjPSJodHRwOi8vd3d3LnJha3V0ZW4ubmUuanAvZ29sZC9kdGMvZnJhbWUvaW1hZ2VzL3N5b3VoaW5zZXR1bWVpNS5naWYiIHdpZHRoPSI3MDAiIGhlaWdodD0iMzAiPgo8L2Rpdj4KCjxkaXYgc3R5bGU9IndpZHRoOjcxMHB4OyBoZWlnaHQ6MTAwcHg7IG1hcmdpbjowIDVweDsgb3ZlcmZsb3c6aGlkZGVuOyI+Cgo8L2Rpdj4KCjwhLS0KPGRpdiBzdHlsZT0id2lkdGg6IDcwMHB4OyBtYXJnaW46IDAgNXB4OyI+CjxpbWcgc3JjPSJodHRwOi8vd3d3LnJha3V0ZW4ubmUuanAvZ29sZC9kdGMvZnJhbWUvaW1hZ2VzL3N5b3VoaW5zZXR1bWVpMi5naWYiIHdpZHRoPSI3MDAiIGhlaWdodD0iMzAiPgo8L2Rpdj4KPGRpdiBzdHlsZT0id2lkdGg6NzEwcHg7IGhlaWdodDozMDBweDsgIG1hcmdpbjowIDAgMjBweDsgb3ZlcmZsb3c6aGlkZGVuOyI+Cgo8L2Rpdj4KLS0+,44CQ6YCB5paZ54Sh5paZ44CRQkVOUk8o44OZ44Oz44OtKSDjgqLjg6vjg5/jg5fjg60g44OK44OD44OI44Ot44OD44Kv5LiJ6ISaM+autSBBNDU3MFTvvJrjgr3jg5Xjg57jg4Pjg5fmpb3lpKnluILloLTlupc=,44K944OV44Oe44OD44OXU29mbWFw44OR44K944Kz44Oz44K/44OW44Os44OD44OIUENIRETjgqLjgrvjg7Pjg5bjg6rjg5Hjg7zjg4Tjg5Hjgr3jgrPjg7Pjg5Hjg7zjg4Tjg4bjg6zjg5PjgrLjg7zjg6Djg5bjg6vjg7zjg6zjgqTjgr3jg5Xjg4hEVkTjgr3jg5Xjg4jmtrLmmbbjg4bjg6zjg5Pjg5bjg6vjg7zjg6zjgqTjg4fjgqPjgrnjgq/jg6zjgrPjg7zjg4Djg7zjg4fjgrjjgr/jg6vkuIDnnLzjg6zjg5Xjgqvjg6Hjg6njg4fjgrjjgr/jg6vjgqvjg6Hjg6nlrrbpm7vmmYLoqIjkuK3lj6TjgqLjgqbjg4jjg6zjg4Pjg4hpUGFkaVBob25l44CQ6YCB5paZ54Sh5paZ44CRQkVOUk8o44OZ44Oz44OtKSDjgqLjg6vjg5/jg5fjg60g44OK44OD44OI44Ot44OD44Kv5LiJ6ISaM+autSBBNDU3MFQ=,44CA44CC44CQ6YCB5paZ54Sh5paZ44CRQkVOUk8o44OZ44Oz44OtKSDjgqLjg6vjg5/jg5fjg60g44OK44OD44OI44Ot44OD44Kv5LiJ6ISaM+autSBBNDU3MFQ=[rn]
5-81286,aHR0cDovL3RzaG9wLnIxMHMuanAvZHRjL2NhYmluZXQvMjAxNDEyMjBzLzQ5MDc5OTA0MTI0MDkuanBnP2ZpdGluPTcwMDo3MDA=,ODUzMy42MDAw,,VFbjg7vjgqrjg7zjg4fjgqPjgqrjg7vjgqvjg6Hjg6kgPiDjgqLjgq/jgrvjgrXjg6rjg7zjg7vpg6jlk4EgPiDjgqvjg6Hjg6njg7vjg5Pjg4fjgqrjgqvjg6Hjg6njg7vlhYnlrabmqZ/lmajnlKjjgqLjgq/jgrvjgrXjg6rjg7wgPiDkuInohJo=,44CQ6YCB5paZ54Sh5paZ44CRVmVsYm9uKOODmeODq+ODnOODsykg44CQNeauteS4ieiEmuOAkeOCpuODq+ODiOODqTM1N+ODk+ODh+OCqihVTFRSQSAzNTcgVklERU8p,44CA,PHRhYmxlIGJvcmRlcj0iMCIgY2VsbHBhZGRpbmc9IjAiIGNlbGxzcGFjaW5nPSIwIiB3aWR0aD0iNzEwIiBzdHlsZT0ibGluZS1oZWlnaHQ6MTQwJTsiPjx0cj48dGQ+PGZvbnQgc2l6ZT0iMiI+44CM44OR44Oz44O744OG44Kj44Or44OI5ZCM6Lu45qmf5qeL44CN44KS5pCt6LyJ44GX44Gf5pON5L2c5oCn6YeN6KaW44Gu44OT44OH44Kq6Zuy5Y+w44Go44CB6auY5Ly457iu5q+U44Gu44OA44Kk44Os44Kv44OI44Kz44Oz44K/44Kv44OI44OR44Kk44OX44KS57WE44G/5ZCI44KP44Gb44Gf44CB5pC65biv5oCn6YeN6KaW44Gu44OT44OH44Kq44Kr44Oh44Op55So5LiJ6ISa44CC6KiY6Yyy5pa55rOV44GMU0Tjgqvjg7zjg4nlvI/jgarjganjga7lsI/lnovjg5vjg7zjg6Djg5Pjg4fjgqrjgqvjg6Hjg6njgavmnIDpganjgafjgZnjgII8YnI+PGJyPuKWoOOCquOCpOODq+ODleODquODpeODvOODiembsuWPsDxicj7nspjmgKfjga7jgYLjgovnibnmrorjgarjgrDjg6rjgrnjgavjgojjgorjgIHli5XnlLvmkq7lvbHjgavjga/mrKDjgYvjgZvjgarjgYTjgIzlrprpgJ/jgafmu5HjgonjgYvjgarjgI3pm7Llj7Djga7li5XjgY3jgpLlrp/nj77jgILmp5jjgIXjgarmmKDlg4/ooajnj77jgavlr77lv5zjgZfjgb7jgZnjgII8YnI+4oC75rK55Zyn5byP44Gn44Gv44GC44KK44G+44Gb44KT44CCPGJyPjxicj7ilqDjgq/jgqTjg4Pjgq/jgrfjg6Xjg7zmqZ/mp4s8YnI+44Kr44Oh44Op44Gu552A6ISx44GM44Ov44Oz44K/44OD44OB44CC44Kr44Oh44Op44ON44K444KS5L2V5bqm44KC5Zue44GX44Gm5Y+W44KK5LuY44GR44KL44KP44Ga44KJ44KP44GX44GV44GL44KJ6Kej5pS+44GV44KM44G+44GZ44CC6KSH5pWw44Gu44Kr44Oh44Op44KS5L2/44GG5aC05ZCI44KE44CB44Kr44Oh44Op44Go44OT44OH44Kq44Kr44Oh44Op44KS5Lih5pa55L2/44GG5aC05ZCI44Gq44Gp44Gr44KC5aSn5aSJ5L6/5Yip44Gn44GZ44CCPGJyPjxicj7ilqDjgrfjg6Xjg7zjg5fjg6zjg7zjg4jjga/nuKbmqKrkuKHlr77lv5w8YnI+44K344Ol44O844OX44Os44O844OI44Gv44Kr44Oh44Op44KE44Os44Oz44K65bqn44Gu5b2i54q244Gr5ZCI44KP44Gb44Gm44CB57im44O75qiq44Gp44Gh44KJ5ZCR44GN44Gn44KC5Y+W44KK5LuY44GR44KL44GT44Go44GM44Gn44GN44G+44GZ44CCPGJyPjxicj7ilqDjgqzjg4Pjg4Hjg6rjgajnorrlrp/jgarlm7rlrpo8YnI+44K344Ol44O85Zu65a6a44Os44OQ44O844Gr44Gv5Ymb5oCn44O76ICQ5LmF5oCn44Gr5YSq44KM44Gf44Kr44O844Oc44Oz57mK57at5by35YyW5qi56ISC44KS5L2/55So44CC44OZ44O844K56YOo44Gr44Gv44K544K/44Oz44OQ44Kk5qmf5qeL44KS5YKZ44GI44CB552A6ISx44Gv44K544Og44O844K644Gr44CB5Zu65a6a44Gv44Ks44OD44OB44Oq56K65a6f44Gr44GK44GT44Gq44GI44G+44GZ44CCPGJyPjxicj7ilqDjg5Hjg7Pjg7vjg4bjgqPjg6vjg4jlkIzou7jmqZ/mp4s8YnI+44OR44Oz44K544OI44OD44OR44O844Go44OG44Kj44Or44OI44K544OI44OD44OR44O844KS5YG06Z2i5ZCM6Lu444Gr6YWN572u44CC54mH5omL44Gn5rC05bmz44O75LiK5LiL44GuMuaWueWQkeOBruWItuW+oeOBjOOBl+OChOOBmeOBj+OAgeW/q+mBqeOBq+aSruW9seOBp+OBjeOBvuOBmeOAgjxicj48YnI+4pag44OR44Oz44OP44Oz44OJ44Or44Gu44Od44K444K344On44Oz5aSJ5pu0PGJyPuODkeODs+ODj+ODs+ODieODq+OBr+WPjeWvvuWBtOOBi+OCieOCguWPluOCiuS7mOOBkeOCi+OBk+OBqOOBjOOBp+OBjeOBvuOBmeOAguW/heimgeOBq+W/nOOBmOOBpuaTjeS9nOOBl+OChOOBmeOBhOaWueWQkeOBp+OBlOS9v+eUqOS4i+OBleOBhOOAgjxicj48YnI+4pag6Zuy5Y+w44Gv5Y+W44KK5aSW44GX5Y+v6IO9PGJyPumbsuWPsOOBr+S7luOBruWIpeWjsumbsuWPsOOBq+S6pOaPm+WPr+iDveOBp+OBmeOAguODj+ODs+ODieODq+ajkuOChOOCueODiOODg+ODkeODvOmhnuOCkuOBl+OBo+OBi+OCiue3oOOCgeOAgembsuWPsOWFqOS9k+OCkuWPjeaZguioiOaWueWQkeOBq+WbnuOBl+OBpuWkluOBl+OBpuS4i+OBleOBhOOAgjxicj7igLvpm7Llj7Dlj5bku5jjg43jgrjvvJ1VTkMxLzQo57Sw44ON44K4KTxicj48YnI+4pag5paw6ZaL55m644Oc44OH44Kj44Go44Ko44Os44OZ44O844K/44O8PGJyPuacrOS9k+mDqOOBr+OCt+ODs+ODl+ODq+OBp+W8t+W6puOBjOOBguOCiuOAgei7veOBleOBq+OCguWEquOCjOOCi+ODr+ODs+ODlOODvOOCueani+mAoOOCkuaOoeeUqOOBl+OBvuOBl+OBn+OAguOCu+ODs+OCv+ODvOajkuOBr+aJi+WLleOBp+aYh+mZjeOBleOBm+OBvuOBmeOAguaYh+mZjeOBl+OBquOBjOOCieW3puWPs+OBq+Wbnui7ouOBleOBm+OCi+OBk+OBqOOCguWPr+iDveOBp+OBmeOAgjxicj48YnI+4pag44Ot44O844Od44K444K344On44Oz5a++5b+cPGJyPuWwj+OBleOBquiKseOBruaOpeWGmeOBquOBqeOBq+S+v+WIqeOBquODreODvOODneOCuOOCt+ODp+ODs+WvvuW/nOOAgumWi+iEmuaZguOBr+OCu+ODs+OCv+ODvOajkuOBruS4i+mDqOOCkuWbnuOBl+OBpuWkluOBmeOBk+OBqOOBjOOBp+OBjeOBvuOBmeOAgjxicj48YnI+4pag44K744Of44Kq44O844OI44Op44OB44Kn44OD44OI5byPM+autemWi+iEmjxicj7plovohJrop5Lluqbjga/jg5Xjg6vplovohJrjgZfjgZ/nirbmhYvjgYvjgonplonjgZjjgabjgYTjgY/jgajjgIHjg5Xjg6vplovohJrihpLjgrvjg5/plovohJrihpLmqJnmupbplovohJrjgajoh6rli5XnmoTjgavoqK3lrprjgZXjgozjgb7jgZnjgILplovohJrop5Lluqbjga/jgZ3jgozjgZ7jgozjga7ohJrjgafoqK3lrprjgafjgY3jgb7jgZnjga7jgafjgIHjg63jg7zjg53jgrjjgrfjg6fjg7Pmkq7lvbHjgoTkuI3mlbTlnLDjgafjga7oqr/mlbTjgoLnsKHljZjjgafjgZnjgII8YnI+PGJyPuKWoOODgOOCpOODrOOCr+ODiOOCs+ODs+OCv+OCr+ODiOODkeOCpOODlzxicj7nibnmrorjgarmlq3pnaLlvaLnirbjgpLjgZfjgZ/kuIrkuIvjga7ohJrjg5HjgqTjg5fjgpLjgbLjga3jgovjgZPjgajjgafjgIHjg5HjgqTjg5flkIzlo6vjgYzmjqXjgZfjgablvLfjgY/lm7rlrprjgZXjgozjgovjg5njg6vjg5zjg7Pni6zoh6rjga7ohJrjg5HjgqTjg5fjgILjg6zjg5Djg7znrYnjga7kvZnoqIjjgarpg6jlk4HjgYznhKHjgYTjgZ/jgoHkvLjnuK7mr5TjgYzpnZ7luLjjgavpq5jjgY/jgIHplqLnr4Dpg6jjgYzlvLfjgYTjgZPjgajjgYznibnplbfjgafjgZnjgII8YnI+PGJyPuKWoOOCpuODq+ODiOODqeODreODg+OCrzxicj7ohJrlhYjnq6/jgpLmj6HjgaPjgabjgbLjga3jgovjgaDjgZHjgafjgIHlhajmrrXjgpLkuIDmsJfjgavlm7rlrprjg7vop6PpmaTjgZnjgovjgZPjgajjgYzjgafjgY3jgIHpqZrjgY/jgbvjganjgrnjg5Tjg7zjg4fjgqPjg7zjgarjgrvjg4Pjg4bjgqPjg7PjgrDjgYzlj6/og73jgarjgIHjg4DjgqTjg6zjgq/jg4jjgrPjg7Pjgr/jgq/jg4jjg5HjgqTjg5fjgarjgonjgafjga/jga7ohJrjg63jg4Pjgq/mlrnms5XjgII8YnI+PGJyPuKWoOOCueODquODoOOBquODh+OCtuOCpOODszxicj7ohJrjga7plqLnr4Dpg6jjgavjg6zjg5Djg7zjgarjganjga7nqoHotbfjgZfjgZ/pg6jlk4HjgYznhKHjgY/jgIHjgrHjg7zjgrnjgoTjgqvjg6Hjg6njg5Djg4PjgrDjgavjgoLlh7rjgZflhaXjgozjgZfjgoTjgZnjgYTjgIHjgrnjgr/jgqTjg6rjg4Pjgrfjg6Xjgafjgrnjg6rjg6Djgarjg4fjgrbjgqTjg7PjgII8YnI+PGJyPuKWoOS4ieiEmuOCseODvOOCueS7mOWxnjxicj7mjIHjgaHpgYvjgbPjgavlv6vpganjgarkuInohJrjgrHjg7zjgrnjgYzku5jlsZ7jgZfjgabjgYTjgb7jgZnjgILmt7fpm5HjgZfjgZ/pm7vou4rjgafjga7np7vli5XjgoTkuInohJrjga7kv53nrqHnrYnjgavkvr/liKnjgafjgZnjgII8YnI+PGJyPjxicj48L2ZvbnQ+PC90ZD48L3RyPjwvdGFibGU+PCEtLQo8ZGl2IHN0eWxlPSJ3aWR0aDo3MTBweDsgaGVpZ2h0OjE4MHB4OyAgbWFyZ2luOjA7IG92ZXJmbG93OmhpZGRlbjsiPgoKPC9kaXY+Ci0tPgoKPGRpdiBzdHlsZT0id2lkdGg6IDcwMHB4OyBtYXJnaW46IDVweDsiPgo8aW1nIHNyYz0iaHR0cDovL3d3dy5yYWt1dGVuLm5lLmpwL2dvbGQvZHRjL2ZyYW1lL2ltYWdlcy9zeW91aGluc2V0dW1laTUuZ2lmIiB3aWR0aD0iNzAwIiBoZWlnaHQ9IjMwIj4KPC9kaXY+Cgo8ZGl2IHN0eWxlPSJ3aWR0aDo3MTBweDsgaGVpZ2h0OjEwMHB4OyBtYXJnaW46MCA1cHg7IG92ZXJmbG93OmhpZGRlbjsiPgoKPC9kaXY+Cgo8IS0tCjxkaXYgc3R5bGU9IndpZHRoOiA3MDBweDsgbWFyZ2luOiAwIDVweDsiPgo8aW1nIHNyYz0iaHR0cDovL3d3dy5yYWt1dGVuLm5lLmpwL2dvbGQvZHRjL2ZyYW1lL2ltYWdlcy9zeW91aGluc2V0dW1laTIuZ2lmIiB3aWR0aD0iNzAwIiBoZWlnaHQ9IjMwIj4KPC9kaXY+CjxkaXYgc3R5bGU9IndpZHRoOjcxMHB4OyBoZWlnaHQ6MzAwcHg7ICBtYXJnaW46MCAwIDIwcHg7IG92ZXJmbG93OmhpZGRlbjsiPgoKPC9kaXY+Ci0tPg==,44CQ6YCB5paZ54Sh5paZ44CRVmVsYm9uKOODmeODq+ODnOODsykg44CQNeauteS4ieiEmuOAkeOCpuODq+ODiOODqTM1N+ODk+ODh+OCqihVTFRSQSAzNTcgVklERU8p77ya44K944OV44Oe44OD44OX5qW95aSp5biC5aC05bqX,44K944OV44Oe44OD44OXU29mbWFw44OR44K944Kz44Oz44K/44OW44Os44OD44OIUENIRETjgqLjgrvjg7Pjg5bjg6rjg5Hjg7zjg4Tjg5Hjgr3jgrPjg7Pjg5Hjg7zjg4Tjg4bjg6zjg5PjgrLjg7zjg6Djg5bjg6vjg7zjg6zjgqTjgr3jg5Xjg4hEVkTjgr3jg5Xjg4jmtrLmmbbjg4bjg6zjg5Pjg5bjg6vjg7zjg6zjgqTjg4fjgqPjgrnjgq/jg6zjgrPjg7zjg4Djg7zjg4fjgrjjgr/jg6vkuIDnnLzjg6zjg5Xjgqvjg6Hjg6njg4fjgrjjgr/jg6vjgqvjg6Hjg6nlrrbpm7vmmYLoqIjkuK3lj6TjgqLjgqbjg4jjg6zjg4Pjg4hpUGFkaVBob25l44CQ6YCB5paZ54Sh5paZ44CRVmVsYm9uKOODmeODq+ODnOODsykg44CQNeauteS4ieiEmuOAkeOCpuODq+ODiOODqTM1N+ODk+ODh+OCqihVTFRSQSAzNTcgVklERU8p,44CA44CC44CQ6YCB5paZ54Sh5paZ44CRVmVsYm9uKOODmeODq+ODnOODsykg44CQNeauteS4ieiEmuOAkeOCpuODq+ODiOODqTM1N+ODk+ODh+OCqihVTFRSQSAzNTcgVklERU8p[rn]
5-81287,aHR0cDovL3RzaG9wLnIxMHMuanAvZHRjL2NhYmluZXQvMjAxNjAxMDhhLzQ5NzcxODczMDMwNjMuanBnP2ZpdGluPTcwMDo3MDA=,ODM1Mi4wMDAw,,VFbjg7vjgqrjg7zjg4fjgqPjgqrjg7vjgqvjg6Hjg6kgPiDjgqLjgq/jgrvjgrXjg6rjg7zjg7vpg6jlk4EgPiDjgqvjg6Hjg6njg7vjg5Pjg4fjgqrjgqvjg6Hjg6njg7vlhYnlrabmqZ/lmajnlKjjgqLjgq/jgrvjgrXjg6rjg7wgPiDkuInohJo=,44CQ6YCB5paZ54Sh5paZ44CR44OP44Kv44OQ5YaZ55yf55Sj5qWtIOODh+OCuOOCq+ODoeaSruW9seOCueOCv+ODs+ODiQ==,44CA,PGJyPjx0YWJsZSBib3JkZXI9IjAiIGNlbGxwYWRkaW5nPSIwIiBjZWxsc3BhY2luZz0iMCIgd2lkdGg9IjcxMCIgc3R5bGU9ImxpbmUtaGVpZ2h0OjE0MCU7Ij48dHI+PHRkPjxmb250IHNpemU9IjIiPuWVhuWTgeaSruW9seOChOaOpeWGmeOChOikh+WGmeOBjOaJi+i7veOBq+OBp+OBjeOCi+aSruW9seOCueOCv+ODs+ODieOAgjxicj7ogJDliqDph43jga83MDBn44G+44GnT0vjgII8YnI+6KSH5YaZ44Gu6Zqb44Gv44CBQTTjgrXjgqTjgrrjga7jgrPjg5Tjg7zmkq7lvbHjgYzlj6/og73jgII8YnI+5oqY44KK44Gf44Gf44KT44Gn44CB5bCC55So44Kx44O844K544Gr5Y+O57SN44Gn44GN44G+44GZ44CCPGJyPjxicj7jgrnjgr/jg7Pjg4npg6gg5oqY44KK44Gf44Gf44G/5byPPGJyPuODneODvOODq+mDqCAy5q615Ly457iu44Od44O844Or44CB6Ieq55Sx6Zuy5Y+w5LuYPGJyPuS9v+eUqOaZgiBXNTMww5dINTE177yI5pyA5aSn77yJw5dEMzI1bW08YnI+6YeN6YePIDEwNzBnPGJyPuiAkOiNt+mHjSA3MDBn44G+44Gn77yI5pCt6LyJ44Kr44Oh44Op6YeN6YeP77yJPGJyPuS7mOWxnuWTgSDlsILnlKjjgrHjg7zjgrk8YnI+PGJyPjwvZm9udD48L3RkPjwvdHI+PC90YWJsZT48dGFibGUgY2VsbHNwYWNpbmc9IjAiIGNlbGxwYWRkaW5nPSI0IiBib3JkZXI9IjEiIHdpZHRoPSI3MTAiIGJvcmRlcmNvbG9yPSIjY2NjY2NjIj48dHI+PHRkIHdpZHRoPSIxODAiIGJnY29sb3I9IiNlZmVmZWYiPjxmb250IHNpemU9IjIiPuWkluW9ouWvuOazlTwvZm9udD48L3RkPjx0ZCB3aWR0aD0iNTMwIj48Zm9udCBzaXplPSIyIj41MzDDlzMyNcOXNTE1bW3vvIjkvb/nlKjmmYLvvIk8L2ZvbnQ+PC90ZD48L3RyPjx0cj48dGQgd2lkdGg9IjE4MCIgYmdjb2xvcj0iI2VmZWZlZiI+PGZvbnQgc2l6ZT0iMiI+6YeN6YePPC9mb250PjwvdGQ+PHRkIHdpZHRoPSI1MzAiPjxmb250IHNpemU9IjIiPjEwNzBnPC9mb250PjwvdGQ+PC90cj48dHI+PHRkIHdpZHRoPSIxODAiIGJnY29sb3I9IiNlZmVmZWYiPjxmb250IHNpemU9IjIiPuS7mOWxnuWTgTwvZm9udD48L3RkPjx0ZCB3aWR0aD0iNTMwIj48Zm9udCBzaXplPSIyIj7lsILnlKjjgrHjg7zjgrk8L2ZvbnQ+PC90ZD48L3RyPjx0cj48dGQgd2lkdGg9IjE4MCIgYmdjb2xvcj0iI2VmZWZlZiI+PGZvbnQgc2l6ZT0iMiI+5YKZ6ICD77yRPC9mb250PjwvdGQ+PHRkIHdpZHRoPSI1MzAiPjxmb250IHNpemU9IjIiPuOCpOODs+OCv+ODvOODjeODg+ODiOOCquODvOOCr+OCt+ODp+ODs+OBruWVhuWTgeaSruW9seOBq+S9v+OBiOOCi+ODh+OCuOOCq+ODoeaSruW9seOCueOCv+ODs+ODiTwvZm9udD48L3RkPjwvdHI+PHRyPjx0ZCB3aWR0aD0iMTgwIiBiZ2NvbG9yPSIjZWZlZmVmIj48Zm9udCBzaXplPSIyIj7lgpnogIMyPC9mb250PjwvdGQ+PHRkIHdpZHRoPSI1MzAiPjxmb250IHNpemU9IjIiPuOAjOS7leanmOOAjeOCueOCv+ODs+ODiemDqO+8muaKmOOCiuOBn+OBn+OBv+W8jyzjg53jg7zjg6vpg6jvvJoy5q615Ly457iu44Od44O844OrLOiHqueUsembsuWPsOS7mCzogJDojbfph43vvIjmkK3ovInjgqvjg6Hjg6nph43ph4/vvInvvJo3MDBn44G+44GnPC9mb250PjwvdGQ+PC90cj48L3RhYmxlPjwhLS0KPGRpdiBzdHlsZT0id2lkdGg6NzEwcHg7IGhlaWdodDoxODBweDsgIG1hcmdpbjowOyBvdmVyZmxvdzpoaWRkZW47Ij4KCjwvZGl2PgotLT4KCjxkaXYgc3R5bGU9IndpZHRoOiA3MDBweDsgbWFyZ2luOiA1cHg7Ij4KPGltZyBzcmM9Imh0dHA6Ly93d3cucmFrdXRlbi5uZS5qcC9nb2xkL2R0Yy9mcmFtZS9pbWFnZXMvc3lvdWhpbnNldHVtZWk1LmdpZiIgd2lkdGg9IjcwMCIgaGVpZ2h0PSIzMCI+CjwvZGl2PgoKPGRpdiBzdHlsZT0id2lkdGg6NzEwcHg7IGhlaWdodDoxMDBweDsgbWFyZ2luOjAgNXB4OyBvdmVyZmxvdzpoaWRkZW47Ij4KCjwvZGl2PgoKPCEtLQo8ZGl2IHN0eWxlPSJ3aWR0aDogNzAwcHg7IG1hcmdpbjogMCA1cHg7Ij4KPGltZyBzcmM9Imh0dHA6Ly93d3cucmFrdXRlbi5uZS5qcC9nb2xkL2R0Yy9mcmFtZS9pbWFnZXMvc3lvdWhpbnNldHVtZWkyLmdpZiIgd2lkdGg9IjcwMCIgaGVpZ2h0PSIzMCI+CjwvZGl2Pgo8ZGl2IHN0eWxlPSJ3aWR0aDo3MTBweDsgaGVpZ2h0OjMwMHB4OyAgbWFyZ2luOjAgMCAyMHB4OyBvdmVyZmxvdzpoaWRkZW47Ij4KCjwvZGl2PgotLT4=,44CQ6YCB5paZ54Sh5paZ44CR44OP44Kv44OQ5YaZ55yf55Sj5qWtIOODh+OCuOOCq+ODoeaSruW9seOCueOCv+ODs+ODie+8muOCveODleODnuODg+ODl+alveWkqeW4guWgtOW6lw==,44K944OV44Oe44OD44OXU29mbWFw44OR44K944Kz44Oz44K/44OW44Os44OD44OIUENIRETjgqLjgrvjg7Pjg5bjg6rjg5Hjg7zjg4Tjg5Hjgr3jgrPjg7Pjg5Hjg7zjg4Tjg4bjg6zjg5PjgrLjg7zjg6Djg5bjg6vjg7zjg6zjgqTjgr3jg5Xjg4hEVkTjgr3jg5Xjg4jmtrLmmbbjg4bjg6zjg5Pjg5bjg6vjg7zjg6zjgqTjg4fjgqPjgrnjgq/jg6zjgrPjg7zjg4Djg7zjg4fjgrjjgr/jg6vkuIDnnLzjg6zjg5Xjgqvjg6Hjg6njg4fjgrjjgr/jg6vjgqvjg6Hjg6nlrrbpm7vmmYLoqIjkuK3lj6TjgqLjgqbjg4jjg6zjg4Pjg4hpUGFkaVBob25l44CQ6YCB5paZ54Sh5paZ44CR44OP44Kv44OQ5YaZ55yf55Sj5qWtIOODh+OCuOOCq+ODoeaSruW9seOCueOCv+ODs+ODiQ==,44CA44CC44CQ6YCB5paZ54Sh5paZ44CR44OP44Kv44OQ5YaZ55yf55Sj5qWtIOODh+OCuOOCq+ODoeaSruW9seOCueOCv+ODs+ODiQ==[rn]
5-81288,aHR0cDovL3RzaG9wLnIxMHMuanAvZHRjL2NhYmluZXQvMjAxNzAyMDduOC80OTA3OTkwMzMxOTg0LmpwZz9maXRpbj03MDA6NzAw,MTUyMDguMDAwMA==,,VFbjg7vjgqrjg7zjg4fjgqPjgqrjg7vjgqvjg6Hjg6kgPiDjgqLjgq/jgrvjgrXjg6rjg7zjg7vpg6jlk4EgPiDjgqvjg6Hjg6njg7vjg5Pjg4fjgqrjgqvjg6Hjg6njg7vlhYnlrabmqZ/lmajnlKjjgqLjgq/jgrvjgrXjg6rjg7wgPiDkuInohJo=,44CQ6YCB5paZ54Sh5paZ44CR44OZ44Or44Oc44OzKFZlbGJvbikg44CQNuauteS4ieiEmuOAkVVULTQ1,,PHRhYmxlIGJvcmRlcj0iMCIgY2VsbHBhZGRpbmc9IjAiIGNlbGxzcGFjaW5nPSIwIiB3aWR0aD0iNzEwIiBzdHlsZT0ibGluZS1oZWlnaHQ6MTQwJTsiPjx0cj48dGQ+PGZvbnQgc2l6ZT0iMiI+6ISa44KSMTgw5bqm5Y+N6Lui44GX44Gm5oqY44KK44Gf44Gf44KA44GT44Go44Gn44CB6ama55Ww55qE44Gq5bCP5Z6L6auY5oCn6IO944KS6KqH44KL44CMVVTjgrfjg6rjg7zjgrrjgI3jga7lsI/lnovjg6Ljg4fjg6vjgILlsILnlKjoqK3oqIjjgZXjgozjgZ/jg4/jg7Pjg4njg6vpm7Llj7DjgpLmqJnmupboo4XlgpnjgZfjgabjgYrjgorjgIHli5XnlLvjga7mkq7lvbHjgavjgoLlr77lv5zjgILjgrXjgqTjgrrjgYvjgonjga/mg7Plg4/jgafjgY3jgarjgYTjgbvjganjga7pq5jmqZ/og73jgYzlh53nuK7jgZXjgozjgZ/jg57jg6vjg4HkuInohJrjgafjgZnjgII8YnI+PGJyPuKWoOiEmuOCkuWPjei7ouWPjue0jTxicj7ohJrjgpIxODDluqblj43ou6LjgZfjgabmipjjgorjgZ/jgZ/jgb/jgIHlsILnlKjpm7Llj7DjgpLohJrjga7plpPjgavlj47ntI3jgZnjgovjgZPjgajjgafjgIHlvpPmnaXjga7kuInohJrjgafjga/jgYLjgorjgYjjgarjgYvjgaPjgZ/lsI/lnovpq5jmgKfog73jgpLlrp/nj77jgII8YnI+PGJyPuKWoOmpmueVsOOBrumrmOS8uOe4ruavlDxicj7ohJrjga7lj43ou6Llj47ntI3jgajjg5njg6vjg5zjg7Pjga7jgqrjg6rjgrjjg4rjg6vohJrmioDooZPjgavjgojjgorjgIHkvLjnuK7mr5Tjga/pqZrjgY3jga7ntIQ1LjTlgI3jgavjgILlhajpq5jmmYLjga/jgqLjgqTjg6zjg5njg6vjgb7jgafjgZfjgaPjgYvjgorlsYrjgY3jgIHlj47ntI3mmYLjga/jgqvjg6Hjg6njg5Djg4PjgrDjgoTjg6rjg6Xjg4Pjgq/nrYnjgavjgoLlhaXjgozjgonjgozjgovjgIznnIHjgrnjg5rjg7zjgrnoqK3oqIjjgI3jgafjgZnjgII8YnI+PGJyPuKWoOWwgueUqOioreioiOOBq+OCiOOCi+OCs+ODs+ODkeOCr+ODiOWMljxicj7pm7Llj7Djga/jgIHohJrjgpLlj43ou6LjgZfjgabmipjjgorjgZ/jgZ/jgoDjgIxVVOOCt+ODquODvOOCuuOAjeOBruOBn+OCgeOBq+WwgueUqOioreioiOOBleOCjOOBpuOBiuOCiuOAgeWPjue0jeaZguOBr++8k+acrOOBruiEmuOBrumWk+OBq+OCueODg+ODneODquOBqOWPjuOBvuOCiuOBvuOBmeOAgjxicj48YnI+4pag77yR44K544OI44OD44OX77yR44OP44Oz44OJ44Or6Zuy5Y+wPGJyPuODj+ODs+ODieODq+ajkuOCkuWbnuOBmeOBqOOAgeODkeODs+ODu+ODhuOCo+ODq+ODiOOBruS4oeaWueOBjOWQjOaZguOBq+WPr+WLleODu+WbuuWumuOBp+OBjeOCi+OAjO+8keOCueODiOODg+ODl+W8j+OAjembsuWPsOOAguWLleOBjeOBruOBguOCi+iiq+WGmeS9k+OBq+OCguWvvuW/nOOBp+OBjeOBvuOBmeOAgjxicj48YnI+4pag44Kv44Kk44OD44Kv44K344Ol44O85qmf5qeLPGJyPuOCq+ODoeODqeOBruedgOiEseOBjOODr+ODs+OCv+ODg+ODgeOAguOCq+ODoeODqeODjeOCuOOCkuS9leW6puOCguWbnuOBl+OBpuWPluOCiuS7mOOBkeOCi+OCj+OBmuOCieOCj+OBl+OBleOBi+OCieino+aUvuOBleOCjOOBvuOBmeOAguikh+aVsOOBruOCq+ODoeODqeOCkuS9v+OBhuWgtOWQiOOChOOAgeOCq+ODoeODqeOBqOODk+ODh+OCquOCq+ODoeODqeOCkuS4oeaWueS9v+OBhuWgtOWQiOOBquOBqeOBq+OCguWkp+WkieS+v+WIqeOBp+OBmeOAgjxicj48YnI+4pag44K344Ol44O844OX44Os44O844OI44Gv57im5qiq5Lih5a++5b+cPGJyPuOCt+ODpeODvOODl+ODrOODvOODiOOBr+OCq+ODoeODqeOChOODrOODs+OCuuW6p+OBruW9oueKtuOBq+WQiOOCj+OBm+OBpuOAgee4puODu+aoquOBqeOBoeOCieWQkeOBjeOBp+OCguWPluOCiuS7mOOBkeOCi+OBk+OBqOOBjOOBp+OBjeOBvuOBmeOAgjxicj48YnI+4pag44K344Ol44O85Zu65a6a44Os44OQ44O844Gu44K544K/44Oz44OQ44Kk5qmf5qeLPGJyPuOCt+ODpeODvOODl+ODrOODvOODiOWPluS7mOaZguOBq+WbuuWumuODrOODkOODvOOBjOmWi+aUvuS9jee9ruOBp+e2reaMgeOBleOCjOOCi+OAgeOCueOCv+ODs+ODkOOCpOapn+ani+OCkuaQrei8ieOBl+OBpuOBhOOBvuOBmeOAguOCt+ODpeODvOODl+ODrOODvOODiOWPluS7mOaZguOBruiqpOaTjeS9nOOCkumYsuOBjuOAgeOCueODoOODvOOCuuOBp+eiuuWun+OBquWPluOCiuS7mOOBkeOBjOWPr+iDveOBp+OBmeOAgjxicj48YnI+4pagMldheeawtOa6luWZqDxicj7lt6blj7Mr5LiK5LiL5pa55ZCR44Gu5rC05bmz44GM56K66KqN44Gn44GN44KL44CBMldheeOCv+OCpOODl+OBruawtOa6luWZqOOCkuaomea6luijheWCmeOAguOBleOCieOBq+e4puS9jee9rueUqO+8iDkw5bqm77yJ44Gu5rC05rqW5Zmo44KC5LuY44GE44Gm44GK44KK44CB5q2j56K644Gq5qeL5Zuz44Gr44KI44KL5L2c5ZOB5pKu44KK44KS44K144Od44O844OI44GX44G+44GZ44CCPGJyPjxicj7ilqDlt6blj7PkuKHjgrXjgqTjg4njg4bjgqPjg6vjg4g8YnI+44Kr44Oh44Op5Y+w44Gv5bem5Y+z44Gp44Gh44KJ44Gr44KCOTDluqblgr7jgZHjgovjgZPjgajjgYzlj6/og73jgafjgZnjgILkvb/jgYTjgoTjgZnjgYTmlrnlkJHjgafjgZTkvb/nlKjjgY/jgaDjgZXjgYTjgII8YnI+PGJyPuKWoOmbsuWPsOOBr+WPluOCiuWkluOBl+WPr+iDvTxicj7pm7Llj7Djga/ku5bjga7liKXlo7Lpm7Llj7DjgavkuqTmj5vlj6/og73jgafjgZnjgII8YnI+4oC76Zuy5Y+w5Y+W5LuY44ON44K477ydVU5DMS8077yI57Sw44ON44K477yJPGJyPuKAu+S7luOBrumbsuWPsOOBp+OBr+OAgeWPjei7ouOBleOBm+OBn+iEmuOCkuacgOW+jOOBvuOBp+OBn+OBn+OCgOOBk+OBqOOBr+OBp+OBjeOBquOBj+OBquOCiuOBvuOBmeOAgjxicj48YnI+4pag6Lu96YeP6YeR5bGe44Oe44Kw44ON44K344Km44OgPGJyPumbsuWPsOOChOS4ieiEmuODnOODh+OCo+OBq+S9v+OCj+OCjOOBpuOBhOOCi+i7vemHj+mHkeWxnuODnuOCsOODjeOCt+OCpuODoOOBr+avlOmHjeOBjDEuN+OBp+OAgeOCouODq+ODn+OBrjIvM+OAgemJhOOBrjEvNOS7peS4i+OBqOWun+eUqOmHkeWxnuS4reOCguOBo+OBqOOCgui7veOBj+OAgeavlOW8t+W6puOChOWvuOazleWuieWumuW6puOAgeaMr+WLleWQuOWPjuaAp+OCguWEquOCjOOBpuOBhOOBvuOBmeOAgjxicj48YnI+4pag5YSq44KM44Gf5pON5L2c5oCnPGJyPuODnOODh+OCo+S4reWkruOBruOAjOODreODvOOCv+ODquODvOODj+ODluOAjeOCkuaMgeOBoeS4iuOBkuOBpuWbnuOBmeOBqOOAge+8k+acrOOBruiEmuOBjOWPjei7ouWPr+iDveOBqueKtuaFi+OBq+OBquOCiuOBvuOBmeOAguW+jOOBr+mWi+OBj++8iOOBn+OBn+OCgO+8ieOBoOOBkeOBp09L44CC6ISa44GU44Go44Gr5Y+N6Lui44OO44OW44KS5pON5L2c44GZ44KL5b+F6KaB44GM44Gq44GE44Gu44Gn44CB44K744OD44OG44Kj44Oz44Kw44KC5omL5pep44GP57Ch5Y2Y44Gn44GZ44CCPGJyPjxicj7ilqDjgqjjg6zjg5njg7zjgr/jg7zjgrnjg6njgqTjg4k8YnI+44Ko44Os44OZ44O844K/44O844Gv44Ot44OD44Kv44OK44OD44OI44KS5Zue44GX44Gm57ep44KB44KL44Go5Ly444Gw44GZ44GT44Go44GM44Gn44GN44G+44GZ44CC55uu44Gu5YmN44Gu6Zqc5a6z54mp44GM5qeL5Zuz44Gu6YKq6a2U44Gr44Gq44KL5aC05ZCI44Gv44CB44Ko44Os44OZ44O844K/44O844KS6Kmm44G/44Gm44GP44Gg44GV44GE44CCPGJyPjxicj7ilqDkuInmrrXplovohJo8YnI+6ZaL6ISa6KeS5bqm44Gv44OO44OW44KS44Ga44KJ44GZ44Go44CB5ZCE44CF44Gu6ISa44Gn6Ieq55Sx44Gr6Kit5a6a44Gn44GN44G+44GZ77yI5LiJ5q616ZqO77yJ44CC5LiK5pW05Zyw44Gq44Gp6Kit572u54q25rOB44Gr5b+c44GY44Gm5aSJ5pu044GX44Gm5LiL44GV44GE44CCPGJyPjxicj7ilqDmnIDkvY7pq5jjga/ntIQzNWNtPGJyPumWi+iEmuiqv+aVtOODjuODluOCkuOBmuOCieOBl+ODleODq+mWi+iEmuOBmeOCi+OBqOOAgeacgOS9jumrmOOBr+e0hDM1Y23jgajjgarjgorjgb7jgZnjgII8YnI+4oC7VVTjgrfjg6rjg7zjgrrjga/pq5jkvLjnuK7mr5TjgpLph43oppbjgZfjgZ/jg6bjg4vjg7zjgq/jgarmp4vpgKDjga7jgZ/jgoHjgIHjgqjjg6zjg5njg7zjgr/jg7zjgpLopobjgYbjgIzjgqzjgqTjg4njg5HjgqTjg5fjgI3jga/nuK7jgb/jgb7jgZvjgpPjgII8YnI+PGJyPuKWoOODgOOCpOODrOOCr+ODiOOCs+ODs+OCv+OCr+ODiOODkeOCpOODlzxicj7nibnmrorjgarmlq3pnaLlvaLnirbjgpLjgZfjgZ/kuIrkuIvjga7ohJrjg5HjgqTjg5fjgpLjgbLjga3jgovjgZPjgajjgafjgIHjg5HjgqTjg5flkIzlo6vjgYzmjqXjgZfjgablvLfjgY/lm7rlrprjgZXjgozjgovjg5njg6vjg5zjg7Pni6zoh6rjga7ohJrjg5HjgqTjg5fjgILjg6zjg5Djg7znrYnjga7kvZnoqIjjgarpg6jlk4HjgYznhKHjgYTjgZ/jgoHkvLjnuK7mr5TjgYzpnZ7luLjjgavpq5jjgY/jgIHplqLnr4Dpg6jjgYzlvLfjgYTjgZPjgajjgYznibnplbfjgafjgZnjgII8YnI+PGJyPuKWoOOCpuODq+ODiOODqeODreODg+OCrzxicj7ohJrlhYjnq6/jgpLmj6HjgaPjgabjgbLjga3jgovjgaDjgZHjgafjgIHlhajmrrXjgpLkuIDmsJfjgavlm7rlrprjg7vop6PpmaTjgZnjgovjgZPjgajjgYzjgafjgY3jgIHpqZrjgY/jgbvjganjgrnjg5Tjg7zjg4fjgqPjg7zjgarjgrvjg4Pjg4bjgqPjg7PjgrDjgYzlj6/og73jgarjgIHjg4DjgqTjg6zjgq/jg4jjgrPjg7Pjgr/jgq/jg4jjg5HjgqTjg5fjgarjgonjgafjga/jga7ohJrjg63jg4Pjgq/mlrnms5XjgII8YnI+PGJyPuKWoOiqv+aVtOeUqOOCsOODquODg+ODlzxicj7ohJrkvLjnuK7jga/jgIHvvJLmrrXnm67jga7oqr/mlbTnlKjjgrDjg6rjg4Pjg5fjgpLmj6HjgaPjgablm57jgZnjgZPjgajjgafjgIHnsKHljZjjgavoqr/mlbTjgafjgY3jgb7jgZnjgII8YnI+PGJyPuKAu+iqv+aVtOOBr+iEmuOBruS7u+aEj+OBruauteOBp+WPr+iDveOBp+OBmeOAgjxicj48YnI+4pag5bCC55So44Kx44O844K55LuY5bGePGJyPuS4ieiEmuOBq+OBr+WwgueUqOOBruOCreODo+ODquODs+OCsOOCseODvOOCueOBjOS7mOWxnuOBl+OBpuOBhOOBvuOBmeOAgua3t+mbkeOBl+OBn+mbu+i7iuOBp+OBruenu+WLleOChOS4ieiEmuOBruS/neeuoeOBq+S+v+WIqeOBp+OBmeOAguS9v+OCj+OBquOBhOaZguOBr+Wwj+OBleOBj+OBn+OBn+OCgeOCi+iWhOaJi+OCv+OCpOODl+OAgjxicj48YnI+44CQ6KO95ZOB5LuV5qeY44CRPGJyPuWFqOmrmChFVuWQq+OCgCnvvJoxNTcwbW08YnI+5YWo6auYKEVW54Sh44GXKe+8mjE0MDhtbTxicj5FVuOCueODqeOCpOODiemHj++8mjE2Mm1tPGJyPuacgOS9jumrmO+8mjM1MW1tPGJyPue4rumVt++8mjI5MG1tPGJyPuiEmuW+hO+8mjI0bW08YnI+5q615pWw77yaNuautTxicj7os6rph4/vvJoxMjQwZzxicj7mjqjlpajnqY3ovInos6rph4/vvJoya2c8YnI+PGJyPjwvZm9udD48L3RkPjwvdHI+PC90YWJsZT48IS0tCjxkaXYgc3R5bGU9IndpZHRoOjcxMHB4OyBoZWlnaHQ6MTgwcHg7ICBtYXJnaW46MDsgb3ZlcmZsb3c6aGlkZGVuOyI+Cgo8L2Rpdj4KLS0+Cgo8ZGl2IHN0eWxlPSJ3aWR0aDogNzAwcHg7IG1hcmdpbjogNXB4OyI+CjxpbWcgc3JjPSJodHRwOi8vd3d3LnJha3V0ZW4ubmUuanAvZ29sZC9kdGMvZnJhbWUvaW1hZ2VzL3N5b3VoaW5zZXR1bWVpNS5naWYiIHdpZHRoPSI3MDAiIGhlaWdodD0iMzAiPgo8L2Rpdj4KCjxkaXYgc3R5bGU9IndpZHRoOjcxMHB4OyBoZWlnaHQ6MTAwcHg7IG1hcmdpbjowIDVweDsgb3ZlcmZsb3c6aGlkZGVuOyI+Cgo8L2Rpdj4KCjwhLS0KPGRpdiBzdHlsZT0id2lkdGg6IDcwMHB4OyBtYXJnaW46IDAgNXB4OyI+CjxpbWcgc3JjPSJodHRwOi8vd3d3LnJha3V0ZW4ubmUuanAvZ29sZC9kdGMvZnJhbWUvaW1hZ2VzL3N5b3VoaW5zZXR1bWVpMi5naWYiIHdpZHRoPSI3MDAiIGhlaWdodD0iMzAiPgo8L2Rpdj4KPGRpdiBzdHlsZT0id2lkdGg6NzEwcHg7IGhlaWdodDozMDBweDsgIG1hcmdpbjowIDAgMjBweDsgb3ZlcmZsb3c6aGlkZGVuOyI+Cgo8L2Rpdj4KLS0+,44CQ6YCB5paZ54Sh5paZ44CR44OZ44Or44Oc44OzKFZlbGJvbikg44CQNuauteS4ieiEmuOAkVVULTQ177ya44K944OV44Oe44OD44OX5qW95aSp5biC5aC05bqX,44K944OV44Oe44OD44OXU29mbWFw44OR44K944Kz44Oz44K/44OW44Os44OD44OIUENIRETjgqLjgrvjg7Pjg5bjg6rjg5Hjg7zjg4Tjg5Hjgr3jgrPjg7Pjg5Hjg7zjg4Tjg4bjg6zjg5PjgrLjg7zjg6Djg5bjg6vjg7zjg6zjgqTjgr3jg5Xjg4hEVkTjgr3jg5Xjg4jmtrLmmbbjg4bjg6zjg5Pjg5bjg6vjg7zjg6zjgqTjg4fjgqPjgrnjgq/jg6zjgrPjg7zjg4Djg7zjg4fjgrjjgr/jg6vkuIDnnLzjg6zjg5Xjgqvjg6Hjg6njg4fjgrjjgr/jg6vjgqvjg6Hjg6nlrrbpm7vmmYLoqIjkuK3lj6TjgqLjgqbjg4jjg6zjg4Pjg4hpUGFkaVBob25l44CQ6YCB5paZ54Sh5paZ44CR44OZ44Or44Oc44OzKFZlbGJvbikg44CQNuauteS4ieiEmuOAkVVULTQ1,44CQ6YCB5paZ54Sh5paZ44CR44OZ44Or44Oc44OzKFZlbGJvbikg44CQNuauteS4ieiEmuOAkVVULTQ1[rn]
5-81289,aHR0cDovL3RzaG9wLnIxMHMuanAvZHRjL2NhYmluZXQvMjAxNzAyMDduNy80OTA2NzUyMTAxOTAyLmpwZz9maXRpbj03MDA6NzAw,MTYzNTIuMDAwMA==,,VFbjg7vjgqrjg7zjg4fjgqPjgqrjg7vjgqvjg6Hjg6kgPiDjgqLjgq/jgrvjgrXjg6rjg7zjg7vpg6jlk4EgPiDjgqvjg6Hjg6njg7vjg5Pjg4fjgqrjgqvjg6Hjg6njg7vlhYnlrabmqZ/lmajnlKjjgqLjgq/jgrvjgrXjg6rjg7wgPiDkuInohJo=,44CQ6YCB5paZ54Sh5paZ44CRU0xJSyjjgrnjg6rjg4Pjgq8pIOOAkDTmrrXkuInohJrjgJEg44Ki44Or44O744OG44Kj44OgMzQwSEQ=,44CA,PHRhYmxlIGJvcmRlcj0iMCIgY2VsbHBhZGRpbmc9IjAiIGNlbGxzcGFjaW5nPSIwIiB3aWR0aD0iNzEwIiBzdHlsZT0ibGluZS1oZWlnaHQ6MTQwJTsiPjx0cj48dGQ+PGZvbnQgc2l6ZT0iMiI+5YuV55S75a++5b+cNOauteOCv+OCpOODl0FNVOS4ieiEmuOBp+OBmeOAgjxicj48YnI+4pag44Ki44Or772l44OG44Kj44Og44K344Oq44O844K644Gu5YuV55S75a++5b+c54mI44CCPGJyPjxicj7ilqDohJrpg6jliIbjga/jgIzjgqLjg6vjg7vjg4bjgqPjg6AzNDBF44CN44Go5YWx6YCa44CCPGJyPjxicj7ilqBBTVTlkIjph5HjgIHmup3lhaXkuLjjg5HjgqTjg5fjga7mjqHnlKjjgafjgIHou73jgY/jgIHjg6/jg7Pjgr/jg4Pjg4Hjga7jg6zjg5Djg7zlvI/ohJrjg63jg4Pjgq/jgpLmjqHnlKjjgII8YnI+PGJyPuKWoOmbsuWPsOOBr+WLleeUu+WvvuW/nOOBrlNILTczN0hE44KS5o6h55So44CCPGJyPjxicj7ilqAy44OP44Oz44OJ44OrM+OCpuOCp+OCpOW8j+OAgeODleODquOCr+OCt+ODp+ODs+OCs+ODs+ODiOODreODvOODq+OBq+OCiOOCiuOAgeWLleOBjeOBruWbuuOBleOBruiqv+aVtOOBjOWPr+iDveOAgjxicj48YnI+4pag5YuV55S744Gr44Gv44OV44Oq44Kv44K344On44Oz44KS5by344KB44Gr44CB5YaZ55yf5pKu5b2x5pmC44Gv44OV44Oq44Kv44K344On44Oz44KS5byx44KB44KL44GT44Go44KC44Gn44GN44G+44GZ44CCPGJyPjxicj7ilqDpm7Llj7Djga7mkbrli5Xpg6jjgavjga/jgqrjgqTjg6vjgpLlsIHlhaXjgZfjgZ/jgqrjgqTjg6vjg5Xjg6rjg6Xjg7zjg4nlvI/jgII8YnI+PGJyPuKWoOOCq+ODoeODqeWPluS7mOOBr+OCr+OCpOODg+OCr+OCt+ODpeODvOW8j+OBp+OBmeOAgjxicj48YnI+4pag44Kv44Kk44OD44Kv44K344Ol44O844GvRElO6KaP5qC844K144Kk44K644Gn44CB5LuW44Gu5qmf56iu44Go44Gu5LqS5o+b5oCn44KC6ICD5oWu44GX44Gm44GE44G+44GZ44CCPGJyPjxicj7ilqDohJrjg5HjgqTjg5fjgavjga/jgqbjg6zjgr/jg7PjgrDjg6rjg4Pjg5fku5jjgII8YnI+PGJyPuKWoOS4ieiEmuOCseODvOOCueS7mOWxnjxicj48YnI+PC9mb250PjwvdGQ+PC90cj48L3RhYmxlPjx0YWJsZSBjZWxsc3BhY2luZz0iMCIgY2VsbHBhZGRpbmc9IjQiIGJvcmRlcj0iMSIgd2lkdGg9IjcxMCIgYm9yZGVyY29sb3I9IiNjY2NjY2MiPjx0cj48dGQgd2lkdGg9IjE4MCIgYmdjb2xvcj0iI2VmZWZlZiI+PGZvbnQgc2l6ZT0iMiI+5pys5L2T6YeN6YePPC9mb250PjwvdGQ+PHRkIHdpZHRoPSI1MzAiPjxmb250IHNpemU9IjIiPjE4OTBnPC9mb250PjwvdGQ+PC90cj48dHI+PHRkIHdpZHRoPSIxODAiIGJnY29sb3I9IiNlZmVmZWYiPjxmb250IHNpemU9IjIiPuauteaVsDwvZm9udD48L3RkPjx0ZCB3aWR0aD0iNTMwIj48Zm9udCBzaXplPSIyIj405q61PC9mb250PjwvdGQ+PC90cj48dHI+PHRkIHdpZHRoPSIxODAiIGJnY29sb3I9IiNlZmVmZWYiPjxmb250IHNpemU9IjIiPue4rumVtzwvZm9udD48L3RkPjx0ZCB3aWR0aD0iNTMwIj48Zm9udCBzaXplPSIyIj41NTVtbTwvZm9udD48L3RkPjwvdHI+PHRyPjx0ZCB3aWR0aD0iMTgwIiBiZ2NvbG9yPSIjZWZlZmVmIj48Zm9udCBzaXplPSIyIj7kvLjplbfvvIjlhajpq5jvvIk8L2ZvbnQ+PC90ZD48dGQgd2lkdGg9IjUzMCI+PGZvbnQgc2l6ZT0iMiI+MTYxMG1tPC9mb250PjwvdGQ+PC90cj48dHI+PHRkIHdpZHRoPSIxODAiIGJnY29sb3I9IiNlZmVmZWYiPjxmb250IHNpemU9IjIiPuadkOizqjwvZm9udD48L3RkPjx0ZCB3aWR0aD0iNTMwIj48Zm9udCBzaXplPSIyIj5BVE3lkIjph5E8L2ZvbnQ+PC90ZD48L3RyPjx0cj48dGQgd2lkdGg9IjE4MCIgYmdjb2xvcj0iI2VmZWZlZiI+PGZvbnQgc2l6ZT0iMiI+5pyA5L2O6auYPC9mb250PjwvdGQ+PHRkIHdpZHRoPSI1MzAiPjxmb250IHNpemU9IjIiPjI5MG1tPC9mb250PjwvdGQ+PC90cj48dHI+PHRkIHdpZHRoPSIxODAiIGJnY29sb3I9IiNlZmVmZWYiPjxmb250IHNpemU9IjIiPuS7mOWxnuWTgTwvZm9udD48L3RkPjx0ZCB3aWR0aD0iNTMwIj48Zm9udCBzaXplPSIyIj7jgrHjg7zjgrk8L2ZvbnQ+PC90ZD48L3RyPjx0cj48dGQgd2lkdGg9IjE4MCIgYmdjb2xvcj0iI2VmZWZlZiI+PGZvbnQgc2l6ZT0iMiI+5pyA5aSn6I236YeNPC9mb250PjwvdGQ+PHRkIHdpZHRoPSI1MzAiPjxmb250IHNpemU9IjIiPjNrZzwvZm9udD48L3RkPjwvdHI+PC90YWJsZT48IS0tCjxkaXYgc3R5bGU9IndpZHRoOjcxMHB4OyBoZWlnaHQ6MTgwcHg7ICBtYXJnaW46MDsgb3ZlcmZsb3c6aGlkZGVuOyI+Cgo8L2Rpdj4KLS0+Cgo8ZGl2IHN0eWxlPSJ3aWR0aDogNzAwcHg7IG1hcmdpbjogNXB4OyI+CjxpbWcgc3JjPSJodHRwOi8vd3d3LnJha3V0ZW4ubmUuanAvZ29sZC9kdGMvZnJhbWUvaW1hZ2VzL3N5b3VoaW5zZXR1bWVpNS5naWYiIHdpZHRoPSI3MDAiIGhlaWdodD0iMzAiPgo8L2Rpdj4KCjxkaXYgc3R5bGU9IndpZHRoOjcxMHB4OyBoZWlnaHQ6MTAwcHg7IG1hcmdpbjowIDVweDsgb3ZlcmZsb3c6aGlkZGVuOyI+Cgo8L2Rpdj4KCjwhLS0KPGRpdiBzdHlsZT0id2lkdGg6IDcwMHB4OyBtYXJnaW46IDAgNXB4OyI+CjxpbWcgc3JjPSJodHRwOi8vd3d3LnJha3V0ZW4ubmUuanAvZ29sZC9kdGMvZnJhbWUvaW1hZ2VzL3N5b3VoaW5zZXR1bWVpMi5naWYiIHdpZHRoPSI3MDAiIGhlaWdodD0iMzAiPgo8L2Rpdj4KPGRpdiBzdHlsZT0id2lkdGg6NzEwcHg7IGhlaWdodDozMDBweDsgIG1hcmdpbjowIDAgMjBweDsgb3ZlcmZsb3c6aGlkZGVuOyI+Cgo8L2Rpdj4KLS0+,44CQ6YCB5paZ54Sh5paZ44CRU0xJSyjjgrnjg6rjg4Pjgq8pIOOAkDTmrrXkuInohJrjgJEg44Ki44Or44O744OG44Kj44OgMzQwSETvvJrjgr3jg5Xjg57jg4Pjg5fmpb3lpKnluILloLTlupc=,44K944OV44Oe44OD44OXU29mbWFw44OR44K944Kz44Oz44K/44OW44Os44OD44OIUENIRETjgqLjgrvjg7Pjg5bjg6rjg5Hjg7zjg4Tjg5Hjgr3jgrPjg7Pjg5Hjg7zjg4Tjg4bjg6zjg5PjgrLjg7zjg6Djg5bjg6vjg7zjg6zjgqTjgr3jg5Xjg4hEVkTjgr3jg5Xjg4jmtrLmmbbjg4bjg6zjg5Pjg5bjg6vjg7zjg6zjgqTjg4fjgqPjgrnjgq/jg6zjgrPjg7zjg4Djg7zjg4fjgrjjgr/jg6vkuIDnnLzjg6zjg5Xjgqvjg6Hjg6njg4fjgrjjgr/jg6vjgqvjg6Hjg6nlrrbpm7vmmYLoqIjkuK3lj6TjgqLjgqbjg4jjg6zjg4Pjg4hpUGFkaVBob25l44CQ6YCB5paZ54Sh5paZ44CRU0xJSyjjgrnjg6rjg4Pjgq8pIOOAkDTmrrXkuInohJrjgJEg44Ki44Or44O744OG44Kj44OgMzQwSEQ=,44CA44CC44CQ6YCB5paZ54Sh5paZ44CRU0xJSyjjgrnjg6rjg4Pjgq8pIOOAkDTmrrXkuInohJrjgJEg44Ki44Or44O744OG44Kj44OgMzQwSEQ=[rn]
5-81290,aHR0cDovL3RzaG9wLnIxMHMuanAvZHRjL2NhYmluZXQvMjAxNzAyMDduNy80OTA2NzUyMTA3MDg5LmpwZz9maXRpbj03MDA6NzAw,Nzk4NC4wMDAw,,VFbjg7vjgqrjg7zjg4fjgqPjgqrjg7vjgqvjg6Hjg6kgPiDjgqLjgq/jgrvjgrXjg6rjg7zjg7vpg6jlk4EgPiDjgqvjg6Hjg6njg7vjg5Pjg4fjgqrjgqvjg6Hjg6njg7vlhYnlrabmqZ/lmajnlKjjgqLjgq/jgrvjgrXjg6rjg7wgPiDkuInohJo=,44CQ6YCB5paZ54Sh5paZ44CRU0xJSyjjgrnjg6rjg4Pjgq8pIOOAkDTmrrXkuInohJrjgJEgUFJPMjQwIE1LNOOAkOODk+ODg+OCr+OCq+ODoeODqeOCsOODq+ODvOODl+OCquODquOCuOODiuODq+OAkQ==,44CA,PHRhYmxlIGJvcmRlcj0iMCIgY2VsbHBhZGRpbmc9IjAiIGNlbGxzcGFjaW5nPSIwIiB3aWR0aD0iNzEwIiBzdHlsZT0ibGluZS1oZWlnaHQ6MTQwJTsiPjx0cj48dGQ+PGZvbnQgc2l6ZT0iMiI+4pag44Ot44O844Od44K444K344On44Oz44GL44KJ44OP44Kk44Od44K444K344On44Oz44G+44Gn5L2/44GE44GT44Gq44Gb44KL5bCP5Z6L6Lu96YeP6Kit6KiI44CC5oyB44Gh6YGL44Gz44Gu6Lu944GV44KS5YSq5YWI44GZ44KL5pa544Gr5pyA6YGp44Gn44GZ44CCPGJyPjxicj7ilqDpm7Llj7Djga/jgrPjg7Pjg5Hjgq/jg4jjgafjgq/jgqTjg4Pjgq/jgrfjg6Xjg7zlvI/jga4zV2F56Zuy5Y+w44KS6KOF5YKZ44CC5rC05rqW5Zmo5LuY44GN44CCPGJyPjxicj7ilqDjg6zjg5Djg7zlvI/jga405q616ISa44Gv44K544OU44O844OH44Kj44O844Gr5Ly457iu44GM44Gn44GN44G+44GZ44CCPGJyPjxicj7jgJDoo73lk4Hku5Xmp5jjgJE8YnI+4pag5q615pWw77yaNOautTxicj7ilqDkvLjplbfvvIjlhajpq5jvvInvvJrjgJDlhajkvLjpq5jjgJExNTMybW3jgIDjgJBFVueEoeOBl+WFqOmrmOOAkTEzMjJtbTxicj7ilqDmnIDkvY7pq5jvvJogMTc3bW08YnI+4pag57iu6ZW377yaIDQ3MG1tPGJyPuKWoOiEmuW9ouODu+iEmuW+hO+8iM+GbW3vvInvvJoyMG1tPGJyPuKWoOacrOS9k+mHjemHj++8mjEwNzBnPGJyPuKWoOacgOWkp+iNt+mHje+8mjJrZzxicj48YnI+PC9mb250PjwvdGQ+PC90cj48L3RhYmxlPjwhLS0KPGRpdiBzdHlsZT0id2lkdGg6NzEwcHg7IGhlaWdodDoxODBweDsgIG1hcmdpbjowOyBvdmVyZmxvdzpoaWRkZW47Ij4KCjwvZGl2PgotLT4KCjxkaXYgc3R5bGU9IndpZHRoOiA3MDBweDsgbWFyZ2luOiA1cHg7Ij4KPGltZyBzcmM9Imh0dHA6Ly93d3cucmFrdXRlbi5uZS5qcC9nb2xkL2R0Yy9mcmFtZS9pbWFnZXMvc3lvdWhpbnNldHVtZWk1LmdpZiIgd2lkdGg9IjcwMCIgaGVpZ2h0PSIzMCI+CjwvZGl2PgoKPGRpdiBzdHlsZT0id2lkdGg6NzEwcHg7IGhlaWdodDoxMDBweDsgbWFyZ2luOjAgNXB4OyBvdmVyZmxvdzpoaWRkZW47Ij4KCjwvZGl2PgoKPCEtLQo8ZGl2IHN0eWxlPSJ3aWR0aDogNzAwcHg7IG1hcmdpbjogMCA1cHg7Ij4KPGltZyBzcmM9Imh0dHA6Ly93d3cucmFrdXRlbi5uZS5qcC9nb2xkL2R0Yy9mcmFtZS9pbWFnZXMvc3lvdWhpbnNldHVtZWkyLmdpZiIgd2lkdGg9IjcwMCIgaGVpZ2h0PSIzMCI+CjwvZGl2Pgo8ZGl2IHN0eWxlPSJ3aWR0aDo3MTBweDsgaGVpZ2h0OjMwMHB4OyAgbWFyZ2luOjAgMCAyMHB4OyBvdmVyZmxvdzpoaWRkZW47Ij4KCjwvZGl2PgotLT4=,44CQ6YCB5paZ54Sh5paZ44CRU0xJSyjjgrnjg6rjg4Pjgq8pIOOAkDTmrrXkuInohJrjgJEgUFJPMjQwIE1LNOOAkOODk+ODg+OCr+OCq+ODoeODqeOCsOODq+ODvOODl+OCquODquOCuOODiuODq+OAke+8muOCveODleODnuODg+ODl+alveWkqeW4guWgtOW6lw==,44K944OV44Oe44OD44OXU29mbWFw44OR44K944Kz44Oz44K/44OW44Os44OD44OIUENIRETjgqLjgrvjg7Pjg5bjg6rjg5Hjg7zjg4Tjg5Hjgr3jgrPjg7Pjg5Hjg7zjg4Tjg4bjg6zjg5PjgrLjg7zjg6Djg5bjg6vjg7zjg6zjgqTjgr3jg5Xjg4hEVkTjgr3jg5Xjg4jmtrLmmbbjg4bjg6zjg5Pjg5bjg6vjg7zjg6zjgqTjg4fjgqPjgrnjgq/jg6zjgrPjg7zjg4Djg7zjg4fjgrjjgr/jg6vkuIDnnLzjg6zjg5Xjgqvjg6Hjg6njg4fjgrjjgr/jg6vjgqvjg6Hjg6nlrrbpm7vmmYLoqIjkuK3lj6TjgqLjgqbjg4jjg6zjg4Pjg4hpUGFkaVBob25l44CQ6YCB5paZ54Sh5paZ44CRU0xJSyjjgrnjg6rjg4Pjgq8pIOOAkDTmrrXkuInohJrjgJEgUFJPMjQwIE1LNOOAkOODk+ODg+OCr+OCq+ODoeODqeOCsOODq+ODvOODl+OCquODquOCuOODiuODq+OAkQ==,44CA44CC44CQ6YCB5paZ54Sh5paZ44CRU0xJSyjjgrnjg6rjg4Pjgq8pIOOAkDTmrrXkuInohJrjgJEgUFJPMjQwIE1LNOOAkOODk+ODg+OCr+OCq+ODoeODqeOCsOODq+ODvOODl+OCquODquOCuOODiuODq+OAkQ==[rn]
5-81291,aHR0cDovL3RzaG9wLnIxMHMuanAvZHRjL2NhYmluZXQvMjAxNTAyMTlhLzQ5MDc5OTAzMDEzMDcuanBnP2ZpdGluPTcwMDo3MDA=,NzIzMC40MDAw,,VFbjg7vjgqrjg7zjg4fjgqPjgqrjg7vjgqvjg6Hjg6kgPiDjgqLjgq/jgrvjgrXjg6rjg7zjg7vpg6jlk4EgPiDjgqvjg6Hjg6njg7vjg5Pjg4fjgqrjgqvjg6Hjg6njg7vlhYnlrabmqZ/lmajnlKjjgqLjgq/jgrvjgrXjg6rjg7wgPiDkuInohJo=,44CQ6YCB5paZ54Sh5paZ44CR44OZ44Or44Oc44OzKFZlbGJvbikg5LiJ6ISaNOautSBFWC01NDfjg5Pjg4fjgqogTg==,44CA,PHRhYmxlIGJvcmRlcj0iMCIgY2VsbHBhZGRpbmc9IjAiIGNlbGxzcGFjaW5nPSIwIiB3aWR0aD0iNzEwIiBzdHlsZT0ibGluZS1oZWlnaHQ6MTQwJTsiPjx0cj48dGQ+PGZvbnQgc2l6ZT0iMiI+6Lu944GP44Gm5Ly457iu5q+U44Gr44KC5YSq44KM44GfRVjjg5HjgqTjg5fjgpLnlKjjgYTjgZ/jg5Pjg4fjgqrkuInohJrjgILjgIzjg5Hjg7PjgI3jg7vjgIzjg4bjgqPjg6vjg4jjgI3vvJLmlrnlkJHjga7jgrnjg4jjg4Pjg5Hjg7zjgpLlgbTpnaLlkIzou7jjgavphY3nva7jgZfjgZ/jgIHmk43kvZzmgKfph43oppbjga7jgqrjgqTjg6vjg5Xjg6rjg6Xjg7zjg4npm7Llj7DjgpLoo4XlgpnjgILpganluqbjgarnspjmgKfjgajjgrnjg6Djg7zjgrrjgZXjgafjgIHluLjjgavlronlrprjgZfjgZ/li5XnlLvmkq7lvbHjgYzlj6/og73jgafjgZnjgII8YnI+PGJyPuKWoOOCquOCpOODq+ODleODquODpeODvOODiembsuWPsDxicj7nspjmgKfjga7jgYLjgovnibnmrorjgarjgrDjg6rjgrnjgavjgojjgorjgIHli5XnlLvmkq7lvbHjgavjga/mrKDjgYvjgZvjgarjgYTjgIzlrprpgJ/jgafmu5HjgonjgYvjgarjgI3pm7Llj7Djga7li5XjgY3jgpLlrp/nj77jgILmp5jjgIXjgarmmKDlg4/ooajnj77jgavlr77lv5zjgZfjgb7jgZnjgII8YnI+4oC75rK55Zyn5byP44Gn44Gv44GC44KK44G+44Gb44KT44CCPGJyPjxicj7ilqDjg5Hjg7Pjg7vjg4bjgqPjg6vjg4jlkIzou7jmqZ/mp4s8YnI+44OR44Oz44K544OI44OD44OR44O844Go44OG44Kj44Or44OI44K544OI44OD44OR44O844KS5YG06Z2i5ZCM6Lu444Gr6YWN572u44CC54mH5omL44Gn5rC05bmz44O75LiK5LiL44Gu77yS5pa55ZCR44Gu5Yi25b6h44GM44GX44KE44GZ44GP44CB5b+r6YGp44Gr5pKu5b2x44Gn44GN44G+44GZ44CCPGJyPjxicj7ilqDjg5Pjg4fjgqrjg5zjgrk8YnI+44OT44OH44Kq44Kr44Oh44Op44Gr5Y+W44KK5LuY44GR44Gf6Zqb44Gu44ON44K457ep44G/44Gr44KI44KL5Zue6Lui6Ziy5q2i44KE44CB5q2j44GX44GE5L2N572u44Gr5Y+W44KK5LuY44GR44KL44Gf44KB44Gu44CM44OT44OH44Kq44Oc44K544CN44KS6KOF5YKZ44GX44Gm44GE44G+44GZ44CC44OT44OH44Kq44Oc44K544Gv5oq844GV44KM44KL44Go44G444GT44G/44G+44GZ44Gu44Gn44CB44Oc44K556m044Gu54Sh44GE5qmf5p2Q44Gr44KC5Y+W44KK5LuY44GR5Y+v6IO944Gn44GZ44CCPGJyPjxicj7ilqDmsLTmupblmag8YnI+5LiJ6ISa44Gu5rC05bmz44KS44GX44Gj44GL44KK56K66KqN44Gn44GN44KL44CB6KaW6KqN5oCn44Gu6Imv44GE5Li45Z6L5rC05rqW5Zmo44KS5qiZ5rqW6KOF5YKZ44GX44Gm44GE44G+44GZ44CC44G+44Gj44GZ44GQ44Gn5a6J5a6a44GX44Gf5qeL5Zuz44Gu5pig5YOP44KS5L2c44KK6L6844KA44GT44Go44GM44Gn44GN44G+44GZ44CCPGJyPjxicj7ilqDoo5zlvLfjgrnjg4bjg7zjgafpq5jjgYTliZvmgKc8YnI+6KOc5by344K544OG44O844Gr44KI44KK6ZaL6ISa5pmC44Gu5Ymb5oCn44GM6auY44GP44CB56K65a6f44Gq5a6J5a6a5oSf44GM5b6X44KJ44KM44G+44GZ44CC44G+44Gf77yT5pys44Gu6ISa44GM5ZCM5pmC44Gr6ZaL44GP44Gu44Gn44K744OD44OG44Kj44Oz44Kw44GM6YCf44GP44CB44GE44Gk44Gn44KC5rCX6Lu944Gr5L2/44GI44G+44GZ44CCPGJyPjxicj7ilqDjgq/jgqTjg4Pjgq/jg6zjg5Djg7zjg63jg4Pjgq88YnI+6ISa44Gu5Ly457iu5pON5L2c44Gv44CB44Os44OQ44O844Gr44KI44KK44Ov44Oz44K/44OD44OB44Gn57Sg5pep44GP57Ch5Y2Y44Gr44GK44GT44Gq44GI44G+44GZ44CC44Ot44OD44Kv54q25oWL44GM5LiA55uu44Gn44KP44GL44KL44Gu44Gn44CB5LiJ6ISa44Gr5LiN5oWj44KM44Gq5pa544Gn44KC5a6J5b+D44GX44Gm5L2/44GI44G+44GZ44CCPGJyPjxicj48L2ZvbnQ+PC90ZD48L3RyPjwvdGFibGU+PHRhYmxlIGNlbGxzcGFjaW5nPSIwIiBjZWxscGFkZGluZz0iNCIgYm9yZGVyPSIxIiB3aWR0aD0iNzEwIiBib3JkZXJjb2xvcj0iI2NjY2NjYyI+PHRyPjx0ZCB3aWR0aD0iMTgwIiBiZ2NvbG9yPSIjZWZlZmVmIj48Zm9udCBzaXplPSIyIj7mrrXmlbA8L2ZvbnQ+PC90ZD48dGQgd2lkdGg9IjUzMCI+PGZvbnQgc2l6ZT0iMiI+NOautTwvZm9udD48L3RkPjwvdHI+PHRyPjx0ZCB3aWR0aD0iMTgwIiBiZ2NvbG9yPSIjZWZlZmVmIj48Zm9udCBzaXplPSIyIj7kvLjplbfvvIjlhajpq5jvvIk8L2ZvbnQ+PC90ZD48dGQgd2lkdGg9IjUzMCI+PGZvbnQgc2l6ZT0iMiI+MTMyOG1tPC9mb250PjwvdGQ+PC90cj48dHI+PHRkIHdpZHRoPSIxODAiIGJnY29sb3I9IiNlZmVmZWYiPjxmb250IHNpemU9IjIiPuacgOS9jumrmDwvZm9udD48L3RkPjx0ZCB3aWR0aD0iNTMwIj48Zm9udCBzaXplPSIyIj40ODBtbTwvZm9udD48L3RkPjwvdHI+PHRyPjx0ZCB3aWR0aD0iMTgwIiBiZ2NvbG9yPSIjZWZlZmVmIj48Zm9udCBzaXplPSIyIj7nuK7plbc8L2ZvbnQ+PC90ZD48dGQgd2lkdGg9IjUzMCI+PGZvbnQgc2l6ZT0iMiI+NTE3bW08L2ZvbnQ+PC90ZD48L3RyPjx0cj48dGQgd2lkdGg9IjE4MCIgYmdjb2xvcj0iI2VmZWZlZiI+PGZvbnQgc2l6ZT0iMiI+6ISa5b2i44O76ISa5b6E77yIz4Ztbe+8iTwvZm9udD48L3RkPjx0ZCB3aWR0aD0iNTMwIj48Zm9udCBzaXplPSIyIj4yM21tPC9mb250PjwvdGQ+PC90cj48dHI+PHRkIHdpZHRoPSIxODAiIGJnY29sb3I9IiNlZmVmZWYiPjxmb250IHNpemU9IjIiPuacrOS9k+mHjemHjzwvZm9udD48L3RkPjx0ZCB3aWR0aD0iNTMwIj48Zm9udCBzaXplPSIyIj4xNjAwZzwvZm9udD48L3RkPjwvdHI+PHRyPjx0ZCB3aWR0aD0iMTgwIiBiZ2NvbG9yPSIjZWZlZmVmIj48Zm9udCBzaXplPSIyIj7mnIDlpKfojbfph408L2ZvbnQ+PC90ZD48dGQgd2lkdGg9IjUzMCI+PGZvbnQgc2l6ZT0iMiI+MmtnPC9mb250PjwvdGQ+PC90cj48dHI+PHRkIHdpZHRoPSIxODAiIGJnY29sb3I9IiNlZmVmZWYiPjxmb250IHNpemU9IjIiPuS7mOWxnuWTgTwvZm9udD48L3RkPjx0ZCB3aWR0aD0iNTMwIj48Zm9udCBzaXplPSIyIj7lsILnlKjjgrHjg7zjgrk8L2ZvbnQ+PC90ZD48L3RyPjwvdGFibGU+PCEtLQo8ZGl2IHN0eWxlPSJ3aWR0aDo3MTBweDsgaGVpZ2h0OjE4MHB4OyAgbWFyZ2luOjA7IG92ZXJmbG93OmhpZGRlbjsiPgoKPC9kaXY+Ci0tPgoKPGRpdiBzdHlsZT0id2lkdGg6IDcwMHB4OyBtYXJnaW46IDVweDsiPgo8aW1nIHNyYz0iaHR0cDovL3d3dy5yYWt1dGVuLm5lLmpwL2dvbGQvZHRjL2ZyYW1lL2ltYWdlcy9zeW91aGluc2V0dW1laTUuZ2lmIiB3aWR0aD0iNzAwIiBoZWlnaHQ9IjMwIj4KPC9kaXY+Cgo8ZGl2IHN0eWxlPSJ3aWR0aDo3MTBweDsgaGVpZ2h0OjEwMHB4OyBtYXJnaW46MCA1cHg7IG92ZXJmbG93OmhpZGRlbjsiPgoKPC9kaXY+Cgo8IS0tCjxkaXYgc3R5bGU9IndpZHRoOiA3MDBweDsgbWFyZ2luOiAwIDVweDsiPgo8aW1nIHNyYz0iaHR0cDovL3d3dy5yYWt1dGVuLm5lLmpwL2dvbGQvZHRjL2ZyYW1lL2ltYWdlcy9zeW91aGluc2V0dW1laTIuZ2lmIiB3aWR0aD0iNzAwIiBoZWlnaHQ9IjMwIj4KPC9kaXY+CjxkaXYgc3R5bGU9IndpZHRoOjcxMHB4OyBoZWlnaHQ6MzAwcHg7ICBtYXJnaW46MCAwIDIwcHg7IG92ZXJmbG93OmhpZGRlbjsiPgoKPC9kaXY+Ci0tPg==,44CQ6YCB5paZ54Sh5paZ44CR44OZ44Or44Oc44OzKFZlbGJvbikg5LiJ6ISaNOautSBFWC01NDfjg5Pjg4fjgqogTu+8muOCveODleODnuODg+ODl+alveWkqeW4guWgtOW6lw==,44K944OV44Oe44OD44OXU29mbWFw44OR44K944Kz44Oz44K/44OW44Os44OD44OIUENIRETjgqLjgrvjg7Pjg5bjg6rjg5Hjg7zjg4Tjg5Hjgr3jgrPjg7Pjg5Hjg7zjg4Tjg4bjg6zjg5PjgrLjg7zjg6Djg5bjg6vjg7zjg6zjgqTjgr3jg5Xjg4hEVkTjgr3jg5Xjg4jmtrLmmbbjg4bjg6zjg5Pjg5bjg6vjg7zjg6zjgqTjg4fjgqPjgrnjgq/jg6zjgrPjg7zjg4Djg7zjg4fjgrjjgr/jg6vkuIDnnLzjg6zjg5Xjgqvjg6Hjg6njg4fjgrjjgr/jg6vjgqvjg6Hjg6nlrrbpm7vmmYLoqIjkuK3lj6TjgqLjgqbjg4jjg6zjg4Pjg4hpUGFkaVBob25l44CQ6YCB5paZ54Sh5paZ44CR44OZ44Or44Oc44OzKFZlbGJvbikg5LiJ6ISaNOautSBFWC01NDfjg5Pjg4fjgqogTg==,44CA44CC44CQ6YCB5paZ54Sh5paZ44CR44OZ44Or44Oc44OzKFZlbGJvbikg5LiJ6ISaNOautSBFWC01NDfjg5Pjg4fjgqogTg==[rn]
5-81292,aHR0cDovL3RzaG9wLnIxMHMuanAvZHRjL2NhYmluZXQvMjAxNzAxMjduMS80NTcxMzc1NDkxODkzLmpwZz9maXRpbj03MDA6NzAw,NDgwMC4wMDAw,,VFbjg7vjgqrjg7zjg4fjgqPjgqrjg7vjgqvjg6Hjg6kgPiDjgqLjgq/jgrvjgrXjg6rjg7zjg7vpg6jlk4EgPiDjgqvjg6Hjg6njg7vjg5Pjg4fjgqrjgqvjg6Hjg6njg7vlhYnlrabmqZ/lmajnlKjjgqLjgq/jgrvjgrXjg6rjg7wgPiDkuInohJo=,U0lSVUko44K344Or44KkKeOAkDLmrrXkuInohJrjgJHjg4bjg7zjg5bjg6vkuInohJogM1QtMzVLICjjg5bjg6njg4Pjgq8p44CAM1QzNUs=,44CA,PHRhYmxlIGJvcmRlcj0iMCIgY2VsbHBhZGRpbmc9IjAiIGNlbGxzcGFjaW5nPSIwIiB3aWR0aD0iNzEwIiBzdHlsZT0ibGluZS1oZWlnaHQ6MTQwJTsiPjx0cj48dGQ+PGZvbnQgc2l6ZT0iMiI+4pag5pC65biv44Gr5L6/5Yip44Gq44OG44O844OW44Or5LiJ6ISa44Gv5pyA5YWo6auYMzQwbW08YnI+PGJyPuKWoOOCu+ODs+OCv+ODvOODneODvOODq+OCkuWkluOBm+OBsOmrmOOBlTUxbW3jgafkvb/nlKjjgafjgY3jgb7jgZnjgII8YnI+PGJyPjxicj48L2ZvbnQ+PC90ZD48L3RyPjwvdGFibGU+PCEtLQo8ZGl2IHN0eWxlPSJ3aWR0aDo3MTBweDsgaGVpZ2h0OjE4MHB4OyAgbWFyZ2luOjA7IG92ZXJmbG93OmhpZGRlbjsiPgoKPC9kaXY+Ci0tPgoKPGRpdiBzdHlsZT0id2lkdGg6IDcwMHB4OyBtYXJnaW46IDVweDsiPgo8aW1nIHNyYz0iaHR0cDovL3d3dy5yYWt1dGVuLm5lLmpwL2dvbGQvZHRjL2ZyYW1lL2ltYWdlcy9zeW91aGluc2V0dW1laTUuZ2lmIiB3aWR0aD0iNzAwIiBoZWlnaHQ9IjMwIj4KPC9kaXY+Cgo8ZGl2IHN0eWxlPSJ3aWR0aDo3MTBweDsgaGVpZ2h0OjEwMHB4OyBtYXJnaW46MCA1cHg7IG92ZXJmbG93OmhpZGRlbjsiPgoKPC9kaXY+Cgo8IS0tCjxkaXYgc3R5bGU9IndpZHRoOiA3MDBweDsgbWFyZ2luOiAwIDVweDsiPgo8aW1nIHNyYz0iaHR0cDovL3d3dy5yYWt1dGVuLm5lLmpwL2dvbGQvZHRjL2ZyYW1lL2ltYWdlcy9zeW91aGluc2V0dW1laTIuZ2lmIiB3aWR0aD0iNzAwIiBoZWlnaHQ9IjMwIj4KPC9kaXY+CjxkaXYgc3R5bGU9IndpZHRoOjcxMHB4OyBoZWlnaHQ6MzAwcHg7ICBtYXJnaW46MCAwIDIwcHg7IG92ZXJmbG93OmhpZGRlbjsiPgoKPC9kaXY+Ci0tPg==,U0lSVUko44K344Or44KkKeOAkDLmrrXkuInohJrjgJHjg4bjg7zjg5bjg6vkuInohJogM1QtMzVLICjjg5bjg6njg4Pjgq8p44CAM1QzNUvvvJrjgr3jg5Xjg57jg4Pjg5fmpb3lpKnluILloLTlupc=,44K944OV44Oe44OD44OXU29mbWFw44OR44K944Kz44Oz44K/44OW44Os44OD44OIUENIRETjgqLjgrvjg7Pjg5bjg6rjg5Hjg7zjg4Tjg5Hjgr3jgrPjg7Pjg5Hjg7zjg4Tjg4bjg6zjg5PjgrLjg7zjg6Djg5bjg6vjg7zjg6zjgqTjgr3jg5Xjg4hEVkTjgr3jg5Xjg4jmtrLmmbbjg4bjg6zjg5Pjg5bjg6vjg7zjg6zjgqTjg4fjgqPjgrnjgq/jg6zjgrPjg7zjg4Djg7zjg4fjgrjjgr/jg6vkuIDnnLzjg6zjg5Xjgqvjg6Hjg6njg4fjgrjjgr/jg6vjgqvjg6Hjg6nlrrbpm7vmmYLoqIjkuK3lj6TjgqLjgqbjg4jjg6zjg4Pjg4hpUGFkaVBob25lU0lSVUko44K344Or44KkKeOAkDLmrrXkuInohJrjgJHjg4bjg7zjg5bjg6vkuInohJogM1QtMzVLICjjg5bjg6njg4Pjgq8p44CAM1QzNUs=,44CA44CCU0lSVUko44K344Or44KkKeOAkDLmrrXkuInohJrjgJHjg4bjg7zjg5bjg6vkuInohJogM1QtMzVLICjjg5bjg6njg4Pjgq8p44CAM1QzNUs=[rn]
5-81293,aHR0cDovL3RzaG9wLnIxMHMuanAvZHRjL2NhYmluZXQvMjAxNzAyMDduOC80OTA3OTkwMzAyMDgzLmpwZz9maXRpbj03MDA6NzAw,MjM4NC4wMDAw,,VFbjg7vjgqrjg7zjg4fjgqPjgqrjg7vjgqvjg6Hjg6kgPiDjgqLjgq/jgrvjgrXjg6rjg7zjg7vpg6jlk4EgPiDjgqvjg6Hjg6njg7vjg5Pjg4fjgqrjgqvjg6Hjg6njg7vlhYnlrabmqZ/lmajnlKjjgqLjgq/jgrvjgrXjg6rjg7wgPiDkuInohJo=,44OZ44Or44Oc44OzQkszMzAw44CQM+auteS4ieiEmuOAkeOAkOODk+ODg+OCr+OCq+ODoeODqeOCsOODq+ODvOODl+OCquODquOCuOODiuODq+OAkQ==,44CA,PHRhYmxlIGJvcmRlcj0iMCIgY2VsbHBhZGRpbmc9IjAiIGNlbGxzcGFjaW5nPSIwIiB3aWR0aD0iNzEwIiBzdHlsZT0ibGluZS1oZWlnaHQ6MTQwJTsiPjx0cj48dGQ+PGZvbnQgc2l6ZT0iMiI+4pag44K544Oq44Og44GL44Gk44Kz44Oz44OR44Kv44OI44Gn5oyB44Gh6YGL44Gz44Gr5L6/5Yip44GqM+auteS4ieiEmuOBp+OBmeOAgjxicj48YnI+4pag6auY44GE5pON5L2c5oCn44Gn5Lq65rCX44GuM1dheembsuWPsOOCkuaOoeeUqOOBl+OBpuOBhOOBvuOBmeOAgjxicj48YnI+4pag44Kr44Oh44Op44Gu5Y+W44KK5LuY44GR44CB5Y+W44KK5aSW44GX44GM57Ch5Y2Y44Gq44Kv44Kk44OD44Kv44K344Ol44O844KS6KOF5YKZ44GX44Gm44GE44G+44GZ44CCPGJyPjxicj48L2ZvbnQ+PC90ZD48L3RyPjwvdGFibGU+PHRhYmxlIGNlbGxzcGFjaW5nPSIwIiBjZWxscGFkZGluZz0iNCIgYm9yZGVyPSIxIiB3aWR0aD0iNzEwIiBib3JkZXJjb2xvcj0iI2NjY2NjYyI+PHRyPjx0ZCB3aWR0aD0iMTgwIiBiZ2NvbG9yPSIjZWZlZmVmIj48Zm9udCBzaXplPSIyIj7mrrXmlbA8L2ZvbnQ+PC90ZD48dGQgd2lkdGg9IjUzMCI+PGZvbnQgc2l6ZT0iMiI+M+autTwvZm9udD48L3RkPjwvdHI+PHRyPjx0ZCB3aWR0aD0iMTgwIiBiZ2NvbG9yPSIjZWZlZmVmIj48Zm9udCBzaXplPSIyIj7kvLjplbfvvIjlhajpq5jvvIk8L2ZvbnQ+PC90ZD48dGQgd2lkdGg9IjUzMCI+PGZvbnQgc2l6ZT0iMiI+MTQ2MG1tKO+8pe+8tuWQqynjgIAxMTUwbW0o77yl77y254ShKTwvZm9udD48L3RkPjwvdHI+PHRyPjx0ZCB3aWR0aD0iMTgwIiBiZ2NvbG9yPSIjZWZlZmVmIj48Zm9udCBzaXplPSIyIj7nuK7plbc8L2ZvbnQ+PC90ZD48dGQgd2lkdGg9IjUzMCI+PGZvbnQgc2l6ZT0iMiI+NTA2bW08L2ZvbnQ+PC90ZD48L3RyPjx0cj48dGQgd2lkdGg9IjE4MCIgYmdjb2xvcj0iI2VmZWZlZiI+PGZvbnQgc2l6ZT0iMiI+6ISa5b2i44O76ISa5b6E77yIz4Ztbe+8iTwvZm9udD48L3RkPjx0ZCB3aWR0aD0iNTMwIj48Zm9udCBzaXplPSIyIj4xN21tPC9mb250PjwvdGQ+PC90cj48dHI+PHRkIHdpZHRoPSIxODAiIGJnY29sb3I9IiNlZmVmZWYiPjxmb250IHNpemU9IjIiPuacrOS9k+mHjemHjzwvZm9udD48L3RkPjx0ZCB3aWR0aD0iNTMwIj48Zm9udCBzaXplPSIyIj44NjVnPC9mb250PjwvdGQ+PC90cj48dHI+PHRkIHdpZHRoPSIxODAiIGJnY29sb3I9IiNlZmVmZWYiPjxmb250IHNpemU9IjIiPuacgOWkp+iNt+mHjTwvZm9udD48L3RkPjx0ZCB3aWR0aD0iNTMwIj48Zm9udCBzaXplPSIyIj4xa2c8L2ZvbnQ+PC90ZD48L3RyPjx0cj48dGQgd2lkdGg9IjE4MCIgYmdjb2xvcj0iI2VmZWZlZiI+PGZvbnQgc2l6ZT0iMiI+5p2Q6LOqPC9mb250PjwvdGQ+PHRkIHdpZHRoPSI1MzAiPjxmb250IHNpemU9IjIiPuOCouODq+ODnzwvZm9udD48L3RkPjwvdHI+PHRyPjx0ZCB3aWR0aD0iMTgwIiBiZ2NvbG9yPSIjZWZlZmVmIj48Zm9udCBzaXplPSIyIj7ku5jlsZ7lk4E8L2ZvbnQ+PC90ZD48dGQgd2lkdGg9IjUzMCI+PGZvbnQgc2l6ZT0iMiI+44Kv44Kk44OD44Kv44K344Ol44O877yaUUItMzI8L2ZvbnQ+PC90ZD48L3RyPjwvdGFibGU+PCEtLQo8ZGl2IHN0eWxlPSJ3aWR0aDo3MTBweDsgaGVpZ2h0OjE4MHB4OyAgbWFyZ2luOjA7IG92ZXJmbG93OmhpZGRlbjsiPgoKPC9kaXY+Ci0tPgoKPGRpdiBzdHlsZT0id2lkdGg6IDcwMHB4OyBtYXJnaW46IDVweDsiPgo8aW1nIHNyYz0iaHR0cDovL3d3dy5yYWt1dGVuLm5lLmpwL2dvbGQvZHRjL2ZyYW1lL2ltYWdlcy9zeW91aGluc2V0dW1laTUuZ2lmIiB3aWR0aD0iNzAwIiBoZWlnaHQ9IjMwIj4KPC9kaXY+Cgo8ZGl2IHN0eWxlPSJ3aWR0aDo3MTBweDsgaGVpZ2h0OjEwMHB4OyBtYXJnaW46MCA1cHg7IG92ZXJmbG93OmhpZGRlbjsiPgoKPC9kaXY+Cgo8IS0tCjxkaXYgc3R5bGU9IndpZHRoOiA3MDBweDsgbWFyZ2luOiAwIDVweDsiPgo8aW1nIHNyYz0iaHR0cDovL3d3dy5yYWt1dGVuLm5lLmpwL2dvbGQvZHRjL2ZyYW1lL2ltYWdlcy9zeW91aGluc2V0dW1laTIuZ2lmIiB3aWR0aD0iNzAwIiBoZWlnaHQ9IjMwIj4KPC9kaXY+CjxkaXYgc3R5bGU9IndpZHRoOjcxMHB4OyBoZWlnaHQ6MzAwcHg7ICBtYXJnaW46MCAwIDIwcHg7IG92ZXJmbG93OmhpZGRlbjsiPgoKPC9kaXY+Ci0tPg==,44OZ44Or44Oc44OzQkszMzAw44CQM+auteS4ieiEmuOAkeOAkOODk+ODg+OCr+OCq+ODoeODqeOCsOODq+ODvOODl+OCquODquOCuOODiuODq+OAke+8muOCveODleODnuODg+ODl+alveWkqeW4guWgtOW6lw==,44K944OV44Oe44OD44OXU29mbWFw44OR44K944Kz44Oz44K/44OW44Os44OD44OIUENIRETjgqLjgrvjg7Pjg5bjg6rjg5Hjg7zjg4Tjg5Hjgr3jgrPjg7Pjg5Hjg7zjg4Tjg4bjg6zjg5PjgrLjg7zjg6Djg5bjg6vjg7zjg6zjgqTjgr3jg5Xjg4hEVkTjgr3jg5Xjg4jmtrLmmbbjg4bjg6zjg5Pjg5bjg6vjg7zjg6zjgqTjg4fjgqPjgrnjgq/jg6zjgrPjg7zjg4Djg7zjg4fjgrjjgr/jg6vkuIDnnLzjg6zjg5Xjgqvjg6Hjg6njg4fjgrjjgr/jg6vjgqvjg6Hjg6nlrrbpm7vmmYLoqIjkuK3lj6TjgqLjgqbjg4jjg6zjg4Pjg4hpUGFkaVBob25l44OZ44Or44Oc44OzQkszMzAw44CQM+auteS4ieiEmuOAkeOAkOODk+ODg+OCr+OCq+ODoeODqeOCsOODq+ODvOODl+OCquODquOCuOODiuODq+OAkQ==,44CA44CC44OZ44Or44Oc44OzQkszMzAw44CQM+auteS4ieiEmuOAkeOAkOODk+ODg+OCr+OCq+ODoeODqeOCsOODq+ODvOODl+OCquODquOCuOODiuODq+OAkQ==[rn]
5-81294,aHR0cDovL3RzaG9wLnIxMHMuanAvZHRjL2NhYmluZXQvMDA1MzkwMzkvNDU4MjI2NjI3NTgzNi5qcGc/Zml0aW49NzAwOjcwMA==,MTI0NDAuMDAwMA==,,VFbjg7vjgqrjg7zjg4fjgqPjgqrjg7vjgqvjg6Hjg6kgPiDjgqLjgq/jgrvjgrXjg6rjg7zjg7vpg6jlk4EgPiDjgqvjg6Hjg6njg7vjg5Pjg4fjgqrjgqvjg6Hjg6njg7vlhYnlrabmqZ/lmajnlKjjgqLjgq/jgrvjgrXjg6rjg7wgPiDkuInohJo=,44CQ6YCB5paZ54Sh5paZ44CRQkVOUk8o44OZ44Oz44OtKSDjgqLjg6vjg5/jg5fjg60g44OK44OD44OI44Ot44OD44Kv5LiJ6ISaM+autSBBMjU3MFQ=,44CA,PHRhYmxlIGJvcmRlcj0iMCIgY2VsbHBhZGRpbmc9IjAiIGNlbGxzcGFjaW5nPSIwIiB3aWR0aD0iNzEwIiBzdHlsZT0ibGluZS1oZWlnaHQ6MTQwJTsiPjx0cj48dGQ+PGZvbnQgc2l6ZT0iMiI+44Ot44OD44Kv44OK44OD44OI44Gu5YaF5YG044Gr5rC05YiG44KE56CC5Z+D44GM5YWl44KJ44Gq44GE5pyA5paw44Gu6Ziy5rC044O76Ziy5aG16Kit6KiI44Gu5o6h55So44Gn44CB5pKu5b2x5aC05omA44KS6YG444Gz44G+44Gb44KT44CCPGJyPuiEmumDqOOBruODreODg+OCr+ODiuODg+ODiOOBr+OAgeODiuODg+ODiOWkluWBtOOBruaIkOWei+ODqeODkOODvOOCkuODkeOCpOODl+mDqOWIhuOBq+WvhuedgOOBleOBm+OCi+OBk+OBqOOBp+ODreODg+OCr+ODiuODg+ODiOOBrjxicj7lhoXlgbTjgavmsLTliIbjgoTnoILln4PjgYzlhaXjgonjgarjgYTmnIDmlrDjga7pmLLmsLTjg7vpmLLlobXoqK3oqIjjga7mjqHnlKjjgafjgIHmkq7lvbHloLTmiYDjgpLpgbjjgbPjgb7jgZvjgpPjgII8YnI+44Ot44OD44Kv44KS6Kej6Zmk44GZ44KL44Go6ISa44Gu6Ieq6YeN44Gn44K544Og44O844K644Gr5Ly457iu44GZ44KL44Gu44Gn44CB44KP44Ga44GL5Y2B5pWw56eS44Gn57WE44G/56uL44Gm44O75Y+O57SN44GM44Gn44GN44G+44GZ44CCPGJyPjxicj5CRU5ST+OBruOCouODq+ODn+ODl+ODreS4ieiEmuOBr+OAgeODkeOCpOODl+OCkuOBmeOBueOBpumrmOW8t+W6puadkOOBp+ijveS9nOOBleOCjOOAgeiEmuODkeOCpOODl+OBruW8t+W6puOBqOW8vuaAp+OCkuaxguOCgeOCi+OBn+OCgeOBqzxicj7ooajpnaLjgpLjgqLjg6vjg57jgqTjg4jlh6bnkIbjgajpq5jluqbpmLLohZDnhLzku5jjga4y5bGk5Yem55CG44KS5pa944GX44Gm44GE44G+44GZ44CC44GV44KJ44Gr6ICQ6KGd5pKD44O76ICQ6IWQ6aOf44GrPGJyPuWEquOCjOOBpuOBhOOCi+OBruOBp+OAgeS4ieiEmuOBruS9v+eUqOWvv+WRveOBjOmjm+i6jeeahOOBq+WQkeS4iuOBl+OBvuOBl+OBn+OAguacrOS9k+mDqOWIhuOBr+ODnuOCsOODjeOCt+OCpuODoOWQiOmHkeOCkuaOoeeUqOOBl+OAgTxicj7ohJrjg5HjgqTjg5fjgajlkIzmp5gy5bGk6KGo6Z2i5Yem55CG44KS5pa944GX44Gm44GE44G+44GZ44CCPGJyPjxicj7il4/mnKzkvZPjgavmsLTmupblmajjgpLoo4Xlgpk8YnI+6ISaM+acrOOBqOOCu+ODs+OCv+ODvOODneODvOODq+OCkuOBpOOBquOBkOacrOS9k+mDqOWIhuOBq+OBr+awtOa6luWZqOOCkuijheWCmeOAgjxicj7poqjmma/mkq7lvbHjgpLjgrXjg53jg7zjg4jjgZfkvr/liKnjgafjgZnjgII8YnI+IDxicj7il4/lhYXlrp/jga7ku5jlsZ7lk4E8YnI+44GG44KM44GX44GE44Oh44Oz44OG44OK44Oz44K55bel5YW35LuY44GN44CB44K744Oz44K/44O844Od44O844Or6YOo44Gu44OX44Os44O844OI44KS5Y+W44KK5aSW44GX44Gm5aSn44ON44K444O75bCP44ON44K444KS5YWl44KM5pu/44GI44KLPGJyPumam+OBq+W/heimgeOBquODrOODs+ODgeOChOWFreinkuODrOODs+ODgeOAgeOCueODkeOCpOOCr+efs+eqge+8iEMwNTgwVOOAgUEwNTgwVOOCkumZpOOBj++8ieOBjOS7mOWxnuOAguOBl+OBo+OBi+OCiuOBqOOBl+OBn+ODkeODg+ODiTxicj7lhaXjgorkuInohJrjgrHjg7zjgrnjgoLjgaTjgYTjgabjgYTjgovjga7jgafjgIHmjIHjgaHpgYvjgbPjgoLlv6vpganjgafjgZnjgII8YnI+PGJyPuKXj+ODreODvOOCouODs+OCsOODq+OCouODgOODl+OCv+ODvOOBq+WvvuW/nDxicj7liKXlo7Ljgorjga7jg63jg7zjgqLjg7PjgrDjg6vjgqLjg4Djg5fjgr/jg7zjga7kvbXnlKjjgafjgIHjgojjgorkvY7jgYTjgqLjg7PjgrDjg6vjgafjga7mkq7lvbHjgYzlrp/nj77jgafjgY3jgb7jgZnjgILoirHjgoTmpI3nianjga48YnI+5pKu5b2x44Gr5pyA6YGp44Gn44GZ44CC77yIQkVOUk/jgqLjgq/jgrvjgrXjg6rvvI/jg63jg7zjgqLjg7PjgrDjg6vjgqLjg4Djg5fjgr/jg7xDU0MvQVND44K344Oq44O844K677yJPGJyPjxicj7mrrXmlbAgMzxicj7mnIDlpKfjg5HjgqTjg5flvoTvvIhtbe+8iSDPhjI4LjA8YnI+5pyA5bCP44OR44Kk44OX5b6E77yIbW3vvIkgz4YyMC4wPGJyPuWFqOS8uOmVt++8iG1t77yJIDE2NjA8YnI+5Ly46ZW377yIbW3vvIkgMTQ0MDxicj7mnIDkvY7pq5jvvIhtbe+8iSAzMjU8YnI+5Y+O57SN6auY77yIbW3vvIkgNjQwPGJyPumHjemHj++8iGtn77yJIDEuODY8YnI+6ICQ6I236YeN6YeN6YeP77yIa2fvvIkgMTI8YnI+PGJyPjwvZm9udD48L3RkPjwvdHI+PC90YWJsZT48IS0tCjxkaXYgc3R5bGU9IndpZHRoOjcxMHB4OyBoZWlnaHQ6MTgwcHg7ICBtYXJnaW46MDsgb3ZlcmZsb3c6aGlkZGVuOyI+Cgo8L2Rpdj4KLS0+Cgo8ZGl2IHN0eWxlPSJ3aWR0aDogNzAwcHg7IG1hcmdpbjogNXB4OyI+CjxpbWcgc3JjPSJodHRwOi8vd3d3LnJha3V0ZW4ubmUuanAvZ29sZC9kdGMvZnJhbWUvaW1hZ2VzL3N5b3VoaW5zZXR1bWVpNS5naWYiIHdpZHRoPSI3MDAiIGhlaWdodD0iMzAiPgo8L2Rpdj4KCjxkaXYgc3R5bGU9IndpZHRoOjcxMHB4OyBoZWlnaHQ6MTAwcHg7IG1hcmdpbjowIDVweDsgb3ZlcmZsb3c6aGlkZGVuOyI+Cgo8L2Rpdj4KCjwhLS0KPGRpdiBzdHlsZT0id2lkdGg6IDcwMHB4OyBtYXJnaW46IDAgNXB4OyI+CjxpbWcgc3JjPSJodHRwOi8vd3d3LnJha3V0ZW4ubmUuanAvZ29sZC9kdGMvZnJhbWUvaW1hZ2VzL3N5b3VoaW5zZXR1bWVpMi5naWYiIHdpZHRoPSI3MDAiIGhlaWdodD0iMzAiPgo8L2Rpdj4KPGRpdiBzdHlsZT0id2lkdGg6NzEwcHg7IGhlaWdodDozMDBweDsgIG1hcmdpbjowIDAgMjBweDsgb3ZlcmZsb3c6aGlkZGVuOyI+Cgo8L2Rpdj4KLS0+,44CQ6YCB5paZ54Sh5paZ44CRQkVOUk8o44OZ44Oz44OtKSDjgqLjg6vjg5/jg5fjg60g44OK44OD44OI44Ot44OD44Kv5LiJ6ISaM+autSBBMjU3MFTvvJrjgr3jg5Xjg57jg4Pjg5fmpb3lpKnluILloLTlupc=,44K944OV44Oe44OD44OXU29mbWFw44OR44K944Kz44Oz44K/44OW44Os44OD44OIUENIRETjgqLjgrvjg7Pjg5bjg6rjg5Hjg7zjg4Tjg5Hjgr3jgrPjg7Pjg5Hjg7zjg4Tjg4bjg6zjg5PjgrLjg7zjg6Djg5bjg6vjg7zjg6zjgqTjgr3jg5Xjg4hEVkTjgr3jg5Xjg4jmtrLmmbbjg4bjg6zjg5Pjg5bjg6vjg7zjg6zjgqTjg4fjgqPjgrnjgq/jg6zjgrPjg7zjg4Djg7zjg4fjgrjjgr/jg6vkuIDnnLzjg6zjg5Xjgqvjg6Hjg6njg4fjgrjjgr/jg6vjgqvjg6Hjg6nlrrbpm7vmmYLoqIjkuK3lj6TjgqLjgqbjg4jjg6zjg4Pjg4hpUGFkaVBob25l44CQ6YCB5paZ54Sh5paZ44CRQkVOUk8o44OZ44Oz44OtKSDjgqLjg6vjg5/jg5fjg60g44OK44OD44OI44Ot44OD44Kv5LiJ6ISaM+autSBBMjU3MFQ=,44CA44CC44CQ6YCB5paZ54Sh5paZ44CRQkVOUk8o44OZ44Oz44OtKSDjgqLjg6vjg5/jg5fjg60g44OK44OD44OI44Ot44OD44Kv5LiJ6ISaM+autSBBMjU3MFQ=[rn]
5-81295,aHR0cDovL3RzaG9wLnIxMHMuanAvZHRjL2NhYmluZXQvMDA5ODM0NjkvODAyNDIyMTU3NDAzNi5qcGc/Zml0aW49NzAwOjcwMA==,NjM3Ni44MDAw,,VFbjg7vjgqrjg7zjg4fjgqPjgqrjg7vjgqvjg6Hjg6kgPiDjgqLjgq/jgrvjgrXjg6rjg7zjg7vpg6jlk4EgPiDjgqvjg6Hjg6njg7vjg5Pjg4fjgqrjgqvjg6Hjg6njg7vlhYnlrabmqZ/lmajnlKjjgqLjgq/jgrvjgrXjg6rjg7wgPiDkuInohJo=,44Oe44Oz44OV44Ot44OD44OI44Ki44Or44OfIOODn+ODi+OCs+ODs+ODkeOCr+ODiOOCueOCv+ODs+ODiUFDIErjgr/jgqTjg5cgMTA1MUpCQUM=,44CA,PGJyPjx0YWJsZSBib3JkZXI9IjAiIGNlbGxwYWRkaW5nPSIwIiBjZWxsc3BhY2luZz0iMCIgd2lkdGg9IjcxMCIgc3R5bGU9ImxpbmUtaGVpZ2h0OjE0MCU7Ij48dHI+PHRkPjxmb250IHNpemU9IjIiPuKWoDEwNTFKQkFD44Gv44CB6Lu96YeP5YyW44Go44Kz44Oz44OR44Kv44OI44Gq5Y+O57SN44KS5a6f54++44GX44Gf5paw6Kit6KiI44Gu44Op44Kk44OI44K544K/44Oz44OJ44Gn44GZ44CCIOKWoOacrOOCueOCv+ODs+ODieOBr+OAgeikh+aVsOOCueOCv+ODs+ODieOBrumAo+e1kOOBjOOBmeOBsOOChOOBj+OAgeOCs+ODs+ODkeOCr+ODiOOBq+WPjue0jeOBp+OBjeOCi+KAnOOCr+OCpOODg+OCr+OCueOCv+ODg+OCr+OCt+OCueODhuODoOKAneOCkuaOoeeUqOOBl+OBpuOBhOOBvuOBmeOAgjxicj48YnI+PC9mb250PjwvdGQ+PC90cj48L3RhYmxlPjwhLS0KPGRpdiBzdHlsZT0id2lkdGg6NzEwcHg7IGhlaWdodDoxODBweDsgIG1hcmdpbjowOyBvdmVyZmxvdzpoaWRkZW47Ij4KCjwvZGl2PgotLT4KCjxkaXYgc3R5bGU9IndpZHRoOiA3MDBweDsgbWFyZ2luOiA1cHg7Ij4KPGltZyBzcmM9Imh0dHA6Ly93d3cucmFrdXRlbi5uZS5qcC9nb2xkL2R0Yy9mcmFtZS9pbWFnZXMvc3lvdWhpbnNldHVtZWk1LmdpZiIgd2lkdGg9IjcwMCIgaGVpZ2h0PSIzMCI+CjwvZGl2PgoKPGRpdiBzdHlsZT0id2lkdGg6NzEwcHg7IGhlaWdodDoxMDBweDsgbWFyZ2luOjAgNXB4OyBvdmVyZmxvdzpoaWRkZW47Ij4KCjwvZGl2PgoKPCEtLQo8ZGl2IHN0eWxlPSJ3aWR0aDogNzAwcHg7IG1hcmdpbjogMCA1cHg7Ij4KPGltZyBzcmM9Imh0dHA6Ly93d3cucmFrdXRlbi5uZS5qcC9nb2xkL2R0Yy9mcmFtZS9pbWFnZXMvc3lvdWhpbnNldHVtZWkyLmdpZiIgd2lkdGg9IjcwMCIgaGVpZ2h0PSIzMCI+CjwvZGl2Pgo8ZGl2IHN0eWxlPSJ3aWR0aDo3MTBweDsgaGVpZ2h0OjMwMHB4OyAgbWFyZ2luOjAgMCAyMHB4OyBvdmVyZmxvdzpoaWRkZW47Ij4KCjwvZGl2PgotLT4=,44Oe44Oz44OV44Ot44OD44OI44Ki44Or44OfIOODn+ODi+OCs+ODs+ODkeOCr+ODiOOCueOCv+ODs+ODiUFDIErjgr/jgqTjg5cgMTA1MUpCQUPvvJrjgr3jg5Xjg57jg4Pjg5fmpb3lpKnluILloLTlupc=,44K944OV44Oe44OD44OXU29mbWFw44OR44K944Kz44Oz44K/44OW44Os44OD44OIUENIRETjgqLjgrvjg7Pjg5bjg6rjg5Hjg7zjg4Tjg5Hjgr3jgrPjg7Pjg5Hjg7zjg4Tjg4bjg6zjg5PjgrLjg7zjg6Djg5bjg6vjg7zjg6zjgqTjgr3jg5Xjg4hEVkTjgr3jg5Xjg4jmtrLmmbbjg4bjg6zjg5Pjg5bjg6vjg7zjg6zjgqTjg4fjgqPjgrnjgq/jg6zjgrPjg7zjg4Djg7zjg4fjgrjjgr/jg6vkuIDnnLzjg6zjg5Xjgqvjg6Hjg6njg4fjgrjjgr/jg6vjgqvjg6Hjg6nlrrbpm7vmmYLoqIjkuK3lj6TjgqLjgqbjg4jjg6zjg4Pjg4hpUGFkaVBob25l44Oe44Oz44OV44Ot44OD44OI44Ki44Or44OfIOODn+ODi+OCs+ODs+ODkeOCr+ODiOOCueOCv+ODs+ODiUFDIErjgr/jgqTjg5cgMTA1MUpCQUM=,44CA44CC44Oe44Oz44OV44Ot44OD44OI44Ki44Or44OfIOODn+ODi+OCs+ODs+ODkeOCr+ODiOOCueOCv+ODs+ODiUFDIErjgr/jgqTjg5cgMTA1MUpCQUM=[rn]
5-81296,aHR0cDovL3RzaG9wLnIxMHMuanAvZHRjL2NhYmluZXQvMjAxNzAyMDduOC80OTA3OTkwMzAyMDQ1LmpwZz9maXRpbj03MDA6NzAw,MzAwMC4wMDAw,,VFbjg7vjgqrjg7zjg4fjgqPjgqrjg7vjgqvjg6Hjg6kgPiDjgqLjgq/jgrvjgrXjg6rjg7zjg7vpg6jlk4EgPiDjgqvjg6Hjg6njg7vjg5Pjg4fjgqrjgqvjg6Hjg6njg7vlhYnlrabmqZ/lmajnlKjjgqLjgq/jgrvjgrXjg6rjg7wgPiDkuInohJo=,44OZ44Or44Oc44OzKFZlbGJvbikg5LiJ6ISaNOautSBFWC00NDAw,44CA,PHRhYmxlIGJvcmRlcj0iMCIgY2VsbHBhZGRpbmc9IjAiIGNlbGxzcGFjaW5nPSIwIiB3aWR0aD0iNzEwIiBzdHlsZT0ibGluZS1oZWlnaHQ6MTQwJTsiPjx0cj48dGQ+PGZvbnQgc2l6ZT0iMiI+MDxicj48YnI+PC9mb250PjwvdGQ+PC90cj48L3RhYmxlPjwhLS0KPGRpdiBzdHlsZT0id2lkdGg6NzEwcHg7IGhlaWdodDoxODBweDsgIG1hcmdpbjowOyBvdmVyZmxvdzpoaWRkZW47Ij4KCjwvZGl2PgotLT4KCjxkaXYgc3R5bGU9IndpZHRoOiA3MDBweDsgbWFyZ2luOiA1cHg7Ij4KPGltZyBzcmM9Imh0dHA6Ly93d3cucmFrdXRlbi5uZS5qcC9nb2xkL2R0Yy9mcmFtZS9pbWFnZXMvc3lvdWhpbnNldHVtZWk1LmdpZiIgd2lkdGg9IjcwMCIgaGVpZ2h0PSIzMCI+CjwvZGl2PgoKPGRpdiBzdHlsZT0id2lkdGg6NzEwcHg7IGhlaWdodDoxMDBweDsgbWFyZ2luOjAgNXB4OyBvdmVyZmxvdzpoaWRkZW47Ij4KCjwvZGl2PgoKPCEtLQo8ZGl2IHN0eWxlPSJ3aWR0aDogNzAwcHg7IG1hcmdpbjogMCA1cHg7Ij4KPGltZyBzcmM9Imh0dHA6Ly93d3cucmFrdXRlbi5uZS5qcC9nb2xkL2R0Yy9mcmFtZS9pbWFnZXMvc3lvdWhpbnNldHVtZWkyLmdpZiIgd2lkdGg9IjcwMCIgaGVpZ2h0PSIzMCI+CjwvZGl2Pgo8ZGl2IHN0eWxlPSJ3aWR0aDo3MTBweDsgaGVpZ2h0OjMwMHB4OyAgbWFyZ2luOjAgMCAyMHB4OyBvdmVyZmxvdzpoaWRkZW47Ij4KCjwvZGl2PgotLT4=,44OZ44Or44Oc44OzKFZlbGJvbikg5LiJ6ISaNOautSBFWC00NDAw77ya44K944OV44Oe44OD44OX5qW95aSp5biC5aC05bqX,44K944OV44Oe44OD44OXU29mbWFw44OR44K944Kz44Oz44K/44OW44Os44OD44OIUENIRETjgqLjgrvjg7Pjg5bjg6rjg5Hjg7zjg4Tjg5Hjgr3jgrPjg7Pjg5Hjg7zjg4Tjg4bjg6zjg5PjgrLjg7zjg6Djg5bjg6vjg7zjg6zjgqTjgr3jg5Xjg4hEVkTjgr3jg5Xjg4jmtrLmmbbjg4bjg6zjg5Pjg5bjg6vjg7zjg6zjgqTjg4fjgqPjgrnjgq/jg6zjgrPjg7zjg4Djg7zjg4fjgrjjgr/jg6vkuIDnnLzjg6zjg5Xjgqvjg6Hjg6njg4fjgrjjgr/jg6vjgqvjg6Hjg6nlrrbpm7vmmYLoqIjkuK3lj6TjgqLjgqbjg4jjg6zjg4Pjg4hpUGFkaVBob25l44OZ44Or44Oc44OzKFZlbGJvbikg5LiJ6ISaNOautSBFWC00NDAw,44CA44CC44OZ44Or44Oc44OzKFZlbGJvbikg5LiJ6ISaNOautSBFWC00NDAw[rn]
5-81297,aHR0cDovL3RzaG9wLnIxMHMuanAvZHRjL2NhYmluZXQvMDA5ODM0NjkvODAyNDIyMTU3NDA0My5qcGc/Zml0aW49NzAwOjcwMA==,NzcwNC4wMDAw,,VFbjg7vjgqrjg7zjg4fjgqPjgqrjg7vjgqvjg6Hjg6kgPiDjgqLjgq/jgrvjgrXjg6rjg7zjg7vpg6jlk4EgPiDjgqvjg6Hjg6njg7vjg5Pjg4fjgqrjgqvjg6Hjg6njg7vlhYnlrabmqZ/lmajnlKjjgqLjgq/jgrvjgrXjg6rjg7wgPiDkuInohJo=,44CQ6YCB5paZ54Sh5paZ44CR44Oe44Oz44OV44Ot44OD44OIIOOCouODq+ODnyDjgrPjg7Pjg5Hjgq/jg4jjgrnjgr/jg7Pjg4lBQyBK44K/44Kk44OXIDEwNTJKQkFD,44CA,PGJyPjx0YWJsZSBib3JkZXI9IjAiIGNlbGxwYWRkaW5nPSIwIiBjZWxsc3BhY2luZz0iMCIgd2lkdGg9IjcxMCIgc3R5bGU9ImxpbmUtaGVpZ2h0OjE0MCU7Ij48dHI+PHRkPjxmb250IHNpemU9IjIiPuKWoDEwNTJKQkFD44Gv44CB6Lu96YeP5YyW44Go44Kz44Oz44OR44Kv44OI44Gq5Y+O57SN44KS5a6f54++44GX44Gf5paw6Kit6KiI44Gu44Op44Kk44OI44K544K/44Oz44OJ44Gn44GZ44CC4pag5pys44K544K/44Oz44OJ44Gv44CB6KSH5pWw44K544K/44Oz44OJ44Gu6YCj57WQ44GM44GZ44Gw44KE44GP44CB44Kz44Oz44OR44Kv44OI44Gr5Y+O57SN44Gn44GN44KL4oCc44Kv44Kk44OD44Kv44K544K/44OD44Kv44K344K544OG44Og4oCd44KS5o6h55So44GX44Gm44GE44G+44GZ44CCPGJyPjxicj48L2ZvbnQ+PC90ZD48L3RyPjwvdGFibGU+PCEtLQo8ZGl2IHN0eWxlPSJ3aWR0aDo3MTBweDsgaGVpZ2h0OjE4MHB4OyAgbWFyZ2luOjA7IG92ZXJmbG93OmhpZGRlbjsiPgoKPC9kaXY+Ci0tPgoKPGRpdiBzdHlsZT0id2lkdGg6IDcwMHB4OyBtYXJnaW46IDVweDsiPgo8aW1nIHNyYz0iaHR0cDovL3d3dy5yYWt1dGVuLm5lLmpwL2dvbGQvZHRjL2ZyYW1lL2ltYWdlcy9zeW91aGluc2V0dW1laTUuZ2lmIiB3aWR0aD0iNzAwIiBoZWlnaHQ9IjMwIj4KPC9kaXY+Cgo8ZGl2IHN0eWxlPSJ3aWR0aDo3MTBweDsgaGVpZ2h0OjEwMHB4OyBtYXJnaW46MCA1cHg7IG92ZXJmbG93OmhpZGRlbjsiPgoKPC9kaXY+Cgo8IS0tCjxkaXYgc3R5bGU9IndpZHRoOiA3MDBweDsgbWFyZ2luOiAwIDVweDsiPgo8aW1nIHNyYz0iaHR0cDovL3d3dy5yYWt1dGVuLm5lLmpwL2dvbGQvZHRjL2ZyYW1lL2ltYWdlcy9zeW91aGluc2V0dW1laTIuZ2lmIiB3aWR0aD0iNzAwIiBoZWlnaHQ9IjMwIj4KPC9kaXY+CjxkaXYgc3R5bGU9IndpZHRoOjcxMHB4OyBoZWlnaHQ6MzAwcHg7ICBtYXJnaW46MCAwIDIwcHg7IG92ZXJmbG93OmhpZGRlbjsiPgoKPC9kaXY+Ci0tPg==,44CQ6YCB5paZ54Sh5paZ44CR44Oe44Oz44OV44Ot44OD44OIIOOCouODq+ODnyDjgrPjg7Pjg5Hjgq/jg4jjgrnjgr/jg7Pjg4lBQyBK44K/44Kk44OXIDEwNTJKQkFD77ya44K944OV44Oe44OD44OX5qW95aSp5biC5aC05bqX,44K944OV44Oe44OD44OXU29mbWFw44OR44K944Kz44Oz44K/44OW44Os44OD44OIUENIRETjgqLjgrvjg7Pjg5bjg6rjg5Hjg7zjg4Tjg5Hjgr3jgrPjg7Pjg5Hjg7zjg4Tjg4bjg6zjg5PjgrLjg7zjg6Djg5bjg6vjg7zjg6zjgqTjgr3jg5Xjg4hEVkTjgr3jg5Xjg4jmtrLmmbbjg4bjg6zjg5Pjg5bjg6vjg7zjg6zjgqTjg4fjgqPjgrnjgq/jg6zjgrPjg7zjg4Djg7zjg4fjgrjjgr/jg6vkuIDnnLzjg6zjg5Xjgqvjg6Hjg6njg4fjgrjjgr/jg6vjgqvjg6Hjg6nlrrbpm7vmmYLoqIjkuK3lj6TjgqLjgqbjg4jjg6zjg4Pjg4hpUGFkaVBob25l44CQ6YCB5paZ54Sh5paZ44CR44Oe44Oz44OV44Ot44OD44OIIOOCouODq+ODnyDjgrPjg7Pjg5Hjgq/jg4jjgrnjgr/jg7Pjg4lBQyBK44K/44Kk44OXIDEwNTJKQkFD,44CA44CC44CQ6YCB5paZ54Sh5paZ44CR44Oe44Oz44OV44Ot44OD44OIIOOCouODq+ODnyDjgrPjg7Pjg5Hjgq/jg4jjgrnjgr/jg7Pjg4lBQyBK44K/44Kk44OXIDEwNTJKQkFD[rn]
5-81298,aHR0cDovL3RzaG9wLnIxMHMuanAvZHRjL2NhYmluZXQvMjAxNDEyMjBzLzQ5NjE2MDc1MjAxMzAuanBnP2ZpdGluPTcwMDo3MDA=,MjM2MC4wMDAw,,VFbjg7vjgqrjg7zjg4fjgqPjgqrjg7vjgqvjg6Hjg6kgPiDjgqLjgq/jgrvjgrXjg6rjg7zjg7vpg6jlk4EgPiDjgqvjg6Hjg6njg7vjg5Pjg4fjgqrjgqvjg6Hjg6njg7vlhYnlrabmqZ/lmajnlKjjgqLjgq/jgrvjgrXjg6rjg7wgPiDkuInohJo=,44Kx44Oz44Kz44O85LiJ6ISaNOautSBaRi00MDA=,44CA,PHRhYmxlIGJvcmRlcj0iMCIgY2VsbHBhZGRpbmc9IjAiIGNlbGxzcGFjaW5nPSIwIiB3aWR0aD0iNzEwIiBzdHlsZT0ibGluZS1oZWlnaHQ6MTQwJTsiPjx0cj48dGQ+PGZvbnQgc2l6ZT0iMiI+MjJtbeOBruinkuWei+ODkeOCpOODl+OCkuaOoeeUqOOBl+OAgTTmrrXlnovjgajjgZnjgovjgZPjgajjgafljYHliIbjgarpq5jjgZXjgpLlrp/nj77jgZfjgZ/jgqvjg6Hjg6njg7vjg5Pjg4fjgqrlhbznlKjkuInohJrjgafjgZnjgII8YnI+PGJyPuKWoOOCqOODrOODmeODvOOCv+ODvOOBr+ODqeODg+OCrybjg5Tjg4vjgqrjg7PlvI/jgpLmjqHnlKjjgZfjgIHjgq/jg6njg7Pjgq/jga7li5XkvZzjgafpq5jjgZXjga7lvq7oqr/mlbTjgYzlj6/og73jgII8YnI+PGJyPuKWoOmbsuWPsOOBr+S4iuS4i+ODu+W3puWPs+ODu+e4puS9jee9ri/mqKrkvY3nva7jga7liIfjgormm7/jgYjjgYzjgafjgY3jgosz44Km44Kn44Kk5byP44CCPGJyPjxicj7ilqDjgqvjg6Hjg6njga7lj5bku5jjga/jgq/jgqTjg4Pjgq/jgrfjg6Xjg7zlvI/vvIjlsILnlKjoqK3oqIjvvInjgafjgIHjg5Pjg4fjgqrjg5Tjg7PjgavjgoLlr77lv5zjgZfjgb7jgZnjgII8YnI+PGJyPuKWoOWPjeWwhOOBjOebrueri+OBn+OBquOBhOODluODqeODg+OCr+S7leS4iuOBkuOCgumtheWKm+OBp+OBmeOAgjxicj48YnI+PGJyPjwvZm9udD48L3RkPjwvdHI+PC90YWJsZT48IS0tCjxkaXYgc3R5bGU9IndpZHRoOjcxMHB4OyBoZWlnaHQ6MTgwcHg7ICBtYXJnaW46MDsgb3ZlcmZsb3c6aGlkZGVuOyI+Cgo8L2Rpdj4KLS0+Cgo8ZGl2IHN0eWxlPSJ3aWR0aDogNzAwcHg7IG1hcmdpbjogNXB4OyI+CjxpbWcgc3JjPSJodHRwOi8vd3d3LnJha3V0ZW4ubmUuanAvZ29sZC9kdGMvZnJhbWUvaW1hZ2VzL3N5b3VoaW5zZXR1bWVpNS5naWYiIHdpZHRoPSI3MDAiIGhlaWdodD0iMzAiPgo8L2Rpdj4KCjxkaXYgc3R5bGU9IndpZHRoOjcxMHB4OyBoZWlnaHQ6MTAwcHg7IG1hcmdpbjowIDVweDsgb3ZlcmZsb3c6aGlkZGVuOyI+Cgo8L2Rpdj4KCjwhLS0KPGRpdiBzdHlsZT0id2lkdGg6IDcwMHB4OyBtYXJnaW46IDAgNXB4OyI+CjxpbWcgc3JjPSJodHRwOi8vd3d3LnJha3V0ZW4ubmUuanAvZ29sZC9kdGMvZnJhbWUvaW1hZ2VzL3N5b3VoaW5zZXR1bWVpMi5naWYiIHdpZHRoPSI3MDAiIGhlaWdodD0iMzAiPgo8L2Rpdj4KPGRpdiBzdHlsZT0id2lkdGg6NzEwcHg7IGhlaWdodDozMDBweDsgIG1hcmdpbjowIDAgMjBweDsgb3ZlcmZsb3c6aGlkZGVuOyI+Cgo8L2Rpdj4KLS0+,44Kx44Oz44Kz44O85LiJ6ISaNOautSBaRi00MDDvvJrjgr3jg5Xjg57jg4Pjg5fmpb3lpKnluILloLTlupc=,44K944OV44Oe44OD44OXU29mbWFw44OR44K944Kz44Oz44K/44OW44Os44OD44OIUENIRETjgqLjgrvjg7Pjg5bjg6rjg5Hjg7zjg4Tjg5Hjgr3jgrPjg7Pjg5Hjg7zjg4Tjg4bjg6zjg5PjgrLjg7zjg6Djg5bjg6vjg7zjg6zjgqTjgr3jg5Xjg4hEVkTjgr3jg5Xjg4jmtrLmmbbjg4bjg6zjg5Pjg5bjg6vjg7zjg6zjgqTjg4fjgqPjgrnjgq/jg6zjgrPjg7zjg4Djg7zjg4fjgrjjgr/jg6vkuIDnnLzjg6zjg5Xjgqvjg6Hjg6njg4fjgrjjgr/jg6vjgqvjg6Hjg6nlrrbpm7vmmYLoqIjkuK3lj6TjgqLjgqbjg4jjg6zjg4Pjg4hpUGFkaVBob25l44Kx44Oz44Kz44O85LiJ6ISaNOautSBaRi00MDA=,44CA44CC44Kx44Oz44Kz44O85LiJ6ISaNOautSBaRi00MDA=[rn]
5-81299,aHR0cDovL3RzaG9wLnIxMHMuanAvZHRjL2NhYmluZXQvMjAxNzAyMDduNy80OTA2NzUyMTAxODI3LmpwZz9maXRpbj03MDA6NzAw,MTE4NDAuMDAwMA==,,VFbjg7vjgqrjg7zjg4fjgqPjgqrjg7vjgqvjg6Hjg6kgPiDjgqLjgq/jgrvjgrXjg6rjg7zjg7vpg6jlk4EgPiDjgqvjg6Hjg6njg7vjg5Pjg4fjgqrjgqvjg6Hjg6njg7vlhYnlrabmqZ/lmajnlKjjgqLjgq/jgrvjgrXjg6rjg7wgPiDkuInohJo=,44CQ6YCB5paZ54Sh5paZ44CRU0xJSyjjgrnjg6rjg4Pjgq8pIOS4ieiEmjPmrrUg44OX44OtIDMzMCBNS0lJSSBQUk8zMzBNSzNCQyDjgJDjg5Pjg4Pjgq/jgqvjg6Hjg6njgrDjg6vjg7zjg5fjgqrjg6rjgrjjg4rjg6vjgJE=,44CA,PHRhYmxlIGJvcmRlcj0iMCIgY2VsbHBhZGRpbmc9IjAiIGNlbGxzcGFjaW5nPSIwIiB3aWR0aD0iNzEwIiBzdHlsZT0ibGluZS1oZWlnaHQ6MTQwJTsiPjx0cj48dGQ+PGZvbnQgc2l6ZT0iMiI+5Lit5Z6L5LiA55y844Os44OV44Gr5qiZ5rqW44K644O844Og44GL44KJMzAwbW1GNS4244Kv44Op44K55pyb6YGg44K644O844Og44G+44Gn44Gu44Os44Oz44K644KS6KOF552A44GX44Gf44Kr44Oh44Op44Gr5a++5b+c44CC5YWo6auYMTYwMm1t44Gq44Gu44Gn44K744Oz44K/44O844Od44O844Or44KS44GC44G+44KK5Ly444Gw44GV44Gq44GP44Gm44KC44Ki44Kk44Os44OZ44Or44Gn44Gu5pKu5b2x44GM5Y+v6IO944Gq5LiJ6ISa44Gn44GZ44CCPGJyPjxicj7ilqDplovohJrop5LluqbjgYwz5q616ZqO44Gr6Kq/5pW05Y+v6IO9PGJyPuiEmuWPluS7mOmDqOWIhuOBq+OBguOCi+OAjOmWi+iEmuOCueODiOODg+ODkeODvOOAjeOBruaTjeS9nOOBq+OCiOOCiuOAgeODj+OCpOODu+ODn+ODieODq+ODu+ODreODvOOBruS4ieautemajuOBruOCu+ODg+ODiOOBjOWPr+iDveOBp+OBmeOAguOBvuOBn+OAgeS4ieacrOOBrumWi+OBjeinkuW6puOCkuWIpeOAheOBq+iqv+aVtOOBmeOCi+OBk+OBqOOCguiHquWcqOOAgumajuauteOChOWCvuaWnOWcsOOBquOBqeOAgeOBleOBvuOBluOBvuOBqueKtuazgeOBq+W/nOOBmOOBpuOAgee0oOaXqeOBj+OBvuOBo+OBmeOBkOaNruOBiOOCi+OBk+OBqOOBjOOBp+OBjeOBvuOBmeOAguODreODvOODneOCuOOCt+ODp+ODs+aSruW9seOCguWPr+iDveOBquOBruOBp+OAgeiKseOBquOBqeOBruaOpeWGmeOBq+OCguS+v+WIqeOAgjxicj48YnI+4pag5qiq6ZaL44GN5byP44Gu44Ov44Oz44K/44OD44OB44Os44OQ44O844Ot44OD44Kv44KS5o6h55SoPGJyPuWKm+OBjOWFpeOCjOOChOOBmeOBhOW9oueKtuOBq+OCiOOCiuOAgeewoeWNmOOBq+iEmuOBruS8uOe4ruOBjOOBp+OBjeOBvuOBmeOAgkEuTS5ULue0oOadkOOBruaOoeeUqOOBp+OAgei7vemHj+WMluOBoOOBkeOBp+OBquOBj+OAjOOCiOOCiuW8t+OBhOOAjeWbuuWumuWKm+OBruODrOODkOODvOW8j+iEmuODreODg+OCr+OCkuWun+ePvuOBl+OBvuOBmeOAgjxicj48YnI+4pagM+OCpuOCp+OCpOmbsuWPsOijheWCmTxicj7jgqvjg6Hjg6njga7kuIrkuIvjga7lkJHjgY3jgIHjgr/jg4Yv44Oo44Kz44Gu5YiH5pu/44KS44OR44Oz44OP44Oz44OJ44Or44Gn44CB5bem5Y+z44Gu5YuV44GN44KSIOWbuuWumuODhOODnuODn+OBp+OBneOCjOOBnuOCjOihjOOBhuOCv+OCpOODl+OBruOAjDPjgqbjgqfjgqTpm7Llj7DjgI3jgpLoo4XlgpnjgILmj6HjgormmJPjgYTjg6njg5Djg7zlt7vjgY3jg5Hjg7Pmo5LmjqHnlKjjgafmk43kvZzmgKfjgoLlkJHkuIrjgZfjgb7jgZfjgZ/jgII8YnI+PGJyPuKWoOOCr+OCpOODg+OCr+OCt+ODpeODvOW8jzxicj7jgqvjg6Hjg6njga7ohLHnnYDjgpLnsKHljZjjgavooYzjgYjjgovjgq/jgqTjg4Pjgq/jgrfjg6Xjg7zlvI/jgILjgrfjg6Xjg7zjga7jgqvjg6Hjg6njgbjjga7lj5bjgorku5jjgZHjgoLonbbjg43jgrjlvI/jgarjga7jgaflronlv4PjgafjgZnjgII8YnI+PGJyPjwvZm9udD48L3RkPjwvdHI+PC90YWJsZT48dGFibGUgY2VsbHNwYWNpbmc9IjAiIGNlbGxwYWRkaW5nPSI0IiBib3JkZXI9IjEiIHdpZHRoPSI3MTAiIGJvcmRlcmNvbG9yPSIjY2NjY2NjIj48dHI+PHRkIHdpZHRoPSIxODAiIGJnY29sb3I9IiNlZmVmZWYiPjxmb250IHNpemU9IjIiPuacrOS9k+mHjemHjzwvZm9udD48L3RkPjx0ZCB3aWR0aD0iNTMwIj48Zm9udCBzaXplPSIyIj4xODMwZzwvZm9udD48L3RkPjwvdHI+PHRyPjx0ZCB3aWR0aD0iMTgwIiBiZ2NvbG9yPSIjZWZlZmVmIj48Zm9udCBzaXplPSIyIj7mrrXmlbA8L2ZvbnQ+PC90ZD48dGQgd2lkdGg9IjUzMCI+PGZvbnQgc2l6ZT0iMiI+M+autTwvZm9udD48L3RkPjwvdHI+PHRyPjx0ZCB3aWR0aD0iMTgwIiBiZ2NvbG9yPSIjZWZlZmVmIj48Zm9udCBzaXplPSIyIj7nuK7plbc8L2ZvbnQ+PC90ZD48dGQgd2lkdGg9IjUzMCI+PGZvbnQgc2l6ZT0iMiI+NjAwbW08L2ZvbnQ+PC90ZD48L3RyPjx0cj48dGQgd2lkdGg9IjE4MCIgYmdjb2xvcj0iI2VmZWZlZiI+PGZvbnQgc2l6ZT0iMiI+5Ly46ZW377yI5YWo6auY77yJPC9mb250PjwvdGQ+PHRkIHdpZHRoPSI1MzAiPjxmb250IHNpemU9IjIiPjE2MDJtbTwvZm9udD48L3RkPjwvdHI+PHRyPjx0ZCB3aWR0aD0iMTgwIiBiZ2NvbG9yPSIjZWZlZmVmIj48Zm9udCBzaXplPSIyIj7ohJrlvaLjg7vohJrlvoTvvIjPhm1t77yJPC9mb250PjwvdGQ+PHRkIHdpZHRoPSI1MzAiPjxmb250IHNpemU9IjIiPjIzLjRtbTwvZm9udD48L3RkPjwvdHI+PHRyPjx0ZCB3aWR0aD0iMTgwIiBiZ2NvbG9yPSIjZWZlZmVmIj48Zm9udCBzaXplPSIyIj7mnZDos6o8L2ZvbnQ+PC90ZD48dGQgd2lkdGg9IjUzMCI+PGZvbnQgc2l6ZT0iMiI+QU1U5ZCI6YeR77yI44Ki44Or44Of44O744Oe44Kw44ON44K344Km44Og44O744OB44K/44Oz5ZCI6YeR77yJPC9mb250PjwvdGQ+PC90cj48dHI+PHRkIHdpZHRoPSIxODAiIGJnY29sb3I9IiNlZmVmZWYiPjxmb250IHNpemU9IjIiPuacgOS9jumrmDwvZm9udD48L3RkPjx0ZCB3aWR0aD0iNTMwIj48Zm9udCBzaXplPSIyIj4zMDRtbTwvZm9udD48L3RkPjwvdHI+PHRyPjx0ZCB3aWR0aD0iMTgwIiBiZ2NvbG9yPSIjZWZlZmVmIj48Zm9udCBzaXplPSIyIj7ku5jlsZ7lk4E8L2ZvbnQ+PC90ZD48dGQgd2lkdGg9IjUzMCI+PGZvbnQgc2l6ZT0iMiI+5LiJ6ISa44Kx44O844K5PC9mb250PjwvdGQ+PC90cj48dHI+PHRkIHdpZHRoPSIxODAiIGJnY29sb3I9IiNlZmVmZWYiPjxmb250IHNpemU9IjIiPuacgOWkp+iNt+mHjTwvZm9udD48L3RkPjx0ZCB3aWR0aD0iNTMwIj48Zm9udCBzaXplPSIyIj4za2c8L2ZvbnQ+PC90ZD48L3RyPjwvdGFibGU+PCEtLQo8ZGl2IHN0eWxlPSJ3aWR0aDo3MTBweDsgaGVpZ2h0OjE4MHB4OyAgbWFyZ2luOjA7IG92ZXJmbG93OmhpZGRlbjsiPgoKPC9kaXY+Ci0tPgoKPGRpdiBzdHlsZT0id2lkdGg6IDcwMHB4OyBtYXJnaW46IDVweDsiPgo8aW1nIHNyYz0iaHR0cDovL3d3dy5yYWt1dGVuLm5lLmpwL2dvbGQvZHRjL2ZyYW1lL2ltYWdlcy9zeW91aGluc2V0dW1laTUuZ2lmIiB3aWR0aD0iNzAwIiBoZWlnaHQ9IjMwIj4KPC9kaXY+Cgo8ZGl2IHN0eWxlPSJ3aWR0aDo3MTBweDsgaGVpZ2h0OjEwMHB4OyBtYXJnaW46MCA1cHg7IG92ZXJmbG93OmhpZGRlbjsiPgoKPC9kaXY+Cgo8IS0tCjxkaXYgc3R5bGU9IndpZHRoOiA3MDBweDsgbWFyZ2luOiAwIDVweDsiPgo8aW1nIHNyYz0iaHR0cDovL3d3dy5yYWt1dGVuLm5lLmpwL2dvbGQvZHRjL2ZyYW1lL2ltYWdlcy9zeW91aGluc2V0dW1laTIuZ2lmIiB3aWR0aD0iNzAwIiBoZWlnaHQ9IjMwIj4KPC9kaXY+CjxkaXYgc3R5bGU9IndpZHRoOjcxMHB4OyBoZWlnaHQ6MzAwcHg7ICBtYXJnaW46MCAwIDIwcHg7IG92ZXJmbG93OmhpZGRlbjsiPgoKPC9kaXY+Ci0tPg==,44CQ6YCB5paZ54Sh5paZ44CRU0xJSyjjgrnjg6rjg4Pjgq8pIOS4ieiEmjPmrrUg44OX44OtIDMzMCBNS0lJSSBQUk8zMzBNSzNCQyDjgJDjg5Pjg4Pjgq/jgqvjg6Hjg6njgrDjg6vjg7zjg5fjgqrjg6rjgrjjg4rjg6vjgJHvvJrjgr3jg5Xjg57jg4Pjg5fmpb3lpKnluILloLTlupc=,44K944OV44Oe44OD44OXU29mbWFw44OR44K944Kz44Oz44K/44OW44Os44OD44OIUENIRETjgqLjgrvjg7Pjg5bjg6rjg5Hjg7zjg4Tjg5Hjgr3jgrPjg7Pjg5Hjg7zjg4Tjg4bjg6zjg5PjgrLjg7zjg6Djg5bjg6vjg7zjg6zjgqTjgr3jg5Xjg4hEVkTjgr3jg5Xjg4jmtrLmmbbjg4bjg6zjg5Pjg5bjg6vjg7zjg6zjgqTjg4fjgqPjgrnjgq/jg6zjgrPjg7zjg4Djg7zjg4fjgrjjgr/jg6vkuIDnnLzjg6zjg5Xjgqvjg6Hjg6njg4fjgrjjgr/jg6vjgqvjg6Hjg6nlrrbpm7vmmYLoqIjkuK3lj6TjgqLjgqbjg4jjg6zjg4Pjg4hpUGFkaVBob25l44CQ6YCB5paZ54Sh5paZ44CRU0xJSyjjgrnjg6rjg4Pjgq8pIOS4ieiEmjPmrrUg44OX44OtIDMzMCBNS0lJSSBQUk8zMzBNSzNCQyDjgJDjg5Pjg4Pjgq/jgqvjg6Hjg6njgrDjg6vjg7zjg5fjgqrjg6rjgrjjg4rjg6vjgJE=,44CA44CC44CQ6YCB5paZ54Sh5paZ44CRU0xJSyjjgrnjg6rjg4Pjgq8pIOS4ieiEmjPmrrUg44OX44OtIDMzMCBNS0lJSSBQUk8zMzBNSzNCQyDjgJDjg5Pjg4Pjgq/jgqvjg6Hjg6njgrDjg6vjg7zjg5fjgqrjg6rjgrjjg4rjg6vjgJE=[rn]
5-81300,aHR0cDovL3RzaG9wLnIxMHMuanAvZHRjL2NhYmluZXQvMjAxNzAyMDduNy80OTA2NzUyMTA3MTE5LmpwZz9maXRpbj03MDA6NzAw,MTIzMDQuMDAwMA==,,VFbjg7vjgqrjg7zjg4fjgqPjgqrjg7vjgqvjg6Hjg6kgPiDjgqLjgq/jgrvjgrXjg6rjg7zjg7vpg6jlk4EgPiDjgqvjg6Hjg6njg7vjg5Pjg4fjgqrjgqvjg6Hjg6njg7vlhYnlrabmqZ/lmajnlKjjgqLjgq/jgrvjgrXjg6rjg7wgPiDkuInohJo=,44CQ6YCB5paZ54Sh5paZ44CRU0xJSyjjgrnjg6rjg4Pjgq8pIOOAkDTmrrXkuInohJrjgJHjg4jjg6njg5njg6vkuInohJog44Ko44Ki44Oq44O8TDEwMA==,,PHRhYmxlIGJvcmRlcj0iMCIgY2VsbHBhZGRpbmc9IjAiIGNlbGxzcGFjaW5nPSIwIiB3aWR0aD0iNzEwIiBzdHlsZT0ibGluZS1oZWlnaHQ6MTQwJTsiPjx0cj48dGQ+PGZvbnQgc2l6ZT0iMiI+5b+r6YGp44Gq44K744OD44OI44KS5Y+v6IO944Gr44GX44Gf44OI44Op44OZ44Or5LiJ6ISa44CC6IOM44Gu6auY44GV44KS6YeN6KaW44GZ44KL5pa55ZCR44GR44Gu44Ot44Oz44Kw44K144Kk44K644CCPGJyPjxicj7ilqDlhajpq5gxNTQzbW3jga7pq5jjgZXjgpLnorrkv53jgZfjgIHjgqLjgqTjg6zjg5njg6vjgYzlh7rjgZvjgovjgqjjgqLjg6rjg7zjgrfjg6rjg7zjgrrjga7jg63jg7PjgrDjg6Ljg4fjg6vjgII8YnI+4pag44Ot44O844Od44K444K344On44Oz44KS5ZCr44KBM+autemajuOBq+mWi+iEmuOBmeOCi+ODnuODq+ODgeODneOCuOOCt+ODp+ODs+S7leanmOOAgjxicj7ilqDohJrjga/mjIHjgaHjgoTjgZnjgY/jgIHmnIDkuIrmrrXjgavjg6njg5Djg7zjgrDjg6rjg4Pjg5fjgpLoo4XlgpnjgII8YnI+4pag57Ch5Y2Y44Gr44K744OD44OI44GM44Gn44GN44KL44CM44OP44Op44Kk44OB44Ot44OD44Kv44CN44KE5Y+N6Lui5pmC44Gr44Oa44OD44OI44Oc44OI44Or44Go5ZCM562J44Gu5aSq44GV44Gr44Gq44KL44CB44K544Oq44OD44Kv44Gq44KJ44Gn44Gv44Gu44K544Oq44Og44Gq6Kit6KiI44Gn44GZ44CCPGJyPjxicj7ilqDlhajpq5jvvJoxNTQzbW08YnI+4pag44Ko44Os44OZ44O844K/44O85LiL44GS5YWo6auY77yaMTMwOW1tPGJyPuKWoOe4rumVt++8mjQxN21tPGJyPuKWoOmHjemHj++8mjk4MGc8YnI+4pag5Zyw5LiK5pyA5L2O6auY77yaMTcwbW08YnI+4pag5pyA5aSn44OR44Kk44OX5b6E77yaMjBtbTxicj7ilqDmrrXmlbDvvJo05q61PGJyPuKWoOacgOWkp+aQrei8ieiNt+mHje+8mjEuNWtnPGJyPuKWoOS7mOWxnuWTge+8muOCseODvOOCuTxicj48YnI+PC9mb250PjwvdGQ+PC90cj48L3RhYmxlPjx0YWJsZSBjZWxsc3BhY2luZz0iMCIgY2VsbHBhZGRpbmc9IjQiIGJvcmRlcj0iMSIgd2lkdGg9IjcxMCIgYm9yZGVyY29sb3I9IiNjY2NjY2MiPjx0cj48dGQgd2lkdGg9IjE4MCIgYmdjb2xvcj0iI2VmZWZlZiI+PGZvbnQgc2l6ZT0iMiI+5pys5L2T6YeN6YePPC9mb250PjwvdGQ+PHRkIHdpZHRoPSI1MzAiPjxmb250IHNpemU9IjIiPjk4MGc8L2ZvbnQ+PC90ZD48L3RyPjx0cj48dGQgd2lkdGg9IjE4MCIgYmdjb2xvcj0iI2VmZWZlZiI+PGZvbnQgc2l6ZT0iMiI+5q615pWwPC9mb250PjwvdGQ+PHRkIHdpZHRoPSI1MzAiPjxmb250IHNpemU9IjIiPjTmrrU8L2ZvbnQ+PC90ZD48L3RyPjx0cj48dGQgd2lkdGg9IjE4MCIgYmdjb2xvcj0iI2VmZWZlZiI+PGZvbnQgc2l6ZT0iMiI+57iu6ZW3PC9mb250PjwvdGQ+PHRkIHdpZHRoPSI1MzAiPjxmb250IHNpemU9IjIiPjQxN21tPC9mb250PjwvdGQ+PC90cj48dHI+PHRkIHdpZHRoPSIxODAiIGJnY29sb3I9IiNlZmVmZWYiPjxmb250IHNpemU9IjIiPuS8uOmVt++8iOWFqOmrmO+8iTwvZm9udD48L3RkPjx0ZCB3aWR0aD0iNTMwIj48Zm9udCBzaXplPSIyIj4xNTQzbW08L2ZvbnQ+PC90ZD48L3RyPjx0cj48dGQgd2lkdGg9IjE4MCIgYmdjb2xvcj0iI2VmZWZlZiI+PGZvbnQgc2l6ZT0iMiI+6ISa5b2i44O76ISa5b6E77yIz4Ztbe+8iTwvZm9udD48L3RkPjx0ZCB3aWR0aD0iNTMwIj48Zm9udCBzaXplPSIyIj4yMG1tPC9mb250PjwvdGQ+PC90cj48dHI+PHRkIHdpZHRoPSIxODAiIGJnY29sb3I9IiNlZmVmZWYiPjxmb250IHNpemU9IjIiPuacgOS9jumrmDwvZm9udD48L3RkPjx0ZCB3aWR0aD0iNTMwIj48Zm9udCBzaXplPSIyIj4xNzBtbTwvZm9udD48L3RkPjwvdHI+PHRyPjx0ZCB3aWR0aD0iMTgwIiBiZ2NvbG9yPSIjZWZlZmVmIj48Zm9udCBzaXplPSIyIj7ku5jlsZ7lk4E8L2ZvbnQ+PC90ZD48dGQgd2lkdGg9IjUzMCI+PGZvbnQgc2l6ZT0iMiI+44Kx44O844K5PC9mb250PjwvdGQ+PC90cj48dHI+PHRkIHdpZHRoPSIxODAiIGJnY29sb3I9IiNlZmVmZWYiPjxmb250IHNpemU9IjIiPuacgOWkp+iNt+mHjTwvZm9udD48L3RkPjx0ZCB3aWR0aD0iNTMwIj48Zm9udCBzaXplPSIyIj4xLjVrZzwvZm9udD48L3RkPjwvdHI+PC90YWJsZT48IS0tCjxkaXYgc3R5bGU9IndpZHRoOjcxMHB4OyBoZWlnaHQ6MTgwcHg7ICBtYXJnaW46MDsgb3ZlcmZsb3c6aGlkZGVuOyI+Cgo8L2Rpdj4KLS0+Cgo8ZGl2IHN0eWxlPSJ3aWR0aDogNzAwcHg7IG1hcmdpbjogNXB4OyI+CjxpbWcgc3JjPSJodHRwOi8vd3d3LnJha3V0ZW4ubmUuanAvZ29sZC9kdGMvZnJhbWUvaW1hZ2VzL3N5b3VoaW5zZXR1bWVpNS5naWYiIHdpZHRoPSI3MDAiIGhlaWdodD0iMzAiPgo8L2Rpdj4KCjxkaXYgc3R5bGU9IndpZHRoOjcxMHB4OyBoZWlnaHQ6MTAwcHg7IG1hcmdpbjowIDVweDsgb3ZlcmZsb3c6aGlkZGVuOyI+Cgo8L2Rpdj4KCjwhLS0KPGRpdiBzdHlsZT0id2lkdGg6IDcwMHB4OyBtYXJnaW46IDAgNXB4OyI+CjxpbWcgc3JjPSJodHRwOi8vd3d3LnJha3V0ZW4ubmUuanAvZ29sZC9kdGMvZnJhbWUvaW1hZ2VzL3N5b3VoaW5zZXR1bWVpMi5naWYiIHdpZHRoPSI3MDAiIGhlaWdodD0iMzAiPgo8L2Rpdj4KPGRpdiBzdHlsZT0id2lkdGg6NzEwcHg7IGhlaWdodDozMDBweDsgIG1hcmdpbjowIDAgMjBweDsgb3ZlcmZsb3c6aGlkZGVuOyI+Cgo8L2Rpdj4KLS0+,44CQ6YCB5paZ54Sh5paZ44CRU0xJSyjjgrnjg6rjg4Pjgq8pIOOAkDTmrrXkuInohJrjgJHjg4jjg6njg5njg6vkuInohJog44Ko44Ki44Oq44O8TDEwMO+8muOCveODleODnuODg+ODl+alveWkqeW4guWgtOW6lw==,44K944OV44Oe44OD44OXU29mbWFw44OR44K944Kz44Oz44K/44OW44Os44OD44OIUENIRETjgqLjgrvjg7Pjg5bjg6rjg5Hjg7zjg4Tjg5Hjgr3jgrPjg7Pjg5Hjg7zjg4Tjg4bjg6zjg5PjgrLjg7zjg6Djg5bjg6vjg7zjg6zjgqTjgr3jg5Xjg4hEVkTjgr3jg5Xjg4jmtrLmmbbjg4bjg6zjg5Pjg5bjg6vjg7zjg6zjgqTjg4fjgqPjgrnjgq/jg6zjgrPjg7zjg4Djg7zjg4fjgrjjgr/jg6vkuIDnnLzjg6zjg5Xjgqvjg6Hjg6njg4fjgrjjgr/jg6vjgqvjg6Hjg6nlrrbpm7vmmYLoqIjkuK3lj6TjgqLjgqbjg4jjg6zjg4Pjg4hpUGFkaVBob25l44CQ6YCB5paZ54Sh5paZ44CRU0xJSyjjgrnjg6rjg4Pjgq8pIOOAkDTmrrXkuInohJrjgJHjg4jjg6njg5njg6vkuInohJog44Ko44Ki44Oq44O8TDEwMA==,44CQ6YCB5paZ54Sh5paZ44CRU0xJSyjjgrnjg6rjg4Pjgq8pIOOAkDTmrrXkuInohJrjgJHjg4jjg6njg5njg6vkuInohJog44Ko44Ki44Oq44O8TDEwMA==[rn]
5-81301,aHR0cDovL3RzaG9wLnIxMHMuanAvZHRjL2NhYmluZXQvMjAxMzA1MDQxLzQ5MDY3NTIxMDE1ODIuanBnP2ZpdGluPTcwMDo3MDA=,NjIzMi4wMDAw,,VFbjg7vjgqrjg7zjg4fjgqPjgqrjg7vjgqvjg6Hjg6kgPiDjgqLjgq/jgrvjgrXjg6rjg7zjg7vpg6jlk4EgPiDjgqvjg6Hjg6njg7vjg5Pjg4fjgqrjgqvjg6Hjg6njg7vlhYnlrabmqZ/lmajnlKjjgqLjgq/jgrvjgrXjg6rjg7wgPiDkuInohJo=,U0xJSyjjgrnjg6rjg4Pjgq8p5LiJ6ISaM+autSBVIDk4MDAgQks=,44CA,PHRhYmxlIGJvcmRlcj0iMCIgY2VsbHBhZGRpbmc9IjAiIGNlbGxzcGFjaW5nPSIwIiB3aWR0aD0iNzEwIiBzdHlsZT0ibGluZS1oZWlnaHQ6MTQwJTsiPjx0cj48dGQ+PGZvbnQgc2l6ZT0iMiI+5pys5L2T6YOo5ZOB44CB6ISa44Ot44OD44Kv6YOo5ZOB44Gq44Gp44Gr44OX44Op44K544OB44OD44Kv44KS5o6h55So44GZ44KL44GT44Go44Gn44CB6Lu944GV44Go44GK5rGC44KB44KE44GZ44GV44KS5a6f54++44GX44Gf5bCP5Z6L44O744OV44Kh44Of44Oq44O85ZCR44GR44K/44Kk44OX44Gu5LiJ6ISa44CC44Kv44Op44Oz44Kv5byP44Gu44Ko44Os44OZ44O844K/44O844KS6KOF5YKZ44GX44CB5LiK5LiL44Gu6auY44GV44Gu5b6u6Kq/5pW044Gr5L6/5Yip44Gn44GZ44CC44GV44KJ44Gr44Ko44Os44OZ44O844K/44O86YOo44Gr44Gv44OV44Oq44Kv44K344On44Oz44Ki44K444Oj44K544OI5qmf5qeL44KS6Kit44GR44KL44GT44Go44Gn44CB5LiK5LiL44Gu5YuV44GN44Gu5Zu644GV44KS6Kq/5pW044Gn44GN44G+44GZ44CC55+z56qB6YOo44GvMuOCpuOCp+OCpOW8j+OBp+OAgeOCueODkeOCpOOCr+OBqOOCtOODoOOBruWIh+OCiuabv+OBiOOBq+OCiOOCiuOAgeWyqeWgtOOBp+OCguWupOWGheOBp+OCguWuieWumuOBl+OBn+OCu+ODg+ODhuOCo+ODs+OCsOOBjOWPr+iDveOBp+OBmeOAgjxicj48YnI+PC9mb250PjwvdGQ+PC90cj48L3RhYmxlPjx0YWJsZSBjZWxsc3BhY2luZz0iMCIgY2VsbHBhZGRpbmc9IjQiIGJvcmRlcj0iMSIgd2lkdGg9IjcxMCIgYm9yZGVyY29sb3I9IiNjY2NjY2MiPjx0cj48dGQgd2lkdGg9IjE4MCIgYmdjb2xvcj0iI2VmZWZlZiI+PGZvbnQgc2l6ZT0iMiI+5q615pWwPC9mb250PjwvdGQ+PHRkIHdpZHRoPSI1MzAiPjxmb250IHNpemU9IjIiPjPmrrU8L2ZvbnQ+PC90ZD48L3RyPjx0cj48dGQgd2lkdGg9IjE4MCIgYmdjb2xvcj0iI2VmZWZlZiI+PGZvbnQgc2l6ZT0iMiI+5Ly46ZW377yI5YWo6auY77yJPC9mb250PjwvdGQ+PHRkIHdpZHRoPSI1MzAiPjxmb250IHNpemU9IjIiPjE1My41Y208L2ZvbnQ+PC90ZD48L3RyPjx0cj48dGQgd2lkdGg9IjE4MCIgYmdjb2xvcj0iI2VmZWZlZiI+PGZvbnQgc2l6ZT0iMiI+6ISa5b2i44O76ISa5b6E77yIz4Ztbe+8iTwvZm9udD48L3RkPjx0ZCB3aWR0aD0iNTMwIj48Zm9udCBzaXplPSIyIj4yM21tPC9mb250PjwvdGQ+PC90cj48dHI+PHRkIHdpZHRoPSIxODAiIGJnY29sb3I9IiNlZmVmZWYiPjxmb250IHNpemU9IjIiPuacrOS9k+mHjemHjzwvZm9udD48L3RkPjx0ZCB3aWR0aD0iNTMwIj48Zm9udCBzaXplPSIyIj4xLjhrZzwvZm9udD48L3RkPjwvdHI+PHRyPjx0ZCB3aWR0aD0iMTgwIiBiZ2NvbG9yPSIjZWZlZmVmIj48Zm9udCBzaXplPSIyIj7mnIDlpKfojbfph408L2ZvbnQ+PC90ZD48dGQgd2lkdGg9IjUzMCI+PGZvbnQgc2l6ZT0iMiI+MmtnPC9mb250PjwvdGQ+PC90cj48L3RhYmxlPjwhLS0KPGRpdiBzdHlsZT0id2lkdGg6NzEwcHg7IGhlaWdodDoxODBweDsgIG1hcmdpbjowOyBvdmVyZmxvdzpoaWRkZW47Ij4KCjwvZGl2PgotLT4KCjxkaXYgc3R5bGU9IndpZHRoOiA3MDBweDsgbWFyZ2luOiA1cHg7Ij4KPGltZyBzcmM9Imh0dHA6Ly93d3cucmFrdXRlbi5uZS5qcC9nb2xkL2R0Yy9mcmFtZS9pbWFnZXMvc3lvdWhpbnNldHVtZWk1LmdpZiIgd2lkdGg9IjcwMCIgaGVpZ2h0PSIzMCI+CjwvZGl2PgoKPGRpdiBzdHlsZT0id2lkdGg6NzEwcHg7IGhlaWdodDoxMDBweDsgbWFyZ2luOjAgNXB4OyBvdmVyZmxvdzpoaWRkZW47Ij4KCjwvZGl2PgoKPCEtLQo8ZGl2IHN0eWxlPSJ3aWR0aDogNzAwcHg7IG1hcmdpbjogMCA1cHg7Ij4KPGltZyBzcmM9Imh0dHA6Ly93d3cucmFrdXRlbi5uZS5qcC9nb2xkL2R0Yy9mcmFtZS9pbWFnZXMvc3lvdWhpbnNldHVtZWkyLmdpZiIgd2lkdGg9IjcwMCIgaGVpZ2h0PSIzMCI+CjwvZGl2Pgo8ZGl2IHN0eWxlPSJ3aWR0aDo3MTBweDsgaGVpZ2h0OjMwMHB4OyAgbWFyZ2luOjAgMCAyMHB4OyBvdmVyZmxvdzpoaWRkZW47Ij4KCjwvZGl2PgotLT4=,U0xJSyjjgrnjg6rjg4Pjgq8p5LiJ6ISaM+autSBVIDk4MDAgQkvvvJrjgr3jg5Xjg57jg4Pjg5fmpb3lpKnluILloLTlupc=,44K944OV44Oe44OD44OXU29mbWFw44OR44K944Kz44Oz44K/44OW44Os44OD44OIUENIRETjgqLjgrvjg7Pjg5bjg6rjg5Hjg7zjg4Tjg5Hjgr3jgrPjg7Pjg5Hjg7zjg4Tjg4bjg6zjg5PjgrLjg7zjg6Djg5bjg6vjg7zjg6zjgqTjgr3jg5Xjg4hEVkTjgr3jg5Xjg4jmtrLmmbbjg4bjg6zjg5Pjg5bjg6vjg7zjg6zjgqTjg4fjgqPjgrnjgq/jg6zjgrPjg7zjg4Djg7zjg4fjgrjjgr/jg6vkuIDnnLzjg6zjg5Xjgqvjg6Hjg6njg4fjgrjjgr/jg6vjgqvjg6Hjg6nlrrbpm7vmmYLoqIjkuK3lj6TjgqLjgqbjg4jjg6zjg4Pjg4hpUGFkaVBob25lU0xJSyjjgrnjg6rjg4Pjgq8p5LiJ6ISaM+autSBVIDk4MDAgQks=,44CA44CCU0xJSyjjgrnjg6rjg4Pjgq8p5LiJ6ISaM+autSBVIDk4MDAgQks=[rn]
5-81302,aHR0cDovL3RzaG9wLnIxMHMuanAvZHRjL2NhYmluZXQvMjAxNzAyMDduMjUvODAyNDIyMTY1MTk5Ny5qcGc/Zml0aW49NzAwOjcwMA==,MTE1MDQuMDAwMA==,,VFbjg7vjgqrjg7zjg4fjgqPjgqrjg7vjgqvjg6Hjg6kgPiDjgqLjgq/jgrvjgrXjg6rjg7zjg7vpg6jlk4EgPiDjgqvjg6Hjg6njg7vjg5Pjg4fjgqrjgqvjg6Hjg6njg7vlhYnlrabmqZ/lmajnlKjjgqLjgq/jgrvjgrXjg6rjg7wgPiDkuInohJo=,44CQ6YCB5paZ54Sh5paZ44CR44Oe44Oz44OV44Ot44OD44OIIOOAkDTmrrXkuInohJrjgJFiZWZyZWUgb25lIOOCouODq+ODn+ODi+OCpuODoOS4ieiEmuOCreODg+ODiCjjg5bjg6njg4Pjgq8pTUtCRlIxQTRCLUJI,,PHRhYmxlIGJvcmRlcj0iMCIgY2VsbHBhZGRpbmc9IjAiIGNlbGxzcGFjaW5nPSIwIiB3aWR0aD0iNzEwIiBzdHlsZT0ibGluZS1oZWlnaHQ6MTQwJTsiPjx0cj48dGQ+PGZvbnQgc2l6ZT0iMiI+5Lq65rCX44Gu44OI44Op44OZ44Or5LiJ6ISaYmVmcmVl44GM44GV44KJ44Gr44Kz44Oz44OR44Kv44OI44Gr44Gq44Gj44Gf4oCdYmVmcmVlIG9uZeKAneOBp+OBmeOAgjxicj48YnI+44OI44Op44OZ44Or5LiJ6ISaYmVmcmVl44Gu44Kz44Oz44OR44Kv44OI54mIYmVmcmVlIG9uZTxicj7ilqDlvpPmnaXjga5iZWZyZWXjgojjgorntIQyMCXjgrPjg7Pjg5Hjgq/jg4jjgavjgarjgaPjgZ/moLzntI3pq5jjga/jgIHjgo/jgZrjgYszMmNtPGJyPjxicj7ilqBiZWZyZWXjga5ETkHjgpLjgbLjgY3jgaTjgYTjgaDlkITmqZ/og73jgajnibnlvrQ8YnI+PGJyPuKWoOmWi+iEmuOCu+ODrOOCr+OCv+ODvOOBp+OCueODlOODvOODh+OCo+ODvOOBq+mWi+iEmuinkuW6puOCkuOCu+ODg+ODiOOCouODg+ODl+WPr+iDve+8iDI1wrDjgIE1McKw77yJPGJyPjxicj7ilqDlgIvmgKfjgavjgYLjgo/jgZvjgabpgbjjgbnjgovjgqvjg6njg7zjg5Djg6rjgqjjg7zjgrfjg6fjg7PjgajlsILnlKjjgq3jg6Pjg6rjg7PjgrDjgrHjg7zjgrk8YnI+PGJyPuKWoOODluODqeODg+OCr+ODu+ODrOODg+ODieODu+OCsOODrOODvOOBrjPoibLjgYvjgonpgbjjgbnjgotiZWZyZWUgb25l44Gr44Gv5pC65biv44Gr5L6/5Yip44Gq5bCC55So44Kt44Oj44Oq44Oz44Kw44Kx44O844K544GM5qiZ5rqW5LuY5bGePGJyPjxicj48L2ZvbnQ+PC90ZD48L3RyPjwvdGFibGU+PHRhYmxlIGNlbGxzcGFjaW5nPSIwIiBjZWxscGFkZGluZz0iNCIgYm9yZGVyPSIxIiB3aWR0aD0iNzEwIiBib3JkZXJjb2xvcj0iI2NjY2NjYyI+PHRyPjx0ZCB3aWR0aD0iMTgwIiBiZ2NvbG9yPSIjZWZlZmVmIj48Zm9udCBzaXplPSIyIj7oibI8L2ZvbnQ+PC90ZD48dGQgd2lkdGg9IjUzMCI+PGZvbnQgc2l6ZT0iMiI+44OW44Op44OD44KvPC9mb250PjwvdGQ+PC90cj48dHI+PHRkIHdpZHRoPSIxODAiIGJnY29sb3I9IiNlZmVmZWYiPjxmb250IHNpemU9IjIiPuacrOS9k+mHjemHjzwvZm9udD48L3RkPjx0ZCB3aWR0aD0iNTMwIj48Zm9udCBzaXplPSIyIj4xMzUwIGc8L2ZvbnQ+PC90ZD48L3RyPjx0cj48dGQgd2lkdGg9IjE4MCIgYmdjb2xvcj0iI2VmZWZlZiI+PGZvbnQgc2l6ZT0iMiI+5q615pWwPC9mb250PjwvdGQ+PHRkIHdpZHRoPSI1MzAiPjxmb250IHNpemU9IjIiPjTmrrU8L2ZvbnQ+PC90ZD48L3RyPjx0cj48dGQgd2lkdGg9IjE4MCIgYmdjb2xvcj0iI2VmZWZlZiI+PGZvbnQgc2l6ZT0iMiI+5Ly46ZW377yI5YWo6auY77yJPC9mb250PjwvdGQ+PHRkIHdpZHRoPSI1MzAiPjxmb250IHNpemU9IjIiPjEzMGNtPC9mb250PjwvdGQ+PC90cj48dHI+PHRkIHdpZHRoPSIxODAiIGJnY29sb3I9IiNlZmVmZWYiPjxmb250IHNpemU9IjIiPuadkOizqjwvZm9udD48L3RkPjx0ZCB3aWR0aD0iNTMwIj48Zm9udCBzaXplPSIyIj7jgqLjg6vjg5/jg4vjgqbjg6A8L2ZvbnQ+PC90ZD48L3RyPjwvdGFibGU+PCEtLQo8ZGl2IHN0eWxlPSJ3aWR0aDo3MTBweDsgaGVpZ2h0OjE4MHB4OyAgbWFyZ2luOjA7IG92ZXJmbG93OmhpZGRlbjsiPgoKPC9kaXY+Ci0tPgoKPGRpdiBzdHlsZT0id2lkdGg6IDcwMHB4OyBtYXJnaW46IDVweDsiPgo8aW1nIHNyYz0iaHR0cDovL3d3dy5yYWt1dGVuLm5lLmpwL2dvbGQvZHRjL2ZyYW1lL2ltYWdlcy9zeW91aGluc2V0dW1laTUuZ2lmIiB3aWR0aD0iNzAwIiBoZWlnaHQ9IjMwIj4KPC9kaXY+Cgo8ZGl2IHN0eWxlPSJ3aWR0aDo3MTBweDsgaGVpZ2h0OjEwMHB4OyBtYXJnaW46MCA1cHg7IG92ZXJmbG93OmhpZGRlbjsiPgoKPC9kaXY+Cgo8IS0tCjxkaXYgc3R5bGU9IndpZHRoOiA3MDBweDsgbWFyZ2luOiAwIDVweDsiPgo8aW1nIHNyYz0iaHR0cDovL3d3dy5yYWt1dGVuLm5lLmpwL2dvbGQvZHRjL2ZyYW1lL2ltYWdlcy9zeW91aGluc2V0dW1laTIuZ2lmIiB3aWR0aD0iNzAwIiBoZWlnaHQ9IjMwIj4KPC9kaXY+CjxkaXYgc3R5bGU9IndpZHRoOjcxMHB4OyBoZWlnaHQ6MzAwcHg7ICBtYXJnaW46MCAwIDIwcHg7IG92ZXJmbG93OmhpZGRlbjsiPgoKPC9kaXY+Ci0tPg==,44CQ6YCB5paZ54Sh5paZ44CR44Oe44Oz44OV44Ot44OD44OIIOOAkDTmrrXkuInohJrjgJFiZWZyZWUgb25lIOOCouODq+ODn+ODi+OCpuODoOS4ieiEmuOCreODg+ODiCjjg5bjg6njg4Pjgq8pTUtCRlIxQTRCLUJI77ya44K944OV44Oe44OD44OX5qW95aSp5biC5aC05bqX,44K944OV44Oe44OD44OXU29mbWFw44OR44K944Kz44Oz44K/44OW44Os44OD44OIUENIRETjgqLjgrvjg7Pjg5bjg6rjg5Hjg7zjg4Tjg5Hjgr3jgrPjg7Pjg5Hjg7zjg4Tjg4bjg6zjg5PjgrLjg7zjg6Djg5bjg6vjg7zjg6zjgqTjgr3jg5Xjg4hEVkTjgr3jg5Xjg4jmtrLmmbbjg4bjg6zjg5Pjg5bjg6vjg7zjg6zjgqTjg4fjgqPjgrnjgq/jg6zjgrPjg7zjg4Djg7zjg4fjgrjjgr/jg6vkuIDnnLzjg6zjg5Xjgqvjg6Hjg6njg4fjgrjjgr/jg6vjgqvjg6Hjg6nlrrbpm7vmmYLoqIjkuK3lj6TjgqLjgqbjg4jjg6zjg4Pjg4hpUGFkaVBob25l44CQ6YCB5paZ54Sh5paZ44CR44Oe44Oz44OV44Ot44OD44OIIOOAkDTmrrXkuInohJrjgJFiZWZyZWUgb25lIOOCouODq+ODn+ODi+OCpuODoOS4ieiEmuOCreODg+ODiCjjg5bjg6njg4Pjgq8pTUtCRlIxQTRCLUJI,44CQ6YCB5paZ54Sh5paZ44CR44Oe44Oz44OV44Ot44OD44OIIOOAkDTmrrXkuInohJrjgJFiZWZyZWUgb25lIOOCouODq+ODn+ODi+OCpuODoOS4ieiEmuOCreODg+ODiCjjg5bjg6njg4Pjgq8pTUtCRlIxQTRCLUJI[rn]
5-81303,aHR0cDovL3RzaG9wLnIxMHMuanAvZHRjL2NhYmluZXQvMjAxNzAyMDduMjUvODAyNDIyMTY1MjAxNy5qcGc/Zml0aW49NzAwOjcwMA==,MTE1MDQuMDAwMA==,,VFbjg7vjgqrjg7zjg4fjgqPjgqrjg7vjgqvjg6Hjg6kgPiDjgqLjgq/jgrvjgrXjg6rjg7zjg7vpg6jlk4EgPiDjgqvjg6Hjg6njg7vjg5Pjg4fjgqrjgqvjg6Hjg6njg7vlhYnlrabmqZ/lmajnlKjjgqLjgq/jgrvjgrXjg6rjg7wgPiDkuInohJo=,44CQ6YCB5paZ54Sh5paZ44CR44Oe44Oz44OV44Ot44OD44OIIOOAkDTmrrXkuInohJrjgJFiZWZyZWUgb25lIOOCouODq+ODn+ODi+OCpuODoOS4ieiEmuOCreODg+ODiCjjg6zjg4Pjg4kpTUtCRlIxQTRSLUJI,,PHRhYmxlIGJvcmRlcj0iMCIgY2VsbHBhZGRpbmc9IjAiIGNlbGxzcGFjaW5nPSIwIiB3aWR0aD0iNzEwIiBzdHlsZT0ibGluZS1oZWlnaHQ6MTQwJTsiPjx0cj48dGQ+PGZvbnQgc2l6ZT0iMiI+5Lq65rCX44Gu44OI44Op44OZ44Or5LiJ6ISaYmVmcmVl44GM44GV44KJ44Gr44Kz44Oz44OR44Kv44OI44Gr44Gq44Gj44Gf4oCdYmVmcmVlIG9uZeKAneOBp+OBmeOAgjxicj48YnI+44OI44Op44OZ44Or5LiJ6ISaYmVmcmVl44Gu44Kz44Oz44OR44Kv44OI54mIYmVmcmVlIG9uZTxicj7ilqDlvpPmnaXjga5iZWZyZWXjgojjgorntIQyMCXjgrPjg7Pjg5Hjgq/jg4jjgavjgarjgaPjgZ/moLzntI3pq5jjga/jgIHjgo/jgZrjgYszMmNtPGJyPjxicj7ilqBiZWZyZWXjga5ETkHjgpLjgbLjgY3jgaTjgYTjgaDlkITmqZ/og73jgajnibnlvrQ8YnI+PGJyPuKWoOmWi+iEmuOCu+ODrOOCr+OCv+ODvOOBp+OCueODlOODvOODh+OCo+ODvOOBq+mWi+iEmuinkuW6puOCkuOCu+ODg+ODiOOCouODg+ODl+WPr+iDve+8iDI1wrDjgIE1McKw77yJPGJyPjxicj7ilqDlgIvmgKfjgavjgYLjgo/jgZvjgabpgbjjgbnjgovjgqvjg6njg7zjg5Djg6rjgqjjg7zjgrfjg6fjg7PjgajlsILnlKjjgq3jg6Pjg6rjg7PjgrDjgrHjg7zjgrk8YnI+PGJyPuKWoOODluODqeODg+OCr+ODu+ODrOODg+ODieODu+OCsOODrOODvOOBrjPoibLjgYvjgonpgbjjgbnjgotiZWZyZWUgb25l44Gr44Gv5pC65biv44Gr5L6/5Yip44Gq5bCC55So44Kt44Oj44Oq44Oz44Kw44Kx44O844K544GM5qiZ5rqW5LuY5bGePGJyPjxicj48L2ZvbnQ+PC90ZD48L3RyPjwvdGFibGU+PHRhYmxlIGNlbGxzcGFjaW5nPSIwIiBjZWxscGFkZGluZz0iNCIgYm9yZGVyPSIxIiB3aWR0aD0iNzEwIiBib3JkZXJjb2xvcj0iI2NjY2NjYyI+PHRyPjx0ZCB3aWR0aD0iMTgwIiBiZ2NvbG9yPSIjZWZlZmVmIj48Zm9udCBzaXplPSIyIj7oibI8L2ZvbnQ+PC90ZD48dGQgd2lkdGg9IjUzMCI+PGZvbnQgc2l6ZT0iMiI+44Os44OD44OJPC9mb250PjwvdGQ+PC90cj48dHI+PHRkIHdpZHRoPSIxODAiIGJnY29sb3I9IiNlZmVmZWYiPjxmb250IHNpemU9IjIiPuacrOS9k+mHjemHjzwvZm9udD48L3RkPjx0ZCB3aWR0aD0iNTMwIj48Zm9udCBzaXplPSIyIj4xMzUwIGc8L2ZvbnQ+PC90ZD48L3RyPjx0cj48dGQgd2lkdGg9IjE4MCIgYmdjb2xvcj0iI2VmZWZlZiI+PGZvbnQgc2l6ZT0iMiI+5q615pWwPC9mb250PjwvdGQ+PHRkIHdpZHRoPSI1MzAiPjxmb250IHNpemU9IjIiPjTmrrU8L2ZvbnQ+PC90ZD48L3RyPjx0cj48dGQgd2lkdGg9IjE4MCIgYmdjb2xvcj0iI2VmZWZlZiI+PGZvbnQgc2l6ZT0iMiI+5Ly46ZW377yI5YWo6auY77yJPC9mb250PjwvdGQ+PHRkIHdpZHRoPSI1MzAiPjxmb250IHNpemU9IjIiPjEzMGNtPC9mb250PjwvdGQ+PC90cj48dHI+PHRkIHdpZHRoPSIxODAiIGJnY29sb3I9IiNlZmVmZWYiPjxmb250IHNpemU9IjIiPuadkOizqjwvZm9udD48L3RkPjx0ZCB3aWR0aD0iNTMwIj48Zm9udCBzaXplPSIyIj7jgqLjg6vjg5/jg4vjgqbjg6A8L2ZvbnQ+PC90ZD48L3RyPjwvdGFibGU+PCEtLQo8ZGl2IHN0eWxlPSJ3aWR0aDo3MTBweDsgaGVpZ2h0OjE4MHB4OyAgbWFyZ2luOjA7IG92ZXJmbG93OmhpZGRlbjsiPgoKPC9kaXY+Ci0tPgoKPGRpdiBzdHlsZT0id2lkdGg6IDcwMHB4OyBtYXJnaW46IDVweDsiPgo8aW1nIHNyYz0iaHR0cDovL3d3dy5yYWt1dGVuLm5lLmpwL2dvbGQvZHRjL2ZyYW1lL2ltYWdlcy9zeW91aGluc2V0dW1laTUuZ2lmIiB3aWR0aD0iNzAwIiBoZWlnaHQ9IjMwIj4KPC9kaXY+Cgo8ZGl2IHN0eWxlPSJ3aWR0aDo3MTBweDsgaGVpZ2h0OjEwMHB4OyBtYXJnaW46MCA1cHg7IG92ZXJmbG93OmhpZGRlbjsiPgoKPC9kaXY+Cgo8IS0tCjxkaXYgc3R5bGU9IndpZHRoOiA3MDBweDsgbWFyZ2luOiAwIDVweDsiPgo8aW1nIHNyYz0iaHR0cDovL3d3dy5yYWt1dGVuLm5lLmpwL2dvbGQvZHRjL2ZyYW1lL2ltYWdlcy9zeW91aGluc2V0dW1laTIuZ2lmIiB3aWR0aD0iNzAwIiBoZWlnaHQ9IjMwIj4KPC9kaXY+CjxkaXYgc3R5bGU9IndpZHRoOjcxMHB4OyBoZWlnaHQ6MzAwcHg7ICBtYXJnaW46MCAwIDIwcHg7IG92ZXJmbG93OmhpZGRlbjsiPgoKPC9kaXY+Ci0tPg==,44CQ6YCB5paZ54Sh5paZ44CR44Oe44Oz44OV44Ot44OD44OIIOOAkDTmrrXkuInohJrjgJFiZWZyZWUgb25lIOOCouODq+ODn+ODi+OCpuODoOS4ieiEmuOCreODg+ODiCjjg6zjg4Pjg4kpTUtCRlIxQTRSLUJI77ya44K944OV44Oe44OD44OX5qW95aSp5biC5aC05bqX,44K944OV44Oe44OD44OXU29mbWFw44OR44K944Kz44Oz44K/44OW44Os44OD44OIUENIRETjgqLjgrvjg7Pjg5bjg6rjg5Hjg7zjg4Tjg5Hjgr3jgrPjg7Pjg5Hjg7zjg4Tjg4bjg6zjg5PjgrLjg7zjg6Djg5bjg6vjg7zjg6zjgqTjgr3jg5Xjg4hEVkTjgr3jg5Xjg4jmtrLmmbbjg4bjg6zjg5Pjg5bjg6vjg7zjg6zjgqTjg4fjgqPjgrnjgq/jg6zjgrPjg7zjg4Djg7zjg4fjgrjjgr/jg6vkuIDnnLzjg6zjg5Xjgqvjg6Hjg6njg4fjgrjjgr/jg6vjgqvjg6Hjg6nlrrbpm7vmmYLoqIjkuK3lj6TjgqLjgqbjg4jjg6zjg4Pjg4hpUGFkaVBob25l44CQ6YCB5paZ54Sh5paZ44CR44Oe44Oz44OV44Ot44OD44OIIOOAkDTmrrXkuInohJrjgJFiZWZyZWUgb25lIOOCouODq+ODn+ODi+OCpuODoOS4ieiEmuOCreODg+ODiCjjg6zjg4Pjg4kpTUtCRlIxQTRSLUJI,44CQ6YCB5paZ54Sh5paZ44CR44Oe44Oz44OV44Ot44OD44OIIOOAkDTmrrXkuInohJrjgJFiZWZyZWUgb25lIOOCouODq+ODn+ODi+OCpuODoOS4ieiEmuOCreODg+ODiCjjg6zjg4Pjg4kpTUtCRlIxQTRSLUJI[rn]
5-81304,aHR0cDovL3RzaG9wLnIxMHMuanAvZHRjL2NhYmluZXQvMDA5ODM0NjkvODAyNDIyMTU3NDA1MC5qcGc/Zml0aW49NzAwOjcwMA==,MTA4NDAuMDAwMA==,,VFbjg7vjgqrjg7zjg4fjgqPjgqrjg7vjgqvjg6Hjg6kgPiDjgqLjgq/jgrvjgrXjg6rjg7zjg7vpg6jlk4EgPiDjgqvjg6Hjg6njg7vjg5Pjg4fjgqrjgqvjg6Hjg6njg7vlhYnlrabmqZ/lmajnlKjjgqLjgq/jgrvjgrXjg6rjg7wgPiDkuInohJo=,44CQ6YCB5paZ54Sh5paZ44CR44Oe44Oz44OV44Ot44OD44OIIOOCouODq+ODnyDjg57jgrnjgr/jg7zjgrnjgr/jg7Pjg4lBQyBK44K/44Kk44OXIDEwMDRKQkFD,44CA,PGJyPjx0YWJsZSBib3JkZXI9IjAiIGNlbGxwYWRkaW5nPSIwIiBjZWxsc3BhY2luZz0iMCIgd2lkdGg9IjcxMCIgc3R5bGU9ImxpbmUtaGVpZ2h0OjE0MCU7Ij48dHI+PHRkPjxmb250IHNpemU9IjIiPuKWoDEwMDRCQUPjga/jgIHou73ph4/ljJbjgajjgrPjg7Pjg5Hjgq/jg4jjgarlj47ntI3jgpLlrp/nj77jgZfjgZ/mlrDoqK3oqIjjga7jg6njgqTjg4jjgrnjgr/jg7Pjg4njgafjgZnjgIIg4pag5pys44K544K/44Oz44OJ44Gv44CB6KSH5pWw44K544K/44Oz44OJ44Gu6YCj57WQ44GM44GZ44Gw44KE44GP44CB44Kz44Oz44OR44Kv44OI44Gr5Y+O57SN44Gn44GN44KL4oCc44Kv44Kk44OD44Kv44K544K/44OD44Kv44K344K544OG44Og4oCd44KS5o6h55So44GX44Gm44GE44G+44GZ44CCPGJyPjxicj48L2ZvbnQ+PC90ZD48L3RyPjwvdGFibGU+PCEtLQo8ZGl2IHN0eWxlPSJ3aWR0aDo3MTBweDsgaGVpZ2h0OjE4MHB4OyAgbWFyZ2luOjA7IG92ZXJmbG93OmhpZGRlbjsiPgoKPC9kaXY+Ci0tPgoKPGRpdiBzdHlsZT0id2lkdGg6IDcwMHB4OyBtYXJnaW46IDVweDsiPgo8aW1nIHNyYz0iaHR0cDovL3d3dy5yYWt1dGVuLm5lLmpwL2dvbGQvZHRjL2ZyYW1lL2ltYWdlcy9zeW91aGluc2V0dW1laTUuZ2lmIiB3aWR0aD0iNzAwIiBoZWlnaHQ9IjMwIj4KPC9kaXY+Cgo8ZGl2IHN0eWxlPSJ3aWR0aDo3MTBweDsgaGVpZ2h0OjEwMHB4OyBtYXJnaW46MCA1cHg7IG92ZXJmbG93OmhpZGRlbjsiPgoKPC9kaXY+Cgo8IS0tCjxkaXYgc3R5bGU9IndpZHRoOiA3MDBweDsgbWFyZ2luOiAwIDVweDsiPgo8aW1nIHNyYz0iaHR0cDovL3d3dy5yYWt1dGVuLm5lLmpwL2dvbGQvZHRjL2ZyYW1lL2ltYWdlcy9zeW91aGluc2V0dW1laTIuZ2lmIiB3aWR0aD0iNzAwIiBoZWlnaHQ9IjMwIj4KPC9kaXY+CjxkaXYgc3R5bGU9IndpZHRoOjcxMHB4OyBoZWlnaHQ6MzAwcHg7ICBtYXJnaW46MCAwIDIwcHg7IG92ZXJmbG93OmhpZGRlbjsiPgoKPC9kaXY+Ci0tPg==,44CQ6YCB5paZ54Sh5paZ44CR44Oe44Oz44OV44Ot44OD44OIIOOCouODq+ODnyDjg57jgrnjgr/jg7zjgrnjgr/jg7Pjg4lBQyBK44K/44Kk44OXIDEwMDRKQkFD77ya44K944OV44Oe44OD44OX5qW95aSp5biC5aC05bqX,44K944OV44Oe44OD44OXU29mbWFw44OR44K944Kz44Oz44K/44OW44Os44OD44OIUENIRETjgqLjgrvjg7Pjg5bjg6rjg5Hjg7zjg4Tjg5Hjgr3jgrPjg7Pjg5Hjg7zjg4Tjg4bjg6zjg5PjgrLjg7zjg6Djg5bjg6vjg7zjg6zjgqTjgr3jg5Xjg4hEVkTjgr3jg5Xjg4jmtrLmmbbjg4bjg6zjg5Pjg5bjg6vjg7zjg6zjgqTjg4fjgqPjgrnjgq/jg6zjgrPjg7zjg4Djg7zjg4fjgrjjgr/jg6vkuIDnnLzjg6zjg5Xjgqvjg6Hjg6njg4fjgrjjgr/jg6vjgqvjg6Hjg6nlrrbpm7vmmYLoqIjkuK3lj6TjgqLjgqbjg4jjg6zjg4Pjg4hpUGFkaVBob25l44CQ6YCB5paZ54Sh5paZ44CR44Oe44Oz44OV44Ot44OD44OIIOOCouODq+ODnyDjg57jgrnjgr/jg7zjgrnjgr/jg7Pjg4lBQyBK44K/44Kk44OXIDEwMDRKQkFD,44CA44CC44CQ6YCB5paZ54Sh5paZ44CR44Oe44Oz44OV44Ot44OD44OIIOOCouODq+ODnyDjg57jgrnjgr/jg7zjgrnjgr/jg7Pjg4lBQyBK44K/44Kk44OXIDEwMDRKQkFD[rn]
5-81305,aHR0cDovL3RzaG9wLnIxMHMuanAvZHRjL2NhYmluZXQvMjAxNDEyMjBzLzgwMjQyMjEwMTAzOTguanBnP2ZpdGluPTcwMDo3MDA=,MzAyMzIuMDAwMA==,,VFbjg7vjgqrjg7zjg4fjgqPjgqrjg7vjgqvjg6Hjg6kgPiDjgqLjgq/jgrvjgrXjg6rjg7zjg7vpg6jlk4EgPiDjgqvjg6Hjg6njg7vjg5Pjg4fjgqrjgqvjg6Hjg6njg7vlhYnlrabmqZ/lmajnlKjjgqLjgq/jgrvjgrXjg6rjg7wgPiDkuInohJo=,44CQ6YCB5paZ54Sh5paZ44CR44Oe44Oz44OV44Ot44OD44OIIOOCouODq+ODn+OCt+ODi+OCouOCueOCv+ODs+ODiSDjg5bjg6njg4Pjgq8=,44CA,PCEtLQo8ZGl2IHN0eWxlPSJ3aWR0aDo3MTBweDsgaGVpZ2h0OjE4MHB4OyAgbWFyZ2luOjA7IG92ZXJmbG93OmhpZGRlbjsiPgoKPC9kaXY+Ci0tPgoKPGRpdiBzdHlsZT0id2lkdGg6IDcwMHB4OyBtYXJnaW46IDVweDsiPgo8aW1nIHNyYz0iaHR0cDovL3d3dy5yYWt1dGVuLm5lLmpwL2dvbGQvZHRjL2ZyYW1lL2ltYWdlcy9zeW91aGluc2V0dW1laTUuZ2lmIiB3aWR0aD0iNzAwIiBoZWlnaHQ9IjMwIj4KPC9kaXY+Cgo8ZGl2IHN0eWxlPSJ3aWR0aDo3MTBweDsgaGVpZ2h0OjEwMHB4OyBtYXJnaW46MCA1cHg7IG92ZXJmbG93OmhpZGRlbjsiPgoKPC9kaXY+Cgo8IS0tCjxkaXYgc3R5bGU9IndpZHRoOiA3MDBweDsgbWFyZ2luOiAwIDVweDsiPgo8aW1nIHNyYz0iaHR0cDovL3d3dy5yYWt1dGVuLm5lLmpwL2dvbGQvZHRjL2ZyYW1lL2ltYWdlcy9zeW91aGluc2V0dW1laTIuZ2lmIiB3aWR0aD0iNzAwIiBoZWlnaHQ9IjMwIj4KPC9kaXY+CjxkaXYgc3R5bGU9IndpZHRoOjcxMHB4OyBoZWlnaHQ6MzAwcHg7ICBtYXJnaW46MCAwIDIwcHg7IG92ZXJmbG93OmhpZGRlbjsiPgoKPC9kaXY+Ci0tPg==,44CQ6YCB5paZ54Sh5paZ44CR44Oe44Oz44OV44Ot44OD44OIIOOCouODq+ODn+OCt+ODi+OCouOCueOCv+ODs+ODiSDjg5bjg6njg4Pjgq/vvJrjgr3jg5Xjg57jg4Pjg5fmpb3lpKnluILloLTlupc=,44K944OV44Oe44OD44OXU29mbWFw44OR44K944Kz44Oz44K/44OW44Os44OD44OIUENIRETjgqLjgrvjg7Pjg5bjg6rjg5Hjg7zjg4Tjg5Hjgr3jgrPjg7Pjg5Hjg7zjg4Tjg4bjg6zjg5PjgrLjg7zjg6Djg5bjg6vjg7zjg6zjgqTjgr3jg5Xjg4hEVkTjgr3jg5Xjg4jmtrLmmbbjg4bjg6zjg5Pjg5bjg6vjg7zjg6zjgqTjg4fjgqPjgrnjgq/jg6zjgrPjg7zjg4Djg7zjg4fjgrjjgr/jg6vkuIDnnLzjg6zjg5Xjgqvjg6Hjg6njg4fjgrjjgr/jg6vjgqvjg6Hjg6nlrrbpm7vmmYLoqIjkuK3lj6TjgqLjgqbjg4jjg6zjg4Pjg4hpUGFkaVBob25l44CQ6YCB5paZ54Sh5paZ44CR44Oe44Oz44OV44Ot44OD44OIIOOCouODq+ODn+OCt+ODi+OCouOCueOCv+ODs+ODiSDjg5bjg6njg4Pjgq8=,44CA44CC44CQ6YCB5paZ54Sh5paZ44CR44Oe44Oz44OV44Ot44OD44OIIOOCouODq+ODn+OCt+ODi+OCouOCueOCv+ODs+ODiSDjg5bjg6njg4Pjgq8=[rn]
5-81306,aHR0cDovL3RzaG9wLnIxMHMuanAvZHRjL2NhYmluZXQvMDA3MTgwMjEvODAyNDIyMTU1MjA5Ni5qcGc/Zml0aW49NzAwOjcwMA==,OTAwOC4wMDAw,,VFbjg7vjgqrjg7zjg4fjgqPjgqrjg7vjgqvjg6Hjg6kgPiDjgqLjgq/jgrvjgrXjg6rjg7zjg7vpg6jlk4EgPiDjgqvjg6Hjg6njg7vjg5Pjg4fjgqrjgqvjg6Hjg6njg7vlhYnlrabmqZ/lmajnlKjjgqLjgq/jgrvjgrXjg6rjg7wgPiDkuInohJo=,44CQ6YCB5paZ54Sh5paZ44CR44Oe44Oz44OV44Ot44OD44OIIOOCouODq+ODnyDjg6njg7Pjgqvjg7zjgrnjgr/jg7Pjg4lBQyBK44K/44Kk44OX5YW855SoIDEwMDVCQUM=,44CA,PHRhYmxlIGJvcmRlcj0iMCIgY2VsbHBhZGRpbmc9IjAiIGNlbGxzcGFjaW5nPSIwIiB3aWR0aD0iNzEwIiBzdHlsZT0ibGluZS1oZWlnaHQ6MTQwJTsiPjx0cj48dGQ+PGZvbnQgc2l6ZT0iMiI+4pag44Kv44Kk44OD44Kv44K544K/44OD44Kv44K344K544OG44Og44Gu5o6h55SoPGJyPuODu+OCueOCv+ODg+OCr+aZguOBq+OAgeOBmeOBsOOChOOBj+eiuuWun+OBq+iEmuOCkuODreODg+OCr+OBp+OBjeOCi+OAjOOCueOCv+ODg+OCreODs+OCsOOCt+OCueODhuODoOiEmuODreODg+OCr+OAjTxicj7jg7vnsKHljZjjgavopIfmlbDjgrnjgr/jg7Pjg4njga7pgKPntZDjgYrjgojjgbPjg6/jg7Pjgr/jg4Pjg4Hmk43kvZzjgafpgKPntZDop6PpmaTjgafjgY3jgovjgIzjg63jg4Pjgq3jg7PjgrDjg4fjg5DjgqTjgrnjgI08YnI+4pag44K544OU44K044OD44OI44KS5qiZ5rqW6KOF5YKZPGJyPjMvOOOCpOODs+ODgeOCueOCr+ODquODpeODvOODiOODg+ODl+OChDEvNOOCpOODs+ODgeOCouODgOODl+OCv+ODvOOBjOODr+ODs+OCu+ODg+ODiOOBq+OBquOCiuOAgeOBleOBvuOBluOBvuOBqjxicj7jg6njgqTjg4bjgqPjg7PjgrDmqZ/mnZDjga7oo4XnnYDjgavjg5Xjg6zjgq3jgrfjg5bjg6vjgavlr77lv5zjgafjgY3jgb7jgZnjgII8YnI+4pag44Ot44OD44Kv44OP44Oz44OJ44Or44Gu5o6h55SoPGJyPuS6uumWk+W3peWtpuOBq+WfuuOBpeOBhOOBn+ODh+OCtuOCpOODs+OBqOe0oOadkOOBruOCveODleODiOOBquaMh+OBguOBn+OCiuOBp+OAgeeEoeeQhuOBquOBj+eiuuWun+OBq+ODreODg+OCr+OBjOOBp+OBjeOBvuOBmeOAgjxicj4o57Sg5p2Q44Gr44Gv44CB6Luf6LOq44K044Og44Go56Gs6LOq44K044Og44Gu5Yip54K544KS5rS744GL44GX44Gf44OQ44Kk44Kk44Oz44K444Kn44Kv44K344On44Oz5oiQ5b2i44K044Og44KS5L2/55So77yJPGJyPuKWoOOCqOOCouODvOOCr+ODg+OCt+ODp+ODs+OCt+OCueODhuODoOOBruaOoeeUqDxicj7lvpPmnaXoo73lk4HjgojjgormlLnoia/jgZXjgozjgZ/jgqjjgqLjg7zjgq/jg4Pjgrfjg6fjg7Pjgrfjgrnjg4bjg6DjgpLmjqHnlKjjgZfjgIHjg4/jg7Pjg4njg6vjgYzlrozlhajjgas8YnI+44Ot44OD44Kv44GV44KM44Gm44Gq44GE5pmC44Gu54Gv5L2T44Gu5LqI5pyf44Gb44Gs6JC95LiL44KS6Ziy44GQ44K344K544OG44Og44Gn44GZ44CCPGJyPuOCqOOCouODvOiHquS9k+OBr+OCiOOCiuOCueODoOODvOOCueOBq+aUueiJr+OBleOCjOOAgeaTjeS9nOaAp+OBqOWuieWFqOaAp+OBjOmrmOOCgeOCieOCjOOBpuOBhOOBvuOBmeOAgjxicj48YnI+5pys5L2T44K144Kk44K6KEjDl1fDl0QpbW0g44CQ5YWo5Ly46auY44CRMjczY23jgIDjgJDmnIDkvY7pq5jjgJExMThjbSA8YnI+44Gd44Gu5LuW44K144Kk44K6KEjDl1fDl0QpbW0g44CQ5qC857SN6auY44CRMTAwY20gPGJyPueorumhniDjg6njgqTjg4jjgrnjgr/jg7Pjg4kgPGJyPuOAkOacgOWkp+iAkOiNt+mHjeOAkTEwa2cgPGJyPuOAkOadkOizquOAkeOCouODq+ODn+ODi+OCpuODoDxicj48YnI+PC9mb250PjwvdGQ+PC90cj48L3RhYmxlPjx0YWJsZSBjZWxsc3BhY2luZz0iMCIgY2VsbHBhZGRpbmc9IjQiIGJvcmRlcj0iMSIgd2lkdGg9IjcxMCIgYm9yZGVyY29sb3I9IiNjY2NjY2MiPjx0cj48dGQgd2lkdGg9IjE4MCIgYmdjb2xvcj0iI2VmZWZlZiI+PGZvbnQgc2l6ZT0iMiI+5pys5L2T44K144Kk44K6KEjDl1fDl0QpbW08L2ZvbnQ+PC90ZD48dGQgd2lkdGg9IjUzMCI+PGZvbnQgc2l6ZT0iMiI+44CQ5YWo5Ly46auY44CRMjczY20g44CQ5pyA5L2O6auY44CRMTE4Y208L2ZvbnQ+PC90ZD48L3RyPjx0cj48dGQgd2lkdGg9IjE4MCIgYmdjb2xvcj0iI2VmZWZlZiI+PGZvbnQgc2l6ZT0iMiI+44Gd44Gu5LuW44K144Kk44K6KEjDl1fDl0QpbW08L2ZvbnQ+PC90ZD48dGQgd2lkdGg9IjUzMCI+PGZvbnQgc2l6ZT0iMiI+44CQ5qC857SN6auY44CRMTAwY208L2ZvbnQ+PC90ZD48L3RyPjx0cj48dGQgd2lkdGg9IjE4MCIgYmdjb2xvcj0iI2VmZWZlZiI+PGZvbnQgc2l6ZT0iMiI+44Gd44Gu5LuWMTwvZm9udD48L3RkPjx0ZCB3aWR0aD0iNTMwIj48Zm9udCBzaXplPSIyIj7jgJDmnIDlpKfogJDojbfph43jgJExMGtnPC9mb250PjwvdGQ+PC90cj48dHI+PHRkIHdpZHRoPSIxODAiIGJnY29sb3I9IiNlZmVmZWYiPjxmb250IHNpemU9IjIiPuOBneOBruS7ljI8L2ZvbnQ+PC90ZD48dGQgd2lkdGg9IjUzMCI+PGZvbnQgc2l6ZT0iMiI+44CQ5p2Q6LOq44CR44Ki44Or44Of44OL44Km44OgPC9mb250PjwvdGQ+PC90cj48L3RhYmxlPjwhLS0KPGRpdiBzdHlsZT0id2lkdGg6NzEwcHg7IGhlaWdodDoxODBweDsgIG1hcmdpbjowOyBvdmVyZmxvdzpoaWRkZW47Ij4KCjwvZGl2PgotLT4KCjxkaXYgc3R5bGU9IndpZHRoOiA3MDBweDsgbWFyZ2luOiA1cHg7Ij4KPGltZyBzcmM9Imh0dHA6Ly93d3cucmFrdXRlbi5uZS5qcC9nb2xkL2R0Yy9mcmFtZS9pbWFnZXMvc3lvdWhpbnNldHVtZWk1LmdpZiIgd2lkdGg9IjcwMCIgaGVpZ2h0PSIzMCI+CjwvZGl2PgoKPGRpdiBzdHlsZT0id2lkdGg6NzEwcHg7IGhlaWdodDoxMDBweDsgbWFyZ2luOjAgNXB4OyBvdmVyZmxvdzpoaWRkZW47Ij4KCjwvZGl2PgoKPCEtLQo8ZGl2IHN0eWxlPSJ3aWR0aDogNzAwcHg7IG1hcmdpbjogMCA1cHg7Ij4KPGltZyBzcmM9Imh0dHA6Ly93d3cucmFrdXRlbi5uZS5qcC9nb2xkL2R0Yy9mcmFtZS9pbWFnZXMvc3lvdWhpbnNldHVtZWkyLmdpZiIgd2lkdGg9IjcwMCIgaGVpZ2h0PSIzMCI+CjwvZGl2Pgo8ZGl2IHN0eWxlPSJ3aWR0aDo3MTBweDsgaGVpZ2h0OjMwMHB4OyAgbWFyZ2luOjAgMCAyMHB4OyBvdmVyZmxvdzpoaWRkZW47Ij4KCjwvZGl2PgotLT4=,44CQ6YCB5paZ54Sh5paZ44CR44Oe44Oz44OV44Ot44OD44OIIOOCouODq+ODnyDjg6njg7Pjgqvjg7zjgrnjgr/jg7Pjg4lBQyBK44K/44Kk44OX5YW855SoIDEwMDVCQUPvvJrjgr3jg5Xjg57jg4Pjg5fmpb3lpKnluILloLTlupc=,44K944OV44Oe44OD44OXU29mbWFw44OR44K944Kz44Oz44K/44OW44Os44OD44OIUENIRETjgqLjgrvjg7Pjg5bjg6rjg5Hjg7zjg4Tjg5Hjgr3jgrPjg7Pjg5Hjg7zjg4Tjg4bjg6zjg5PjgrLjg7zjg6Djg5bjg6vjg7zjg6zjgqTjgr3jg5Xjg4hEVkTjgr3jg5Xjg4jmtrLmmbbjg4bjg6zjg5Pjg5bjg6vjg7zjg6zjgqTjg4fjgqPjgrnjgq/jg6zjgrPjg7zjg4Djg7zjg4fjgrjjgr/jg6vkuIDnnLzjg6zjg5Xjgqvjg6Hjg6njg4fjgrjjgr/jg6vjgqvjg6Hjg6nlrrbpm7vmmYLoqIjkuK3lj6TjgqLjgqbjg4jjg6zjg4Pjg4hpUGFkaVBob25l44CQ6YCB5paZ54Sh5paZ44CR44Oe44Oz44OV44Ot44OD44OIIOOCouODq+ODnyDjg6njg7Pjgqvjg7zjgrnjgr/jg7Pjg4lBQyBK44K/44Kk44OX5YW855SoIDEwMDVCQUM=,44CA44CC44CQ6YCB5paZ54Sh5paZ44CR44Oe44Oz44OV44Ot44OD44OIIOOCouODq+ODnyDjg6njg7Pjgqvjg7zjgrnjgr/jg7Pjg4lBQyBK44K/44Kk44OX5YW855SoIDEwMDVCQUM=[rn]
5-81307,aHR0cDovL3RzaG9wLnIxMHMuanAvZHRjL2NhYmluZXQvMDA5ODM0NjkvODAyNDIyMTAxNzIyOS5qcGc/Zml0aW49NzAwOjcwMA==,NjcwNC4wMDAw,,VFbjg7vjgqrjg7zjg4fjgqPjgqrjg7vjgqvjg6Hjg6kgPiDjgqLjgq/jgrvjgrXjg6rjg7zjg7vpg6jlk4EgPiDjgqvjg6Hjg6njg7vjg5Pjg4fjgqrjgqvjg6Hjg6njg7vlhYnlrabmqZ/lmajnlKjjgqLjgq/jgrvjgrXjg6rjg7wgPiDkuInohJo=,44CQ6YCB5paZ54Sh5paZ44CR44Oe44Oz44OV44Ot44OD44OIIOOCouOCr+OCu+OCteODquODvOOCouODvOODoCAxMzFEQg==,44CA,PGJyPjx0YWJsZSBib3JkZXI9IjAiIGNlbGxwYWRkaW5nPSIwIiBjZWxsc3BhY2luZz0iMCIgd2lkdGg9IjcxMCIgc3R5bGU9ImxpbmUtaGVpZ2h0OjE0MCU7Ij48dHI+PHRkPjxmb250IHNpemU9IjIiPuOBqeOBruODneODvOODq+OBq+OCgjMvOCcn44ON44K456m044Gn5Y+W44KK5LuY44GR44KJ44KM44G+44GZ44CC44GT44Gu44K144Kk44OJ44Ki44O844Og44Gr44KI44Gj44Gm44CBMuWPsOOBrumbsuWPsOOCkjkwwrDlnoLnm7TjgavkvY3nva7msbrjgoHjgafjgY3jgb7jgZnjgII8YnI+PGJyPjwvZm9udD48L3RkPjwvdHI+PC90YWJsZT48IS0tCjxkaXYgc3R5bGU9IndpZHRoOjcxMHB4OyBoZWlnaHQ6MTgwcHg7ICBtYXJnaW46MDsgb3ZlcmZsb3c6aGlkZGVuOyI+Cgo8L2Rpdj4KLS0+Cgo8ZGl2IHN0eWxlPSJ3aWR0aDogNzAwcHg7IG1hcmdpbjogNXB4OyI+CjxpbWcgc3JjPSJodHRwOi8vd3d3LnJha3V0ZW4ubmUuanAvZ29sZC9kdGMvZnJhbWUvaW1hZ2VzL3N5b3VoaW5zZXR1bWVpNS5naWYiIHdpZHRoPSI3MDAiIGhlaWdodD0iMzAiPgo8L2Rpdj4KCjxkaXYgc3R5bGU9IndpZHRoOjcxMHB4OyBoZWlnaHQ6MTAwcHg7IG1hcmdpbjowIDVweDsgb3ZlcmZsb3c6aGlkZGVuOyI+Cgo8L2Rpdj4KCjwhLS0KPGRpdiBzdHlsZT0id2lkdGg6IDcwMHB4OyBtYXJnaW46IDAgNXB4OyI+CjxpbWcgc3JjPSJodHRwOi8vd3d3LnJha3V0ZW4ubmUuanAvZ29sZC9kdGMvZnJhbWUvaW1hZ2VzL3N5b3VoaW5zZXR1bWVpMi5naWYiIHdpZHRoPSI3MDAiIGhlaWdodD0iMzAiPgo8L2Rpdj4KPGRpdiBzdHlsZT0id2lkdGg6NzEwcHg7IGhlaWdodDozMDBweDsgIG1hcmdpbjowIDAgMjBweDsgb3ZlcmZsb3c6aGlkZGVuOyI+Cgo8L2Rpdj4KLS0+,44CQ6YCB5paZ54Sh5paZ44CR44Oe44Oz44OV44Ot44OD44OIIOOCouOCr+OCu+OCteODquODvOOCouODvOODoCAxMzFEQu+8muOCveODleODnuODg+ODl+alveWkqeW4guWgtOW6lw==,44K944OV44Oe44OD44OXU29mbWFw44OR44K944Kz44Oz44K/44OW44Os44OD44OIUENIRETjgqLjgrvjg7Pjg5bjg6rjg5Hjg7zjg4Tjg5Hjgr3jgrPjg7Pjg5Hjg7zjg4Tjg4bjg6zjg5PjgrLjg7zjg6Djg5bjg6vjg7zjg6zjgqTjgr3jg5Xjg4hEVkTjgr3jg5Xjg4jmtrLmmbbjg4bjg6zjg5Pjg5bjg6vjg7zjg6zjgqTjg4fjgqPjgrnjgq/jg6zjgrPjg7zjg4Djg7zjg4fjgrjjgr/jg6vkuIDnnLzjg6zjg5Xjgqvjg6Hjg6njg4fjgrjjgr/jg6vjgqvjg6Hjg6nlrrbpm7vmmYLoqIjkuK3lj6TjgqLjgqbjg4jjg6zjg4Pjg4hpUGFkaVBob25l44CQ6YCB5paZ54Sh5paZ44CR44Oe44Oz44OV44Ot44OD44OIIOOCouOCr+OCu+OCteODquODvOOCouODvOODoCAxMzFEQg==,44CA44CC44CQ6YCB5paZ54Sh5paZ44CR44Oe44Oz44OV44Ot44OD44OIIOOCouOCr+OCu+OCteODquODvOOCouODvOODoCAxMzFEQg==[rn]
5-81308,aHR0cDovL3RzaG9wLnIxMHMuanAvZHRjL2NhYmluZXQvMjAxNDEyMjBzLzQ5MDc5OTA0NzMzODcuanBnP2ZpdGluPTcwMDo3MDA=,NjU3MC40MDAw,,VFbjg7vjgqrjg7zjg4fjgqPjgqrjg7vjgqvjg6Hjg6kgPiDjgqLjgq/jgrvjgrXjg6rjg7zjg7vpg6jlk4EgPiDjgqvjg6Hjg6njg7vjg5Pjg4fjgqrjgqvjg6Hjg6njg7vlhYnlrabmqZ/lmajnlKjjgqLjgq/jgrvjgrXjg6rjg7wgPiDkuInohJo=,44CQ6YCB5paZ54Sh5paZ44CRVmVsYm9uKOODmeODq+ODnOODsykg44K544O844OR44O844Oe44Kw44OX44Os44O844OISUk=,44CA,PHRhYmxlIGJvcmRlcj0iMCIgY2VsbHBhZGRpbmc9IjAiIGNlbGxzcGFjaW5nPSIwIiB3aWR0aD0iNzEwIiBzdHlsZT0ibGluZS1oZWlnaHQ6MTQwJTsiPjx0cj48dGQ+PGZvbnQgc2l6ZT0iMiI+6Lu96YeP6YeR5bGe44Gu44Oe44Kw44ON44K344Km44Og44KS5o6h55So44GX44Gf5aSn5Z6L44OX44Os44O844OIPGJyPuOCq+ODoeODqeOCkuS4ieiEmuOBq+ikh+aVsOWPsOWPluOCiuS7mOOBkeOCi+OBk+OBqOOBjOWHuuadpeOAge+8keWPsOOBruS4ieiEmuOBp+anmOOAheOBquaSruW9seOCkuihjOOBhuS6i+OBjOWPr+iDveOAgjxicj7ilqDjgZXjgb7jgZbjgb7jgarmkq7lvbHjgYzlj6/og708YnI+77yR5Y+w44Gu5LiJ6ISa44Gr6KSH5pWw44Gu44Kr44Oh44Op44KS5Y+W44KK5LuY44GR44KL44GT44Go44GM5Ye65p2l44KL44Gu44Gn44CB5L6L44GI44Gw44CB5bqD6KeS44O75pyb6YGg5pKu5b2x44KS77yR5Zue44Gu44OB44Oj44Oz44K544Gn54uZ44GI44G+44GZ44CCPGJyPuKWoOmrmOWJm+aAp+ODl+ODrOODvOODiDxicj7jg5fjg6zjg7zjg4jlhoXpg6jjga/pganluqbjgavogonmipzjgY3jgZXjgozjgIHliZvmgKfjgajou73ph4/mgKfjgpLkuKHnq4vjgZXjgZvjgabjgYTjgb7jgZnjgILjgb7jgZ/jgIHljYHliIbjgarljprjgb/jgYzjgYLjgorph43ph4/jga7jgYLjgovmqZ/mnZDjgpLkuZfjgZvjgabjgoLjgIHjgIzjgZ/jgo/jgb/jgI3jgpLmnIDlsI/pmZDjgavmipHjgYjjgb7jgZnjgII8YnI+4pag6Lu96YeP6YeR5bGe44Oe44Kw44ON44K344Km44OgPGJyPuWun+eUqOmHkeWxnuS4reOBp+acgOOCgui7veOBj+OAgeavlOW8t+W6puODu+WvuOazleWuieWumuW6puODu+aMr+WLleWQuOWPjuaAp+OBq+OCguWEquOCjOOBn+ODnuOCsOODjeOCt+OCpuODoOOCkuaOoeeUqOOBl+OBpuOBhOOBvuOBmeOAgjxicj7ilqDjgqvjg6Hjg6njgpLkuInlj7DkuZfjgZvjgovjgZPjgajjgoLlj6/og708YnI+44OX44Os44O844OI5Lit5aSu44Gr5LuY5bGe44Gu44Kr44Oh44Op44ON44K444KS5Y+W44KK5LuY44GR44KL44GT44Go44Gn77yT5Y+w44Gu44Kr44Oh44Op44KS5Y+W44KK5LuY44GR44KL44GT44Go44GM5Ye65p2l44G+44GZ44CCPGJyPjxicj48YnI+PC9mb250PjwvdGQ+PC90cj48L3RhYmxlPjwhLS0KPGRpdiBzdHlsZT0id2lkdGg6NzEwcHg7IGhlaWdodDoxODBweDsgIG1hcmdpbjowOyBvdmVyZmxvdzpoaWRkZW47Ij4KCjwvZGl2PgotLT4KCjxkaXYgc3R5bGU9IndpZHRoOiA3MDBweDsgbWFyZ2luOiA1cHg7Ij4KPGltZyBzcmM9Imh0dHA6Ly93d3cucmFrdXRlbi5uZS5qcC9nb2xkL2R0Yy9mcmFtZS9pbWFnZXMvc3lvdWhpbnNldHVtZWk1LmdpZiIgd2lkdGg9IjcwMCIgaGVpZ2h0PSIzMCI+CjwvZGl2PgoKPGRpdiBzdHlsZT0id2lkdGg6NzEwcHg7IGhlaWdodDoxMDBweDsgbWFyZ2luOjAgNXB4OyBvdmVyZmxvdzpoaWRkZW47Ij4KCjwvZGl2PgoKPCEtLQo8ZGl2IHN0eWxlPSJ3aWR0aDogNzAwcHg7IG1hcmdpbjogMCA1cHg7Ij4KPGltZyBzcmM9Imh0dHA6Ly93d3cucmFrdXRlbi5uZS5qcC9nb2xkL2R0Yy9mcmFtZS9pbWFnZXMvc3lvdWhpbnNldHVtZWkyLmdpZiIgd2lkdGg9IjcwMCIgaGVpZ2h0PSIzMCI+CjwvZGl2Pgo8ZGl2IHN0eWxlPSJ3aWR0aDo3MTBweDsgaGVpZ2h0OjMwMHB4OyAgbWFyZ2luOjAgMCAyMHB4OyBvdmVyZmxvdzpoaWRkZW47Ij4KCjwvZGl2PgotLT4=,44CQ6YCB5paZ54Sh5paZ44CRVmVsYm9uKOODmeODq+ODnOODsykg44K544O844OR44O844Oe44Kw44OX44Os44O844OISUnvvJrjgr3jg5Xjg57jg4Pjg5fmpb3lpKnluILloLTlupc=,44K944OV44Oe44OD44OXU29mbWFw44OR44K944Kz44Oz44K/44OW44Os44OD44OIUENIRETjgqLjgrvjg7Pjg5bjg6rjg5Hjg7zjg4Tjg5Hjgr3jgrPjg7Pjg5Hjg7zjg4Tjg4bjg6zjg5PjgrLjg7zjg6Djg5bjg6vjg7zjg6zjgqTjgr3jg5Xjg4hEVkTjgr3jg5Xjg4jmtrLmmbbjg4bjg6zjg5Pjg5bjg6vjg7zjg6zjgqTjg4fjgqPjgrnjgq/jg6zjgrPjg7zjg4Djg7zjg4fjgrjjgr/jg6vkuIDnnLzjg6zjg5Xjgqvjg6Hjg6njg4fjgrjjgr/jg6vjgqvjg6Hjg6nlrrbpm7vmmYLoqIjkuK3lj6TjgqLjgqbjg4jjg6zjg4Pjg4hpUGFkaVBob25l44CQ6YCB5paZ54Sh5paZ44CRVmVsYm9uKOODmeODq+ODnOODsykg44K544O844OR44O844Oe44Kw44OX44Os44O844OISUk=,44CA44CC44CQ6YCB5paZ54Sh5paZ44CRVmVsYm9uKOODmeODq+ODnOODsykg44K544O844OR44O844Oe44Kw44OX44Os44O844OISUk=[rn]
5-81309,aHR0cDovL3RzaG9wLnIxMHMuanAvZHRjL2NhYmluZXQvMjAxNDEyMjBzLzgwMjQyMjEwNTYwNzUuanBnP2ZpdGluPTcwMDo3MDA=,OTA0LjAwMDA=,,VFbjg7vjgqrjg7zjg4fjgqPjgqrjg7vjgqvjg6Hjg6kgPiDjgqLjgq/jgrvjgrXjg6rjg7zjg7vpg6jlk4EgPiDjgqvjg6Hjg6njg7vjg5Pjg4fjgqrjgqvjg6Hjg6njg7vlhYnlrabmqZ/lmajnlKjjgqLjgq/jgrvjgrXjg6rjg7wgPiDkuInohJo=,44Oe44Oz44OV44Ot44OD44OI44OL44Kz44Oz44OV44Op44OD44K344Ol44Ki44OA44OX44K/44O844CAMjYy,44CA,PHRhYmxlIGJvcmRlcj0iMCIgY2VsbHBhZGRpbmc9IjAiIGNlbGxzcGFjaW5nPSIwIiB3aWR0aD0iNzEwIiBzdHlsZT0ibGluZS1oZWlnaHQ6MTQwJTsiPjx0cj48dGQ+PGZvbnQgc2l6ZT0iMiI+44OL44Kz44Oz44OV44Op44OD44K344Ol44Oe44Km44Oz44OI44KS44Om44OL44OQ44O844K144Or44OV44Op44OD44K344Ol44OW44Op44Kx44OD44OI44Gr5aSJ5o+b44GX44G+IOOBmeOAgjxicj48YnI+PGJyPjwvZm9udD48L3RkPjwvdHI+PC90YWJsZT48IS0tCjxkaXYgc3R5bGU9IndpZHRoOjcxMHB4OyBoZWlnaHQ6MTgwcHg7ICBtYXJnaW46MDsgb3ZlcmZsb3c6aGlkZGVuOyI+Cgo8L2Rpdj4KLS0+Cgo8ZGl2IHN0eWxlPSJ3aWR0aDogNzAwcHg7IG1hcmdpbjogNXB4OyI+CjxpbWcgc3JjPSJodHRwOi8vd3d3LnJha3V0ZW4ubmUuanAvZ29sZC9kdGMvZnJhbWUvaW1hZ2VzL3N5b3VoaW5zZXR1bWVpNS5naWYiIHdpZHRoPSI3MDAiIGhlaWdodD0iMzAiPgo8L2Rpdj4KCjxkaXYgc3R5bGU9IndpZHRoOjcxMHB4OyBoZWlnaHQ6MTAwcHg7IG1hcmdpbjowIDVweDsgb3ZlcmZsb3c6aGlkZGVuOyI+Cgo8L2Rpdj4KCjwhLS0KPGRpdiBzdHlsZT0id2lkdGg6IDcwMHB4OyBtYXJnaW46IDAgNXB4OyI+CjxpbWcgc3JjPSJodHRwOi8vd3d3LnJha3V0ZW4ubmUuanAvZ29sZC9kdGMvZnJhbWUvaW1hZ2VzL3N5b3VoaW5zZXR1bWVpMi5naWYiIHdpZHRoPSI3MDAiIGhlaWdodD0iMzAiPgo8L2Rpdj4KPGRpdiBzdHlsZT0id2lkdGg6NzEwcHg7IGhlaWdodDozMDBweDsgIG1hcmdpbjowIDAgMjBweDsgb3ZlcmZsb3c6aGlkZGVuOyI+Cgo8L2Rpdj4KLS0+,44Oe44Oz44OV44Ot44OD44OI44OL44Kz44Oz44OV44Op44OD44K344Ol44Ki44OA44OX44K/44O844CAMjYy77ya44K944OV44Oe44OD44OX5qW95aSp5biC5aC05bqX,44K944OV44Oe44OD44OXU29mbWFw44OR44K944Kz44Oz44K/44OW44Os44OD44OIUENIRETjgqLjgrvjg7Pjg5bjg6rjg5Hjg7zjg4Tjg5Hjgr3jgrPjg7Pjg5Hjg7zjg4Tjg4bjg6zjg5PjgrLjg7zjg6Djg5bjg6vjg7zjg6zjgqTjgr3jg5Xjg4hEVkTjgr3jg5Xjg4jmtrLmmbbjg4bjg6zjg5Pjg5bjg6vjg7zjg6zjgqTjg4fjgqPjgrnjgq/jg6zjgrPjg7zjg4Djg7zjg4fjgrjjgr/jg6vkuIDnnLzjg6zjg5Xjgqvjg6Hjg6njg4fjgrjjgr/jg6vjgqvjg6Hjg6nlrrbpm7vmmYLoqIjkuK3lj6TjgqLjgqbjg4jjg6zjg4Pjg4hpUGFkaVBob25l44Oe44Oz44OV44Ot44OD44OI44OL44Kz44Oz44OV44Op44OD44K344Ol44Ki44OA44OX44K/44O844CAMjYy,44CA44CC44Oe44Oz44OV44Ot44OD44OI44OL44Kz44Oz44OV44Op44OD44K344Ol44Ki44OA44OX44K/44O844CAMjYy[rn]
5-81310,aHR0cDovL3RzaG9wLnIxMHMuanAvZHRjL2NhYmluZXQvMDA5ODM0NjkvODAyNDIyMTAxNzI0My5qcGc/Zml0aW49NzAwOjcwMA==,MTE0MDguMDAwMA==,,VFbjg7vjgqrjg7zjg4fjgqPjgqrjg7vjgqvjg6Hjg6kgPiDjgqLjgq/jgrvjgrXjg6rjg7zjg7vpg6jlk4EgPiDjgqvjg6Hjg6njg7vjg5Pjg4fjgqrjgqvjg6Hjg6njg7vlhYnlrabmqZ/lmajnlKjjgqLjgq/jgrvjgrXjg6rjg7wgPiDkuInohJo=,44CQ6YCB5paZ54Sh5paZ44CR44Oe44Oz44OV44Ot44OD44OIIDTpm7Llj7Dlr77lv5zjgqLjgq/jgrvjgrXjg6rjg7zjgqLjg7zjg6AgMTMxRERC,44CA,PGJyPjx0YWJsZSBib3JkZXI9IjAiIGNlbGxwYWRkaW5nPSIwIiBjZWxsc3BhY2luZz0iMCIgd2lkdGg9IjcxMCIgc3R5bGU9ImxpbmUtaGVpZ2h0OjE0MCU7Ij48dHI+PHRkPjxmb250IHNpemU9IjIiPuS4ieiEmuOBq+OCq+ODoeODqeOChOmbsuWPsOOCkuS4puOBueOBpuS7mOOBkeOCieOCjOOBvuOBmeOAgu+8iOato+S9jee9rjLlj7DjgIHjgrXjgqTjg4nlkIQx5Y+w77yJPGJyPjxicj48L2ZvbnQ+PC90ZD48L3RyPjwvdGFibGU+PCEtLQo8ZGl2IHN0eWxlPSJ3aWR0aDo3MTBweDsgaGVpZ2h0OjE4MHB4OyAgbWFyZ2luOjA7IG92ZXJmbG93OmhpZGRlbjsiPgoKPC9kaXY+Ci0tPgoKPGRpdiBzdHlsZT0id2lkdGg6IDcwMHB4OyBtYXJnaW46IDVweDsiPgo8aW1nIHNyYz0iaHR0cDovL3d3dy5yYWt1dGVuLm5lLmpwL2dvbGQvZHRjL2ZyYW1lL2ltYWdlcy9zeW91aGluc2V0dW1laTUuZ2lmIiB3aWR0aD0iNzAwIiBoZWlnaHQ9IjMwIj4KPC9kaXY+Cgo8ZGl2IHN0eWxlPSJ3aWR0aDo3MTBweDsgaGVpZ2h0OjEwMHB4OyBtYXJnaW46MCA1cHg7IG92ZXJmbG93OmhpZGRlbjsiPgoKPC9kaXY+Cgo8IS0tCjxkaXYgc3R5bGU9IndpZHRoOiA3MDBweDsgbWFyZ2luOiAwIDVweDsiPgo8aW1nIHNyYz0iaHR0cDovL3d3dy5yYWt1dGVuLm5lLmpwL2dvbGQvZHRjL2ZyYW1lL2ltYWdlcy9zeW91aGluc2V0dW1laTIuZ2lmIiB3aWR0aD0iNzAwIiBoZWlnaHQ9IjMwIj4KPC9kaXY+CjxkaXYgc3R5bGU9IndpZHRoOjcxMHB4OyBoZWlnaHQ6MzAwcHg7ICBtYXJnaW46MCAwIDIwcHg7IG92ZXJmbG93OmhpZGRlbjsiPgoKPC9kaXY+Ci0tPg==,44CQ6YCB5paZ54Sh5paZ44CR44Oe44Oz44OV44Ot44OD44OIIDTpm7Llj7Dlr77lv5zjgqLjgq/jgrvjgrXjg6rjg7zjgqLjg7zjg6AgMTMxRERC77ya44K944OV44Oe44OD44OX5qW95aSp5biC5aC05bqX,44K944OV44Oe44OD44OXU29mbWFw44OR44K944Kz44Oz44K/44OW44Os44OD44OIUENIRETjgqLjgrvjg7Pjg5bjg6rjg5Hjg7zjg4Tjg5Hjgr3jgrPjg7Pjg5Hjg7zjg4Tjg4bjg6zjg5PjgrLjg7zjg6Djg5bjg6vjg7zjg6zjgqTjgr3jg5Xjg4hEVkTjgr3jg5Xjg4jmtrLmmbbjg4bjg6zjg5Pjg5bjg6vjg7zjg6zjgqTjg4fjgqPjgrnjgq/jg6zjgrPjg7zjg4Djg7zjg4fjgrjjgr/jg6vkuIDnnLzjg6zjg5Xjgqvjg6Hjg6njg4fjgrjjgr/jg6vjgqvjg6Hjg6nlrrbpm7vmmYLoqIjkuK3lj6TjgqLjgqbjg4jjg6zjg4Pjg4hpUGFkaVBob25l44CQ6YCB5paZ54Sh5paZ44CR44Oe44Oz44OV44Ot44OD44OIIDTpm7Llj7Dlr77lv5zjgqLjgq/jgrvjgrXjg6rjg7zjgqLjg7zjg6AgMTMxRERC,44CA44CC44CQ6YCB5paZ54Sh5paZ44CR44Oe44Oz44OV44Ot44OD44OIIDTpm7Llj7Dlr77lv5zjgqLjgq/jgrvjgrXjg6rjg7zjgqLjg7zjg6AgMTMxRERC[rn]
5-81311,aHR0cDovL3RzaG9wLnIxMHMuanAvZHRjL2NhYmluZXQvMDA3MTgwMjEvODAyNDIyMTI1ODExMC5qcGc/Zml0aW49NzAwOjcwMA==,MTc3NTIuMDAwMA==,,VFbjg7vjgqrjg7zjg4fjgqPjgqrjg7vjgqvjg6Hjg6kgPiDjgqLjgq/jgrvjgrXjg6rjg7zjg7vpg6jlk4EgPiDjgqvjg6Hjg6njg7vjg5Pjg4fjgqrjgqvjg6Hjg6njg7vlhYnlrabmqZ/lmajnlKjjgqLjgq/jgrvjgrXjg6rjg7wgPiDkuInohJo=,44CQ6YCB5paZ54Sh5paZ44CR44Oe44Oz44OV44Ot44OD44OIIOOCr+OCpOODg+OCr+ODquODquODvOOCueODl+ODrOODvOODiOS7mOOBjeWPr+WkieODleODquOCr+OCt+ODp+ODs+OCouODvOODoCAyNDRSQw==,44CA,PHRhYmxlIGJvcmRlcj0iMCIgY2VsbHBhZGRpbmc9IjAiIGNlbGxzcGFjaW5nPSIwIiB3aWR0aD0iNzEwIiBzdHlsZT0ibGluZS1oZWlnaHQ6MTQwJTsiPjx0cj48dGQ+PGZvbnQgc2l6ZT0iMiI+4pag5aSn5Z6L44Ot44OD44Kv44OO44OW44KS5YKZ44GI44Gf6Zai56+A44Ki44O844Og44Gn44GZ44CCPGJyPuKWoOOCr+OCpOODg+OCr+ODquODquODvOOCueOCq+ODoeODqeODl+ODrOODvOODiOOCkuijheWCmeOBl+OBpuOBiuOCiuOAgeOCueODgeODq+OCq+ODoeODqeOBvuOBn+OBr+ODk+ODh+OCquOCq+ODoeODqeOCkjxicj4yMDBQTC0xNOOCq+ODoeODqeODl+ODrOODvOODiOapn+ani+OBq+OCiOOCiueiuuWun+OBq+ODreODg+OCr+OBl+OAgeato+eiuuOBquS9jee9ruOBq+WPluOCiuS7mOOBkeOCieOCjOOBvuOBmeOAgjxicj7ilqDjgqLjg7zjg6Djga7jg63jg4Pjgq8v6Kej6Zmk44Gv44OO44OW44Gu5pON5L2c44Gn6KGM44GE44G+44GZ44CCPGJyPuKWoDUvOOKAs+OBruOCueOCr+ODquODpeODvOeptOOBq+mBqeWQiOOAgjxicj7ilqDjgrnjg7zjg5Hjg7zjgq/jg6njg7Pjg5cwMzXjgajjga7kvbXnlKjjgpLjgYrolqbjgoHjgZfjgb7jgZnjgII8YnI+4pagTWFuZnJvdHRvIDI5MjlRUuOBruW+jOe2meapn+eoruOBp+OBmeOAgjxicj48YnI+5pys5L2T44K144Kk44K6KEjDl1fDl0QpbW3jgJDjgqLjg7zjg6DplbfjgJE0OWNtIDxicj7jgrXjgqTjgrrvvIhtbe+8ieOAkOOCouODvOODoOODgeODpeODvOODluebtOW+hOOAkTIwbW0gPGJyPumHjemHj+ODu+WuuemHjyAxLjExa2cgPGJyPuOAkOadkOizquOAkeOCouODq+ODn+ODi+OCpuODoCA8YnI+44CQ6Kix5a656YeN6YeP44CRNGtnPGJyPjxicj48L2ZvbnQ+PC90ZD48L3RyPjwvdGFibGU+PHRhYmxlIGNlbGxzcGFjaW5nPSIwIiBjZWxscGFkZGluZz0iNCIgYm9yZGVyPSIxIiB3aWR0aD0iNzEwIiBib3JkZXJjb2xvcj0iI2NjY2NjYyI+PHRyPjx0ZCB3aWR0aD0iMTgwIiBiZ2NvbG9yPSIjZWZlZmVmIj48Zm9udCBzaXplPSIyIj7mnKzkvZPjgrXjgqTjgrooSMOXV8OXRCltbTwvZm9udD48L3RkPjx0ZCB3aWR0aD0iNTMwIj48Zm9udCBzaXplPSIyIj7jgJDjgqLjg7zjg6DplbfjgJE0OWNtPC9mb250PjwvdGQ+PC90cj48dHI+PHRkIHdpZHRoPSIxODAiIGJnY29sb3I9IiNlZmVmZWYiPjxmb250IHNpemU9IjIiPuOCteOCpOOCuu+8iG1t77yJPC9mb250PjwvdGQ+PHRkIHdpZHRoPSI1MzAiPjxmb250IHNpemU9IjIiPuOAkOOCouODvOODoOODgeODpeODvOODluebtOW+hOOAkTIwbW08L2ZvbnQ+PC90ZD48L3RyPjx0cj48dGQgd2lkdGg9IjE4MCIgYmdjb2xvcj0iI2VmZWZlZiI+PGZvbnQgc2l6ZT0iMiI+6YeN6YeP44O75a656YePPC9mb250PjwvdGQ+PHRkIHdpZHRoPSI1MzAiPjxmb250IHNpemU9IjIiPjEuMTFrZzwvZm9udD48L3RkPjwvdHI+PHRyPjx0ZCB3aWR0aD0iMTgwIiBiZ2NvbG9yPSIjZWZlZmVmIj48Zm9udCBzaXplPSIyIj7jgZ3jga7ku5YxPC9mb250PjwvdGQ+PHRkIHdpZHRoPSI1MzAiPjxmb250IHNpemU9IjIiPuOAkOadkOizquOAkeOCouODq+ODn+ODi+OCpuODoDwvZm9udD48L3RkPjwvdHI+PHRyPjx0ZCB3aWR0aD0iMTgwIiBiZ2NvbG9yPSIjZWZlZmVmIj48Zm9udCBzaXplPSIyIj7jgZ3jga7ku5YyPC9mb250PjwvdGQ+PHRkIHdpZHRoPSI1MzAiPjxmb250IHNpemU9IjIiPuOAkOioseWuuemHjemHj+OAkTRrZzwvZm9udD48L3RkPjwvdHI+PC90YWJsZT48IS0tCjxkaXYgc3R5bGU9IndpZHRoOjcxMHB4OyBoZWlnaHQ6MTgwcHg7ICBtYXJnaW46MDsgb3ZlcmZsb3c6aGlkZGVuOyI+Cgo8L2Rpdj4KLS0+Cgo8ZGl2IHN0eWxlPSJ3aWR0aDogNzAwcHg7IG1hcmdpbjogNXB4OyI+CjxpbWcgc3JjPSJodHRwOi8vd3d3LnJha3V0ZW4ubmUuanAvZ29sZC9kdGMvZnJhbWUvaW1hZ2VzL3N5b3VoaW5zZXR1bWVpNS5naWYiIHdpZHRoPSI3MDAiIGhlaWdodD0iMzAiPgo8L2Rpdj4KCjxkaXYgc3R5bGU9IndpZHRoOjcxMHB4OyBoZWlnaHQ6MTAwcHg7IG1hcmdpbjowIDVweDsgb3ZlcmZsb3c6aGlkZGVuOyI+Cgo8L2Rpdj4KCjwhLS0KPGRpdiBzdHlsZT0id2lkdGg6IDcwMHB4OyBtYXJnaW46IDAgNXB4OyI+CjxpbWcgc3JjPSJodHRwOi8vd3d3LnJha3V0ZW4ubmUuanAvZ29sZC9kdGMvZnJhbWUvaW1hZ2VzL3N5b3VoaW5zZXR1bWVpMi5naWYiIHdpZHRoPSI3MDAiIGhlaWdodD0iMzAiPgo8L2Rpdj4KPGRpdiBzdHlsZT0id2lkdGg6NzEwcHg7IGhlaWdodDozMDBweDsgIG1hcmdpbjowIDAgMjBweDsgb3ZlcmZsb3c6aGlkZGVuOyI+Cgo8L2Rpdj4KLS0+,44CQ6YCB5paZ54Sh5paZ44CR44Oe44Oz44OV44Ot44OD44OIIOOCr+OCpOODg+OCr+ODquODquODvOOCueODl+ODrOODvOODiOS7mOOBjeWPr+WkieODleODquOCr+OCt+ODp+ODs+OCouODvOODoCAyNDRSQ++8muOCveODleODnuODg+ODl+alveWkqeW4guWgtOW6lw==,44K944OV44Oe44OD44OXU29mbWFw44OR44K944Kz44Oz44K/44OW44Os44OD44OIUENIRETjgqLjgrvjg7Pjg5bjg6rjg5Hjg7zjg4Tjg5Hjgr3jgrPjg7Pjg5Hjg7zjg4Tjg4bjg6zjg5PjgrLjg7zjg6Djg5bjg6vjg7zjg6zjgqTjgr3jg5Xjg4hEVkTjgr3jg5Xjg4jmtrLmmbbjg4bjg6zjg5Pjg5bjg6vjg7zjg6zjgqTjg4fjgqPjgrnjgq/jg6zjgrPjg7zjg4Djg7zjg4fjgrjjgr/jg6vkuIDnnLzjg6zjg5Xjgqvjg6Hjg6njg4fjgrjjgr/jg6vjgqvjg6Hjg6nlrrbpm7vmmYLoqIjkuK3lj6TjgqLjgqbjg4jjg6zjg4Pjg4hpUGFkaVBob25l44CQ6YCB5paZ54Sh5paZ44CR44Oe44Oz44OV44Ot44OD44OIIOOCr+OCpOODg+OCr+ODquODquODvOOCueODl+ODrOODvOODiOS7mOOBjeWPr+WkieODleODquOCr+OCt+ODp+ODs+OCouODvOODoCAyNDRSQw==,44CA44CC44CQ6YCB5paZ54Sh5paZ44CR44Oe44Oz44OV44Ot44OD44OIIOOCr+OCpOODg+OCr+ODquODquODvOOCueODl+ODrOODvOODiOS7mOOBjeWPr+WkieODleODquOCr+OCt+ODp+ODs+OCouODvOODoCAyNDRSQw==[rn]
5-81312,aHR0cDovL3RzaG9wLnIxMHMuanAvZHRjL2NhYmluZXQvMDA3MTgwMjEvODAyNDIyMTAxMjYyMC5qcGc/Zml0aW49NzAwOjcwMA==,MTAyMDguMDAwMA==,,VFbjg7vjgqrjg7zjg4fjgqPjgqrjg7vjgqvjg6Hjg6kgPiDjgqLjgq/jgrvjgrXjg6rjg7zjg7vpg6jlk4EgPiDjgqvjg6Hjg6njg7vjg5Pjg4fjgqrjgqvjg6Hjg6njg7vlhYnlrabmqZ/lmajnlKjjgqLjgq/jgrvjgrXjg6rjg7wgPiDkuInohJo=,44CQ6YCB5paZ54Sh5paZ44CR44Oe44Oz44OV44Ot44OD44OIIOiDjOaZr+e0mTPmnKzmjpvjgZHjg5Xjg4Pjgq8o5bem5Y+z5LiA5a++LzAzNeOCueODvOODkeODvOOCr+ODqeODs+ODl+S7mOOBjSkgMDQ0,44CA,PHRhYmxlIGJvcmRlcj0iMCIgY2VsbHBhZGRpbmc9IjAiIGNlbGxzcGFjaW5nPSIwIiB3aWR0aD0iNzEwIiBzdHlsZT0ibGluZS1oZWlnaHQ6MTQwJTsiPjx0cj48dGQ+PGZvbnQgc2l6ZT0iMiI+Qi9Q44OI44Oq44OX44Or44OV44OD44KvMDQ144Go44K544O844OR44O844Kv44Op44Oz44OXMDM177yIMuWAi++8ieOBruOCu+ODg+ODiOOAgjLntYTjgrvjg4Pjg4jjgILph43ph4/jg7vlrrnph48gMi44NWtnPGJyPjxicj48L2ZvbnQ+PC90ZD48L3RyPjwvdGFibGU+PHRhYmxlIGNlbGxzcGFjaW5nPSIwIiBjZWxscGFkZGluZz0iNCIgYm9yZGVyPSIxIiB3aWR0aD0iNzEwIiBib3JkZXJjb2xvcj0iI2NjY2NjYyI+PHRyPjx0ZCB3aWR0aD0iMTgwIiBiZ2NvbG9yPSIjZWZlZmVmIj48Zm9udCBzaXplPSIyIj7ph43ph4/jg7vlrrnph488L2ZvbnQ+PC90ZD48dGQgd2lkdGg9IjUzMCI+PGZvbnQgc2l6ZT0iMiI+Mi44NWtnPC9mb250PjwvdGQ+PC90cj48L3RhYmxlPjwhLS0KPGRpdiBzdHlsZT0id2lkdGg6NzEwcHg7IGhlaWdodDoxODBweDsgIG1hcmdpbjowOyBvdmVyZmxvdzpoaWRkZW47Ij4KCjwvZGl2PgotLT4KCjxkaXYgc3R5bGU9IndpZHRoOiA3MDBweDsgbWFyZ2luOiA1cHg7Ij4KPGltZyBzcmM9Imh0dHA6Ly93d3cucmFrdXRlbi5uZS5qcC9nb2xkL2R0Yy9mcmFtZS9pbWFnZXMvc3lvdWhpbnNldHVtZWk1LmdpZiIgd2lkdGg9IjcwMCIgaGVpZ2h0PSIzMCI+CjwvZGl2PgoKPGRpdiBzdHlsZT0id2lkdGg6NzEwcHg7IGhlaWdodDoxMDBweDsgbWFyZ2luOjAgNXB4OyBvdmVyZmxvdzpoaWRkZW47Ij4KCjwvZGl2PgoKPCEtLQo8ZGl2IHN0eWxlPSJ3aWR0aDogNzAwcHg7IG1hcmdpbjogMCA1cHg7Ij4KPGltZyBzcmM9Imh0dHA6Ly93d3cucmFrdXRlbi5uZS5qcC9nb2xkL2R0Yy9mcmFtZS9pbWFnZXMvc3lvdWhpbnNldHVtZWkyLmdpZiIgd2lkdGg9IjcwMCIgaGVpZ2h0PSIzMCI+CjwvZGl2Pgo8ZGl2IHN0eWxlPSJ3aWR0aDo3MTBweDsgaGVpZ2h0OjMwMHB4OyAgbWFyZ2luOjAgMCAyMHB4OyBvdmVyZmxvdzpoaWRkZW47Ij4KCjwvZGl2PgotLT4=,44CQ6YCB5paZ54Sh5paZ44CR44Oe44Oz44OV44Ot44OD44OIIOiDjOaZr+e0mTPmnKzmjpvjgZHjg5Xjg4Pjgq8o5bem5Y+z5LiA5a++LzAzNeOCueODvOODkeODvOOCr+ODqeODs+ODl+S7mOOBjSkgMDQ077ya44K944OV44Oe44OD44OX5qW95aSp5biC5aC05bqX,44K944OV44Oe44OD44OXU29mbWFw44OR44K944Kz44Oz44K/44OW44Os44OD44OIUENIRETjgqLjgrvjg7Pjg5bjg6rjg5Hjg7zjg4Tjg5Hjgr3jgrPjg7Pjg5Hjg7zjg4Tjg4bjg6zjg5PjgrLjg7zjg6Djg5bjg6vjg7zjg6zjgqTjgr3jg5Xjg4hEVkTjgr3jg5Xjg4jmtrLmmbbjg4bjg6zjg5Pjg5bjg6vjg7zjg6zjgqTjg4fjgqPjgrnjgq/jg6zjgrPjg7zjg4Djg7zjg4fjgrjjgr/jg6vkuIDnnLzjg6zjg5Xjgqvjg6Hjg6njg4fjgrjjgr/jg6vjgqvjg6Hjg6nlrrbpm7vmmYLoqIjkuK3lj6TjgqLjgqbjg4jjg6zjg4Pjg4hpUGFkaVBob25l44CQ6YCB5paZ54Sh5paZ44CR44Oe44Oz44OV44Ot44OD44OIIOiDjOaZr+e0mTPmnKzmjpvjgZHjg5Xjg4Pjgq8o5bem5Y+z5LiA5a++LzAzNeOCueODvOODkeODvOOCr+ODqeODs+ODl+S7mOOBjSkgMDQ0,44CA44CC44CQ6YCB5paZ54Sh5paZ44CR44Oe44Oz44OV44Ot44OD44OIIOiDjOaZr+e0mTPmnKzmjpvjgZHjg5Xjg4Pjgq8o5bem5Y+z5LiA5a++LzAzNeOCueODvOODkeODvOOCr+ODqeODs+ODl+S7mOOBjSkgMDQ0[rn]
5-81313,aHR0cDovL3RzaG9wLnIxMHMuanAvZHRjL2NhYmluZXQvMjAxNDEyMjBzLzgwMjQyMjEwMTYzNjkuanBnP2ZpdGluPTcwMDo3MDA=,MTA4MDguMDAwMA==,,VFbjg7vjgqrjg7zjg4fjgqPjgqrjg7vjgqvjg6Hjg6kgPiDjgqLjgq/jgrvjgrXjg6rjg7zjg7vpg6jlk4EgPiDjgqvjg6Hjg6njg7vjg5Pjg4fjgqrjgqvjg6Hjg6njg7vlhYnlrabmqZ/lmajnlKjjgqLjgq/jgrvjgrXjg6rjg7wgPiDkuInohJo=,44CQ6YCB5paZ54Sh5paZ44CR44Oe44Oz44OV44Ot44OD44OIIDExMCDjg5vjgqTjg7zjg6vjgrvjg4Pjg4go44OW44Os44O844Kt5LuYKQ==,44CA,PCEtLQo8ZGl2IHN0eWxlPSJ3aWR0aDo3MTBweDsgaGVpZ2h0OjE4MHB4OyAgbWFyZ2luOjA7IG92ZXJmbG93OmhpZGRlbjsiPgoKPC9kaXY+Ci0tPgoKPGRpdiBzdHlsZT0id2lkdGg6IDcwMHB4OyBtYXJnaW46IDVweDsiPgo8aW1nIHNyYz0iaHR0cDovL3d3dy5yYWt1dGVuLm5lLmpwL2dvbGQvZHRjL2ZyYW1lL2ltYWdlcy9zeW91aGluc2V0dW1laTUuZ2lmIiB3aWR0aD0iNzAwIiBoZWlnaHQ9IjMwIj4KPC9kaXY+Cgo8ZGl2IHN0eWxlPSJ3aWR0aDo3MTBweDsgaGVpZ2h0OjEwMHB4OyBtYXJnaW46MCA1cHg7IG92ZXJmbG93OmhpZGRlbjsiPgoKPC9kaXY+Cgo8IS0tCjxkaXYgc3R5bGU9IndpZHRoOiA3MDBweDsgbWFyZ2luOiAwIDVweDsiPgo8aW1nIHNyYz0iaHR0cDovL3d3dy5yYWt1dGVuLm5lLmpwL2dvbGQvZHRjL2ZyYW1lL2ltYWdlcy9zeW91aGluc2V0dW1laTIuZ2lmIiB3aWR0aD0iNzAwIiBoZWlnaHQ9IjMwIj4KPC9kaXY+CjxkaXYgc3R5bGU9IndpZHRoOjcxMHB4OyBoZWlnaHQ6MzAwcHg7ICBtYXJnaW46MCAwIDIwcHg7IG92ZXJmbG93OmhpZGRlbjsiPgoKPC9kaXY+Ci0tPg==,44CQ6YCB5paZ54Sh5paZ44CR44Oe44Oz44OV44Ot44OD44OIIDExMCDjg5vjgqTjg7zjg6vjgrvjg4Pjg4go44OW44Os44O844Kt5LuYKe+8muOCveODleODnuODg+ODl+alveWkqeW4guWgtOW6lw==,44K944OV44Oe44OD44OXU29mbWFw44OR44K944Kz44Oz44K/44OW44Os44OD44OIUENIRETjgqLjgrvjg7Pjg5bjg6rjg5Hjg7zjg4Tjg5Hjgr3jgrPjg7Pjg5Hjg7zjg4Tjg4bjg6zjg5PjgrLjg7zjg6Djg5bjg6vjg7zjg6zjgqTjgr3jg5Xjg4hEVkTjgr3jg5Xjg4jmtrLmmbbjg4bjg6zjg5Pjg5bjg6vjg7zjg6zjgqTjg4fjgqPjgrnjgq/jg6zjgrPjg7zjg4Djg7zjg4fjgrjjgr/jg6vkuIDnnLzjg6zjg5Xjgqvjg6Hjg6njg4fjgrjjgr/jg6vjgqvjg6Hjg6nlrrbpm7vmmYLoqIjkuK3lj6TjgqLjgqbjg4jjg6zjg4Pjg4hpUGFkaVBob25l44CQ6YCB5paZ54Sh5paZ44CR44Oe44Oz44OV44Ot44OD44OIIDExMCDjg5vjgqTjg7zjg6vjgrvjg4Pjg4go44OW44Os44O844Kt5LuYKQ==,44CA44CC44CQ6YCB5paZ54Sh5paZ44CR44Oe44Oz44OV44Ot44OD44OIIDExMCDjg5vjgqTjg7zjg6vjgrvjg4Pjg4go44OW44Os44O844Kt5LuYKQ==[rn]
5-81314,aHR0cDovL3RzaG9wLnIxMHMuanAvZHRjL2NhYmluZXQvMDEwNDM3MTQvODAyNDIyMTAxOTMwOC5qcGc/Zml0aW49NzAwOjcwMA==,NTMyOC4wMDAw,,VFbjg7vjgqrjg7zjg4fjgqPjgqrjg7vjgqvjg6Hjg6kgPiDjgqLjgq/jgrvjgrXjg6rjg7zjg7vpg6jlk4EgPiDjgqvjg6Hjg6njg7vjg5Pjg4fjgqrjgqvjg6Hjg6njg7vlhYnlrabmqZ/lmajnlKjjgqLjgq/jgrvjgrXjg6rjg7wgPiDkuInohJo=,44Oe44Oz44OV44Ot44OD44OI44Oi44OL44K/44O8L+ODl+ODreOCuOOCp+OCr+OCv+ODvOODm+ODq+ODgOODvCAxODM=,44CA,PHRhYmxlIGJvcmRlcj0iMCIgY2VsbHBhZGRpbmc9IjAiIGNlbGxzcGFjaW5nPSIwIiB3aWR0aD0iNzEwIiBzdHlsZT0ibGluZS1oZWlnaHQ6MTQwJTsiPjx0cj48dGQ+PGZvbnQgc2l6ZT0iMiI+4pag44OX44Ot44K444KnIOOCr+OCv+ODvOOBvuOBn+OBr+ODouODi+OCv+ODvOOCueOCv+ODs+ODieOBqOOBl+OBpueQhuaDs+eahOOBp+OBmeOAgiA8YnI+PGJyPuOAkOijveWTgeS7leanmOOAkTxicj7ntKDmnZDvvJphbHVtaW51bTxicj7oibLvvJpibGFjayBjb2xvcjxicj7ooqvlhpnnlYzmt7HluqbvvJoyNS4wIGNtPGJyPumVt+OBle+8mjM1LjAgY208YnI+6ICQ6I236YeN77yaMjAga2c8YnI+6Ieq6YeN77yaMSBrZzxicj48YnI+PC9mb250PjwvdGQ+PC90cj48L3RhYmxlPjwhLS0KPGRpdiBzdHlsZT0id2lkdGg6NzEwcHg7IGhlaWdodDoxODBweDsgIG1hcmdpbjowOyBvdmVyZmxvdzpoaWRkZW47Ij4KCjwvZGl2PgotLT4KCjxkaXYgc3R5bGU9IndpZHRoOiA3MDBweDsgbWFyZ2luOiA1cHg7Ij4KPGltZyBzcmM9Imh0dHA6Ly93d3cucmFrdXRlbi5uZS5qcC9nb2xkL2R0Yy9mcmFtZS9pbWFnZXMvc3lvdWhpbnNldHVtZWk1LmdpZiIgd2lkdGg9IjcwMCIgaGVpZ2h0PSIzMCI+CjwvZGl2PgoKPGRpdiBzdHlsZT0id2lkdGg6NzEwcHg7IGhlaWdodDoxMDBweDsgbWFyZ2luOjAgNXB4OyBvdmVyZmxvdzpoaWRkZW47Ij4KCjwvZGl2PgoKPCEtLQo8ZGl2IHN0eWxlPSJ3aWR0aDogNzAwcHg7IG1hcmdpbjogMCA1cHg7Ij4KPGltZyBzcmM9Imh0dHA6Ly93d3cucmFrdXRlbi5uZS5qcC9nb2xkL2R0Yy9mcmFtZS9pbWFnZXMvc3lvdWhpbnNldHVtZWkyLmdpZiIgd2lkdGg9IjcwMCIgaGVpZ2h0PSIzMCI+CjwvZGl2Pgo8ZGl2IHN0eWxlPSJ3aWR0aDo3MTBweDsgaGVpZ2h0OjMwMHB4OyAgbWFyZ2luOjAgMCAyMHB4OyBvdmVyZmxvdzpoaWRkZW47Ij4KCjwvZGl2PgotLT4=,44Oe44Oz44OV44Ot44OD44OI44Oi44OL44K/44O8L+ODl+ODreOCuOOCp+OCr+OCv+ODvOODm+ODq+ODgOODvCAxODPvvJrjgr3jg5Xjg57jg4Pjg5fmpb3lpKnluILloLTlupc=,44K944OV44Oe44OD44OXU29mbWFw44OR44K944Kz44Oz44K/44OW44Os44OD44OIUENIRETjgqLjgrvjg7Pjg5bjg6rjg5Hjg7zjg4Tjg5Hjgr3jgrPjg7Pjg5Hjg7zjg4Tjg4bjg6zjg5PjgrLjg7zjg6Djg5bjg6vjg7zjg6zjgqTjgr3jg5Xjg4hEVkTjgr3jg5Xjg4jmtrLmmbbjg4bjg6zjg5Pjg5bjg6vjg7zjg6zjgqTjg4fjgqPjgrnjgq/jg6zjgrPjg7zjg4Djg7zjg4fjgrjjgr/jg6vkuIDnnLzjg6zjg5Xjgqvjg6Hjg6njg4fjgrjjgr/jg6vjgqvjg6Hjg6nlrrbpm7vmmYLoqIjkuK3lj6TjgqLjgqbjg4jjg6zjg4Pjg4hpUGFkaVBob25l44Oe44Oz44OV44Ot44OD44OI44Oi44OL44K/44O8L+ODl+ODreOCuOOCp+OCr+OCv+ODvOODm+ODq+ODgOODvCAxODM=,44CA44CC44Oe44Oz44OV44Ot44OD44OI44Oi44OL44K/44O8L+ODl+ODreOCuOOCp+OCr+OCv+ODvOODm+ODq+ODgOODvCAxODM=[rn]
5-81315,aHR0cDovL3RzaG9wLnIxMHMuanAvZHRjL2NhYmluZXQvMjAxNDEyMjBzLzQ5MDY3NTIyMzMwNjEuanBnP2ZpdGluPTcwMDo3MDA=,MTAwMC4wMDAw,,VFbjg7vjgqrjg7zjg4fjgqPjgqrjg7vjgqvjg6Hjg6kgPiDjgqLjgq/jgrvjgrXjg6rjg7zjg7vpg6jlk4EgPiDjgqvjg6Hjg6njg7vjg5Pjg4fjgqrjgqvjg6Hjg6njg7vlhYnlrabmqZ/lmajnlKjjgqLjgq/jgrvjgrXjg6rjg7wgPiDkuInohJo=,44K544Oq44OD44Kv44K544Oq44OD44KvIOOCueODiOODqeODg+ODl0w=,44CA,PHRhYmxlIGJvcmRlcj0iMCIgY2VsbHBhZGRpbmc9IjAiIGNlbGxzcGFjaW5nPSIwIiB3aWR0aD0iNzEwIiBzdHlsZT0ibGluZS1oZWlnaHQ6MTQwJTsiPjx0cj48dGQ+PGZvbnQgc2l6ZT0iMiI+6Zuy5Y+w44Go5LiJ6ISa44Gu6ZaT44Go44CB6ISa44Gu44OK44OD44OI6YOo44G+44Gf44Gv44Os44OQ44O86YOo44Gu5LiK44Gn6ISa44KS5p2f44Gt44KL44KI44GG44Gr44GX44Gm5Zu65a6a44GZ44KL5LiJ6ISa55So44Gu44K544OI44Op44OD44OX44Gn44GZ44CCPGJyPjxicj48YnI+PC9mb250PjwvdGQ+PC90cj48L3RhYmxlPjwhLS0KPGRpdiBzdHlsZT0id2lkdGg6NzEwcHg7IGhlaWdodDoxODBweDsgIG1hcmdpbjowOyBvdmVyZmxvdzpoaWRkZW47Ij4KCjwvZGl2PgotLT4KCjxkaXYgc3R5bGU9IndpZHRoOiA3MDBweDsgbWFyZ2luOiA1cHg7Ij4KPGltZyBzcmM9Imh0dHA6Ly93d3cucmFrdXRlbi5uZS5qcC9nb2xkL2R0Yy9mcmFtZS9pbWFnZXMvc3lvdWhpbnNldHVtZWk1LmdpZiIgd2lkdGg9IjcwMCIgaGVpZ2h0PSIzMCI+CjwvZGl2PgoKPGRpdiBzdHlsZT0id2lkdGg6NzEwcHg7IGhlaWdodDoxMDBweDsgbWFyZ2luOjAgNXB4OyBvdmVyZmxvdzpoaWRkZW47Ij4KCjwvZGl2PgoKPCEtLQo8ZGl2IHN0eWxlPSJ3aWR0aDogNzAwcHg7IG1hcmdpbjogMCA1cHg7Ij4KPGltZyBzcmM9Imh0dHA6Ly93d3cucmFrdXRlbi5uZS5qcC9nb2xkL2R0Yy9mcmFtZS9pbWFnZXMvc3lvdWhpbnNldHVtZWkyLmdpZiIgd2lkdGg9IjcwMCIgaGVpZ2h0PSIzMCI+CjwvZGl2Pgo8ZGl2IHN0eWxlPSJ3aWR0aDo3MTBweDsgaGVpZ2h0OjMwMHB4OyAgbWFyZ2luOjAgMCAyMHB4OyBvdmVyZmxvdzpoaWRkZW47Ij4KCjwvZGl2PgotLT4=,44K544Oq44OD44Kv44K544Oq44OD44KvIOOCueODiOODqeODg+ODl0zvvJrjgr3jg5Xjg57jg4Pjg5fmpb3lpKnluILloLTlupc=,44K944OV44Oe44OD44OXU29mbWFw44OR44K944Kz44Oz44K/44OW44Os44OD44OIUENIRETjgqLjgrvjg7Pjg5bjg6rjg5Hjg7zjg4Tjg5Hjgr3jgrPjg7Pjg5Hjg7zjg4Tjg4bjg6zjg5PjgrLjg7zjg6Djg5bjg6vjg7zjg6zjgqTjgr3jg5Xjg4hEVkTjgr3jg5Xjg4jmtrLmmbbjg4bjg6zjg5Pjg5bjg6vjg7zjg6zjgqTjg4fjgqPjgrnjgq/jg6zjgrPjg7zjg4Djg7zjg4fjgrjjgr/jg6vkuIDnnLzjg6zjg5Xjgqvjg6Hjg6njg4fjgrjjgr/jg6vjgqvjg6Hjg6nlrrbpm7vmmYLoqIjkuK3lj6TjgqLjgqbjg4jjg6zjg4Pjg4hpUGFkaVBob25l44K544Oq44OD44Kv44K544Oq44OD44KvIOOCueODiOODqeODg+ODl0w=,44CA44CC44K544Oq44OD44Kv44K544Oq44OD44KvIOOCueODiOODqeODg+ODl0w=[rn]
5-81316,aHR0cDovL3RzaG9wLnIxMHMuanAvc2Fud2FkaXJlY3QvY2FiaW5ldC8yLzIwMC1kZ2ZsdXYwMDIuanBnP2ZpdGluPTcwMDo3MDA=,Nzg0LjAwMDA=,,VFbjg7vjgqrjg7zjg4fjgqPjgqrjg7vjgqvjg6Hjg6kgPiDjgqLjgq/jgrvjgrXjg6rjg7zjg7vpg6jlk4EgPiDjgqvjg6Hjg6njg7vjg5Pjg4fjgqrjgqvjg6Hjg6njg7vlhYnlrabmqZ/lmajnlKjjgqLjgq/jgrvjgrXjg6rjg7wgPiDkuqTmj5vjg6zjg7PjgrrnlKjjgqLjgq/jgrvjgrXjg6rjg7wgPiDjg6zjg7Pjgrrjg5XjgqPjg6vjgr/jg7w=,44Os44Oz44K644OV44Kj44Or44K/44O8IDUybW0g5b6EIOS4gOecvOODrOODleODu+ODn+ODqeODvOODrOOCuSBVVuODleOCo+ODq+OCv+ODvCDjg6zjg7Pjgrrkv53orbcg5Lih6Z2i44Oe44Or44OB44Kz44O844OG44Kj44Oz44KwIDUy44Of44Oq5b6E77y7MjAwLURHRkxVVjAwMu+8veOAkOOCteODs+ODr+ODgOOCpOODrOOCr+ODiOmZkOWumuWTgeOAkeOAkOODjeOCs+ODneOCueWvvuW/nOOAkeOAkOalveWkqUJPWOWPl+WPluWvvuixoeWVhuWTgeOAkQ==,44CA,PGRpdiBpZD0iaXRlbS1leHAiIGNsYXNzPSJhMTA1MCI+PCEtLemAgeaWmeOBguOBqOOBoeOCh+OBo+OBqC0tPjxkaXYgaWQ9Imtpbml0c3UiPjxpbWcgc3JjPSJodHRwOi8vaW1hZ2UucmFrdXRlbi5jby5qcC9zYW53YWRpcmVjdC9jYWJpbmV0L2Rlc2lnbi9zbXVyeW91X3RhYi5naWYiPjwvZGl2PjwhLS3pgIHmlpnjgYLjgajjgaHjgofjgaPjgajjgZPjgZPjgb7jgactLT48aDE+5ZWG5ZOB6Kmz57SwPC9oMT48ZGl2IGNsYXNzPSJpdGVtIj48b2wgY2xhc3M9InBhbiI+44Kr44OG44K044Oq77yaPGxpPuOCq+ODoeODqeOCouOCr+OCu+OCteODquODvDwvbGk+PGxpIGNsYXNzPSJlbmQiPuODrOODs+OCuuODleOCo+ODq+OCv+ODvDwvbGk+PC9vbD7kuIDnnLzjg6zjg5XjgIHjg5/jg6njg7zjg6zjgrnjgIHkuIDnnLzjgqvjg6Hjg6njga7jg6zjg7PjgrrjgpLjgq3jgrrjgoTmsZrjgozjgYvjgonkv53orbfjgZnjgovjgIHjg6zjg7Pjgrrjg5fjg63jg4bjgq/jg4jjg5XjgqPjg6vjgr/jg7zjgIJVVuOCs+ODvOODhuOCo+ODs+OCsOS7leanmOOBp+OAgee0q+Wklue3muOCkue0hDg077yF44Kr44OD44OI44CC44Os44Oz44K644Gu5YWI44Gr44Gt44GY6L6844KA44Gg44GR44Gu57Ch5Y2Y5Y+W5LuY44CC57SU5q2j44Os44Oz44K644Kt44Oj44OD44OX44Gu6KOF552A5Y+v6IO944CCNTJtbeWwgueUqOOAgjxoMj7nibnplbc8L2gyPuKXj+ODn+ODqeODvOODrOOCueS4gOecvOOAgeODh+OCuOOCv+ODq+S4gOecvOOBruODrOODs+OCuuOCkuS/neitt+OBmeOCi+OBn+OCgeOBruODleOCo+ODq+OCv+ODvOOBp+OBmeOAgjxicj7il4/jgqvjg6Hjg6njga7jg6zjg7PjgrrjgpLjgIHmsZrjgozjgIHjgq3jgrrjgIHooZ3mkoPjgarjganjgYvjgonlrojjgorjgb7jgZnjgII8YnI+4peP44Os44Oz44K65Y+j5b6ENTJtbeOBruODrOODs+OCuuOBq+WvvuW/nOOBl+OBpuOBhOOBvuOBmeOAgjxicj7il49VVuOCs+ODvOODhuOCo+ODs+OCsOS7leanmOOBp+OAgee0hDg077yF57Sr5aSW57ea44KS44Kr44OD44OI44GX44G+44GZ44CCPGJyPuKXj+S4oemdouODnuODq+ODgeOCs+ODvOODiOWKoOW3pea4iOOBv+OBp+OAgeS9meioiOOBquWPjeWwhOWFieOCkuaKkeOBiOOBvuOBmeOAgjxicj7il4/jg6zjg7Pjgrrjga7lhYjjgavjga3jgZjovrzjgoDjgaDjgZHjga7jgIHnsKHljZjlj5bku5jjgafjgZnjgII8YnI+4peP44Os44Oz44K65L+d6K2344OV44Kj44Or44K/44O844Gu5LiK44GL44KJ44CB57SU5q2j44Kt44Oj44OD44OX44Gu6KOF552A44KC44Gn44GN44G+44GZ44CCPGgyPuS7leanmDwvaDI+4pag5a++5b+c44OV44Kj44Or44K/44O85b6E77yaNTJtbTxicj7ilqDntKvlpJbnt5rjgqvjg4Pjg4jnjofvvJrntIQ4NO+8hTxicj7ilqDnlJ/nlKPlm73vvJrkuK3lm708YnI+4pag5Y+W5omx6Kqs5piO5pu477ya44Gq44GXPGJyPuKWoOS/neiovOacn+mWk++8muWIneacn+S4jeiJr+OBruOBvzxoMj7lr77lv5zmqZ/nqK48L2gyPuKWoOWvvuW/nOODrOODs+OCuu+8mjxicj7jg4vjgrPjg7MgQUYtUyBEWCBOSUtLT1IgMTgtNTVtbSBmLzMuNS01LjZHIFZSIElJPGJyPuODi+OCs+ODsyBBRi1TIERYIE5JS0tPUiAzNW1tIGYvMS44Rzxicj7jgq3jg6Tjg47jg7MgRUYtTTU1LTIwMG1tIEY0LjUtNi4zIElTIFNUTTxicj7jgq3jg6Tjg47jg7MgRUYtUzI0bW0gRjIuOCBTVE08YnI+44Gq44GpPGJyPjxicj7igLvjg6zjg7Pjgrrjgq3jg4Pjg4jjgpLjgYrmjIHjgaHjga7loLTlkIjjga/jgIHku5jlsZ7jg6zjg7Pjgrrjga7lnovnlarjgpLjgZTnorroqo3kuIvjgZXjgYTjgII8cCBjbGFzcz0iZGF0ZSI+44CQMjAxNuW5tDTmnIjnmbvpjLLjgJE8L3A+PC9kaXY+PGRpdiBjbGFzcz0iZnJhbWUiPjwvZGl2PjxwIGNsYXNzPSJrZXl3b3JkIj7plqLpgKPjgq3jg7zjg6/jg7zjg4nvvJrjgrXjg7Pjg6/jgrXjg5fjg6njgqQ8L3A+PC9kaXY+PGxpbmsgcmVsPSJzdHlsZXNoZWV0IiBocmVmPSJodHRwOi8vd3d3LnJha3V0ZW4ubmUuanAvZ29sZC9zYW53YWRpcmVjdC9zdHlsZV9mb290LmNzcyIgaHJlZmxhbmc9ImphIiBtZWRpYT0iYWxsIj48ZGl2IHN0eWxlPSJtYXJnaW46MCI+PGRpdiBpZD0iZ29vZHMiPjxoMiBjbGFzcz0ibHNpemUiPuOBk+OCjOOBjOWjsuOCjOOBpuOBvuOBmTwvaDI+PGRpdiBjbGFzcz0iYm94XzRsIj48ZGl2IGNsYXNzPSJpdGVtIj48aW1nIHNyYz0iaHR0cDovL3RodW1ibmFpbC5pbWFnZS5yYWt1dGVuLmNvLmpwL0AwX21hbGwvc2Fud2FkaXJlY3QvY2FiaW5ldC8yLzIwMC1iYWdicDAwNC5qcGc/X2V4PTE2MHgxNjAiIGNsYXNzPSJwaG90byI+PHAgY2xhc3M9Im5hbWUiPuapn+iDvcOX44OH44K244Kk44OzPGJyPuOCueOCr+OCqOOCouODquODpeODg+OCryA8L3A+PC9kaXY+PGRpdiBjbGFzcz0iaXRlbSI+PGltZyBzcmM9Imh0dHA6Ly90aHVtYm5haWwuaW1hZ2UucmFrdXRlbi5jby5qcC9AMF9tYWxsL3NhbndhZGlyZWN0L2NhYmluZXQvNzIvNzAwLWFjMDExd19mdDEuanBnP19leD0xNjB4MTYwIiBjbGFzcz0icGhvdG8iPjxwIGNsYXNzPSJuYW1lIj7mgKXpgJ/lhYXpm7vlr77lv5w8YnI+NuODneODvOODiFVTQuWFhembu+WZqDwvcD48L2Rpdj48ZGl2IGNsYXNzPSJpdGVtIj48aW1nIHNyYz0iaHR0cDovL3RodW1ibmFpbC5pbWFnZS5yYWt1dGVuLmNvLmpwL0AwX21hbGwvc2Fud2FkaXJlY3QvY2FiaW5ldC83Mi83MDAtYnRsMDI1X2Z0MS5qcGc/X2V4PTE2MHgxNjAiIGNsYXNzPSJwaG90byI+PHAgY2xhc3M9Im5hbWUiPuOCs+ODs+OCu+ODs+ODiOOCkuaMgeOBoeatqeOBjzxicj7jg6Ljg5DjgqTjg6vjg5Djg4Pjg4bjg6rjg7w8L3A+PC9kaXY+PGRpdiBjbGFzcz0iaXRlbSI+PGltZyBzcmM9Imh0dHA6Ly90aHVtYm5haWwuaW1hZ2UucmFrdXRlbi5jby5qcC9AMF9tYWxsL3NhbndhZGlyZWN0L2NhYmluZXQvMjIvMjAwLWJhZzExMGJrX2Z0MS5qcGc/X2V4PTE2MHgxNjAiIGNsYXNzPSJwaG90byI+PHAgY2xhc3M9Im5hbWUiPuWwsea0u+ODu+mAmuWLpOOBq+acgOmBqTxicj7jgrfjg7Pjg5fjg6vjg5Pjgrjjg43jgrnjg5Djg4PjgrAKCjwvcD48L2Rpdj48ZGl2IGNsYXNzPSJpdGVtIj48aW1nIHNyYz0iaHR0cDovL3RodW1ibmFpbC5pbWFnZS5yYWt1dGVuLmNvLmpwL0AwX21hbGwvc2Fud2FkaXJlY3QvY2FiaW5ldC80LzQwMC1tYTAyOS5qcGc/X2V4PTE2MHgxNjAiIGNsYXNzPSJwaG90byIgLz48cCBjbGFzcz0ibmFtZSI+6LaF6auY5oSf5bqm44OW44Or44O8TEVEPGJyPuODr+OCpOODpOODrOOCueODnuOCpuOCuQo8L3A+PC9kaXY+PGRpdiBjbGFzcz0iaXRlbSI+PGltZyBzcmM9Imh0dHA6Ly90aHVtYm5haWwuaW1hZ2UucmFrdXRlbi5jby5qcC9AMF9tYWxsL3NhbndhZGlyZWN0L2NhYmluZXQvdC90czhnbXAzNTBiLmpwZz9fZXg9MTYweDE2MCIgY2xhc3M9InBob3RvIiAvPjxwIGNsYXNzPSJuYW1lIj7pgYvli5XmmYLjgavjgYrjgZnjgZnjgoHvvIE8YnI+6Ziy5ru0TVAz44OX44Os44O844Ok44O8PC9wPjwvZGl2PiA8YnIgY2xlYXI9ImxlZnQiPjwvZGl2PjxoMiBjbGFzcz0ibHNpemUiPuOCpOODgeOCquOCt+OBruaWsOWVhuWTgTwvaDI+PGRpdiBjbGFzcz0iYm94XzRsIj48ZGl2IGNsYXNzPSJpdGVtIj48aW1nIHNyYz0iaHR0cDovL3RodW1ibmFpbC5pbWFnZS5yYWt1dGVuLmNvLmpwL0AwX21hbGwvc2Fud2FkaXJlY3QvY2FiaW5ldC80Mi80MDAtYnRzaDAwNC5qcGc/X2V4PTE2MHgxNjAiIGNsYXNzPSJwaG90byI+PHAgY2xhc3M9Im5hbWUiPuWujOWFqOODr+OCpOODpOODrOOCuTxicj5CbHVldG9vdGjjgqTjg6Tjg5vjg7MKPC9wPjwvZGl2PjxkaXYgY2xhc3M9Iml0ZW0iPjxpbWcgc3JjPSJodHRwOi8vdGh1bWJuYWlsLmltYWdlLnJha3V0ZW4uY28uanAvQDBfbWFsbC9zYW53YWRpcmVjdC9jYWJpbmV0LzIzLzIwMC1iYWdpbjAwN19mdDEuanBnP19leD0xNjB4MTYwIiBjbGFzcz0icGhvdG8iIC8+PHAgY2xhc3M9Im5hbWUiPuODj+ODvOODieOCt+OCp+ODqzxicj4KICAgICAg44OI44Op44OZ44Or44Od44O844OBIDwvcD48L2Rpdj48ZGl2IGNsYXNzPSJpdGVtIj48aW1nIHNyYz0iaHR0cDovL3RodW1ibmFpbC5pbWFnZS5yYWt1dGVuLmNvLmpwL0AwX21hbGwvc2Fud2FkaXJlY3QvY2FiaW5ldC80LzQwMC1tYTA2OC5qcGc/X2V4PTE2MHgxNjAiIGNsYXNzPSJwaG90byIgLz48cCBjbGFzcz0ibmFtZSI+44Kv44Oq44OD44Kv6Z+z44GM6Z2Z44GL44GqPGJyPuODluODq+ODvExFROODnuOCpuOCuQo8L3A+PC9kaXY+PGRpdiBjbGFzcz0iaXRlbSI+PGltZyBzcmM9Imh0dHA6Ly90aHVtYm5haWwuaW1hZ2UucmFrdXRlbi5jby5qcC9AMF9tYWxsL3NhbndhZGlyZWN0L2NhYmluZXQvNzIvNzAwLWJ0czAxMV9mdDIuanBnP19leD0xNjB4MTYwIiBjbGFzcz0icGhvdG8iPjxwIGNsYXNzPSJuYW1lIj7pmLLmsLTvvIbogJDooZ3mkoM8YnI+44Oi44OQ44Kk44Or44OQ44OD44OG44Oq44O8CjwvcD48L2Rpdj48ZGl2IGNsYXNzPSJpdGVtIj48aW1nIHNyYz0iaHR0cDovL3RodW1ibmFpbC5pbWFnZS5yYWt1dGVuLmNvLmpwL0AwX21hbGwvc2Fud2FkaXJlY3QvY2FiaW5ldC80Mi80MDAtYWRyaXAwOHMzX2Z0Ny5qcGc/X2V4PTE2MHgxNjAiIGNsYXNzPSJwaG90byIgLz48cCBjbGFzcz0ibmFtZSI+aVBob25l5a++5b+cIG1pY3JvU0Q8YnI+44Kr44O844OJ44Oq44O844OA44O8PC9wPjwvZGl2PjxkaXYgY2xhc3M9Iml0ZW0iPjxpbWcgc3JjPSJodHRwOi8vdGh1bWJuYWlsLmltYWdlLnJha3V0ZW4uY28uanAvQDBfbWFsbC9zYW53YWRpcmVjdC9jYWJpbmV0LzIzLzIwMC1iYWdicDAxMF9mdDEuanBnP19leD0xNjB4MTYwIiBjbGFzcz0icGhvdG8iIC8+PHAgY2xhc3M9Im5hbWUiPuOCv+ODleOBquiAkOawtOe0oOadkDxicj7jgrnjgq/jgqjjgqLjg6rjg6Xjg4Pjgq8KPC9wPjwvZGl2PjxiciBjbGVhcj0ibGVmdCI+PC9kaXY+PGgyIGNsYXNzPSJsc2l6ZSI+5qW95aSp6YCx6ZaT44Op44Oz44Kt44Oz44Kw5o6y6LyJ5ZWG5ZOBPC9oMj48ZGl2IGNsYXNzPSJib3hfNWwiPjxkaXYgY2xhc3M9Iml0ZW0iPjxwIGNsYXNzPSJleHAiPuODnuOCpuOCuemDqOmWgDxicj4x5L2NPC9wPjxpbWcgc3JjPSJodHRwOi8vdGh1bWJuYWlsLmltYWdlLnJha3V0ZW4uY28uanAvQDBfbWFsbC9zYW53YWRpcmVjdC9jYWJpbmV0LzQyLzQwMC1tYTA3N19mdDIuanBnP19leD0xMzd4MTM3IiBjbGFzcz0icGhvdG8iPjxwIGNsYXNzPSJuYW1lIj7mjIfjgavoo4XnnYDjgZfjgabmk43kvZw8YnI+44Oq44Oz44Kw44Oe44Km44K5CjwvcD48L2Rpdj48ZGl2IGNsYXNzPSJpdGVtIj48cCBjbGFzcz0iZXhwIj7jgrnjg5Tjg7zjgqvjg7zpg6jploA8YnI+MeS9jTwvcD48aW1nIHNyYz0iaHR0cDovL3RodW1ibmFpbC5pbWFnZS5yYWt1dGVuLmNvLmpwL0AwX21hbGwvc2Fud2FkaXJlY3QvY2FiaW5ldC80Mi80MDAtc3AwNjB3X2Z0MS5qcGc/X2V4PTEzN3gxMzciIGNsYXNzPSJwaG90byI+PHAgY2xhc3M9Im5hbWUiPuOBiumiqOWRguOBp+S9v+OBiOOCizxicj4gICAgICAgICAgQmx1ZXRvb3Ro44K544OU44O844Kr44O8IDwvcD48L2Rpdj48ZGl2IGNsYXNzPSJpdGVtIj48cCBjbGFzcz0iZXhwIj7jg5fjg63jgrjjgqfjgq/jgr/jg7zpg6jploA8YnI+ICAgICAgICAgIDHkvY08L3A+PGltZyBzcmM9Imh0dHA6Ly90aHVtYm5haWwuaW1hZ2UucmFrdXRlbi5jby5qcC9AMF9tYWxsL3NhbndhZGlyZWN0L2NhYmluZXQvNDIvNDAwLXByajAyMV9mdDIuanBnP19leD0xMzd4MTM3IiBjbGFzcz0icGhvdG8iIC8+PHAgY2xhc3M9Im5hbWUiPumrmOi8neW6pjIwMOODq+ODvOODoeODszxicj7lsI/lnovjg5fjg63jgrjjgqfjgq/jgr/jg7w8L3A+PC9kaXY+PGRpdiBjbGFzcz0iaXRlbSI+PHAgY2xhc3M9ImV4cCI+44Kr44Oh44Op44Kx44O844K56YOo6ZaAPGJyPjPkvY08L3A+PGltZyBzcmM9Imh0dHA6Ly90aHVtYm5haWwuaW1hZ2UucmFrdXRlbi5jby5qcC9AMF9tYWxsL3NhbndhZGlyZWN0L2NhYmluZXQvMjIvMjAwLWRnYmcwMDhia19mdDEuanBnP19leD0xMzd4MTM3IiBjbGFzcz0icGhvdG8iPjxwIGNsYXNzPSJuYW1lIj7jg4Djg5bjg6vjgrrjg7zjg6DjgYzlhaXjgos8YnI+CuS4gOecvOODrOODleOCq+ODoeODqeODkOODg+OCsAo8L3A+PC9kaXY+PGRpdiBjbGFzcz0iaXRlbSI+PHAgY2xhc3M9ImV4cCI+44Kx44O844OW44Or6YOo6ZaAPGJyPjHkvY08L3A+PGltZyBzcmM9Imh0dHA6Ly90aHVtYm5haWwuaW1hZ2UucmFrdXRlbi5jby5qcC9AMF9tYWxsL3NhbndhZGlyZWN0L2NhYmluZXQvNS81MDAtdXNiMDMzLmpwZz9fZXg9MTM3eDEzNyIgY2xhc3M9InBob3RvIj48cCBjbGFzcz0ibmFtZSI+57Ch5Y2Y44OH44O844K/6Lui6YCBPGJyPlVTQuODquODs+OCr+OCseODvOODluODqzwvcD48L2Rpdj48ZGl2IGNsYXNzPSJpdGVtIj48cCBjbGFzcz0iZXhwIj7oo5zogbTlmajpg6jploA8YnI+M+S9jTwvcD48aW1nIHNyYz0iaHR0cDovL3RodW1ibmFpbC5pbWFnZS5yYWt1dGVuLmNvLmpwL0AwX21hbGwvc2Fud2FkaXJlY3QvY2FiaW5ldC80Mi80MDAtc3AwNjR3X2Z0Mi5qcGc/X2V4PTEzN3gxMzciIGNsYXNzPSJwaG90byIgLz48cCBjbGFzcz0ibmFtZSI+44OG44Os44OT44Gu6Z+z44GM44GP44Gj44GN44KKPGJyPuODr+OCpOODpOODrOOCueOCueODlOODvOOCq+ODvDwvcD48L2Rpdj48ZGl2IGNsYXNzPSJpdGVtIj48cCBjbGFzcz0iZXhwIj7jgrfjg6Xjg6zjg4Pjg4Djg7zpg6jploA8YnI+MuS9jTwvcD48aW1nIHNyYz0iaHR0cDovL3RodW1ibmFpbC5pbWFnZS5yYWt1dGVuLmNvLmpwL0AwX21hbGwvc2Fud2FkaXJlY3QvY2FiaW5ldC80Mi80MDAtcHNkMDIxLmpwZz9fZXg9MTM3eDEzNyIgY2xhc3M9InBob3RvIiAvPjxwIGNsYXNzPSJuYW1lIj42MOWIhumAo+e2muS9v+eUqDxicj7mpa3li5nnlKjpm7vli5Xjgrfjg6Xjg6zjg4Pjg4Djg7w8L3A+PC9kaXY+PGJyIGNsZWFyPSJsZWZ0Ij48L2Rpdj48L2Rpdj48L2Rpdj48ZGl2IGlkPSJ3ZWIiPjxpbWcgc3JjPSJodHRwOi8vaW1hZ2UucmFrdXRlbi5jby5qcC9zYW53YWRpcmVjdC9jYWJpbmV0L2Rlc2lnbi9jc193ZWJfbDIuZ2lmIiI+PGJyPjwvZGl2PjwvZGl2Pg==,44Os44Oz44K644OV44Kj44Or44K/44O8IDUybW0g5b6EIOS4gOecvOODrOODleODu+ODn+ODqeODvOODrOOCuSBVVuODleOCo+ODq+OCv+ODvCDjg6zjg7Pjgrrkv53orbcg5Lih6Z2i44Oe44Or44OB44Kz44O844OG44Kj44Oz44KwIDUy44Of44Oq5b6E77y7MjAwLURHRkxVVjAwMu+8veOAkOOCteODs+ODr+ODgOOCpOODrOOCr+ODiOmZkOWumuWTgeOAkeOAkOODjeOCs+ODneOCueWvvuW/nOOAkeOAkOalveWkqUJPWOWPl+WPluWvvuixoeWVhuWTgeOAke+8muOCteODs+ODr+ODgOOCpOODrOOCr+ODiOalveWkqeW4guWgtOW6lw==,44K144Oz44Ov44K144OX44Op44Kk6YCa6LKp44K144Oz44Ov44OA44Kk44Os44Kv44OI5qW95aSp44Os44Oz44K644OV44Kj44Or44K/44O8IDUybW0g5b6EIOS4gOecvOODrOODleODu+ODn+ODqeODvOODrOOCuSBVVuODleOCo+ODq+OCv+ODvCDjg6zjg7Pjgrrkv53orbcg5Lih6Z2i44Oe44Or44OB44Kz44O844OG44Kj44Oz44KwIDUy44Of44Oq5b6E77y7MjAwLURHRkxVVjAwMu+8veOAkOOCteODs+ODr+ODgOOCpOODrOOCr+ODiOmZkOWumuWTgeOAkeOAkOODjeOCs+ODneOCueWvvuW/nOOAkeOAkOalveWkqUJPWOWPl+WPluWvvuixoeWVhuWTgeOAkQ==,44CA44CC44Os44Oz44K644OV44Kj44Or44K/44O8IDUybW0g5b6EIOS4gOecvOODrOODleODu+ODn+ODqeODvOODrOOCuSBVVuODleOCo+ODq+OCv+ODvCDjg6zjg7Pjgrrkv53orbcg5Lih6Z2i44Oe44Or44OB44Kz44O844OG44Kj44Oz44KwIDUy44Of44Oq5b6E77y7MjAwLURHRkxVVjAwMu+8veOAkOOCteODs+ODr+ODgOOCpOODrOOCr+ODiOmZkOWumuWTgeOAkeOAkOODjeOCs+ODneOCueWvvuW/nOOAkeOAkOalveWkqUJPWOWPl+WPluWvvuixoeWVhuWTgeOAkQ==[rn]
5-81317,aHR0cDovL3RzaG9wLnIxMHMuanAvc2Fud2FkaXJlY3QvY2FiaW5ldC8yLzIwMC1kZ2ZsdXYwMDMuanBnP2ZpdGluPTcwMDo3MDA=,OTQ0LjAwMDA=,,VFbjg7vjgqrjg7zjg4fjgqPjgqrjg7vjgqvjg6Hjg6kgPiDjgqLjgq/jgrvjgrXjg6rjg7zjg7vpg6jlk4EgPiDjgqvjg6Hjg6njg7vjg5Pjg4fjgqrjgqvjg6Hjg6njg7vlhYnlrabmqZ/lmajnlKjjgqLjgq/jgrvjgrXjg6rjg7wgPiDkuqTmj5vjg6zjg7PjgrrnlKjjgqLjgq/jgrvjgrXjg6rjg7wgPiDjg6zjg7Pjgrrjg5XjgqPjg6vjgr/jg7w=,44Os44Oz44K644OV44Kj44Or44K/44O8IDU4bW0g5b6EIOS4gOecvOODrOODleODu+ODn+ODqeODvOODrOOCuSBVVuODleOCo+ODq+OCv+ODvCDjg6zjg7Pjgrrkv53orbcg5Lih6Z2i44Oe44Or44OB44Kz44O844OG44Kj44Oz44KwIDU444Of44Oq5b6E77y7MjAwLURHRkxVVjAwM++8veOAkOOCteODs+ODr+ODgOOCpOODrOOCr+ODiOmZkOWumuWTgeOAkeOAkOODjeOCs+ODneOCueWvvuW/nOOAkeOAkOalveWkqUJPWOWPl+WPluWvvuixoeWVhuWTgeOAkQ==,44CA,PGRpdiBpZD0iaXRlbS1leHAiIGNsYXNzPSJhMTA1MCI+PCEtLemAgeaWmeOBguOBqOOBoeOCh+OBo+OBqC0tPjxkaXYgaWQ9Imtpbml0c3UiPjxpbWcgc3JjPSJodHRwOi8vaW1hZ2UucmFrdXRlbi5jby5qcC9zYW53YWRpcmVjdC9jYWJpbmV0L2Rlc2lnbi9zbXVyeW91X3RhYi5naWYiPjwvZGl2PjwhLS3pgIHmlpnjgYLjgajjgaHjgofjgaPjgajjgZPjgZPjgb7jgactLT48aDE+5ZWG5ZOB6Kmz57SwPC9oMT48ZGl2IGNsYXNzPSJpdGVtIj48b2wgY2xhc3M9InBhbiI+44Kr44OG44K044Oq77yaPGxpPuOCq+ODoeODqeOCouOCr+OCu+OCteODquODvDwvbGk+PGxpIGNsYXNzPSJlbmQiPuODrOODs+OCuuODleOCo+ODq+OCv+ODvDwvbGk+PC9vbD7kuIDnnLzjg6zjg5XjgIHjg5/jg6njg7zjg6zjgrnjgIHkuIDnnLzjgqvjg6Hjg6njga7jg6zjg7PjgrrjgpLjgq3jgrrjgoTmsZrjgozjgYvjgonkv53orbfjgZnjgovjgIHjg6zjg7Pjgrrjg5fjg63jg4bjgq/jg4jjg5XjgqPjg6vjgr/jg7zjgIJVVuOCs+ODvOODhuOCo+ODs+OCsOS7leanmOOBp+OAgee0q+Wklue3muOCkue0hDg077yF44Kr44OD44OI44CC44Os44Oz44K644Gu5YWI44Gr44Gt44GY6L6844KA44Gg44GR44Gu57Ch5Y2Y5Y+W5LuY44CC57SU5q2j44Os44Oz44K644Kt44Oj44OD44OX44Gu6KOF552A5Y+v6IO944CCNThtbeWwgueUqOOAgjxoMj7nibnplbc8L2gyPuKXj+ODn+ODqeODvOODrOOCueS4gOecvOOAgeODh+OCuOOCv+ODq+S4gOecvOOBruODrOODs+OCuuOCkuS/neitt+OBmeOCi+OBn+OCgeOBruODleOCo+ODq+OCv+ODvOOBp+OBmeOAgjxicj7il4/jgqvjg6Hjg6njga7jg6zjg7PjgrrjgpLjgIHmsZrjgozjgIHjgq3jgrrjgIHooZ3mkoPjgarjganjgYvjgonlrojjgorjgb7jgZnjgII8YnI+4peP44Os44Oz44K65Y+j5b6ENThtbeOBruODrOODs+OCuuOBq+WvvuW/nOOBl+OBpuOBhOOBvuOBmeOAgjxicj7il49VVuOCs+ODvOODhuOCo+ODs+OCsOS7leanmOOBp+OAgee0hDg077yF57Sr5aSW57ea44KS44Kr44OD44OI44GX44G+44GZ44CCPGJyPuKXj+S4oemdouODnuODq+ODgeOCs+ODvOODiOWKoOW3pea4iOOBv+OBp+OAgeS9meioiOOBquWPjeWwhOWFieOCkuaKkeOBiOOBvuOBmeOAgjxicj7il4/jg6zjg7Pjgrrjga7lhYjjgavjga3jgZjovrzjgoDjgaDjgZHjga7jgIHnsKHljZjlj5bku5jjgafjgZnjgII8YnI+4peP44Os44Oz44K65L+d6K2344OV44Kj44Or44K/44O844Gu5LiK44GL44KJ44CB57SU5q2j44Kt44Oj44OD44OX44Gu6KOF552A44KC44Gn44GN44G+44GZ44CCPGgyPuS7leanmDwvaDI+4pag5a++5b+c44OV44Kj44Or44K/44O85b6E77yaNThtbTxicj7ilqDntKvlpJbnt5rjgqvjg4Pjg4jnjofvvJrntIQ4NO+8hTxicj7ilqDnlJ/nlKPlm73vvJrkuK3lm708YnI+4pag5Y+W5omx6Kqs5piO5pu477ya44Gq44GXPGJyPuKWoOS/neiovOacn+mWk++8muWIneacn+S4jeiJr+OBruOBvzxoMj7lr77lv5zmqZ/nqK48L2gyPuKWoOWvvuW/nOODrOODs+OCuu+8mjxicj7jgq3jg6Tjg47jg7MgRUYtUzE4LTU1bW0gRjMuNS01LjYgSVMgU1RNPGJyPuOCreODpOODjuODsyBFRi1TNTUtMjUwbW0gRjQtNS42IElTIFNUTTxicj7jg4vjgrPjg7MgQUYtUyBEWCBOSUtLT1IgNTUtMzAwbW0gZi80LjUtNS42RyBFRCBWUjxicj7jg4vjgrPjg7MgQUYtUyBEWCBOSUtLT1IgNTUtMjAwbW0gZi80LTUuNkcgRUQgVlIgSUk8YnI+T0xZTVBVUyBNLlpVSUtPIERJR0lUQUwgRUQgNDAtMTUwbW0gRjQuMC01LjYgUjxicj7jgarjgak8YnI+PGJyPuKAu+ODrOODs+OCuuOCreODg+ODiOOCkuOBiuaMgeOBoeOBruWgtOWQiOOBr+OAgeS7mOWxnuODrOODs+OCuuOBruWei+eVquOCkuOBlOeiuuiqjeS4i+OBleOBhOOAgjxwIGNsYXNzPSJkYXRlIj7jgJAyMDE25bm0NOaciOeZu+mMsuOAkTwvcD48L2Rpdj48ZGl2IGNsYXNzPSJmcmFtZSI+PC9kaXY+PHAgY2xhc3M9ImtleXdvcmQiPumWoumAo+OCreODvOODr+ODvOODie+8muOCteODs+ODr+OCteODl+ODqeOCpDwvcD48L2Rpdj48bGluayByZWw9InN0eWxlc2hlZXQiIGhyZWY9Imh0dHA6Ly93d3cucmFrdXRlbi5uZS5qcC9nb2xkL3NhbndhZGlyZWN0L3N0eWxlX2Zvb3QuY3NzIiBocmVmbGFuZz0iamEiIG1lZGlhPSJhbGwiPjxkaXYgc3R5bGU9Im1hcmdpbjowIj48ZGl2IGlkPSJnb29kcyI+PGgyIGNsYXNzPSJsc2l6ZSI+44GT44KM44GM5aOy44KM44Gm44G+44GZPC9oMj48ZGl2IGNsYXNzPSJib3hfNGwiPjxkaXYgY2xhc3M9Iml0ZW0iPjxpbWcgc3JjPSJodHRwOi8vdGh1bWJuYWlsLmltYWdlLnJha3V0ZW4uY28uanAvQDBfbWFsbC9zYW53YWRpcmVjdC9jYWJpbmV0LzIvMjAwLWJhZ2JwMDA0LmpwZz9fZXg9MTYweDE2MCIgY2xhc3M9InBob3RvIj48cCBjbGFzcz0ibmFtZSI+5qmf6IO9w5fjg4fjgrbjgqTjg7M8YnI+44K544Kv44Ko44Ki44Oq44Ol44OD44KvIDwvcD48L2Rpdj48ZGl2IGNsYXNzPSJpdGVtIj48aW1nIHNyYz0iaHR0cDovL3RodW1ibmFpbC5pbWFnZS5yYWt1dGVuLmNvLmpwL0AwX21hbGwvc2Fud2FkaXJlY3QvY2FiaW5ldC83Mi83MDAtYWMwMTF3X2Z0MS5qcGc/X2V4PTE2MHgxNjAiIGNsYXNzPSJwaG90byI+PHAgY2xhc3M9Im5hbWUiPuaApemAn+WFhembu+WvvuW/nDxicj4244Od44O844OIVVNC5YWF6Zu75ZmoPC9wPjwvZGl2PjxkaXYgY2xhc3M9Iml0ZW0iPjxpbWcgc3JjPSJodHRwOi8vdGh1bWJuYWlsLmltYWdlLnJha3V0ZW4uY28uanAvQDBfbWFsbC9zYW53YWRpcmVjdC9jYWJpbmV0LzcyLzcwMC1idGwwMjVfZnQxLmpwZz9fZXg9MTYweDE2MCIgY2xhc3M9InBob3RvIj48cCBjbGFzcz0ibmFtZSI+44Kz44Oz44K744Oz44OI44KS5oyB44Gh5q2p44GPPGJyPuODouODkOOCpOODq+ODkOODg+ODhuODquODvDwvcD48L2Rpdj48ZGl2IGNsYXNzPSJpdGVtIj48aW1nIHNyYz0iaHR0cDovL3RodW1ibmFpbC5pbWFnZS5yYWt1dGVuLmNvLmpwL0AwX21hbGwvc2Fud2FkaXJlY3QvY2FiaW5ldC8yMi8yMDAtYmFnMTEwYmtfZnQxLmpwZz9fZXg9MTYweDE2MCIgY2xhc3M9InBob3RvIj48cCBjbGFzcz0ibmFtZSI+5bCx5rS744O76YCa5Yuk44Gr5pyA6YGpPGJyPuOCt+ODs+ODl+ODq+ODk+OCuOODjeOCueODkOODg+OCsAoKPC9wPjwvZGl2PjxkaXYgY2xhc3M9Iml0ZW0iPjxpbWcgc3JjPSJodHRwOi8vdGh1bWJuYWlsLmltYWdlLnJha3V0ZW4uY28uanAvQDBfbWFsbC9zYW53YWRpcmVjdC9jYWJpbmV0LzQvNDAwLW1hMDI5LmpwZz9fZXg9MTYweDE2MCIgY2xhc3M9InBob3RvIiAvPjxwIGNsYXNzPSJuYW1lIj7otoXpq5jmhJ/luqbjg5bjg6vjg7xMRUQ8YnI+44Ov44Kk44Ok44Os44K544Oe44Km44K5CjwvcD48L2Rpdj48ZGl2IGNsYXNzPSJpdGVtIj48aW1nIHNyYz0iaHR0cDovL3RodW1ibmFpbC5pbWFnZS5yYWt1dGVuLmNvLmpwL0AwX21hbGwvc2Fud2FkaXJlY3QvY2FiaW5ldC90L3RzOGdtcDM1MGIuanBnP19leD0xNjB4MTYwIiBjbGFzcz0icGhvdG8iIC8+PHAgY2xhc3M9Im5hbWUiPumBi+WLleaZguOBq+OBiuOBmeOBmeOCge+8gTxicj7pmLLmu7RNUDPjg5fjg6zjg7zjg6Tjg7w8L3A+PC9kaXY+IDxiciBjbGVhcj0ibGVmdCI+PC9kaXY+PGgyIGNsYXNzPSJsc2l6ZSI+44Kk44OB44Kq44K344Gu5paw5ZWG5ZOBPC9oMj48ZGl2IGNsYXNzPSJib3hfNGwiPjxkaXYgY2xhc3M9Iml0ZW0iPjxpbWcgc3JjPSJodHRwOi8vdGh1bWJuYWlsLmltYWdlLnJha3V0ZW4uY28uanAvQDBfbWFsbC9zYW53YWRpcmVjdC9jYWJpbmV0LzQyLzQwMC1idHNoMDA0LmpwZz9fZXg9MTYweDE2MCIgY2xhc3M9InBob3RvIj48cCBjbGFzcz0ibmFtZSI+5a6M5YWo44Ov44Kk44Ok44Os44K5PGJyPkJsdWV0b290aOOCpOODpOODm+ODswo8L3A+PC9kaXY+PGRpdiBjbGFzcz0iaXRlbSI+PGltZyBzcmM9Imh0dHA6Ly90aHVtYm5haWwuaW1hZ2UucmFrdXRlbi5jby5qcC9AMF9tYWxsL3NhbndhZGlyZWN0L2NhYmluZXQvMjMvMjAwLWJhZ2luMDA3X2Z0MS5qcGc/X2V4PTE2MHgxNjAiIGNsYXNzPSJwaG90byIgLz48cCBjbGFzcz0ibmFtZSI+44OP44O844OJ44K344Kn44OrPGJyPgogICAgICDjg4jjg6njg5njg6vjg53jg7zjg4EgPC9wPjwvZGl2PjxkaXYgY2xhc3M9Iml0ZW0iPjxpbWcgc3JjPSJodHRwOi8vdGh1bWJuYWlsLmltYWdlLnJha3V0ZW4uY28uanAvQDBfbWFsbC9zYW53YWRpcmVjdC9jYWJpbmV0LzQvNDAwLW1hMDY4LmpwZz9fZXg9MTYweDE2MCIgY2xhc3M9InBob3RvIiAvPjxwIGNsYXNzPSJuYW1lIj7jgq/jg6rjg4Pjgq/pn7PjgYzpnZnjgYvjgao8YnI+44OW44Or44O8TEVE44Oe44Km44K5CjwvcD48L2Rpdj48ZGl2IGNsYXNzPSJpdGVtIj48aW1nIHNyYz0iaHR0cDovL3RodW1ibmFpbC5pbWFnZS5yYWt1dGVuLmNvLmpwL0AwX21hbGwvc2Fud2FkaXJlY3QvY2FiaW5ldC83Mi83MDAtYnRzMDExX2Z0Mi5qcGc/X2V4PTE2MHgxNjAiIGNsYXNzPSJwaG90byI+PHAgY2xhc3M9Im5hbWUiPumYsuawtO+8huiAkOihneaSgzxicj7jg6Ljg5DjgqTjg6vjg5Djg4Pjg4bjg6rjg7wKPC9wPjwvZGl2PjxkaXYgY2xhc3M9Iml0ZW0iPjxpbWcgc3JjPSJodHRwOi8vdGh1bWJuYWlsLmltYWdlLnJha3V0ZW4uY28uanAvQDBfbWFsbC9zYW53YWRpcmVjdC9jYWJpbmV0LzQyLzQwMC1hZHJpcDA4czNfZnQ3LmpwZz9fZXg9MTYweDE2MCIgY2xhc3M9InBob3RvIiAvPjxwIGNsYXNzPSJuYW1lIj5pUGhvbmXlr77lv5wgbWljcm9TRDxicj7jgqvjg7zjg4njg6rjg7zjg4Djg7w8L3A+PC9kaXY+PGRpdiBjbGFzcz0iaXRlbSI+PGltZyBzcmM9Imh0dHA6Ly90aHVtYm5haWwuaW1hZ2UucmFrdXRlbi5jby5qcC9AMF9tYWxsL3NhbndhZGlyZWN0L2NhYmluZXQvMjMvMjAwLWJhZ2JwMDEwX2Z0MS5qcGc/X2V4PTE2MHgxNjAiIGNsYXNzPSJwaG90byIgLz48cCBjbGFzcz0ibmFtZSI+44K/44OV44Gq6ICQ5rC057Sg5p2QPGJyPuOCueOCr+OCqOOCouODquODpeODg+OCrwo8L3A+PC9kaXY+PGJyIGNsZWFyPSJsZWZ0Ij48L2Rpdj48aDIgY2xhc3M9ImxzaXplIj7mpb3lpKnpgLHplpPjg6njg7Pjgq3jg7PjgrDmjrLovInllYblk4E8L2gyPjxkaXYgY2xhc3M9ImJveF81bCI+PGRpdiBjbGFzcz0iaXRlbSI+PHAgY2xhc3M9ImV4cCI+44Oe44Km44K56YOo6ZaAPGJyPjHkvY08L3A+PGltZyBzcmM9Imh0dHA6Ly90aHVtYm5haWwuaW1hZ2UucmFrdXRlbi5jby5qcC9AMF9tYWxsL3NhbndhZGlyZWN0L2NhYmluZXQvNDIvNDAwLW1hMDc3X2Z0Mi5qcGc/X2V4PTEzN3gxMzciIGNsYXNzPSJwaG90byI+PHAgY2xhc3M9Im5hbWUiPuaMh+OBq+ijheedgOOBl+OBpuaTjeS9nDxicj7jg6rjg7PjgrDjg57jgqbjgrkKPC9wPjwvZGl2PjxkaXYgY2xhc3M9Iml0ZW0iPjxwIGNsYXNzPSJleHAiPuOCueODlOODvOOCq+ODvOmDqOmWgDxicj4x5L2NPC9wPjxpbWcgc3JjPSJodHRwOi8vdGh1bWJuYWlsLmltYWdlLnJha3V0ZW4uY28uanAvQDBfbWFsbC9zYW53YWRpcmVjdC9jYWJpbmV0LzQyLzQwMC1zcDA2MHdfZnQxLmpwZz9fZXg9MTM3eDEzNyIgY2xhc3M9InBob3RvIj48cCBjbGFzcz0ibmFtZSI+44GK6aKo5ZGC44Gn5L2/44GI44KLPGJyPiAgICAgICAgICBCbHVldG9vdGjjgrnjg5Tjg7zjgqvjg7wgPC9wPjwvZGl2PjxkaXYgY2xhc3M9Iml0ZW0iPjxwIGNsYXNzPSJleHAiPuODl+ODreOCuOOCp+OCr+OCv+ODvOmDqOmWgDxicj4gICAgICAgICAgMeS9jTwvcD48aW1nIHNyYz0iaHR0cDovL3RodW1ibmFpbC5pbWFnZS5yYWt1dGVuLmNvLmpwL0AwX21hbGwvc2Fud2FkaXJlY3QvY2FiaW5ldC80Mi80MDAtcHJqMDIxX2Z0Mi5qcGc/X2V4PTEzN3gxMzciIGNsYXNzPSJwaG90byIgLz48cCBjbGFzcz0ibmFtZSI+6auY6Lyd5bqmMjAw44Or44O844Oh44OzPGJyPuWwj+Wei+ODl+ODreOCuOOCp+OCr+OCv+ODvDwvcD48L2Rpdj48ZGl2IGNsYXNzPSJpdGVtIj48cCBjbGFzcz0iZXhwIj7jgqvjg6Hjg6njgrHjg7zjgrnpg6jploA8YnI+M+S9jTwvcD48aW1nIHNyYz0iaHR0cDovL3RodW1ibmFpbC5pbWFnZS5yYWt1dGVuLmNvLmpwL0AwX21hbGwvc2Fud2FkaXJlY3QvY2FiaW5ldC8yMi8yMDAtZGdiZzAwOGJrX2Z0MS5qcGc/X2V4PTEzN3gxMzciIGNsYXNzPSJwaG90byI+PHAgY2xhc3M9Im5hbWUiPuODgOODluODq+OCuuODvOODoOOBjOWFpeOCizxicj4K5LiA55y844Os44OV44Kr44Oh44Op44OQ44OD44KwCjwvcD48L2Rpdj48ZGl2IGNsYXNzPSJpdGVtIj48cCBjbGFzcz0iZXhwIj7jgrHjg7zjg5bjg6vpg6jploA8YnI+MeS9jTwvcD48aW1nIHNyYz0iaHR0cDovL3RodW1ibmFpbC5pbWFnZS5yYWt1dGVuLmNvLmpwL0AwX21hbGwvc2Fud2FkaXJlY3QvY2FiaW5ldC81LzUwMC11c2IwMzMuanBnP19leD0xMzd4MTM3IiBjbGFzcz0icGhvdG8iPjxwIGNsYXNzPSJuYW1lIj7nsKHljZjjg4fjg7zjgr/ou6LpgIE8YnI+VVNC44Oq44Oz44Kv44Kx44O844OW44OrPC9wPjwvZGl2PjxkaXYgY2xhc3M9Iml0ZW0iPjxwIGNsYXNzPSJleHAiPuijnOiBtOWZqOmDqOmWgDxicj4z5L2NPC9wPjxpbWcgc3JjPSJodHRwOi8vdGh1bWJuYWlsLmltYWdlLnJha3V0ZW4uY28uanAvQDBfbWFsbC9zYW53YWRpcmVjdC9jYWJpbmV0LzQyLzQwMC1zcDA2NHdfZnQyLmpwZz9fZXg9MTM3eDEzNyIgY2xhc3M9InBob3RvIiAvPjxwIGNsYXNzPSJuYW1lIj7jg4bjg6zjg5Pjga7pn7PjgYzjgY/jgaPjgY3jgoo8YnI+44Ov44Kk44Ok44Os44K544K544OU44O844Kr44O8PC9wPjwvZGl2PjxkaXYgY2xhc3M9Iml0ZW0iPjxwIGNsYXNzPSJleHAiPuOCt+ODpeODrOODg+ODgOODvOmDqOmWgDxicj4y5L2NPC9wPjxpbWcgc3JjPSJodHRwOi8vdGh1bWJuYWlsLmltYWdlLnJha3V0ZW4uY28uanAvQDBfbWFsbC9zYW53YWRpcmVjdC9jYWJpbmV0LzQyLzQwMC1wc2QwMjEuanBnP19leD0xMzd4MTM3IiBjbGFzcz0icGhvdG8iIC8+PHAgY2xhc3M9Im5hbWUiPjYw5YiG6YCj57aa5L2/55SoPGJyPualreWLmeeUqOmbu+WLleOCt+ODpeODrOODg+ODgOODvDwvcD48L2Rpdj48YnIgY2xlYXI9ImxlZnQiPjwvZGl2PjwvZGl2PjwvZGl2PjxkaXYgaWQ9IndlYiI+PGltZyBzcmM9Imh0dHA6Ly9pbWFnZS5yYWt1dGVuLmNvLmpwL3NhbndhZGlyZWN0L2NhYmluZXQvZGVzaWduL2NzX3dlYl9sMi5naWYiIj48YnI+PC9kaXY+PC9kaXY+,44Os44Oz44K644OV44Kj44Or44K/44O8IDU4bW0g5b6EIOS4gOecvOODrOODleODu+ODn+ODqeODvOODrOOCuSBVVuODleOCo+ODq+OCv+ODvCDjg6zjg7Pjgrrkv53orbcg5Lih6Z2i44Oe44Or44OB44Kz44O844OG44Kj44Oz44KwIDU444Of44Oq5b6E77y7MjAwLURHRkxVVjAwM++8veOAkOOCteODs+ODr+ODgOOCpOODrOOCr+ODiOmZkOWumuWTgeOAkeOAkOODjeOCs+ODneOCueWvvuW/nOOAkeOAkOalveWkqUJPWOWPl+WPluWvvuixoeWVhuWTgeOAke+8muOCteODs+ODr+ODgOOCpOODrOOCr+ODiOalveWkqeW4guWgtOW6lw==,44K144Oz44Ov44K144OX44Op44Kk6YCa6LKp44K144Oz44Ov44OA44Kk44Os44Kv44OI5qW95aSp44Os44Oz44K644OV44Kj44Or44K/44O8IDU4bW0g5b6EIOS4gOecvOODrOODleODu+ODn+ODqeODvOODrOOCuSBVVuODleOCo+ODq+OCv+ODvCDjg6zjg7Pjgrrkv53orbcg5Lih6Z2i44Oe44Or44OB44Kz44O844OG44Kj44Oz44KwIDU444Of44Oq5b6E77y7MjAwLURHRkxVVjAwM++8veOAkOOCteODs+ODr+ODgOOCpOODrOOCr+ODiOmZkOWumuWTgeOAkeOAkOODjeOCs+ODneOCueWvvuW/nOOAkeOAkOalveWkqUJPWOWPl+WPluWvvuixoeWVhuWTgeOAkQ==,44CA44CC44Os44Oz44K644OV44Kj44Or44K/44O8IDU4bW0g5b6EIOS4gOecvOODrOODleODu+ODn+ODqeODvOODrOOCuSBVVuODleOCo+ODq+OCv+ODvCDjg6zjg7Pjgrrkv53orbcg5Lih6Z2i44Oe44Or44OB44Kz44O844OG44Kj44Oz44KwIDU444Of44Oq5b6E77y7MjAwLURHRkxVVjAwM++8veOAkOOCteODs+ODr+ODgOOCpOODrOOCr+ODiOmZkOWumuWTgeOAkeOAkOODjeOCs+ODneOCueWvvuW/nOOAkeOAkOalveWkqUJPWOWPl+WPluWvvuixoeWVhuWTgeOAkQ==[rn]
5-81318,aHR0cDovL3RzaG9wLnIxMHMuanAvdGhpbmtyaWNoL2NhYmluZXQvMDUyODc2ODUvc2owNDI5My5qcGc/Zml0aW49NzAwOjcwMA==,MTQzOC40MDAw,,VFbjg7vjgqrjg7zjg4fjgqPjgqrjg7vjgqvjg6Hjg6kgPiDjgqLjgq/jgrvjgrXjg6rjg7zjg7vpg6jlk4EgPiDjgqvjg6Hjg6njg7vjg5Pjg4fjgqrjgqvjg6Hjg6njg7vlhYnlrabmqZ/lmajnlKjjgqLjgq/jgrvjgrXjg6rjg7wgPiDkuqTmj5vjg6zjg7PjgrrnlKjjgqLjgq/jgrvjgrXjg6rjg7wgPiDjg6zjg7Pjgrrjg5XjgqPjg6vjgr/jg7w=,44CK6YCB5paZ54Sh5paZ44CLS2Vua28g44Os44Oz44K644OV44Kj44Or44K/44O8IOOCseODs+OCs+ODvCBQUk8xRCDjg5fjg63jg4bjgq/jgr/jg7wgKFcpIDQzbW0gIOODrOODs+OCuuS/neitt+eUqCAyNDM1MTAg5LiA55y844Os44OVIOOAkFNKMDQyOTPjgJE=,5pel5pys5YWo5Zu96YCB5paZ54Sh5paZ,PGltZyBzcmM9Imh0dHA6Ly9pbWFnZS5yYWt1dGVuLmNvLmpwL3RoaW5rcmljaC9jYWJpbmV0LzA1MzE5NTg0L2xhc3QyLmpwZyI+PGJyPjxicj4KCjxpbWcgc3JjPSJodHRwOi8vaW1hZ2UucmFrdXRlbi5jby5qcC90aGlua3JpY2gvY2FiaW5ldC8wNTI4NzY4NS9zajA0MjkzLmpwZyI+IDxicj48YnI+CgrilqDjg4fjgrjjgr/jg6vjg57jg6vjg4HjgrPjg7zjg4g8YnI+5b6T5p2l44Gu44Oe44Or44OB44Kz44O844OI44KI44KK6YCP6YGO546H44Gu6auY44GE44CM44OH44K444K/44Or44Oe44Or44OB44Kz44O844OIKERNQynjgI3jga7mjqHnlKjjgavjgojjgorlj43lsITjgpLmipHliLbjgILpgI/pgY7njoc5OSXjgpLlrp/nj77jgII8YnI+PGJyPuKWoOWiqOWhl+OCiuWKoOW3pTxicj7jg5XjgqPjg6vjgr/jg7zjgqzjg6njgrnlpJblkajjgavloqjloZfjgorliqDlt6XjgpLmlr3jgZfjgIHlhoXpnaLlj43lsITjgpLmuJvlsJHjgILnlLvos6rjgbjjga7lvbHpn7/jgpLkvY7muJvjgII8YnI+PGJyPuKWoOiWhOaeoOOCv+OCpOODlzxicj7luoPop5Ljg6zjg7PjgrrjgYvjgonmnJvpgaDjg6zjg7Pjgrrjgavjgb7jgaflr77lv5zjgZnjgovoloTmnqDjgr/jgqTjg5fjgpLmjqHnlKjjgILluoPop5Lnq6/jgafjga7mkq7lvbHmmYLjga7jgrHjg6njg6zjga7lv4PphY3jgpLmuJvlsJHjgII8YnI+PGJyPuKWoOaeoOWkluWRqOOBq+ODreODvOODrOODg+ODiO+8iOOBmeOBueOCiuatouOCge+8ieWKoOW3pTxicj7nnYDohLHmmYLjga7mk43kvZzmgKfjgpLogIPmha7jgZfjgZ/jg63jg7zjg6zjg4Pjg4jvvIjjgZnjgbnjgormraLjgoHjga7mup3vvInku5jjgY3jg5XjgqPjg6vjgr/jg7zmnqDjgpLmjqHnlKjjgILnorrlrp/jgarnnYDohLHjgpLlj6/og73jgavjgZfjgabjgYTjgovjgII8YnI+PGJyPuKWoOOAgOS7leOAgOanmOOAgOKWoCA8YnI+44Kz44O844OG44Kj44Oz44KwOuODh+OCuOOCv+ODq+ODnuODq+ODgeOCs+ODvOODiDxicj7pnaLlj43lsIQgICAgICA6MC41JTxicj7mnqDmnZDos6ogICAgICA644Ki44Or44OfPGJyPuaeoOOBrueJueW+tCAgICA65aSW5ZGo6buS5aGX44KK44CB44Ot44O844Os44OD44OIPGJyPuODleOCo+ODq+OCv+ODvOOCseODvOOCuTrop5JQ44Kx44O844K5KOe0q+Wklue3muWQuOWPjuOCseODvOOCuSk8YnI+6KO96YCg5Zu9ICAgICAgOuaXpeacrDxicj4=,44CK6YCB5paZ54Sh5paZ44CLS2Vua28g44Os44Oz44K644OV44Kj44Or44K/44O8IOOCseODs+OCs+ODvCBQUk8xRCDjg5fjg63jg4bjgq/jgr/jg7wgKFcpIDQzbW0gIOODrOODs+OCuuS/neitt+eUqCAyNDM1MTAg5LiA55y844Os44OVIOOAkFNKMDQyOTPjgJHvvJpUSElOSyBSSUNIIFNUT1JF,44CK6YCB5paZ54Sh5paZ44CLS2Vua28g44Os44Oz44K644OV44Kj44Or44K/44O8IOOCseODs+OCs+ODvCBQUk8xRCDjg5fjg63jg4bjgq/jgr/jg7wgKFcpIDQzbW0gIOODrOODs+OCuuS/neitt+eUqCAyNDM1MTAg5LiA55y844Os44OVIOOAkFNKMDQyOTPjgJE=,5pel5pys5YWo5Zu96YCB5paZ54Sh5paZ44CC44CK6YCB5paZ54Sh5paZ44CLS2Vua28g44Os44Oz44K644OV44Kj44Or44K/44O8IOOCseODs+OCs+ODvCBQUk8xRCDjg5fjg63jg4bjgq/jgr/jg7wgKFcpIDQzbW0gIOODrOODs+OCuuS/neitt+eUqCAyNDM1MTAg5LiA55y844Os44OVIOOAkFNKMDQyOTPjgJE=[rn]
5-81319,aHR0cDovL3RzaG9wLnIxMHMuanAvZWJlc3QvY2FiaW5ldC8xNTgvNDk1NzYzODA2NjE5OC5qcGc/Zml0aW49NzAwOjcwMA==,NjAzMy42MDAw,,VFbjg7vjgqrjg7zjg4fjgqPjgqrjg7vjgqvjg6Hjg6kgPiDjgqLjgq/jgrvjgrXjg6rjg7zjg7vpg6jlk4EgPiDjgqvjg6Hjg6njg7vjg5Pjg4fjgqrjgqvjg6Hjg6njg7vlhYnlrabmqZ/lmajnlKjjgqLjgq/jgrvjgrXjg6rjg7wgPiDkuqTmj5vjg6zjg7PjgrrnlKjjgqLjgq/jgrvjgrXjg6rjg7wgPiDjg6zjg7Pjgrrjg5XjgqPjg6vjgr/jg7w=,44Oe44Or44OfIERIRyDjgrnjg7zjg5Hjg7zjg6zjg7Pjgrrjg5fjg63jg4bjgq/jg4ggOTVtbQ==,44CQ5Zyo5bqr44GC44KK44CR,PGltZyBzcmM9J2h0dHBzOi8vaW1hZ2UucmFrdXRlbi5jby5qcC9lYmVzdC9jYWJpbmV0L2ViZXN0a2FkZW5femFpa28uZ2lmJyBib3JkZXI9JzAnIGFsdD0n5Zyo5bqr54q25rOB44KS56K66KqN44GZ44KLJz48YnI+PGZvbnQgY29sb3I9IiNmZjAwMDAiPjxiPuKGkeKGkeKGkeato+eiuuOBquWcqOW6q+eKtuazgeOBr+S4iuiomOODkOODiuODvOOAjOWcqOW6q+eKtuazgeOCkueiuuiqjeOBmeOCi+OAjeOCkuOCr+ODquODg+OCr+OBl+OBpumgguOBjeOAgeW/heOBmuOBlOeiuuiqjeOBj+OBoOOBleOBhOOAgjwvYj48L2ZvbnQ+PGJyPjxicj48YnI+PGJyPuKWoOawtOa7tOOCkuOBr+OBmOOBj+aSpeawtOOCs+ODvOODhuOCo+ODs+OCsOaOoeeUqDxicj7ilqDpmLLmsZrjgrPjg7zjg4bjgqPjg7PjgrDmjqHnlKjjgafmsZrjgozjgYzku5jjgY3jgaXjgonjgY/jgIHku5jjgYTjgabjgZfjgb7jgaPjgabjgoLnsKHljZjjgavmi63jgY3lj5bjgozjgb7jgZk8YnI+PGJyPjxiPuODleOCo+ODq+OCv+ODvOW+hDwvYj7vvJo5NW1tPGJyPjxiPuODleOCo+ODq+OCv+ODvOapn+iDvTwvYj7vvJrjg6zjg7Pjgrrkv53orbc8YnI+PGI+44Os44Oz44K644Kt44Oj44OD44OX6KOF552A5Y+v5ZCmPC9iPu+8muWPrzxicj4=,44Oe44Or44OfIERIRyDjgrnjg7zjg5Hjg7zjg6zjg7Pjgrrjg5fjg63jg4bjgq/jg4ggOTVtbe+8muOCpOODvOODmeOCueODiFBD44O75a626Zu76aSo,44OR44K944Kz44Oz5a626Zu744Kq44O844OH44Kj44Kq576O5a655YGl5bq344Oi44OQ44Kk44Or77yw77yk77yh44OA44Kk44Ko44OD44OI44OG44Os44OT44Of44OL44Kz44Oz44OT44OH44Kq44K944OL44O844K544Kr44OR44O8VC1mYWzjg4bjgqPjg5XjgqHjg7zjg6vml6XnlKjlk4Hjgrnjg53jg7zjg4TjgYrjgoLjgaHjgoPjgrLjg7zjg6DjgYrosrfjgYTlvpfjg57jg6vjg58gREhHIOOCueODvOODkeODvOODrOODs+OCuuODl+ODreODhuOCr+ODiCA5NW1t,44CQ5Zyo5bqr44GC44KK44CR44CC44Oe44Or44OfIERIRyDjgrnjg7zjg5Hjg7zjg6zjg7Pjgrrjg5fjg63jg4bjgq/jg4ggOTVtbQ==[rn]
5-81320,aHR0cDovL3RzaG9wLnIxMHMuanAvZWJlc3QvY2FiaW5ldC8xMDcvNDk3NzE4NzMwMjQwMC5qcGc/Zml0aW49NzAwOjcwMA==,MjIyOC4wMDAw,,VFbjg7vjgqrjg7zjg4fjgqPjgqrjg7vjgqvjg6Hjg6kgPiDjgqLjgq/jgrvjgrXjg6rjg7zjg7vpg6jlk4EgPiDjgqvjg6Hjg6njg7vjg5Pjg4fjgqrjgqvjg6Hjg6njg7vlhYnlrabmqZ/lmajnlKjjgqLjgq/jgrvjgrXjg6rjg7wgPiDkuqTmj5vjg6zjg7PjgrrnlKjjgqLjgq/jgrvjgrXjg6rjg7wgPiDjg6zjg7Pjgrrjg5XjgqPjg6vjgr/jg7w=,44OP44Kv44OQIEhRUzItTCDjgq/jgqTjg4Pjgq/jgrfjg6Xjg7wyIEw=,44CQ6YCa5bi4NeaXpeeoi+W6puOBq+OBpuWHuuiNt+OAkQ==,PGltZyBzcmM9J2h0dHBzOi8vaW1hZ2UucmFrdXRlbi5jby5qcC9lYmVzdC9jYWJpbmV0L2ViZXN0a2FkZW5femFpa28uZ2lmJyBib3JkZXI9JzAnIGFsdD0n5Zyo5bqr54q25rOB44KS56K66KqN44GZ44KLJz48YnI+PGZvbnQgY29sb3I9IiNmZjAwMDAiPjxiPuKGkeKGkeKGkeato+eiuuOBquWcqOW6q+eKtuazgeOBr+S4iuiomOODkOODiuODvOOAjOWcqOW6q+eKtuazgeOCkueiuuiqjeOBmeOCi+OAjeOCkuOCr+ODquODg+OCr+OBl+OBpumgguOBjeOAgeW/heOBmuOBlOeiuuiqjeOBj+OBoOOBleOBhOOAgjwvYj48L2ZvbnQ+PGJyPjxicj4=,44OP44Kv44OQIEhRUzItTCDjgq/jgqTjg4Pjgq/jgrfjg6Xjg7wyIEzvvJrjgqTjg7zjg5njgrnjg4hQQ+ODu+Wutumbu+mkqA==,44OR44K944Kz44Oz5a626Zu744Kq44O844OH44Kj44Kq576O5a655YGl5bq344Oi44OQ44Kk44Or77yw77yk77yh44OA44Kk44Ko44OD44OI44OG44Os44OT44Of44OL44Kz44Oz44OT44OH44Kq44K944OL44O844K544Kr44OR44O8VC1mYWzjg4bjgqPjg5XjgqHjg7zjg6vml6XnlKjlk4Hjgrnjg53jg7zjg4TjgYrjgoLjgaHjgoPjgrLjg7zjg6DjgYrosrfjgYTlvpfjg4/jgq/jg5AgSFFTMi1MIOOCr+OCpOODg+OCr+OCt+ODpeODvDIgTA==,44CQ6YCa5bi4NeaXpeeoi+W6puOBq+OBpuWHuuiNt+OAkeOAguODj+OCr+ODkCBIUVMyLUwg44Kv44Kk44OD44Kv44K344Ol44O8MiBM[rn]
5-81321,aHR0cDovL3RzaG9wLnIxMHMuanAvZWJlc3QvY2FiaW5ldC8xMjUvNDk2MTYwNzM3MjcxNS5qcGc/Zml0aW49NzAwOjcwMA==,MTk0My4yMDAw,,VFbjg7vjgqrjg7zjg4fjgqPjgqrjg7vjgqvjg6Hjg6kgPiDjgqLjgq/jgrvjgrXjg6rjg7zjg7vpg6jlk4EgPiDjgqvjg6Hjg6njg7vjg5Pjg4fjgqrjgqvjg6Hjg6njg7vlhYnlrabmqZ/lmajnlKjjgqLjgq/jgrvjgrXjg6rjg7wgPiDkuqTmj5vjg6zjg7PjgrrnlKjjgqLjgq/jgrvjgrXjg6rjg7wgPiDjg6zjg7Pjgrrjg5XjgqPjg6vjgr/jg7w=,44Kx44Oz44Kz44O8IDcyUyBNQ+OCr+ODreODvOOCuuOCouODg+ODl+ODrOODs+OCuiBOby4xIDcybW0=,44CQ6YCa5bi4NOaXpeeoi+W6puOBq+OBpuWHuuiNt+OAkQ==,PGltZyBzcmM9J2h0dHBzOi8vaW1hZ2UucmFrdXRlbi5jby5qcC9lYmVzdC9jYWJpbmV0L2ViZXN0a2FkZW5femFpa28uZ2lmJyBib3JkZXI9JzAnIGFsdD0n5Zyo5bqr54q25rOB44KS56K66KqN44GZ44KLJz48YnI+PGZvbnQgY29sb3I9IiNmZjAwMDAiPjxiPuKGkeKGkeKGkeato+eiuuOBquWcqOW6q+eKtuazgeOBr+S4iuiomOODkOODiuODvOOAjOWcqOW6q+eKtuazgeOCkueiuuiqjeOBmeOCi+OAjeOCkuOCr+ODquODg+OCr+OBl+OBpumgguOBjeOAgeW/heOBmuOBlOeiuuiqjeOBj+OBoOOBleOBhOOAgjwvYj48L2ZvbnQ+PGJyPjxicj48YnI+4pag5YWJ6YeP44GM5L2O5LiL44GX44Gq44GE44Gu44Gn44K344Oj44OD44K/44O844K544OU44O844OJ44GM6YGF44GP44Gq44KK44G+44Gb44KTPGJyPuKWoE5v5pWw5YCk44GM5aSn44GN44GE44G744Gp5pKu5b2x6Led6Zui44GM55+t44GP44Gq44KK44G+44GZPGJyPuKWoDLmnprntYTjgb/lkIjjgo/jgZvjgovjgajjgIHjgZXjgonjgavov5HjgaXjgYTjgabmkq7lvbHjgYzlj6/og708YnI+PGJyPuODleOCo+ODq+OCv+ODvOW+hO+8mjcybW0=,44Kx44Oz44Kz44O8IDcyUyBNQ+OCr+ODreODvOOCuuOCouODg+ODl+ODrOODs+OCuiBOby4xIDcybW3vvJrjgqTjg7zjg5njgrnjg4hQQ+ODu+Wutumbu+mkqA==,44OR44K944Kz44Oz5a626Zu744Kq44O844OH44Kj44Kq576O5a655YGl5bq344Oi44OQ44Kk44Or77yw77yk77yh44OA44Kk44Ko44OD44OI44OG44Os44OT44Of44OL44Kz44Oz44OT44OH44Kq44K944OL44O844K544Kr44OR44O8VC1mYWzjg4bjgqPjg5XjgqHjg7zjg6vml6XnlKjlk4Hjgrnjg53jg7zjg4TjgYrjgoLjgaHjgoPjgrLjg7zjg6DjgYrosrfjgYTlvpfjgrHjg7PjgrPjg7wgNzJTIE1D44Kv44Ot44O844K644Ki44OD44OX44Os44Oz44K6IE5vLjEgNzJtbQ==,44CQ6YCa5bi4NOaXpeeoi+W6puOBq+OBpuWHuuiNt+OAkeOAguOCseODs+OCs+ODvCA3MlMgTUPjgq/jg63jg7zjgrrjgqLjg4Pjg5fjg6zjg7PjgrogTm8uMSA3Mm1t[rn]
5-81322,aHR0cDovL3RzaG9wLnIxMHMuanAvZWJlc3QvY2FiaW5ldC8yMDAvNDk2MTYwNzM0MzUxNy5qcGc/Zml0aW49NzAwOjcwMA==,MjYzMy42MDAw,,VFbjg7vjgqrjg7zjg4fjgqPjgqrjg7vjgqvjg6Hjg6kgPiDjgqLjgq/jgrvjgrXjg6rjg7zjg7vpg6jlk4EgPiDjgqvjg6Hjg6njg7vjg5Pjg4fjgqrjgqvjg6Hjg6njg7vlhYnlrabmqZ/lmajnlKjjgqLjgq/jgrvjgrXjg6rjg7wgPiDkuqTmj5vjg6zjg7PjgrrnlKjjgqLjgq/jgrvjgrXjg6rjg7wgPiDjg6zjg7Pjgrrjg5XjgqPjg6vjgr/jg7w=,44Kx44Oz44Kz44O8IDQzUyBaZXRhIOiWhOaeoOODl+ODreODhuOCr+OCv+ODvCA0M21t,44CQ6YCa5bi4NeaXpeeoi+W6puOBq+OBpuWHuuiNt+OAkQ==,PGltZyBzcmM9J2h0dHBzOi8vaW1hZ2UucmFrdXRlbi5jby5qcC9lYmVzdC9jYWJpbmV0L2ViZXN0a2FkZW5femFpa28uZ2lmJyBib3JkZXI9JzAnIGFsdD0n5Zyo5bqr54q25rOB44KS56K66KqN44GZ44KLJz48YnI+PGZvbnQgY29sb3I9IiNmZjAwMDAiPjxiPuKGkeKGkeKGkeato+eiuuOBquWcqOW6q+eKtuazgeOBr+S4iuiomOODkOODiuODvOOAjOWcqOW6q+eKtuazgeOCkueiuuiqjeOBmeOCi+OAjeOCkuOCr+ODquODg+OCr+OBl+OBpumgguOBjeOAgeW/heOBmuOBlOeiuuiqjeOBj+OBoOOBleOBhOOAgjwvYj48L2ZvbnQ+PGJyPjxicj48YnI+4pag6LaF5L2O5Y+N5bCE44KS5a6f54++44GZ44KLWlLjgrPjg7zjg4g8YnI+4pag6JaE5p6g6Kit6KiIPGJyPuKWoOOCs+ODs+ODkeOCr+ODiOOBp+WPluOCiuWHuuOBl+OChOOBmeOBhOWwgueUqOOCseODvOOCueOCkuS7mOWxnjxicj48Yj7jg5XjgqPjg6vjgr/jg7zlvoQ8L2I+77yaNDNtbTxicj48Yj7lvaLnirY8L2I+77ya44Gt44GY6L6844G/5byPPGJyPjxiPuWKueaenDwvYj7vvJrjg6zjg7Pjgrrkv53orbc=,44Kx44Oz44Kz44O8IDQzUyBaZXRhIOiWhOaeoOODl+ODreODhuOCr+OCv+ODvCA0M21t77ya44Kk44O844OZ44K544OIUEPjg7vlrrbpm7vppKg=,44OR44K944Kz44Oz5a626Zu744Kq44O844OH44Kj44Kq576O5a655YGl5bq344Oi44OQ44Kk44Or77yw77yk77yh44OA44Kk44Ko44OD44OI44OG44Os44OT44Of44OL44Kz44Oz44OT44OH44Kq44K944OL44O844K544Kr44OR44O8VC1mYWzjg4bjgqPjg5XjgqHjg7zjg6vml6XnlKjlk4Hjgrnjg53jg7zjg4TjgYrjgoLjgaHjgoPjgrLjg7zjg6DjgYrosrfjgYTlvpfjgrHjg7PjgrPjg7wgNDNTIFpldGEg6JaE5p6g44OX44Ot44OG44Kv44K/44O8IDQzbW0=,44CQ6YCa5bi4NeaXpeeoi+W6puOBq+OBpuWHuuiNt+OAkeOAguOCseODs+OCs+ODvCA0M1MgWmV0YSDoloTmnqDjg5fjg63jg4bjgq/jgr/jg7wgNDNtbQ==[rn]
5-81323,aHR0cDovL3RzaG9wLnIxMHMuanAvZWJlc3QvY2FiaW5ldC83MS80OTYxNjA3MDQyMDIxLmpwZz9maXRpbj03MDA6NzAw,OTA0LjAwMDA=,,VFbjg7vjgqrjg7zjg4fjgqPjgqrjg7vjgqvjg6Hjg6kgPiDjgqLjgq/jgrvjgrXjg6rjg7zjg7vpg6jlk4EgPiDjgqvjg6Hjg6njg7vjg5Pjg4fjgqrjgqvjg6Hjg6njg7vlhYnlrabmqZ/lmajnlKjjgqLjgq/jgrvjgrXjg6rjg7wgPiDkuqTmj5vjg6zjg7PjgrrnlKjjgqLjgq/jgrvjgrXjg6rjg7wgPiDjg6zjg7Pjgrrjg5XjgqPjg6vjgr/jg7w=,44Kx44Oz44Kz44O8IDQwLjVTIE1DVVYgVVbjg5XjgqPjg6vjgr/jg7wgNDAuNW1t,44CQ6YCa5bi4NOaXpeeoi+W6puOBq+OBpuWHuuiNt+OAkQ==,PGltZyBzcmM9J2h0dHBzOi8vaW1hZ2UucmFrdXRlbi5jby5qcC9lYmVzdC9jYWJpbmV0L2ViZXN0a2FkZW5femFpa28uZ2lmJyBib3JkZXI9JzAnIGFsdD0n5Zyo5bqr54q25rOB44KS56K66KqN44GZ44KLJz48YnI+PGZvbnQgY29sb3I9IiNmZjAwMDAiPjxiPuKGkeKGkeKGkeato+eiuuOBquWcqOW6q+eKtuazgeOBr+S4iuiomOODkOODiuODvOOAjOWcqOW6q+eKtuazgeOCkueiuuiqjeOBmeOCi+OAjeOCkuOCr+ODquODg+OCr+OBl+OBpumgguOBjeOAgeW/heOBmuOBlOeiuuiqjeOBj+OBoOOBleOBhOOAgjwvYj48L2ZvbnQ+PGJyPjxicj48YnI+4pag44OZ44O844K344OD44Kv44Gq57Sr5aSW57ea5ZC45Y+O44OV44Kj44Or44K/44O8PGJyPjxicj7jg5XjgqPjg6vjgr/jg7zlvoTvvJo0MC41bW0=,44Kx44Oz44Kz44O8IDQwLjVTIE1DVVYgVVbjg5XjgqPjg6vjgr/jg7wgNDAuNW1t77ya44Kk44O844OZ44K544OIUEPjg7vlrrbpm7vppKg=,44OR44K944Kz44Oz5a626Zu744Kq44O844OH44Kj44Kq576O5a655YGl5bq344Oi44OQ44Kk44Or77yw77yk77yh44OA44Kk44Ko44OD44OI44OG44Os44OT44Of44OL44Kz44Oz44OT44OH44Kq44K944OL44O844K544Kr44OR44O8VC1mYWzjg4bjgqPjg5XjgqHjg7zjg6vml6XnlKjlk4Hjgrnjg53jg7zjg4TjgYrjgoLjgaHjgoPjgrLjg7zjg6DjgYrosrfjgYTlvpfjgrHjg7PjgrPjg7wgNDAuNVMgTUNVViBVVuODleOCo+ODq+OCv+ODvCA0MC41bW0=,44CQ6YCa5bi4NOaXpeeoi+W6puOBq+OBpuWHuuiNt+OAkeOAguOCseODs+OCs+ODvCA0MC41UyBNQ1VWIFVW44OV44Kj44Or44K/44O8IDQwLjVtbQ==[rn]
5-81324,aHR0cDovL3RzaG9wLnIxMHMuanAvZWJlc3QvY2FiaW5ldC8yMTYvNDk3NzE4NzQ0MDkxMS5qcGc/Zml0aW49NzAwOjcwMA==,NTczMC40MDAw,,VFbjg7vjgqrjg7zjg4fjgqPjgqrjg7vjgqvjg6Hjg6kgPiDjgqLjgq/jgrvjgrXjg6rjg7zjg7vpg6jlk4EgPiDjgqvjg6Hjg6njg7vjg5Pjg4fjgqrjgqvjg6Hjg6njg7vlhYnlrabmqZ/lmajnlKjjgqLjgq/jgrvjgrXjg6rjg7wgPiDkuqTmj5vjg6zjg7PjgrrnlKjjgqLjgq/jgrvjgrXjg6rjg7wgPiDjg6zjg7Pjgrrjg5XjgqPjg6vjgr/jg7w=,44OP44Kv44OQIENGLVhDUFJDUEw2NyBYQy1QUk8g44Ko44Kv44K544OI44Oq44O844OgIOOCteODvOOCreODpeODqeODvFBM44OV44Kj44Or44K/44O8IDY3bW0=,44CQ5Zyo5bqr44Gq44GX44CR,PGltZyBzcmM9J2h0dHBzOi8vaW1hZ2UucmFrdXRlbi5jby5qcC9lYmVzdC9jYWJpbmV0L2ViZXN0a2FkZW5femFpa28uZ2lmJyBib3JkZXI9JzAnIGFsdD0n5Zyo5bqr54q25rOB44KS56K66KqN44GZ44KLJz48YnI+PGZvbnQgY29sb3I9IiNmZjAwMDAiPjxiPuKGkeKGkeKGkeato+eiuuOBquWcqOW6q+eKtuazgeOBr+S4iuiomOODkOODiuODvOOAjOWcqOW6q+eKtuazgeOCkueiuuiqjeOBmeOCi+OAjeOCkuOCr+ODquODg+OCr+OBl+OBpumgguOBjeOAgeW/heOBmuOBlOeiuuiqjeOBj+OBoOOBleOBhOOAgjwvYj48L2ZvbnQ+PGJyPjxicj48YnI+4pag6LaF5L2O5Y+N5bCE546HMC42JTxicj7ilqDmpbXjgoHjgabpq5jjgYTmkqXmsLTjgIHpmLLmsZrmqZ/og708YnI+4pag57K+5a+G5Yqg5bel44Gr44KI44KL5pyA5paw44Gu6JaE5p6g6Kit6KiIPGJyPjxiPuODrOODs+OCuuOCreODo+ODg+ODl+ijheedgOWPr+WQpjwvYj7vvJrlj688YnI+PGI+44OV44Kj44Or44K/44O85Y+j5b6EPC9iPu+8mjY3bW08YnI+PGI+44OV44Kj44Or44K/44O85p6gPC9iPu+8muODr+OCpOODiSjoloTlnovjgr/jgqTjg5cpPGJyPjxiPuOCrOODqeOCueOCs+ODvOODiDwvYj7vvJrjgqjjgq/jgrnjg4jjg6rjg7zjg6DjgrPjg7zjg4bjgqPjg7PjgrA8YnI+PGI+44Ks44Op44K55Y+N5bCE546HPC9iPu+8muS9juWPjeWwhOeOhzAuNiU8YnI+PGI+44OV44Kj44Or44K/44O85qmf6IO9PC9iPu+8muiJsuW9qeW8t+iqv++9peWPjeWwhOWFieaKkeWItg==,44OP44Kv44OQIENGLVhDUFJDUEw2NyBYQy1QUk8g44Ko44Kv44K544OI44Oq44O844OgIOOCteODvOOCreODpeODqeODvFBM44OV44Kj44Or44K/44O8IDY3bW3vvJrjgqTjg7zjg5njgrnjg4hQQ+ODu+Wutumbu+mkqA==,44OR44K944Kz44Oz5a626Zu744Kq44O844OH44Kj44Kq576O5a655YGl5bq344Oi44OQ44Kk44Or77yw77yk77yh44OA44Kk44Ko44OD44OI44OG44Os44OT44Of44OL44Kz44Oz44OT44OH44Kq44K944OL44O844K544Kr44OR44O8VC1mYWzjg4bjgqPjg5XjgqHjg7zjg6vml6XnlKjlk4Hjgrnjg53jg7zjg4TjgYrjgoLjgaHjgoPjgrLjg7zjg6DjgYrosrfjgYTlvpfjg4/jgq/jg5AgQ0YtWENQUkNQTDY3IFhDLVBSTyDjgqjjgq/jgrnjg4jjg6rjg7zjg6Ag44K144O844Kt44Ol44Op44O8UEzjg5XjgqPjg6vjgr/jg7wgNjdtbQ==,44CQ5Zyo5bqr44Gq44GX44CR44CC44OP44Kv44OQIENGLVhDUFJDUEw2NyBYQy1QUk8g44Ko44Kv44K544OI44Oq44O844OgIOOCteODvOOCreODpeODqeODvFBM44OV44Kj44Or44K/44O8IDY3bW0=[rn]
5-81325,aHR0cDovL3RzaG9wLnIxMHMuanAvZWJlc3QvY2FiaW5ldC8yMTYvNDk3NzE4NzQ0MDg1MC5qcGc/Zml0aW49NzAwOjcwMA==,NDMxMS4yMDAw,,VFbjg7vjgqrjg7zjg4fjgqPjgqrjg7vjgqvjg6Hjg6kgPiDjgqLjgq/jgrvjgrXjg6rjg7zjg7vpg6jlk4EgPiDjgqvjg6Hjg6njg7vjg5Pjg4fjgqrjgqvjg6Hjg6njg7vlhYnlrabmqZ/lmajnlKjjgqLjgq/jgrvjgrXjg6rjg7wgPiDkuqTmj5vjg6zjg7PjgrrnlKjjgqLjgq/jgrvjgrXjg6rjg7wgPiDjg6zjg7Pjgrrjg5XjgqPjg6vjgr/jg7w=,44OP44Kv44OQIENGLVhDUFJDUEw0NiBYQy1QUk8g44Ko44Kv44K544OI44Oq44O844OgIOOCteODvOOCreODpeODqeODvFBM44OV44Kj44Or44K/44O8IDQ2bW0=,44CQ6YCa5bi4NeaXpeeoi+W6puOBq+OBpuWHuuiNt+OAkQ==,PGltZyBzcmM9J2h0dHBzOi8vaW1hZ2UucmFrdXRlbi5jby5qcC9lYmVzdC9jYWJpbmV0L2ViZXN0a2FkZW5femFpa28uZ2lmJyBib3JkZXI9JzAnIGFsdD0n5Zyo5bqr54q25rOB44KS56K66KqN44GZ44KLJz48YnI+PGZvbnQgY29sb3I9IiNmZjAwMDAiPjxiPuKGkeKGkeKGkeato+eiuuOBquWcqOW6q+eKtuazgeOBr+S4iuiomOODkOODiuODvOOAjOWcqOW6q+eKtuazgeOCkueiuuiqjeOBmeOCi+OAjeOCkuOCr+ODquODg+OCr+OBl+OBpumgguOBjeOAgeW/heOBmuOBlOeiuuiqjeOBj+OBoOOBleOBhOOAgjwvYj48L2ZvbnQ+PGJyPjxicj48YnI+4pag6LaF5L2O5Y+N5bCE546HMC42JTxicj7ilqDmpbXjgoHjgabpq5jjgYTmkqXmsLTjgIHpmLLmsZrmqZ/og708YnI+4pag57K+5a+G5Yqg5bel44Gr44KI44KL5pyA5paw44Gu6JaE5p6g6Kit6KiIPGJyPjxiPuODrOODs+OCuuOCreODo+ODg+ODl+ijheedgOWPr+WQpjwvYj7vvJrlj688YnI+PGI+44OV44Kj44Or44K/44O85Y+j5b6EPC9iPu+8mjQ2bW08YnI+PGI+44OV44Kj44Or44K/44O85p6gPC9iPu+8muODr+OCpOODiSjoloTlnovjgr/jgqTjg5cpPGJyPjxiPuOCrOODqeOCueOCs+ODvOODiDwvYj7vvJrjgqjjgq/jgrnjg4jjg6rjg7zjg6DjgrPjg7zjg4bjgqPjg7PjgrA8YnI+PGI+44Ks44Op44K55Y+N5bCE546HPC9iPu+8muS9juWPjeWwhOeOhzAuNiU8YnI+PGI+44OV44Kj44Or44K/44O85qmf6IO9PC9iPu+8muiJsuW9qeW8t+iqv++9peWPjeWwhOWFieaKkeWItg==,44OP44Kv44OQIENGLVhDUFJDUEw0NiBYQy1QUk8g44Ko44Kv44K544OI44Oq44O844OgIOOCteODvOOCreODpeODqeODvFBM44OV44Kj44Or44K/44O8IDQ2bW3vvJrjgqTjg7zjg5njgrnjg4hQQ+ODu+Wutumbu+mkqA==,44OR44K944Kz44Oz5a626Zu744Kq44O844OH44Kj44Kq576O5a655YGl5bq344Oi44OQ44Kk44Or77yw77yk77yh44OA44Kk44Ko44OD44OI44OG44Os44OT44Of44OL44Kz44Oz44OT44OH44Kq44K944OL44O844K544Kr44OR44O8VC1mYWzjg4bjgqPjg5XjgqHjg7zjg6vml6XnlKjlk4Hjgrnjg53jg7zjg4TjgYrjgoLjgaHjgoPjgrLjg7zjg6DjgYrosrfjgYTlvpfjg4/jgq/jg5AgQ0YtWENQUkNQTDQ2IFhDLVBSTyDjgqjjgq/jgrnjg4jjg6rjg7zjg6Ag44K144O844Kt44Ol44Op44O8UEzjg5XjgqPjg6vjgr/jg7wgNDZtbQ==,44CQ6YCa5bi4NeaXpeeoi+W6puOBq+OBpuWHuuiNt+OAkeOAguODj+OCr+ODkCBDRi1YQ1BSQ1BMNDYgWEMtUFJPIOOCqOOCr+OCueODiOODquODvOODoCDjgrXjg7zjgq3jg6Xjg6njg7xQTOODleOCo+ODq+OCv+ODvCA0Nm1t[rn]
5-81326,aHR0cDovL3RzaG9wLnIxMHMuanAvZWJlc3QvY2FiaW5ldC8xMTYvNDk2MTYwNzM0OTIxMi5qcGc/Zml0aW49NzAwOjcwMA==,MTAwNy4yMDAw,,VFbjg7vjgqrjg7zjg4fjgqPjgqrjg7vjgqvjg6Hjg6kgPiDjgqLjgq/jgrvjgrXjg6rjg7zjg7vpg6jlk4EgPiDjgqvjg6Hjg6njg7vjg5Pjg4fjgqrjgqvjg6Hjg6njg7vlhYnlrabmqZ/lmajnlKjjgqLjgq/jgrvjgrXjg6rjg7wgPiDkuqTmj5vjg6zjg7PjgrrnlKjjgqLjgq/jgrvjgrXjg6rjg7wgPiDjg6zjg7Pjgrrjg5XjgqPjg6vjgr/jg7w=,44Kx44Oz44Kz44O8IDQ5UyBSLeOCueODjuODvOOCr+ODreOCuSA0OW1t,44CQ6YCa5bi4NOaXpeeoi+W6puOBq+OBpuWHuuiNt+OAkQ==,PGltZyBzcmM9J2h0dHBzOi8vaW1hZ2UucmFrdXRlbi5jby5qcC9lYmVzdC9jYWJpbmV0L2ViZXN0a2FkZW5femFpa28uZ2lmJyBib3JkZXI9JzAnIGFsdD0n5Zyo5bqr54q25rOB44KS56K66KqN44GZ44KLJz48YnI+PGZvbnQgY29sb3I9IiNmZjAwMDAiPjxiPuKGkeKGkeKGkeato+eiuuOBquWcqOW6q+eKtuazgeOBr+S4iuiomOODkOODiuODvOOAjOWcqOW6q+eKtuazgeOCkueiuuiqjeOBmeOCi+OAjeOCkuOCr+ODquODg+OCr+OBl+OBpumgguOBjeOAgeW/heOBmuOBlOeiuuiqjeOBj+OBoOOBleOBhOOAgjwvYj48L2ZvbnQ+PGJyPjxicj48YnI+PGJyPg==,44Kx44Oz44Kz44O8IDQ5UyBSLeOCueODjuODvOOCr+ODreOCuSA0OW1t77ya44Kk44O844OZ44K544OIUEPjg7vlrrbpm7vppKg=,44OR44K944Kz44Oz5a626Zu744Kq44O844OH44Kj44Kq576O5a655YGl5bq344Oi44OQ44Kk44Or77yw77yk77yh44OA44Kk44Ko44OD44OI44OG44Os44OT44Of44OL44Kz44Oz44OT44OH44Kq44K944OL44O844K544Kr44OR44O8VC1mYWzjg4bjgqPjg5XjgqHjg7zjg6vml6XnlKjlk4Hjgrnjg53jg7zjg4TjgYrjgoLjgaHjgoPjgrLjg7zjg6DjgYrosrfjgYTlvpfjgrHjg7PjgrPjg7wgNDlTIFIt44K544OO44O844Kv44Ot44K5IDQ5bW0=,44CQ6YCa5bi4NOaXpeeoi+W6puOBq+OBpuWHuuiNt+OAkeOAguOCseODs+OCs+ODvCA0OVMgUi3jgrnjg47jg7zjgq/jg63jgrkgNDltbQ==[rn]
5-81327,aHR0cDovL3RzaG9wLnIxMHMuanAvZWJlc3QvY2FiaW5ldC84OC80OTYxNjA3MzQ5OTIyLmpwZz9maXRpbj03MDA6NzAw,MTk4OC4wMDAw,,VFbjg7vjgqrjg7zjg4fjgqPjgqrjg7vjgqvjg6Hjg6kgPiDjgqLjgq/jgrvjgrXjg6rjg7zjg7vpg6jlk4EgPiDjgqvjg6Hjg6njg7vjg5Pjg4fjgqrjgqvjg6Hjg6njg7vlhYnlrabmqZ/lmajnlKjjgqLjgq/jgrvjgrXjg6rjg7wgPiDkuqTmj5vjg6zjg7PjgrrnlKjjgqLjgq/jgrvjgrXjg6rjg7wgPiDjg6zjg7Pjgrrjg5XjgqPjg6vjgr/jg7w=,44Kx44Oz44Kz44O8IDQ5UyBBQ+OCr+ODreODvOOCuuOCouODg+ODl+ODrOODs+OCuiBOby4yIDQ5bW0=,44CQ6YCa5bi4NOaXpeeoi+W6puOBq+OBpuWHuuiNt+OAkQ==,PGltZyBzcmM9J2h0dHBzOi8vaW1hZ2UucmFrdXRlbi5jby5qcC9lYmVzdC9jYWJpbmV0L2ViZXN0a2FkZW5femFpa28uZ2lmJyBib3JkZXI9JzAnIGFsdD0n5Zyo5bqr54q25rOB44KS56K66KqN44GZ44KLJz48YnI+PGZvbnQgY29sb3I9IiNmZjAwMDAiPjxiPuKGkeKGkeKGkeato+eiuuOBquWcqOW6q+eKtuazgeOBr+S4iuiomOODkOODiuODvOOAjOWcqOW6q+eKtuazgeOCkueiuuiqjeOBmeOCi+OAjeOCkuOCr+ODquODg+OCr+OBl+OBpumgguOBjeOAgeW/heOBmuOBlOeiuuiqjeOBj+OBoOOBleOBhOOAgjwvYj48L2ZvbnQ+PGJyPjxicj48YnI+4pag44OV44Kj44Or44K/44O85oSf6Kaa44Gn5omx44GI44KL5Y2Y546J44K/44Kk44OX44Gu44KC44Gj44Go44KC44Od44OU44Ol44Op44O844Gq44Kv44Ot44O844K644Ki44OD44OX44Os44Oz44K644Gn44GZPGJyPuKWoOWFiemHj+OBjOS9juS4i+OBl+OBquOBhOOBruOBp+OCt+ODo+ODg+OCv+ODvOOCueODlOODvOODieOBjOmBheOBj+OBquOCiuOBvuOBm+OCkzxicj7ilqBOb+aVsOWApOOBjOWkp+OBjeOBhOOBu+OBqeaSruW9sei3nembouOBjOefreOBj+OBquOCiuOBvuOBmTxicj48YnI+44OV44Kj44Or44K/44O85b6E77yaNDltbQ==,44Kx44Oz44Kz44O8IDQ5UyBBQ+OCr+ODreODvOOCuuOCouODg+ODl+ODrOODs+OCuiBOby4yIDQ5bW3vvJrjgqTjg7zjg5njgrnjg4hQQ+ODu+Wutumbu+mkqA==,44OR44K944Kz44Oz5a626Zu744Kq44O844OH44Kj44Kq576O5a655YGl5bq344Oi44OQ44Kk44Or77yw77yk77yh44OA44Kk44Ko44OD44OI44OG44Os44OT44Of44OL44Kz44Oz44OT44OH44Kq44K944OL44O844K544Kr44OR44O8VC1mYWzjg4bjgqPjg5XjgqHjg7zjg6vml6XnlKjlk4Hjgrnjg53jg7zjg4TjgYrjgoLjgaHjgoPjgrLjg7zjg6DjgYrosrfjgYTlvpfjgrHjg7PjgrPjg7wgNDlTIEFD44Kv44Ot44O844K644Ki44OD44OX44Os44Oz44K6IE5vLjIgNDltbQ==,44CQ6YCa5bi4NOaXpeeoi+W6puOBq+OBpuWHuuiNt+OAkeOAguOCseODs+OCs+ODvCA0OVMgQUPjgq/jg63jg7zjgrrjgqLjg4Pjg5fjg6zjg7PjgrogTm8uMiA0OW1t[rn]
5-81328,aHR0cDovL3RzaG9wLnIxMHMuanAvZWJlc3QvY2FiaW5ldC8xMDcvNDk2MTYwNzM1NTYwMi5qcGc/Zml0aW49NzAwOjcwMA==,MTEwNC4wMDAw,,VFbjg7vjgqrjg7zjg4fjgqPjgqrjg7vjgqvjg6Hjg6kgPiDjgqLjgq/jgrvjgrXjg6rjg7zjg7vpg6jlk4EgPiDjgqvjg6Hjg6njg7vjg5Pjg4fjgqrjgqvjg6Hjg6njg7vlhYnlrabmqZ/lmajnlKjjgqLjgq/jgrvjgrXjg6rjg7wgPiDkuqTmj5vjg6zjg7PjgrrnlKjjgqLjgq/jgrvjgrXjg6rjg7wgPiDjg6zjg7Pjgrrjg5XjgqPjg6vjgr/jg7w=,44Kx44Oz44Kz44O8IDU1UyBQUk8gTkQyIDU1bW0=,44CQ6YCa5bi4NOaXpeeoi+W6puOBq+OBpuWHuuiNt+OAkQ==,PGltZyBzcmM9J2h0dHBzOi8vaW1hZ2UucmFrdXRlbi5jby5qcC9lYmVzdC9jYWJpbmV0L2ViZXN0a2FkZW5femFpa28uZ2lmJyBib3JkZXI9JzAnIGFsdD0n5Zyo5bqr54q25rOB44KS56K66KqN44GZ44KLJz48YnI+PGZvbnQgY29sb3I9IiNmZjAwMDAiPjxiPuKGkeKGkeKGkeato+eiuuOBquWcqOW6q+eKtuazgeOBr+S4iuiomOODkOODiuODvOOAjOWcqOW6q+eKtuazgeOCkueiuuiqjeOBmeOCi+OAjeOCkuOCr+ODquODg+OCr+OBl+OBpumgguOBjeOAgeW/heOBmuOBlOeiuuiqjeOBj+OBoOOBleOBhOOAgjwvYj48L2ZvbnQ+PGJyPjxicj48YnI+PGJyPg==,44Kx44Oz44Kz44O8IDU1UyBQUk8gTkQyIDU1bW3vvJrjgqTjg7zjg5njgrnjg4hQQ+ODu+Wutumbu+mkqA==,44OR44K944Kz44Oz5a626Zu744Kq44O844OH44Kj44Kq576O5a655YGl5bq344Oi44OQ44Kk44Or77yw77yk77yh44OA44Kk44Ko44OD44OI44OG44Os44OT44Of44OL44Kz44Oz44OT44OH44Kq44K944OL44O844K544Kr44OR44O8VC1mYWzjg4bjgqPjg5XjgqHjg7zjg6vml6XnlKjlk4Hjgrnjg53jg7zjg4TjgYrjgoLjgaHjgoPjgrLjg7zjg6DjgYrosrfjgYTlvpfjgrHjg7PjgrPjg7wgNTVTIFBSTyBORDIgNTVtbQ==,44CQ6YCa5bi4NOaXpeeoi+W6puOBq+OBpuWHuuiNt+OAkeOAguOCseODs+OCs+ODvCA1NVMgUFJPIE5EMiA1NW1t[rn]
5-81329,aHR0cDovL3RzaG9wLnIxMHMuanAvZWJlc3QvY2FiaW5ldC8yMDAvNDk2MTYwNzE1OTMzMC5qcGc/Zml0aW49NzAwOjcwMA==,MjYzMy42MDAw,,VFbjg7vjgqrjg7zjg4fjgqPjgqrjg7vjgqvjg6Hjg6kgPiDjgqLjgq/jgrvjgrXjg6rjg7zjg7vpg6jlk4EgPiDjgqvjg6Hjg6njg7vjg5Pjg4fjgqrjgqvjg6Hjg6njg7vlhYnlrabmqZ/lmajnlKjjgqLjgq/jgrvjgrXjg6rjg7wgPiDkuqTmj5vjg6zjg7PjgrrnlKjjgqLjgq/jgrvjgrXjg6rjg7wgPiDjg6zjg7Pjgrrjg5XjgqPjg6vjgr/jg7w=,44Kx44Oz44Kz44O8IDM5UyBaZXRhIOiWhOaeoOODl+ODreODhuOCr+OCv+ODvCAzOW1t,44CQ6YCa5bi4NeaXpeeoi+W6puOBq+OBpuWHuuiNt+OAkQ==,PGltZyBzcmM9J2h0dHBzOi8vaW1hZ2UucmFrdXRlbi5jby5qcC9lYmVzdC9jYWJpbmV0L2ViZXN0a2FkZW5femFpa28uZ2lmJyBib3JkZXI9JzAnIGFsdD0n5Zyo5bqr54q25rOB44KS56K66KqN44GZ44KLJz48YnI+PGZvbnQgY29sb3I9IiNmZjAwMDAiPjxiPuKGkeKGkeKGkeato+eiuuOBquWcqOW6q+eKtuazgeOBr+S4iuiomOODkOODiuODvOOAjOWcqOW6q+eKtuazgeOCkueiuuiqjeOBmeOCi+OAjeOCkuOCr+ODquODg+OCr+OBl+OBpumgguOBjeOAgeW/heOBmuOBlOeiuuiqjeOBj+OBoOOBleOBhOOAgjwvYj48L2ZvbnQ+PGJyPjxicj48YnI+4pag6LaF5L2O5Y+N5bCE44KS5a6f54++44GZ44KLWlLjgrPjg7zjg4g8YnI+4pag6JaE5p6g6Kit6KiIPGJyPuKWoOOCs+ODs+ODkeOCr+ODiOOBp+WPluOCiuWHuuOBl+OChOOBmeOBhOWwgueUqOOCseODvOOCueOCkuS7mOWxnjxicj48Yj7jg5XjgqPjg6vjgr/jg7zlvoQ8L2I+77yaMzltbTxicj48Yj7lvaLnirY8L2I+77ya44Gt44GY6L6844G/5byPPGJyPjxiPuWKueaenDwvYj7vvJrjg6zjg7Pjgrrkv53orbc=,44Kx44Oz44Kz44O8IDM5UyBaZXRhIOiWhOaeoOODl+ODreODhuOCr+OCv+ODvCAzOW1t77ya44Kk44O844OZ44K544OIUEPjg7vlrrbpm7vppKg=,44OR44K944Kz44Oz5a626Zu744Kq44O844OH44Kj44Kq576O5a655YGl5bq344Oi44OQ44Kk44Or77yw77yk77yh44OA44Kk44Ko44OD44OI44OG44Os44OT44Of44OL44Kz44Oz44OT44OH44Kq44K944OL44O844K544Kr44OR44O8VC1mYWzjg4bjgqPjg5XjgqHjg7zjg6vml6XnlKjlk4Hjgrnjg53jg7zjg4TjgYrjgoLjgaHjgoPjgrLjg7zjg6DjgYrosrfjgYTlvpfjgrHjg7PjgrPjg7wgMzlTIFpldGEg6JaE5p6g44OX44Ot44OG44Kv44K/44O8IDM5bW0=,44CQ6YCa5bi4NeaXpeeoi+W6puOBq+OBpuWHuuiNt+OAkeOAguOCseODs+OCs+ODvCAzOVMgWmV0YSDoloTmnqDjg5fjg63jg4bjgq/jgr/jg7wgMzltbQ==[rn]
5-81330,aHR0cDovL3RzaG9wLnIxMHMuanAvZWJlc3QvY2FiaW5ldC83MS80OTYxNjA3MTgyMDE3LmpwZz9maXRpbj03MDA6NzAw,MjQyOS42MDAw,,VFbjg7vjgqrjg7zjg4fjgqPjgqrjg7vjgqvjg6Hjg6kgPiDjgqLjgq/jgrvjgrXjg6rjg7zjg7vpg6jlk4EgPiDjgqvjg6Hjg6njg7vjg5Pjg4fjgqrjgqvjg6Hjg6njg7vlhYnlrabmqZ/lmajnlKjjgqLjgq/jgrvjgrXjg6rjg7wgPiDkuqTmj5vjg6zjg7PjgrrnlKjjgqLjgq/jgrvjgrXjg6rjg7wgPiDjg6zjg7Pjgrrjg5XjgqPjg6vjgr/jg7w=,44Kx44Oz44Kz44O8IDgyUyBNQyAxQuOCueOCq+OCpOODqeOCpOODiCDjgrnjgqvjgqTjg6njgqTjg4jjg5XjgqPjg6vjgr/jg7wgODJtbQ==,44CQ6YCa5bi4NOaXpeeoi+W6puOBq+OBpuWHuuiNt+OAkQ==,PGltZyBzcmM9J2h0dHBzOi8vaW1hZ2UucmFrdXRlbi5jby5qcC9lYmVzdC9jYWJpbmV0L2ViZXN0a2FkZW5femFpa28uZ2lmJyBib3JkZXI9JzAnIGFsdD0n5Zyo5bqr54q25rOB44KS56K66KqN44GZ44KLJz48YnI+PGZvbnQgY29sb3I9IiNmZjAwMDAiPjxiPuKGkeKGkeKGkeato+eiuuOBquWcqOW6q+eKtuazgeOBr+S4iuiomOODkOODiuODvOOAjOWcqOW6q+eKtuazgeOCkueiuuiqjeOBmeOCi+OAjeOCkuOCr+ODquODg+OCr+OBl+OBpumgguOBjeOAgeW/heOBmuOBlOeiuuiqjeOBj+OBoOOBleOBhOOAgjwvYj48L2ZvbnQ+PGJyPjxicj48YnI+4pag44Oe44Or44OB44Kz44O844OI772l6JaE44GE44OU44Oz44Kv44Gu44OQ44Op44Oz44K56Imy44KS5pa944GX44Gf44OZ44O844K344OD44Kv44Gq5Lq654mp5pKu5b2x5ZCR44GN5L+d6K2344OV44Kj44Or44K/44O8PGJyPjxicj7jg5XjgqPjg6vjgr/jg7zlvoTvvJo4Mm1t,44Kx44Oz44Kz44O8IDgyUyBNQyAxQuOCueOCq+OCpOODqeOCpOODiCDjgrnjgqvjgqTjg6njgqTjg4jjg5XjgqPjg6vjgr/jg7wgODJtbe+8muOCpOODvOODmeOCueODiFBD44O75a626Zu76aSo,44OR44K944Kz44Oz5a626Zu744Kq44O844OH44Kj44Kq576O5a655YGl5bq344Oi44OQ44Kk44Or77yw77yk77yh44OA44Kk44Ko44OD44OI44OG44Os44OT44Of44OL44Kz44Oz44OT44OH44Kq44K944OL44O844K544Kr44OR44O8VC1mYWzjg4bjgqPjg5XjgqHjg7zjg6vml6XnlKjlk4Hjgrnjg53jg7zjg4TjgYrjgoLjgaHjgoPjgrLjg7zjg6DjgYrosrfjgYTlvpfjgrHjg7PjgrPjg7wgODJTIE1DIDFC44K544Kr44Kk44Op44Kk44OIIOOCueOCq+OCpOODqeOCpOODiOODleOCo+ODq+OCv+ODvCA4Mm1t,44CQ6YCa5bi4NOaXpeeoi+W6puOBq+OBpuWHuuiNt+OAkeOAguOCseODs+OCs+ODvCA4MlMgTUMgMULjgrnjgqvjgqTjg6njgqTjg4gg44K544Kr44Kk44Op44Kk44OI44OV44Kj44Or44K/44O8IDgybW0=[rn]
5-81331,aHR0cDovL3RzaG9wLnIxMHMuanAvZWJlc3QvY2FiaW5ldC8xMDQxLzQ5NjE2MDczNzI4NTIuanBnP2ZpdGluPTcwMDo3MDA=,MzUzNC40MDAw,,VFbjg7vjgqrjg7zjg4fjgqPjgqrjg7vjgqvjg6Hjg6kgPiDjgqLjgq/jgrvjgrXjg6rjg7zjg7vpg6jlk4EgPiDjgqvjg6Hjg6njg7vjg5Pjg4fjgqrjgqvjg6Hjg6njg7vlhYnlrabmqZ/lmajnlKjjgqLjgq/jgrvjgrXjg6rjg7wgPiDkuqTmj5vjg6zjg7PjgrrnlKjjgqLjgq/jgrvjgrXjg6rjg7wgPiDjg6zjg7Pjgrrjg5XjgqPjg6vjgr/jg7w=,44Kx44Oz44Kz44O8IDcyIFMgTUMg44OI44Ov44Kk44Op44Kk44OI44OW44Or44O8IDcybW0=,44CQ5Zyo5bqr44Gq44GX44CR,PGltZyBzcmM9J2h0dHBzOi8vaW1hZ2UucmFrdXRlbi5jby5qcC9lYmVzdC9jYWJpbmV0L2ViZXN0a2FkZW5femFpa28uZ2lmJyBib3JkZXI9JzAnIGFsdD0n5Zyo5bqr54q25rOB44KS56K66KqN44GZ44KLJz48YnI+PGZvbnQgY29sb3I9IiNmZjAwMDAiPjxiPuKGkeKGkeKGkeato+eiuuOBquWcqOW6q+eKtuazgeOBr+S4iuiomOODkOODiuODvOOAjOWcqOW6q+eKtuazgeOCkueiuuiqjeOBmeOCi+OAjeOCkuOCr+ODquODg+OCr+OBl+OBpumgguOBjeOAgeW/heOBmuOBlOeiuuiqjeOBj+OBoOOBleOBhOOAgjwvYj48L2ZvbnQ+PGJyPjxicj48YnI+PGJyPuKWoOODiOODr+OCpOODqeOCpOODiOODleOCo+ODq+OCv+ODvOOBr+e+juOBl+OBhOaDheaZr+OCkuaSruW9seOBp+OBjeOCi+OCiOOBhuOBq+OBl+OBn+eJueauiuWKueaenOODleOCo+ODq+OCv+ODvOOBp+OBmTxicj7ilqDjg5XjgqPjg6vjgr/jg7zjgpLkvb/nlKjjgZnjgovjgajmt7Hjgb/jga7jgYLjgovpnZLjgYTjg4jjg7zjg7PjgafjgIHpnZLntKvjgYvjgonjgqrjg6zjg7Pjgrjjgbjjga7jgrDjg6njg4fjg7zjgrfjg6fjg7PjgpLlho3nj77jgZfjgb7jgZk8YnI+4pag44Kr44Op44O844Oq44OQ44O844K144Or44OV44Kj44Or44Og55So44Gr6ZaL55m644GV44KM44Gm44GE44G+44GZ44GM44CB44OH44K444K/44Or44Kr44Oh44Op44Gn44KC5L2/55So44Gn44GN44G+44GZPGJyPjxiPuODleOCo+ODq+OCv+ODvOW+hDwvYj7vvJo3Mm1tPGJyPjxiPueorumhnijlirnmnpwpPC9iPu+8mueJueauiuWKueaenDxicj4=,44Kx44Oz44Kz44O8IDcyIFMgTUMg44OI44Ov44Kk44Op44Kk44OI44OW44Or44O8IDcybW3vvJrjgqTjg7zjg5njgrnjg4hQQ+ODu+Wutumbu+mkqA==,44OR44K944Kz44Oz5a626Zu744Kq44O844OH44Kj44Kq576O5a655YGl5bq344Oi44OQ44Kk44Or77yw77yk77yh44OA44Kk44Ko44OD44OI44OG44Os44OT44Of44OL44Kz44Oz44OT44OH44Kq44K944OL44O844K544Kr44OR44O8VC1mYWzjg4bjgqPjg5XjgqHjg7zjg6vml6XnlKjlk4Hjgrnjg53jg7zjg4TjgYrjgoLjgaHjgoPjgrLjg7zjg6DjgYrosrfjgYTlvpfjgrHjg7PjgrPjg7wgNzIgUyBNQyDjg4jjg6/jgqTjg6njgqTjg4jjg5bjg6vjg7wgNzJtbQ==,44CQ5Zyo5bqr44Gq44GX44CR44CC44Kx44Oz44Kz44O8IDcyIFMgTUMg44OI44Ov44Kk44Op44Kk44OI44OW44Or44O8IDcybW0=[rn]
5-81332,aHR0cDovL3RzaG9wLnIxMHMuanAvZWJlc3QvY2FiaW5ldC8xOTQvNDk2MTYwNzI2NzUwOS5qcGc/Zml0aW49NzAwOjcwMA==,Mjc3Ni4wMDAw,,VFbjg7vjgqrjg7zjg4fjgqPjgqrjg7vjgqvjg6Hjg6kgPiDjgqLjgq/jgrvjgrXjg6rjg7zjg7vpg6jlk4EgPiDjgqvjg6Hjg6njg7vjg5Pjg4fjgqrjgqvjg6Hjg6njg7vlhYnlrabmqZ/lmajnlKjjgqLjgq/jgrvjgrXjg6rjg7wgPiDkuqTmj5vjg6zjg7PjgrrnlKjjgqLjgq/jgrvjgrXjg6rjg7wgPiDjg6zjg7Pjgrrjg5XjgqPjg6vjgr/jg7w=,44Kx44Oz44Kz44O8IDY3UyBQUk8xRCBOWCDjg5fjg63jg4bjgq/jgr/jg7wgVyA2N21t,44CQ5Zyo5bqr44GC44KK44CR,PGltZyBzcmM9J2h0dHBzOi8vaW1hZ2UucmFrdXRlbi5jby5qcC9lYmVzdC9jYWJpbmV0L2ViZXN0a2FkZW5femFpa28uZ2lmJyBib3JkZXI9JzAnIGFsdD0n5Zyo5bqr54q25rOB44KS56K66KqN44GZ44KLJz48YnI+PGZvbnQgY29sb3I9IiNmZjAwMDAiPjxiPuKGkeKGkeKGkeato+eiuuOBquWcqOW6q+eKtuazgeOBr+S4iuiomOODkOODiuODvOOAjOWcqOW6q+eKtuazgeOCkueiuuiqjeOBmeOCi+OAjeOCkuOCr+ODquODg+OCr+OBl+OBpumgguOBjeOAgeW/heOBmuOBlOeiuuiqjeOBj+OBoOOBleOBhOOAgjwvYj48L2ZvbnQ+PGJyPjxicj48YnI+PGJyPuKWoOmAj+mBjueOh+OBrumrmOOBhOOAjOODh+OCuOOCv+ODq+ODnuODq+ODgeOCs+ODvOODiOOAjeOCkuaOoeeUqDxicj7ilqDotoXou73ph4/jgafjg6/jgqTjg4njg6zjg7PjgrrjgavmnIDpganjgaroloTmnqDjgr/jgqTjg5c8YnI+4pag44Os44Oz44K644Kt44Oj44OD44OX44Gu5Y+W44KK5LuY44GR44GM5Y+v6IO9PGJyPjxicj48Yj7jg5XjgqPjg6vjgr/jg7zlvoQ8L2I+77yaNjdtbTxicj48Yj7lvaLnirY8L2I+77ya44Gt44GY6L6844G/5byPPGJyPjxiPuWKueaenDwvYj7vvJrjg6zjg7Pjgrrkv53orbc8YnI+,44Kx44Oz44Kz44O8IDY3UyBQUk8xRCBOWCDjg5fjg63jg4bjgq/jgr/jg7wgVyA2N21t77ya44Kk44O844OZ44K544OIUEPjg7vlrrbpm7vppKg=,44OR44K944Kz44Oz5a626Zu744Kq44O844OH44Kj44Kq576O5a655YGl5bq344Oi44OQ44Kk44Or77yw77yk77yh44OA44Kk44Ko44OD44OI44OG44Os44OT44Of44OL44Kz44Oz44OT44OH44Kq44K944OL44O844K544Kr44OR44O8VC1mYWzjg4bjgqPjg5XjgqHjg7zjg6vml6XnlKjlk4Hjgrnjg53jg7zjg4TjgYrjgoLjgaHjgoPjgrLjg7zjg6DjgYrosrfjgYTlvpfjgrHjg7PjgrPjg7wgNjdTIFBSTzFEIE5YIOODl+ODreODhuOCr+OCv+ODvCBXIDY3bW0=,44CQ5Zyo5bqr44GC44KK44CR44CC44Kx44Oz44Kz44O8IDY3UyBQUk8xRCBOWCDjg5fjg63jg4bjgq/jgr/jg7wgVyA2N21t[rn]
5-81333,aHR0cDovL3RzaG9wLnIxMHMuanAvZWJlc3QvY2FiaW5ldC82MDcvNDk2MTYwNzI3Mjg4Ni5qcGc/Zml0aW49NzAwOjcwMA==,NDA3Ny42MDAw,,VFbjg7vjgqrjg7zjg4fjgqPjgqrjg7vjgqvjg6Hjg6kgPiDjgqLjgq/jgrvjgrXjg6rjg7zjg7vpg6jlk4EgPiDjgqvjg6Hjg6njg7vjg5Pjg4fjgqrjgqvjg6Hjg6njg7vlhYnlrabmqZ/lmajnlKjjgqLjgq/jgrvjgrXjg6rjg7wgPiDkuqTmj5vjg6zjg7PjgrrnlKjjgqLjgq/jgrvjgrXjg6rjg7wgPiDjg6zjg7Pjgrrjg5XjgqPjg6vjgr/jg7w=,44Kx44Oz44Kz44O8IDcyUyBQUk8xROODl+ODreOCveODleODiOODsyBBIDcybW0=,44CQ5Zyo5bqr44GC44KK44CR,PGltZyBzcmM9J2h0dHBzOi8vaW1hZ2UucmFrdXRlbi5jby5qcC9lYmVzdC9jYWJpbmV0L2ViZXN0a2FkZW5femFpa28uZ2lmJyBib3JkZXI9JzAnIGFsdD0n5Zyo5bqr54q25rOB44KS56K66KqN44GZ44KLJz48YnI+PGZvbnQgY29sb3I9IiNmZjAwMDAiPjxiPuKGkeKGkeKGkeato+eiuuOBquWcqOW6q+eKtuazgeOBr+S4iuiomOODkOODiuODvOOAjOWcqOW6q+eKtuazgeOCkueiuuiqjeOBmeOCi+OAjeOCkuOCr+ODquODg+OCr+OBl+OBpumgguOBjeOAgeW/heOBmuOBlOeiuuiqjeOBj+OBoOOBleOBhOOAgjwvYj48L2ZvbnQ+PGJyPjxicj48YnI+4pag5YWJ44Gu44Gr44GY44G/44GM576O44GX44GE44CB44Gq44KB44KJ44GL44Gq44K944OV44OI5Yq55p6c44KS6KGo54++44GX44G+44GZPGJyPuODleOCo+ODq+OCv+ODvOW+hO+8mjcybW0=,44Kx44Oz44Kz44O8IDcyUyBQUk8xROODl+ODreOCveODleODiOODsyBBIDcybW3vvJrjgqTjg7zjg5njgrnjg4hQQ+ODu+Wutumbu+mkqA==,44OR44K944Kz44Oz5a626Zu744Kq44O844OH44Kj44Kq576O5a655YGl5bq344Oi44OQ44Kk44Or77yw77yk77yh44OA44Kk44Ko44OD44OI44OG44Os44OT44Of44OL44Kz44Oz44OT44OH44Kq44K944OL44O844K544Kr44OR44O8VC1mYWzjg4bjgqPjg5XjgqHjg7zjg6vml6XnlKjlk4Hjgrnjg53jg7zjg4TjgYrjgoLjgaHjgoPjgrLjg7zjg6DjgYrosrfjgYTlvpfjgrHjg7PjgrPjg7wgNzJTIFBSTzFE44OX44Ot44K944OV44OI44OzIEEgNzJtbQ==,44CQ5Zyo5bqr44GC44KK44CR44CC44Kx44Oz44Kz44O8IDcyUyBQUk8xROODl+ODreOCveODleODiOODsyBBIDcybW0=[rn]
5-81334,aHR0cDovL3RzaG9wLnIxMHMuanAvYWtpYmFtYWMvY2FiaW5ldC8wMzk1NDQ5MC9ub3dfcHJpbnRpbmcuZ2lmP2ZpdGluPTcwMDo3MDA=,Mjg4MC4wMDAw,,VFbjg7vjgqrjg7zjg4fjgqPjgqrjg7vjgqvjg6Hjg6kgPiDjgqLjgq/jgrvjgrXjg6rjg7zjg7vpg6jlk4EgPiDjgqvjg6Hjg6njg7vjg5Pjg4fjgqrjgqvjg6Hjg6njg7vlhYnlrabmqZ/lmajnlKjjgqLjgq/jgrvjgrXjg6rjg7wgPiDkuqTmj5vjg6zjg7PjgrrnlKjjgqLjgq/jgrvjgrXjg6rjg7wgPiDjg6zjg7Pjgrrjg5XjgqPjg6vjgr/jg7w=,QUxUTzQwLjVtbSDjgq/jg6njgrfjg4Pjgq/jg5XjgqPjg6vjgr/jg7wgTUMtTiDvvIjjg5bjg6njg4Pjgq/vvIk=,,PHRhYmxlIGJvcmRlcj0iMCIgY2VsbHBhZGRpbmc9IjAiIGNlbGxzcGFjaW5nPSIwIiB3aWR0aD0iNzEwIiBzdHlsZT0ibGluZS1oZWlnaHQ6MTQwJTsiPjx0cj48dGQ+PGZvbnQgc2l6ZT0iMiI+5Y+v6KaW5YWJ57ea44Gr5YWo44GP5b2x6Z+/44KS5LiO44GI44Gq44Ga44Kr44Op44O844OQ44Op44Oz44K544Gu6Imv44GE54Sh6Imy6YCP5piO44OV44Kj44Or44K/44O844Gn44GZ44CCPGJyPjxicj7ilqDjg57jg6vjg4HjgrPjg7zjg4bjgqPjg7PjgrDjgavjgojjgovpq5jjgYTlhYnpgI/pgY7njoc8YnI+4pag5Y+v6KaW5YWJ57ea44Gr5YWo44GP5b2x6Z+/44KS5LiO44GI44Gq44Ga44Kr44Op44O844OQ44Op44Oz44K544Gu6Imv44GE54Sh6Imy6YCP5piO44OV44Kj44Or44K/44O844CC44CM5L2V44KC6Laz44GV44Gq44GE44O75L2V44KC5byV44GL44Gq44GE44CN44Kv44Op44K344OD44Kv44Os44Oz44K644Gu44CM5ZGz44CN44Gr5b2x6Z+/44KS5LiO44GI44Gq44GEPGJyPuKWoOWGhemdouWPjeWwhOmYsuatouWKoOW3peOBqOODqeOCpOOCq+ODleOCo+ODq+OCv+ODvOOCkuOBi+OCguOBl+WHuuOBmee4puWei+OCueODquODg+ODiOWFpeOCijxicj48YnI+44CQ6KO95ZOB5LuV5qeY44CRPGJyPuKWoOODleOCo+ODq+OCv+ODvOW+hO+8mjQwLjVtbTxicj7ilqDlirnmnpzvvJrkv53orbc8YnI+4pag5p2Q6LOq77ya44Ki44Or44OfPGJyPuKWoOWOn+eUo+Wbve+8muaXpeacrDxicj48YnI+PC9mb250PjwvdGQ+PC90cj48L3RhYmxlPjxzdHlsZSB0eXBlPSJ0ZXh0L2NzcyI+CjwhLS0KLnJha3V0ZW4tY2FtcCB7Cgl3aWR0aDogNzI1cHg7Cglib3JkZXI6IDJweCBzb2xpZCAjMzM5OUZGOwoJcGFkZGluZy10b3A6IDVweDsKCS1tb3otYm9yZGVyLXJhZGl1czo0cHg7IC8qRmlyZWZveCovCgktd2Via2l0LWJvcmRlci1yYWRpdXM6IDRweDsgLypTYWZhcmksQ2hyb21lKi8KCWJvcmRlci1yYWRpdXM6NHB4OyAvKk9wZXJhLENocm9tZSovCgltYXJnaW46MCAxMHB4IDEwcHggMDsKfQoKLyog5L6h5qC844Gr5p6g57ea44GM44Gk44GPICovCnRhYmxlI3Jha3V0ZW5MaW1pdGVkSWRfY2FydCB7CiAgICBiYWNrZ3JvdW5kLWNvbG9yOiAjZjhmOGY4OwogICAgYm9yZGVyOiAxcHggc29saWQgI2RkZDsKICAgIHBhZGRpbmc6IDhweDsKICAgIG1hcmdpbjogMTZweCAwOwp9CgpzcGFuLnByaWNlMSB7CiAgICBjb2xvcjogIzMzMyAhaW1wb3J0YW50OwogICAgZm9udC13ZWlnaHQ6IGJvbGQ7CiAgICBmb250LXNpemU6IDgwJSAhaW1wb3J0YW50OwogICAgbGluZS1oZWlnaHQ6IDMwcHg7CiAgICBkaXNwbGF5OiBpbmxpbmUtYmxvY2s7CiAgICBtYXJnaW4tcmlnaHQ6IDE2cHg7Cn0KCi0tPgo8L3N0eWxlPgoKPCEtLeODkOODiuODvOOCqOODquOCoi0tPgoKPCEtLeOAkOa2iOOBmeOBqu+8geOAkeKYheKYheKYhSBoZWlnaHQ9IjM4MCIg44Gn6Kit5a6a44GX44Gm44GP44Gg44GV44GE44CC4piF4piF4piFLS0+CjwhLS3jg5Djg4rjg7zjgqjjg6rjgqLjgZPjgZPjgb7jgactLT4KCjwhLS3mpb3lpKnjgq3jg6Pjg7Pjg5rjg7zjg7MtLT4KCjxoMiBzdHlsZT0ibWFyZ2luOjIwcHggMCAxMHB4IDA7Ij48aW1nIHNyYz0iaHR0cDovL3d3dy5yYWt1dGVuLm5lLmpwL2dvbGQvYWtpYmFtYWMvZnJhbWUvaW1hZ2VzL3Jha3V0ZW5fdGl0bGUyLmdpZiIgYWx0PSLmpb3lpKnluILloLTjga7jgYrlvpfjgarjgq3jg6Pjg7Pjg5rjg7zjg7MiIHdpZHRoPSI3MzAiIGhlaWdodD0iNDIiIGJvcmRlcj0iMCI+PC9oMj4KPGRpdiBjbGFzcz0icmFrdXRlbi1jYW1wIiBzdHlsZT0ibWFyZ2luOjAgMCAwIDA7Ij4KCgo8IS0t5qW95aSp44Kt44Oj44Oz44Oa44O844OzQOOBk+OBk+OBvuOBpy0tPg==,QUxUTzQwLjVtbSDjgq/jg6njgrfjg4Pjgq/jg5XjgqPjg6vjgr/jg7wgTUMtTiDvvIjjg5bjg6njg4Pjgq/vvInvvJrjgr3jg5Xjg57jg4Pjg5fjgIDjg4fjgrjjgr/jg6vjgrPjg6zjgq/jgrfjg6fjg7M=,44K944OV44Oe44OD44OXIOODh+OCuOOCv+ODq+OCs+ODrOOCr+OCt+ODp+ODs1NvZm1hcCBEaWdpdGFsIENvbGxlY3Rpb27jg5Hjgr3jgrPjg7Pjgr/jg5bjg6zjg4Pjg4hQQ0hEROOCouOCu+ODs+ODluODquODkeODvOODhOODkeOCveOCs+ODs+ODkeODvOODhOODhuODrOODk+OCsuODvOODoOODluODq+ODvOODrOOCpOOCveODleODiERWROOCveODleODiOa2suaZtuODhuODrOODk+ODluODq+ODvOODrOOCpOODh+OCo+OCueOCr+ODrOOCs+ODvOODgOODvOODh+OCuOOCv+ODq+S4gOecvOODrOODleOCq+ODoeODqeODh+OCuOOCv+ODq+OCq+ODoeODqeWutumbu+aZguioiOS4reWPpOOAgOOCveODleODiOOCouOCpuODiOODrOODg+ODiOS4reWPpOODjuODvOODiOODkeOCveOCs+ODs+S4reWPpOODkeOCveOCs+ODs0FMVE80MC41bW0g44Kv44Op44K344OD44Kv44OV44Kj44Or44K/44O8IE1DLU4g77yI44OW44Op44OD44Kv77yJ,QUxUTzQwLjVtbSDjgq/jg6njgrfjg4Pjgq/jg5XjgqPjg6vjgr/jg7wgTUMtTiDvvIjjg5bjg6njg4Pjgq/vvIk=[rn]
5-81335,aHR0cDovL3RzaG9wLnIxMHMuanAvYWtpYmFtYWMvY2FiaW5ldC8wNDAwNTIyOC80OTc3MTg3NDM5MDM4LmpwZz9maXRpbj03MDA6NzAw,MTcyMC4wMDAw,,VFbjg7vjgqrjg7zjg4fjgqPjgqrjg7vjgqvjg6Hjg6kgPiDjgqLjgq/jgrvjgrXjg6rjg7zjg7vpg6jlk4EgPiDjgqvjg6Hjg6njg7vjg5Pjg4fjgqrjgqvjg6Hjg6njg7vlhYnlrabmqZ/lmajnlKjjgqLjgq/jgrvjgrXjg6rjg7wgPiDkuqTmj5vjg6zjg7PjgrrnlKjjgqLjgq/jgrvjgrXjg6rjg7wgPiDjg6zjg7Pjgrrjg5XjgqPjg6vjgr/jg7w=,44OP44Kv44OQ5YaZ55yf55Sj5qWtUyDvvIjjgrnjgq/jg6rjg6Xjg7zvvIkg44Ov44Kk44OJ44K144O844Kt44Ol44Op44O8UEwg77yINDltbe+8iSBDRi1TV0NQNDk=,,PHRhYmxlIGJvcmRlcj0iMCIgY2VsbHBhZGRpbmc9IjAiIGNlbGxzcGFjaW5nPSIwIiB3aWR0aD0iNzEwIiBzdHlsZT0ibGluZS1oZWlnaHQ6MTQwJTsiPjx0cj48dGQ+PGZvbnQgc2l6ZT0iMiI+5YaG5YGP5YWJ44K/44Kk44OX44Gn44GZ44Gu44Gn44OP44O844OV44Of44Op44O844KS5L2/55So44GX44Gm44GE44KL44Kr44Oh44Op5Y+K44Gz44Kq44O844OI44OV44Kp44O844Kr44K55qmf5qeL44Gu44Kr44Oh44Op44Gr5a++5b+c44GX44G+44GZ44CC56qT44Ks44Op44K544KE5rC06Z2i44Gu5pig44KK6L6844G/44KS5Y+W44KK6Zmk44GN44CB56m644Gu6Z2S44G/44KE5bu654mp44Gu6Imy5b2p44Kz44Oz44OI44Op44K544OI44KS6auY44KB44KL5Yq55p6c44GM44GC44KK44G+44GZ44CC5pm05aSp44Gu6aKo5pmv44KS6aCG5YWJ44Gn5pKu5b2x44GZ44KL44Go5LiA5bGk6a6u44KE44GL44Gq6Imy5b2p44Gn6KGo54++44Gn44GN44G+44GZ44CC5YmN5p6g44Gr44ON44K444GM44GC44KK44G+44GZ44Gu44Gn44OV44O844OJ44CB44Kt44Oj44OD44OX44KS6KOF552A44Gn44GN44G+44GZ44CCPGJyPjxicj48L2ZvbnQ+PC90ZD48L3RyPjwvdGFibGU+PHN0eWxlIHR5cGU9InRleHQvY3NzIj4KPCEtLQoucmFrdXRlbi1jYW1wIHsKCXdpZHRoOiA3MjVweDsKCWJvcmRlcjogMnB4IHNvbGlkICMzMzk5RkY7CglwYWRkaW5nLXRvcDogNXB4OwoJLW1vei1ib3JkZXItcmFkaXVzOjRweDsgLypGaXJlZm94Ki8KCS13ZWJraXQtYm9yZGVyLXJhZGl1czogNHB4OyAvKlNhZmFyaSxDaHJvbWUqLwoJYm9yZGVyLXJhZGl1czo0cHg7IC8qT3BlcmEsQ2hyb21lKi8KCW1hcmdpbjowIDEwcHggMTBweCAwOwp9CgovKiDkvqHmoLzjgavmnqDnt5rjgYzjgaTjgY8gKi8KdGFibGUjcmFrdXRlbkxpbWl0ZWRJZF9jYXJ0IHsKICAgIGJhY2tncm91bmQtY29sb3I6ICNmOGY4Zjg7CiAgICBib3JkZXI6IDFweCBzb2xpZCAjZGRkOwogICAgcGFkZGluZzogOHB4OwogICAgbWFyZ2luOiAxNnB4IDA7Cn0KCnNwYW4ucHJpY2UxIHsKICAgIGNvbG9yOiAjMzMzICFpbXBvcnRhbnQ7CiAgICBmb250LXdlaWdodDogYm9sZDsKICAgIGZvbnQtc2l6ZTogODAlICFpbXBvcnRhbnQ7CiAgICBsaW5lLWhlaWdodDogMzBweDsKICAgIGRpc3BsYXk6IGlubGluZS1ibG9jazsKICAgIG1hcmdpbi1yaWdodDogMTZweDsKfQoKLS0+Cjwvc3R5bGU+Cgo8IS0t44OQ44OK44O844Ko44Oq44KiLS0+Cgo8IS0t44CQ5raI44GZ44Gq77yB44CR4piF4piF4piFIGhlaWdodD0iMzgwIiDjgafoqK3lrprjgZfjgabjgY/jgaDjgZXjgYTjgILimIXimIXimIUtLT4KPCEtLeODkOODiuODvOOCqOODquOCouOBk+OBk+OBvuOBpy0tPgoKPCEtLealveWkqeOCreODo+ODs+ODmuODvOODsy0tPgoKPGgyIHN0eWxlPSJtYXJnaW46MjBweCAwIDEwcHggMDsiPjxpbWcgc3JjPSJodHRwOi8vd3d3LnJha3V0ZW4ubmUuanAvZ29sZC9ha2liYW1hYy9mcmFtZS9pbWFnZXMvcmFrdXRlbl90aXRsZTIuZ2lmIiBhbHQ9IualveWkqeW4guWgtOOBruOBiuW+l+OBquOCreODo+ODs+ODmuODvOODsyIgd2lkdGg9IjczMCIgaGVpZ2h0PSI0MiIgYm9yZGVyPSIwIj48L2gyPgo8ZGl2IGNsYXNzPSJyYWt1dGVuLWNhbXAiIHN0eWxlPSJtYXJnaW46MCAwIDAgMDsiPgoKCjwhLS3mpb3lpKnjgq3jg6Pjg7Pjg5rjg7zjg7NA44GT44GT44G+44GnLS0+,44OP44Kv44OQ5YaZ55yf55Sj5qWtUyDvvIjjgrnjgq/jg6rjg6Xjg7zvvIkg44Ov44Kk44OJ44K144O844Kt44Ol44Op44O8UEwg77yINDltbe+8iSBDRi1TV0NQNDnvvJrjgr3jg5Xjg57jg4Pjg5fjgIDjg4fjgrjjgr/jg6vjgrPjg6zjgq/jgrfjg6fjg7M=,44K944OV44Oe44OD44OXIOODh+OCuOOCv+ODq+OCs+ODrOOCr+OCt+ODp+ODs1NvZm1hcCBEaWdpdGFsIENvbGxlY3Rpb27jg5Hjgr3jgrPjg7Pjgr/jg5bjg6zjg4Pjg4hQQ0hEROOCouOCu+ODs+ODluODquODkeODvOODhOODkeOCveOCs+ODs+ODkeODvOODhOODhuODrOODk+OCsuODvOODoOODluODq+ODvOODrOOCpOOCveODleODiERWROOCveODleODiOa2suaZtuODhuODrOODk+ODluODq+ODvOODrOOCpOODh+OCo+OCueOCr+ODrOOCs+ODvOODgOODvOODh+OCuOOCv+ODq+S4gOecvOODrOODleOCq+ODoeODqeODh+OCuOOCv+ODq+OCq+ODoeODqeWutumbu+aZguioiOS4reWPpOOAgOOCveODleODiOOCouOCpuODiOODrOODg+ODiOS4reWPpOODjuODvOODiOODkeOCveOCs+ODs+S4reWPpOODkeOCveOCs+ODs+ODj+OCr+ODkOWGmeecn+eUo+alrVMg77yI44K544Kv44Oq44Ol44O877yJIOODr+OCpOODieOCteODvOOCreODpeODqeODvFBMIO+8iDQ5bW3vvIkgQ0YtU1dDUDQ5,44OP44Kv44OQ5YaZ55yf55Sj5qWtUyDvvIjjgrnjgq/jg6rjg6Xjg7zvvIkg44Ov44Kk44OJ44K144O844Kt44Ol44Op44O8UEwg77yINDltbe+8iSBDRi1TV0NQNDk=[rn]
5-81336,aHR0cDovL3RzaG9wLnIxMHMuanAvYWtpYmFtYWMvY2FiaW5ldC8wNDkyNzEyNi80OTU3NjM4MDk4MDc2LmpwZz9maXRpbj03MDA6NzAw,NjMwNC4wMDAw,,VFbjg7vjgqrjg7zjg4fjgqPjgqrjg7vjgqvjg6Hjg6kgPiDjgqLjgq/jgrvjgrXjg6rjg7zjg7vpg6jlk4EgPiDjgqvjg6Hjg6njg7vjg5Pjg4fjgqrjgqvjg6Hjg6njg7vlhYnlrabmqZ/lmajnlKjjgqLjgq/jgrvjgrXjg6rjg7wgPiDkuqTmj5vjg6zjg7PjgrrnlKjjgqLjgq/jgrvjgrXjg6rjg7wgPiDjg6zjg7Pjgrrjg5XjgqPjg6vjgr/jg7w=,44CQ6YCB5paZ54Sh5paZ44CR44Oe44Or44Of5YWJ5qmfIDUybW0gRVhVU++8iOOCqOOCsOOCtuOCue+8iSDjg6zjg7Pjgrrjg5fjg63jg4bjgq/jg4ggU09MSUQ=,,PHRhYmxlIGJvcmRlcj0iMCIgY2VsbHBhZGRpbmc9IjAiIGNlbGxzcGFjaW5nPSIwIiB3aWR0aD0iNzEwIiBzdHlsZT0ibGluZS1oZWlnaHQ6MTQwJTsiPjx0cj48dGQ+PGZvbnQgc2l6ZT0iMiI+PGJyPjflgI3jga7lvLfluqbjgpLoqofjgovjg6zjg7Pjgrrkv53orbc8YnI+4pag5by35YyW44Ks44Op44K544KS5o6h55SoPGJyPuW+k+adpeWTgeOCiOOCiuOCgjflgI3jga7lvLfluqbjgYzjgYLjgorjgIHooZ3mkoPjgavlvLfjgYTlvLfljJbjgqzjg6njgrnjgpLmjqHnlKjjgII8YnI+4pagSVNPMTIzMTEgSVNPMTIzMTItMeS8geeUu+OBq+a6luaLoOOBl+OBpjflgI3jga7ogJDkuYXmgKfjgpLlrp/nj748YnI+6Kmm6aiT55So5Ymb55CDMTZn44KSMuWAjSgzMmcp772eN+WAjSgxMTJnKeOBrumHjeOBleOCkuWQhDEw5Zue44Ga44GkMTI3MG1t44Gu6auY44GV44GL44KJ6JC95LiL44GV44Gb44CBN+WAjeOBruW8t+OBleOCkuioiOa4rDxicj7ilqDjg5Pjg4Pjgqvjg7zjgrrnoazluqZIdjcwMOOCkumBlOaIkDxicj7jg4DjgqTjg6Tjg6Ljg7Pjg4noo73jga7oqabpqJPniYfjgpLntKDmnZDjgavmirzjgZfku5jjgZHjgIHnlJ/jgZjjgovlnKfnl5Xjga7lpKfjgY3jgZXjgavjgojjgorntKDmnZDjga7noazjgZXjgpLmuKzlrprjgIHmlbDlgKTljJbjgZfjgZ/jgoLjga7jgII8YnI+4pag5Y+N5bCE546HMC4y77yFPGJyPuihqOmdouWPjeWwhOOCkualteWKm+aKkeOBiOOAgeODrOODs+OCuuOBruaPj+WGmeWKm+OCkualtemZkOOBvuOBp+eZuuaPruWHuuadpeOCi+OCiOOBhuWPjeWwhOeOhzAuMu+8heOCkuWun+ePvuOBp+OBjeOBvuOBl+OBn+OAgjxicj7ilqDluK/pm7vpmLLmraLjgrPjg7zjg4bjgqPjg7PjgrA8YnI+6Z2Z6Zu75rCX44Gr44KI44KL5b6u57Sw44Gq44OB44Oq44O744Ob44Kz44Oq44GM5LuY44GN44Gr44GP44GP44CB44G+44Gf5LuY44GE44Gm44GX44G+44Gj44Gm44KC44OW44Ot44Ki44O8562J44Gn57Ch5Y2Y44Gr5ZC544GN6aOb44Gw44Gb44CB44K544OI44Os44K544Gq44GP5pKu5b2x44GM57aa44GR44KJ44KM44G+44GZ44CCPGJyPuKWoOaSpeawtOODu+mYsuaxmuOCs+ODvOODhuOCo+ODs+OCsDxicj7msLTmu7TjgoTmjIfntIvmsZrjgoznrYnjgYzku5jjgY3jgaXjgonjgY/jgIHjgb7jgZ/ku5jjgYTjgabjgZfjgb7jgaPjgabjgoLnsKHljZjjgavmi63jgY3lj5bjgozjgovjga7jgafjgIHjgrnjg6Djg7zjgrrjgavmkq7lvbHjgYzntprjgZHjgonjgozjgb7jgZnjgILjgb7jgZ/lvpPmnaXjga7mkqXmsLTjg7vpmLLmsZrjgrPjg7zjg4bjgqPjg7PjgrDjgojjgorjgoLlvLfjgY/jgarjgorjgb7jgZfjgZ/jgII8YnI+44CQ6KO95ZOB5LuV5qeY44CRPGJyPuKWoDUybW3vvJrluYU1NG1tw5flpaXooYw1NG1tw5fpq5jjgZU2LjRtbTxicj7ilqDph43ph4/vvJrntIQxNGc8YnI+PC9mb250PjwvdGQ+PC90cj48L3RhYmxlPjxzdHlsZSB0eXBlPSJ0ZXh0L2NzcyI+CjwhLS0KLnJha3V0ZW4tY2FtcCB7Cgl3aWR0aDogNzI1cHg7Cglib3JkZXI6IDJweCBzb2xpZCAjMzM5OUZGOwoJcGFkZGluZy10b3A6IDVweDsKCS1tb3otYm9yZGVyLXJhZGl1czo0cHg7IC8qRmlyZWZveCovCgktd2Via2l0LWJvcmRlci1yYWRpdXM6IDRweDsgLypTYWZhcmksQ2hyb21lKi8KCWJvcmRlci1yYWRpdXM6NHB4OyAvKk9wZXJhLENocm9tZSovCgltYXJnaW46MCAxMHB4IDEwcHggMDsKfQoKLyog5L6h5qC844Gr5p6g57ea44GM44Gk44GPICovCnRhYmxlI3Jha3V0ZW5MaW1pdGVkSWRfY2FydCB7CiAgICBiYWNrZ3JvdW5kLWNvbG9yOiAjZjhmOGY4OwogICAgYm9yZGVyOiAxcHggc29saWQgI2RkZDsKICAgIHBhZGRpbmc6IDhweDsKICAgIG1hcmdpbjogMTZweCAwOwp9CgpzcGFuLnByaWNlMSB7CiAgICBjb2xvcjogIzMzMyAhaW1wb3J0YW50OwogICAgZm9udC13ZWlnaHQ6IGJvbGQ7CiAgICBmb250LXNpemU6IDgwJSAhaW1wb3J0YW50OwogICAgbGluZS1oZWlnaHQ6IDMwcHg7CiAgICBkaXNwbGF5OiBpbmxpbmUtYmxvY2s7CiAgICBtYXJnaW4tcmlnaHQ6IDE2cHg7Cn0KCi0tPgo8L3N0eWxlPgoKPCEtLeODkOODiuODvOOCqOODquOCoi0tPgoKPCEtLeOAkOa2iOOBmeOBqu+8geOAkeKYheKYheKYhSBoZWlnaHQ9IjM4MCIg44Gn6Kit5a6a44GX44Gm44GP44Gg44GV44GE44CC4piF4piF4piFLS0+CjwhLS3jg5Djg4rjg7zjgqjjg6rjgqLjgZPjgZPjgb7jgactLT4KCjwhLS3mpb3lpKnjgq3jg6Pjg7Pjg5rjg7zjg7MtLT4KCjxoMiBzdHlsZT0ibWFyZ2luOjIwcHggMCAxMHB4IDA7Ij48aW1nIHNyYz0iaHR0cDovL3d3dy5yYWt1dGVuLm5lLmpwL2dvbGQvYWtpYmFtYWMvZnJhbWUvaW1hZ2VzL3Jha3V0ZW5fdGl0bGUyLmdpZiIgYWx0PSLmpb3lpKnluILloLTjga7jgYrlvpfjgarjgq3jg6Pjg7Pjg5rjg7zjg7MiIHdpZHRoPSI3MzAiIGhlaWdodD0iNDIiIGJvcmRlcj0iMCI+PC9oMj4KPGRpdiBjbGFzcz0icmFrdXRlbi1jYW1wIiBzdHlsZT0ibWFyZ2luOjAgMCAwIDA7Ij4KCgo8IS0t5qW95aSp44Kt44Oj44Oz44Oa44O844OzQOOBk+OBk+OBvuOBpy0tPg==,44CQ6YCB5paZ54Sh5paZ44CR44Oe44Or44Of5YWJ5qmfIDUybW0gRVhVU++8iOOCqOOCsOOCtuOCue+8iSDjg6zjg7Pjgrrjg5fjg63jg4bjgq/jg4ggU09MSUTvvJrjgr3jg5Xjg57jg4Pjg5fjgIDjg4fjgrjjgr/jg6vjgrPjg6zjgq/jgrfjg6fjg7M=,44K944OV44Oe44OD44OXIOODh+OCuOOCv+ODq+OCs+ODrOOCr+OCt+ODp+ODs1NvZm1hcCBEaWdpdGFsIENvbGxlY3Rpb27jg5Hjgr3jgrPjg7Pjgr/jg5bjg6zjg4Pjg4hQQ0hEROOCouOCu+ODs+ODluODquODkeODvOODhOODkeOCveOCs+ODs+ODkeODvOODhOODhuODrOODk+OCsuODvOODoOODluODq+ODvOODrOOCpOOCveODleODiERWROOCveODleODiOa2suaZtuODhuODrOODk+ODluODq+ODvOODrOOCpOODh+OCo+OCueOCr+ODrOOCs+ODvOODgOODvOODh+OCuOOCv+ODq+S4gOecvOODrOODleOCq+ODoeODqeODh+OCuOOCv+ODq+OCq+ODoeODqeWutumbu+aZguioiOS4reWPpOOAgOOCveODleODiOOCouOCpuODiOODrOODg+ODiOS4reWPpOODjuODvOODiOODkeOCveOCs+ODs+S4reWPpOODkeOCveOCs+ODs+OAkOmAgeaWmeeEoeaWmeOAkeODnuODq+ODn+WFieapnyA1Mm1tIEVYVVPvvIjjgqjjgrDjgrbjgrnvvIkg44Os44Oz44K644OX44Ot44OG44Kv44OIIFNPTElE,44CQ6YCB5paZ54Sh5paZ44CR44Oe44Or44Of5YWJ5qmfIDUybW0gRVhVU++8iOOCqOOCsOOCtuOCue+8iSDjg6zjg7Pjgrrjg5fjg63jg4bjgq/jg4ggU09MSUQ=[rn]
5-81337,aHR0cDovL3RzaG9wLnIxMHMuanAvYWtpYmFtYWMvY2FiaW5ldC8wNDcyMDE3My80OTU3NjM4MjAyMDQ2LmpwZz9maXRpbj03MDA6NzAw,MTYwOC4wMDAw,,VFbjg7vjgqrjg7zjg4fjgqPjgqrjg7vjgqvjg6Hjg6kgPiDjgqLjgq/jgrvjgrXjg6rjg7zjg7vpg6jlk4EgPiDjgqvjg6Hjg6njg7vjg5Pjg4fjgqrjgqvjg6Hjg6njg7vlhYnlrabmqZ/lmajnlKjjgqLjgq/jgrvjgrXjg6rjg7wgPiDkuqTmj5vjg6zjg7PjgrrnlKjjgqLjgq/jgrvjgrXjg6rjg7wgPiDjg6zjg7Pjgrrjg5XjgqPjg6vjgr/jg7w=,44Oe44Or44Of5YWJ5qmfNDZtbSDjgrXjg7zjgq3jg6Xjg6njg7xQTA==,,PHRhYmxlIGJvcmRlcj0iMCIgY2VsbHBhZGRpbmc9IjAiIGNlbGxzcGFjaW5nPSIwIiB3aWR0aD0iNzEwIiBzdHlsZT0ibGluZS1oZWlnaHQ6MTQwJTsiPjx0cj48dGQ+PGZvbnQgc2l6ZT0iMiI+4pag5Y+N5bCE5YWJ44KS6Zmk5Y6744GX44CB6Imy5b2p44Kz44Oz44OI44Op44K544OI44KS44Ki44OD44OX44GZ44KL5YaG5YGP5YWJ44OV44Kj44Or44K/44O844CC4pag6Z2S56m644KS5r+D44GP44CB6Zuy44KS44GP44Gj44GN44KK44Go5YaN54++44Gn44GN44KL44Gf44KB44CB6Imy5b2p44Kz44Oz44OI44Op44K544OI44Gu5by344GE5YaZ55yf44Gr44Gq44KK44G+44GZ44CC4pag44G+44Gf44CB5rC06Z2i44KE44K344On44O844Km44Kj44Oz44OJ44Km44Gq44Gp44Gu6KGo6Z2i5Y+N5bCE44KS5Y+W44KK6Zmk44GN44CB6YCP5piO5oSf44Gu44GC44KL5YaZ55yf44GM5pKu44KM44G+44GZ44CCPGJyPjxicj48L2ZvbnQ+PC90ZD48L3RyPjwvdGFibGU+PHN0eWxlIHR5cGU9InRleHQvY3NzIj4KPCEtLQoucmFrdXRlbi1jYW1wIHsKCXdpZHRoOiA3MjVweDsKCWJvcmRlcjogMnB4IHNvbGlkICMzMzk5RkY7CglwYWRkaW5nLXRvcDogNXB4OwoJLW1vei1ib3JkZXItcmFkaXVzOjRweDsgLypGaXJlZm94Ki8KCS13ZWJraXQtYm9yZGVyLXJhZGl1czogNHB4OyAvKlNhZmFyaSxDaHJvbWUqLwoJYm9yZGVyLXJhZGl1czo0cHg7IC8qT3BlcmEsQ2hyb21lKi8KCW1hcmdpbjowIDEwcHggMTBweCAwOwp9CgovKiDkvqHmoLzjgavmnqDnt5rjgYzjgaTjgY8gKi8KdGFibGUjcmFrdXRlbkxpbWl0ZWRJZF9jYXJ0IHsKICAgIGJhY2tncm91bmQtY29sb3I6ICNmOGY4Zjg7CiAgICBib3JkZXI6IDFweCBzb2xpZCAjZGRkOwogICAgcGFkZGluZzogOHB4OwogICAgbWFyZ2luOiAxNnB4IDA7Cn0KCnNwYW4ucHJpY2UxIHsKICAgIGNvbG9yOiAjMzMzICFpbXBvcnRhbnQ7CiAgICBmb250LXdlaWdodDogYm9sZDsKICAgIGZvbnQtc2l6ZTogODAlICFpbXBvcnRhbnQ7CiAgICBsaW5lLWhlaWdodDogMzBweDsKICAgIGRpc3BsYXk6IGlubGluZS1ibG9jazsKICAgIG1hcmdpbi1yaWdodDogMTZweDsKfQoKLS0+Cjwvc3R5bGU+Cgo8IS0t44OQ44OK44O844Ko44Oq44KiLS0+Cgo8IS0t44CQ5raI44GZ44Gq77yB44CR4piF4piF4piFIGhlaWdodD0iMzgwIiDjgafoqK3lrprjgZfjgabjgY/jgaDjgZXjgYTjgILimIXimIXimIUtLT4KPCEtLeODkOODiuODvOOCqOODquOCouOBk+OBk+OBvuOBpy0tPgoKPCEtLealveWkqeOCreODo+ODs+ODmuODvOODsy0tPgoKPGgyIHN0eWxlPSJtYXJnaW46MjBweCAwIDEwcHggMDsiPjxpbWcgc3JjPSJodHRwOi8vd3d3LnJha3V0ZW4ubmUuanAvZ29sZC9ha2liYW1hYy9mcmFtZS9pbWFnZXMvcmFrdXRlbl90aXRsZTIuZ2lmIiBhbHQ9IualveWkqeW4guWgtOOBruOBiuW+l+OBquOCreODo+ODs+ODmuODvOODsyIgd2lkdGg9IjczMCIgaGVpZ2h0PSI0MiIgYm9yZGVyPSIwIj48L2gyPgo8ZGl2IGNsYXNzPSJyYWt1dGVuLWNhbXAiIHN0eWxlPSJtYXJnaW46MCAwIDAgMDsiPgoKCjwhLS3mpb3lpKnjgq3jg6Pjg7Pjg5rjg7zjg7NA44GT44GT44G+44GnLS0+,44Oe44Or44Of5YWJ5qmfNDZtbSDjgrXjg7zjgq3jg6Xjg6njg7xQTO+8muOCveODleODnuODg+ODl+OAgOODh+OCuOOCv+ODq+OCs+ODrOOCr+OCt+ODp+ODsw==,44K944OV44Oe44OD44OXIOODh+OCuOOCv+ODq+OCs+ODrOOCr+OCt+ODp+ODs1NvZm1hcCBEaWdpdGFsIENvbGxlY3Rpb27jg5Hjgr3jgrPjg7Pjgr/jg5bjg6zjg4Pjg4hQQ0hEROOCouOCu+ODs+ODluODquODkeODvOODhOODkeOCveOCs+ODs+ODkeODvOODhOODhuODrOODk+OCsuODvOODoOODluODq+ODvOODrOOCpOOCveODleODiERWROOCveODleODiOa2suaZtuODhuODrOODk+ODluODq+ODvOODrOOCpOODh+OCo+OCueOCr+ODrOOCs+ODvOODgOODvOODh+OCuOOCv+ODq+S4gOecvOODrOODleOCq+ODoeODqeODh+OCuOOCv+ODq+OCq+ODoeODqeWutumbu+aZguioiOS4reWPpOOAgOOCveODleODiOOCouOCpuODiOODrOODg+ODiOS4reWPpOODjuODvOODiOODkeOCveOCs+ODs+S4reWPpOODkeOCveOCs+ODs+ODnuODq+ODn+WFieapnzQ2bW0g44K144O844Kt44Ol44Op44O8UEw=,44Oe44Or44Of5YWJ5qmfNDZtbSDjgrXjg7zjgq3jg6Xjg6njg7xQTA==[rn]
5-81338,aHR0cDovL3RzaG9wLnIxMHMuanAvYWtpYmFtYWMvY2FiaW5ldC8wNDAwNTIyOC80OTc3MTg3NDM0OTY1LmpwZz9maXRpbj03MDA6NzAw,NzExLjIwMDA=,,VFbjg7vjgqrjg7zjg4fjgqPjgqrjg7vjgqvjg6Hjg6kgPiDjgqLjgq/jgrvjgrXjg6rjg7zjg7vpg6jlk4EgPiDjgqvjg6Hjg6njg7vjg5Pjg4fjgqrjgqvjg6Hjg6njg7vlhYnlrabmqZ/lmajnlKjjgqLjgq/jgrvjgrXjg6rjg7wgPiDkuqTmj5vjg6zjg7PjgrrnlKjjgqLjgq/jgrvjgrXjg6rjg7wgPiDjg6zjg7Pjgrrjg5XjgqPjg6vjgr/jg7w=,44OP44Kv44OQ5YaZ55yf55Sj5qWt44OV44Kj44Or44K/44O8IE1DIOODrOODs+OCuuOCrOODvOODiSA0OU0vTQ==,,PHRhYmxlIGJvcmRlcj0iMCIgY2VsbHBhZGRpbmc9IjAiIGNlbGxzcGFjaW5nPSIwIiB3aWR0aD0iNzEwIiBzdHlsZT0ibGluZS1oZWlnaHQ6MTQwJTsiPjx0cj48dGQ+PGZvbnQgc2l6ZT0iMiI+54Sh6Imy6YCP5piO44Gn6Imy44Gr44G+44Gj44Gf44GP5b2x6Z+/44KS5LiO44GI44Ga44CB44GV44KJ44Gr5YWJ44Gu6YCP6YGO5oCn44KS6Imv44GP44GZ44KL44Gf44KB44Oe44Or44OB44Kz44O844OG44Kj44Oz44Kw44KS5pa944GX44Gm44GC44KK44G+44GZ44CC44GV44KJ44Gr6YeN44Gt44Gm5LuW44Gu44OV44Kj44Or44K/44O844KS5Y+W44KK5LuY44GR44KL44GT44Go44KC44Gn44GN44G+44GZ44CCPGJyPjxicj48L2ZvbnQ+PC90ZD48L3RyPjwvdGFibGU+PHRhYmxlIGNlbGxzcGFjaW5nPSIwIiBjZWxscGFkZGluZz0iNCIgYm9yZGVyPSIxIiB3aWR0aD0iNzEwIiBib3JkZXJjb2xvcj0iI2NjY2NjYyI+PHRyPjx0ZCB3aWR0aD0iMTgwIiBiZ2NvbG9yPSIjZWZlZmVmIj48Zm9udCBzaXplPSIyIj7lgpnogIPvvJE8L2ZvbnQ+PC90ZD48dGQgd2lkdGg9IjUzMCI+PGZvbnQgc2l6ZT0iMiI+44Os44Oz44K644Ks44O844OJPC9mb250PjwvdGQ+PC90cj48dHI+PHRkIHdpZHRoPSIxODAiIGJnY29sb3I9IiNlZmVmZWYiPjxmb250IHNpemU9IjIiPuWCmeiAgzI8L2ZvbnQ+PC90ZD48dGQgd2lkdGg9IjUzMCI+PGZvbnQgc2l6ZT0iMiI+44OV44Kj44Or44K/44O85b6E77yaNDltbTwvZm9udD48L3RkPjwvdHI+PC90YWJsZT48c3R5bGUgdHlwZT0idGV4dC9jc3MiPgo8IS0tCi5yYWt1dGVuLWNhbXAgewoJd2lkdGg6IDcyNXB4OwoJYm9yZGVyOiAycHggc29saWQgIzMzOTlGRjsKCXBhZGRpbmctdG9wOiA1cHg7CgktbW96LWJvcmRlci1yYWRpdXM6NHB4OyAvKkZpcmVmb3gqLwoJLXdlYmtpdC1ib3JkZXItcmFkaXVzOiA0cHg7IC8qU2FmYXJpLENocm9tZSovCglib3JkZXItcmFkaXVzOjRweDsgLypPcGVyYSxDaHJvbWUqLwoJbWFyZ2luOjAgMTBweCAxMHB4IDA7Cn0KCi8qIOS+oeagvOOBq+aeoOe3muOBjOOBpOOBjyAqLwp0YWJsZSNyYWt1dGVuTGltaXRlZElkX2NhcnQgewogICAgYmFja2dyb3VuZC1jb2xvcjogI2Y4ZjhmODsKICAgIGJvcmRlcjogMXB4IHNvbGlkICNkZGQ7CiAgICBwYWRkaW5nOiA4cHg7CiAgICBtYXJnaW46IDE2cHggMDsKfQoKc3Bhbi5wcmljZTEgewogICAgY29sb3I6ICMzMzMgIWltcG9ydGFudDsKICAgIGZvbnQtd2VpZ2h0OiBib2xkOwogICAgZm9udC1zaXplOiA4MCUgIWltcG9ydGFudDsKICAgIGxpbmUtaGVpZ2h0OiAzMHB4OwogICAgZGlzcGxheTogaW5saW5lLWJsb2NrOwogICAgbWFyZ2luLXJpZ2h0OiAxNnB4Owp9CgotLT4KPC9zdHlsZT4KCjwhLS3jg5Djg4rjg7zjgqjjg6rjgqItLT4KCjwhLS3jgJDmtojjgZnjgarvvIHjgJHimIXimIXimIUgaGVpZ2h0PSIzODAiIOOBp+ioreWumuOBl+OBpuOBj+OBoOOBleOBhOOAguKYheKYheKYhS0tPgo8IS0t44OQ44OK44O844Ko44Oq44Ki44GT44GT44G+44GnLS0+Cgo8IS0t5qW95aSp44Kt44Oj44Oz44Oa44O844OzLS0+Cgo8aDIgc3R5bGU9Im1hcmdpbjoyMHB4IDAgMTBweCAwOyI+PGltZyBzcmM9Imh0dHA6Ly93d3cucmFrdXRlbi5uZS5qcC9nb2xkL2FraWJhbWFjL2ZyYW1lL2ltYWdlcy9yYWt1dGVuX3RpdGxlMi5naWYiIGFsdD0i5qW95aSp5biC5aC044Gu44GK5b6X44Gq44Kt44Oj44Oz44Oa44O844OzIiB3aWR0aD0iNzMwIiBoZWlnaHQ9IjQyIiBib3JkZXI9IjAiPjwvaDI+CjxkaXYgY2xhc3M9InJha3V0ZW4tY2FtcCIgc3R5bGU9Im1hcmdpbjowIDAgMCAwOyI+CgoKPCEtLealveWkqeOCreODo+ODs+ODmuODvOODs0DjgZPjgZPjgb7jgactLT4=,44OP44Kv44OQ5YaZ55yf55Sj5qWt44OV44Kj44Or44K/44O8IE1DIOODrOODs+OCuuOCrOODvOODiSA0OU0vTe+8muOCveODleODnuODg+ODl+OAgOODh+OCuOOCv+ODq+OCs+ODrOOCr+OCt+ODp+ODsw==,44K944OV44Oe44OD44OXIOODh+OCuOOCv+ODq+OCs+ODrOOCr+OCt+ODp+ODs1NvZm1hcCBEaWdpdGFsIENvbGxlY3Rpb27jg5Hjgr3jgrPjg7Pjgr/jg5bjg6zjg4Pjg4hQQ0hEROOCouOCu+ODs+ODluODquODkeODvOODhOODkeOCveOCs+ODs+ODkeODvOODhOODhuODrOODk+OCsuODvOODoOODluODq+ODvOODrOOCpOOCveODleODiERWROOCveODleODiOa2suaZtuODhuODrOODk+ODluODq+ODvOODrOOCpOODh+OCo+OCueOCr+ODrOOCs+ODvOODgOODvOODh+OCuOOCv+ODq+S4gOecvOODrOODleOCq+ODoeODqeODh+OCuOOCv+ODq+OCq+ODoeODqeWutumbu+aZguioiOS4reWPpOOAgOOCveODleODiOOCouOCpuODiOODrOODg+ODiOS4reWPpOODjuODvOODiOODkeOCveOCs+ODs+S4reWPpOODkeOCveOCs+ODs+ODj+OCr+ODkOWGmeecn+eUo+alreODleOCo+ODq+OCv+ODvCBNQyDjg6zjg7Pjgrrjgqzjg7zjg4kgNDlNL00=,44OP44Kv44OQ5YaZ55yf55Sj5qWt44OV44Kj44Or44K/44O8IE1DIOODrOODs+OCuuOCrOODvOODiSA0OU0vTQ==[rn]
5-81339,aHR0cDovL3RzaG9wLnIxMHMuanAvYWtpYmFtYWMvY2FiaW5ldC8wNDU3NjUxMS80OTYxNjA3MzA4NTIzLmpwZz9maXRpbj03MDA6NzAw,MTIwOC4wMDAw,,VFbjg7vjgqrjg7zjg4fjgqPjgqrjg7vjgqvjg6Hjg6kgPiDjgqLjgq/jgrvjgrXjg6rjg7zjg7vpg6jlk4EgPiDjgqvjg6Hjg6njg7vjg5Pjg4fjgqrjgqvjg6Hjg6njg7vlhYnlrabmqZ/lmajnlKjjgqLjgq/jgrvjgrXjg6rjg7wgPiDkuqTmj5vjg6zjg7PjgrrnlKjjgqLjgq/jgrvjgrXjg6rjg7wgPiDjg6zjg7Pjgrrjg5XjgqPjg6vjgr/jg7w=,44Kx44Oz44Kz44O8NThtbSBNQ+ODl+ODreODhuOCr+OCv+ODvCBORU/vvIjjgrfjg6vjg5Djg7zvvIk=,,PHRhYmxlIGJvcmRlcj0iMCIgY2VsbHBhZGRpbmc9IjAiIGNlbGxzcGFjaW5nPSIwIiB3aWR0aD0iNzEwIiBzdHlsZT0ibGluZS1oZWlnaHQ6MTQwJTsiPjx0cj48dGQ+PGZvbnQgc2l6ZT0iMiI+5pS56Imv54mI44Oe44Or44OB44Kz44O844OI44KS5pa944GX44Gf44CB44OZ44O844K344OD44Kv44Gq44Os44Oz44K65L+d6K2344OV44Kj44Or44K/44O844Gu44K344Or44OQ44O85p6g44K/44Kk44OX44CCPGJyPjxicj7ilqDoh6rnhLbjgaroibLlho3nj77jgpLlrp/nj77jgZfjgZ/jgIHpq5jpgI/pgY7njofjga7kuKHpnaLjg57jg6vjg4HjgrPjg7zjg4jjg5XjgqPjg6vjgr/jg7zjgafjgZnjgII8YnI+PGJyPuKWoOOCseODs+OCs+ODvOOBruODrOODs+OCuuS/neitt+ODleOCo+ODq+OCv+ODvOOBqOOBl+OBpuOAgeODmeODvOOCt+ODg+OCr+OBquODqeOCpOODs+ODiuODg+ODl+OAjE1D44OX44Ot44OG44Kv44K/44O844CN44Gu44Kz44O844OG44Kj44Oz44Kw44KS5pS56Imv44CC44OH44K444K/44Or44Kr44Oh44Op44Gu5pKu5YOP57Sg5a2Q44Gr5pyA6YGp5YyW44GV44KM44Gf44OB44Ol44O844OL44Oz44Kw44Go44GX44G+44GX44Gf44CCPGJyPjxicj7ilqDjg6zjg7Pjgrrjgavmma7mrrXjgYvjgonjgaTjgZHjgabjgYrjgY/jgZPjgajjgafjgIHlsYvlpJbmkq7lvbHjgafjga7noILjgbzjgZPjgorjgoTjgrTjg5/jgarjganjgYvjgonlpKfliIfjgarjg6zjg7PjgrrjgpLkv53orbfjgZfjgb7jgZnjgILmuIXmjoPmmYLjgoLjg6zjg7PjgrrjgZ3jga7jgb7jgb7jgafjga/jgarjgY/jgIHjg5XjgqPjg6vjgr/jg7zjgpLmi63jgY/jgZPjgajjgajjgarjgorjgb7jgZnjga7jgafjgIHmi63jgY3lgrfpmLLmraLjgavjgoLlvbnnq4vjgaHjgb7jgZnjgII8YnI+PGJyPjwvZm9udD48L3RkPjwvdHI+PC90YWJsZT48c3R5bGUgdHlwZT0idGV4dC9jc3MiPgo8IS0tCi5yYWt1dGVuLWNhbXAgewoJd2lkdGg6IDcyNXB4OwoJYm9yZGVyOiAycHggc29saWQgIzMzOTlGRjsKCXBhZGRpbmctdG9wOiA1cHg7CgktbW96LWJvcmRlci1yYWRpdXM6NHB4OyAvKkZpcmVmb3gqLwoJLXdlYmtpdC1ib3JkZXItcmFkaXVzOiA0cHg7IC8qU2FmYXJpLENocm9tZSovCglib3JkZXItcmFkaXVzOjRweDsgLypPcGVyYSxDaHJvbWUqLwoJbWFyZ2luOjAgMTBweCAxMHB4IDA7Cn0KCi8qIOS+oeagvOOBq+aeoOe3muOBjOOBpOOBjyAqLwp0YWJsZSNyYWt1dGVuTGltaXRlZElkX2NhcnQgewogICAgYmFja2dyb3VuZC1jb2xvcjogI2Y4ZjhmODsKICAgIGJvcmRlcjogMXB4IHNvbGlkICNkZGQ7CiAgICBwYWRkaW5nOiA4cHg7CiAgICBtYXJnaW46IDE2cHggMDsKfQoKc3Bhbi5wcmljZTEgewogICAgY29sb3I6ICMzMzMgIWltcG9ydGFudDsKICAgIGZvbnQtd2VpZ2h0OiBib2xkOwogICAgZm9udC1zaXplOiA4MCUgIWltcG9ydGFudDsKICAgIGxpbmUtaGVpZ2h0OiAzMHB4OwogICAgZGlzcGxheTogaW5saW5lLWJsb2NrOwogICAgbWFyZ2luLXJpZ2h0OiAxNnB4Owp9CgotLT4KPC9zdHlsZT4KCjwhLS3jg5Djg4rjg7zjgqjjg6rjgqItLT4KCjwhLS3jgJDmtojjgZnjgarvvIHjgJHimIXimIXimIUgaGVpZ2h0PSIzODAiIOOBp+ioreWumuOBl+OBpuOBj+OBoOOBleOBhOOAguKYheKYheKYhS0tPgo8IS0t44OQ44OK44O844Ko44Oq44Ki44GT44GT44G+44GnLS0+Cgo8IS0t5qW95aSp44Kt44Oj44Oz44Oa44O844OzLS0+Cgo8aDIgc3R5bGU9Im1hcmdpbjoyMHB4IDAgMTBweCAwOyI+PGltZyBzcmM9Imh0dHA6Ly93d3cucmFrdXRlbi5uZS5qcC9nb2xkL2FraWJhbWFjL2ZyYW1lL2ltYWdlcy9yYWt1dGVuX3RpdGxlMi5naWYiIGFsdD0i5qW95aSp5biC5aC044Gu44GK5b6X44Gq44Kt44Oj44Oz44Oa44O844OzIiB3aWR0aD0iNzMwIiBoZWlnaHQ9IjQyIiBib3JkZXI9IjAiPjwvaDI+CjxkaXYgY2xhc3M9InJha3V0ZW4tY2FtcCIgc3R5bGU9Im1hcmdpbjowIDAgMCAwOyI+CgoKPCEtLealveWkqeOCreODo+ODs+ODmuODvOODs0DjgZPjgZPjgb7jgactLT4=,44Kx44Oz44Kz44O8NThtbSBNQ+ODl+ODreODhuOCr+OCv+ODvCBORU/vvIjjgrfjg6vjg5Djg7zvvInvvJrjgr3jg5Xjg57jg4Pjg5fjgIDjg4fjgrjjgr/jg6vjgrPjg6zjgq/jgrfjg6fjg7M=,44K944OV44Oe44OD44OXIOODh+OCuOOCv+ODq+OCs+ODrOOCr+OCt+ODp+ODs1NvZm1hcCBEaWdpdGFsIENvbGxlY3Rpb27jg5Hjgr3jgrPjg7Pjgr/jg5bjg6zjg4Pjg4hQQ0hEROOCouOCu+ODs+ODluODquODkeODvOODhOODkeOCveOCs+ODs+ODkeODvOODhOODhuODrOODk+OCsuODvOODoOODluODq+ODvOODrOOCpOOCveODleODiERWROOCveODleODiOa2suaZtuODhuODrOODk+ODluODq+ODvOODrOOCpOODh+OCo+OCueOCr+ODrOOCs+ODvOODgOODvOODh+OCuOOCv+ODq+S4gOecvOODrOODleOCq+ODoeODqeODh+OCuOOCv+ODq+OCq+ODoeODqeWutumbu+aZguioiOS4reWPpOOAgOOCveODleODiOOCouOCpuODiOODrOODg+ODiOS4reWPpOODjuODvOODiOODkeOCveOCs+ODs+S4reWPpOODkeOCveOCs+ODs+OCseODs+OCs+ODvDU4bW0gTUPjg5fjg63jg4bjgq/jgr/jg7wgTkVP77yI44K344Or44OQ44O877yJ,44Kx44Oz44Kz44O8NThtbSBNQ+ODl+ODreODhuOCr+OCv+ODvCBORU/vvIjjgrfjg6vjg5Djg7zvvIk=[rn]
5-81340,aHR0cDovL3RzaG9wLnIxMHMuanAvYWtpYmFtYWMvY2FiaW5ldC8wNDQ3ODk3OS80OTU3NjM4MDE5NDkxLmpwZz9maXRpbj03MDA6NzAw,Nzg1LjYwMDA=,,VFbjg7vjgqrjg7zjg4fjgqPjgqrjg7vjgqvjg6Hjg6kgPiDjgqLjgq/jgrvjgrXjg6rjg7zjg7vpg6jlk4EgPiDjgqvjg6Hjg6njg7vjg5Pjg4fjgqrjgqvjg6Hjg6njg7vlhYnlrabmqZ/lmajnlKjjgqLjgq/jgrvjgrXjg6rjg7wgPiDkuqTmj5vjg6zjg7PjgrrnlKjjgqLjgq/jgrvjgrXjg6rjg7wgPiDjg6zjg7Pjgrrjg5XjgqPjg6vjgr/jg7w=,44Oe44Or44Of5YWJ5qmfVjM3bW0g44Os44Oz44K65L+d6K2344OV44Kj44Or44K/44O877yI55m95p6g77yJ44CATUMtTg==,,PHRhYmxlIGJvcmRlcj0iMCIgY2VsbHBhZGRpbmc9IjAiIGNlbGxzcGFjaW5nPSIwIiB3aWR0aD0iNzEwIiBzdHlsZT0ibGluZS1oZWlnaHQ6MTQwJTsiPjx0cj48dGQ+PGZvbnQgc2l6ZT0iMiI+4pag5YWJ6YCP6YGO5Yq55p6c44Gu5YSq44KM44Gf44Oe44Or44OB44Kz44O844OG44Kj44Oz44Kw77yITUPvvInjgpLmlr3jgZfjgZ/nhKHoibLpgI/mmI7jgarjg5XjgqPjg6vjgr/jg7zjgILilqDjgqvjg6Hjg6njga7jg6zjg7PjgrrjgpLnm7TmjqXjg5vjgrPjg6rjgoTjgq3jgrrjgarjganjgYvjgonlrojjgovjgZ/jgoHjgIHluLjnlKjjg5XjgqPjg6vjgr/jg7zjgajjgZfjgabmnIDpganjgafjgZnjgII8YnI+PGJyPjwvZm9udD48L3RkPjwvdHI+PC90YWJsZT48c3R5bGUgdHlwZT0idGV4dC9jc3MiPgo8IS0tCi5yYWt1dGVuLWNhbXAgewoJd2lkdGg6IDcyNXB4OwoJYm9yZGVyOiAycHggc29saWQgIzMzOTlGRjsKCXBhZGRpbmctdG9wOiA1cHg7CgktbW96LWJvcmRlci1yYWRpdXM6NHB4OyAvKkZpcmVmb3gqLwoJLXdlYmtpdC1ib3JkZXItcmFkaXVzOiA0cHg7IC8qU2FmYXJpLENocm9tZSovCglib3JkZXItcmFkaXVzOjRweDsgLypPcGVyYSxDaHJvbWUqLwoJbWFyZ2luOjAgMTBweCAxMHB4IDA7Cn0KCi8qIOS+oeagvOOBq+aeoOe3muOBjOOBpOOBjyAqLwp0YWJsZSNyYWt1dGVuTGltaXRlZElkX2NhcnQgewogICAgYmFja2dyb3VuZC1jb2xvcjogI2Y4ZjhmODsKICAgIGJvcmRlcjogMXB4IHNvbGlkICNkZGQ7CiAgICBwYWRkaW5nOiA4cHg7CiAgICBtYXJnaW46IDE2cHggMDsKfQoKc3Bhbi5wcmljZTEgewogICAgY29sb3I6ICMzMzMgIWltcG9ydGFudDsKICAgIGZvbnQtd2VpZ2h0OiBib2xkOwogICAgZm9udC1zaXplOiA4MCUgIWltcG9ydGFudDsKICAgIGxpbmUtaGVpZ2h0OiAzMHB4OwogICAgZGlzcGxheTogaW5saW5lLWJsb2NrOwogICAgbWFyZ2luLXJpZ2h0OiAxNnB4Owp9CgotLT4KPC9zdHlsZT4KCjwhLS3jg5Djg4rjg7zjgqjjg6rjgqItLT4KCjwhLS3jgJDmtojjgZnjgarvvIHjgJHimIXimIXimIUgaGVpZ2h0PSIzODAiIOOBp+ioreWumuOBl+OBpuOBj+OBoOOBleOBhOOAguKYheKYheKYhS0tPgo8IS0t44OQ44OK44O844Ko44Oq44Ki44GT44GT44G+44GnLS0+Cgo8IS0t5qW95aSp44Kt44Oj44Oz44Oa44O844OzLS0+Cgo8aDIgc3R5bGU9Im1hcmdpbjoyMHB4IDAgMTBweCAwOyI+PGltZyBzcmM9Imh0dHA6Ly93d3cucmFrdXRlbi5uZS5qcC9nb2xkL2FraWJhbWFjL2ZyYW1lL2ltYWdlcy9yYWt1dGVuX3RpdGxlMi5naWYiIGFsdD0i5qW95aSp5biC5aC044Gu44GK5b6X44Gq44Kt44Oj44Oz44Oa44O844OzIiB3aWR0aD0iNzMwIiBoZWlnaHQ9IjQyIiBib3JkZXI9IjAiPjwvaDI+CjxkaXYgY2xhc3M9InJha3V0ZW4tY2FtcCIgc3R5bGU9Im1hcmdpbjowIDAgMCAwOyI+CgoKPCEtLealveWkqeOCreODo+ODs+ODmuODvOODs0DjgZPjgZPjgb7jgactLT4=,44Oe44Or44Of5YWJ5qmfVjM3bW0g44Os44Oz44K65L+d6K2344OV44Kj44Or44K/44O877yI55m95p6g77yJ44CATUMtTu+8muOCveODleODnuODg+ODl+OAgOODh+OCuOOCv+ODq+OCs+ODrOOCr+OCt+ODp+ODsw==,44K944OV44Oe44OD44OXIOODh+OCuOOCv+ODq+OCs+ODrOOCr+OCt+ODp+ODs1NvZm1hcCBEaWdpdGFsIENvbGxlY3Rpb27jg5Hjgr3jgrPjg7Pjgr/jg5bjg6zjg4Pjg4hQQ0hEROOCouOCu+ODs+ODluODquODkeODvOODhOODkeOCveOCs+ODs+ODkeODvOODhOODhuODrOODk+OCsuODvOODoOODluODq+ODvOODrOOCpOOCveODleODiERWROOCveODleODiOa2suaZtuODhuODrOODk+ODluODq+ODvOODrOOCpOODh+OCo+OCueOCr+ODrOOCs+ODvOODgOODvOODh+OCuOOCv+ODq+S4gOecvOODrOODleOCq+ODoeODqeODh+OCuOOCv+ODq+OCq+ODoeODqeWutumbu+aZguioiOS4reWPpOOAgOOCveODleODiOOCouOCpuODiOODrOODg+ODiOS4reWPpOODjuODvOODiOODkeOCveOCs+ODs+S4reWPpOODkeOCveOCs+ODs+ODnuODq+ODn+WFieapn1YzN21tIOODrOODs+OCuuS/neitt+ODleOCo+ODq+OCv+ODvO+8iOeZveaeoO+8ieOAgE1DLU4=,44Oe44Or44Of5YWJ5qmfVjM3bW0g44Os44Oz44K65L+d6K2344OV44Kj44Or44K/44O877yI55m95p6g77yJ44CATUMtTg==[rn]
5-81341,aHR0cDovL3RzaG9wLnIxMHMuanAvYWtpYmFtYWMvY2FiaW5ldC8wNDc2NjYzNy80OTYxNjA3OTEyODI5LmpwZz9maXRpbj03MDA6NzAw,NTEzNi4wMDAw,,VFbjg7vjgqrjg7zjg4fjgqPjgqrjg7vjgqvjg6Hjg6kgPiDjgqLjgq/jgrvjgrXjg6rjg7zjg7vpg6jlk4EgPiDjgqvjg6Hjg6njg7vjg5Pjg4fjgqrjgqvjg6Hjg6njg7vlhYnlrabmqZ/lmajnlKjjgqLjgq/jgrvjgrXjg6rjg7wgPiDkuqTmj5vjg6zjg7PjgrrnlKjjgqLjgq/jgrvjgrXjg6rjg7wgPiDjg6zjg7Pjgrrjg5XjgqPjg6vjgr/jg7w=,44CQ6YCB5paZ54Sh5paZ44CR44Kx44Oz44Kz44O8ODJtbSBQUk8xRCDjg63jg7zjgr/jgrnjg5fjg63jg4bjgq/jgr/jg7wgODJTUFJPMUQ=,,PHRhYmxlIGJvcmRlcj0iMCIgY2VsbHBhZGRpbmc9IjAiIGNlbGxzcGFjaW5nPSIwIiB3aWR0aD0iNzEwIiBzdHlsZT0ibGluZS1oZWlnaHQ6MTQwJTsiPjx0cj48dGQ+PGZvbnQgc2l6ZT0iMiI+4pagTG90dXMo6JOuKeOBruiRieOBr+awtOa7tOOCkueOieOBruOCiOOBhuOBq+OBr+OBmOOBjeOAgeW4uOOBq+a4hea9lOOBqueKtuaFi+OCkuS/neOBpOeJueaAp+OBjOOBguOCiuOBvuOBmeOAgjxicj48YnI+4pag44Gd44Gu6JOu44Gr44Gh44Gq44KT44Gn5ZCN5LuY44GR44Gf44CMUFJPMUQgTG90dXPjgI3jga/jgIHmsLTjgoTmsrnjgpLlvLflipvjgavlvL7jgY/pq5jjgYTmkqXmsLTvvaXmkqXmsrnmqZ/og73jgpLlgpnjgYjjgZ/jg5XjgqPjg6vjgr/jg7zjgrfjg6rjg7zjgrrjgafjgZnjgII8YnI+PGJyPuKWoOmHkeaeoOOBq+OBr+ehrOizquOCouODq+ODnuOCpOODiOWKoOW3peOCkuaWveOBl+OAgeOCrOODqeOCueaKvOOBleOBiOODkOODjeOBq+OBr+iAkOiFkOmjn+WHpueQhuOCkuaWveOBmeetieOAgeW+ueW6leeahOOBq+awtOOChOaxmuOCjOOBq+W8t+OBj+OAgemBjumFt+OBqueSsOWig+S4i+OBp+OBruaSruW9seOBq+iAkOOBiOOCi+S7leanmOOCkui/veaxguOBl+OBvuOBl+OBn+OAgjxicj48YnI+4pag44K344Oq44O844K644Gu56ys5LiA5by+44Go44GX44Gm55m65aOy44GZ44KL44CMUFJPMUQgTG90dXMg44OX44Ot44OG44Kv44K/44O844CN44Gv44CB54Sh6Imy6YCP5piO44Gn5Y+v6KaW5YWJ44Gr5b2x6Z+/44KS5LiO44GI44Gq44GEPGJyPjxicj7ilqDjg6zjg7Pjgrrkv53orbfnlKjjg5XjgqPjg6vjgr/jg7zjgafjgZnjgILjg6zjg7PjgrrjgavluLjmmYLoo4XnnYDjgZnjgovjgZPjgajjgafjgIHmsLTjgZfjgbbjgY3jgoTmjIfntIvjga7msZrjgoznrYnjgYvjgonjg6zjg7PjgrrjgpLkv53orbfjgZfjgb7jgZnjgII8YnI+PGJyPuKWoOaSpeawtO+9peaSpeayueapn+iDveOCkuaMgeOBoeOBquOBjOOCieOCguOAgeaWsOmWi+eZuuOBruODh+OCuOOCv+ODq+ODnuODq+ODgeOCs+ODvOODiElJ44Gr44KI44KK6LaF5L2O5Y+N5bCE44KS5a6f54++44GX44CB5qW144KB44Gm6auY44GE6YCP6YGO546H44Gn44Os44Oz44K65oCn6IO944KS5pyA5aSn6ZmQ44Gr55m65o+u44GX44G+44GZPGJyPjxicj48YnI+PGJyPjwvZm9udD48L3RkPjwvdHI+PC90YWJsZT48c3R5bGUgdHlwZT0idGV4dC9jc3MiPgo8IS0tCi5yYWt1dGVuLWNhbXAgewoJd2lkdGg6IDcyNXB4OwoJYm9yZGVyOiAycHggc29saWQgIzMzOTlGRjsKCXBhZGRpbmctdG9wOiA1cHg7CgktbW96LWJvcmRlci1yYWRpdXM6NHB4OyAvKkZpcmVmb3gqLwoJLXdlYmtpdC1ib3JkZXItcmFkaXVzOiA0cHg7IC8qU2FmYXJpLENocm9tZSovCglib3JkZXItcmFkaXVzOjRweDsgLypPcGVyYSxDaHJvbWUqLwoJbWFyZ2luOjAgMTBweCAxMHB4IDA7Cn0KCi8qIOS+oeagvOOBq+aeoOe3muOBjOOBpOOBjyAqLwp0YWJsZSNyYWt1dGVuTGltaXRlZElkX2NhcnQgewogICAgYmFja2dyb3VuZC1jb2xvcjogI2Y4ZjhmODsKICAgIGJvcmRlcjogMXB4IHNvbGlkICNkZGQ7CiAgICBwYWRkaW5nOiA4cHg7CiAgICBtYXJnaW46IDE2cHggMDsKfQoKc3Bhbi5wcmljZTEgewogICAgY29sb3I6ICMzMzMgIWltcG9ydGFudDsKICAgIGZvbnQtd2VpZ2h0OiBib2xkOwogICAgZm9udC1zaXplOiA4MCUgIWltcG9ydGFudDsKICAgIGxpbmUtaGVpZ2h0OiAzMHB4OwogICAgZGlzcGxheTogaW5saW5lLWJsb2NrOwogICAgbWFyZ2luLXJpZ2h0OiAxNnB4Owp9CgotLT4KPC9zdHlsZT4KCjwhLS3jg5Djg4rjg7zjgqjjg6rjgqItLT4KCjwhLS3jgJDmtojjgZnjgarvvIHjgJHimIXimIXimIUgaGVpZ2h0PSIzODAiIOOBp+ioreWumuOBl+OBpuOBj+OBoOOBleOBhOOAguKYheKYheKYhS0tPgo8IS0t44OQ44OK44O844Ko44Oq44Ki44GT44GT44G+44GnLS0+Cgo8IS0t5qW95aSp44Kt44Oj44Oz44Oa44O844OzLS0+Cgo8aDIgc3R5bGU9Im1hcmdpbjoyMHB4IDAgMTBweCAwOyI+PGltZyBzcmM9Imh0dHA6Ly93d3cucmFrdXRlbi5uZS5qcC9nb2xkL2FraWJhbWFjL2ZyYW1lL2ltYWdlcy9yYWt1dGVuX3RpdGxlMi5naWYiIGFsdD0i5qW95aSp5biC5aC044Gu44GK5b6X44Gq44Kt44Oj44Oz44Oa44O844OzIiB3aWR0aD0iNzMwIiBoZWlnaHQ9IjQyIiBib3JkZXI9IjAiPjwvaDI+CjxkaXYgY2xhc3M9InJha3V0ZW4tY2FtcCIgc3R5bGU9Im1hcmdpbjowIDAgMCAwOyI+CgoKPCEtLealveWkqeOCreODo+ODs+ODmuODvOODs0DjgZPjgZPjgb7jgactLT4=,44CQ6YCB5paZ54Sh5paZ44CR44Kx44Oz44Kz44O8ODJtbSBQUk8xRCDjg63jg7zjgr/jgrnjg5fjg63jg4bjgq/jgr/jg7wgODJTUFJPMUTvvJrjgr3jg5Xjg57jg4Pjg5fjgIDjg4fjgrjjgr/jg6vjgrPjg6zjgq/jgrfjg6fjg7M=,44K944OV44Oe44OD44OXIOODh+OCuOOCv+ODq+OCs+ODrOOCr+OCt+ODp+ODs1NvZm1hcCBEaWdpdGFsIENvbGxlY3Rpb27jg5Hjgr3jgrPjg7Pjgr/jg5bjg6zjg4Pjg4hQQ0hEROOCouOCu+ODs+ODluODquODkeODvOODhOODkeOCveOCs+ODs+ODkeODvOODhOODhuODrOODk+OCsuODvOODoOODluODq+ODvOODrOOCpOOCveODleODiERWROOCveODleODiOa2suaZtuODhuODrOODk+ODluODq+ODvOODrOOCpOODh+OCo+OCueOCr+ODrOOCs+ODvOODgOODvOODh+OCuOOCv+ODq+S4gOecvOODrOODleOCq+ODoeODqeODh+OCuOOCv+ODq+OCq+ODoeODqeWutumbu+aZguioiOS4reWPpOOAgOOCveODleODiOOCouOCpuODiOODrOODg+ODiOS4reWPpOODjuODvOODiOODkeOCveOCs+ODs+S4reWPpOODkeOCveOCs+ODs+OAkOmAgeaWmeeEoeaWmeOAkeOCseODs+OCs+ODvDgybW0gUFJPMUQg44Ot44O844K/44K544OX44Ot44OG44Kv44K/44O8IDgyU1BSTzFE,44CQ6YCB5paZ54Sh5paZ44CR44Kx44Oz44Kz44O8ODJtbSBQUk8xRCDjg63jg7zjgr/jgrnjg5fjg63jg4bjgq/jgr/jg7wgODJTUFJPMUQ=[rn]
5-81342,aHR0cDovL3RzaG9wLnIxMHMuanAvYWtpYmFtYWMvY2FiaW5ldC8wMzk1NDQ5MC9ub3dfcHJpbnRpbmcuZ2lmP2ZpdGluPTcwMDo3MDA=,Mjg4MC4wMDAw,,VFbjg7vjgqrjg7zjg4fjgqPjgqrjg7vjgqvjg6Hjg6kgPiDjgqLjgq/jgrvjgrXjg6rjg7zjg7vpg6jlk4EgPiDjgqvjg6Hjg6njg7vjg5Pjg4fjgqrjgqvjg6Hjg6njg7vlhYnlrabmqZ/lmajnlKjjgqLjgq/jgrvjgrXjg6rjg7wgPiDkuqTmj5vjg6zjg7PjgrrnlKjjgqLjgq/jgrvjgrXjg6rjg7wgPiDjg6zjg7Pjgrrjg5XjgqPjg6vjgr/jg7w=,QUxUTzQwLjVtbSDjgq/jg6njgrfjg4Pjgq/jg5XjgqPjg6vjgr/jg7wgTUMtTiDvvIjjgrfjg6vjg5Djg7zvvIk=,,PHRhYmxlIGJvcmRlcj0iMCIgY2VsbHBhZGRpbmc9IjAiIGNlbGxzcGFjaW5nPSIwIiB3aWR0aD0iNzEwIiBzdHlsZT0ibGluZS1oZWlnaHQ6MTQwJTsiPjx0cj48dGQ+PGZvbnQgc2l6ZT0iMiI+5Y+v6KaW5YWJ57ea44Gr5YWo44GP5b2x6Z+/44KS5LiO44GI44Gq44Ga44Kr44Op44O844OQ44Op44Oz44K544Gu6Imv44GE54Sh6Imy6YCP5piO44OV44Kj44Or44K/44O844Gn44GZ44CCPGJyPjxicj7ilqDjg57jg6vjg4HjgrPjg7zjg4bjgqPjg7PjgrDjgavjgojjgovpq5jjgYTlhYnpgI/pgY7njoc8YnI+4pag5Y+v6KaW5YWJ57ea44Gr5YWo44GP5b2x6Z+/44KS5LiO44GI44Gq44Ga44Kr44Op44O844OQ44Op44Oz44K544Gu6Imv44GE54Sh6Imy6YCP5piO44OV44Kj44Or44K/44O844CC44CM5L2V44KC6Laz44GV44Gq44GE44O75L2V44KC5byV44GL44Gq44GE44CN44Kv44Op44K344OD44Kv44Os44Oz44K644Gu44CM5ZGz44CN44Gr5b2x6Z+/44KS5LiO44GI44Gq44GEPGJyPuKWoOWGhemdouWPjeWwhOmYsuatouWKoOW3peOBqOODqeOCpOOCq+ODleOCo+ODq+OCv+ODvOOCkuOBi+OCguOBl+WHuuOBmee4puWei+OCueODquODg+ODiOWFpeOCijxicj48YnI+44CQ6KO95ZOB5LuV5qeY44CRPGJyPuKWoOODleOCo+ODq+OCv+ODvOW+hO+8mjQwLjVtbTxicj7ilqDlirnmnpzvvJrkv53orbc8YnI+4pag5p2Q6LOq77ya44Ki44Or44OfPGJyPuKWoOWOn+eUo+Wbve+8muaXpeacrDxicj48YnI+PC9mb250PjwvdGQ+PC90cj48L3RhYmxlPjxzdHlsZSB0eXBlPSJ0ZXh0L2NzcyI+CjwhLS0KLnJha3V0ZW4tY2FtcCB7Cgl3aWR0aDogNzI1cHg7Cglib3JkZXI6IDJweCBzb2xpZCAjMzM5OUZGOwoJcGFkZGluZy10b3A6IDVweDsKCS1tb3otYm9yZGVyLXJhZGl1czo0cHg7IC8qRmlyZWZveCovCgktd2Via2l0LWJvcmRlci1yYWRpdXM6IDRweDsgLypTYWZhcmksQ2hyb21lKi8KCWJvcmRlci1yYWRpdXM6NHB4OyAvKk9wZXJhLENocm9tZSovCgltYXJnaW46MCAxMHB4IDEwcHggMDsKfQoKLyog5L6h5qC844Gr5p6g57ea44GM44Gk44GPICovCnRhYmxlI3Jha3V0ZW5MaW1pdGVkSWRfY2FydCB7CiAgICBiYWNrZ3JvdW5kLWNvbG9yOiAjZjhmOGY4OwogICAgYm9yZGVyOiAxcHggc29saWQgI2RkZDsKICAgIHBhZGRpbmc6IDhweDsKICAgIG1hcmdpbjogMTZweCAwOwp9CgpzcGFuLnByaWNlMSB7CiAgICBjb2xvcjogIzMzMyAhaW1wb3J0YW50OwogICAgZm9udC13ZWlnaHQ6IGJvbGQ7CiAgICBmb250LXNpemU6IDgwJSAhaW1wb3J0YW50OwogICAgbGluZS1oZWlnaHQ6IDMwcHg7CiAgICBkaXNwbGF5OiBpbmxpbmUtYmxvY2s7CiAgICBtYXJnaW4tcmlnaHQ6IDE2cHg7Cn0KCi0tPgo8L3N0eWxlPgoKPCEtLeODkOODiuODvOOCqOODquOCoi0tPgoKPCEtLeOAkOa2iOOBmeOBqu+8geOAkeKYheKYheKYhSBoZWlnaHQ9IjM4MCIg44Gn6Kit5a6a44GX44Gm44GP44Gg44GV44GE44CC4piF4piF4piFLS0+CjwhLS3jg5Djg4rjg7zjgqjjg6rjgqLjgZPjgZPjgb7jgactLT4KCjwhLS3mpb3lpKnjgq3jg6Pjg7Pjg5rjg7zjg7MtLT4KCjxoMiBzdHlsZT0ibWFyZ2luOjIwcHggMCAxMHB4IDA7Ij48aW1nIHNyYz0iaHR0cDovL3d3dy5yYWt1dGVuLm5lLmpwL2dvbGQvYWtpYmFtYWMvZnJhbWUvaW1hZ2VzL3Jha3V0ZW5fdGl0bGUyLmdpZiIgYWx0PSLmpb3lpKnluILloLTjga7jgYrlvpfjgarjgq3jg6Pjg7Pjg5rjg7zjg7MiIHdpZHRoPSI3MzAiIGhlaWdodD0iNDIiIGJvcmRlcj0iMCI+PC9oMj4KPGRpdiBjbGFzcz0icmFrdXRlbi1jYW1wIiBzdHlsZT0ibWFyZ2luOjAgMCAwIDA7Ij4KCgo8IS0t5qW95aSp44Kt44Oj44Oz44Oa44O844OzQOOBk+OBk+OBvuOBpy0tPg==,QUxUTzQwLjVtbSDjgq/jg6njgrfjg4Pjgq/jg5XjgqPjg6vjgr/jg7wgTUMtTiDvvIjjgrfjg6vjg5Djg7zvvInvvJrjgr3jg5Xjg57jg4Pjg5fjgIDjg4fjgrjjgr/jg6vjgrPjg6zjgq/jgrfjg6fjg7M=,44K944OV44Oe44OD44OXIOODh+OCuOOCv+ODq+OCs+ODrOOCr+OCt+ODp+ODs1NvZm1hcCBEaWdpdGFsIENvbGxlY3Rpb27jg5Hjgr3jgrPjg7Pjgr/jg5bjg6zjg4Pjg4hQQ0hEROOCouOCu+ODs+ODluODquODkeODvOODhOODkeOCveOCs+ODs+ODkeODvOODhOODhuODrOODk+OCsuODvOODoOODluODq+ODvOODrOOCpOOCveODleODiERWROOCveODleODiOa2suaZtuODhuODrOODk+ODluODq+ODvOODrOOCpOODh+OCo+OCueOCr+ODrOOCs+ODvOODgOODvOODh+OCuOOCv+ODq+S4gOecvOODrOODleOCq+ODoeODqeODh+OCuOOCv+ODq+OCq+ODoeODqeWutumbu+aZguioiOS4reWPpOOAgOOCveODleODiOOCouOCpuODiOODrOODg+ODiOS4reWPpOODjuODvOODiOODkeOCveOCs+ODs+S4reWPpOODkeOCveOCs+ODs0FMVE80MC41bW0g44Kv44Op44K344OD44Kv44OV44Kj44Or44K/44O8IE1DLU4g77yI44K344Or44OQ44O877yJ,QUxUTzQwLjVtbSDjgq/jg6njgrfjg4Pjgq/jg5XjgqPjg6vjgr/jg7wgTUMtTiDvvIjjgrfjg6vjg5Djg7zvvIk=[rn]
5-81343,aHR0cDovL3RzaG9wLnIxMHMuanAvYWtpYmFtYWMvY2FiaW5ldC8wNDYzMjIxOC80NTgwMzY4MjMwNjc4LmpwZz9maXRpbj03MDA6NzAw,MzQ1Ni4wMDAw,,VFbjg7vjgqrjg7zjg4fjgqPjgqrjg7vjgqvjg6Hjg6kgPiDjgqLjgq/jgrvjgrXjg6rjg7zjg7vpg6jlk4EgPiDjgqvjg6Hjg6njg7vjg5Pjg4fjgqrjgqvjg6Hjg6njg7vlhYnlrabmqZ/lmajnlKjjgqLjgq/jgrvjgrXjg6rjg7wgPiDkuqTmj5vjg6zjg7PjgrrnlKjjgqLjgq/jgrvjgrXjg6rjg7wgPiDjg6zjg7Pjgrrjg5XjgqPjg6vjgr/jg7w=,44OG44Kj44O844K544OI44Of44Op44O844Os44K555So44Os44Oz44K644OV44Kj44Or44K/44O8IOOAjOODl+ODqeODjeODg+ODiFXjgI0gTUMtUFJPVEVDVO+8iDUybW3vvI/jg6zjg4Pjg4nvvIk=,,PHRhYmxlIGJvcmRlcj0iMCIgY2VsbHBhZGRpbmc9IjAiIGNlbGxzcGFjaW5nPSIwIiB3aWR0aD0iNzEwIiBzdHlsZT0ibGluZS1oZWlnaHQ6MTQwJTsiPjx0cj48dGQ+PGZvbnQgc2l6ZT0iMiI+4pag44Os44Oz44K65L+d6K2344KS55uu55qE44Go44GX44Gf44OX44Ot44OG44Kv44OI44OV44Kj44Or44K/44O844CMTUMgUFJPVEVDVOODrOODs+OCuu+8iOmrmOmAj+mBjueOh+ODu+S9juWPjeWwhOeOh+ODnuODq+ODgeOCs+ODvOODiOODrOODs+OCuu+8ieOAjTxicj48YnI+4pag54m55q6K5aSa5bGk6Iac44Kz44O844OG44Kj44Oz44Kw44Gu44G/5pa944GXVVbjgrPjg7zjg4jjgZXjgozjgabjgYTjgarjgYTjgr/jgqTjg5fjgafjgZnjgII8YnI+PGJyPuKWoOOAjOODl+ODqeODjeODg+ODiFXjgI3jga/jg4fjgrbjgqTjg7PmgKfjgavlhKrjgozjgZ/jg5/jg6njg7zjg6zjgrnjgqvjg6Hjg6njgavjgIHjg6zjg7PjgrrjgpLkv53orbfjgZfjgarjgYzjgonjgqvjg6Hjg6njga7jgqLjgq/jgrvjgrXjg6rjg7zjgavjgarjgovmp5jjgarjg4fjgrbjgqTjg7PjgpLmlr3jgZfjgb7jgZfjgZ/jgII8YnI+PGJyPuKWoOODrOODs+OCuuOBr+OAgemrmOeyvuW6puOBrueglOejqOOBq+OCiOOCiualtemZkOOBvuOBp+alteOCgeOBn+ino+WDj+W6puOCkuWun+ePvuOBl+OAgTXoibLjga7jgqvjg6njg7zjg5Djg6rjgqjjg7zjgrfjg6fjg7PjgaflgIvmgKfjgYzphrjjgZfjgaDjgZvjgb7jgZnjgII8YnI+PGJyPjwvZm9udD48L3RkPjwvdHI+PC90YWJsZT48c3R5bGUgdHlwZT0idGV4dC9jc3MiPgo8IS0tCi5yYWt1dGVuLWNhbXAgewoJd2lkdGg6IDcyNXB4OwoJYm9yZGVyOiAycHggc29saWQgIzMzOTlGRjsKCXBhZGRpbmctdG9wOiA1cHg7CgktbW96LWJvcmRlci1yYWRpdXM6NHB4OyAvKkZpcmVmb3gqLwoJLXdlYmtpdC1ib3JkZXItcmFkaXVzOiA0cHg7IC8qU2FmYXJpLENocm9tZSovCglib3JkZXItcmFkaXVzOjRweDsgLypPcGVyYSxDaHJvbWUqLwoJbWFyZ2luOjAgMTBweCAxMHB4IDA7Cn0KCi8qIOS+oeagvOOBq+aeoOe3muOBjOOBpOOBjyAqLwp0YWJsZSNyYWt1dGVuTGltaXRlZElkX2NhcnQgewogICAgYmFja2dyb3VuZC1jb2xvcjogI2Y4ZjhmODsKICAgIGJvcmRlcjogMXB4IHNvbGlkICNkZGQ7CiAgICBwYWRkaW5nOiA4cHg7CiAgICBtYXJnaW46IDE2cHggMDsKfQoKc3Bhbi5wcmljZTEgewogICAgY29sb3I6ICMzMzMgIWltcG9ydGFudDsKICAgIGZvbnQtd2VpZ2h0OiBib2xkOwogICAgZm9udC1zaXplOiA4MCUgIWltcG9ydGFudDsKICAgIGxpbmUtaGVpZ2h0OiAzMHB4OwogICAgZGlzcGxheTogaW5saW5lLWJsb2NrOwogICAgbWFyZ2luLXJpZ2h0OiAxNnB4Owp9CgotLT4KPC9zdHlsZT4KCjwhLS3jg5Djg4rjg7zjgqjjg6rjgqItLT4KCjwhLS3jgJDmtojjgZnjgarvvIHjgJHimIXimIXimIUgaGVpZ2h0PSIzODAiIOOBp+ioreWumuOBl+OBpuOBj+OBoOOBleOBhOOAguKYheKYheKYhS0tPgo8IS0t44OQ44OK44O844Ko44Oq44Ki44GT44GT44G+44GnLS0+Cgo8IS0t5qW95aSp44Kt44Oj44Oz44Oa44O844OzLS0+Cgo8aDIgc3R5bGU9Im1hcmdpbjoyMHB4IDAgMTBweCAwOyI+PGltZyBzcmM9Imh0dHA6Ly93d3cucmFrdXRlbi5uZS5qcC9nb2xkL2FraWJhbWFjL2ZyYW1lL2ltYWdlcy9yYWt1dGVuX3RpdGxlMi5naWYiIGFsdD0i5qW95aSp5biC5aC044Gu44GK5b6X44Gq44Kt44Oj44Oz44Oa44O844OzIiB3aWR0aD0iNzMwIiBoZWlnaHQ9IjQyIiBib3JkZXI9IjAiPjwvaDI+CjxkaXYgY2xhc3M9InJha3V0ZW4tY2FtcCIgc3R5bGU9Im1hcmdpbjowIDAgMCAwOyI+CgoKPCEtLealveWkqeOCreODo+ODs+ODmuODvOODs0DjgZPjgZPjgb7jgactLT4=,44OG44Kj44O844K544OI44Of44Op44O844Os44K555So44Os44Oz44K644OV44Kj44Or44K/44O8IOOAjOODl+ODqeODjeODg+ODiFXjgI0gTUMtUFJPVEVDVO+8iDUybW3vvI/jg6zjg4Pjg4nvvInvvJrjgr3jg5Xjg57jg4Pjg5fjgIDjg4fjgrjjgr/jg6vjgrPjg6zjgq/jgrfjg6fjg7M=,44K944OV44Oe44OD44OXIOODh+OCuOOCv+ODq+OCs+ODrOOCr+OCt+ODp+ODs1NvZm1hcCBEaWdpdGFsIENvbGxlY3Rpb27jg5Hjgr3jgrPjg7Pjgr/jg5bjg6zjg4Pjg4hQQ0hEROOCouOCu+ODs+ODluODquODkeODvOODhOODkeOCveOCs+ODs+ODkeODvOODhOODhuODrOODk+OCsuODvOODoOODluODq+ODvOODrOOCpOOCveODleODiERWROOCveODleODiOa2suaZtuODhuODrOODk+ODluODq+ODvOODrOOCpOODh+OCo+OCueOCr+ODrOOCs+ODvOODgOODvOODh+OCuOOCv+ODq+S4gOecvOODrOODleOCq+ODoeODqeODh+OCuOOCv+ODq+OCq+ODoeODqeWutumbu+aZguioiOS4reWPpOOAgOOCveODleODiOOCouOCpuODiOODrOODg+ODiOS4reWPpOODjuODvOODiOODkeOCveOCs+ODs+S4reWPpOODkeOCveOCs+ODs+ODhuOCo+ODvOOCueODiOODn+ODqeODvOODrOOCueeUqOODrOODs+OCuuODleOCo+ODq+OCv+ODvCDjgIzjg5fjg6njg43jg4Pjg4hV44CNIE1DLVBST1RFQ1TvvIg1Mm1t77yP44Os44OD44OJ77yJ,44OG44Kj44O844K544OI44Of44Op44O844Os44K555So44Os44Oz44K644OV44Kj44Or44K/44O8IOOAjOODl+ODqeODjeODg+ODiFXjgI0gTUMtUFJPVEVDVO+8iDUybW3vvI/jg6zjg4Pjg4nvvIk=[rn]
5-81344,aHR0cDovL3RzaG9wLnIxMHMuanAvYWtpYmFtYWMvY2FiaW5ldC8wNDIyOTU1Ny80OTc3MTg3NDQwNTE1LmpwZz9maXRpbj03MDA6NzAw,MTI5Ni4wMDAw,,VFbjg7vjgqrjg7zjg4fjgqPjgqrjg7vjgqvjg6Hjg6kgPiDjgqLjgq/jgrvjgrXjg6rjg7zjg7vpg6jlk4EgPiDjgqvjg6Hjg6njg7vjg5Pjg4fjgqrjgqvjg6Hjg6njg7vlhYnlrabmqZ/lmajnlKjjgqLjgq/jgrvjgrXjg6rjg7wgPiDkuqTmj5vjg6zjg7PjgrrnlKjjgqLjgq/jgrvjgrXjg6rjg7wgPiDjg6zjg7Pjgrrjg5XjgqPjg6vjgr/jg7w=,44OP44Kv44OQ5YaZ55yf55Sj5qWtNjJtbSBYQy1QUk/jgqjjgq/jgrnjg4jjg6rjg7zjg6Djg6zjg7Pjgrrjgqzjg7zjg4k=,,PHRhYmxlIGJvcmRlcj0iMCIgY2VsbHBhZGRpbmc9IjAiIGNlbGxzcGFjaW5nPSIwIiB3aWR0aD0iNzEwIiBzdHlsZT0ibGluZS1oZWlnaHQ6MTQwJTsiPjx0cj48dGQ+PGZvbnQgc2l6ZT0iMiI+44Ko44Kv44K544OI44Oq44O844Og44Kz44O844OG44Kj44Oz44Kw44KS5o6h55So44GX44CBMC4z77yF44Go44GE44GG6LaF5L2O5Y+N5bCE546H44Go5pKl5rC044O76Ziy5rGa5qmf6IO944KS5YW844Gt5YKZ44GI44CB6YGO6YW344Gq55Kw5aKD5LiL44Gn44KC5qW144KB44Gm6auY44GE5YWJ5a2m5oCn6IO944KS55m65o+u44GZ44KL6auY5oCn6IO944Os44Oz44K644Ks44O844OJ44Gn44GZ44CCPGJyPjxicj48L2ZvbnQ+PC90ZD48L3RyPjwvdGFibGU+PHN0eWxlIHR5cGU9InRleHQvY3NzIj4KPCEtLQoucmFrdXRlbi1jYW1wIHsKCXdpZHRoOiA3MjVweDsKCWJvcmRlcjogMnB4IHNvbGlkICMzMzk5RkY7CglwYWRkaW5nLXRvcDogNXB4OwoJLW1vei1ib3JkZXItcmFkaXVzOjRweDsgLypGaXJlZm94Ki8KCS13ZWJraXQtYm9yZGVyLXJhZGl1czogNHB4OyAvKlNhZmFyaSxDaHJvbWUqLwoJYm9yZGVyLXJhZGl1czo0cHg7IC8qT3BlcmEsQ2hyb21lKi8KCW1hcmdpbjowIDEwcHggMTBweCAwOwp9CgovKiDkvqHmoLzjgavmnqDnt5rjgYzjgaTjgY8gKi8KdGFibGUjcmFrdXRlbkxpbWl0ZWRJZF9jYXJ0IHsKICAgIGJhY2tncm91bmQtY29sb3I6ICNmOGY4Zjg7CiAgICBib3JkZXI6IDFweCBzb2xpZCAjZGRkOwogICAgcGFkZGluZzogOHB4OwogICAgbWFyZ2luOiAxNnB4IDA7Cn0KCnNwYW4ucHJpY2UxIHsKICAgIGNvbG9yOiAjMzMzICFpbXBvcnRhbnQ7CiAgICBmb250LXdlaWdodDogYm9sZDsKICAgIGZvbnQtc2l6ZTogODAlICFpbXBvcnRhbnQ7CiAgICBsaW5lLWhlaWdodDogMzBweDsKICAgIGRpc3BsYXk6IGlubGluZS1ibG9jazsKICAgIG1hcmdpbi1yaWdodDogMTZweDsKfQoKLS0+Cjwvc3R5bGU+Cgo8IS0t44OQ44OK44O844Ko44Oq44KiLS0+Cgo8IS0t44CQ5raI44GZ44Gq77yB44CR4piF4piF4piFIGhlaWdodD0iMzgwIiDjgafoqK3lrprjgZfjgabjgY/jgaDjgZXjgYTjgILimIXimIXimIUtLT4KPCEtLeODkOODiuODvOOCqOODquOCouOBk+OBk+OBvuOBpy0tPgoKPCEtLealveWkqeOCreODo+ODs+ODmuODvOODsy0tPgoKPGgyIHN0eWxlPSJtYXJnaW46MjBweCAwIDEwcHggMDsiPjxpbWcgc3JjPSJodHRwOi8vd3d3LnJha3V0ZW4ubmUuanAvZ29sZC9ha2liYW1hYy9mcmFtZS9pbWFnZXMvcmFrdXRlbl90aXRsZTIuZ2lmIiBhbHQ9IualveWkqeW4guWgtOOBruOBiuW+l+OBquOCreODo+ODs+ODmuODvOODsyIgd2lkdGg9IjczMCIgaGVpZ2h0PSI0MiIgYm9yZGVyPSIwIj48L2gyPgo8ZGl2IGNsYXNzPSJyYWt1dGVuLWNhbXAiIHN0eWxlPSJtYXJnaW46MCAwIDAgMDsiPgoKCjwhLS3mpb3lpKnjgq3jg6Pjg7Pjg5rjg7zjg7NA44GT44GT44G+44GnLS0+,44OP44Kv44OQ5YaZ55yf55Sj5qWtNjJtbSBYQy1QUk/jgqjjgq/jgrnjg4jjg6rjg7zjg6Djg6zjg7Pjgrrjgqzjg7zjg4nvvJrjgr3jg5Xjg57jg4Pjg5fjgIDjg4fjgrjjgr/jg6vjgrPjg6zjgq/jgrfjg6fjg7M=,44K944OV44Oe44OD44OXIOODh+OCuOOCv+ODq+OCs+ODrOOCr+OCt+ODp+ODs1NvZm1hcCBEaWdpdGFsIENvbGxlY3Rpb27jg5Hjgr3jgrPjg7Pjgr/jg5bjg6zjg4Pjg4hQQ0hEROOCouOCu+ODs+ODluODquODkeODvOODhOODkeOCveOCs+ODs+ODkeODvOODhOODhuODrOODk+OCsuODvOODoOODluODq+ODvOODrOOCpOOCveODleODiERWROOCveODleODiOa2suaZtuODhuODrOODk+ODluODq+ODvOODrOOCpOODh+OCo+OCueOCr+ODrOOCs+ODvOODgOODvOODh+OCuOOCv+ODq+S4gOecvOODrOODleOCq+ODoeODqeODh+OCuOOCv+ODq+OCq+ODoeODqeWutumbu+aZguioiOS4reWPpOOAgOOCveODleODiOOCouOCpuODiOODrOODg+ODiOS4reWPpOODjuODvOODiOODkeOCveOCs+ODs+S4reWPpOODkeOCveOCs+ODs+ODj+OCr+ODkOWGmeecn+eUo+alrTYybW0gWEMtUFJP44Ko44Kv44K544OI44Oq44O844Og44Os44Oz44K644Ks44O844OJ,44OP44Kv44OQ5YaZ55yf55Sj5qWtNjJtbSBYQy1QUk/jgqjjgq/jgrnjg4jjg6rjg7zjg6Djg6zjg7Pjgrrjgqzjg7zjg4k=[rn]
5-81345,aHR0cDovL3RzaG9wLnIxMHMuanAvemVyb3BvcnRqYXBhbi9jYWJpbmV0LzAzMTAyMzk1LzAzMTAzODg4L2ltZ3JjMDA2NTEyNjI1Mi5qcGc/Zml0aW49NzAwOjcwMA==,MTEwNC4wMDAw,,VFbjg7vjgqrjg7zjg4fjgqPjgqrjg7vjgqvjg6Hjg6kgPiDjgqLjgq/jgrvjgrXjg6rjg7zjg7vpg6jlk4EgPiDjgqvjg6Hjg6njg7vjg5Pjg4fjgqrjgqvjg6Hjg6njg7vlhYnlrabmqZ/lmajnlKjjgqLjgq/jgrvjgrXjg6rjg7wgPiDkuqTmj5vjg6zjg7PjgrrnlKjjgqLjgq/jgrvjgrXjg6rjg7wgPiDjg6zjg7Pjgrrjg5XjgqPjg6vjgr/jg7w=,44CQ44OJ44Os44K544Ki44OD44OX44OV44Kj44Or44K/44O844CR44Os44Oz44K65L+d6K2355So44Oe44Or44OB44Kz44O844OITUMtVVbjg5XjgqPjg6vjgr/jg7w1OG1t44COUkVE44CP,44CQ44Oh44O844Or5L6/5a6a5Z6L5aSW6YO15L6/44Gu5aC05ZCI6YCB5paZ54Sh5paZ44CR,PGZvbnQgY29sb3I9InJlZCIgc2l6ZT0iNiI+6LWk5p6g44OV44Kj44Or44K/44O844Gn44GC44Gq44Gf44Gu44Kr44Oh44Op44O744Os44Oz44K644KS44OJ44Os44K544Ki44OD44OX77yBPC9mb250Pjxicj4KPGJyPjxicj7jg6zjg7Pjgrrkv53orbfjg5XjgqPjg6vjgr/jg7wgTUMgVVYgNTjvvY3vvY3jgafjgZnjgII8YnI+PGJyPgrjg5Xjg6zjg7zjg6DmnqDjgYxDT09M44Gq44Os44OD44OJ44Op44Kk44OzCuOBiuaJi+aMgeOBoeOBruODrOODs+OCuuOBjOW8leOBjeeri+OBoeOBvuOBmeOAgjxicj48YnI+CuOBl+OBi+OCguOAgeODnuODq+ODgeOCs+ODvOODiOS7leanmOOBrumrmOmAj+mBjueOh01DLVVW44OV44Kj44Or44K/44O844Gn44GZ44CCPGJyPjxicj4K57Sr5aSW57ea44KS44Kr44OD44OI44GX44Gm6Ieq54S244Gq6Imy6Kq/44Gn5YaZ55yf44GM5pKu44KM44G+44GZ44CCPGJyPgrlsYvlpJbjgafjga7mkq7lvbHjgavjga/lv4XpnIDlk4HjgII8YnI+CuWxi+WGheOChOWknOmWk+ODu+mbu+eBr+S4i+OBp+OBruaSruW9seOBp+OCguOAgeiJsuiqv+OBq+WFqOOBj+W9semfv+OBguOCiuOBvuOBm+OCk+OAgjxicj4K44Kr44Oh44Op44Os44Oz44K644Gv5YK344Gk44GN44KE44GZ44GE54mp44Gn44GZ44CCPGJyPgrjgb7jgZ/msZrjgozjgabmi63jgY/jgZ/jgbPjgavjgrPjg7zjg4bjgqPjg7PjgrDjgYzoloTjgY/jgarjgorliaXjgZLjgabjgZfjgb7jgYbkuovjgoLjgYLjgovjga7jgafjg6zjg7Pjgrrkv53orbfjgajjgZfjgabkvb/jgYbjgZPjgajjgpLjgYrli6fjgoHjgZfjgb7jgZnjgII=,44CQ44OJ44Os44K544Ki44OD44OX44OV44Kj44Or44K/44O844CR44Os44Oz44K65L+d6K2355So44Oe44Or44OB44Kz44O844OITUMtVVbjg5XjgqPjg6vjgr/jg7w1OG1t44COUkVE44CP77ya44K844Ot44Od44O844OI44K444Oj44OR44Oz,44CQ44OJ44Os44K544Ki44OD44OX44OV44Kj44Or44K/44O844CR44Os44Oz44K65L+d6K2355So44Oe44Or44OB44Kz44O844OITUMtVVbjg5XjgqPjg6vjgr/jg7w1OG1t44COUkVE44CP,44CQ44Oh44O844Or5L6/5a6a5Z6L5aSW6YO15L6/44Gu5aC05ZCI6YCB5paZ54Sh5paZ44CR44CC44CQ44OJ44Os44K544Ki44OD44OX44OV44Kj44Or44K/44O844CR44Os44Oz44K65L+d6K2355So44Oe44Or44OB44Kz44O844OITUMtVVbjg5XjgqPjg6vjgr/jg7w1OG1t44COUkVE44CP[rn]
5-81346,aHR0cDovL3RzaG9wLnIxMHMuanAvemVyb3BvcnRqYXBhbi9jYWJpbmV0LzAzMTAyMzk1LzAzMTAzODg4L2ltZ3JjMDA2NTEyNjI1NC5qcGc/Zml0aW49NzAwOjcwMA==,MTE4NC4wMDAw,,VFbjg7vjgqrjg7zjg4fjgqPjgqrjg7vjgqvjg6Hjg6kgPiDjgqLjgq/jgrvjgrXjg6rjg7zjg7vpg6jlk4EgPiDjgqvjg6Hjg6njg7vjg5Pjg4fjgqrjgqvjg6Hjg6njg7vlhYnlrabmqZ/lmajnlKjjgqLjgq/jgrvjgrXjg6rjg7wgPiDkuqTmj5vjg6zjg7PjgrrnlKjjgqLjgq/jgrvjgrXjg6rjg7wgPiDjg6zjg7Pjgrrjg5XjgqPjg6vjgr/jg7w=,44CQ44OJ44Os44K544Ki44OD44OX44OV44Kj44Or44K/44O844CR44Os44Oz44K65L+d6K2355So44Oe44Or44OB44Kz44O844OITUMtVVbjg5XjgqPjg6vjgr/jg7w2N21t44COUkVE44CP,44CQ44Oh44O844Or5L6/5a6a5Z6L5aSW6YO15L6/44Gu5aC05ZCI6YCB5paZ54Sh5paZ44CR,PGZvbnQgY29sb3I9InJlZCIgc2l6ZT0iNiI+6LWk5p6g44OV44Kj44Or44K/44O844Gn44GC44Gq44Gf44Gu44Kr44Oh44Op44O744Os44Oz44K644KS44OJ44Os44K544Ki44OD44OX77yBPC9mb250Pjxicj4KCue0q+Wklue3muOCkuOCq+ODg+ODiOOBl+OBpuiHqueEtuOBquiJsuiqv+OBp+WGmeecn+OBjOaSruOCjOOBvuOBmeOAgjxicj4K5bGL5aSW44Gn44Gu5pKu5b2x44Gr44Gv5b+F6ZyA5ZOB44CCPGJyPgrlsYvlhoXjgoTlpJzplpPjg7vpm7vnga/kuIvjgafjga7mkq7lvbHjgafjgoLjgIHoibLoqr/jgavlhajjgY/lvbHpn7/jgYLjgorjgb7jgZvjgpPjgII8YnI+CuOCq+ODoeODqeODrOODs+OCuuOBr+WCt+OBpOOBjeOChOOBmeOBhOeJqeOBp+OBmeOAgjxicj4K44G+44Gf5rGa44KM44Gm5out44GP44Gf44Gz44Gr44Kz44O844OG44Kj44Oz44Kw44GM6JaE44GP44Gq44KK5Yml44GS44Gm44GX44G+44GG5LqL44KC44GC44KL44Gu44Gn44Os44Oz44K65L+d6K2344Go44GX44Gm5L2/44GG44GT44Go44KS44GK5Yun44KB44GX44G+44GZ44CC,44CQ44OJ44Os44K544Ki44OD44OX44OV44Kj44Or44K/44O844CR44Os44Oz44K65L+d6K2355So44Oe44Or44OB44Kz44O844OITUMtVVbjg5XjgqPjg6vjgr/jg7w2N21t44COUkVE44CP77ya44K844Ot44Od44O844OI44K444Oj44OR44Oz,44CQ44OJ44Os44K544Ki44OD44OX44OV44Kj44Or44K/44O844CR44Os44Oz44K65L+d6K2355So44Oe44Or44OB44Kz44O844OITUMtVVbjg5XjgqPjg6vjgr/jg7w2N21t44COUkVE44CP,44CQ44Oh44O844Or5L6/5a6a5Z6L5aSW6YO15L6/44Gu5aC05ZCI6YCB5paZ54Sh5paZ44CR44CC44CQ44OJ44Os44K544Ki44OD44OX44OV44Kj44Or44K/44O844CR44Os44Oz44K65L+d6K2355So44Oe44Or44OB44Kz44O844OITUMtVVbjg5XjgqPjg6vjgr/jg7w2N21t44COUkVE44CP[rn]
5-81347,aHR0cDovL3RzaG9wLnIxMHMuanAvemVyb3BvcnRqYXBhbi9jYWJpbmV0LzAzMTAyMzk1LzAzMTAzODg4L2ltZ3JjMDA2NTEyNjI1MS5qcGc/Zml0aW49NzAwOjcwMA==,MTE4NC4wMDAw,,VFbjg7vjgqrjg7zjg4fjgqPjgqrjg7vjgqvjg6Hjg6kgPiDjgqLjgq/jgrvjgrXjg6rjg7zjg7vpg6jlk4EgPiDjgqvjg6Hjg6njg7vjg5Pjg4fjgqrjgqvjg6Hjg6njg7vlhYnlrabmqZ/lmajnlKjjgqLjgq/jgrvjgrXjg6rjg7wgPiDkuqTmj5vjg6zjg7PjgrrnlKjjgqLjgq/jgrvjgrXjg6rjg7wgPiDjg6zjg7Pjgrrjg5XjgqPjg6vjgr/jg7w=,44CQ44OJ44Os44K544Ki44OD44OX44OV44Kj44Or44K/44O844CR44Os44Oz44K65L+d6K2355So44Oe44Or44OB44Kz44O844OITUMtVVbjg5XjgqPjg6vjgr/jg7w1Mm1t44COUkVE44CP,44CQ44Oh44O844Or5L6/5a6a5Z6L5aSW6YO15L6/44Gu5aC05ZCI6YCB5paZ54Sh5paZ44CR44Os44Oz44K65L+d6K2344OV44Kj44Or44K/44O8,PGZvbnQgY29sb3I9InJlZCIgc2l6ZT0iNiI+6LWk5p6g44OV44Kj44Or44K/44O844Gn44GC44Gq44Gf44Gu44Kr44Oh44Op44O744Os44Oz44K644KS44OJ44Os44K544Ki44OD44OX77yBPC9mb250Pjxicj4KCue0q+Wklue3muOCkuOCq+ODg+ODiOOBl+OBpuiHqueEtuOBquiJsuiqv+OBp+WGmeecn+OBjOaSruOCjOOBvuOBmeOAgjxicj4K5bGL5aSW44Gn44Gu5pKu5b2x44Gr44Gv5b+F6ZyA5ZOB44CCPGJyPgrlsYvlhoXjgoTlpJzplpPjg7vpm7vnga/kuIvjgafjga7mkq7lvbHjgafjgoLjgIHoibLoqr/jgavlhajjgY/lvbHpn7/jgYLjgorjgb7jgZvjgpPjgII8YnI+CuOCq+ODoeODqeODrOODs+OCuuOBr+WCt+OBpOOBjeOChOOBmeOBhOeJqeOBp+OBmeOAgjxicj4K44G+44Gf5rGa44KM44Gm5out44GP44Gf44Gz44Gr44Kz44O844OG44Kj44Oz44Kw44GM6JaE44GP44Gq44KK5Yml44GS44Gm44GX44G+44GG5LqL44KC44GC44KL44Gu44Gn44Os44Oz44K65L+d6K2344Go44GX44Gm5L2/44GG44GT44Go44KS44GK5Yun44KB44GX44G+44GZ44CC,44CQ44OJ44Os44K544Ki44OD44OX44OV44Kj44Or44K/44O844CR44Os44Oz44K65L+d6K2355So44Oe44Or44OB44Kz44O844OITUMtVVbjg5XjgqPjg6vjgr/jg7w1Mm1t44COUkVE44CP77ya44K844Ot44Od44O844OI44K444Oj44OR44Oz,44CQ44OJ44Os44K544Ki44OD44OX44OV44Kj44Or44K/44O844CR44Os44Oz44K65L+d6K2355So44Oe44Or44OB44Kz44O844OITUMtVVbjg5XjgqPjg6vjgr/jg7w1Mm1t44COUkVE44CP,44CQ44Oh44O844Or5L6/5a6a5Z6L5aSW6YO15L6/44Gu5aC05ZCI6YCB5paZ54Sh5paZ44CR44Os44Oz44K65L+d6K2344OV44Kj44Or44K/44O844CC44CQ44OJ44Os44K544Ki44OD44OX44OV44Kj44Or44K/44O844CR44Os44Oz44K65L+d6K2355So44Oe44Or44OB44Kz44O844OITUMtVVbjg5XjgqPjg6vjgr/jg7w1Mm1t44COUkVE44CP[rn]
5-81348,aHR0cDovL3RzaG9wLnIxMHMuanAvemVyb3BvcnRqYXBhbi9jYWJpbmV0LzAzMDkyODk0LzAzMDk1ODkzLzAzMDk4ODM0L2ltZ3JjMDA2NjA2NjIyMS5qcGc/Zml0aW49NzAwOjcwMA==,MTAyNC4wMDAw,,VFbjg7vjgqrjg7zjg4fjgqPjgqrjg7vjgqvjg6Hjg6kgPiDjgqLjgq/jgrvjgrXjg6rjg7zjg7vpg6jlk4EgPiDjgqvjg6Hjg6njg7vjg5Pjg4fjgqrjgqvjg6Hjg6njg7vlhYnlrabmqZ/lmajnlKjjgqLjgq/jgrvjgrXjg6rjg7wgPiDkuqTmj5vjg6zjg7PjgrrnlKjjgqLjgq/jgrvjgrXjg6rjg7wgPiDjg6zjg7Pjgrrjg5XjgqPjg6vjgr/jg7w=,44Os44Oz44K65L+d6K2344OV44Kj44Or44K/44O8IDc3bW0g44OX44Ot44OG44Kv44K/44O8IOODrOODs+OCuuODleOCo+ODq+OCv+ODvOOAjuOCtOODvOODq+ODieODqeOCpOODs+OAj01DIFVWIE1DLVVWIOODieODrOOCueOCouODg+ODl+ODleOCo+ODq+OCv+ODvOOAkOiWhOaeoOioreioiOOAkQ==,44CQ44Oh44O844Or5L6/5a6a5Z6L5aSW6YO15L6/44Gu5aC05ZCI6YCB5paZ54Sh5paZ44CR44Os44Oz44K65L+d6K2344OV44Kj44Or44K/44O8,PGNlbnRlcj48Yj48YnI+PGJyPgrjg6zjg7Pjgrrkv53orbfjg5XjgqPjg6vjgr/jg7wg44Os44Oz44K644OV44Kj44Or44K/44O8IDc3bW3jgI7jgrTjg7zjg6vjg4njg6njgqTjg7PjgI88YnI+PGJyPgpNQyBVViBNQy1VViDjg4njg6zjgrnjgqLjg4Pjg5cg44OV44Kj44Or44K/44O844CQ6JaE5p6g6Kit6KiI44CRPGJyPjxicj48L2I+PC9jZW50ZXI+Cgo8Zm9udCBjb2xvcj0iYmx1ZSIgc2l6ZT0iNiI+44OH44K444K/44Or55So44Os44Oz44K644Gr44GK5Yun44KB44Gu6JaE5p6g6Kit6KiIPC9mb250Pjxicj4KCue0q+Wklue3muOCkuOCq+ODg+ODiOOBl+OBpuiHqueEtuOBquiJsuiqv+OBp+WGmeecn+OBjOaSruOCjOOBvuOBmeOAgjxicj4K5bGL5aSW44Gn44Gu5pKu5b2x44Gr44Gv5b+F6ZyA5ZOB44CCPGJyPgrlsYvlhoXjgoTlpJzplpPjg7vpm7vnga/kuIvjgafjga7mkq7lvbHjgafjgoLjgIHoibLoqr/jgavlhajjgY/lvbHpn7/jgYLjgorjgb7jgZvjgpPjgII8YnI+CuOCq+ODoeODqeODrOODs+OCuuOBr+WCt+OBpOOBjeOChOOBmeOBhOeJqeOBp+OBmeOAgjxicj4K44G+44Gf5rGa44KM44Gm5out44GP44Gf44Gz44Gr44Kz44O844OG44Kj44Oz44Kw44GM6JaE44GP44Gq44KK5Yml44GS44Gm44GX44G+44GG5LqL44KC44GC44KL44Gu44Gn44Os44Oz44K65L+d6K2344Go44GX44Gm5L2/44GG44GT44Go44KS44GK5Yun44KB44GX44G+44GZ44CC,44Os44Oz44K65L+d6K2344OV44Kj44Or44K/44O8IDc3bW0g44OX44Ot44OG44Kv44K/44O8IOODrOODs+OCuuODleOCo+ODq+OCv+ODvOOAjuOCtOODvOODq+ODieODqeOCpOODs+OAj01DIFVWIE1DLVVWIOODieODrOOCueOCouODg+ODl+ODleOCo+ODq+OCv+ODvOOAkOiWhOaeoOioreioiOOAke+8muOCvOODreODneODvOODiOOCuOODo+ODkeODsw==,44Os44Oz44K65L+d6K2344OV44Kj44Or44K/44O8IDc3bW0g44OX44Ot44OG44Kv44K/44O8IOODrOODs+OCuuODleOCo+ODq+OCv+ODvOOAjuOCtOODvOODq+ODieODqeOCpOODs+OAj01DIFVWIE1DLVVWIOODieODrOOCueOCouODg+ODl+ODleOCo+ODq+OCv+ODvOOAkOiWhOaeoOioreioiOOAkQ==,44CQ44Oh44O844Or5L6/5a6a5Z6L5aSW6YO15L6/44Gu5aC05ZCI6YCB5paZ54Sh5paZ44CR44Os44Oz44K65L+d6K2344OV44Kj44Or44K/44O844CC44Os44Oz44K65L+d6K2344OV44Kj44Or44K/44O8IDc3bW0g44OX44Ot44OG44Kv44K/44O8IOODrOODs+OCuuODleOCo+ODq+OCv+ODvOOAjuOCtOODvOODq+ODieODqeOCpOODs+OAj01DIFVWIE1DLVVWIOODieODrOOCueOCouODg+ODl+ODleOCo+ODq+OCv+ODvOOAkOiWhOaeoOioreioiOOAkQ==[rn]
5-81349,aHR0cDovL3RzaG9wLnIxMHMuanAvemVyb3BvcnRqYXBhbi9jYWJpbmV0LzAzMTAyMzk1LzAzMTAzODg4L2ltZ3JjMDA2NTEyNjI1My5qcGc/Zml0aW49NzAwOjcwMA==,MTEwNC4wMDAw,,VFbjg7vjgqrjg7zjg4fjgqPjgqrjg7vjgqvjg6Hjg6kgPiDjgqLjgq/jgrvjgrXjg6rjg7zjg7vpg6jlk4EgPiDjgqvjg6Hjg6njg7vjg5Pjg4fjgqrjgqvjg6Hjg6njg7vlhYnlrabmqZ/lmajnlKjjgqLjgq/jgrvjgrXjg6rjg7wgPiDkuqTmj5vjg6zjg7PjgrrnlKjjgqLjgq/jgrvjgrXjg6rjg7wgPiDjg6zjg7Pjgrrjg5XjgqPjg6vjgr/jg7w=,44CQ44OJ44Os44K544Ki44OD44OX44OV44Kj44Or44K/44O844CR44Os44Oz44K65L+d6K2355So44Oe44Or44OB44Kz44O844OITUMtVVbjg5XjgqPjg6vjgr/jg7w2Mm1t44COUkVE44CP,44CQ44Oh44O844Or5L6/5a6a5Z6L5aSW6YO15L6/44Gu5aC05ZCI6YCB5paZ54Sh5paZ44CR,PGZvbnQgY29sb3I9InJlZCIgc2l6ZT0iNiI+6LWk5p6g44OV44Kj44Or44K/44O844Gn44GC44Gq44Gf44Gu44Kr44Oh44Op44O744Os44Oz44K644KS44OJ44Os44K544Ki44OD44OX77yBPC9mb250Pjxicj4KCue0q+Wklue3muOCkuOCq+ODg+ODiOOBl+OBpuiHqueEtuOBquiJsuiqv+OBp+WGmeecn+OBjOaSruOCjOOBvuOBmeOAgjxicj4K5bGL5aSW44Gn44Gu5pKu5b2x44Gr44Gv5b+F6ZyA5ZOB44CCPGJyPgrlsYvlhoXjgoTlpJzplpPjg7vpm7vnga/kuIvjgafjga7mkq7lvbHjgafjgoLjgIHoibLoqr/jgavlhajjgY/lvbHpn7/jgYLjgorjgb7jgZvjgpPjgII8YnI+CuOCq+ODoeODqeODrOODs+OCuuOBr+WCt+OBpOOBjeOChOOBmeOBhOeJqeOBp+OBmeOAgjxicj4K44G+44Gf5rGa44KM44Gm5out44GP44Gf44Gz44Gr44Kz44O844OG44Kj44Oz44Kw44GM6JaE44GP44Gq44KK5Yml44GS44Gm44GX44G+44GG5LqL44KC44GC44KL44Gu44Gn44Os44Oz44K65L+d6K2344Go44GX44Gm5L2/44GG44GT44Go44KS44GK5Yun44KB44GX44G+44GZ44CC,44CQ44OJ44Os44K544Ki44OD44OX44OV44Kj44Or44K/44O844CR44Os44Oz44K65L+d6K2355So44Oe44Or44OB44Kz44O844OITUMtVVbjg5XjgqPjg6vjgr/jg7w2Mm1t44COUkVE44CP77ya44K844Ot44Od44O844OI44K444Oj44OR44Oz,44CQ44OJ44Os44K544Ki44OD44OX44OV44Kj44Or44K/44O844CR44Os44Oz44K65L+d6K2355So44Oe44Or44OB44Kz44O844OITUMtVVbjg5XjgqPjg6vjgr/jg7w2Mm1t44COUkVE44CP,44CQ44Oh44O844Or5L6/5a6a5Z6L5aSW6YO15L6/44Gu5aC05ZCI6YCB5paZ54Sh5paZ44CR44CC44CQ44OJ44Os44K544Ki44OD44OX44OV44Kj44Or44K/44O844CR44Os44Oz44K65L+d6K2355So44Oe44Or44OB44Kz44O844OITUMtVVbjg5XjgqPjg6vjgr/jg7w2Mm1t44COUkVE44CP[rn]
5-81350,aHR0cDovL3RzaG9wLnIxMHMuanAvemVyb3BvcnRqYXBhbi9jYWJpbmV0LzAzMTAyMzk1LzAzMTAzODg4L2ltZ3JjMDA2NTEyNjI1NS5qcGc/Zml0aW49NzAwOjcwMA==,MTEwNC4wMDAw,,VFbjg7vjgqrjg7zjg4fjgqPjgqrjg7vjgqvjg6Hjg6kgPiDjgqLjgq/jgrvjgrXjg6rjg7zjg7vpg6jlk4EgPiDjgqvjg6Hjg6njg7vjg5Pjg4fjgqrjgqvjg6Hjg6njg7vlhYnlrabmqZ/lmajnlKjjgqLjgq/jgrvjgrXjg6rjg7wgPiDkuqTmj5vjg6zjg7PjgrrnlKjjgqLjgq/jgrvjgrXjg6rjg7wgPiDjg6zjg7Pjgrrjg5XjgqPjg6vjgr/jg7w=,44CQ44OJ44Os44K544Ki44OD44OX44OV44Kj44Or44K/44O844CR44Os44Oz44K65L+d6K2355So44Oe44Or44OB44Kz44O844OITUMtVVbjg5XjgqPjg6vjgr/jg7w3Mm1t44COUkVE44CP,44CQ44Oh44O844Or5L6/5a6a5Z6L5aSW6YO15L6/44Gu5aC05ZCI6YCB5paZ54Sh5paZ44CR44Os44Oz44K65L+d6K2355So44OV44Kj44Or44K/44O8,PGZvbnQgY29sb3I9InJlZCIgc2l6ZT0iNiI+6LWk5p6g44OV44Kj44Or44K/44O844Gn44GC44Gq44Gf44Gu44Kr44Oh44Op44O744Os44Oz44K644KS44OJ44Os44K544Ki44OD44OX77yBPC9mb250Pjxicj4KCue0q+Wklue3muOCkuOCq+ODg+ODiOOBl+OBpuiHqueEtuOBquiJsuiqv+OBp+WGmeecn+OBjOaSruOCjOOBvuOBmeOAgjxicj4K5bGL5aSW44Gn44Gu5pKu5b2x44Gr44Gv5b+F6ZyA5ZOB44CCPGJyPgrlsYvlhoXjgoTlpJzplpPjg7vpm7vnga/kuIvjgafjga7mkq7lvbHjgafjgoLjgIHoibLoqr/jgavlhajjgY/lvbHpn7/jgYLjgorjgb7jgZvjgpPjgII8YnI+CuOCq+ODoeODqeODrOODs+OCuuOBr+WCt+OBpOOBjeOChOOBmeOBhOeJqeOBp+OBmeOAgjxicj4K44G+44Gf5rGa44KM44Gm5out44GP44Gf44Gz44Gr44Kz44O844OG44Kj44Oz44Kw44GM6JaE44GP44Gq44KK5Yml44GS44Gm44GX44G+44GG5LqL44KC44GC44KL44Gu44Gn44Os44Oz44K65L+d6K2344Go44GX44Gm5L2/44GG44GT44Go44KS44GK5Yun44KB44GX44G+44GZ44CC,44CQ44OJ44Os44K544Ki44OD44OX44OV44Kj44Or44K/44O844CR44Os44Oz44K65L+d6K2355So44Oe44Or44OB44Kz44O844OITUMtVVbjg5XjgqPjg6vjgr/jg7w3Mm1t44COUkVE44CP77ya44K844Ot44Od44O844OI44K444Oj44OR44Oz,44CQ44OJ44Os44K544Ki44OD44OX44OV44Kj44Or44K/44O844CR44Os44Oz44K65L+d6K2355So44Oe44Or44OB44Kz44O844OITUMtVVbjg5XjgqPjg6vjgr/jg7w3Mm1t44COUkVE44CP,44CQ44Oh44O844Or5L6/5a6a5Z6L5aSW6YO15L6/44Gu5aC05ZCI6YCB5paZ54Sh5paZ44CR44Os44Oz44K65L+d6K2355So44OV44Kj44Or44K/44O844CC44CQ44OJ44Os44K544Ki44OD44OX44OV44Kj44Or44K/44O844CR44Os44Oz44K65L+d6K2355So44Oe44Or44OB44Kz44O844OITUMtVVbjg5XjgqPjg6vjgr/jg7w3Mm1t44COUkVE44CP[rn]
5-81351,aHR0cDovL3RzaG9wLnIxMHMuanAvemVyb3BvcnRqYXBhbi9jYWJpbmV0LzAzMTAyMzk1LzAzMTAzODg4L2ltZ3JjMDA2NTEyNjI1Ni5qcGc/Zml0aW49NzAwOjcwMA==,MTE4NC4wMDAw,,VFbjg7vjgqrjg7zjg4fjgqPjgqrjg7vjgqvjg6Hjg6kgPiDjgqLjgq/jgrvjgrXjg6rjg7zjg7vpg6jlk4EgPiDjgqvjg6Hjg6njg7vjg5Pjg4fjgqrjgqvjg6Hjg6njg7vlhYnlrabmqZ/lmajnlKjjgqLjgq/jgrvjgrXjg6rjg7wgPiDkuqTmj5vjg6zjg7PjgrrnlKjjgqLjgq/jgrvjgrXjg6rjg7wgPiDjg6zjg7Pjgrrjg5XjgqPjg6vjgr/jg7w=,44CQ44OJ44Os44K544Ki44OD44OX44OV44Kj44Or44K/44O844CR44Os44Oz44K65L+d6K2355So44Oe44Or44OB44Kz44O844OITUMtVVbjg5XjgqPjg6vjgr/jg7w3N21t44COUkVE44CP,44CQ44Oh44O844Or5L6/5a6a5Z6L5aSW6YO15L6/44Gu5aC05ZCI6YCB5paZ54Sh5paZ44CR44Os44Oz44K65L+d6K2344OV44Kj44Or44K/44O8,PGZvbnQgY29sb3I9InJlZCIgc2l6ZT0iNiI+6LWk5p6g44OV44Kj44Or44K/44O844Gn44GC44Gq44Gf44Gu44Kr44Oh44Op44O744Os44Oz44K644KS44OJ44Os44K544Ki44OD44OX77yBPC9mb250Pjxicj4KCue0q+Wklue3muOCkuOCq+ODg+ODiOOBl+OBpuiHqueEtuOBquiJsuiqv+OBp+WGmeecn+OBjOaSruOCjOOBvuOBmeOAgjxicj4K5bGL5aSW44Gn44Gu5pKu5b2x44Gr44Gv5b+F6ZyA5ZOB44CCPGJyPgrlsYvlhoXjgoTlpJzplpPjg7vpm7vnga/kuIvjgafjga7mkq7lvbHjgafjgoLjgIHoibLoqr/jgavlhajjgY/lvbHpn7/jgYLjgorjgb7jgZvjgpPjgII8YnI+CuOCq+ODoeODqeODrOODs+OCuuOBr+WCt+OBpOOBjeOChOOBmeOBhOeJqeOBp+OBmeOAgjxicj4K44G+44Gf5rGa44KM44Gm5out44GP44Gf44Gz44Gr44Kz44O844OG44Kj44Oz44Kw44GM6JaE44GP44Gq44KK5Yml44GS44Gm44GX44G+44GG5LqL44KC44GC44KL44Gu44Gn44Os44Oz44K65L+d6K2344Go44GX44Gm5L2/44GG44GT44Go44KS44GK5Yun44KB44GX44G+44GZ44CC,44CQ44OJ44Os44K544Ki44OD44OX44OV44Kj44Or44K/44O844CR44Os44Oz44K65L+d6K2355So44Oe44Or44OB44Kz44O844OITUMtVVbjg5XjgqPjg6vjgr/jg7w3N21t44COUkVE44CP77ya44K844Ot44Od44O844OI44K444Oj44OR44Oz,44CQ44OJ44Os44K544Ki44OD44OX44OV44Kj44Or44K/44O844CR44Os44Oz44K65L+d6K2355So44Oe44Or44OB44Kz44O844OITUMtVVbjg5XjgqPjg6vjgr/jg7w3N21t44COUkVE44CP,44CQ44Oh44O844Or5L6/5a6a5Z6L5aSW6YO15L6/44Gu5aC05ZCI6YCB5paZ54Sh5paZ44CR44Os44Oz44K65L+d6K2344OV44Kj44Or44K/44O844CC44CQ44OJ44Os44K544Ki44OD44OX44OV44Kj44Or44K/44O844CR44Os44Oz44K65L+d6K2355So44Oe44Or44OB44Kz44O844OITUMtVVbjg5XjgqPjg6vjgr/jg7w3N21t44COUkVE44CP[rn]
5-81352,aHR0cDovL3RzaG9wLnIxMHMuanAvemVyb3BvcnRqYXBhbi9jYWJpbmV0LzAzMTAyMzk1LzAzMTAzODg4L2ltZ3JjMDA2NTEyNjI2OC5qcGc/Zml0aW49NzAwOjcwMA==,MTAyNC4wMDAw,,VFbjg7vjgqrjg7zjg4fjgqPjgqrjg7vjgqvjg6Hjg6kgPiDjgqLjgq/jgrvjgrXjg6rjg7zjg7vpg6jlk4EgPiDjgqvjg6Hjg6njg7vjg5Pjg4fjgqrjgqvjg6Hjg6njg7vlhYnlrabmqZ/lmajnlKjjgqLjgq/jgrvjgrXjg6rjg7wgPiDkuqTmj5vjg6zjg7PjgrrnlKjjgqLjgq/jgrvjgrXjg6rjg7wgPiDjg6zjg7Pjgrrjg5XjgqPjg6vjgr/jg7w=,44CQ44OJ44Os44K544Ki44OD44OX44OV44Kj44Or44K/44O844CR44Os44Oz44K65L+d6K2355So44Oe44Or44OB44Kz44O844OITUMtVVbjg5XjgqPjg6vjgr/jg7w1NW1t44COUkVE44CP,44CQ44Oh44O844Or5L6/5a6a5Z6L5aSW6YO15L6/44Gu5aC05ZCI6YCB5paZ54Sh5paZ44CR44Os44Oz44K65L+d6K2355So44OV44Kj44Or44K/44O8,PGZvbnQgY29sb3I9InJlZCIgc2l6ZT0iNiI+6LWk5p6g44OV44Kj44Or44K/44O844Gn44GC44Gq44Gf44Gu44Kr44Oh44Op44O744Os44Oz44K644KS44OJ44Os44K544Ki44OD44OX77yBPC9mb250Pjxicj4KCue0q+Wklue3muOCkuOCq+ODg+ODiOOBl+OBpuiHqueEtuOBquiJsuiqv+OBp+WGmeecn+OBjOaSruOCjOOBvuOBmeOAgjxicj4K5bGL5aSW44Gn44Gu5pKu5b2x44Gr44Gv5b+F6ZyA5ZOB44CCPGJyPgrlsYvlhoXjgoTlpJzplpPjg7vpm7vnga/kuIvjgafjga7mkq7lvbHjgafjgoLjgIHoibLoqr/jgavlhajjgY/lvbHpn7/jgYLjgorjgb7jgZvjgpPjgII8YnI+CuOCq+ODoeODqeODrOODs+OCuuOBr+WCt+OBpOOBjeOChOOBmeOBhOeJqeOBp+OBmeOAgjxicj4K44G+44Gf5rGa44KM44Gm5out44GP44Gf44Gz44Gr44Kz44O844OG44Kj44Oz44Kw44GM6JaE44GP44Gq44KK5Yml44GS44Gm44GX44G+44GG5LqL44KC44GC44KL44Gu44Gn44Os44Oz44K65L+d6K2344Go44GX44Gm5L2/44GG44GT44Go44KS44GK5Yun44KB44GX44G+44GZ44CC,44CQ44OJ44Os44K544Ki44OD44OX44OV44Kj44Or44K/44O844CR44Os44Oz44K65L+d6K2355So44Oe44Or44OB44Kz44O844OITUMtVVbjg5XjgqPjg6vjgr/jg7w1NW1t44COUkVE44CP77ya44K844Ot44Od44O844OI44K444Oj44OR44Oz,44CQ44OJ44Os44K544Ki44OD44OX44OV44Kj44Or44K/44O844CR44Os44Oz44K65L+d6K2355So44Oe44Or44OB44Kz44O844OITUMtVVbjg5XjgqPjg6vjgr/jg7w1NW1t44COUkVE44CP,44CQ44Oh44O844Or5L6/5a6a5Z6L5aSW6YO15L6/44Gu5aC05ZCI6YCB5paZ54Sh5paZ44CR44Os44Oz44K65L+d6K2355So44OV44Kj44Or44K/44O844CC44CQ44OJ44Os44K544Ki44OD44OX44OV44Kj44Or44K/44O844CR44Os44Oz44K65L+d6K2355So44Oe44Or44OB44Kz44O844OITUMtVVbjg5XjgqPjg6vjgr/jg7w1NW1t44COUkVE44CP[rn]
5-81353,aHR0cDovL3RzaG9wLnIxMHMuanAvemVyb3BvcnRqYXBhbi9jYWJpbmV0LzAzMDkyODk0LzAzMDkzMzg5LzA0NjU5MTIxL2ltZ3JjMDA2NTk1NzMzMy5qcGc/Zml0aW49NzAwOjcwMA==,MTE4NC4wMDAw,,VFbjg7vjgqrjg7zjg4fjgqPjgqrjg7vjgqvjg6Hjg6kgPiDjgqLjgq/jgrvjgrXjg6rjg7zjg7vpg6jlk4EgPiDjgqvjg6Hjg6njg7vjg5Pjg4fjgqrjgqvjg6Hjg6njg7vlhYnlrabmqZ/lmajnlKjjgqLjgq/jgrvjgrXjg6rjg7wgPiDkuqTmj5vjg6zjg7PjgrrnlKjjgqLjgq/jgrvjgrXjg6rjg7wgPiDjg6zjg7Pjgrrjg5XjgqPjg6vjgr/jg7w=,44Os44Oz44K65L+d6K2344OV44Kj44Or44K/44O8IDQ5bW0g44OX44Ot44OG44Kv44K/44O8IOODrOODs+OCuuODleOCo+ODq+OCv+ODvOOAjuODluODq+ODvOOAj01DIFVWIE1DLVVWIOODieODrOOCueOCouODg+ODlyDjg5XjgqPjg6vjgr/jg7zjgJDoloTmnqDoqK3oqIjjgJE=,44CQ44Oh44O844Or5L6/5a6a5Z6L5aSW6YO15L6/44Gu5aC05ZCI6YCB5paZ54Sh5paZ44CR44Os44Oz44K65L+d6K2344OV44Kj44Or44K/44O8,PGNlbnRlcj48Yj48YnI+PGJyPgrjg6zjg7Pjgrrkv53orbfjg5XjgqPjg6vjgr/jg7wgNDltbSDjg5fjg63jg4bjgq/jgr/jg7wg44Os44Oz44K644OV44Kj44Or44K/44O844CO44OW44Or44O844CPCjxicj48YnI+Ck1DIFVWIE1DLVVWIOODieODrOOCueOCouODg+ODlyDjg5XjgqPjg6vjgr/jg7zjgJDoloTmnqDoqK3oqIjjgJE8YnI+PGJyPjwvYj48L2NlbnRlcj4KPGZvbnQgY29sb3I9InJlZCIgc2l6ZT0iNiI+6Z2S5p6g44OV44Kj44Or44K/44O844Gn44GC44Gq44Gf44Gu44Kr44Oh44Op44O744Os44Oz44K644KS44OJ44Os44K544Ki44OD44OX77yBPC9mb250Pjxicj4KCue0q+Wklue3muOCkuOCq+ODg+ODiOOBl+OBpuiHqueEtuOBquiJsuiqv+OBp+WGmeecn+OBjOaSruOCjOOBvuOBmeOAgjxicj4K5bGL5aSW44Gn44Gu5pKu5b2x44Gr44Gv5b+F6ZyA5ZOB44CCPGJyPgrlsYvlhoXjgoTlpJzplpPjg7vpm7vnga/kuIvjgafjga7mkq7lvbHjgafjgoLjgIHoibLoqr/jgavlhajjgY/lvbHpn7/jgYLjgorjgb7jgZvjgpPjgII8YnI+CuOCq+ODoeODqeODrOODs+OCuuOBr+WCt+OBpOOBjeOChOOBmeOBhOeJqeOBp+OBmeOAgjxicj4K44G+44Gf5rGa44KM44Gm5out44GP44Gf44Gz44Gr44Kz44O844OG44Kj44Oz44Kw44GM6JaE44GP44Gq44KK5Yml44GS44Gm44GX44G+44GG5LqL44KC44GC44KL44Gu44Gn44Os44Oz44K65L+d6K2344Go44GX44Gm5L2/44GG44GT44Go44KS44GK5Yun44KB44GX44G+44GZ44CC,44Os44Oz44K65L+d6K2344OV44Kj44Or44K/44O8IDQ5bW0g44OX44Ot44OG44Kv44K/44O8IOODrOODs+OCuuODleOCo+ODq+OCv+ODvOOAjuODluODq+ODvOOAj01DIFVWIE1DLVVWIOODieODrOOCueOCouODg+ODlyDjg5XjgqPjg6vjgr/jg7zjgJDoloTmnqDoqK3oqIjjgJHvvJrjgrzjg63jg53jg7zjg4jjgrjjg6Pjg5Hjg7M=,44Os44Oz44K65L+d6K2344OV44Kj44Or44K/44O8IDQ5bW0g44OX44Ot44OG44Kv44K/44O8IOODrOODs+OCuuODleOCo+ODq+OCv+ODvOOAjuODluODq+ODvOOAj01DIFVWIE1DLVVWIOODieODrOOCueOCouODg+ODlyDjg5XjgqPjg6vjgr/jg7zjgJDoloTmnqDoqK3oqIjjgJE=,44CQ44Oh44O844Or5L6/5a6a5Z6L5aSW6YO15L6/44Gu5aC05ZCI6YCB5paZ54Sh5paZ44CR44Os44Oz44K65L+d6K2344OV44Kj44Or44K/44O844CC44Os44Oz44K65L+d6K2344OV44Kj44Or44K/44O8IDQ5bW0g44OX44Ot44OG44Kv44K/44O8IOODrOODs+OCuuODleOCo+ODq+OCv+ODvOOAjuODluODq+ODvOOAj01DIFVWIE1DLVVWIOODieODrOOCueOCouODg+ODlyDjg5XjgqPjg6vjgr/jg7zjgJDoloTmnqDoqK3oqIjjgJE=[rn]
5-81354,aHR0cDovL3RzaG9wLnIxMHMuanAvemVyb3BvcnRqYXBhbi9jYWJpbmV0LzAzMDkyODk0LzAzMDk1ODkzLzAzMDk4ODM0L2ltZ3JjMDA2NjA2NjIxOS5qcGc/Zml0aW49NzAwOjcwMA==,MTAyNC4wMDAw,,VFbjg7vjgqrjg7zjg4fjgqPjgqrjg7vjgqvjg6Hjg6kgPiDjgqLjgq/jgrvjgrXjg6rjg7zjg7vpg6jlk4EgPiDjgqvjg6Hjg6njg7vjg5Pjg4fjgqrjgqvjg6Hjg6njg7vlhYnlrabmqZ/lmajnlKjjgqLjgq/jgrvjgrXjg6rjg7wgPiDkuqTmj5vjg6zjg7PjgrrnlKjjgqLjgq/jgrvjgrXjg6rjg7wgPiDjg6zjg7Pjgrrjg5XjgqPjg6vjgr/jg7w=,44Os44Oz44K65L+d6K2344OV44Kj44Or44K/44O8IDY3bW0g44OX44Ot44OG44Kv44K/44O8IOODrOODs+OCuuODleOCo+ODq+OCv+ODvOOAjuOCtOODvOODq+ODieODqeOCpOODs+OAj01DIFVWIE1DLVVWIOODieODrOOCueOCouODg+ODlyDjg5XjgqPjg6vjgr/jg7zjgJDoloTmnqDoqK3oqIjjgJE=,44CQ44Oh44O844Or5L6/5a6a5Z6L5aSW6YO15L6/44Gu5aC05ZCI6YCB5paZ54Sh5paZ44CR44Os44Oz44K65L+d6K2344OV44Kj44Or44K/44O8,PGNlbnRlcj48Yj48YnI+PGJyPgrjg6zjg7Pjgrrkv53orbfjg5XjgqPjg6vjgr/jg7wgNjdtbSDjg5fjg63jg4bjgq/jgr/jg7wg44Os44Oz44K644OV44Kj44Or44K/44O844CO44K044O844Or44OJ44Op44Kk44Oz44CPPGJyPjxicj4KTUMgVVYgTUMtVVYg44OJ44Os44K544Ki44OD44OXIOODleOCo+ODq+OCv+ODvOOAkOiWhOaeoOioreioiOOAkTxicj48YnI+PC9iPjwvY2VudGVyPgo8Zm9udCBjb2xvcj0iYmx1ZSIgc2l6ZT0iNiI+44OH44K444K/44Or55So44Os44Oz44K644Gr44GK5Yun44KB44Gu6JaE5p6g6Kit6KiIPC9mb250Pjxicj4KCue0q+Wklue3muOCkuOCq+ODg+ODiOOBl+OBpuiHqueEtuOBquiJsuiqv+OBp+WGmeecn+OBjOaSruOCjOOBvuOBmeOAgjxicj4K5bGL5aSW44Gn44Gu5pKu5b2x44Gr44Gv5b+F6ZyA5ZOB44CCPGJyPgrlsYvlhoXjgoTlpJzplpPjg7vpm7vnga/kuIvjgafjga7mkq7lvbHjgafjgoLjgIHoibLoqr/jgavlhajjgY/lvbHpn7/jgYLjgorjgb7jgZvjgpPjgII8YnI+CuOCq+ODoeODqeODrOODs+OCuuOBr+WCt+OBpOOBjeOChOOBmeOBhOeJqeOBp+OBmeOAgjxicj4K44G+44Gf5rGa44KM44Gm5out44GP44Gf44Gz44Gr44Kz44O844OG44Kj44Oz44Kw44GM6JaE44GP44Gq44KK5Yml44GS44Gm44GX44G+44GG5LqL44KC44GC44KL44Gu44Gn44Os44Oz44K65L+d6K2344Go44GX44Gm5L2/44GG44GT44Go44KS44GK5Yun44KB44GX44G+44GZ44CC,44Os44Oz44K65L+d6K2344OV44Kj44Or44K/44O8IDY3bW0g44OX44Ot44OG44Kv44K/44O8IOODrOODs+OCuuODleOCo+ODq+OCv+ODvOOAjuOCtOODvOODq+ODieODqeOCpOODs+OAj01DIFVWIE1DLVVWIOODieODrOOCueOCouODg+ODlyDjg5XjgqPjg6vjgr/jg7zjgJDoloTmnqDoqK3oqIjjgJHvvJrjgrzjg63jg53jg7zjg4jjgrjjg6Pjg5Hjg7M=,44Os44Oz44K65L+d6K2344OV44Kj44Or44K/44O8IDY3bW0g44OX44Ot44OG44Kv44K/44O8IOODrOODs+OCuuODleOCo+ODq+OCv+ODvOOAjuOCtOODvOODq+ODieODqeOCpOODs+OAj01DIFVWIE1DLVVWIOODieODrOOCueOCouODg+ODlyDjg5XjgqPjg6vjgr/jg7zjgJDoloTmnqDoqK3oqIjjgJE=,44CQ44Oh44O844Or5L6/5a6a5Z6L5aSW6YO15L6/44Gu5aC05ZCI6YCB5paZ54Sh5paZ44CR44Os44Oz44K65L+d6K2344OV44Kj44Or44K/44O844CC44Os44Oz44K65L+d6K2344OV44Kj44Or44K/44O8IDY3bW0g44OX44Ot44OG44Kv44K/44O8IOODrOODs+OCuuODleOCo+ODq+OCv+ODvOOAjuOCtOODvOODq+ODieODqeOCpOODs+OAj01DIFVWIE1DLVVWIOODieODrOOCueOCouODg+ODlyDjg5XjgqPjg6vjgr/jg7zjgJDoloTmnqDoqK3oqIjjgJE=[rn]
5-81355,aHR0cDovL3RzaG9wLnIxMHMuanAvemVyb3BvcnRqYXBhbi9jYWJpbmV0LzAzMDkyODk0LzAzMDk1ODkzLzAzMDk4ODM0L2ltZ3JjMDA2NjA2NjIxNi5qcGc/Zml0aW49NzAwOjcwMA==,MTAyNC4wMDAw,,VFbjg7vjgqrjg7zjg4fjgqPjgqrjg7vjgqvjg6Hjg6kgPiDjgqLjgq/jgrvjgrXjg6rjg7zjg7vpg6jlk4EgPiDjgqvjg6Hjg6njg7vjg5Pjg4fjgqrjgqvjg6Hjg6njg7vlhYnlrabmqZ/lmajnlKjjgqLjgq/jgrvjgrXjg6rjg7wgPiDkuqTmj5vjg6zjg7PjgrrnlKjjgqLjgq/jgrvjgrXjg6rjg7wgPiDjg6zjg7Pjgrrjg5XjgqPjg6vjgr/jg7w=,44Os44Oz44K65L+d6K2344OV44Kj44Or44K/44O8IDU1bW0g44OX44Ot44OG44Kv44K/44O8IOODrOODs+OCuuODleOCo+ODq+OCv+ODvOOAjuOCtOODvOODq+ODieODqeOCpOODs+OAj01DIFVWIE1DLVVWIOODieODrOOCueOCouODg+ODlyDjg5XjgqPjg6vjgr/jg7zjgJDoloTmnqDoqK3oqIjjgJE=,44CQ44Oh44O844Or5L6/5a6a5Z6L5aSW6YO15L6/44Gu5aC05ZCI6YCB5paZ54Sh5paZ44CR44Os44Oz44K65L+d6K2344OV44Kj44Or44K/44O8,PGNlbnRlcj48Yj48YnI+PGJyPgrjg6zjg7Pjgrrkv53orbfjg5XjgqPjg6vjgr/jg7wgNTVtbSDjg5fjg63jg4bjgq/jgr/jg7wg44Os44Oz44K644OV44Kj44Or44K/44O844CO44K044O844Or44OJ44Op44Kk44Oz44CPPGJyPjxicj4KTUMgVVYgTUMtVVYg44OJ44Os44K544Ki44OD44OXIOODleOCo+ODq+OCv+ODvOOAkOiWhOaeoOioreioiOOAkTxicj48YnI+PC9iPjwvY2VudGVyPgo8Zm9udCBjb2xvcj0iYmx1ZSIgc2l6ZT0iNiI+44OH44K444K/44Or55So44Os44Oz44K644Gr44GK5Yun44KB44Gu6JaE5p6g6Kit6KiIPC9mb250Pjxicj4KCue0q+Wklue3muOCkuOCq+ODg+ODiOOBl+OBpuiHqueEtuOBquiJsuiqv+OBp+WGmeecn+OBjOaSruOCjOOBvuOBmeOAgjxicj4K5bGL5aSW44Gn44Gu5pKu5b2x44Gr44Gv5b+F6ZyA5ZOB44CCPGJyPgrlsYvlhoXjgoTlpJzplpPjg7vpm7vnga/kuIvjgafjga7mkq7lvbHjgafjgoLjgIHoibLoqr/jgavlhajjgY/lvbHpn7/jgYLjgorjgb7jgZvjgpPjgII8YnI+CuOCq+ODoeODqeODrOODs+OCuuOBr+WCt+OBpOOBjeOChOOBmeOBhOeJqeOBp+OBmeOAgjxicj4K44G+44Gf5rGa44KM44Gm5out44GP44Gf44Gz44Gr44Kz44O844OG44Kj44Oz44Kw44GM6JaE44GP44Gq44KK5Yml44GS44Gm44GX44G+44GG5LqL44KC44GC44KL44Gu44Gn44Os44Oz44K65L+d6K2344Go44GX44Gm5L2/44GG44GT44Go44KS44GK5Yun44KB44GX44G+44GZ44CC,44Os44Oz44K65L+d6K2344OV44Kj44Or44K/44O8IDU1bW0g44OX44Ot44OG44Kv44K/44O8IOODrOODs+OCuuODleOCo+ODq+OCv+ODvOOAjuOCtOODvOODq+ODieODqeOCpOODs+OAj01DIFVWIE1DLVVWIOODieODrOOCueOCouODg+ODlyDjg5XjgqPjg6vjgr/jg7zjgJDoloTmnqDoqK3oqIjjgJHvvJrjgrzjg63jg53jg7zjg4jjgrjjg6Pjg5Hjg7M=,44Os44Oz44K65L+d6K2344OV44Kj44Or44K/44O8IDU1bW0g44OX44Ot44OG44Kv44K/44O8IOODrOODs+OCuuODleOCo+ODq+OCv+ODvOOAjuOCtOODvOODq+ODieODqeOCpOODs+OAj01DIFVWIE1DLVVWIOODieODrOOCueOCouODg+ODlyDjg5XjgqPjg6vjgr/jg7zjgJDoloTmnqDoqK3oqIjjgJE=,44CQ44Oh44O844Or5L6/5a6a5Z6L5aSW6YO15L6/44Gu5aC05ZCI6YCB5paZ54Sh5paZ44CR44Os44Oz44K65L+d6K2344OV44Kj44Or44K/44O844CC44Os44Oz44K65L+d6K2344OV44Kj44Or44K/44O8IDU1bW0g44OX44Ot44OG44Kv44K/44O8IOODrOODs+OCuuODleOCo+ODq+OCv+ODvOOAjuOCtOODvOODq+ODieODqeOCpOODs+OAj01DIFVWIE1DLVVWIOODieODrOOCueOCouODg+ODlyDjg5XjgqPjg6vjgr/jg7zjgJDoloTmnqDoqK3oqIjjgJE=[rn]
5-81356,aHR0cDovL3RzaG9wLnIxMHMuanAvemVyb3BvcnRqYXBhbi9jYWJpbmV0LzAzMDkyODk0LzAzMDk1ODkzLzAzMDk4ODM0L2ltZ3JjMDA2NjA2NjIxOC5qcGc/Zml0aW49NzAwOjcwMA==,MTAyNC4wMDAw,,VFbjg7vjgqrjg7zjg4fjgqPjgqrjg7vjgqvjg6Hjg6kgPiDjgqLjgq/jgrvjgrXjg6rjg7zjg7vpg6jlk4EgPiDjgqvjg6Hjg6njg7vjg5Pjg4fjgqrjgqvjg6Hjg6njg7vlhYnlrabmqZ/lmajnlKjjgqLjgq/jgrvjgrXjg6rjg7wgPiDkuqTmj5vjg6zjg7PjgrrnlKjjgqLjgq/jgrvjgrXjg6rjg7wgPiDjg6zjg7Pjgrrjg5XjgqPjg6vjgr/jg7w=,44Os44Oz44K65L+d6K2344OV44Kj44Or44K/44O8IDYybW0g44OX44Ot44OG44Kv44K/44O8IOODrOODs+OCuuODleOCo+ODq+OCv+ODvOOAjuOCtOODvOODq+ODieODqeOCpOODs+OAj01DIFVWIE1DLVVWIOODieODrOOCueOCouODg+ODlyDjg5XjgqPjg6vjgr/jg7zjgJDoloTmnqDoqK3oqIjjgJE=,44CQ44Oh44O844Or5L6/5a6a5Z6L5aSW6YO15L6/44Gu5aC05ZCI6YCB5paZ54Sh5paZ44CR44Os44Oz44K65L+d6K2344OV44Kj44Or44K/44O8,PGNlbnRlcj48Yj48YnI+PGJyPgrjg6zjg7Pjgrrkv53orbfjg5XjgqPjg6vjgr/jg7wgNjJtbSDjg5fjg63jg4bjgq/jgr/jg7wg44Os44Oz44K644OV44Kj44Or44K/44O844CO44K044O844Or44OJ44Op44Kk44Oz44CPPGJyPjxicj4KTUMgVVYgTUMtVVYg44OJ44Os44K544Ki44OD44OXIOODleOCo+ODq+OCv+ODvOOAkOiWhOaeoOioreioiOOAkTxicj48YnI+PC9iPjwvY2VudGVyPjxmb250IGNvbG9yPSJibHVlIiBzaXplPSI2Ij7jg4fjgrjjgr/jg6vnlKjjg6zjg7PjgrrjgavjgYrli6fjgoHjga7oloTmnqDoqK3oqIg8L2ZvbnQ+PGJyPgoK57Sr5aSW57ea44KS44Kr44OD44OI44GX44Gm6Ieq54S244Gq6Imy6Kq/44Gn5YaZ55yf44GM5pKu44KM44G+44GZ44CCPGJyPgrlsYvlpJbjgafjga7mkq7lvbHjgavjga/lv4XpnIDlk4HjgII8YnI+CuWxi+WGheOChOWknOmWk+ODu+mbu+eBr+S4i+OBp+OBruaSruW9seOBp+OCguOAgeiJsuiqv+OBq+WFqOOBj+W9semfv+OBguOCiuOBvuOBm+OCk+OAgjxicj4K44Kr44Oh44Op44Os44Oz44K644Gv5YK344Gk44GN44KE44GZ44GE54mp44Gn44GZ44CCPGJyPgrjgb7jgZ/msZrjgozjgabmi63jgY/jgZ/jgbPjgavjgrPjg7zjg4bjgqPjg7PjgrDjgYzoloTjgY/jgarjgorliaXjgZLjgabjgZfjgb7jgYbkuovjgoLjgYLjgovjga7jgafjg6zjg7Pjgrrkv53orbfjgajjgZfjgabkvb/jgYbjgZPjgajjgpLjgYrli6fjgoHjgZfjgb7jgZnjgII=,44Os44Oz44K65L+d6K2344OV44Kj44Or44K/44O8IDYybW0g44OX44Ot44OG44Kv44K/44O8IOODrOODs+OCuuODleOCo+ODq+OCv+ODvOOAjuOCtOODvOODq+ODieODqeOCpOODs+OAj01DIFVWIE1DLVVWIOODieODrOOCueOCouODg+ODlyDjg5XjgqPjg6vjgr/jg7zjgJDoloTmnqDoqK3oqIjjgJHvvJrjgrzjg63jg53jg7zjg4jjgrjjg6Pjg5Hjg7M=,44Os44Oz44K65L+d6K2344OV44Kj44Or44K/44O8IDYybW0g44OX44Ot44OG44Kv44K/44O8IOODrOODs+OCuuODleOCo+ODq+OCv+ODvOOAjuOCtOODvOODq+ODieODqeOCpOODs+OAj01DIFVWIE1DLVVWIOODieODrOOCueOCouODg+ODlyDjg5XjgqPjg6vjgr/jg7zjgJDoloTmnqDoqK3oqIjjgJE=,44CQ44Oh44O844Or5L6/5a6a5Z6L5aSW6YO15L6/44Gu5aC05ZCI6YCB5paZ54Sh5paZ44CR44Os44Oz44K65L+d6K2344OV44Kj44Or44K/44O844CC44Os44Oz44K65L+d6K2344OV44Kj44Or44K/44O8IDYybW0g44OX44Ot44OG44Kv44K/44O8IOODrOODs+OCuuODleOCo+ODq+OCv+ODvOOAjuOCtOODvOODq+ODieODqeOCpOODs+OAj01DIFVWIE1DLVVWIOODieODrOOCueOCouODg+ODlyDjg5XjgqPjg6vjgr/jg7zjgJDoloTmnqDoqK3oqIjjgJE=[rn]
5-81357,aHR0cDovL3RzaG9wLnIxMHMuanAvemVyb3BvcnRqYXBhbi9jYWJpbmV0LzAzMDkyODk0LzAzMDk1ODkzLzAzMDk4ODM0L2ltZ3JjMDA2NjA2NjIxMC5qcGc/Zml0aW49NzAwOjcwMA==,OTQ0LjAwMDA=,,VFbjg7vjgqrjg7zjg4fjgqPjgqrjg7vjgqvjg6Hjg6kgPiDjgqLjgq/jgrvjgrXjg6rjg7zjg7vpg6jlk4EgPiDjgqvjg6Hjg6njg7vjg5Pjg4fjgqrjgqvjg6Hjg6njg7vlhYnlrabmqZ/lmajnlKjjgqLjgq/jgrvjgrXjg6rjg7wgPiDkuqTmj5vjg6zjg7PjgrrnlKjjgqLjgq/jgrvjgrXjg6rjg7wgPiDjg6zjg7Pjgrrjg5XjgqPjg6vjgr/jg7w=,44Os44Oz44K65L+d6K2344OV44Kj44Or44K/44O8IDM3bW0g44OX44Ot44OG44Kv44K/44O8IOODrOODs+OCuuODleOCo+ODq+OCv+ODvOOAjuOCtOODvOODq+ODieODqeOCpOODs+OAj01DIFVWIE1DLVVWIOODieODrOOCueOCouODg+ODlyDjg5XjgqPjg6vjgr/jg7zjgJDoloTmnqDoqK3oqIjjgJE=,44CQ44Oh44O844Or5L6/5a6a5Z6L5aSW6YO15L6/44Gu5aC05ZCI6YCB5paZ54Sh5paZ44CR44Os44Oz44K65L+d6K2344OV44Kj44Or44K/44O8,PGNlbnRlcj48Yj48YnI+PGJyPgrjg6zjg7Pjgrrkv53orbfjg5XjgqPjg6vjgr/jg7wgMzdtbSDjg5fjg63jg4bjgq/jgr/jg7wg44Os44Oz44K644OV44Kj44Or44K/44O844CO44K044O844Or44OJ44Op44Kk44Oz44CPPGJyPjxicj4KTUMgVVYgTUMtVVYg44OJ44Os44K544Ki44OD44OXIOODleOCo+ODq+OCv+ODvOOAkOiWhOaeoOioreioiOOAkTxicj48YnI+PC9iPjwvY2VudGVyPgo8Zm9udCBjb2xvcj0iYmx1ZSIgc2l6ZT0iNiI+44OH44K444K/44Or55So44Os44Oz44K644Gr44GK5Yun44KB44Gu6JaE5p6g6Kit6KiIPC9mb250Pjxicj4KCue0q+Wklue3muOCkuOCq+ODg+ODiOOBl+OBpuiHqueEtuOBquiJsuiqv+OBp+WGmeecn+OBjOaSruOCjOOBvuOBmeOAgjxicj4K5bGL5aSW44Gn44Gu5pKu5b2x44Gr44Gv5b+F6ZyA5ZOB44CCPGJyPgrlsYvlhoXjgoTlpJzplpPjg7vpm7vnga/kuIvjgafjga7mkq7lvbHjgafjgoLjgIHoibLoqr/jgavlhajjgY/lvbHpn7/jgYLjgorjgb7jgZvjgpPjgII8YnI+CuOCq+ODoeODqeODrOODs+OCuuOBr+WCt+OBpOOBjeOChOOBmeOBhOeJqeOBp+OBmeOAgjxicj4K44G+44Gf5rGa44KM44Gm5out44GP44Gf44Gz44Gr44Kz44O844OG44Kj44Oz44Kw44GM6JaE44GP44Gq44KK5Yml44GS44Gm44GX44G+44GG5LqL44KC44GC44KL44Gu44Gn44Os44Oz44K65L+d6K2344Go44GX44Gm5L2/44GG44GT44Go44KS44GK5Yun44KB44GX44G+44GZ44CC,44Os44Oz44K65L+d6K2344OV44Kj44Or44K/44O8IDM3bW0g44OX44Ot44OG44Kv44K/44O8IOODrOODs+OCuuODleOCo+ODq+OCv+ODvOOAjuOCtOODvOODq+ODieODqeOCpOODs+OAj01DIFVWIE1DLVVWIOODieODrOOCueOCouODg+ODlyDjg5XjgqPjg6vjgr/jg7zjgJDoloTmnqDoqK3oqIjjgJHvvJrjgrzjg63jg53jg7zjg4jjgrjjg6Pjg5Hjg7M=,44Os44Oz44K65L+d6K2344OV44Kj44Or44K/44O8IDM3bW0g44OX44Ot44OG44Kv44K/44O8IOODrOODs+OCuuODleOCo+ODq+OCv+ODvOOAjuOCtOODvOODq+ODieODqeOCpOODs+OAj01DIFVWIE1DLVVWIOODieODrOOCueOCouODg+ODlyDjg5XjgqPjg6vjgr/jg7zjgJDoloTmnqDoqK3oqIjjgJE=,44CQ44Oh44O844Or5L6/5a6a5Z6L5aSW6YO15L6/44Gu5aC05ZCI6YCB5paZ54Sh5paZ44CR44Os44Oz44K65L+d6K2344OV44Kj44Or44K/44O844CC44Os44Oz44K65L+d6K2344OV44Kj44Or44K/44O8IDM3bW0g44OX44Ot44OG44Kv44K/44O8IOODrOODs+OCuuODleOCo+ODq+OCv+ODvOOAjuOCtOODvOODq+ODieODqeOCpOODs+OAj01DIFVWIE1DLVVWIOODieODrOOCueOCouODg+ODlyDjg5XjgqPjg6vjgr/jg7zjgJDoloTmnqDoqK3oqIjjgJE=[rn]
5-81358,aHR0cDovL3RzaG9wLnIxMHMuanAvemVyb3BvcnRqYXBhbi9jYWJpbmV0LzAzMDkyODk0LzAzMDk1ODkzLzAzMDk4ODM0L2ltZ3JjMDA2NTgwNzQ0MC5qcGc/Zml0aW49NzAwOjcwMA==,MTE4NC4wMDAw,,VFbjg7vjgqrjg7zjg4fjgqPjgqrjg7vjgqvjg6Hjg6kgPiDjgqLjgq/jgrvjgrXjg6rjg7zjg7vpg6jlk4EgPiDjgqvjg6Hjg6njg7vjg5Pjg4fjgqrjgqvjg6Hjg6njg7vlhYnlrabmqZ/lmajnlKjjgqLjgq/jgrvjgrXjg6rjg7wgPiDkuqTmj5vjg6zjg7PjgrrnlKjjgqLjgq/jgrvjgrXjg6rjg7wgPiDjg6zjg7Pjgrrjg5XjgqPjg6vjgr/jg7w=,44Os44Oz44K65L+d6K2344OV44Kj44Or44K/44O8IDUybW0g44OX44Ot44OG44Kv44K/44O8IOODrOODs+OCuuODleOCo+ODq+OCv+ODvOOAjuODluODq+ODvOOAj01DIFVWIE1DLVVWIOODieODrOOCueOCouODg+ODlyDjg5XjgqPjg6vjgr/jg7zjgJDoloTmnqDoqK3oqIjjgJE=,44CQ44Oh44O844Or5L6/5a6a5Z6L5aSW6YO15L6/44Gu5aC05ZCI6YCB5paZ54Sh5paZ44CR44Os44Oz44K65L+d6K2344OV44Kj44Or44K/44O8,PGNlbnRlcj48Yj48YnI+PGJyPgrjg6zjg7Pjgrrkv53orbfjg5XjgqPjg6vjgr/jg7wgNTJtbSDjg5fjg63jg4bjgq/jgr/jg7wg44Os44Oz44K644OV44Kj44Or44K/44O844CO44OW44Or44O844CPCjxicj48YnI+Ck1DIFVWIE1DLVVWIOODieODrOOCueOCouODg+ODlyDjg5XjgqPjg6vjgr/jg7zjgJDoloTmnqDoqK3oqIjjgJE8YnI+PGJyPjwvYj48L2NlbnRlcj4KPGZvbnQgY29sb3I9InJlZCIgc2l6ZT0iNiI+6Z2S5p6g44OV44Kj44Or44K/44O844Gn44GC44Gq44Gf44Gu44Kr44Oh44Op44O744Os44Oz44K644KS44OJ44Os44K544Ki44OD44OX77yBPC9mb250Pjxicj4KCue0q+Wklue3muOCkuOCq+ODg+ODiOOBl+OBpuiHqueEtuOBquiJsuiqv+OBp+WGmeecn+OBjOaSruOCjOOBvuOBmeOAgjxicj4K5bGL5aSW44Gn44Gu5pKu5b2x44Gr44Gv5b+F6ZyA5ZOB44CCPGJyPgrlsYvlhoXjgoTlpJzplpPjg7vpm7vnga/kuIvjgafjga7mkq7lvbHjgafjgoLjgIHoibLoqr/jgavlhajjgY/lvbHpn7/jgYLjgorjgb7jgZvjgpPjgII8YnI+CuOCq+ODoeODqeODrOODs+OCuuOBr+WCt+OBpOOBjeOChOOBmeOBhOeJqeOBp+OBmeOAgjxicj4K44G+44Gf5rGa44KM44Gm5out44GP44Gf44Gz44Gr44Kz44O844OG44Kj44Oz44Kw44GM6JaE44GP44Gq44KK5Yml44GS44Gm44GX44G+44GG5LqL44KC44GC44KL44Gu44Gn44Os44Oz44K65L+d6K2344Go44GX44Gm5L2/44GG44GT44Go44KS44GK5Yun44KB44GX44G+44GZ44CC,44Os44Oz44K65L+d6K2344OV44Kj44Or44K/44O8IDUybW0g44OX44Ot44OG44Kv44K/44O8IOODrOODs+OCuuODleOCo+ODq+OCv+ODvOOAjuODluODq+ODvOOAj01DIFVWIE1DLVVWIOODieODrOOCueOCouODg+ODlyDjg5XjgqPjg6vjgr/jg7zjgJDoloTmnqDoqK3oqIjjgJHvvJrjgrzjg63jg53jg7zjg4jjgrjjg6Pjg5Hjg7M=,44Os44Oz44K65L+d6K2344OV44Kj44Or44K/44O8IDUybW0g44OX44Ot44OG44Kv44K/44O8IOODrOODs+OCuuODleOCo+ODq+OCv+ODvOOAjuODluODq+ODvOOAj01DIFVWIE1DLVVWIOODieODrOOCueOCouODg+ODlyDjg5XjgqPjg6vjgr/jg7zjgJDoloTmnqDoqK3oqIjjgJE=,44CQ44Oh44O844Or5L6/5a6a5Z6L5aSW6YO15L6/44Gu5aC05ZCI6YCB5paZ54Sh5paZ44CR44Os44Oz44K65L+d6K2344OV44Kj44Or44K/44O844CC44Os44Oz44K65L+d6K2344OV44Kj44Or44K/44O8IDUybW0g44OX44Ot44OG44Kv44K/44O8IOODrOODs+OCuuODleOCo+ODq+OCv+ODvOOAjuODluODq+ODvOOAj01DIFVWIE1DLVVWIOODieODrOOCueOCouODg+ODlyDjg5XjgqPjg6vjgr/jg7zjgJDoloTmnqDoqK3oqIjjgJE=[rn]
5-81359,aHR0cDovL3RzaG9wLnIxMHMuanAvemVyb3BvcnRqYXBhbi9jYWJpbmV0LzAzMDkyODk0LzAzMDkzMzg5LzA0NjU5MTIxL2ltZ3JjMDA2NTk1NzMzNS5qcGc/Zml0aW49NzAwOjcwMA==,MTE4NC4wMDAw,,VFbjg7vjgqrjg7zjg4fjgqPjgqrjg7vjgqvjg6Hjg6kgPiDjgqLjgq/jgrvjgrXjg6rjg7zjg7vpg6jlk4EgPiDjgqvjg6Hjg6njg7vjg5Pjg4fjgqrjgqvjg6Hjg6njg7vlhYnlrabmqZ/lmajnlKjjgqLjgq/jgrvjgrXjg6rjg7wgPiDkuqTmj5vjg6zjg7PjgrrnlKjjgqLjgq/jgrvjgrXjg6rjg7wgPiDjg6zjg7Pjgrrjg5XjgqPjg6vjgr/jg7w=,44Os44Oz44K65L+d6K2344OV44Kj44Or44K/44O8IDM3bW0g44OX44Ot44OG44Kv44K/44O8IOODrOODs+OCuuODleOCo+ODq+OCv+ODvOOAjuODluODq+ODvOOAj01DIFVWIE1DLVVWIOODieODrOOCueOCouODg+ODlyDjg5XjgqPjg6vjgr/jg7zjgJDoloTmnqDoqK3oqIjjgJE=,44CQ44Oh44O844Or5L6/5a6a5Z6L5aSW6YO15L6/44Gu5aC05ZCI6YCB5paZ54Sh5paZ44CR44Os44Oz44K65L+d6K2344OV44Kj44Or44K/44O8,PGNlbnRlcj48Yj48YnI+PGJyPgrjg6zjg7Pjgrrkv53orbfjg5XjgqPjg6vjgr/jg7wgMzdtbSDjg5fjg63jg4bjgq/jgr/jg7wg44Os44Oz44K644OV44Kj44Or44K/44O844CO44OW44Or44O844CPCjxicj48YnI+Ck1DIFVWIE1DLVVWIOODieODrOOCueOCouODg+ODlyDjg5XjgqPjg6vjgr/jg7zjgJDoloTmnqDoqK3oqIjjgJE8YnI+PGJyPjwvYj48L2NlbnRlcj4KPGZvbnQgY29sb3I9InJlZCIgc2l6ZT0iNiI+6Z2S5p6g44OV44Kj44Or44K/44O844Gn44GC44Gq44Gf44Gu44Kr44Oh44Op44O744Os44Oz44K644KS44OJ44Os44K544Ki44OD44OX77yBPC9mb250Pjxicj4KCue0q+Wklue3muOCkuOCq+ODg+ODiOOBl+OBpuiHqueEtuOBquiJsuiqv+OBp+WGmeecn+OBjOaSruOCjOOBvuOBmeOAgjxicj4K5bGL5aSW44Gn44Gu5pKu5b2x44Gr44Gv5b+F6ZyA5ZOB44CCPGJyPgrlsYvlhoXjgoTlpJzplpPjg7vpm7vnga/kuIvjgafjga7mkq7lvbHjgafjgoLjgIHoibLoqr/jgavlhajjgY/lvbHpn7/jgYLjgorjgb7jgZvjgpPjgII8YnI+CuOCq+ODoeODqeODrOODs+OCuuOBr+WCt+OBpOOBjeOChOOBmeOBhOeJqeOBp+OBmeOAgjxicj4K44G+44Gf5rGa44KM44Gm5out44GP44Gf44Gz44Gr44Kz44O844OG44Kj44Oz44Kw44GM6JaE44GP44Gq44KK5Yml44GS44Gm44GX44G+44GG5LqL44KC44GC44KL44Gu44Gn44Os44Oz44K65L+d6K2344Go44GX44Gm5L2/44GG44GT44Go44KS44GK5Yun44KB44GX44G+44GZ44CC,44Os44Oz44K65L+d6K2344OV44Kj44Or44K/44O8IDM3bW0g44OX44Ot44OG44Kv44K/44O8IOODrOODs+OCuuODleOCo+ODq+OCv+ODvOOAjuODluODq+ODvOOAj01DIFVWIE1DLVVWIOODieODrOOCueOCouODg+ODlyDjg5XjgqPjg6vjgr/jg7zjgJDoloTmnqDoqK3oqIjjgJHvvJrjgrzjg63jg53jg7zjg4jjgrjjg6Pjg5Hjg7M=,44Os44Oz44K65L+d6K2344OV44Kj44Or44K/44O8IDM3bW0g44OX44Ot44OG44Kv44K/44O8IOODrOODs+OCuuODleOCo+ODq+OCv+ODvOOAjuODluODq+ODvOOAj01DIFVWIE1DLVVWIOODieODrOOCueOCouODg+ODlyDjg5XjgqPjg6vjgr/jg7zjgJDoloTmnqDoqK3oqIjjgJE=,44CQ44Oh44O844Or5L6/5a6a5Z6L5aSW6YO15L6/44Gu5aC05ZCI6YCB5paZ54Sh5paZ44CR44Os44Oz44K65L+d6K2344OV44Kj44Or44K/44O844CC44Os44Oz44K65L+d6K2344OV44Kj44Or44K/44O8IDM3bW0g44OX44Ot44OG44Kv44K/44O8IOODrOODs+OCuuODleOCo+ODq+OCv+ODvOOAjuODluODq+ODvOOAj01DIFVWIE1DLVVWIOODieODrOOCueOCouODg+ODlyDjg5XjgqPjg6vjgr/jg7zjgJDoloTmnqDoqK3oqIjjgJE=[rn]
5-81360,aHR0cDovL3RzaG9wLnIxMHMuanAvemVyb3BvcnRqYXBhbi9jYWJpbmV0LzAzMTAyMzk1LzAzMTAzODg4L2ltZ3JjMDA2NTEyNjM2NS5qcGc/Zml0aW49NzAwOjcwMA==,MTE4NC4wMDAw,,VFbjg7vjgqrjg7zjg4fjgqPjgqrjg7vjgqvjg6Hjg6kgPiDjgqLjgq/jgrvjgrXjg6rjg7zjg7vpg6jlk4EgPiDjgqvjg6Hjg6njg7vjg5Pjg4fjgqrjgqvjg6Hjg6njg7vlhYnlrabmqZ/lmajnlKjjgqLjgq/jgrvjgrXjg6rjg7wgPiDkuqTmj5vjg6zjg7PjgrrnlKjjgqLjgq/jgrvjgrXjg6rjg7wgPiDjg6zjg7Pjgrrjg5XjgqPjg6vjgr/jg7w=,44Os44Oz44K65L+d6K2344OV44Kj44Or44K/44O8IDc3bW0g44OX44Ot44OG44Kv44K/44O8IOODrOODs+OCuuODleOCo+ODq+OCv+ODvOOAjuODluODq+ODvOOAj01DIFVWIE1DLVVWIOODieODrOOCueOCouODg+ODlyDjg5XjgqPjg6vjgr/jg7zjgJDoloTmnqDoqK3oqIjjgJE=,44CQ44Oh44O844Or5L6/5a6a5Z6L5aSW6YO15L6/44Gu5aC05ZCI6YCB5paZ54Sh5paZ44CR44Os44Oz44K65L+d6K2344OV44Kj44Or44K/44O8,PGNlbnRlcj48Yj48YnI+PGJyPgrjg6zjg7Pjgrrkv53orbfjg5XjgqPjg6vjgr/jg7wgNzdtbSDjg5fjg63jg4bjgq/jgr/jg7wg44Os44Oz44K644OV44Kj44Or44K/44O844CO44OW44Or44O844CPCjxicj48YnI+Ck1DIFVWIE1DLVVWIOODieODrOOCueOCouODg+ODlyDjg5XjgqPjg6vjgr/jg7zjgJDoloTmnqDoqK3oqIjjgJE8YnI+PGJyPjwvYj48L2NlbnRlcj4KPGZvbnQgY29sb3I9InJlZCIgc2l6ZT0iNiI+6Z2S5p6g44OV44Kj44Or44K/44O844Gn44GC44Gq44Gf44Gu44Kr44Oh44Op44O744Os44Oz44K644KS44OJ44Os44K544Ki44OD44OX77yBPC9mb250Pjxicj4KCue0q+Wklue3muOCkuOCq+ODg+ODiOOBl+OBpuiHqueEtuOBquiJsuiqv+OBp+WGmeecn+OBjOaSruOCjOOBvuOBmeOAgjxicj4K5bGL5aSW44Gn44Gu5pKu5b2x44Gr44Gv5b+F6ZyA5ZOB44CCPGJyPgrlsYvlhoXjgoTlpJzplpPjg7vpm7vnga/kuIvjgafjga7mkq7lvbHjgafjgoLjgIHoibLoqr/jgavlhajjgY/lvbHpn7/jgYLjgorjgb7jgZvjgpPjgII8YnI+CuOCq+ODoeODqeODrOODs+OCuuOBr+WCt+OBpOOBjeOChOOBmeOBhOeJqeOBp+OBmeOAgjxicj4K44G+44Gf5rGa44KM44Gm5out44GP44Gf44Gz44Gr44Kz44O844OG44Kj44Oz44Kw44GM6JaE44GP44Gq44KK5Yml44GS44Gm44GX44G+44GG5LqL44KC44GC44KL44Gu44Gn44Os44Oz44K65L+d6K2344Go44GX44Gm5L2/44GG44GT44Go44KS44GK5Yun44KB44GX44G+44GZ44CC,44Os44Oz44K65L+d6K2344OV44Kj44Or44K/44O8IDc3bW0g44OX44Ot44OG44Kv44K/44O8IOODrOODs+OCuuODleOCo+ODq+OCv+ODvOOAjuODluODq+ODvOOAj01DIFVWIE1DLVVWIOODieODrOOCueOCouODg+ODlyDjg5XjgqPjg6vjgr/jg7zjgJDoloTmnqDoqK3oqIjjgJHvvJrjgrzjg63jg53jg7zjg4jjgrjjg6Pjg5Hjg7M=,44Os44Oz44K65L+d6K2344OV44Kj44Or44K/44O8IDc3bW0g44OX44Ot44OG44Kv44K/44O8IOODrOODs+OCuuODleOCo+ODq+OCv+ODvOOAjuODluODq+ODvOOAj01DIFVWIE1DLVVWIOODieODrOOCueOCouODg+ODlyDjg5XjgqPjg6vjgr/jg7zjgJDoloTmnqDoqK3oqIjjgJE=,44CQ44Oh44O844Or5L6/5a6a5Z6L5aSW6YO15L6/44Gu5aC05ZCI6YCB5paZ54Sh5paZ44CR44Os44Oz44K65L+d6K2344OV44Kj44Or44K/44O844CC44Os44Oz44K65L+d6K2344OV44Kj44Or44K/44O8IDc3bW0g44OX44Ot44OG44Kv44K/44O8IOODrOODs+OCuuODleOCo+ODq+OCv+ODvOOAjuODluODq+ODvOOAj01DIFVWIE1DLVVWIOODieODrOOCueOCouODg+ODlyDjg5XjgqPjg6vjgr/jg7zjgJDoloTmnqDoqK3oqIjjgJE=[rn]
5-81361,aHR0cDovL3RzaG9wLnIxMHMuanAvemVyb3BvcnRqYXBhbi9jYWJpbmV0LzAzMDkyODk0LzAzMDk1ODkzLzAzMDk4ODM0L2ltZ3JjMDA2NTgwNzQ0NS5naWY/Zml0aW49NzAwOjcwMA==,MTE4NC4wMDAw,,VFbjg7vjgqrjg7zjg4fjgqPjgqrjg7vjgqvjg6Hjg6kgPiDjgqLjgq/jgrvjgrXjg6rjg7zjg7vpg6jlk4EgPiDjgqvjg6Hjg6njg7vjg5Pjg4fjgqrjgqvjg6Hjg6njg7vlhYnlrabmqZ/lmajnlKjjgqLjgq/jgrvjgrXjg6rjg7wgPiDkuqTmj5vjg6zjg7PjgrrnlKjjgqLjgq/jgrvjgrXjg6rjg7wgPiDjg6zjg7Pjgrrjg5XjgqPjg6vjgr/jg7w=,44Os44Oz44K65L+d6K2344OV44Kj44Or44K/44O8IDQwLjVtbSDjg5fjg63jg4bjgq/jgr/jg7wg44Os44Oz44K644OV44Kj44Or44K/44O844CO44OW44Or44O844CPTUMgVVYgTUMtVVYg44OJ44Os44K544Ki44OD44OXIOODleOCo+ODq+OCv+ODvOOAkOiWhOaeoOioreioiOOAkQ==,44CQ44Oh44O844Or5L6/5a6a5Z6L5aSW6YO15L6/44Gu5aC05ZCI6YCB5paZ54Sh5paZ44CR44Os44Oz44K65L+d6K2344OV44Kj44Or44K/44O8,PGNlbnRlcj48Yj48YnI+PGJyPgrjg6zjg7Pjgrrkv53orbfjg5XjgqPjg6vjgr/jg7wgNDAuNW1tIOODl+ODreODhuOCr+OCv+ODvCDjg6zjg7Pjgrrjg5XjgqPjg6vjgr/jg7zjgI7jg5bjg6vjg7zjgI8KPGJyPjxicj4KTUMgVVYgTUMtVVYg44OJ44Os44K544Ki44OD44OXIOODleOCo+ODq+OCv+ODvOOAkOiWhOaeoOioreioiOOAkTxicj48YnI+PC9iPjwvY2VudGVyPgo8Zm9udCBjb2xvcj0icmVkIiBzaXplPSI2Ij7pnZLmnqDjg5XjgqPjg6vjgr/jg7zjgafjgYLjgarjgZ/jga7jgqvjg6Hjg6njg7vjg6zjg7PjgrrjgpLjg4njg6zjgrnjgqLjg4Pjg5fvvIE8L2ZvbnQ+PGJyPgoK57Sr5aSW57ea44KS44Kr44OD44OI44GX44Gm6Ieq54S244Gq6Imy6Kq/44Gn5YaZ55yf44GM5pKu44KM44G+44GZ44CCPGJyPgrlsYvlpJbjgafjga7mkq7lvbHjgavjga/lv4XpnIDlk4HjgII8YnI+CuWxi+WGheOChOWknOmWk+ODu+mbu+eBr+S4i+OBp+OBruaSruW9seOBp+OCguOAgeiJsuiqv+OBq+WFqOOBj+W9semfv+OBguOCiuOBvuOBm+OCk+OAgjxicj4K44Kr44Oh44Op44Os44Oz44K644Gv5YK344Gk44GN44KE44GZ44GE54mp44Gn44GZ44CCPGJyPgrjgb7jgZ/msZrjgozjgabmi63jgY/jgZ/jgbPjgavjgrPjg7zjg4bjgqPjg7PjgrDjgYzoloTjgY/jgarjgorliaXjgZLjgabjgZfjgb7jgYbkuovjgoLjgYLjgovjga7jgafjg6zjg7Pjgrrkv53orbfjgajjgZfjgabkvb/jgYbjgZPjgajjgpLjgYrli6fjgoHjgZfjgb7jgZnjgII=,44Os44Oz44K65L+d6K2344OV44Kj44Or44K/44O8IDQwLjVtbSDjg5fjg63jg4bjgq/jgr/jg7wg44Os44Oz44K644OV44Kj44Or44K/44O844CO44OW44Or44O844CPTUMgVVYgTUMtVVYg44OJ44Os44K544Ki44OD44OXIOODleOCo+ODq+OCv+ODvOOAkOiWhOaeoOioreioiOOAke+8muOCvOODreODneODvOODiOOCuOODo+ODkeODsw==,44Os44Oz44K65L+d6K2344OV44Kj44Or44K/44O8IDQwLjVtbSDjg5fjg63jg4bjgq/jgr/jg7wg44Os44Oz44K644OV44Kj44Or44K/44O844CO44OW44Or44O844CPTUMgVVYgTUMtVVYg44OJ44Os44K544Ki44OD44OXIOODleOCo+ODq+OCv+ODvOOAkOiWhOaeoOioreioiOOAkQ==,44CQ44Oh44O844Or5L6/5a6a5Z6L5aSW6YO15L6/44Gu5aC05ZCI6YCB5paZ54Sh5paZ44CR44Os44Oz44K65L+d6K2344OV44Kj44Or44K/44O844CC44Os44Oz44K65L+d6K2344OV44Kj44Or44K/44O8IDQwLjVtbSDjg5fjg63jg4bjgq/jgr/jg7wg44Os44Oz44K644OV44Kj44Or44K/44O844CO44OW44Or44O844CPTUMgVVYgTUMtVVYg44OJ44Os44K544Ki44OD44OXIOODleOCo+ODq+OCv+ODvOOAkOiWhOaeoOioreioiOOAkQ==[rn]
5-81362,aHR0cDovL3RzaG9wLnIxMHMuanAvemVyb3BvcnRqYXBhbi9jYWJpbmV0LzAzMDkyODk0LzAzMDk1ODkzLzAzMDk4ODM0L2ltZ3JjMDA2NjA2NjIxNC5qcGc/Zml0aW49NzAwOjcwMA==,MTAyNC4wMDAw,,VFbjg7vjgqrjg7zjg4fjgqPjgqrjg7vjgqvjg6Hjg6kgPiDjgqLjgq/jgrvjgrXjg6rjg7zjg7vpg6jlk4EgPiDjgqvjg6Hjg6njg7vjg5Pjg4fjgqrjgqvjg6Hjg6njg7vlhYnlrabmqZ/lmajnlKjjgqLjgq/jgrvjgrXjg6rjg7wgPiDkuqTmj5vjg6zjg7PjgrrnlKjjgqLjgq/jgrvjgrXjg6rjg7wgPiDjg6zjg7Pjgrrjg5XjgqPjg6vjgr/jg7w=,44Os44Oz44K65L+d6K2344OV44Kj44Or44K/44O8IDQ5bW0g44OX44Ot44OG44Kv44K/44O8IOODrOODs+OCuuODleOCo+ODq+OCv+ODvOOAjuOCtOODvOODq+ODieODqeOCpOODs+OAj01DIFVWIE1DLVVWIOODieODrOOCueOCouODg+ODlyDjg5XjgqPjg6vjgr/jg7zjgJDoloTmnqDoqK3oqIjjgJE=,44CQ44Oh44O844Or5L6/5a6a5Z6L5aSW6YO15L6/44Gu5aC05ZCI6YCB5paZ54Sh5paZ44CR44Os44Oz44K65L+d6K2344OV44Kj44Or44K/44O8,PGNlbnRlcj48Yj48YnI+PGJyPgrjg6zjg7Pjgrrkv53orbfjg5XjgqPjg6vjgr/jg7wgNDltbSDjg5fjg63jg4bjgq/jgr/jg7wg44Os44Oz44K644OV44Kj44Or44K/44O844CO44K044O844Or44OJ44Op44Kk44Oz44CPPGJyPjxicj4KTUMgVVYgTUMtVVYg44OJ44Os44K544Ki44OD44OXIOODleOCo+ODq+OCv+ODvOOAkOiWhOaeoOioreioiOOAkTxicj48YnI+PC9iPjwvY2VudGVyPgo8Zm9udCBjb2xvcj0iYmx1ZSIgc2l6ZT0iNiI+44OH44K444K/44Or55So44Os44Oz44K644Gr44GK5Yun44KB44Gu6JaE5p6g6Kit6KiIPC9mb250Pjxicj4KCue0q+Wklue3muOCkuOCq+ODg+ODiOOBl+OBpuiHqueEtuOBquiJsuiqv+OBp+WGmeecn+OBjOaSruOCjOOBvuOBmeOAgjxicj4K5bGL5aSW44Gn44Gu5pKu5b2x44Gr44Gv5b+F6ZyA5ZOB44CCPGJyPgrlsYvlhoXjgoTlpJzplpPjg7vpm7vnga/kuIvjgafjga7mkq7lvbHjgafjgoLjgIHoibLoqr/jgavlhajjgY/lvbHpn7/jgYLjgorjgb7jgZvjgpPjgII8YnI+CuOCq+ODoeODqeODrOODs+OCuuOBr+WCt+OBpOOBjeOChOOBmeOBhOeJqeOBp+OBmeOAgjxicj4K44G+44Gf5rGa44KM44Gm5out44GP44Gf44Gz44Gr44Kz44O844OG44Kj44Oz44Kw44GM6JaE44GP44Gq44KK5Yml44GS44Gm44GX44G+44GG5LqL44KC44GC44KL44Gu44Gn44Os44Oz44K65L+d6K2344Go44GX44Gm5L2/44GG44GT44Go44KS44GK5Yun44KB44GX44G+44GZ44CC,44Os44Oz44K65L+d6K2344OV44Kj44Or44K/44O8IDQ5bW0g44OX44Ot44OG44Kv44K/44O8IOODrOODs+OCuuODleOCo+ODq+OCv+ODvOOAjuOCtOODvOODq+ODieODqeOCpOODs+OAj01DIFVWIE1DLVVWIOODieODrOOCueOCouODg+ODlyDjg5XjgqPjg6vjgr/jg7zjgJDoloTmnqDoqK3oqIjjgJHvvJrjgrzjg63jg53jg7zjg4jjgrjjg6Pjg5Hjg7M=,44Os44Oz44K65L+d6K2344OV44Kj44Or44K/44O8IDQ5bW0g44OX44Ot44OG44Kv44K/44O8IOODrOODs+OCuuODleOCo+ODq+OCv+ODvOOAjuOCtOODvOODq+ODieODqeOCpOODs+OAj01DIFVWIE1DLVVWIOODieODrOOCueOCouODg+ODlyDjg5XjgqPjg6vjgr/jg7zjgJDoloTmnqDoqK3oqIjjgJE=,44CQ44Oh44O844Or5L6/5a6a5Z6L5aSW6YO15L6/44Gu5aC05ZCI6YCB5paZ54Sh5paZ44CR44Os44Oz44K65L+d6K2344OV44Kj44Or44K/44O844CC44Os44Oz44K65L+d6K2344OV44Kj44Or44K/44O8IDQ5bW0g44OX44Ot44OG44Kv44K/44O8IOODrOODs+OCuuODleOCo+ODq+OCv+ODvOOAjuOCtOODvOODq+ODieODqeOCpOODs+OAj01DIFVWIE1DLVVWIOODieODrOOCueOCouODg+ODlyDjg5XjgqPjg6vjgr/jg7zjgJDoloTmnqDoqK3oqIjjgJE=[rn]
5-81363,aHR0cDovL3RzaG9wLnIxMHMuanAvemVyb3BvcnRqYXBhbi9jYWJpbmV0LzAzMDkyODk0LzAzMDk1ODkzLzAzMDk4ODM0L2ltZ3JjMDA2NjA2NjIxMy5qcGc/Zml0aW49NzAwOjcwMA==,MTAyNC4wMDAw,,VFbjg7vjgqrjg7zjg4fjgqPjgqrjg7vjgqvjg6Hjg6kgPiDjgqLjgq/jgrvjgrXjg6rjg7zjg7vpg6jlk4EgPiDjgqvjg6Hjg6njg7vjg5Pjg4fjgqrjgqvjg6Hjg6njg7vlhYnlrabmqZ/lmajnlKjjgqLjgq/jgrvjgrXjg6rjg7wgPiDkuqTmj5vjg6zjg7PjgrrnlKjjgqLjgq/jgrvjgrXjg6rjg7wgPiDjg6zjg7Pjgrrjg5XjgqPjg6vjgr/jg7w=,44Os44Oz44K65L+d6K2344OV44Kj44Or44K/44O8IDQ2bW0g44OX44Ot44OG44Kv44K/44O8IOODrOODs+OCuuODleOCo+ODq+OCv+ODvOOAjuOCtOODvOODq+ODieODqeOCpOODs+OAj01DIFVWIE1DLVVWIOODieODrOOCueOCouODg+ODlyDjg5XjgqPjg6vjgr/jg7zjgJDoloTmnqDoqK3oqIjjgJE=,44CQ44Oh44O844Or5L6/5a6a5Z6L5aSW6YO15L6/44Gu5aC05ZCI6YCB5paZ54Sh5paZ44CR44Os44Oz44K65L+d6K2344OV44Kj44Or44K/44O8,PGNlbnRlcj48Yj48YnI+PGJyPgrjg6zjg7Pjgrrkv53orbfjg5XjgqPjg6vjgr/jg7wgNDZtbSDjg5fjg63jg4bjgq/jgr/jg7wg44Os44Oz44K644OV44Kj44Or44K/44O844CO44K044O844Or44OJ44Op44Kk44Oz44CPPGJyPjxicj4KTUMgVVYgTUMtVVYg44OJ44Os44K544Ki44OD44OXIOODleOCo+ODq+OCv+ODvOOAkOiWhOaeoOioreioiOOAkTxicj48YnI+PC9iPjwvY2VudGVyPgo8Zm9udCBjb2xvcj0iYmx1ZSIgc2l6ZT0iNiI+44OH44K444K/44Or55So44Os44Oz44K644Gr44GK5Yun44KB44Gu6JaE5p6g6Kit6KiIPC9mb250Pjxicj4KCue0q+Wklue3muOCkuOCq+ODg+ODiOOBl+OBpuiHqueEtuOBquiJsuiqv+OBp+WGmeecn+OBjOaSruOCjOOBvuOBmeOAgjxicj4K5bGL5aSW44Gn44Gu5pKu5b2x44Gr44Gv5b+F6ZyA5ZOB44CCPGJyPgrlsYvlhoXjgoTlpJzplpPjg7vpm7vnga/kuIvjgafjga7mkq7lvbHjgafjgoLjgIHoibLoqr/jgavlhajjgY/lvbHpn7/jgYLjgorjgb7jgZvjgpPjgII8YnI+CuOCq+ODoeODqeODrOODs+OCuuOBr+WCt+OBpOOBjeOChOOBmeOBhOeJqeOBp+OBmeOAgjxicj4K44G+44Gf5rGa44KM44Gm5out44GP44Gf44Gz44Gr44Kz44O844OG44Kj44Oz44Kw44GM6JaE44GP44Gq44KK5Yml44GS44Gm44GX44G+44GG5LqL44KC44GC44KL44Gu44Gn44Os44Oz44K65L+d6K2344Go44GX44Gm5L2/44GG44GT44Go44KS44GK5Yun44KB44GX44G+44GZ44CC,44Os44Oz44K65L+d6K2344OV44Kj44Or44K/44O8IDQ2bW0g44OX44Ot44OG44Kv44K/44O8IOODrOODs+OCuuODleOCo+ODq+OCv+ODvOOAjuOCtOODvOODq+ODieODqeOCpOODs+OAj01DIFVWIE1DLVVWIOODieODrOOCueOCouODg+ODlyDjg5XjgqPjg6vjgr/jg7zjgJDoloTmnqDoqK3oqIjjgJHvvJrjgrzjg63jg53jg7zjg4jjgrjjg6Pjg5Hjg7M=,44Os44Oz44K65L+d6K2344OV44Kj44Or44K/44O8IDQ2bW0g44OX44Ot44OG44Kv44K/44O8IOODrOODs+OCuuODleOCo+ODq+OCv+ODvOOAjuOCtOODvOODq+ODieODqeOCpOODs+OAj01DIFVWIE1DLVVWIOODieODrOOCueOCouODg+ODlyDjg5XjgqPjg6vjgr/jg7zjgJDoloTmnqDoqK3oqIjjgJE=,44CQ44Oh44O844Or5L6/5a6a5Z6L5aSW6YO15L6/44Gu5aC05ZCI6YCB5paZ54Sh5paZ44CR44Os44Oz44K65L+d6K2344OV44Kj44Or44K/44O844CC44Os44Oz44K65L+d6K2344OV44Kj44Or44K/44O8IDQ2bW0g44OX44Ot44OG44Kv44K/44O8IOODrOODs+OCuuODleOCo+ODq+OCv+ODvOOAjuOCtOODvOODq+ODieODqeOCpOODs+OAj01DIFVWIE1DLVVWIOODieODrOOCueOCouODg+ODlyDjg5XjgqPjg6vjgr/jg7zjgJDoloTmnqDoqK3oqIjjgJE=[rn]
5-81364,aHR0cDovL3RzaG9wLnIxMHMuanAvemVyb3BvcnRqYXBhbi9jYWJpbmV0LzAzMTAyMzk1LzAzMTAzODg4L2ltZ3JjMDA2NTEyNjI1Ny5qcGc/Zml0aW49NzAwOjcwMA==,MTAyNC4wMDAw,,VFbjg7vjgqrjg7zjg4fjgqPjgqrjg7vjgqvjg6Hjg6kgPiDjgqLjgq/jgrvjgrXjg6rjg7zjg7vpg6jlk4EgPiDjgqvjg6Hjg6njg7vjg5Pjg4fjgqrjgqvjg6Hjg6njg7vlhYnlrabmqZ/lmajnlKjjgqLjgq/jgrvjgrXjg6rjg7wgPiDkuqTmj5vjg6zjg7PjgrrnlKjjgqLjgq/jgrvjgrXjg6rjg7wgPiDjg6zjg7Pjgrrjg5XjgqPjg6vjgr/jg7w=,44CQ44OJ44Os44K544Ki44OD44OX44OV44Kj44Or44K/44O844CR44Os44Oz44K65L+d6K2355So44Oe44Or44OB44Kz44O844OITUMtVVbjg5XjgqPjg6vjgr/jg7w0MC41bW3jgI5SRUTjgI8=,44CQ44Oh44O844Or5L6/5a6a5Z6L5aSW6YO15L6/44Gu5aC05ZCI6YCB5paZ54Sh5paZ44CR44Os44Oz44K65L+d6K2355So44OV44Kj44Or44K/44O8,PGZvbnQgY29sb3I9InJlZCIgc2l6ZT0iNiI+6LWk5p6g44OV44Kj44Or44K/44O844Gn44GC44Gq44Gf44Gu44Kr44Oh44Op44O744Os44Oz44K644KS44OJ44Os44K544Ki44OD44OX77yBPC9mb250Pjxicj4KCue0q+Wklue3muOCkuOCq+ODg+ODiOOBl+OBpuiHqueEtuOBquiJsuiqv+OBp+WGmeecn+OBjOaSruOCjOOBvuOBmeOAgjxicj4K5bGL5aSW44Gn44Gu5pKu5b2x44Gr44Gv5b+F6ZyA5ZOB44CCPGJyPgrlsYvlhoXjgoTlpJzplpPjg7vpm7vnga/kuIvjgafjga7mkq7lvbHjgafjgoLjgIHoibLoqr/jgavlhajjgY/lvbHpn7/jgYLjgorjgb7jgZvjgpPjgII8YnI+CuOCq+ODoeODqeODrOODs+OCuuOBr+WCt+OBpOOBjeOChOOBmeOBhOeJqeOBp+OBmeOAgjxicj4K44G+44Gf5rGa44KM44Gm5out44GP44Gf44Gz44Gr44Kz44O844OG44Kj44Oz44Kw44GM6JaE44GP44Gq44KK5Yml44GS44Gm44GX44G+44GG5LqL44KC44GC44KL44Gu44Gn44Os44Oz44K65L+d6K2344Go44GX44Gm5L2/44GG44GT44Go44KS44GK5Yun44KB44GX44G+44GZ44CC,44CQ44OJ44Os44K544Ki44OD44OX44OV44Kj44Or44K/44O844CR44Os44Oz44K65L+d6K2355So44Oe44Or44OB44Kz44O844OITUMtVVbjg5XjgqPjg6vjgr/jg7w0MC41bW3jgI5SRUTjgI/vvJrjgrzjg63jg53jg7zjg4jjgrjjg6Pjg5Hjg7M=,44CQ44OJ44Os44K544Ki44OD44OX44OV44Kj44Or44K/44O844CR44Os44Oz44K65L+d6K2355So44Oe44Or44OB44Kz44O844OITUMtVVbjg5XjgqPjg6vjgr/jg7w0MC41bW3jgI5SRUTjgI8=,44CQ44Oh44O844Or5L6/5a6a5Z6L5aSW6YO15L6/44Gu5aC05ZCI6YCB5paZ54Sh5paZ44CR44Os44Oz44K65L+d6K2355So44OV44Kj44Or44K/44O844CC44CQ44OJ44Os44K544Ki44OD44OX44OV44Kj44Or44K/44O844CR44Os44Oz44K65L+d6K2355So44Oe44Or44OB44Kz44O844OITUMtVVbjg5XjgqPjg6vjgr/jg7w0MC41bW3jgI5SRUTjgI8=[rn]
5-81365,aHR0cDovL3RzaG9wLnIxMHMuanAvemVyb3BvcnRqYXBhbi9jYWJpbmV0LzAzMTAyMzk1LzAzMTAzODg4L2ltZ3JjMDA2NTEyNjI0OS5qcGc/Zml0aW49NzAwOjcwMA==,MTAyNC4wMDAw,,VFbjg7vjgqrjg7zjg4fjgqPjgqrjg7vjgqvjg6Hjg6kgPiDjgqLjgq/jgrvjgrXjg6rjg7zjg7vpg6jlk4EgPiDjgqvjg6Hjg6njg7vjg5Pjg4fjgqrjgqvjg6Hjg6njg7vlhYnlrabmqZ/lmajnlKjjgqLjgq/jgrvjgrXjg6rjg7wgPiDkuqTmj5vjg6zjg7PjgrrnlKjjgqLjgq/jgrvjgrXjg6rjg7wgPiDjg6zjg7Pjgrrjg5XjgqPjg6vjgr/jg7w=,44CQ44OJ44Os44K544Ki44OD44OX44OV44Kj44Or44K/44O844CR44Os44Oz44K65L+d6K2355So44Oe44Or44OB44Kz44O844OITUMtVVbjg5XjgqPjg6vjgr/jg7wzN21t44COUkVE44CP,44CQ44Oh44O844Or5L6/5a6a5Z6L5aSW6YO15L6/44Gu5aC05ZCI6YCB5paZ54Sh5paZ44CR44Os44Oz44K65L+d6K2355So44OV44Kj44Or44K/44O8,PGZvbnQgY29sb3I9InJlZCIgc2l6ZT0iNiI+6LWk5p6g44OV44Kj44Or44K/44O844Gn44GC44Gq44Gf44Gu44Kr44Oh44Op44O744Os44Oz44K644KS44OJ44Os44K544Ki44OD44OX77yBPC9mb250Pjxicj4KCue0q+Wklue3muOCkuOCq+ODg+ODiOOBl+OBpuiHqueEtuOBquiJsuiqv+OBp+WGmeecn+OBjOaSruOCjOOBvuOBmeOAgjxicj4K5bGL5aSW44Gn44Gu5pKu5b2x44Gr44Gv5b+F6ZyA5ZOB44CCPGJyPgrlsYvlhoXjgoTlpJzplpPjg7vpm7vnga/kuIvjgafjga7mkq7lvbHjgafjgoLjgIHoibLoqr/jgavlhajjgY/lvbHpn7/jgYLjgorjgb7jgZvjgpPjgII8YnI+CuOCq+ODoeODqeODrOODs+OCuuOBr+WCt+OBpOOBjeOChOOBmeOBhOeJqeOBp+OBmeOAgjxicj4K44G+44Gf5rGa44KM44Gm5out44GP44Gf44Gz44Gr44Kz44O844OG44Kj44Oz44Kw44GM6JaE44GP44Gq44KK5Yml44GS44Gm44GX44G+44GG5LqL44KC44GC44KL44Gu44Gn44Os44Oz44K65L+d6K2344Go44GX44Gm5L2/44GG44GT44Go44KS44GK5Yun44KB44GX44G+44GZ44CC,44CQ44OJ44Os44K544Ki44OD44OX44OV44Kj44Or44K/44O844CR44Os44Oz44K65L+d6K2355So44Oe44Or44OB44Kz44O844OITUMtVVbjg5XjgqPjg6vjgr/jg7wzN21t44COUkVE44CP77ya44K844Ot44Od44O844OI44K444Oj44OR44Oz,44CQ44OJ44Os44K544Ki44OD44OX44OV44Kj44Or44K/44O844CR44Os44Oz44K65L+d6K2355So44Oe44Or44OB44Kz44O844OITUMtVVbjg5XjgqPjg6vjgr/jg7wzN21t44COUkVE44CP,44CQ44Oh44O844Or5L6/5a6a5Z6L5aSW6YO15L6/44Gu5aC05ZCI6YCB5paZ54Sh5paZ44CR44Os44Oz44K65L+d6K2355So44OV44Kj44Or44K/44O844CC44CQ44OJ44Os44K544Ki44OD44OX44OV44Kj44Or44K/44O844CR44Os44Oz44K65L+d6K2355So44Oe44Or44OB44Kz44O844OITUMtVVbjg5XjgqPjg6vjgr/jg7wzN21t44COUkVE44CP[rn]
5-81366,aHR0cDovL3RzaG9wLnIxMHMuanAvemVyb3BvcnRqYXBhbi9jYWJpbmV0LzAzMDkyODk0LzAzMDk1ODkzLzAzMDk4ODM0L2ltZ3JjMDA2NjA2NjIxNy5qcGc/Zml0aW49NzAwOjcwMA==,MTAyNC4wMDAw,,VFbjg7vjgqrjg7zjg4fjgqPjgqrjg7vjgqvjg6Hjg6kgPiDjgqLjgq/jgrvjgrXjg6rjg7zjg7vpg6jlk4EgPiDjgqvjg6Hjg6njg7vjg5Pjg4fjgqrjgqvjg6Hjg6njg7vlhYnlrabmqZ/lmajnlKjjgqLjgq/jgrvjgrXjg6rjg7wgPiDkuqTmj5vjg6zjg7PjgrrnlKjjgqLjgq/jgrvjgrXjg6rjg7wgPiDjg6zjg7Pjgrrjg5XjgqPjg6vjgr/jg7w=,44Os44Oz44K65L+d6K2344OV44Kj44Or44K/44O8IDU4bW0g44OX44Ot44OG44Kv44K/44O8IOODrOODs+OCuuODleOCo+ODq+OCv+ODvOOAjuOCtOODvOODq+ODieODqeOCpOODs+OAj01DIFVWIE1DLVVWIOODieODrOOCueOCouODg+ODlyDjg5XjgqPjg6vjgr/jg7zjgJDoloTmnqDoqK3oqIjjgJE=,44CQ44Oh44O844Or5L6/5a6a5Z6L5aSW6YO15L6/44Gu5aC05ZCI6YCB5paZ54Sh5paZ44CR44Os44Oz44K65L+d6K2344OV44Kj44Or44K/44O8,PGNlbnRlcj48Yj48YnI+PGJyPgrjg6zjg7Pjgrrkv53orbfjg5XjgqPjg6vjgr/jg7wgNThtbSDjg5fjg63jg4bjgq/jgr/jg7wg44Os44Oz44K644OV44Kj44Or44K/44O844CO44K044O844Or44OJ44Op44Kk44Oz44CPPGJyPjxicj4KTUMgVVYgTUMtVVYg44OJ44Os44K544Ki44OD44OXIOODleOCo+ODq+OCv+ODvOOAkOiWhOaeoOioreioiOOAkTxicj48YnI+PC9iPjwvY2VudGVyPgo8Zm9udCBjb2xvcj0iYmx1ZSIgc2l6ZT0iNiI+44OH44K444K/44Or55So44Os44Oz44K644Gr44GK5Yun44KB44Gu6JaE5p6g6Kit6KiIPC9mb250Pjxicj4KCue0q+Wklue3muOCkuOCq+ODg+ODiOOBl+OBpuiHqueEtuOBquiJsuiqv+OBp+WGmeecn+OBjOaSruOCjOOBvuOBmeOAgjxicj4K5bGL5aSW44Gn44Gu5pKu5b2x44Gr44Gv5b+F6ZyA5ZOB44CCPGJyPgrlsYvlhoXjgoTlpJzplpPjg7vpm7vnga/kuIvjgafjga7mkq7lvbHjgafjgoLjgIHoibLoqr/jgavlhajjgY/lvbHpn7/jgYLjgorjgb7jgZvjgpPjgII8YnI+CuOCq+ODoeODqeODrOODs+OCuuOBr+WCt+OBpOOBjeOChOOBmeOBhOeJqeOBp+OBmeOAgjxicj4K44G+44Gf5rGa44KM44Gm5out44GP44Gf44Gz44Gr44Kz44O844OG44Kj44Oz44Kw44GM6JaE44GP44Gq44KK5Yml44GS44Gm44GX44G+44GG5LqL44KC44GC44KL44Gu44Gn44Os44Oz44K65L+d6K2344Go44GX44Gm5L2/44GG44GT44Go44KS44GK5Yun44KB44GX44G+44GZ44CC,44Os44Oz44K65L+d6K2344OV44Kj44Or44K/44O8IDU4bW0g44OX44Ot44OG44Kv44K/44O8IOODrOODs+OCuuODleOCo+ODq+OCv+ODvOOAjuOCtOODvOODq+ODieODqeOCpOODs+OAj01DIFVWIE1DLVVWIOODieODrOOCueOCouODg+ODlyDjg5XjgqPjg6vjgr/jg7zjgJDoloTmnqDoqK3oqIjjgJHvvJrjgrzjg63jg53jg7zjg4jjgrjjg6Pjg5Hjg7M=,44Os44Oz44K65L+d6K2344OV44Kj44Or44K/44O8IDU4bW0g44OX44Ot44OG44Kv44K/44O8IOODrOODs+OCuuODleOCo+ODq+OCv+ODvOOAjuOCtOODvOODq+ODieODqeOCpOODs+OAj01DIFVWIE1DLVVWIOODieODrOOCueOCouODg+ODlyDjg5XjgqPjg6vjgr/jg7zjgJDoloTmnqDoqK3oqIjjgJE=,44CQ44Oh44O844Or5L6/5a6a5Z6L5aSW6YO15L6/44Gu5aC05ZCI6YCB5paZ54Sh5paZ44CR44Os44Oz44K65L+d6K2344OV44Kj44Or44K/44O844CC44Os44Oz44K65L+d6K2344OV44Kj44Or44K/44O8IDU4bW0g44OX44Ot44OG44Kv44K/44O8IOODrOODs+OCuuODleOCo+ODq+OCv+ODvOOAjuOCtOODvOODq+ODieODqeOCpOODs+OAj01DIFVWIE1DLVVWIOODieODrOOCueOCouODg+ODlyDjg5XjgqPjg6vjgr/jg7zjgJDoloTmnqDoqK3oqIjjgJE=[rn]
5-81367,aHR0cDovL3RzaG9wLnIxMHMuanAvemVyb3BvcnRqYXBhbi9jYWJpbmV0LzAzMDkyODk0LzAzMDk1ODkzLzAzMDk4ODM0L2ltZ3JjMDA2NjMxNzA1OC5qcGc/Zml0aW49NzAwOjcwMA==,MTU4NC4wMDAw,,VFbjg7vjgqrjg7zjg4fjgqPjgqrjg7vjgqvjg6Hjg6kgPiDjgqLjgq/jgrvjgrXjg6rjg7zjg7vpg6jlk4EgPiDjgqvjg6Hjg6njg7vjg5Pjg4fjgqrjgqvjg6Hjg6njg7vlhYnlrabmqZ/lmajnlKjjgqLjgq/jgrvjgrXjg6rjg7wgPiDkuqTmj5vjg6zjg7PjgrrnlKjjgqLjgq/jgrvjgrXjg6rjg7wgPiDjg6zjg7Pjgrrjg5XjgqPjg6vjgr/jg7w=,5pel5pys6KO9QUdD44Ks44Op44K55o6h55SoIOODrOODs+OCuiDkv53orbcg44OV44Kj44Or44K/44O8ICDmkqXmsLQg6Ziy5rGaIOmrmOmAj+mBjueOhyDjg57jg6vjg4HjgrPjg7zjg4ggTVJDIFVW,5Lq65rCX44Gu44Os44OD44OJ77yIUkVEKeODleODrOODvOODoOaeoCDoloTmnqDoqK3oqIg=,WkVST1BPUlQgSkFQQU7jgIDjgZPjgaDjgo/jgorjga7jg4njg6zjgrnjgqLjg4Pjg5fjg5XjgqPjg6vjgr/jg7zjgIHkv53orbfjg5XjgqPjg6vjgr/jg7zjgajjgZfjgabliKnnlKjjgafjgY3jgb7jgZnjgIIgPGJyPjxicj4KCkNPT0zjgavotaTjgYTjg6njgqTjg7PjgpLlhaXjgozjgabjgIHjgYLjgarjgZ/jga7jg4fjgrjjgr/jg6vjgqvjg6Hjg6njg7vjg6zjg7PjgrrjgpLlvJXjgY3nq4vjgZ/jgZvjgb7jgZnjgILjg4njg6zjgrnjgqLjg4Pjg5fjgaDjgZHjgafjgarjgY/jgIHpq5jmqZ/og73jg6zjg7Pjgrrjg5XjgqPjg6vjgr/jg7zjgavku5XkuIrjgZLjgb7jgZfjgZ/jgII8YnI+PGJyPgoK57eR6IacMTblsaTlpJrlsaTohpzjgrPjg7zjg4bjgqPjg7PjgrDku5Xmp5jjgafpgI/pgY7njoc5OS4y77yF44GM6auY44GP44CB6auY44GE5pKl5rC044Go6Ziy5rGa77yI5oyH57SL44GM5LuY44GN44Gr44GP44GE77yJ5qmf6IO944GM44GC44KK44G+44GZ44CCPGJyPjxicj4KCjxiPuODleOCo+ODq+OCv+ODvOaeoOOBr+OAgemrmOWTgeizquOCouODq+ODn+WQiOmHkeOAgeODrOODs+OCuuODleOCo+ODq+OCv+ODvOOBr+OAgeaXpeacrOijve+8iE1BREUgSU4gSkFQQU4p44GuQUNH44Ks44Op44K544OV44Kj44Or44K/44O844KS5o6h55So44GX44CB57WE44G/56uL44Gm44Gu44G/44KS5Lit5Zu95Y2U5Yqb5bel5aC044Gr5L6d6aC8PC9iPg==,5pel5pys6KO9QUdD44Ks44Op44K55o6h55SoIOODrOODs+OCuiDkv53orbcg44OV44Kj44Or44K/44O8ICDmkqXmsLQg6Ziy5rGaIOmrmOmAj+mBjueOhyDjg57jg6vjg4HjgrPjg7zjg4ggTVJDIFVW77ya44K844Ot44Od44O844OI44K444Oj44OR44Oz,5pel5pys6KO9QUdD44Ks44Op44K55o6h55SoIOODrOODs+OCuiDkv53orbcg44OV44Kj44Or44K/44O8ICDmkqXmsLQg6Ziy5rGaIOmrmOmAj+mBjueOhyDjg57jg6vjg4HjgrPjg7zjg4ggTVJDIFVW,5Lq65rCX44Gu44Os44OD44OJ77yIUkVEKeODleODrOODvOODoOaeoCDoloTmnqDoqK3oqIjjgILml6XmnKzoo71BR0Pjgqzjg6njgrnmjqHnlKgg44Os44Oz44K6IOS/neittyDjg5XjgqPjg6vjgr/jg7wgIOaSpeawtCDpmLLmsZog6auY6YCP6YGO546HIOODnuODq+ODgeOCs+ODvOODiCBNUkMgVVY=[rn]
5-81368,aHR0cDovL3RzaG9wLnIxMHMuanAvemVyb3BvcnRqYXBhbi9jYWJpbmV0LzAzMDkyODk0LzAzMDk1ODkzLzAzMDk4ODM0L2ltZ3JjMDA2Nzk3MjMzNi5qcGc/Zml0aW49NzAwOjcwMA==,MTU4NC4wMDAw,,VFbjg7vjgqrjg7zjg4fjgqPjgqrjg7vjgqvjg6Hjg6kgPiDjgqLjgq/jgrvjgrXjg6rjg7zjg7vpg6jlk4EgPiDjgqvjg6Hjg6njg7vjg5Pjg4fjgqrjgqvjg6Hjg6njg7vlhYnlrabmqZ/lmajnlKjjgqLjgq/jgrvjgrXjg6rjg7wgPiDkuqTmj5vjg6zjg7PjgrrnlKjjgqLjgq/jgrvjgrXjg6rjg7wgPiDjg6zjg7Pjgrrjg5XjgqPjg6vjgr/jg7w=,5pel5pys6KO9QUdD44Ks44Op44K55o6h55SoIOODrOODs+OCuiDkv53orbcg44OV44Kj44Or44K/44O8ICDmkqXmsLQg6Ziy5rGaIOmrmOmAj+mBjueOhyDjg57jg6vjg4HjgrPjg7zjg4ggTVJDIFVW,5Lq65rCX44Gu44OW44Or44O877yIQkxVRSnjg6njgqTjg7Pjg5Xjg6zjg7zjg6DmnqAg6JaE5p6g6Kit6KiI,WkVST1BPUlQgSkFQQU7jgIDjgZPjgaDjgo/jgorjga7jg4njg6zjgrnjgqLjg4Pjg5fjg5XjgqPjg6vjgr/jg7zjgIHkv53orbfjg5XjgqPjg6vjgr/jg7zjgajjgZfjgabliKnnlKjjgafjgY3jgb7jgZnjgIIgPGJyPjxicj4KCkNPT0zjgavjg5bjg6vjg7zjg6njgqTjg7PjgpLlhaXjgozjgabjgIHjgYLjgarjgZ/jga7jg4fjgrjjgr/jg6vjgqvjg6Hjg6njg7vjg6zjg7PjgrrjgpLlvJXjgY3nq4vjgZ/jgZvjgb7jgZnjgILjg4njg6zjgrnjgqLjg4Pjg5fjgaDjgZHjgafjgarjgY/jgIHpq5jmqZ/og73jg6zjg7Pjgrrjg5XjgqPjg6vjgr/jg7zjgavku5XkuIrjgZLjgb7jgZfjgZ/jgII8YnI+PGJyPgoK57eR6IacMTblsaTlpJrlsaTohpzjgrPjg7zjg4bjgqPjg7PjgrDku5Xmp5jjgafpgI/pgY7njoc5OS4y77yF44GM6auY44GP44CB6auY44GE5pKl5rC044Go6Ziy5rGa77yI5oyH57SL44GM5LuY44GN44Gr44GP44GE77yJ5qmf6IO944GM44GC44KK44G+44GZ44CCPGJyPjxicj4KCjxiPuODleOCo+ODq+OCv+ODvOaeoOOBr+OAgemrmOWTgeizquOCouODq+ODn+WQiOmHkeOAgeODrOODs+OCuuODleOCo+ODq+OCv+ODvOOBr+OAgeaXpeacrOijve+8iE1BREUgSU4gSkFQQU4p44GuQUNH44Ks44Op44K544OV44Kj44Or44K/44O844KS5o6h55So44GX44CB57WE44G/56uL44Gm44Gu44G/44KS5Lit5Zu95Y2U5Yqb5bel5aC044Gr5L6d6aC8PC9iPg==,5pel5pys6KO9QUdD44Ks44Op44K55o6h55SoIOODrOODs+OCuiDkv53orbcg44OV44Kj44Or44K/44O8ICDmkqXmsLQg6Ziy5rGaIOmrmOmAj+mBjueOhyDjg57jg6vjg4HjgrPjg7zjg4ggTVJDIFVW77ya44K844Ot44Od44O844OI44K444Oj44OR44Oz,5pel5pys6KO9QUdD44Ks44Op44K55o6h55SoIOODrOODs+OCuiDkv53orbcg44OV44Kj44Or44K/44O8ICDmkqXmsLQg6Ziy5rGaIOmrmOmAj+mBjueOhyDjg57jg6vjg4HjgrPjg7zjg4ggTVJDIFVW,5Lq65rCX44Gu44OW44Or44O877yIQkxVRSnjg6njgqTjg7Pjg5Xjg6zjg7zjg6DmnqAg6JaE5p6g6Kit6KiI44CC5pel5pys6KO9QUdD44Ks44Op44K55o6h55SoIOODrOODs+OCuiDkv53orbcg44OV44Kj44Or44K/44O8ICDmkqXmsLQg6Ziy5rGaIOmrmOmAj+mBjueOhyDjg57jg6vjg4HjgrPjg7zjg4ggTVJDIFVW[rn]
5-81369,aHR0cDovL3RzaG9wLnIxMHMuanAvemVyb3BvcnRqYXBhbi9jYWJpbmV0LzAzMDkyODk0LzAzMDkyODk3LzAzMDk1MjAwL2ltZ3JjMDA2NTEyNzk0Ni5qcGc/Zml0aW49NzAwOjcwMA==,NTU5LjIwMDA=,,VFbjg7vjgqrjg7zjg4fjgqPjgqrjg7vjgqvjg6Hjg6kgPiDjgqLjgq/jgrvjgrXjg6rjg7zjg7vpg6jlk4EgPiDjgqvjg6Hjg6njg7vjg5Pjg4fjgqrjgqvjg6Hjg6njg7vlhYnlrabmqZ/lmajnlKjjgqLjgq/jgrvjgrXjg6rjg7wgPiDkuqTmj5vjg6zjg7PjgrrnlKjjgqLjgq/jgrvjgrXjg6rjg7wgPiDjg6zjg7Pjgrrjg5XjgqPjg6vjgr/jg7w=,NTVtbSBVViBGaWx0ZXIg44Os44Oz44K65L+d6K2344OV44Kj44Or44K/44O8IOOBiuOBmeOBmeOCgSDkuIDnnLzjg6zjg5Ug44Os44Oz44K644OV44Kj44Or44K/44O8IOOAkOiWhOaeoOioreioiOOAkQ==,44CQ44Oh44O844Or5L6/5a6a5Z6L5aSW6YO15L6/44Gu5aC05ZCI6YCB5paZ54Sh5paZ44CR,4pagNTVtbSBVViBGaWx0ZXIg44Os44Oz44K65L+d6K2344OV44Kj44Or44K/44O8IOOBiuOBmeOBmeOCgSDkuIDnnLzjg6zjg5Ug44Os44Oz44K644OV44Kj44Or44K/44O8CuKWoDxicj48YnI+CgrntKvlpJbnt5rjgpLjgqvjg4Pjg4jjgZfjgaboh6rnhLbjgaroibLoqr/jgaflhpnnnJ/jgYzmkq7jgozjgb7jgZnjgII8YnI+CuWxi+WkluOBp+OBruaSruW9seOBq+OBr+W/hemcgOWTgeOAgjxicj4K5bGL5YaF44KE5aSc6ZaT44O76Zu754Gv5LiL44Gn44Gu5pKu5b2x44Gn44KC44CB6Imy6Kq/44Gr5YWo44GP5b2x6Z+/44GC44KK44G+44Gb44KT44CCPGJyPgo8YnI+CjxiPuOCq+ODoeODqeODrOODs+OCuuOBr+WCt+OBpOOBjeOChOOBmeOBhOeJqeOBp+OBmeOAgjxicj4K44G+44Gf5rGa44KM44Gm5out44GP44Gf44Gz44Gr44Kz44O844OG44Kj44Oz44Kw44GM6JaE44GP44Gq44KK5Yml44GS44Gm44GX44G+44GG5LqL44KC44GC44KL44Gu44GnLDxmb250IGNvbG9yPSIjRkYwMDAwIj7jgZPjga7jg5XjgqPjg6vjgr/jg7zjgpLjg6zjg7Pjgrrkv53orbfjgajjgZfjgabkvb/jgYbjgZPjgajjgpLjgYrli6fjgoHjgZfjgb7jgZnjgII8L2ZvbnQ+PGJyPjwvYj4=,NTVtbSBVViBGaWx0ZXIg44Os44Oz44K65L+d6K2344OV44Kj44Or44K/44O8IOOBiuOBmeOBmeOCgSDkuIDnnLzjg6zjg5Ug44Os44Oz44K644OV44Kj44Or44K/44O8IOOAkOiWhOaeoOioreioiOOAke+8muOCvOODreODneODvOODiOOCuOODo+ODkeODsw==,NTVtbSBVViBGaWx0ZXIg44Os44Oz44K65L+d6K2344OV44Kj44Or44K/44O8IOOBiuOBmeOBmeOCgSDkuIDnnLzjg6zjg5Ug44Os44Oz44K644OV44Kj44Or44K/44O8IOOAkOiWhOaeoOioreioiOOAkQ==,44CQ44Oh44O844Or5L6/5a6a5Z6L5aSW6YO15L6/44Gu5aC05ZCI6YCB5paZ54Sh5paZ44CR44CCNTVtbSBVViBGaWx0ZXIg44Os44Oz44K65L+d6K2344OV44Kj44Or44K/44O8IOOBiuOBmeOBmeOCgSDkuIDnnLzjg6zjg5Ug44Os44Oz44K644OV44Kj44Or44K/44O8IOOAkOiWhOaeoOioreioiOOAkQ==[rn]
5-81370,aHR0cDovL3RzaG9wLnIxMHMuanAvemVyb3BvcnRqYXBhbi9jYWJpbmV0LzAzMDkyODk0LzAzMDk1ODkzLzAzMDk4ODM0L2ltZ3JjMDA2NjA2NjIxMi5qcGc/Zml0aW49NzAwOjcwMA==,MTAyNC4wMDAw,,VFbjg7vjgqrjg7zjg4fjgqPjgqrjg7vjgqvjg6Hjg6kgPiDjgqLjgq/jgrvjgrXjg6rjg7zjg7vpg6jlk4EgPiDjgqvjg6Hjg6njg7vjg5Pjg4fjgqrjgqvjg6Hjg6njg7vlhYnlrabmqZ/lmajnlKjjgqLjgq/jgrvjgrXjg6rjg7wgPiDkuqTmj5vjg6zjg7PjgrrnlKjjgqLjgq/jgrvjgrXjg6rjg7wgPiDjg6zjg7Pjgrrjg5XjgqPjg6vjgr/jg7w=,44Os44Oz44K65L+d6K2344OV44Kj44Or44K/44O8IDQzbW0g44OX44Ot44OG44Kv44K/44O8IOODrOODs+OCuuODleOCo+ODq+OCv+ODvOOAjuOCtOODvOODq+ODieODqeOCpOODs+OAj01DIFVWIE1DLVVWIOODieODrOOCueOCouODg+ODlyDjg5XjgqPjg6vjgr/jg7zjgJDoloTmnqDoqK3oqIjjgJE=,44CQ44Oh44O844Or5L6/5a6a5Z6L5aSW6YO15L6/44Gu5aC05ZCI6YCB5paZ54Sh5paZ44CR44Os44Oz44K65L+d6K2344OV44Kj44Or44K/44O8,PGNlbnRlcj48Yj48YnI+PGJyPgrjg6zjg7Pjgrrkv53orbfjg5XjgqPjg6vjgr/jg7wgNDNtbSDjg5fjg63jg4bjgq/jgr/jg7wg44Os44Oz44K644OV44Kj44Or44K/44O844CO44K044O844Or44OJ44Op44Kk44Oz44CPPGJyPjxicj4KTUMgVVYgTUMtVVYg44OJ44Os44K544Ki44OD44OXIOODleOCo+ODq+OCv+ODvOOAkOiWhOaeoOioreioiOOAkTxicj48YnI+PC9iPjwvY2VudGVyPgo8Zm9udCBjb2xvcj0iYmx1ZSIgc2l6ZT0iNiI+44OH44K444K/44Or55So44Os44Oz44K644Gr44GK5Yun44KB44Gu6JaE5p6g6Kit6KiIPC9mb250Pjxicj4KCue0q+Wklue3muOCkuOCq+ODg+ODiOOBl+OBpuiHqueEtuOBquiJsuiqv+OBp+WGmeecn+OBjOaSruOCjOOBvuOBmeOAgjxicj4K5bGL5aSW44Gn44Gu5pKu5b2x44Gr44Gv5b+F6ZyA5ZOB44CCPGJyPgrlsYvlhoXjgoTlpJzplpPjg7vpm7vnga/kuIvjgafjga7mkq7lvbHjgafjgoLjgIHoibLoqr/jgavlhajjgY/lvbHpn7/jgYLjgorjgb7jgZvjgpPjgII8YnI+CuOCq+ODoeODqeODrOODs+OCuuOBr+WCt+OBpOOBjeOChOOBmeOBhOeJqeOBp+OBmeOAgjxicj4K44G+44Gf5rGa44KM44Gm5out44GP44Gf44Gz44Gr44Kz44O844OG44Kj44Oz44Kw44GM6JaE44GP44Gq44KK5Yml44GS44Gm44GX44G+44GG5LqL44KC44GC44KL44Gu44Gn44Os44Oz44K65L+d6K2344Go44GX44Gm5L2/44GG44GT44Go44KS44GK5Yun44KB44GX44G+44GZ44CC,44Os44Oz44K65L+d6K2344OV44Kj44Or44K/44O8IDQzbW0g44OX44Ot44OG44Kv44K/44O8IOODrOODs+OCuuODleOCo+ODq+OCv+ODvOOAjuOCtOODvOODq+ODieODqeOCpOODs+OAj01DIFVWIE1DLVVWIOODieODrOOCueOCouODg+ODlyDjg5XjgqPjg6vjgr/jg7zjgJDoloTmnqDoqK3oqIjjgJHvvJrjgrzjg63jg53jg7zjg4jjgrjjg6Pjg5Hjg7M=,44Os44Oz44K65L+d6K2344OV44Kj44Or44K/44O8IDQzbW0g44OX44Ot44OG44Kv44K/44O8IOODrOODs+OCuuODleOCo+ODq+OCv+ODvOOAjuOCtOODvOODq+ODieODqeOCpOODs+OAj01DIFVWIE1DLVVWIOODieODrOOCueOCouODg+ODlyDjg5XjgqPjg6vjgr/jg7zjgJDoloTmnqDoqK3oqIjjgJE=,44CQ44Oh44O844Or5L6/5a6a5Z6L5aSW6YO15L6/44Gu5aC05ZCI6YCB5paZ54Sh5paZ44CR44Os44Oz44K65L+d6K2344OV44Kj44Or44K/44O844CC44Os44Oz44K65L+d6K2344OV44Kj44Or44K/44O8IDQzbW0g44OX44Ot44OG44Kv44K/44O8IOODrOODs+OCuuODleOCo+ODq+OCv+ODvOOAjuOCtOODvOODq+ODieODqeOCpOODs+OAj01DIFVWIE1DLVVWIOODieODrOOCueOCouODg+ODlyDjg5XjgqPjg6vjgr/jg7zjgJDoloTmnqDoqK3oqIjjgJE=[rn]
5-81371,aHR0cDovL3RzaG9wLnIxMHMuanAvemVyb3BvcnRqYXBhbi9jYWJpbmV0LzAzMTAyMzk1LzAzMTAyMzk2L2ltZ3JjMDA2NTEyNjM3Ni5qcGc/Zml0aW49NzAwOjcwMA==,MjU5Mi4wMDAw,,VFbjg7vjgqrjg7zjg4fjgqPjgqrjg7vjgqvjg6Hjg6kgPiDjgqLjgq/jgrvjgrXjg6rjg7zjg7vpg6jlk4EgPiDjgqvjg6Hjg6njg7vjg5Pjg4fjgqrjgqvjg6Hjg6njg7vlhYnlrabmqZ/lmajnlKjjgqLjgq/jgrvjgrXjg6rjg7wgPiDkuqTmj5vjg6zjg7PjgrrnlKjjgqLjgq/jgrvjgrXjg6rjg7wgPiDjg6zjg7Pjgrrjg5XjgqPjg6vjgr/jg7w=,44CQRk9UT0JFU1RXQVnjgJHjgIDjgIDlj6/lpInlvI9OROODleOCo+ODq+OCv+ODvEZhZGVyIE5E44OV44Kj44Or44K/44O8NTjvvY3vvY0=,44CQ44Oh44O844Or5L6/5a6a5Z6L5aSW6YO15L6/44Gu5aC05ZCI6YCB5paZ54Sh5paZ44CR,PGNlbnRlcj48Yj48YnI+PGJyPgrlj6/lpInlvI9uZOODleOCo+ODq+OCv+ODvCA1OO+9je+9jSBORCDjg5XjgqPjg6vjgr/jg7wg5Y+v5aSJCjxicj48YnI+Ck5EIEZBREVSIOODleOCo+ODq+OCv+ODvDxicj48YnI+PC9iPjwvY2VudGVyPjxiPjxmb250IGNvbG9yPSJibHVlIiBzaXplPSIyIj7imIXku4roqbHpoYzjga7jg5Djg6rjgqLjg5bjg6tOROODleOCo+ODq+OCv+ODvOKYhTwvZm9udD48YnI+CuiDjOaZr+OCkuOBvOOBi+OBl+OBn+OBhOS6uu+8gee1nuOCiuOCkumWi+aUvuOBq+OBl+OBn+OBhOS6uu+8geOBq+OBiuWLp+OCgeOBp+OBmeOAgjxicj4K5LuK44G+44Gn44GvTkQyLDQuOOOBruODleOCo+ODq+OCv+ODvOOCkuaSruW9seeKtuazgeOBq+WQiOOCj+OBm+OBpuS7mOOBkeabv+OBiOOBpuOBhOOBvuOBl+OBn+OAgjxicj4K5LuY5pu/44GI44Gv6Z2e5bi444Gr6Z2i5YCS77yBPGJyPgrjgrfjg6Pjg4Pjgr/jg7zjg4Hjg6Pjg7PjgrnpgIPjgZfjgb7jgZnjgojjga3vvIE8YnI+Cgo8Zm9udCBjb2xvcj0icmVkIiBzaXplPSIyIj7jgZPjga4x5p6a44GnTkTlirnmnpzlvLflvLHjgpLoh6rlnKjjgavjgrPjg7Pjg4jjg63jg7zjg6vjgafjgY3jgb7jgZnjgII8L2ZvbnQ+PGJyPgoKTWlu44GnTkQy77yILTEuMEVWKU5EM++8iC0xLjVFVu+8iTxicj4KTUFY44GnTkQ0MDDvvIgtOUVW77yJ5pyb6YGg57O744Gq44KJ44Gd44KM5Lul5LiKPGJyPgoK4oC75L2/55So44GV44KM44KL44Os44Oz44K677yI5bqD6KeS57O744Gn44GvTkQ0MDDjgb7jgafjga7muJvlhYnjga/jgafjgY3jgb7jgZvjgpPjgILvvInjgavjgojjgaPjgabmuJvlhYnph4/jga/pgZXjgaPjgabjgY3jgb7jgZnjgILkuojjgoHjgZTkuobmib/jgY/jgaDjgZXjgYTjgII8YnI+CgoKPC9CPjxicj4KLS0tLS0tLS0tLS0tLS0tLS0tLS0tLS0tLS0tLS0tLS0tLS0tLS0tLS0tLS0tLS08YnI+CkZhZGVyIE5E44Gv5rib5YWJ6YeP44KS44Oq44Oz44Kw44KS44G+44KP44GX44Gm6Kq/5pW044GZ44KL44Gg44GR77yBPGJyPgoK5LiA5bqm5L2/44Gj44Gf44KJ5omL5pS+44Gb44G+44Gb44KT44CCPGJyPgoK44Oq44Oz44Kw44KS5Zue44GX44Gm6Zyy5YWJ44KS5rG644KB44KJ44KM44KL44Gu44Gv44CB44Go44Gm44KC5L6/5Yip44Gn44GZ44CCPGJyPgoK44KP44GW44KP44GW5piO44KL44GV44Gr5ZCI44KP44Gb44Gm5LuY44GR5pu/44GI44KL5b+F6KaB44Gq44GX77yBPGJyPgoK44OH44K444K/44Or5LiA55y85pKu5b2x44Gr77yB5LiA55y844Os44OV5YuV55S75pKu5b2x44Gr77yBPGJyPgrmmI7jgovjgYTjgajjgZPjgo3jgafog4zmma/jgpLjgbzjgYvjgZfjgZ/jgYTmmYLjga7lv4XpoIjjgqLjgqTjg4bjg6DvvIE8YnI+PHNwYW4gc3R5bGU9InBhZGRpbmc6MnB4O2JhY2tncm91bmQtY29sb3I6I0ZGRkY2NjsiPjxiPgrjg6zjg7Pjgrrjga7mgKfog73jgpLmnIDlpKfpmZDjgavlvJXjgY3lh7rjgZnjg5Djg6rjgqLjg5bjg6vlj6/lpInlvI9GYWRlciBOROODleOCo+OCv+ODvOOBr+OAgeOCq+ODoeODqeODnuODs+OBruW/hemgiOOCouOCpOODhuODoOOBp+OBmeOAgjwvYj48L3NwYW4+PGJyPg==,44CQRk9UT0JFU1RXQVnjgJHjgIDjgIDlj6/lpInlvI9OROODleOCo+ODq+OCv+ODvEZhZGVyIE5E44OV44Kj44Or44K/44O8NTjvvY3vvY3vvJrjgrzjg63jg53jg7zjg4jjgrjjg6Pjg5Hjg7M=,44CQRk9UT0JFU1RXQVnjgJHjgIDjgIDlj6/lpInlvI9OROODleOCo+ODq+OCv+ODvEZhZGVyIE5E44OV44Kj44Or44K/44O8NTjvvY3vvY0=,44CQ44Oh44O844Or5L6/5a6a5Z6L5aSW6YO15L6/44Gu5aC05ZCI6YCB5paZ54Sh5paZ44CR44CC44CQRk9UT0JFU1RXQVnjgJHjgIDjgIDlj6/lpInlvI9OROODleOCo+ODq+OCv+ODvEZhZGVyIE5E44OV44Kj44Or44K/44O8NTjvvY3vvY0=[rn]
5-81372,aHR0cDovL3RzaG9wLnIxMHMuanAvemVyb3BvcnRqYXBhbi9jYWJpbmV0LzAzMTAyMzk1LzAzMTAyMzk2L2ltZ3JjMDA2NTEyNjM3OS5qcGc/Zml0aW49NzAwOjcwMA==,MjU5Mi4wMDAw,,VFbjg7vjgqrjg7zjg4fjgqPjgqrjg7vjgqvjg6Hjg6kgPiDjgqLjgq/jgrvjgrXjg6rjg7zjg7vpg6jlk4EgPiDjgqvjg6Hjg6njg7vjg5Pjg4fjgqrjgqvjg6Hjg6njg7vlhYnlrabmqZ/lmajnlKjjgqLjgq/jgrvjgrXjg6rjg7wgPiDkuqTmj5vjg6zjg7PjgrrnlKjjgqLjgq/jgrvjgrXjg6rjg7wgPiDjg6zjg7Pjgrrjg5XjgqPjg6vjgr/jg7w=,44CQRk9UT0JFU1RXQVnjgJHjgIDjgIDlj6/lpInlvI9OROODleOCo+ODq+OCv+ODvEZhZGVyIE5E44OV44Kj44Or44K/44O8NzLvvY3vvY0=,44CQ44Oh44O844Or5L6/5a6a5Z6L5aSW6YO15L6/44Gu5aC05ZCI6YCB5paZ54Sh5paZ44CR,PGNlbnRlcj48Yj48YnI+PGJyPgrlj6/lpInlvI9uZOODleOCo+ODq+OCv+ODvCA3Mu+9je+9jSBORCDjg5XjgqPjg6vjgr/jg7wg5Y+v5aSJCjxicj48YnI+Ck5EIEZBREVSIOODleOCo+ODq+OCv+ODvDxicj48YnI+PC9iPjwvY2VudGVyPgo8Yj48Zm9udCBjb2xvcj0iYmx1ZSIgc2l6ZT0iMiI+4piF5LuK6Kmx6aGM44Gu44OQ44Oq44Ki44OW44OrTkTjg5XjgqPjg6vjgr/jg7zimIU8L2ZvbnQ+PGJyPgrog4zmma/jgpLjgbzjgYvjgZfjgZ/jgYTkurrvvIHntZ7jgorjgpLplovmlL7jgavjgZfjgZ/jgYTkurrvvIHjgavjgYrli6fjgoHjgafjgZnjgII8YnI+CuS7iuOBvuOBp+OBr05EMiw0Ljjjga7jg5XjgqPjg6vjgr/jg7zjgpLmkq7lvbHnirbms4HjgavlkIjjgo/jgZvjgabku5jjgZHmm7/jgYjjgabjgYTjgb7jgZfjgZ/jgII8YnI+CuS7mOabv+OBiOOBr+mdnuW4uOOBq+mdouWAku+8gTxicj4K44K344Oj44OD44K/44O844OB44Oj44Oz44K56YCD44GX44G+44GZ44KI44Gt77yBPGJyPgoKPGZvbnQgY29sb3I9InJlZCIgc2l6ZT0iMiI+44GT44GuMeaemuOBp05E5Yq55p6c5by35byx44KS6Ieq5Zyo44Gr44Kz44Oz44OI44Ot44O844Or44Gn44GN44G+44GZ44CCPC9mb250Pjxicj4KCk1pbuOBp05EMu+8iC0xLjBFVilORDPvvIgtMS41RVbvvIk8YnI+Ck1BWOOBp05ENDAw77yILTlFVu+8ieacm+mBoOezu+OBquOCieOBneOCjOS7peS4ijxicj4KCuKAu+S9v+eUqOOBleOCjOOCi+ODrOODs+OCuu+8iOW6g+inkuezu+OBp+OBr05ENDAw44G+44Gn44Gu5rib5YWJ44Gv44Gn44GN44G+44Gb44KT44CC77yJ44Gr44KI44Gj44Gm5rib5YWJ6YeP44Gv6YGV44Gj44Gm44GN44G+44GZ44CC5LqI44KB44GU5LqG5om/44GP44Gg44GV44GE44CCPGJyPgoKCjwvQj48YnI+Ci0tLS0tLS0tLS0tLS0tLS0tLS0tLS0tLS0tLS0tLS0tLS0tLS0tLS0tLS0tLS0tPGJyPgpGYWRlciBOROOBr+a4m+WFiemHj+OCkuODquODs+OCsOOCkuOBvuOCj+OBl+OBpuiqv+aVtOOBmeOCi+OBoOOBke+8gTxicj4KCuS4gOW6puS9v+OBo+OBn+OCieaJi+aUvuOBm+OBvuOBm+OCk+OAgjxicj4KCuODquODs+OCsOOCkuWbnuOBl+OBpumcsuWFieOCkuaxuuOCgeOCieOCjOOCi+OBruOBr+OAgeOBqOOBpuOCguS+v+WIqeOBp+OBmeOAgjxicj4KCuOCj+OBluOCj+OBluaYjuOCi+OBleOBq+WQiOOCj+OBm+OBpuS7mOOBkeabv+OBiOOCi+W/heimgeOBquOBl++8gTxicj4KCuODh+OCuOOCv+ODq+S4gOecvOaSruW9seOBq++8geS4gOecvOODrOODleWLleeUu+aSruW9seOBq++8gTxicj4K5piO44KL44GE44Go44GT44KN44Gn6IOM5pmv44KS44G844GL44GX44Gf44GE5pmC44Gu5b+F6aCI44Ki44Kk44OG44Og77yBPGJyPjxzcGFuIHN0eWxlPSJwYWRkaW5nOjJweDtiYWNrZ3JvdW5kLWNvbG9yOiNGRkZGNjY7Ij48Yj4K44Os44Oz44K644Gu5oCn6IO944KS5pyA5aSn6ZmQ44Gr5byV44GN5Ye644GZ44OQ44Oq44Ki44OW44Or5Y+v5aSJ5byPRmFkZXIgTkTjg5XjgqPjgr/jg7zjga/jgIHjgqvjg6Hjg6njg57jg7Pjga7lv4XpoIjjgqLjgqTjg4bjg6DjgafjgZnjgII8L2I+PC9zcGFuPjxicj4=,44CQRk9UT0JFU1RXQVnjgJHjgIDjgIDlj6/lpInlvI9OROODleOCo+ODq+OCv+ODvEZhZGVyIE5E44OV44Kj44Or44K/44O8NzLvvY3vvY3vvJrjgrzjg63jg53jg7zjg4jjgrjjg6Pjg5Hjg7M=,44CQRk9UT0JFU1RXQVnjgJHjgIDjgIDlj6/lpInlvI9OROODleOCo+ODq+OCv+ODvEZhZGVyIE5E44OV44Kj44Or44K/44O8NzLvvY3vvY0=,44CQ44Oh44O844Or5L6/5a6a5Z6L5aSW6YO15L6/44Gu5aC05ZCI6YCB5paZ54Sh5paZ44CR44CC44CQRk9UT0JFU1RXQVnjgJHjgIDjgIDlj6/lpInlvI9OROODleOCo+ODq+OCv+ODvEZhZGVyIE5E44OV44Kj44Or44K/44O8NzLvvY3vvY0=[rn]
5-81373,aHR0cDovL3RzaG9wLnIxMHMuanAvemVyb3BvcnRqYXBhbi9jYWJpbmV0LzAzMTAyMzk1LzAzMTAyMzk2L2ltZ3JjMDA2NTEyNjQ5MC5qcGc/Zml0aW49NzAwOjcwMA==,MzE4NC4wMDAw,,VFbjg7vjgqrjg7zjg4fjgqPjgqrjg7vjgqvjg6Hjg6kgPiDjgqLjgq/jgrvjgrXjg6rjg7zjg7vpg6jlk4EgPiDjgqvjg6Hjg6njg7vjg5Pjg4fjgqrjgqvjg6Hjg6njg7vlhYnlrabmqZ/lmajnlKjjgqLjgq/jgrvjgrXjg6rjg7wgPiDkuqTmj5vjg6zjg7PjgrrnlKjjgqLjgq/jgrvjgrXjg6rjg7wgPiDjg6zjg7Pjgrrjg5XjgqPjg6vjgr/jg7w=,44CQQkVTVFdBWeOAkeOAgOOAgOWPr+WkieW8j+a4m+WFiU5E44OV44Kj44Or44K/44O8TUMtRmFkZXIgTkTjg5XjgqPjg6vjgr/jg7w1OO+9je+9jeOAkOODnuODq+ODgeOCs+ODvOODiOS7leanmOOAkQ==,44CQ44Oh44O844Or5L6/5a6a5Z6L5aSW6YO15L6/44Gu5aC05ZCI6YCB5paZ54Sh5paZ44CR,PGNlbnRlcj48Yj48YnI+PGJyPgrjg57jg6vjg4HjgrPjg7zjg4jku5Xmp5gg5Y+v5aSJ5byPbmTjg5XjgqPjg6vjgr/jg7wgNTjvvY3vvY0gTkQg44OV44Kj44Or44K/44O8IOWPr+WkiQo8YnI+PGJyPgpORCBGQURFUiDjg5XjgqPjg6vjgr/jg7w8YnI+PGJyPjwvYj48L2NlbnRlcj4KPGI+PGZvbnQgY29sb3I9InJlZCIgc2l6ZT0iNCI+4piF5aSa5bGk57eR6Iac44Oe44Or44OB44Kz44O844OI5LuV5qeY44Gr44GZ44KL44GT44Go44Gn44CB5YK35rGa44KM44Gr5by344GE4piF5aSa5bGk57eR6Iac44OQ44Oq44Ki44OW44OrTkTjg5XjgqPjg6vjgr/jg7zjgIxGb3RvYmVzdHdheSBGYWRlciBORCDvvIjlj6/lpIlOROODleOCo+ODq+OCv+ODvO+8ieOBp+OBmeOAgjwvZm9udD48YnI+CjxzcGFuIHN0eWxlPSJwYWRkaW5nOjJweDtiYWNrZ3JvdW5kLWNvbG9yOiNGRkZGNjY7Ij7kuIDoiKznmoTjgavjg43jg4Pjg4josqnlo7LjgZXjgozjgabjgYTjgotOROOAgEZhZGVy44Gu44G744Go44KT44Gp44Gv44Oi44OO44Kz44O844OI5LuV5qeY44Gn44GZ44CCRm90b2Jlc3R3YXnjgIBNQy1GYWRlcuODleOCo+ODq+OCv+ODvOOBr+ODnuODq+ODgeOCs+ODvOODiOS7leanmOOBp+OBmeOAguODleOCo+ODq+OCv+ODvOS4oemdouOCkuWPjeWwhOOBleOBm+OBpuOBv+OCjOOBsOOAgeODouODjuOCs+ODvOODiOS7leanmOOBr+eZveOBj+WPjeWwhOOBl+OBvuOBmeOAguOBk+OBrkZhZGVy44OV44Kj44Or44K/44O844Gv57eR6Imy44Gr5Y+N5bCE44GX44G+44GZ44CCPC9zcGFuPjxicj4K6IOM5pmv44KS44G844GL44GX44Gf44GE5Lq677yB57We44KK44KS6ZaL5pS+44Gr44GX44Gf44GE5Lq677yB44Gr44GK5Yun44KB44Gn44GZ44CCPGJyPgrku4rjgb7jgafjga9ORDIsNC4444Gu44OV44Kj44Or44K/44O844KS5pKu5b2x54q25rOB44Gr5ZCI44KP44Gb44Gm5LuY44GR5pu/44GI44Gm44GE44G+44GX44Gf44CCPGJyPgrku5jmm7/jgYjjga/pnZ7luLjjgavpnaLlgJLvvIE8YnI+CuOCt+ODo+ODg+OCv+ODvOODgeODo+ODs+OCuemAg+OBl+OBvuOBmeOCiOOBre+8gTxicj4KCjxmb250IGNvbG9yPSJyZWQiIHNpemU9IjIiPuOBk+OBrjHmnprjgadOROWKueaenOW8t+W8seOCkuiHquWcqOOBq+OCs+ODs+ODiOODreODvOODq+OBp+OBjeOBvuOBmeOAgjwvZm9udD48YnI+CgpNaW7jgadORDLvvIgtMS4wRVYpTkQz77yILTEuNUVW77yJPGJyPgpNQVjjgadORDQwMO+8iC05RVbvvInmnJvpgaDns7vjgarjgonjgZ3jgozku6XkuIo8YnI+CgrigLvkvb/nlKjjgZXjgozjgovjg6zjg7PjgrrvvIjluoPop5Lns7vjgafjga9ORDQwMOOBvuOBp+OBrua4m+WFieOBr+OBp+OBjeOBvuOBm+OCk+OAgu+8ieOBq+OCiOOBo+OBpua4m+WFiemHj+OBr+mBleOBo+OBpuOBjeOBvuOBmeOAguS6iOOCgeOBlOS6huaJv+OBj+OBoOOBleOBhOOAgjxicj4KCgo8L0I+PGJyPgotLS0tLS0tLS0tLS0tLS0tLS0tLS0tLS0tLS0tLS0tLS0tLS0tLS0tLS0tLS0tLTxicj4KRmFkZXIgTkTjga/muJvlhYnph4/jgpLjg6rjg7PjgrDjgpLjgb7jgo/jgZfjgaboqr/mlbTjgZnjgovjgaDjgZHvvIE8YnI+CgrkuIDluqbkvb/jgaPjgZ/jgonmiYvmlL7jgZvjgb7jgZvjgpPjgII8YnI+Cgrjg6rjg7PjgrDjgpLlm57jgZfjgabpnLLlhYnjgpLmsbrjgoHjgonjgozjgovjga7jga/jgIHjgajjgabjgoLkvr/liKnjgafjgZnjgII8YnI+Cgrjgo/jgZbjgo/jgZbmmI7jgovjgZXjgavlkIjjgo/jgZvjgabku5jjgZHmm7/jgYjjgovlv4XopoHjgarjgZfvvIE8YnI+Cgrjg4fjgrjjgr/jg6vkuIDnnLzmkq7lvbHjgavvvIHkuIDnnLzjg6zjg5Xli5XnlLvmkq7lvbHjgavvvIE8YnI+CuaYjuOCi+OBhOOBqOOBk+OCjeOBp+iDjOaZr+OCkuOBvOOBi+OBl+OBn+OBhOaZguOBruW/hemgiOOCouOCpOODhuODoO+8gTxicj48c3BhbiBzdHlsZT0icGFkZGluZzoycHg7YmFja2dyb3VuZC1jb2xvcjojRkZGRjY2OyI+PGI+CuODrOODs+OCuuOBruaAp+iDveOCkuacgOWkp+mZkOOBq+W8leOBjeWHuuOBmeODkOODquOCouODluODq+WPr+WkieW8j0ZhZGVyIE5E44OV44Kj44K/44O844Gv44CB44Kr44Oh44Op44Oe44Oz44Gu5b+F6aCI44Ki44Kk44OG44Og44Gn44GZ44CCPC9iPjwvc3Bhbj48YnI+,44CQQkVTVFdBWeOAkeOAgOOAgOWPr+WkieW8j+a4m+WFiU5E44OV44Kj44Or44K/44O8TUMtRmFkZXIgTkTjg5XjgqPjg6vjgr/jg7w1OO+9je+9jeOAkOODnuODq+ODgeOCs+ODvOODiOS7leanmOOAke+8muOCvOODreODneODvOODiOOCuOODo+ODkeODsw==,44CQQkVTVFdBWeOAkeOAgOOAgOWPr+WkieW8j+a4m+WFiU5E44OV44Kj44Or44K/44O8TUMtRmFkZXIgTkTjg5XjgqPjg6vjgr/jg7w1OO+9je+9jeOAkOODnuODq+ODgeOCs+ODvOODiOS7leanmOOAkQ==,44CQ44Oh44O844Or5L6/5a6a5Z6L5aSW6YO15L6/44Gu5aC05ZCI6YCB5paZ54Sh5paZ44CR44CC44CQQkVTVFdBWeOAkeOAgOOAgOWPr+WkieW8j+a4m+WFiU5E44OV44Kj44Or44K/44O8TUMtRmFkZXIgTkTjg5XjgqPjg6vjgr/jg7w1OO+9je+9jeOAkOODnuODq+ODgeOCs+ODvOODiOS7leanmOOAkQ==[rn]
5-81374,aHR0cDovL3RzaG9wLnIxMHMuanAvemVyb3BvcnRqYXBhbi9jYWJpbmV0LzAzMTAyMzk1LzAzMTAyMzk2L2ltZ3JjMDA2NTEyNjM3OC5qcGc/Zml0aW49NzAwOjcwMA==,MjU5Mi4wMDAw,,VFbjg7vjgqrjg7zjg4fjgqPjgqrjg7vjgqvjg6Hjg6kgPiDjgqLjgq/jgrvjgrXjg6rjg7zjg7vpg6jlk4EgPiDjgqvjg6Hjg6njg7vjg5Pjg4fjgqrjgqvjg6Hjg6njg7vlhYnlrabmqZ/lmajnlKjjgqLjgq/jgrvjgrXjg6rjg7wgPiDkuqTmj5vjg6zjg7PjgrrnlKjjgqLjgq/jgrvjgrXjg6rjg7wgPiDjg6zjg7Pjgrrjg5XjgqPjg6vjgr/jg7w=,44CQRk9UT0JFU1RXQVnjgJHjgIDjgIDlj6/lpInlvI9OROODleOCo+ODq+OCv+ODvEZhZGVyIE5E44OV44Kj44Or44K/44O8NjfvvY3vvY0=,44CQ44Oh44O844Or5L6/5a6a5Z6L5aSW6YO15L6/44Gu5aC05ZCI6YCB5paZ54Sh5paZ44CR,PGNlbnRlcj48Yj48YnI+PGJyPgrlj6/lpInlvI9uZOODleOCo+ODq+OCv+ODvCA2N++9je+9jSBORCDjg5XjgqPjg6vjgr/jg7wg5Y+v5aSJCjxicj48YnI+Ck5EIEZBREVSIOODleOCo+ODq+OCv+ODvDxicj48YnI+PC9iPjwvY2VudGVyPjxiPjxmb250IGNvbG9yPSJibHVlIiBzaXplPSIyIj7imIXku4roqbHpoYzjga7jg5Djg6rjgqLjg5bjg6tOROODleOCo+ODq+OCv+ODvOKYhTwvZm9udD48YnI+CuiDjOaZr+OCkuOBvOOBi+OBl+OBn+OBhOS6uu+8gee1nuOCiuOCkumWi+aUvuOBq+OBl+OBn+OBhOS6uu+8geOBq+OBiuWLp+OCgeOBp+OBmeOAgjxicj4K5LuK44G+44Gn44GvTkQyLDQuOOOBruODleOCo+ODq+OCv+ODvOOCkuaSruW9seeKtuazgeOBq+WQiOOCj+OBm+OBpuS7mOOBkeabv+OBiOOBpuOBhOOBvuOBl+OBn+OAgjxicj4K5LuY5pu/44GI44Gv6Z2e5bi444Gr6Z2i5YCS77yBPGJyPgrjgrfjg6Pjg4Pjgr/jg7zjg4Hjg6Pjg7PjgrnpgIPjgZfjgb7jgZnjgojjga3vvIE8YnI+Cgo8Zm9udCBjb2xvcj0icmVkIiBzaXplPSIyIj7jgZPjga4x5p6a44GnTkTlirnmnpzlvLflvLHjgpLoh6rlnKjjgavjgrPjg7Pjg4jjg63jg7zjg6vjgafjgY3jgb7jgZnjgII8L2ZvbnQ+PGJyPgoKTWlu44GnTkQy77yILTEuMEVWKU5EM++8iC0xLjVFVu+8iTxicj4KTUFY44GnTkQ0MDDvvIgtOUVW77yJ5pyb6YGg57O744Gq44KJ44Gd44KM5Lul5LiKPGJyPgoK4oC75L2/55So44GV44KM44KL44Os44Oz44K677yI5bqD6KeS57O744Gn44GvTkQ0MDDjgb7jgafjga7muJvlhYnjga/jgafjgY3jgb7jgZvjgpPjgILvvInjgavjgojjgaPjgabmuJvlhYnph4/jga/pgZXjgaPjgabjgY3jgb7jgZnjgILkuojjgoHjgZTkuobmib/jgY/jgaDjgZXjgYTjgII8YnI+CgoKPC9CPjxicj4KLS0tLS0tLS0tLS0tLS0tLS0tLS0tLS0tLS0tLS0tLS0tLS0tLS0tLS0tLS0tLS08YnI+CkZhZGVyIE5E44Gv5rib5YWJ6YeP44KS44Oq44Oz44Kw44KS44G+44KP44GX44Gm6Kq/5pW044GZ44KL44Gg44GR77yBPGJyPgoK5LiA5bqm5L2/44Gj44Gf44KJ5omL5pS+44Gb44G+44Gb44KT44CCPGJyPgoK44Oq44Oz44Kw44KS5Zue44GX44Gm6Zyy5YWJ44KS5rG644KB44KJ44KM44KL44Gu44Gv44CB44Go44Gm44KC5L6/5Yip44Gn44GZ44CCPGJyPgoK44KP44GW44KP44GW5piO44KL44GV44Gr5ZCI44KP44Gb44Gm5LuY44GR5pu/44GI44KL5b+F6KaB44Gq44GX77yBPGJyPgoK44OH44K444K/44Or5LiA55y85pKu5b2x44Gr77yB5LiA55y844Os44OV5YuV55S75pKu5b2x44Gr77yBPGJyPgrmmI7jgovjgYTjgajjgZPjgo3jgafog4zmma/jgpLjgbzjgYvjgZfjgZ/jgYTmmYLjga7lv4XpoIjjgqLjgqTjg4bjg6DvvIE8YnI+PHNwYW4gc3R5bGU9InBhZGRpbmc6MnB4O2JhY2tncm91bmQtY29sb3I6I0ZGRkY2NjsiPjxiPgrjg6zjg7Pjgrrjga7mgKfog73jgpLmnIDlpKfpmZDjgavlvJXjgY3lh7rjgZnjg5Djg6rjgqLjg5bjg6vlj6/lpInlvI9GYWRlciBOROODleOCo+OCv+ODvOOBr+OAgeOCq+ODoeODqeODnuODs+OBruW/hemgiOOCouOCpOODhuODoOOBp+OBmeOAgjwvYj48L3NwYW4+PGJyPg==,44CQRk9UT0JFU1RXQVnjgJHjgIDjgIDlj6/lpInlvI9OROODleOCo+ODq+OCv+ODvEZhZGVyIE5E44OV44Kj44Or44K/44O8NjfvvY3vvY3vvJrjgrzjg63jg53jg7zjg4jjgrjjg6Pjg5Hjg7M=,44CQRk9UT0JFU1RXQVnjgJHjgIDjgIDlj6/lpInlvI9OROODleOCo+ODq+OCv+ODvEZhZGVyIE5E44OV44Kj44Or44K/44O8NjfvvY3vvY0=,44CQ44Oh44O844Or5L6/5a6a5Z6L5aSW6YO15L6/44Gu5aC05ZCI6YCB5paZ54Sh5paZ44CR44CC44CQRk9UT0JFU1RXQVnjgJHjgIDjgIDlj6/lpInlvI9OROODleOCo+ODq+OCv+ODvEZhZGVyIE5E44OV44Kj44Or44K/44O8NjfvvY3vvY0=[rn]
5-81375,aHR0cDovL3RzaG9wLnIxMHMuanAvemVyb3BvcnRqYXBhbi9jYWJpbmV0LzAzMDkyODk0LzAzMDk1ODkzLzAzMDk4ODM0L2ltZ3JjMDA2NTEyNzAyNy5qcGc/Zml0aW49NzAwOjcwMA==,NTU5LjIwMDA=,,VFbjg7vjgqrjg7zjg4fjgqPjgqrjg7vjgqvjg6Hjg6kgPiDjgqLjgq/jgrvjgrXjg6rjg7zjg7vpg6jlk4EgPiDjgqvjg6Hjg6njg7vjg5Pjg4fjgqrjgqvjg6Hjg6njg7vlhYnlrabmqZ/lmajnlKjjgqLjgq/jgrvjgrXjg6rjg7wgPiDkuqTmj5vjg6zjg7PjgrrnlKjjgqLjgq/jgrvjgrXjg6rjg7wgPiDjg6zjg7Pjgrrjg5XjgqPjg6vjgr/jg7w=,44Os44Oz44K65L+d6K2344OV44Kj44Or44K/44O8IOODl+ODreODhuOCr+OCv+ODvCDjg6zjg7Pjgrrjg5XjgqPjgr/jg7wgTUMgVVYgTUMtVVYgNThtbeOAkFRpQU5ZQSDjgJHoloTmnqDoqK3oqIjjgrnjg6rjg6Djgr/jgqTjg5c=,44CQ44Oh44O844Or5L6/5a6a5Z6L5aSW6YO15L6/44Gu5aC05ZCI6YCB5paZ54Sh5paZ44CR44Os44Oz44K65L+d6K2355So44Gr44GK5Yun44KB77yB,PGNlbnRlcj48Yj48YnI+PGJyPgrjg6zjg7Pjgrrkv53orbfjg5XjgqPjg6vjgr/jg7wg44OX44Ot44OG44Kv44K/44O8IOODrOODs+OCuuODleOCo+ODq+OCv+ODvCBNQyBVViBNQy1VViA1OG1t44CQVGlBTllBIOOAkeiWhOaeoOioreioiOOCueODquODoOOCv+OCpOODlwo8L2I+PC9jZW50ZXI+PGJyPjxicj4KPGI+PGZvbnQgY29sb3I9ImJsdWUiIHNpemU9IjYiPkRJR0lUQUwgSU1BR0lORyBUaUFO772ZQSDjg6zjg7Pjgrrjg5XjgqPjg6vjgr/jg7wK44OH44K444K/44Or55So44Os44Oz44K644Gr44GK5Yun44KB77yBPC9mb250Pjxicj4KPGZvbnQgY29sb3I9InJlZCIgc2l6ZT0iNiI+6JaE5p6g6Kit6KiINu+9je+9jeOCueODquODoOOCv+OCpOODl++8iOODleOCo+ODq+OCv+ODvOaeoDMuNe+9je+9je+8iTwvZm9udD48YnI+CuOCs+ODvOODhuOCo+ODs+OCsOS7leanmOOBrue0q+Wklue3muWQuOWPjk1DLVVW44OV44Kj44Or44K/44O844Gn44GZ44CCPGJyPgpVVuODleOCo+ODq+OCv+ODvOOBp+OBmeOBjOiJsuWGjeePvuOBq+W9semfv+OBquOBl++8gTxicj4K44GX44GL44KC44Oi44OO44Kz44O844OI44K/44Kk44OX44KI44KK6YCP6YGO546HVVDvvIE8L2I+PGJyPgoK57Sr5aSW57ea44KS44Kr44OD44OI44GX44Gm6Ieq54S244Gq6Imy6Kq/44Gn5YaZ55yf44GM5pKu44KM44G+44GZ44CCPGJyPgrlsYvlpJbjgafjga7mkq7lvbHjgavjga/lv4XpnIDlk4HjgII8YnI+CuWxi+WGheOChOWknOmWk+ODu+mbu+eBr+S4i+OBp+OBruaSruW9seOBp+OCguOAgeiJsuiqv+OBq+WFqOOBj+W9semfv+OBguOCiuOBvuOBm+OCk+OAgjxicj4K44Kr44Oh44Op44Os44Oz44K644Gv5YK344Gk44GN44KE44GZ44GE54mp44Gn44GZ44CCPGJyPgrjgb7jgZ/msZrjgozjgabmi63jgY/jgZ/jgbPjgavjgrPjg7zjg4bjgqPjg7PjgrDjgYzoloTjgY/jgarjgorliaXjgZLjgabjgZfjgb7jgYbkuovjgoLjgYLjgovjga7jgafjg6zjg7Pjgrrkv53orbfjgajjgZfjgabkvb/jgYbjgZPjgajjgpLjgYrli6fjgoHjgZfjgb7jgZnjgII=,44Os44Oz44K65L+d6K2344OV44Kj44Or44K/44O8IOODl+ODreODhuOCr+OCv+ODvCDjg6zjg7Pjgrrjg5XjgqPjgr/jg7wgTUMgVVYgTUMtVVYgNThtbeOAkFRpQU5ZQSDjgJHoloTmnqDoqK3oqIjjgrnjg6rjg6Djgr/jgqTjg5fvvJrjgrzjg63jg53jg7zjg4jjgrjjg6Pjg5Hjg7M=,44Os44Oz44K65L+d6K2344OV44Kj44Or44K/44O8IOODl+ODreODhuOCr+OCv+ODvCDjg6zjg7Pjgrrjg5XjgqPjgr/jg7wgTUMgVVYgTUMtVVYgNThtbeOAkFRpQU5ZQSDjgJHoloTmnqDoqK3oqIjjgrnjg6rjg6Djgr/jgqTjg5c=,44CQ44Oh44O844Or5L6/5a6a5Z6L5aSW6YO15L6/44Gu5aC05ZCI6YCB5paZ54Sh5paZ44CR44Os44Oz44K65L+d6K2355So44Gr44GK5Yun44KB77yB44CC44Os44Oz44K65L+d6K2344OV44Kj44Or44K/44O8IOODl+ODreODhuOCr+OCv+ODvCDjg6zjg7Pjgrrjg5XjgqPjgr/jg7wgTUMgVVYgTUMtVVYgNThtbeOAkFRpQU5ZQSDjgJHoloTmnqDoqK3oqIjjgrnjg6rjg6Djgr/jgqTjg5c=[rn]
5-81376,aHR0cDovL3RzaG9wLnIxMHMuanAvemVyb3BvcnRqYXBhbi9jYWJpbmV0LzAzMTAyMzk1LzAzMTAyMzk2L2ltZ3JjMDA2NTEyNjQ5MS5qcGc/Zml0aW49NzAwOjcwMA==,MzE4NC4wMDAw,,VFbjg7vjgqrjg7zjg4fjgqPjgqrjg7vjgqvjg6Hjg6kgPiDjgqLjgq/jgrvjgrXjg6rjg7zjg7vpg6jlk4EgPiDjgqvjg6Hjg6njg7vjg5Pjg4fjgqrjgqvjg6Hjg6njg7vlhYnlrabmqZ/lmajnlKjjgqLjgq/jgrvjgrXjg6rjg7wgPiDkuqTmj5vjg6zjg7PjgrrnlKjjgqLjgq/jgrvjgrXjg6rjg7wgPiDjg6zjg7Pjgrrjg5XjgqPjg6vjgr/jg7w=,44CQQkVTVFdBWeOAkeOAgOOAgOWPr+WkieW8j+a4m+WFiU5E44OV44Kj44Or44K/44O8TUMtRmFkZXIgTkTjg5XjgqPjg6vjgr/jg7w2Mu+9je+9jeOAkOODnuODq+ODgeOCs+ODvOODiOS7leanmOOAkQ==,44CQ44Oh44O844Or5L6/5a6a5Z6L5aSW6YO15L6/44Gu5aC05ZCI6YCB5paZ54Sh5paZ44CR,PGNlbnRlcj48Yj48YnI+PGJyPgrjg57jg6vjg4HjgrPjg7zjg4jku5Xmp5gg5Y+v5aSJ5byPbmTjg5XjgqPjg6vjgr/jg7wgNjLvvY3vvY0gTkQg44OV44Kj44Or44K/44O8IOWPr+WkiQo8YnI+PGJyPgpORCBGQURFUiDjg5XjgqPjg6vjgr/jg7w8YnI+PGJyPjwvYj48L2NlbnRlcj4KPGI+PGZvbnQgY29sb3I9InJlZCIgc2l6ZT0iNCI+4piF5aSa5bGk57eR6Iac44Oe44Or44OB44Kz44O844OI5LuV5qeY44Gr44GZ44KL44GT44Go44Gn44CB5YK35rGa44KM44Gr5by344GE4piF5aSa5bGk57eR6Iac44OQ44Oq44Ki44OW44OrTkTjg5XjgqPjg6vjgr/jg7zjgIxGb3RvYmVzdHdheSBGYWRlciBORCDvvIjlj6/lpIlOROODleOCo+ODq+OCv+ODvO+8ieOBp+OBmeOAgjwvZm9udD48YnI+CjxzcGFuIHN0eWxlPSJwYWRkaW5nOjJweDtiYWNrZ3JvdW5kLWNvbG9yOiNGRkZGNjY7Ij7kuIDoiKznmoTjgavjg43jg4Pjg4josqnlo7LjgZXjgozjgabjgYTjgotOROOAgEZhZGVy44Gu44G744Go44KT44Gp44Gv44Oi44OO44Kz44O844OI5LuV5qeY44Gn44GZ44CCRm90b2Jlc3R3YXnjgIBNQy1GYWRlcuODleOCo+ODq+OCv+ODvOOBr+ODnuODq+ODgeOCs+ODvOODiOS7leanmOOBp+OBmeOAguODleOCo+ODq+OCv+ODvOS4oemdouOCkuWPjeWwhOOBleOBm+OBpuOBv+OCjOOBsOOAgeODouODjuOCs+ODvOODiOS7leanmOOBr+eZveOBj+WPjeWwhOOBl+OBvuOBmeOAguOBk+OBrkZhZGVy44OV44Kj44Or44K/44O844Gv57eR6Imy44Gr5Y+N5bCE44GX44G+44GZ44CCPC9zcGFuPjxicj4K6IOM5pmv44KS44G844GL44GX44Gf44GE5Lq677yB57We44KK44KS6ZaL5pS+44Gr44GX44Gf44GE5Lq677yB44Gr44GK5Yun44KB44Gn44GZ44CCPGJyPgrku4rjgb7jgafjga9ORDIsNC4444Gu44OV44Kj44Or44K/44O844KS5pKu5b2x54q25rOB44Gr5ZCI44KP44Gb44Gm5LuY44GR5pu/44GI44Gm44GE44G+44GX44Gf44CCPGJyPgrku5jmm7/jgYjjga/pnZ7luLjjgavpnaLlgJLvvIE8YnI+CuOCt+ODo+ODg+OCv+ODvOODgeODo+ODs+OCuemAg+OBl+OBvuOBmeOCiOOBre+8gTxicj4KCjxmb250IGNvbG9yPSJyZWQiIHNpemU9IjIiPuOBk+OBrjHmnprjgadOROWKueaenOW8t+W8seOCkuiHquWcqOOBq+OCs+ODs+ODiOODreODvOODq+OBp+OBjeOBvuOBmeOAgjwvZm9udD48YnI+CgpNaW7jgadORDLvvIgtMS4wRVYpTkQz77yILTEuNUVW77yJPGJyPgpNQVjjgadORDQwMO+8iC05RVbvvInmnJvpgaDns7vjgarjgonjgZ3jgozku6XkuIo8YnI+CgrigLvkvb/nlKjjgZXjgozjgovjg6zjg7PjgrrvvIjluoPop5Lns7vjgafjga9ORDQwMOOBvuOBp+OBrua4m+WFieOBr+OBp+OBjeOBvuOBm+OCk+OAgu+8ieOBq+OCiOOBo+OBpua4m+WFiemHj+OBr+mBleOBo+OBpuOBjeOBvuOBmeOAguS6iOOCgeOBlOS6huaJv+OBj+OBoOOBleOBhOOAgjxicj4KCgo8L0I+PGJyPgotLS0tLS0tLS0tLS0tLS0tLS0tLS0tLS0tLS0tLS0tLS0tLS0tLS0tLS0tLS0tLTxicj4KRmFkZXIgTkTjga/muJvlhYnph4/jgpLjg6rjg7PjgrDjgpLjgb7jgo/jgZfjgaboqr/mlbTjgZnjgovjgaDjgZHvvIE8YnI+CgrkuIDluqbkvb/jgaPjgZ/jgonmiYvmlL7jgZvjgb7jgZvjgpPjgII8YnI+Cgrjg6rjg7PjgrDjgpLlm57jgZfjgabpnLLlhYnjgpLmsbrjgoHjgonjgozjgovjga7jga/jgIHjgajjgabjgoLkvr/liKnjgafjgZnjgII8YnI+Cgrjgo/jgZbjgo/jgZbmmI7jgovjgZXjgavlkIjjgo/jgZvjgabku5jjgZHmm7/jgYjjgovlv4XopoHjgarjgZfvvIE8YnI+Cgrjg4fjgrjjgr/jg6vkuIDnnLzmkq7lvbHjgavvvIHkuIDnnLzjg6zjg5Xli5XnlLvmkq7lvbHjgavvvIE8YnI+CuaYjuOCi+OBhOOBqOOBk+OCjeOBp+iDjOaZr+OCkuOBvOOBi+OBl+OBn+OBhOaZguOBruW/hemgiOOCouOCpOODhuODoO+8gTxicj48c3BhbiBzdHlsZT0icGFkZGluZzoycHg7YmFja2dyb3VuZC1jb2xvcjojRkZGRjY2OyI+PGI+CuODrOODs+OCuuOBruaAp+iDveOCkuacgOWkp+mZkOOBq+W8leOBjeWHuuOBmeODkOODquOCouODluODq+WPr+WkieW8j0ZhZGVyIE5E44OV44Kj44K/44O844Gv44CB44Kr44Oh44Op44Oe44Oz44Gu5b+F6aCI44Ki44Kk44OG44Og44Gn44GZ44CCPC9iPjwvc3Bhbj48YnI+,44CQQkVTVFdBWeOAkeOAgOOAgOWPr+WkieW8j+a4m+WFiU5E44OV44Kj44Or44K/44O8TUMtRmFkZXIgTkTjg5XjgqPjg6vjgr/jg7w2Mu+9je+9jeOAkOODnuODq+ODgeOCs+ODvOODiOS7leanmOOAke+8muOCvOODreODneODvOODiOOCuOODo+ODkeODsw==,44CQQkVTVFdBWeOAkeOAgOOAgOWPr+WkieW8j+a4m+WFiU5E44OV44Kj44Or44K/44O8TUMtRmFkZXIgTkTjg5XjgqPjg6vjgr/jg7w2Mu+9je+9jeOAkOODnuODq+ODgeOCs+ODvOODiOS7leanmOOAkQ==,44CQ44Oh44O844Or5L6/5a6a5Z6L5aSW6YO15L6/44Gu5aC05ZCI6YCB5paZ54Sh5paZ44CR44CC44CQQkVTVFdBWeOAkeOAgOOAgOWPr+WkieW8j+a4m+WFiU5E44OV44Kj44Or44K/44O8TUMtRmFkZXIgTkTjg5XjgqPjg6vjgr/jg7w2Mu+9je+9jeOAkOODnuODq+ODgeOCs+ODvOODiOS7leanmOOAkQ==[rn]
5-81377,aHR0cDovL3RzaG9wLnIxMHMuanAvemVyb3BvcnRqYXBhbi9jYWJpbmV0LzAzMTAyMzk1LzAzMTAyMzk2L2ltZ3JjMDA2NTEyNjQ4Ny5qcGc/Zml0aW49NzAwOjcwMA==,MzE4NC4wMDAw,,VFbjg7vjgqrjg7zjg4fjgqPjgqrjg7vjgqvjg6Hjg6kgPiDjgqLjgq/jgrvjgrXjg6rjg7zjg7vpg6jlk4EgPiDjgqvjg6Hjg6njg7vjg5Pjg4fjgqrjgqvjg6Hjg6njg7vlhYnlrabmqZ/lmajnlKjjgqLjgq/jgrvjgrXjg6rjg7wgPiDkuqTmj5vjg6zjg7PjgrrnlKjjgqLjgq/jgrvjgrXjg6rjg7wgPiDjg6zjg7Pjgrrjg5XjgqPjg6vjgr/jg7w=,44CQQkVTVFdBWeOAkeOAgOOAgOWPr+WkieW8j+a4m+WFiU5E44OV44Kj44Or44K/44O8TUMtRmFkZXIgTkTjg5XjgqPjg6vjgr/jg7w0Oe+9je+9jeOAkOODnuODq+ODgeOCs+ODvOODiOS7leanmOOAkQ==,44CQ44Oh44O844Or5L6/5a6a5Z6L5aSW6YO15L6/44Gu5aC05ZCI6YCB5paZ54Sh5paZ44CR,PGNlbnRlcj48Yj48YnI+PGJyPgrjg57jg6vjg4HjgrPjg7zjg4jku5Xmp5gg5Y+v5aSJ5byPbmTjg5XjgqPjg6vjgr/jg7wgNDnvvY3vvY0gTkQg44OV44Kj44Or44K/44O8IOWPr+WkiQo8YnI+PGJyPgpORCBGQURFUiDjg5XjgqPjg6vjgr/jg7w8YnI+PGJyPjwvYj48L2NlbnRlcj48Yj48Zm9udCBjb2xvcj0icmVkIiBzaXplPSI0Ij7imIXlpJrlsaTnt5Hohpzjg57jg6vjg4HjgrPjg7zjg4jku5Xmp5jjgavjgZnjgovjgZPjgajjgafjgIHlgrfmsZrjgozjgavlvLfjgYTimIXlpJrlsaTnt5Hohpzjg5Djg6rjgqLjg5bjg6tOROODleOCo+ODq+OCv+ODvOOAjEZvdG9iZXN0d2F5IEZhZGVyIE5EIO+8iOWPr+WkiU5E44OV44Kj44Or44K/44O877yJ44Gn44GZ44CCPC9mb250Pjxicj4KPHNwYW4gc3R5bGU9InBhZGRpbmc6MnB4O2JhY2tncm91bmQtY29sb3I6I0ZGRkY2NjsiPuS4gOiIrOeahOOBq+ODjeODg+ODiOiyqeWjsuOBleOCjOOBpuOBhOOCi05E44CARmFkZXLjga7jgbvjgajjgpPjganjga/jg6Ljg47jgrPjg7zjg4jku5Xmp5jjgafjgZnjgIJGb3RvYmVzdHdheeOAgE1DLUZhZGVy44OV44Kj44Or44K/44O844Gv44Oe44Or44OB44Kz44O844OI5LuV5qeY44Gn44GZ44CC44OV44Kj44Or44K/44O85Lih6Z2i44KS5Y+N5bCE44GV44Gb44Gm44G/44KM44Gw44CB44Oi44OO44Kz44O844OI5LuV5qeY44Gv55m944GP5Y+N5bCE44GX44G+44GZ44CC44GT44GuRmFkZXLjg5XjgqPjg6vjgr/jg7zjga/nt5HoibLjgavlj43lsITjgZfjgb7jgZnjgII8L3NwYW4+PGJyPgrog4zmma/jgpLjgbzjgYvjgZfjgZ/jgYTkurrvvIHntZ7jgorjgpLplovmlL7jgavjgZfjgZ/jgYTkurrvvIHjgavjgYrli6fjgoHjgafjgZnjgII8YnI+CuS7iuOBvuOBp+OBr05EMiw0Ljjjga7jg5XjgqPjg6vjgr/jg7zjgpLmkq7lvbHnirbms4HjgavlkIjjgo/jgZvjgabku5jjgZHmm7/jgYjjgabjgYTjgb7jgZfjgZ/jgII8YnI+CuS7mOabv+OBiOOBr+mdnuW4uOOBq+mdouWAku+8gTxicj4K44K344Oj44OD44K/44O844OB44Oj44Oz44K56YCD44GX44G+44GZ44KI44Gt77yBPGJyPgoKPGZvbnQgY29sb3I9InJlZCIgc2l6ZT0iMiI+44GT44GuMeaemuOBp05E5Yq55p6c5by35byx44KS6Ieq5Zyo44Gr44Kz44Oz44OI44Ot44O844Or44Gn44GN44G+44GZ44CCPC9mb250Pjxicj4KCk1pbuOBp05EMu+8iC0xLjBFVilORDPvvIgtMS41RVbvvIk8YnI+Ck1BWOOBp05ENDAw77yILTlFVu+8ieacm+mBoOezu+OBquOCieOBneOCjOS7peS4ijxicj4KCuKAu+S9v+eUqOOBleOCjOOCi+ODrOODs+OCuu+8iOW6g+inkuezu+OBp+OBr05ENDAw44G+44Gn44Gu5rib5YWJ44Gv44Gn44GN44G+44Gb44KT44CC77yJ44Gr44KI44Gj44Gm5rib5YWJ6YeP44Gv6YGV44Gj44Gm44GN44G+44GZ44CC5LqI44KB44GU5LqG5om/44GP44Gg44GV44GE44CCPGJyPgoKCjwvQj48YnI+Ci0tLS0tLS0tLS0tLS0tLS0tLS0tLS0tLS0tLS0tLS0tLS0tLS0tLS0tLS0tLS0tPGJyPgpGYWRlciBOROOBr+a4m+WFiemHj+OCkuODquODs+OCsOOCkuOBvuOCj+OBl+OBpuiqv+aVtOOBmeOCi+OBoOOBke+8gTxicj4KCuS4gOW6puS9v+OBo+OBn+OCieaJi+aUvuOBm+OBvuOBm+OCk+OAgjxicj4KCuODquODs+OCsOOCkuWbnuOBl+OBpumcsuWFieOCkuaxuuOCgeOCieOCjOOCi+OBruOBr+OAgeOBqOOBpuOCguS+v+WIqeOBp+OBmeOAgjxicj4KCuOCj+OBluOCj+OBluaYjuOCi+OBleOBq+WQiOOCj+OBm+OBpuS7mOOBkeabv+OBiOOCi+W/heimgeOBquOBl++8gTxicj4KCuODh+OCuOOCv+ODq+S4gOecvOaSruW9seOBq++8geS4gOecvOODrOODleWLleeUu+aSruW9seOBq++8gTxicj4K5piO44KL44GE44Go44GT44KN44Gn6IOM5pmv44KS44G844GL44GX44Gf44GE5pmC44Gu5b+F6aCI44Ki44Kk44OG44Og77yBPGJyPjxzcGFuIHN0eWxlPSJwYWRkaW5nOjJweDtiYWNrZ3JvdW5kLWNvbG9yOiNGRkZGNjY7Ij48Yj4K44Os44Oz44K644Gu5oCn6IO944KS5pyA5aSn6ZmQ44Gr5byV44GN5Ye644GZ44OQ44Oq44Ki44OW44Or5Y+v5aSJ5byPRmFkZXIgTkTjg5XjgqPjgr/jg7zjga/jgIHjgqvjg6Hjg6njg57jg7Pjga7lv4XpoIjjgqLjgqTjg4bjg6DjgafjgZnjgII8L2I+PC9zcGFuPjxicj4=,44CQQkVTVFdBWeOAkeOAgOOAgOWPr+WkieW8j+a4m+WFiU5E44OV44Kj44Or44K/44O8TUMtRmFkZXIgTkTjg5XjgqPjg6vjgr/jg7w0Oe+9je+9jeOAkOODnuODq+ODgeOCs+ODvOODiOS7leanmOOAke+8muOCvOODreODneODvOODiOOCuOODo+ODkeODsw==,44CQQkVTVFdBWeOAkeOAgOOAgOWPr+WkieW8j+a4m+WFiU5E44OV44Kj44Or44K/44O8TUMtRmFkZXIgTkTjg5XjgqPjg6vjgr/jg7w0Oe+9je+9jeOAkOODnuODq+ODgeOCs+ODvOODiOS7leanmOOAkQ==,44CQ44Oh44O844Or5L6/5a6a5Z6L5aSW6YO15L6/44Gu5aC05ZCI6YCB5paZ54Sh5paZ44CR44CC44CQQkVTVFdBWeOAkeOAgOOAgOWPr+WkieW8j+a4m+WFiU5E44OV44Kj44Or44K/44O8TUMtRmFkZXIgTkTjg5XjgqPjg6vjgr/jg7w0Oe+9je+9jeOAkOODnuODq+ODgeOCs+ODvOODiOS7leanmOOAkQ==[rn]
5-81378,aHR0cDovL3RzaG9wLnIxMHMuanAvemVyb3BvcnRqYXBhbi9jYWJpbmV0LzAzMTAyMzk1LzAzMTAyMzk2L2ltZ3JjMDA2NjAzOTA4OS5qcGc/Zml0aW49NzAwOjcwMA==,MjU5Mi4wMDAw,,VFbjg7vjgqrjg7zjg4fjgqPjgqrjg7vjgqvjg6Hjg6kgPiDjgqLjgq/jgrvjgrXjg6rjg7zjg7vpg6jlk4EgPiDjgqvjg6Hjg6njg7vjg5Pjg4fjgqrjgqvjg6Hjg6njg7vlhYnlrabmqZ/lmajnlKjjgqLjgq/jgrvjgrXjg6rjg7wgPiDkuqTmj5vjg6zjg7PjgrrnlKjjgqLjgq/jgrvjgrXjg6rjg7wgPiDjg6zjg7Pjgrrjg5XjgqPjg6vjgr/jg7w=,44CQRk9UT0JFU1RXQVnjgJHjgIDjgIDlj6/lpInlvI9OROODleOCo+ODq+OCv+ODvEZhZGVyIE5E44OV44Kj44Or44K/44O8NDPvvY3vvY0=,44CQ44Oh44O844Or5L6/5a6a5Z6L5aSW6YO15L6/44Gu5aC05ZCI6YCB5paZ54Sh5paZ44CR,PGNlbnRlcj48Yj48YnI+PGJyPgrlj6/lpInlvI9uZOODleOCo+ODq+OCv+ODvCA0M++9je+9jSBORCDjg5XjgqPjg6vjgr/jg7wg5Y+v5aSJCjxicj48YnI+Ck5EIEZBREVSIOODleOCo+ODq+OCv+ODvDxicj48YnI+PC9iPjwvY2VudGVyPgoKPGI+PGZvbnQgY29sb3I9ImJsdWUiIHNpemU9IjIiPuKYheS7iuipsemhjOOBruODkOODquOCouODluODq05E44OV44Kj44Or44K/44O84piFPC9mb250Pjxicj4K6IOM5pmv44KS44G844GL44GX44Gf44GE5Lq677yB57We44KK44KS6ZaL5pS+44Gr44GX44Gf44GE5Lq677yB44Gr44GK5Yun44KB44Gn44GZ44CCPGJyPgrku4rjgb7jgafjga9ORDIsNC4444Gu44OV44Kj44Or44K/44O844KS5pKu5b2x54q25rOB44Gr5ZCI44KP44Gb44Gm5LuY44GR5pu/44GI44Gm44GE44G+44GX44Gf44CCPGJyPgrku5jmm7/jgYjjga/pnZ7luLjjgavpnaLlgJLvvIE8YnI+CuOCt+ODo+ODg+OCv+ODvOODgeODo+ODs+OCuemAg+OBl+OBvuOBmeOCiOOBre+8gTxicj4KCjxmb250IGNvbG9yPSJyZWQiIHNpemU9IjIiPuOBk+OBrjHmnprjgadOROWKueaenOW8t+W8seOCkuiHquWcqOOBq+OCs+ODs+ODiOODreODvOODq+OBp+OBjeOBvuOBmeOAgjwvZm9udD48YnI+CgpNaW7jgadORDLvvIgtMS4wRVYpTkQz77yILTEuNUVW77yJPGJyPgpNQVjjgadORDQwMO+8iC05RVbvvInmnJvpgaDns7vjgarjgonjgZ3jgozku6XkuIo8YnI+CgrigLvkvb/nlKjjgZXjgozjgovjg6zjg7PjgrrvvIjluoPop5Lns7vjgafjga9ORDQwMOOBvuOBp+OBrua4m+WFieOBr+OBp+OBjeOBvuOBm+OCk+OAgu+8ieOBq+OCiOOBo+OBpua4m+WFiemHj+OBr+mBleOBo+OBpuOBjeOBvuOBmeOAguS6iOOCgeOBlOS6huaJv+OBj+OBoOOBleOBhOOAgjxicj4KCgo8L0I+PGJyPgotLS0tLS0tLS0tLS0tLS0tLS0tLS0tLS0tLS0tLS0tLS0tLS0tLS0tLS0tLS0tLTxicj4KRmFkZXIgTkTjga/muJvlhYnph4/jgpLjg6rjg7PjgrDjgpLjgb7jgo/jgZfjgaboqr/mlbTjgZnjgovjgaDjgZHvvIE8YnI+CgrkuIDluqbkvb/jgaPjgZ/jgonmiYvmlL7jgZvjgb7jgZvjgpPjgII8YnI+Cgrjg6rjg7PjgrDjgpLlm57jgZfjgabpnLLlhYnjgpLmsbrjgoHjgonjgozjgovjga7jga/jgIHjgajjgabjgoLkvr/liKnjgafjgZnjgII8YnI+Cgrjgo/jgZbjgo/jgZbmmI7jgovjgZXjgavlkIjjgo/jgZvjgabku5jjgZHmm7/jgYjjgovlv4XopoHjgarjgZfvvIE8YnI+Cgrjg4fjgrjjgr/jg6vkuIDnnLzmkq7lvbHjgavvvIHkuIDnnLzjg6zjg5Xli5XnlLvmkq7lvbHjgavvvIE8YnI+CuaYjuOCi+OBhOOBqOOBk+OCjeOBp+iDjOaZr+OCkuOBvOOBi+OBl+OBn+OBhOaZguOBruW/hemgiOOCouOCpOODhuODoO+8gTxicj48c3BhbiBzdHlsZT0icGFkZGluZzoycHg7YmFja2dyb3VuZC1jb2xvcjojRkZGRjY2OyI+PGI+CuODrOODs+OCuuOBruaAp+iDveOCkuacgOWkp+mZkOOBq+W8leOBjeWHuuOBmeODkOODquOCouODluODq+WPr+WkieW8j0ZhZGVyIE5E44OV44Kj44K/44O844Gv44CB44Kr44Oh44Op44Oe44Oz44Gu5b+F6aCI44Ki44Kk44OG44Og44Gn44GZ44CCPC9iPjwvc3Bhbj48YnI+,44CQRk9UT0JFU1RXQVnjgJHjgIDjgIDlj6/lpInlvI9OROODleOCo+ODq+OCv+ODvEZhZGVyIE5E44OV44Kj44Or44K/44O8NDPvvY3vvY3vvJrjgrzjg63jg53jg7zjg4jjgrjjg6Pjg5Hjg7M=,44CQRk9UT0JFU1RXQVnjgJHjgIDjgIDlj6/lpInlvI9OROODleOCo+ODq+OCv+ODvEZhZGVyIE5E44OV44Kj44Or44K/44O8NDPvvY3vvY0=,44CQ44Oh44O844Or5L6/5a6a5Z6L5aSW6YO15L6/44Gu5aC05ZCI6YCB5paZ54Sh5paZ44CR44CC44CQRk9UT0JFU1RXQVnjgJHjgIDjgIDlj6/lpInlvI9OROODleOCo+ODq+OCv+ODvEZhZGVyIE5E44OV44Kj44Or44K/44O8NDPvvY3vvY0=[rn]
5-81379,aHR0cDovL3RzaG9wLnIxMHMuanAvemVyb3BvcnRqYXBhbi9jYWJpbmV0LzAzMTAyMzk1LzAzMTAyMzk2L2ltZ3JjMDA2NTEyNjQ4OC5qcGc/Zml0aW49NzAwOjcwMA==,MzE4NC4wMDAw,,VFbjg7vjgqrjg7zjg4fjgqPjgqrjg7vjgqvjg6Hjg6kgPiDjgqLjgq/jgrvjgrXjg6rjg7zjg7vpg6jlk4EgPiDjgqvjg6Hjg6njg7vjg5Pjg4fjgqrjgqvjg6Hjg6njg7vlhYnlrabmqZ/lmajnlKjjgqLjgq/jgrvjgrXjg6rjg7wgPiDkuqTmj5vjg6zjg7PjgrrnlKjjgqLjgq/jgrvjgrXjg6rjg7wgPiDjg6zjg7Pjgrrjg5XjgqPjg6vjgr/jg7w=,44CQQkVTVFdBWeOAkeOAgOOAgOWPr+WkieW8j+a4m+WFiU5E44OV44Kj44Or44K/44O8TUMtRmFkZXIgTkTjg5XjgqPjg6vjgr/jg7w1Mu+9je+9jeOAkOODnuODq+ODgeOCs+ODvOODiOS7leanmOOAkQ==,44CQ44Oh44O844Or5L6/5a6a5Z6L5aSW6YO15L6/44Gu5aC05ZCI6YCB5paZ54Sh5paZ44CR,PGNlbnRlcj48Yj48YnI+PGJyPgrjg57jg6vjg4HjgrPjg7zjg4jku5Xmp5gg5Y+v5aSJ5byPbmTjg5XjgqPjg6vjgr/jg7wgNTLvvY3vvY0gTkQg44OV44Kj44Or44K/44O8IOWPr+WkiQo8YnI+PGJyPgpORCBGQURFUiDjg5XjgqPjg6vjgr/jg7w8YnI+PGJyPjwvYj48L2NlbnRlcj48Yj48Zm9udCBjb2xvcj0icmVkIiBzaXplPSI0Ij7imIXlpJrlsaTnt5Hohpzjg57jg6vjg4HjgrPjg7zjg4jku5Xmp5jjgavjgZnjgovjgZPjgajjgafjgIHlgrfmsZrjgozjgavlvLfjgYTimIXlpJrlsaTnt5Hohpzjg5Djg6rjgqLjg5bjg6tOROODleOCo+ODq+OCv+ODvOOAjEZvdG9iZXN0d2F5IEZhZGVyIE5EIO+8iOWPr+WkiU5E44OV44Kj44Or44K/44O877yJ44Gn44GZ44CCPC9mb250Pjxicj4KPHNwYW4gc3R5bGU9InBhZGRpbmc6MnB4O2JhY2tncm91bmQtY29sb3I6I0ZGRkY2NjsiPuS4gOiIrOeahOOBq+ODjeODg+ODiOiyqeWjsuOBleOCjOOBpuOBhOOCi05E44CARmFkZXLjga7jgbvjgajjgpPjganjga/jg6Ljg47jgrPjg7zjg4jku5Xmp5jjgafjgZnjgIJGb3RvYmVzdHdheeOAgE1DLUZhZGVy44OV44Kj44Or44K/44O844Gv44Oe44Or44OB44Kz44O844OI5LuV5qeY44Gn44GZ44CC44OV44Kj44Or44K/44O85Lih6Z2i44KS5Y+N5bCE44GV44Gb44Gm44G/44KM44Gw44CB44Oi44OO44Kz44O844OI5LuV5qeY44Gv55m944GP5Y+N5bCE44GX44G+44GZ44CC44GT44GuRmFkZXLjg5XjgqPjg6vjgr/jg7zjga/nt5HoibLjgavlj43lsITjgZfjgb7jgZnjgII8L3NwYW4+PGJyPgrog4zmma/jgpLjgbzjgYvjgZfjgZ/jgYTkurrvvIHntZ7jgorjgpLplovmlL7jgavjgZfjgZ/jgYTkurrvvIHjgavjgYrli6fjgoHjgafjgZnjgII8YnI+CuS7iuOBvuOBp+OBr05EMiw0Ljjjga7jg5XjgqPjg6vjgr/jg7zjgpLmkq7lvbHnirbms4HjgavlkIjjgo/jgZvjgabku5jjgZHmm7/jgYjjgabjgYTjgb7jgZfjgZ/jgII8YnI+CuS7mOabv+OBiOOBr+mdnuW4uOOBq+mdouWAku+8gTxicj4K44K344Oj44OD44K/44O844OB44Oj44Oz44K56YCD44GX44G+44GZ44KI44Gt77yBPGJyPgoKPGZvbnQgY29sb3I9InJlZCIgc2l6ZT0iMiI+44GT44GuMeaemuOBp05E5Yq55p6c5by35byx44KS6Ieq5Zyo44Gr44Kz44Oz44OI44Ot44O844Or44Gn44GN44G+44GZ44CCPC9mb250Pjxicj4KCk1pbuOBp05EMu+8iC0xLjBFVilORDPvvIgtMS41RVbvvIk8YnI+Ck1BWOOBp05ENDAw77yILTlFVu+8ieacm+mBoOezu+OBquOCieOBneOCjOS7peS4ijxicj4KCuKAu+S9v+eUqOOBleOCjOOCi+ODrOODs+OCuu+8iOW6g+inkuezu+OBp+OBr05ENDAw44G+44Gn44Gu5rib5YWJ44Gv44Gn44GN44G+44Gb44KT44CC77yJ44Gr44KI44Gj44Gm5rib5YWJ6YeP44Gv6YGV44Gj44Gm44GN44G+44GZ44CC5LqI44KB44GU5LqG5om/44GP44Gg44GV44GE44CCPGJyPgoKCjwvQj48YnI+Ci0tLS0tLS0tLS0tLS0tLS0tLS0tLS0tLS0tLS0tLS0tLS0tLS0tLS0tLS0tLS0tPGJyPgpGYWRlciBOROOBr+a4m+WFiemHj+OCkuODquODs+OCsOOCkuOBvuOCj+OBl+OBpuiqv+aVtOOBmeOCi+OBoOOBke+8gTxicj4KCuS4gOW6puS9v+OBo+OBn+OCieaJi+aUvuOBm+OBvuOBm+OCk+OAgjxicj4KCuODquODs+OCsOOCkuWbnuOBl+OBpumcsuWFieOCkuaxuuOCgeOCieOCjOOCi+OBruOBr+OAgeOBqOOBpuOCguS+v+WIqeOBp+OBmeOAgjxicj4KCuOCj+OBluOCj+OBluaYjuOCi+OBleOBq+WQiOOCj+OBm+OBpuS7mOOBkeabv+OBiOOCi+W/heimgeOBquOBl++8gTxicj4KCuODh+OCuOOCv+ODq+S4gOecvOaSruW9seOBq++8geS4gOecvOODrOODleWLleeUu+aSruW9seOBq++8gTxicj4K5piO44KL44GE44Go44GT44KN44Gn6IOM5pmv44KS44G844GL44GX44Gf44GE5pmC44Gu5b+F6aCI44Ki44Kk44OG44Og77yBPGJyPjxzcGFuIHN0eWxlPSJwYWRkaW5nOjJweDtiYWNrZ3JvdW5kLWNvbG9yOiNGRkZGNjY7Ij48Yj4K44Os44Oz44K644Gu5oCn6IO944KS5pyA5aSn6ZmQ44Gr5byV44GN5Ye644GZ44OQ44Oq44Ki44OW44Or5Y+v5aSJ5byPRmFkZXIgTkTjg5XjgqPjgr/jg7zjga/jgIHjgqvjg6Hjg6njg57jg7Pjga7lv4XpoIjjgqLjgqTjg4bjg6DjgafjgZnjgII8L2I+PC9zcGFuPjxicj4=,44CQQkVTVFdBWeOAkeOAgOOAgOWPr+WkieW8j+a4m+WFiU5E44OV44Kj44Or44K/44O8TUMtRmFkZXIgTkTjg5XjgqPjg6vjgr/jg7w1Mu+9je+9jeOAkOODnuODq+ODgeOCs+ODvOODiOS7leanmOOAke+8muOCvOODreODneODvOODiOOCuOODo+ODkeODsw==,44CQQkVTVFdBWeOAkeOAgOOAgOWPr+WkieW8j+a4m+WFiU5E44OV44Kj44Or44K/44O8TUMtRmFkZXIgTkTjg5XjgqPjg6vjgr/jg7w1Mu+9je+9jeOAkOODnuODq+ODgeOCs+ODvOODiOS7leanmOOAkQ==,44CQ44Oh44O844Or5L6/5a6a5Z6L5aSW6YO15L6/44Gu5aC05ZCI6YCB5paZ54Sh5paZ44CR44CC44CQQkVTVFdBWeOAkeOAgOOAgOWPr+WkieW8j+a4m+WFiU5E44OV44Kj44Or44K/44O8TUMtRmFkZXIgTkTjg5XjgqPjg6vjgr/jg7w1Mu+9je+9jeOAkOODnuODq+ODgeOCs+ODvOODiOS7leanmOOAkQ==[rn]
5-81380,aHR0cDovL3RzaG9wLnIxMHMuanAvemVyb3BvcnRqYXBhbi9jYWJpbmV0LzAzMTAyMzk1LzAzMTAyMzk2L2ltZ3JjMDA2NTEyNjQ5My5qcGc/Zml0aW49NzAwOjcwMA==,MzE4NC4wMDAw,,VFbjg7vjgqrjg7zjg4fjgqPjgqrjg7vjgqvjg6Hjg6kgPiDjgqLjgq/jgrvjgrXjg6rjg7zjg7vpg6jlk4EgPiDjgqvjg6Hjg6njg7vjg5Pjg4fjgqrjgqvjg6Hjg6njg7vlhYnlrabmqZ/lmajnlKjjgqLjgq/jgrvjgrXjg6rjg7wgPiDkuqTmj5vjg6zjg7PjgrrnlKjjgqLjgq/jgrvjgrXjg6rjg7wgPiDjg6zjg7Pjgrrjg5XjgqPjg6vjgr/jg7w=,44CQQkVTVFdBWeOAkeOAgOOAgOWPr+WkieW8j+a4m+WFiU5E44OV44Kj44Or44K/44O8TUMtRmFkZXIgTkTjg5XjgqPjg6vjgr/jg7w3Mu+9je+9jeOAkOODnuODq+ODgeOCs+ODvOODiOS7leanmOOAkQ==,44CQ44Oh44O844Or5L6/5a6a5Z6L5aSW6YO15L6/44Gu5aC05ZCI6YCB5paZ54Sh5paZ44CR,PGNlbnRlcj48Yj48YnI+PGJyPgrjg57jg6vjg4HjgrPjg7zjg4jku5Xmp5gg5Y+v5aSJ5byPbmTjg5XjgqPjg6vjgr/jg7wgNzLvvY3vvY0gTkQg44OV44Kj44Or44K/44O8IOWPr+WkiQo8YnI+PGJyPgpORCBGQURFUiDjg5XjgqPjg6vjgr/jg7w8YnI+PGJyPjwvYj48L2NlbnRlcj48Yj48Zm9udCBjb2xvcj0icmVkIiBzaXplPSI0Ij7imIXlpJrlsaTnt5Hohpzjg57jg6vjg4HjgrPjg7zjg4jku5Xmp5jjgavjgZnjgovjgZPjgajjgafjgIHlgrfmsZrjgozjgavlvLfjgYTimIXlpJrlsaTnt5Hohpzjg5Djg6rjgqLjg5bjg6tOROODleOCo+ODq+OCv+ODvOOAjEZvdG9iZXN0d2F5IEZhZGVyIE5EIO+8iOWPr+WkiU5E44OV44Kj44Or44K/44O877yJ44Gn44GZ44CCPC9mb250Pjxicj4KPHNwYW4gc3R5bGU9InBhZGRpbmc6MnB4O2JhY2tncm91bmQtY29sb3I6I0ZGRkY2NjsiPuS4gOiIrOeahOOBq+ODjeODg+ODiOiyqeWjsuOBleOCjOOBpuOBhOOCi05E44CARmFkZXLjga7jgbvjgajjgpPjganjga/jg6Ljg47jgrPjg7zjg4jku5Xmp5jjgafjgZnjgIJGb3RvYmVzdHdheeOAgE1DLUZhZGVy44OV44Kj44Or44K/44O844Gv44Oe44Or44OB44Kz44O844OI5LuV5qeY44Gn44GZ44CC44OV44Kj44Or44K/44O85Lih6Z2i44KS5Y+N5bCE44GV44Gb44Gm44G/44KM44Gw44CB44Oi44OO44Kz44O844OI5LuV5qeY44Gv55m944GP5Y+N5bCE44GX44G+44GZ44CC44GT44GuRmFkZXLjg5XjgqPjg6vjgr/jg7zjga/nt5HoibLjgavlj43lsITjgZfjgb7jgZnjgII8L3NwYW4+PGJyPgrog4zmma/jgpLjgbzjgYvjgZfjgZ/jgYTkurrvvIHntZ7jgorjgpLplovmlL7jgavjgZfjgZ/jgYTkurrvvIHjgavjgYrli6fjgoHjgafjgZnjgII8YnI+CuS7iuOBvuOBp+OBr05EMiw0Ljjjga7jg5XjgqPjg6vjgr/jg7zjgpLmkq7lvbHnirbms4HjgavlkIjjgo/jgZvjgabku5jjgZHmm7/jgYjjgabjgYTjgb7jgZfjgZ/jgII8YnI+CuS7mOabv+OBiOOBr+mdnuW4uOOBq+mdouWAku+8gTxicj4K44K344Oj44OD44K/44O844OB44Oj44Oz44K56YCD44GX44G+44GZ44KI44Gt77yBPGJyPgoKPGZvbnQgY29sb3I9InJlZCIgc2l6ZT0iMiI+44GT44GuMeaemuOBp05E5Yq55p6c5by35byx44KS6Ieq5Zyo44Gr44Kz44Oz44OI44Ot44O844Or44Gn44GN44G+44GZ44CCPC9mb250Pjxicj4KCk1pbuOBp05EMu+8iC0xLjBFVilORDPvvIgtMS41RVbvvIk8YnI+Ck1BWOOBp05ENDAw77yILTlFVu+8ieacm+mBoOezu+OBquOCieOBneOCjOS7peS4ijxicj4KCuKAu+S9v+eUqOOBleOCjOOCi+ODrOODs+OCuu+8iOW6g+inkuezu+OBp+OBr05ENDAw44G+44Gn44Gu5rib5YWJ44Gv44Gn44GN44G+44Gb44KT44CC77yJ44Gr44KI44Gj44Gm5rib5YWJ6YeP44Gv6YGV44Gj44Gm44GN44G+44GZ44CC5LqI44KB44GU5LqG5om/44GP44Gg44GV44GE44CCPGJyPgoKCjwvQj48YnI+Ci0tLS0tLS0tLS0tLS0tLS0tLS0tLS0tLS0tLS0tLS0tLS0tLS0tLS0tLS0tLS0tPGJyPgpGYWRlciBOROOBr+a4m+WFiemHj+OCkuODquODs+OCsOOCkuOBvuOCj+OBl+OBpuiqv+aVtOOBmeOCi+OBoOOBke+8gTxicj4KCuS4gOW6puS9v+OBo+OBn+OCieaJi+aUvuOBm+OBvuOBm+OCk+OAgjxicj4KCuODquODs+OCsOOCkuWbnuOBl+OBpumcsuWFieOCkuaxuuOCgeOCieOCjOOCi+OBruOBr+OAgeOBqOOBpuOCguS+v+WIqeOBp+OBmeOAgjxicj4KCuOCj+OBluOCj+OBluaYjuOCi+OBleOBq+WQiOOCj+OBm+OBpuS7mOOBkeabv+OBiOOCi+W/heimgeOBquOBl++8gTxicj4KCuODh+OCuOOCv+ODq+S4gOecvOaSruW9seOBq++8geS4gOecvOODrOODleWLleeUu+aSruW9seOBq++8gTxicj4K5piO44KL44GE44Go44GT44KN44Gn6IOM5pmv44KS44G844GL44GX44Gf44GE5pmC44Gu5b+F6aCI44Ki44Kk44OG44Og77yBPGJyPjxzcGFuIHN0eWxlPSJwYWRkaW5nOjJweDtiYWNrZ3JvdW5kLWNvbG9yOiNGRkZGNjY7Ij48Yj4K44Os44Oz44K644Gu5oCn6IO944KS5pyA5aSn6ZmQ44Gr5byV44GN5Ye644GZ44OQ44Oq44Ki44OW44Or5Y+v5aSJ5byPRmFkZXIgTkTjg5XjgqPjgr/jg7zjga/jgIHjgqvjg6Hjg6njg57jg7Pjga7lv4XpoIjjgqLjgqTjg4bjg6DjgafjgZnjgII8L2I+PC9zcGFuPjxicj4=,44CQQkVTVFdBWeOAkeOAgOOAgOWPr+WkieW8j+a4m+WFiU5E44OV44Kj44Or44K/44O8TUMtRmFkZXIgTkTjg5XjgqPjg6vjgr/jg7w3Mu+9je+9jeOAkOODnuODq+ODgeOCs+ODvOODiOS7leanmOOAke+8muOCvOODreODneODvOODiOOCuOODo+ODkeODsw==,44CQQkVTVFdBWeOAkeOAgOOAgOWPr+WkieW8j+a4m+WFiU5E44OV44Kj44Or44K/44O8TUMtRmFkZXIgTkTjg5XjgqPjg6vjgr/jg7w3Mu+9je+9jeOAkOODnuODq+ODgeOCs+ODvOODiOS7leanmOOAkQ==,44CQ44Oh44O844Or5L6/5a6a5Z6L5aSW6YO15L6/44Gu5aC05ZCI6YCB5paZ54Sh5paZ44CR44CC44CQQkVTVFdBWeOAkeOAgOOAgOWPr+WkieW8j+a4m+WFiU5E44OV44Kj44Or44K/44O8TUMtRmFkZXIgTkTjg5XjgqPjg6vjgr/jg7w3Mu+9je+9jeOAkOODnuODq+ODgeOCs+ODvOODiOS7leanmOOAkQ==[rn]
5-81381,aHR0cDovL3RzaG9wLnIxMHMuanAvemVyb3BvcnRqYXBhbi9jYWJpbmV0LzAzMTAyMzk1LzAzMTAyMzk2L2ltZ3JjMDA2NTEyNjM4MC5qcGc/Zml0aW49NzAwOjcwMA==,MjU5Mi4wMDAw,,VFbjg7vjgqrjg7zjg4fjgqPjgqrjg7vjgqvjg6Hjg6kgPiDjgqLjgq/jgrvjgrXjg6rjg7zjg7vpg6jlk4EgPiDjgqvjg6Hjg6njg7vjg5Pjg4fjgqrjgqvjg6Hjg6njg7vlhYnlrabmqZ/lmajnlKjjgqLjgq/jgrvjgrXjg6rjg7wgPiDkuqTmj5vjg6zjg7PjgrrnlKjjgqLjgq/jgrvjgrXjg6rjg7wgPiDjg6zjg7Pjgrrjg5XjgqPjg6vjgr/jg7w=,44CQRk9UT0JFU1RXQVnjgJHjgIDjgIDlj6/lpInlvI9OROODleOCo+ODq+OCv+ODvEZhZGVyIE5E44OV44Kj44Or44K/44O8NzfvvY3vvY0=,44CQ44Oh44O844Or5L6/5a6a5Z6L5aSW6YO15L6/44Gu5aC05ZCI6YCB5paZ54Sh5paZ44CR,PGNlbnRlcj48Yj48YnI+PGJyPgrlj6/lpInlvI9uZOODleOCo+ODq+OCv+ODvCA3N++9je+9jSBORCDjg5XjgqPjg6vjgr/jg7wg5Y+v5aSJCjxicj48YnI+Ck5EIEZBREVSIOODleOCo+ODq+OCv+ODvDxicj48YnI+PC9iPjwvY2VudGVyPgo8Yj48Zm9udCBjb2xvcj0iYmx1ZSIgc2l6ZT0iMiI+4piF5LuK6Kmx6aGM44Gu44OQ44Oq44Ki44OW44OrTkTjg5XjgqPjg6vjgr/jg7zimIU8L2ZvbnQ+PGJyPgrog4zmma/jgpLjgbzjgYvjgZfjgZ/jgYTkurrvvIHntZ7jgorjgpLplovmlL7jgavjgZfjgZ/jgYTkurrvvIHjgavjgYrli6fjgoHjgafjgZnjgII8YnI+CuS7iuOBvuOBp+OBr05EMiw0Ljjjga7jg5XjgqPjg6vjgr/jg7zjgpLmkq7lvbHnirbms4HjgavlkIjjgo/jgZvjgabku5jjgZHmm7/jgYjjgabjgYTjgb7jgZfjgZ/jgII8YnI+CuS7mOabv+OBiOOBr+mdnuW4uOOBq+mdouWAku+8gTxicj4K44K344Oj44OD44K/44O844OB44Oj44Oz44K56YCD44GX44G+44GZ44KI44Gt77yBPGJyPgoKPGZvbnQgY29sb3I9InJlZCIgc2l6ZT0iMiI+44GT44GuMeaemuOBp05E5Yq55p6c5by35byx44KS6Ieq5Zyo44Gr44Kz44Oz44OI44Ot44O844Or44Gn44GN44G+44GZ44CCPC9mb250Pjxicj4KCk1pbuOBp05EMu+8iC0xLjBFVilORDPvvIgtMS41RVbvvIk8YnI+Ck1BWOOBp05ENDAw77yILTlFVu+8ieacm+mBoOezu+OBquOCieOBneOCjOS7peS4ijxicj4KCuKAu+S9v+eUqOOBleOCjOOCi+ODrOODs+OCuu+8iOW6g+inkuezu+OBp+OBr05ENDAw44G+44Gn44Gu5rib5YWJ44Gv44Gn44GN44G+44Gb44KT44CC77yJ44Gr44KI44Gj44Gm5rib5YWJ6YeP44Gv6YGV44Gj44Gm44GN44G+44GZ44CC5LqI44KB44GU5LqG5om/44GP44Gg44GV44GE44CCPGJyPgoKCjwvQj48YnI+Ci0tLS0tLS0tLS0tLS0tLS0tLS0tLS0tLS0tLS0tLS0tLS0tLS0tLS0tLS0tLS0tPGJyPgpGYWRlciBOROOBr+a4m+WFiemHj+OCkuODquODs+OCsOOCkuOBvuOCj+OBl+OBpuiqv+aVtOOBmeOCi+OBoOOBke+8gTxicj4KCuS4gOW6puS9v+OBo+OBn+OCieaJi+aUvuOBm+OBvuOBm+OCk+OAgjxicj4KCuODquODs+OCsOOCkuWbnuOBl+OBpumcsuWFieOCkuaxuuOCgeOCieOCjOOCi+OBruOBr+OAgeOBqOOBpuOCguS+v+WIqeOBp+OBmeOAgjxicj4KCuOCj+OBluOCj+OBluaYjuOCi+OBleOBq+WQiOOCj+OBm+OBpuS7mOOBkeabv+OBiOOCi+W/heimgeOBquOBl++8gTxicj4KCuODh+OCuOOCv+ODq+S4gOecvOaSruW9seOBq++8geS4gOecvOODrOODleWLleeUu+aSruW9seOBq++8gTxicj4K5piO44KL44GE44Go44GT44KN44Gn6IOM5pmv44KS44G844GL44GX44Gf44GE5pmC44Gu5b+F6aCI44Ki44Kk44OG44Og77yBPGJyPjxzcGFuIHN0eWxlPSJwYWRkaW5nOjJweDtiYWNrZ3JvdW5kLWNvbG9yOiNGRkZGNjY7Ij48Yj4K44Os44Oz44K644Gu5oCn6IO944KS5pyA5aSn6ZmQ44Gr5byV44GN5Ye644GZ44OQ44Oq44Ki44OW44Or5Y+v5aSJ5byPRmFkZXIgTkTjg5XjgqPjgr/jg7zjga/jgIHjgqvjg6Hjg6njg57jg7Pjga7lv4XpoIjjgqLjgqTjg4bjg6DjgafjgZnjgII8L2I+PC9zcGFuPjxicj4=,44CQRk9UT0JFU1RXQVnjgJHjgIDjgIDlj6/lpInlvI9OROODleOCo+ODq+OCv+ODvEZhZGVyIE5E44OV44Kj44Or44K/44O8NzfvvY3vvY3vvJrjgrzjg63jg53jg7zjg4jjgrjjg6Pjg5Hjg7M=,44CQRk9UT0JFU1RXQVnjgJHjgIDjgIDlj6/lpInlvI9OROODleOCo+ODq+OCv+ODvEZhZGVyIE5E44OV44Kj44Or44K/44O8NzfvvY3vvY0=,44CQ44Oh44O844Or5L6/5a6a5Z6L5aSW6YO15L6/44Gu5aC05ZCI6YCB5paZ54Sh5paZ44CR44CC44CQRk9UT0JFU1RXQVnjgJHjgIDjgIDlj6/lpInlvI9OROODleOCo+ODq+OCv+ODvEZhZGVyIE5E44OV44Kj44Or44K/44O8NzfvvY3vvY0=[rn]
5-81382,aHR0cDovL3RzaG9wLnIxMHMuanAvemVyb3BvcnRqYXBhbi9jYWJpbmV0LzAzMTAyMzk1LzAzMTAyMzk2L2ltZ3JjMDA2NTEyNjM3NC5qcGc/Zml0aW49NzAwOjcwMA==,MjU5Mi4wMDAw,,VFbjg7vjgqrjg7zjg4fjgqPjgqrjg7vjgqvjg6Hjg6kgPiDjgqLjgq/jgrvjgrXjg6rjg7zjg7vpg6jlk4EgPiDjgqvjg6Hjg6njg7vjg5Pjg4fjgqrjgqvjg6Hjg6njg7vlhYnlrabmqZ/lmajnlKjjgqLjgq/jgrvjgrXjg6rjg7wgPiDkuqTmj5vjg6zjg7PjgrrnlKjjgqLjgq/jgrvjgrXjg6rjg7wgPiDjg6zjg7Pjgrrjg5XjgqPjg6vjgr/jg7w=,44CQRk9UT0JFU1RXQVnjgJHjgIDjgIDlj6/lpInlvI9OROODleOCo+ODq+OCv+ODvEZhZGVyIE5E44OV44Kj44Or44K/44O8NDnvvY3vvY0=,44CQ44Oh44O844Or5L6/5a6a5Z6L5aSW6YO15L6/44Gu5aC05ZCI6YCB5paZ54Sh5paZ44CR,PGNlbnRlcj48Yj48YnI+PGJyPgrlj6/lpInlvI9uZOODleOCo+ODq+OCv+ODvCA0Oe+9je+9jSBORCDjg5XjgqPjg6vjgr/jg7wg5Y+v5aSJCjxicj48YnI+Ck5EIEZBREVSIOODleOCo+ODq+OCv+ODvDxicj48YnI+PC9iPjwvY2VudGVyPgo8Yj48Zm9udCBjb2xvcj0iYmx1ZSIgc2l6ZT0iMiI+4piF5LuK6Kmx6aGM44Gu44OQ44Oq44Ki44OW44OrTkTjg5XjgqPjg6vjgr/jg7zimIU8L2ZvbnQ+PGJyPgrog4zmma/jgpLjgbzjgYvjgZfjgZ/jgYTkurrvvIHntZ7jgorjgpLplovmlL7jgavjgZfjgZ/jgYTkurrvvIHjgavjgYrli6fjgoHjgafjgZnjgII8YnI+CuS7iuOBvuOBp+OBr05EMiw0Ljjjga7jg5XjgqPjg6vjgr/jg7zjgpLmkq7lvbHnirbms4HjgavlkIjjgo/jgZvjgabku5jjgZHmm7/jgYjjgabjgYTjgb7jgZfjgZ/jgII8YnI+CuS7mOabv+OBiOOBr+mdnuW4uOOBq+mdouWAku+8gTxicj4K44K344Oj44OD44K/44O844OB44Oj44Oz44K56YCD44GX44G+44GZ44KI44Gt77yBPGJyPgoKPGZvbnQgY29sb3I9InJlZCIgc2l6ZT0iMiI+44GT44GuMeaemuOBp05E5Yq55p6c5by35byx44KS6Ieq5Zyo44Gr44Kz44Oz44OI44Ot44O844Or44Gn44GN44G+44GZ44CCPC9mb250Pjxicj4KCk1pbuOBp05EMu+8iC0xLjBFVilORDPvvIgtMS41RVbvvIk8YnI+Ck1BWOOBp05ENDAw77yILTlFVu+8ieacm+mBoOezu+OBquOCieOBneOCjOS7peS4ijxicj4KCuKAu+S9v+eUqOOBleOCjOOCi+ODrOODs+OCuu+8iOW6g+inkuezu+OBp+OBr05ENDAw44G+44Gn44Gu5rib5YWJ44Gv44Gn44GN44G+44Gb44KT44CC77yJ44Gr44KI44Gj44Gm5rib5YWJ6YeP44Gv6YGV44Gj44Gm44GN44G+44GZ44CC5LqI44KB44GU5LqG5om/44GP44Gg44GV44GE44CCPGJyPgoKCjwvQj48YnI+Ci0tLS0tLS0tLS0tLS0tLS0tLS0tLS0tLS0tLS0tLS0tLS0tLS0tLS0tLS0tLS0tPGJyPgpGYWRlciBOROOBr+a4m+WFiemHj+OCkuODquODs+OCsOOCkuOBvuOCj+OBl+OBpuiqv+aVtOOBmeOCi+OBoOOBke+8gTxicj4KCuS4gOW6puS9v+OBo+OBn+OCieaJi+aUvuOBm+OBvuOBm+OCk+OAgjxicj4KCuODquODs+OCsOOCkuWbnuOBl+OBpumcsuWFieOCkuaxuuOCgeOCieOCjOOCi+OBruOBr+OAgeOBqOOBpuOCguS+v+WIqeOBp+OBmeOAgjxicj4KCuOCj+OBluOCj+OBluaYjuOCi+OBleOBq+WQiOOCj+OBm+OBpuS7mOOBkeabv+OBiOOCi+W/heimgeOBquOBl++8gTxicj4KCuODh+OCuOOCv+ODq+S4gOecvOaSruW9seOBq++8geS4gOecvOODrOODleWLleeUu+aSruW9seOBq++8gTxicj4K5piO44KL44GE44Go44GT44KN44Gn6IOM5pmv44KS44G844GL44GX44Gf44GE5pmC44Gu5b+F6aCI44Ki44Kk44OG44Og77yBPGJyPjxzcGFuIHN0eWxlPSJwYWRkaW5nOjJweDtiYWNrZ3JvdW5kLWNvbG9yOiNGRkZGNjY7Ij48Yj4K44Os44Oz44K644Gu5oCn6IO944KS5pyA5aSn6ZmQ44Gr5byV44GN5Ye644GZ44OQ44Oq44Ki44OW44Or5Y+v5aSJ5byPRmFkZXIgTkTjg5XjgqPjgr/jg7zjga/jgIHjgqvjg6Hjg6njg57jg7Pjga7lv4XpoIjjgqLjgqTjg4bjg6DjgafjgZnjgII8L2I+PC9zcGFuPjxicj4=,44CQRk9UT0JFU1RXQVnjgJHjgIDjgIDlj6/lpInlvI9OROODleOCo+ODq+OCv+ODvEZhZGVyIE5E44OV44Kj44Or44K/44O8NDnvvY3vvY3vvJrjgrzjg63jg53jg7zjg4jjgrjjg6Pjg5Hjg7M=,44CQRk9UT0JFU1RXQVnjgJHjgIDjgIDlj6/lpInlvI9OROODleOCo+ODq+OCv+ODvEZhZGVyIE5E44OV44Kj44Or44K/44O8NDnvvY3vvY0=,44CQ44Oh44O844Or5L6/5a6a5Z6L5aSW6YO15L6/44Gu5aC05ZCI6YCB5paZ54Sh5paZ44CR44CC44CQRk9UT0JFU1RXQVnjgJHjgIDjgIDlj6/lpInlvI9OROODleOCo+ODq+OCv+ODvEZhZGVyIE5E44OV44Kj44Or44K/44O8NDnvvY3vvY0=[rn]
