2-78681,aHR0cDovL3RzaG9wLnIxMHMuanAvZHRjL2NhYmluZXQvMDIyMzQ3MzkvNDk3NzE4NzY1Mzk3Ny5qcGc/Zml0aW49NzAwOjcwMA==,OTUuMjAwMA==,,5pel55So5ZOB6ZuR6LKo44O75paH5oi/5YW344O75omL6Iq4ID4g5paH5oi/5YW344O75LqL5YuZ55So5ZOBID4g44Ki44Or44OQ44Og,44OP44Kv44OQ5YaZ55yf55Sj5qWtIOOBiuaJi+i7veWGmeecn+WPsOe0mSDjgIzjg6njg7PjgrkgMumdouOAjSDjgr/jg4YgKEwv44OU44Oz44KvKSA2NTM5Nzc=,44CA,4pag5YaZ55yf44KS5beu6L6844KA44Gg44GR44Gu44GK5omL6Lu95YaZ55yf5Y+w57SZ4pag44OV44Op44Oz44K56Kqe44Gn44CM5Y2B5Lq65Y2B6Imy44CN44Gu5oSP5ZGz44KS6L6844KB44Gf566U5oq844GX44GM44GL44KP44GE44GP6KGo57SZ44KS6aO+44KK44G+44GZ4pag5ZWG5ZOB44OR44OD44Kx44O844K444Gu5biv44Gv5YiH44KK5Y+W44KK5byP44Gu44Oh44OD44K744O844K444Kr44O844OJ44Go44Gq44Gj44Gm44GE44G+44GZ4pag55S76Z2i5a+45rOV77yaIDc4w5cxMTdtbeKWoOWkluW9ouWvuOazle+8miAxMDTDlzE0M21tPCEtLQo8ZGl2IHN0eWxlPSJ3aWR0aDo3MTBweDsgaGVpZ2h0OjE4MHB4OyAgbWFyZ2luOjA7IG92ZXJmbG93OmhpZGRlbjsiPgoKPC9kaXY+Ci0tPgoKPGRpdiBzdHlsZT0id2lkdGg6IDcwMHB4OyBtYXJnaW46IDVweDsiPgo8aW1nIHNyYz0iaHR0cDovL3d3dy5yYWt1dGVuLm5lLmpwL2dvbGQvZHRjL2ZyYW1lL2ltYWdlcy9zeW91aGluc2V0dW1laTUuZ2lmIiB3aWR0aD0iNzAwIiBoZWlnaHQ9IjMwIj4KPC9kaXY+Cgo8ZGl2IHN0eWxlPSJ3aWR0aDo3MTBweDsgaGVpZ2h0OjEwMHB4OyBtYXJnaW46MCA1cHg7IG92ZXJmbG93OmhpZGRlbjsiPgoKPC9kaXY+Cgo8IS0tCjxkaXYgc3R5bGU9IndpZHRoOiA3MDBweDsgbWFyZ2luOiAwIDVweDsiPgo8aW1nIHNyYz0iaHR0cDovL3d3dy5yYWt1dGVuLm5lLmpwL2dvbGQvZHRjL2ZyYW1lL2ltYWdlcy9zeW91aGluc2V0dW1laTIuZ2lmIiB3aWR0aD0iNzAwIiBoZWlnaHQ9IjMwIj4KPC9kaXY+CjxkaXYgc3R5bGU9IndpZHRoOjcxMHB4OyBoZWlnaHQ6MzAwcHg7ICBtYXJnaW46MCAwIDIwcHg7IG92ZXJmbG93OmhpZGRlbjsiPgoKPC9kaXY+Ci0tPg==,44OP44Kv44OQ5YaZ55yf55Sj5qWtIOOBiuaJi+i7veWGmeecn+WPsOe0mSDjgIzjg6njg7PjgrkgMumdouOAjSDjgr/jg4YgKEwv44OU44Oz44KvKSA2NTM5NzfvvJrjgr3jg5Xjg57jg4Pjg5fmpb3lpKnluILloLTlupc=,44K944OV44Oe44OD44OXU29mbWFw44OR44K944Kz44Oz44K/44OW44Os44OD44OIUENIRETjgqLjgrvjg7Pjg5bjg6rjg5Hjg7zjg4Tjg5Hjgr3jgrPjg7Pjg5Hjg7zjg4Tjg4bjg6zjg5PjgrLjg7zjg6Djg5bjg6vjg7zjg6zjgqTjgr3jg5Xjg4hEVkTjgr3jg5Xjg4jmtrLmmbbjg4bjg6zjg5Pjg5bjg6vjg7zjg6zjgqTjg4fjgqPjgrnjgq/jg6zjgrPjg7zjg4Djg7zjg4fjgrjjgr/jg6vkuIDnnLzjg6zjg5Xjgqvjg6Hjg6njg4fjgrjjgr/jg6vjgqvjg6Hjg6nlrrbpm7vmmYLoqIjkuK3lj6TjgqLjgqbjg4jjg6zjg4Pjg4hpUGFkaVBob25l44OP44Kv44OQ5YaZ55yf55Sj5qWtIOOBiuaJi+i7veWGmeecn+WPsOe0mSDjgIzjg6njg7PjgrkgMumdouOAjSDjgr/jg4YgKEwv44OU44Oz44KvKSA2NTM5Nzc=,44CA44CC44OP44Kv44OQ5YaZ55yf55Sj5qWtIOOBiuaJi+i7veWGmeecn+WPsOe0mSDjgIzjg6njg7PjgrkgMumdouOAjSDjgr/jg4YgKEwv44OU44Oz44KvKSA2NTM5Nzc=[rn]
2-78682,aHR0cDovL3RzaG9wLnIxMHMuanAvZHRjL2NhYmluZXQvMjAxMzExMTJoLzQ1NDc0MTAyNjIxMTcuanBnP2ZpdGluPTcwMDo3MDA=,NTgwLjgwMDA=,,5pel55So5ZOB6ZuR6LKo44O75paH5oi/5YW344O75omL6Iq4ID4g5paH5oi/5YW344O75LqL5YuZ55So5ZOBID4g44Ki44Or44OQ44Og,RlVKSUZJTE3jg4Hjgqfjgq3lsILnlKjjgqLjg6vjg5Djg6AgNjhQSyjjg5Tjg7Pjgq8p,44CA,PHRhYmxlIGJvcmRlcj0iMCIgY2VsbHBhZGRpbmc9IjAiIGNlbGxzcGFjaW5nPSIwIiB3aWR0aD0iNzEwIiBzdHlsZT0ibGluZS1oZWlnaHQ6MTQwJTsiPjx0cj48dGQ+PGZvbnQgc2l6ZT0iMiI+4pag4oCd44OB44Kn44Kt4oCdIGluc3RheCBtaW5p44OV44Kj44Or44Og44GMNjjmnprlj47ntI3jgafjgY3jgovlsILnlKjjgqLjg6vjg5Djg6DjgII8YnI+PGJyPuKWoOS4rei6q+OBruWPsOe0meOBr+WGmeecn+OBjOaYoOOBiOOCi+ODluODqeODg+OCr+OCq+ODqeODvOOBp+ODgeOCp+OCreODl+ODquODs+ODiOOCkuW8leOBjeeri+OBpuOBvuOBmeOAgjxicj48YnI+PC9mb250PjwvdGQ+PC90cj48L3RhYmxlPjwhLS0KPGRpdiBzdHlsZT0id2lkdGg6NzEwcHg7IGhlaWdodDoxODBweDsgIG1hcmdpbjowOyBvdmVyZmxvdzpoaWRkZW47Ij4KCjwvZGl2PgotLT4KCjxkaXYgc3R5bGU9IndpZHRoOiA3MDBweDsgbWFyZ2luOiA1cHg7Ij4KPGltZyBzcmM9Imh0dHA6Ly93d3cucmFrdXRlbi5uZS5qcC9nb2xkL2R0Yy9mcmFtZS9pbWFnZXMvc3lvdWhpbnNldHVtZWk1LmdpZiIgd2lkdGg9IjcwMCIgaGVpZ2h0PSIzMCI+CjwvZGl2PgoKPGRpdiBzdHlsZT0id2lkdGg6NzEwcHg7IGhlaWdodDoxMDBweDsgbWFyZ2luOjAgNXB4OyBvdmVyZmxvdzpoaWRkZW47Ij4KCjwvZGl2PgoKPCEtLQo8ZGl2IHN0eWxlPSJ3aWR0aDogNzAwcHg7IG1hcmdpbjogMCA1cHg7Ij4KPGltZyBzcmM9Imh0dHA6Ly93d3cucmFrdXRlbi5uZS5qcC9nb2xkL2R0Yy9mcmFtZS9pbWFnZXMvc3lvdWhpbnNldHVtZWkyLmdpZiIgd2lkdGg9IjcwMCIgaGVpZ2h0PSIzMCI+CjwvZGl2Pgo8ZGl2IHN0eWxlPSJ3aWR0aDo3MTBweDsgaGVpZ2h0OjMwMHB4OyAgbWFyZ2luOjAgMCAyMHB4OyBvdmVyZmxvdzpoaWRkZW47Ij4KCjwvZGl2PgotLT4=,RlVKSUZJTE3jg4Hjgqfjgq3lsILnlKjjgqLjg6vjg5Djg6AgNjhQSyjjg5Tjg7Pjgq8p77ya44K944OV44Oe44OD44OX5qW95aSp5biC5aC05bqX,44K944OV44Oe44OD44OXU29mbWFw44OR44K944Kz44Oz44K/44OW44Os44OD44OIUENIRETjgqLjgrvjg7Pjg5bjg6rjg5Hjg7zjg4Tjg5Hjgr3jgrPjg7Pjg5Hjg7zjg4Tjg4bjg6zjg5PjgrLjg7zjg6Djg5bjg6vjg7zjg6zjgqTjgr3jg5Xjg4hEVkTjgr3jg5Xjg4jmtrLmmbbjg4bjg6zjg5Pjg5bjg6vjg7zjg6zjgqTjg4fjgqPjgrnjgq/jg6zjgrPjg7zjg4Djg7zjg4fjgrjjgr/jg6vkuIDnnLzjg6zjg5Xjgqvjg6Hjg6njg4fjgrjjgr/jg6vjgqvjg6Hjg6nlrrbpm7vmmYLoqIjkuK3lj6TjgqLjgqbjg4jjg6zjg4Pjg4hpUGFkaVBob25lRlVKSUZJTE3jg4Hjgqfjgq3lsILnlKjjgqLjg6vjg5Djg6AgNjhQSyjjg5Tjg7Pjgq8p,44CA44CCRlVKSUZJTE3jg4Hjgqfjgq3lsILnlKjjgqLjg6vjg5Djg6AgNjhQSyjjg5Tjg7Pjgq8p[rn]
2-78683,aHR0cDovL3RzaG9wLnIxMHMuanAvZHRjL2NhYmluZXQvMDIyMzQ3NDAvNDk3NzQ2NjUwNDIxMS5qcGc/Zml0aW49NzAwOjcwMA==,MjA2NC4wMDAw,,5pel55So5ZOB6ZuR6LKo44O75paH5oi/5YW344O75omL6Iq4ID4g5paH5oi/5YW344O75LqL5YuZ55So5ZOBID4g44Ki44Or44OQ44Og,44OV44K444Kr44Op44O8IOODleOCuOOCq+ODqeODvCDjg5fjg6rjg7Pjg4joo4/miZPjgaHjgrfjg7zjg4ggQTPjg47jg5M=,44CA,4pag44Kv44Oq44K544K/44Or44OX44Oq44Oz44OI44Gr5pyA6YGp44Gu6KOP5omT44Gh5Yqg5bel55So44K344O844OI4pagQTPjg47jg5PjgrXjgqTjgrrjgILilqDjgrfjg7zjg4jmp4vmiJDln7rmnZDvvJrjg6bjg53vvIjjg53jg6rjg5fjg63jg5Tjg6zjg7PvvIkr5by357KY552A5p2QK+mbouOCseOCpOe0meKWoOW8teOCiuWQiOOCj+OBm+ijnOWKqeOCt+ODvOODiOS7mOKWoOWOmuOBle+8mue0hDAuOG1t4pagNeaemuWFpeOCijwhLS0KPGRpdiBzdHlsZT0id2lkdGg6NzEwcHg7IGhlaWdodDoxODBweDsgIG1hcmdpbjowOyBvdmVyZmxvdzpoaWRkZW47Ij4KCjwvZGl2PgotLT4KCjxkaXYgc3R5bGU9IndpZHRoOiA3MDBweDsgbWFyZ2luOiA1cHg7Ij4KPGltZyBzcmM9Imh0dHA6Ly93d3cucmFrdXRlbi5uZS5qcC9nb2xkL2R0Yy9mcmFtZS9pbWFnZXMvc3lvdWhpbnNldHVtZWk1LmdpZiIgd2lkdGg9IjcwMCIgaGVpZ2h0PSIzMCI+CjwvZGl2PgoKPGRpdiBzdHlsZT0id2lkdGg6NzEwcHg7IGhlaWdodDoxMDBweDsgbWFyZ2luOjAgNXB4OyBvdmVyZmxvdzpoaWRkZW47Ij4KCjwvZGl2PgoKPCEtLQo8ZGl2IHN0eWxlPSJ3aWR0aDogNzAwcHg7IG1hcmdpbjogMCA1cHg7Ij4KPGltZyBzcmM9Imh0dHA6Ly93d3cucmFrdXRlbi5uZS5qcC9nb2xkL2R0Yy9mcmFtZS9pbWFnZXMvc3lvdWhpbnNldHVtZWkyLmdpZiIgd2lkdGg9IjcwMCIgaGVpZ2h0PSIzMCI+CjwvZGl2Pgo8ZGl2IHN0eWxlPSJ3aWR0aDo3MTBweDsgaGVpZ2h0OjMwMHB4OyAgbWFyZ2luOjAgMCAyMHB4OyBvdmVyZmxvdzpoaWRkZW47Ij4KCjwvZGl2PgotLT4=,44OV44K444Kr44Op44O8IOODleOCuOOCq+ODqeODvCDjg5fjg6rjg7Pjg4joo4/miZPjgaHjgrfjg7zjg4ggQTPjg47jg5PvvJrjgr3jg5Xjg57jg4Pjg5fmpb3lpKnluILloLTlupc=,44K944OV44Oe44OD44OXU29mbWFw44OR44K944Kz44Oz44K/44OW44Os44OD44OIUENIRETjgqLjgrvjg7Pjg5bjg6rjg5Hjg7zjg4Tjg5Hjgr3jgrPjg7Pjg5Hjg7zjg4Tjg4bjg6zjg5PjgrLjg7zjg6Djg5bjg6vjg7zjg6zjgqTjgr3jg5Xjg4hEVkTjgr3jg5Xjg4jmtrLmmbbjg4bjg6zjg5Pjg5bjg6vjg7zjg6zjgqTjg4fjgqPjgrnjgq/jg6zjgrPjg7zjg4Djg7zjg4fjgrjjgr/jg6vkuIDnnLzjg6zjg5Xjgqvjg6Hjg6njg4fjgrjjgr/jg6vjgqvjg6Hjg6nlrrbpm7vmmYLoqIjkuK3lj6TjgqLjgqbjg4jjg6zjg4Pjg4hpUGFkaVBob25l44OV44K444Kr44Op44O8IOODleOCuOOCq+ODqeODvCDjg5fjg6rjg7Pjg4joo4/miZPjgaHjgrfjg7zjg4ggQTPjg47jg5M=,44CA44CC44OV44K444Kr44Op44O8IOODleOCuOOCq+ODqeODvCDjg5fjg6rjg7Pjg4joo4/miZPjgaHjgrfjg7zjg4ggQTPjg47jg5M=[rn]
2-78684,aHR0cDovL3RzaG9wLnIxMHMuanAvZHRjL2NhYmluZXQvMjAxNzAxMjZuNS80NTQ3NDEwMzMwNjE4LmpwZz9maXRpbj03MDA6NzAw,NjI0LjAwMDA=,,5pel55So5ZOB6ZuR6LKo44O75paH5oi/5YW344O75omL6Iq4ID4g5paH5oi/5YW344O75LqL5YuZ55So5ZOBID4g44Ki44Or44OQ44Og,44OV44K444OV44Kk44Or44Og44K344Oj44Kz44OpKHNoYWNvbGxhKSDlo4Hjgr/jgqTjg5cgNeaemuODkeODg+OCryBM44K144Kk44K6,,PHRhYmxlIGJvcmRlcj0iMCIgY2VsbHBhZGRpbmc9IjAiIGNlbGxzcGFjaW5nPSIwIiB3aWR0aD0iNzEwIiBzdHlsZT0ibGluZS1oZWlnaHQ6MTQwJTsiPjx0cj48dGQ+PGZvbnQgc2l6ZT0iMiI+5YaZ55yf44KS6LK844Gj44Gm44CB6aO+44KM44KL44OV44Kp44OI44OR44ON44Or44Gn44GZ44CCPGJyPjxicj7ilqDlo4HjgoTjgqzjg6njgrnjgarjganjga7lubPjgonjgarloLTmiYDjgavosrzjgozjgovlo4Hjgr/jgqTjg5fjgII8YnI+4pag6LK844KK55u044GX44GM44Gn44GN44Gm44CB57mw44KK6L+U44GX5qW944GX44KB44G+44GZ44CCPGJyPuKWoOODkeODjeODq+S4oemdouOBq+OAgeeJueauiuOBquS9jueymOedgOOBruOCiuOBjOWhl+W4g+OBleOCjOOBpuOBhOOBvuOBmeOAgjxicj7ilqBM44K144Kk44K655So77yIODnDlzEyN21t77yJPGJyPuKWoOOBiuW+l+OBqjXmnprlhaXjgorvvIE8YnI+PGJyPjwvZm9udD48L3RkPjwvdHI+PC90YWJsZT48dGFibGUgY2VsbHNwYWNpbmc9IjAiIGNlbGxwYWRkaW5nPSI0IiBib3JkZXI9IjEiIHdpZHRoPSI3MTAiIGJvcmRlcmNvbG9yPSIjY2NjY2NjIj48dHI+PHRkIHdpZHRoPSIxODAiIGJnY29sb3I9IiNlZmVmZWYiPjxmb250IHNpemU9IjIiPuOBneOBruS7luOCteOCpOOCujwvZm9udD48L3RkPjx0ZCB3aWR0aD0iNTMwIj48Zm9udCBzaXplPSIyIj4xMjfDlzE3OG1tPC9mb250PjwvdGQ+PC90cj48dHI+PHRkIHdpZHRoPSIxODAiIGJnY29sb3I9IiNlZmVmZWYiPjxmb250IHNpemU9IjIiPumBqeW/nOOCteOCpOOCujwvZm9udD48L3RkPjx0ZCB3aWR0aD0iNTMwIj48Zm9udCBzaXplPSIyIj5MPC9mb250PjwvdGQ+PC90cj48dHI+PHRkIHdpZHRoPSIxODAiIGJnY29sb3I9IiNlZmVmZWYiPjxmb250IHNpemU9IjIiPuadkOizqjwvZm9udD48L3RkPjx0ZCB3aWR0aD0iNTMwIj48Zm9udCBzaXplPSIyIj7kvY7nspjnnYDliaTku5jnmbrms6Hjg53jg6rjgrnjg4Hjg6zjg7M8L2ZvbnQ+PC90ZD48L3RyPjwvdGFibGU+PCEtLQo8ZGl2IHN0eWxlPSJ3aWR0aDo3MTBweDsgaGVpZ2h0OjE4MHB4OyAgbWFyZ2luOjA7IG92ZXJmbG93OmhpZGRlbjsiPgoKPC9kaXY+Ci0tPgoKPGRpdiBzdHlsZT0id2lkdGg6IDcwMHB4OyBtYXJnaW46IDVweDsiPgo8aW1nIHNyYz0iaHR0cDovL3d3dy5yYWt1dGVuLm5lLmpwL2dvbGQvZHRjL2ZyYW1lL2ltYWdlcy9zeW91aGluc2V0dW1laTUuZ2lmIiB3aWR0aD0iNzAwIiBoZWlnaHQ9IjMwIj4KPC9kaXY+Cgo8ZGl2IHN0eWxlPSJ3aWR0aDo3MTBweDsgaGVpZ2h0OjEwMHB4OyBtYXJnaW46MCA1cHg7IG92ZXJmbG93OmhpZGRlbjsiPgoKPC9kaXY+Cgo8IS0tCjxkaXYgc3R5bGU9IndpZHRoOiA3MDBweDsgbWFyZ2luOiAwIDVweDsiPgo8aW1nIHNyYz0iaHR0cDovL3d3dy5yYWt1dGVuLm5lLmpwL2dvbGQvZHRjL2ZyYW1lL2ltYWdlcy9zeW91aGluc2V0dW1laTIuZ2lmIiB3aWR0aD0iNzAwIiBoZWlnaHQ9IjMwIj4KPC9kaXY+CjxkaXYgc3R5bGU9IndpZHRoOjcxMHB4OyBoZWlnaHQ6MzAwcHg7ICBtYXJnaW46MCAwIDIwcHg7IG92ZXJmbG93OmhpZGRlbjsiPgoKPC9kaXY+Ci0tPg==,44OV44K444OV44Kk44Or44Og44K344Oj44Kz44OpKHNoYWNvbGxhKSDlo4Hjgr/jgqTjg5cgNeaemuODkeODg+OCryBM44K144Kk44K677ya44K944OV44Oe44OD44OX5qW95aSp5biC5aC05bqX,44K944OV44Oe44OD44OXU29mbWFw44OR44K944Kz44Oz44K/44OW44Os44OD44OIUENIRETjgqLjgrvjg7Pjg5bjg6rjg5Hjg7zjg4Tjg5Hjgr3jgrPjg7Pjg5Hjg7zjg4Tjg4bjg6zjg5PjgrLjg7zjg6Djg5bjg6vjg7zjg6zjgqTjgr3jg5Xjg4hEVkTjgr3jg5Xjg4jmtrLmmbbjg4bjg6zjg5Pjg5bjg6vjg7zjg6zjgqTjg4fjgqPjgrnjgq/jg6zjgrPjg7zjg4Djg7zjg4fjgrjjgr/jg6vkuIDnnLzjg6zjg5Xjgqvjg6Hjg6njg4fjgrjjgr/jg6vjgqvjg6Hjg6nlrrbpm7vmmYLoqIjkuK3lj6TjgqLjgqbjg4jjg6zjg4Pjg4hpUGFkaVBob25l44OV44K444OV44Kk44Or44Og44K344Oj44Kz44OpKHNoYWNvbGxhKSDlo4Hjgr/jgqTjg5cgNeaemuODkeODg+OCryBM44K144Kk44K6,44OV44K444OV44Kk44Or44Og44K344Oj44Kz44OpKHNoYWNvbGxhKSDlo4Hjgr/jgqTjg5cgNeaemuODkeODg+OCryBM44K144Kk44K6[rn]
2-78685,aHR0cDovL3RzaG9wLnIxMHMuanAvZHRjL2NhYmluZXQvMjAxMzAyMjUwOC80OTAyMjA1MzcwNjgwLmpwZz9maXRpbj03MDA6NzAw,MzUxLjIwMDA=,,5pel55So5ZOB6ZuR6LKo44O75paH5oi/5YW344O75omL6Iq4ID4g5paH5oi/5YW344O75LqL5YuZ55So5ZOBID4g44Ki44Or44OQ44Og,44OK44Kr44OQ44Ok44K3IOODneOCseODg+ODiOabv+WPsOe0mSDjg5DjgqTjg7Pjg4Djg7zlvI8oTOWIpOODuzPmrrXjg53jgrHjg4Pjg4jvvI/jg5vjg6/jgqTjg4gpIOOColAtTVlSLTEwMS1X,44CA,PGJyPjx0YWJsZSBib3JkZXI9IjAiIGNlbGxwYWRkaW5nPSIwIiBjZWxsc3BhY2luZz0iMCIgd2lkdGg9IjcxMCIgc3R5bGU9ImxpbmUtaGVpZ2h0OjE0MCU7Ij48dHI+PHRkPjxmb250IHNpemU9IjIiPuODkOOCpOODs+ODgOODvOOCv+OCpOODl+OBruODneOCseODg+ODiOabv+WPsOe0meOBp+OBmeOAgiAg4pag5pys5L2T44K144Kk44K677ya44K/44OGMjgww5fjg6jjgrMxOTBtbSAg4pagTOWIpDPmrrXjg53jgqTjg7Pjg4jjgrfjg7zjg6vjg53jgrHjg4Pjg4jlj7DntJnvvIjjg5vjg6/jgqTjg4jvvIkxMOaemiAg4pag5YaZ55yf5Y+O57SN5p6a5pWw77ya5Y+w57SZMeaemuOBq0zliKTjg5fjg6rjg7Pjg4g25p6a5Y+O57SN5Y+v6IO9ICDilqDpgI/mmI7ooovlhaU8YnI+PGJyPjwvZm9udD48L3RkPjwvdHI+PC90YWJsZT48IS0tCjxkaXYgc3R5bGU9IndpZHRoOjcxMHB4OyBoZWlnaHQ6MTgwcHg7ICBtYXJnaW46MDsgb3ZlcmZsb3c6aGlkZGVuOyI+Cgo8L2Rpdj4KLS0+Cgo8ZGl2IHN0eWxlPSJ3aWR0aDogNzAwcHg7IG1hcmdpbjogNXB4OyI+CjxpbWcgc3JjPSJodHRwOi8vd3d3LnJha3V0ZW4ubmUuanAvZ29sZC9kdGMvZnJhbWUvaW1hZ2VzL3N5b3VoaW5zZXR1bWVpNS5naWYiIHdpZHRoPSI3MDAiIGhlaWdodD0iMzAiPgo8L2Rpdj4KCjxkaXYgc3R5bGU9IndpZHRoOjcxMHB4OyBoZWlnaHQ6MTAwcHg7IG1hcmdpbjowIDVweDsgb3ZlcmZsb3c6aGlkZGVuOyI+Cgo8L2Rpdj4KCjwhLS0KPGRpdiBzdHlsZT0id2lkdGg6IDcwMHB4OyBtYXJnaW46IDAgNXB4OyI+CjxpbWcgc3JjPSJodHRwOi8vd3d3LnJha3V0ZW4ubmUuanAvZ29sZC9kdGMvZnJhbWUvaW1hZ2VzL3N5b3VoaW5zZXR1bWVpMi5naWYiIHdpZHRoPSI3MDAiIGhlaWdodD0iMzAiPgo8L2Rpdj4KPGRpdiBzdHlsZT0id2lkdGg6NzEwcHg7IGhlaWdodDozMDBweDsgIG1hcmdpbjowIDAgMjBweDsgb3ZlcmZsb3c6aGlkZGVuOyI+Cgo8L2Rpdj4KLS0+,44OK44Kr44OQ44Ok44K3IOODneOCseODg+ODiOabv+WPsOe0mSDjg5DjgqTjg7Pjg4Djg7zlvI8oTOWIpOODuzPmrrXjg53jgrHjg4Pjg4jvvI/jg5vjg6/jgqTjg4gpIOOColAtTVlSLTEwMS1X77ya44K944OV44Oe44OD44OX5qW95aSp5biC5aC05bqX,44K944OV44Oe44OD44OXU29mbWFw44OR44K944Kz44Oz44K/44OW44Os44OD44OIUENIRETjgqLjgrvjg7Pjg5bjg6rjg5Hjg7zjg4Tjg5Hjgr3jgrPjg7Pjg5Hjg7zjg4Tjg4bjg6zjg5PjgrLjg7zjg6Djg5bjg6vjg7zjg6zjgqTjgr3jg5Xjg4hEVkTjgr3jg5Xjg4jmtrLmmbbjg4bjg6zjg5Pjg5bjg6vjg7zjg6zjgqTjg4fjgqPjgrnjgq/jg6zjgrPjg7zjg4Djg7zjg4fjgrjjgr/jg6vkuIDnnLzjg6zjg5Xjgqvjg6Hjg6njg4fjgrjjgr/jg6vjgqvjg6Hjg6nlrrbpm7vmmYLoqIjkuK3lj6TjgqLjgqbjg4jjg6zjg4Pjg4hpUGFkaVBob25l44OK44Kr44OQ44Ok44K3IOODneOCseODg+ODiOabv+WPsOe0mSDjg5DjgqTjg7Pjg4Djg7zlvI8oTOWIpOODuzPmrrXjg53jgrHjg4Pjg4jvvI/jg5vjg6/jgqTjg4gpIOOColAtTVlSLTEwMS1X,44CA44CC44OK44Kr44OQ44Ok44K3IOODneOCseODg+ODiOabv+WPsOe0mSDjg5DjgqTjg7Pjg4Djg7zlvI8oTOWIpOODuzPmrrXjg53jgrHjg4Pjg4jvvI/jg5vjg6/jgqTjg4gpIOOColAtTVlSLTEwMS1X[rn]
2-78686,aHR0cDovL3RzaG9wLnIxMHMuanAvZHRjL2NhYmluZXQvMDIyMzQ3MzkvNDk3NzQ2NjEwNDY5NS5qcGc/Zml0aW49NzAwOjcwMA==,MTUwNC4wMDAw,,5pel55So5ZOB6ZuR6LKo44O75paH5oi/5YW344O75omL6Iq4ID4g5paH5oi/5YW344O75LqL5YuZ55So5ZOBID4g44Ki44Or44OQ44Og,44OV44K444Kr44Op44O8IOODleODquODvOOCouODq+ODkOODoCDjgIzjgqjjgqLjg53jg7zjg4jjgI0gTkZXLTIwTA==,44CA,44Os44Kk44Ki44Km44OI6Ieq55Sx6Ieq5Zyo44CB5Y+O57SN5Yqb44KC44Gf44Gj44G344KK44CC44OH44Kj44K644OL44O844Kt44Oj44Op44Kv44K/44O844Gu44OV44Oq44O844Ki44Or44OQ44Og44Gn44GZ44CC4pagTOOCteOCpOOCuuODleODquODvOWPsOe0me+8iOeZveWPsOe0me+8iTIw5p6a4pag5Y+w57SZ44GM5aKX44KE44Gb44KL44OT44K55byP44K/44Kk44OX4pag44K/44Kk44OI44Or44Kr44O844OJ44CB44OT44OL44Ot44Oz44Kr44OQ44O85LuYPCEtLQo8ZGl2IHN0eWxlPSJ3aWR0aDo3MTBweDsgaGVpZ2h0OjE4MHB4OyAgbWFyZ2luOjA7IG92ZXJmbG93OmhpZGRlbjsiPgoKPC9kaXY+Ci0tPgoKPGRpdiBzdHlsZT0id2lkdGg6IDcwMHB4OyBtYXJnaW46IDVweDsiPgo8aW1nIHNyYz0iaHR0cDovL3d3dy5yYWt1dGVuLm5lLmpwL2dvbGQvZHRjL2ZyYW1lL2ltYWdlcy9zeW91aGluc2V0dW1laTUuZ2lmIiB3aWR0aD0iNzAwIiBoZWlnaHQ9IjMwIj4KPC9kaXY+Cgo8ZGl2IHN0eWxlPSJ3aWR0aDo3MTBweDsgaGVpZ2h0OjEwMHB4OyBtYXJnaW46MCA1cHg7IG92ZXJmbG93OmhpZGRlbjsiPgoKPC9kaXY+Cgo8IS0tCjxkaXYgc3R5bGU9IndpZHRoOiA3MDBweDsgbWFyZ2luOiAwIDVweDsiPgo8aW1nIHNyYz0iaHR0cDovL3d3dy5yYWt1dGVuLm5lLmpwL2dvbGQvZHRjL2ZyYW1lL2ltYWdlcy9zeW91aGluc2V0dW1laTIuZ2lmIiB3aWR0aD0iNzAwIiBoZWlnaHQ9IjMwIj4KPC9kaXY+CjxkaXYgc3R5bGU9IndpZHRoOjcxMHB4OyBoZWlnaHQ6MzAwcHg7ICBtYXJnaW46MCAwIDIwcHg7IG92ZXJmbG93OmhpZGRlbjsiPgoKPC9kaXY+Ci0tPg==,44OV44K444Kr44Op44O8IOODleODquODvOOCouODq+ODkOODoCDjgIzjgqjjgqLjg53jg7zjg4jjgI0gTkZXLTIwTO+8muOCveODleODnuODg+ODl+alveWkqeW4guWgtOW6lw==,44K944OV44Oe44OD44OXU29mbWFw44OR44K944Kz44Oz44K/44OW44Os44OD44OIUENIRETjgqLjgrvjg7Pjg5bjg6rjg5Hjg7zjg4Tjg5Hjgr3jgrPjg7Pjg5Hjg7zjg4Tjg4bjg6zjg5PjgrLjg7zjg6Djg5bjg6vjg7zjg6zjgqTjgr3jg5Xjg4hEVkTjgr3jg5Xjg4jmtrLmmbbjg4bjg6zjg5Pjg5bjg6vjg7zjg6zjgqTjg4fjgqPjgrnjgq/jg6zjgrPjg7zjg4Djg7zjg4fjgrjjgr/jg6vkuIDnnLzjg6zjg5Xjgqvjg6Hjg6njg4fjgrjjgr/jg6vjgqvjg6Hjg6nlrrbpm7vmmYLoqIjkuK3lj6TjgqLjgqbjg4jjg6zjg4Pjg4hpUGFkaVBob25l44OV44K444Kr44Op44O8IOODleODquODvOOCouODq+ODkOODoCDjgIzjgqjjgqLjg53jg7zjg4jjgI0gTkZXLTIwTA==,44CA44CC44OV44K444Kr44Op44O8IOODleODquODvOOCouODq+ODkOODoCDjgIzjgqjjgqLjg53jg7zjg4jjgI0gTkZXLTIwTA==[rn]
2-78687,aHR0cDovL3RzaG9wLnIxMHMuanAvZHRjL2NhYmluZXQvMDAzMTEyMTMvNDk3NzE4NzY0MDIyOS5qcGc/Zml0aW49NzAwOjcwMA==,MjQ0LjAwMDA=,,5pel55So5ZOB6ZuR6LKo44O75paH5oi/5YW344O75omL6Iq4ID4g5paH5oi/5YW344O75LqL5YuZ55So5ZOBID4g44Ki44Or44OQ44Og,44OP44Kv44OQ5YaZ55yf55Sj5qWt44Oa44O844OR44O844K544Kv44Km44Kn44Ki5Y+w57SZIE5vLjE3NyAyTDLpnaIg44OW44Or44O8,44CA,PHRhYmxlIGJvcmRlcj0iMCIgY2VsbHBhZGRpbmc9IjAiIGNlbGxzcGFjaW5nPSIwIiB3aWR0aD0iNzEwIiBzdHlsZT0ibGluZS1oZWlnaHQ6MTQwJTsiPjx0cj48dGQ+PGZvbnQgc2l6ZT0iMiI+4pag44K544Kv44Km44Kn44Ki44Gq44Gu44Gn44GK5YaZ55yf44Gu44K/44OG44O744Oo44Kz44Gu5ZCR44GN44KS6YG444Gz44G+44Gb44KT44CCPGJyPuKWoOOCveODleODiOOBquiJsuWQiOOBhOOBruaXouWtmDLoibLvvIjjgq/jg6rjg7zjg6DjgIHjg5bjg6njgqbjg7PvvInjgavliqDjgYjjgIHjg5bjg6vjg7zjgIHjg5Tjg7Pjgq/jgIHjg5Hjg7zjg5fjg6vjgYzku7LplpPlhaXjgorjgII8YnI+4pag5Lit6aGN44KS44GU6Ieq5YiG44Gn6LK844KL44K/44Kk44OX44Gu5Y+w57SZ44Gq44Gu44Gn44CB5Y+z5YG0MemdouOBoOOBkeOBiuWGmeecn+OCkumjvuOCi+OAgTHpnaLlhpnnnJ/lj7DntJnjgajjgZfjgabjgoLjgYrkvb/jgYTpoILjgZHjgb7jgZnjgII8YnI+4pag44OT44Kv5oqc44GN44Gu5Lit6aGN44Gr44Gv44K544K45oq844GX5qih5qeY44GM5YWl44Gj44Gm44GE44G+44GZ44CCPGJyPuKAu+S4remhjeOBr+eri+aoquWFvOeUqOOBp+OBmeOAguiyvOS7mOS9jee9ruOCguOBlOiHquWIhuOBp+OBi+OBiOOCieOCjOOBvuOBmeOAgjxicj48YnI+44CQ6KO95ZOB5LuV5qeY44CRPGJyPuS7leanmO+8mjLjg4TmipjjgIHjgr/jg4bjg6jjgrPlhbznlKg8YnI+5p2Q6LOq77ya57SZPGJyPuihqOe0me+8muOCouODs+OCs+OBquOBl++8iDFtbe+8iTxicj7kuK3poY3kuK3mipzjgY3vvJrjg5Pjgq/mipzjgY08YnI+6KGo57SZ5aSW5a+45rOV77yaMjIww5cyMjNtbTxicj7kuK3poY3lpJblr7jms5XvvJoyMTHDlzIxMcOXMW1tPGJyPuS4remhjeS4reaKnOOBjeWvuOazle+8mjE2NcOXMTE1bW08YnI+PGJyPjwvZm9udD48L3RkPjwvdHI+PC90YWJsZT48IS0tCjxkaXYgc3R5bGU9IndpZHRoOjcxMHB4OyBoZWlnaHQ6MTgwcHg7ICBtYXJnaW46MDsgb3ZlcmZsb3c6aGlkZGVuOyI+Cgo8L2Rpdj4KLS0+Cgo8ZGl2IHN0eWxlPSJ3aWR0aDogNzAwcHg7IG1hcmdpbjogNXB4OyI+CjxpbWcgc3JjPSJodHRwOi8vd3d3LnJha3V0ZW4ubmUuanAvZ29sZC9kdGMvZnJhbWUvaW1hZ2VzL3N5b3VoaW5zZXR1bWVpNS5naWYiIHdpZHRoPSI3MDAiIGhlaWdodD0iMzAiPgo8L2Rpdj4KCjxkaXYgc3R5bGU9IndpZHRoOjcxMHB4OyBoZWlnaHQ6MTAwcHg7IG1hcmdpbjowIDVweDsgb3ZlcmZsb3c6aGlkZGVuOyI+Cgo8L2Rpdj4KCjwhLS0KPGRpdiBzdHlsZT0id2lkdGg6IDcwMHB4OyBtYXJnaW46IDAgNXB4OyI+CjxpbWcgc3JjPSJodHRwOi8vd3d3LnJha3V0ZW4ubmUuanAvZ29sZC9kdGMvZnJhbWUvaW1hZ2VzL3N5b3VoaW5zZXR1bWVpMi5naWYiIHdpZHRoPSI3MDAiIGhlaWdodD0iMzAiPgo8L2Rpdj4KPGRpdiBzdHlsZT0id2lkdGg6NzEwcHg7IGhlaWdodDozMDBweDsgIG1hcmdpbjowIDAgMjBweDsgb3ZlcmZsb3c6aGlkZGVuOyI+Cgo8L2Rpdj4KLS0+,44OP44Kv44OQ5YaZ55yf55Sj5qWt44Oa44O844OR44O844K544Kv44Km44Kn44Ki5Y+w57SZIE5vLjE3NyAyTDLpnaIg44OW44Or44O877ya44K944OV44Oe44OD44OX5qW95aSp5biC5aC05bqX,44K944OV44Oe44OD44OXU29mbWFw44OR44K944Kz44Oz44K/44OW44Os44OD44OIUENIRETjgqLjgrvjg7Pjg5bjg6rjg5Hjg7zjg4Tjg5Hjgr3jgrPjg7Pjg5Hjg7zjg4Tjg4bjg6zjg5PjgrLjg7zjg6Djg5bjg6vjg7zjg6zjgqTjgr3jg5Xjg4hEVkTjgr3jg5Xjg4jmtrLmmbbjg4bjg6zjg5Pjg5bjg6vjg7zjg6zjgqTjg4fjgqPjgrnjgq/jg6zjgrPjg7zjg4Djg7zjg4fjgrjjgr/jg6vkuIDnnLzjg6zjg5Xjgqvjg6Hjg6njg4fjgrjjgr/jg6vjgqvjg6Hjg6nlrrbpm7vmmYLoqIjkuK3lj6TjgqLjgqbjg4jjg6zjg4Pjg4hpUGFkaVBob25l44OP44Kv44OQ5YaZ55yf55Sj5qWt44Oa44O844OR44O844K544Kv44Km44Kn44Ki5Y+w57SZIE5vLjE3NyAyTDLpnaIg44OW44Or44O8,44CA44CC44OP44Kv44OQ5YaZ55yf55Sj5qWt44Oa44O844OR44O844K544Kv44Km44Kn44Ki5Y+w57SZIE5vLjE3NyAyTDLpnaIg44OW44Or44O8[rn]
2-78688,aHR0cDovL3RzaG9wLnIxMHMuanAvZHRjL2NhYmluZXQvMjAxNTExMDJhLzQ5MDIyMDUzODk2NzUuanBnP2ZpdGluPTcwMDo3MDA=,NTI2LjQwMDA=,,5pel55So5ZOB6ZuR6LKo44O75paH5oi/5YW344O75omL6Iq4ID4g5paH5oi/5YW344O75LqL5YuZ55So5ZOBID4g44Ki44Or44OQ44Og,44OK44Kr44OQ44Ok44K344OV44Kp44OI44Kw44Op44OV44Kj44Oq44KiIEzliKQz5q61MzYw5p6a5Y+O57SNIFBITDEwMzZE,44CA,PHRhYmxlIGJvcmRlcj0iMCIgY2VsbHBhZGRpbmc9IjAiIGNlbGxzcGFjaW5nPSIwIiB3aWR0aD0iNzEwIiBzdHlsZT0ibGluZS1oZWlnaHQ6MTQwJTsiPjx0cj48dGQ+PGZvbnQgc2l6ZT0iMiI+44Od44Kx44OD44OI44Ki44Or44OQ44OgIOODleOCqeODiOOCsOODqeODleOCo+ODquOCou+8j1BIT1RPIEdSQVBISUxJQSBM5YikMzYw5p6aPGJyPjxicj48L2ZvbnQ+PC90ZD48L3RyPjwvdGFibGU+PCEtLQo8ZGl2IHN0eWxlPSJ3aWR0aDo3MTBweDsgaGVpZ2h0OjE4MHB4OyAgbWFyZ2luOjA7IG92ZXJmbG93OmhpZGRlbjsiPgoKPC9kaXY+Ci0tPgoKPGRpdiBzdHlsZT0id2lkdGg6IDcwMHB4OyBtYXJnaW46IDVweDsiPgo8aW1nIHNyYz0iaHR0cDovL3d3dy5yYWt1dGVuLm5lLmpwL2dvbGQvZHRjL2ZyYW1lL2ltYWdlcy9zeW91aGluc2V0dW1laTUuZ2lmIiB3aWR0aD0iNzAwIiBoZWlnaHQ9IjMwIj4KPC9kaXY+Cgo8ZGl2IHN0eWxlPSJ3aWR0aDo3MTBweDsgaGVpZ2h0OjEwMHB4OyBtYXJnaW46MCA1cHg7IG92ZXJmbG93OmhpZGRlbjsiPgoKPC9kaXY+Cgo8IS0tCjxkaXYgc3R5bGU9IndpZHRoOiA3MDBweDsgbWFyZ2luOiAwIDVweDsiPgo8aW1nIHNyYz0iaHR0cDovL3d3dy5yYWt1dGVuLm5lLmpwL2dvbGQvZHRjL2ZyYW1lL2ltYWdlcy9zeW91aGluc2V0dW1laTIuZ2lmIiB3aWR0aD0iNzAwIiBoZWlnaHQ9IjMwIj4KPC9kaXY+CjxkaXYgc3R5bGU9IndpZHRoOjcxMHB4OyBoZWlnaHQ6MzAwcHg7ICBtYXJnaW46MCAwIDIwcHg7IG92ZXJmbG93OmhpZGRlbjsiPgoKPC9kaXY+Ci0tPg==,44OK44Kr44OQ44Ok44K344OV44Kp44OI44Kw44Op44OV44Kj44Oq44KiIEzliKQz5q61MzYw5p6a5Y+O57SNIFBITDEwMzZE77ya44K944OV44Oe44OD44OX5qW95aSp5biC5aC05bqX,44K944OV44Oe44OD44OXU29mbWFw44OR44K944Kz44Oz44K/44OW44Os44OD44OIUENIRETjgqLjgrvjg7Pjg5bjg6rjg5Hjg7zjg4Tjg5Hjgr3jgrPjg7Pjg5Hjg7zjg4Tjg4bjg6zjg5PjgrLjg7zjg6Djg5bjg6vjg7zjg6zjgqTjgr3jg5Xjg4hEVkTjgr3jg5Xjg4jmtrLmmbbjg4bjg6zjg5Pjg5bjg6vjg7zjg6zjgqTjg4fjgqPjgrnjgq/jg6zjgrPjg7zjg4Djg7zjg4fjgrjjgr/jg6vkuIDnnLzjg6zjg5Xjgqvjg6Hjg6njg4fjgrjjgr/jg6vjgqvjg6Hjg6nlrrbpm7vmmYLoqIjkuK3lj6TjgqLjgqbjg4jjg6zjg4Pjg4hpUGFkaVBob25l44OK44Kr44OQ44Ok44K344OV44Kp44OI44Kw44Op44OV44Kj44Oq44KiIEzliKQz5q61MzYw5p6a5Y+O57SNIFBITDEwMzZE,44CA44CC44OK44Kr44OQ44Ok44K344OV44Kp44OI44Kw44Op44OV44Kj44Oq44KiIEzliKQz5q61MzYw5p6a5Y+O57SNIFBITDEwMzZE[rn]
2-78689,aHR0cDovL3RzaG9wLnIxMHMuanAvZHRjL2NhYmluZXQvMDIyMzQ3MzkvNDk3NzE4NzUyMDA3MS5qcGc/Zml0aW49NzAwOjcwMA==,NjcyLjgwMDA=,,5pel55So5ZOB6ZuR6LKo44O75paH5oi/5YW344O75omL6Iq4ID4g5paH5oi/5YW344O75LqL5YuZ55So5ZOBID4g44Ki44Or44OQ44Og,44OP44Kv44OQ5YaZ55yf55Sj5qWtIOOCouODq+ODkOODoCDjgIzjg6zjg53jg7zjg4jjgqLjg6vjg5Djg6BEWOOAjSAoTOOCteOCpOOCui/jg5bjg6njg4Pjgq8pIDUyMDA3MQ==,44CA,44Gp44KT44Gp44KT5pWw44GM5aKX44GI44Gm44GP44KL44OX44Oq44Oz44OI44Gu5pW055CG44Gr5L6/5Yip44Gq5aSn5Z6L44Ki44Or44OQ44Og44CC44OX44Oq44Oz44OI44K144Kk44K65Yil44Gr6LGK5a+M44Gq44OQ44Oq44Ko44O844K344On44Oz44Gu5Y+w57SZ44KS5o+D44GI44G+44GX44Gf44CC4pagMTIw5p6a5Y+O57SN77yIMTLDlzEw44K344O844OIKeKWoDTnqbTjg5DjgqTjg7Pjg4Djg7zlvI/ilqDjgqvjg7zjg4njg5zjg7zjg4nooajntJnilqDjg5Xjg6rjg7zjgrXjgqTjgrrjg43jgqzjgrfjg7zjg4jku5jilqDjgrXjg4Pjgq/jgrHjg7zjgrnku5g8IS0tCjxkaXYgc3R5bGU9IndpZHRoOjcxMHB4OyBoZWlnaHQ6MTgwcHg7ICBtYXJnaW46MDsgb3ZlcmZsb3c6aGlkZGVuOyI+Cgo8L2Rpdj4KLS0+Cgo8ZGl2IHN0eWxlPSJ3aWR0aDogNzAwcHg7IG1hcmdpbjogNXB4OyI+CjxpbWcgc3JjPSJodHRwOi8vd3d3LnJha3V0ZW4ubmUuanAvZ29sZC9kdGMvZnJhbWUvaW1hZ2VzL3N5b3VoaW5zZXR1bWVpNS5naWYiIHdpZHRoPSI3MDAiIGhlaWdodD0iMzAiPgo8L2Rpdj4KCjxkaXYgc3R5bGU9IndpZHRoOjcxMHB4OyBoZWlnaHQ6MTAwcHg7IG1hcmdpbjowIDVweDsgb3ZlcmZsb3c6aGlkZGVuOyI+Cgo8L2Rpdj4KCjwhLS0KPGRpdiBzdHlsZT0id2lkdGg6IDcwMHB4OyBtYXJnaW46IDAgNXB4OyI+CjxpbWcgc3JjPSJodHRwOi8vd3d3LnJha3V0ZW4ubmUuanAvZ29sZC9kdGMvZnJhbWUvaW1hZ2VzL3N5b3VoaW5zZXR1bWVpMi5naWYiIHdpZHRoPSI3MDAiIGhlaWdodD0iMzAiPgo8L2Rpdj4KPGRpdiBzdHlsZT0id2lkdGg6NzEwcHg7IGhlaWdodDozMDBweDsgIG1hcmdpbjowIDAgMjBweDsgb3ZlcmZsb3c6aGlkZGVuOyI+Cgo8L2Rpdj4KLS0+,44OP44Kv44OQ5YaZ55yf55Sj5qWtIOOCouODq+ODkOODoCDjgIzjg6zjg53jg7zjg4jjgqLjg6vjg5Djg6BEWOOAjSAoTOOCteOCpOOCui/jg5bjg6njg4Pjgq8pIDUyMDA3Me+8muOCveODleODnuODg+ODl+alveWkqeW4guWgtOW6lw==,44K944OV44Oe44OD44OXU29mbWFw44OR44K944Kz44Oz44K/44OW44Os44OD44OIUENIRETjgqLjgrvjg7Pjg5bjg6rjg5Hjg7zjg4Tjg5Hjgr3jgrPjg7Pjg5Hjg7zjg4Tjg4bjg6zjg5PjgrLjg7zjg6Djg5bjg6vjg7zjg6zjgqTjgr3jg5Xjg4hEVkTjgr3jg5Xjg4jmtrLmmbbjg4bjg6zjg5Pjg5bjg6vjg7zjg6zjgqTjg4fjgqPjgrnjgq/jg6zjgrPjg7zjg4Djg7zjg4fjgrjjgr/jg6vkuIDnnLzjg6zjg5Xjgqvjg6Hjg6njg4fjgrjjgr/jg6vjgqvjg6Hjg6nlrrbpm7vmmYLoqIjkuK3lj6TjgqLjgqbjg4jjg6zjg4Pjg4hpUGFkaVBob25l44OP44Kv44OQ5YaZ55yf55Sj5qWtIOOCouODq+ODkOODoCDjgIzjg6zjg53jg7zjg4jjgqLjg6vjg5Djg6BEWOOAjSAoTOOCteOCpOOCui/jg5bjg6njg4Pjgq8pIDUyMDA3MQ==,44CA44CC44OP44Kv44OQ5YaZ55yf55Sj5qWtIOOCouODq+ODkOODoCDjgIzjg6zjg53jg7zjg4jjgqLjg6vjg5Djg6BEWOOAjSAoTOOCteOCpOOCui/jg5bjg6njg4Pjgq8pIDUyMDA3MQ==[rn]
2-78690,aHR0cDovL3RzaG9wLnIxMHMuanAvZHRjL2NhYmluZXQvMDIyMzQ3MzkvNDk3NzQ2NjEwNDc2My5qcGc/Zml0aW49NzAwOjcwMA==,NTE3LjYwMDA=,,5pel55So5ZOB6ZuR6LKo44O75paH5oi/5YW344O75omL6Iq4ID4g5paH5oi/5YW344O75LqL5YuZ55So5ZOBID4g44Ki44Or44OQ44Og,44OV44K444Kr44Op44O8IOODleODquODvOOCouODq+ODkOODoOeUqOOCueODmuOCouOCq+ODqeODvOWPsOe0mTVMSyAo44Kk44Ko44Ot44O8KQ==,44CA,TOOCteOCpOOCuuODleODquODvOWPsOe0me+8iOOCq+ODqeODvOWPsOe0mTXmnprjg7vjg5Pjgrnku5jjgY3vvInjgafjgZnjgII8IS0tCjxkaXYgc3R5bGU9IndpZHRoOjcxMHB4OyBoZWlnaHQ6MTgwcHg7ICBtYXJnaW46MDsgb3ZlcmZsb3c6aGlkZGVuOyI+Cgo8L2Rpdj4KLS0+Cgo8ZGl2IHN0eWxlPSJ3aWR0aDogNzAwcHg7IG1hcmdpbjogNXB4OyI+CjxpbWcgc3JjPSJodHRwOi8vd3d3LnJha3V0ZW4ubmUuanAvZ29sZC9kdGMvZnJhbWUvaW1hZ2VzL3N5b3VoaW5zZXR1bWVpNS5naWYiIHdpZHRoPSI3MDAiIGhlaWdodD0iMzAiPgo8L2Rpdj4KCjxkaXYgc3R5bGU9IndpZHRoOjcxMHB4OyBoZWlnaHQ6MTAwcHg7IG1hcmdpbjowIDVweDsgb3ZlcmZsb3c6aGlkZGVuOyI+Cgo8L2Rpdj4KCjwhLS0KPGRpdiBzdHlsZT0id2lkdGg6IDcwMHB4OyBtYXJnaW46IDAgNXB4OyI+CjxpbWcgc3JjPSJodHRwOi8vd3d3LnJha3V0ZW4ubmUuanAvZ29sZC9kdGMvZnJhbWUvaW1hZ2VzL3N5b3VoaW5zZXR1bWVpMi5naWYiIHdpZHRoPSI3MDAiIGhlaWdodD0iMzAiPgo8L2Rpdj4KPGRpdiBzdHlsZT0id2lkdGg6NzEwcHg7IGhlaWdodDozMDBweDsgIG1hcmdpbjowIDAgMjBweDsgb3ZlcmZsb3c6aGlkZGVuOyI+Cgo8L2Rpdj4KLS0+,44OV44K444Kr44Op44O8IOODleODquODvOOCouODq+ODkOODoOeUqOOCueODmuOCouOCq+ODqeODvOWPsOe0mTVMSyAo44Kk44Ko44Ot44O8Ke+8muOCveODleODnuODg+ODl+alveWkqeW4guWgtOW6lw==,44K944OV44Oe44OD44OXU29mbWFw44OR44K944Kz44Oz44K/44OW44Os44OD44OIUENIRETjgqLjgrvjg7Pjg5bjg6rjg5Hjg7zjg4Tjg5Hjgr3jgrPjg7Pjg5Hjg7zjg4Tjg4bjg6zjg5PjgrLjg7zjg6Djg5bjg6vjg7zjg6zjgqTjgr3jg5Xjg4hEVkTjgr3jg5Xjg4jmtrLmmbbjg4bjg6zjg5Pjg5bjg6vjg7zjg6zjgqTjg4fjgqPjgrnjgq/jg6zjgrPjg7zjg4Djg7zjg4fjgrjjgr/jg6vkuIDnnLzjg6zjg5Xjgqvjg6Hjg6njg4fjgrjjgr/jg6vjgqvjg6Hjg6nlrrbpm7vmmYLoqIjkuK3lj6TjgqLjgqbjg4jjg6zjg4Pjg4hpUGFkaVBob25l44OV44K444Kr44Op44O8IOODleODquODvOOCouODq+ODkOODoOeUqOOCueODmuOCouOCq+ODqeODvOWPsOe0mTVMSyAo44Kk44Ko44Ot44O8KQ==,44CA44CC44OV44K444Kr44Op44O8IOODleODquODvOOCouODq+ODkOODoOeUqOOCueODmuOCouOCq+ODqeODvOWPsOe0mTVMSyAo44Kk44Ko44Ot44O8KQ==[rn]
2-78691,aHR0cDovL3RzaG9wLnIxMHMuanAvZHRjL2NhYmluZXQvMjAxNzAyMDduMjAvNDk3NzE4NzQ5MDgzMS5qcGc/Zml0aW49NzAwOjcwMA==,MTEwNC4wMDAw,,5pel55So5ZOB6ZuR6LKo44O75paH5oi/5YW344O75omL6Iq4ID4g5paH5oi/5YW344O75LqL5YuZ55So5ZOBID4g44Ki44Or44OQ44Og,44OP44Kv44OQ5pyo6KO96aGN57iBIOOCueOCv+ODs+ODieS7mO+8iEE044K144Kk44K677yP44OK44OB44Ol44Op44Or77yJIEZXTU0wMS1OVEE0,,PHRhYmxlIGJvcmRlcj0iMCIgY2VsbHBhZGRpbmc9IjAiIGNlbGxzcGFjaW5nPSIwIiB3aWR0aD0iNzEwIiBzdHlsZT0ibGluZS1oZWlnaHQ6MTQwJTsiPjx0cj48dGQ+PGZvbnQgc2l6ZT0iMiI+44GV44G+44GW44G+44Gq44GK5YaZ55yf44Gr5ZCI44GG44K344Oz44OX44Or44Gq6KeS5b2i44Gu5YaZ55yf55So5pyo6KO96aGN57iB44Gn44GZ44CC44K544K/44Oz44OJ5LuY44GN44CCPGJyPjxicj7jgJDoo73lk4Hku5Xmp5jjgJE8YnI+4pag44OV44Os44O844Og5p2Q6LOq77ya5pyo6KO9PGJyPuKWoOmhjee4geWkluWvuOazle+8mlcyNjfDl0gzNTTDl0QxNG1tPGJyPuKWoOODnuODg+ODiOWkluWvuOazle+8mlcyNDXDl0gzMzJtbTxicj7ilqDjg57jg4Pjg4jkuK3mipzlr7jms5XvvJpXMTkww5dIMjc3bW08YnI+4pag44Oe44OD44OI5LuV5qeY77yaVuOCq+ODg+ODiOODnuODg+ODiOe0mTxicj7ilqDliY3pnaLmnb/vvJrjgqzjg6njgrnmnb88YnI+4pag5ZCK44KK44OS44Oi77ya44GC44KKPGJyPuKWoOOCueOCv+ODs+ODie+8muOBguOCijxicj7ilqDjg5Hjg4PjgrHjg7zjgrjvvJrntJnnrrE8YnI+PGJyPjwvZm9udD48L3RkPjwvdHI+PC90YWJsZT48dGFibGUgY2VsbHNwYWNpbmc9IjAiIGNlbGxwYWRkaW5nPSI0IiBib3JkZXI9IjEiIHdpZHRoPSI3MTAiIGJvcmRlcmNvbG9yPSIjY2NjY2NjIj48dHI+PHRkIHdpZHRoPSIxODAiIGJnY29sb3I9IiNlZmVmZWYiPjxmb250IHNpemU9IjIiPuiJsjwvZm9udD48L3RkPjx0ZCB3aWR0aD0iNTMwIj48Zm9udCBzaXplPSIyIj7jg4rjg4Hjg6Xjg6njg6s8L2ZvbnQ+PC90ZD48L3RyPjwvdGFibGU+PCEtLQo8ZGl2IHN0eWxlPSJ3aWR0aDo3MTBweDsgaGVpZ2h0OjE4MHB4OyAgbWFyZ2luOjA7IG92ZXJmbG93OmhpZGRlbjsiPgoKPC9kaXY+Ci0tPgoKPGRpdiBzdHlsZT0id2lkdGg6IDcwMHB4OyBtYXJnaW46IDVweDsiPgo8aW1nIHNyYz0iaHR0cDovL3d3dy5yYWt1dGVuLm5lLmpwL2dvbGQvZHRjL2ZyYW1lL2ltYWdlcy9zeW91aGluc2V0dW1laTUuZ2lmIiB3aWR0aD0iNzAwIiBoZWlnaHQ9IjMwIj4KPC9kaXY+Cgo8ZGl2IHN0eWxlPSJ3aWR0aDo3MTBweDsgaGVpZ2h0OjEwMHB4OyBtYXJnaW46MCA1cHg7IG92ZXJmbG93OmhpZGRlbjsiPgoKPC9kaXY+Cgo8IS0tCjxkaXYgc3R5bGU9IndpZHRoOiA3MDBweDsgbWFyZ2luOiAwIDVweDsiPgo8aW1nIHNyYz0iaHR0cDovL3d3dy5yYWt1dGVuLm5lLmpwL2dvbGQvZHRjL2ZyYW1lL2ltYWdlcy9zeW91aGluc2V0dW1laTIuZ2lmIiB3aWR0aD0iNzAwIiBoZWlnaHQ9IjMwIj4KPC9kaXY+CjxkaXYgc3R5bGU9IndpZHRoOjcxMHB4OyBoZWlnaHQ6MzAwcHg7ICBtYXJnaW46MCAwIDIwcHg7IG92ZXJmbG93OmhpZGRlbjsiPgoKPC9kaXY+Ci0tPg==,44OP44Kv44OQ5pyo6KO96aGN57iBIOOCueOCv+ODs+ODieS7mO+8iEE044K144Kk44K677yP44OK44OB44Ol44Op44Or77yJIEZXTU0wMS1OVEE077ya44K944OV44Oe44OD44OX5qW95aSp5biC5aC05bqX,44K944OV44Oe44OD44OXU29mbWFw44OR44K944Kz44Oz44K/44OW44Os44OD44OIUENIRETjgqLjgrvjg7Pjg5bjg6rjg5Hjg7zjg4Tjg5Hjgr3jgrPjg7Pjg5Hjg7zjg4Tjg4bjg6zjg5PjgrLjg7zjg6Djg5bjg6vjg7zjg6zjgqTjgr3jg5Xjg4hEVkTjgr3jg5Xjg4jmtrLmmbbjg4bjg6zjg5Pjg5bjg6vjg7zjg6zjgqTjg4fjgqPjgrnjgq/jg6zjgrPjg7zjg4Djg7zjg4fjgrjjgr/jg6vkuIDnnLzjg6zjg5Xjgqvjg6Hjg6njg4fjgrjjgr/jg6vjgqvjg6Hjg6nlrrbpm7vmmYLoqIjkuK3lj6TjgqLjgqbjg4jjg6zjg4Pjg4hpUGFkaVBob25l44OP44Kv44OQ5pyo6KO96aGN57iBIOOCueOCv+ODs+ODieS7mO+8iEE044K144Kk44K677yP44OK44OB44Ol44Op44Or77yJIEZXTU0wMS1OVEE0,44OP44Kv44OQ5pyo6KO96aGN57iBIOOCueOCv+ODs+ODieS7mO+8iEE044K144Kk44K677yP44OK44OB44Ol44Op44Or77yJIEZXTU0wMS1OVEE0[rn]
2-78692,aHR0cDovL3RzaG9wLnIxMHMuanAvZHRjL2NhYmluZXQvMDIyMzQ3NDAvNDk3NzQ2NjUwNDA1MS5qcGc/Zml0aW49NzAwOjcwMA==,MTgzMi4wMDAw,,5pel55So5ZOB6ZuR6LKo44O75paH5oi/5YW344O75omL6Iq4ID4g5paH5oi/5YW344O75LqL5YuZ55So5ZOBID4g44Ki44Or44OQ44Og,44OV44K444Kr44Op44O8IOODl+ODquODs+ODiOijj+aJk+OBoeOCt+ODvOODiCDljYrliIc=,44CA,4pag44Kv44Oq44K544K/44Or44OX44Oq44Oz44OI44Gr5pyA6YGp44Gu6KOP5omT44Gh5Yqg5bel55So44K344O844OI4pag5Y2K5YiH44K144Kk44K64pag44K344O844OI5qeL5oiQ5Z+65p2Q77ya44Om44Od77yI44Od44Oq44OX44Ot44OU44Os44Oz77yJK+W8t+eymOedgOadkCvpm6LjgrHjgqTntJnilqDlvLXjgorlkIjjgo/jgZvoo5zliqnjgrfjg7zjg4jku5jilqDnspjnnYDosqHvvJrjg5vjg4Pjg4jjg6Hjg6vjg4jilqDljprjgZXvvJrntIQwLjhtbeKWoDXmnprlhaXjgoo8IS0tCjxkaXYgc3R5bGU9IndpZHRoOjcxMHB4OyBoZWlnaHQ6MTgwcHg7ICBtYXJnaW46MDsgb3ZlcmZsb3c6aGlkZGVuOyI+Cgo8L2Rpdj4KLS0+Cgo8ZGl2IHN0eWxlPSJ3aWR0aDogNzAwcHg7IG1hcmdpbjogNXB4OyI+CjxpbWcgc3JjPSJodHRwOi8vd3d3LnJha3V0ZW4ubmUuanAvZ29sZC9kdGMvZnJhbWUvaW1hZ2VzL3N5b3VoaW5zZXR1bWVpNS5naWYiIHdpZHRoPSI3MDAiIGhlaWdodD0iMzAiPgo8L2Rpdj4KCjxkaXYgc3R5bGU9IndpZHRoOjcxMHB4OyBoZWlnaHQ6MTAwcHg7IG1hcmdpbjowIDVweDsgb3ZlcmZsb3c6aGlkZGVuOyI+Cgo8L2Rpdj4KCjwhLS0KPGRpdiBzdHlsZT0id2lkdGg6IDcwMHB4OyBtYXJnaW46IDAgNXB4OyI+CjxpbWcgc3JjPSJodHRwOi8vd3d3LnJha3V0ZW4ubmUuanAvZ29sZC9kdGMvZnJhbWUvaW1hZ2VzL3N5b3VoaW5zZXR1bWVpMi5naWYiIHdpZHRoPSI3MDAiIGhlaWdodD0iMzAiPgo8L2Rpdj4KPGRpdiBzdHlsZT0id2lkdGg6NzEwcHg7IGhlaWdodDozMDBweDsgIG1hcmdpbjowIDAgMjBweDsgb3ZlcmZsb3c6aGlkZGVuOyI+Cgo8L2Rpdj4KLS0+,44OV44K444Kr44Op44O8IOODl+ODquODs+ODiOijj+aJk+OBoeOCt+ODvOODiCDljYrliIfvvJrjgr3jg5Xjg57jg4Pjg5fmpb3lpKnluILloLTlupc=,44K944OV44Oe44OD44OXU29mbWFw44OR44K944Kz44Oz44K/44OW44Os44OD44OIUENIRETjgqLjgrvjg7Pjg5bjg6rjg5Hjg7zjg4Tjg5Hjgr3jgrPjg7Pjg5Hjg7zjg4Tjg4bjg6zjg5PjgrLjg7zjg6Djg5bjg6vjg7zjg6zjgqTjgr3jg5Xjg4hEVkTjgr3jg5Xjg4jmtrLmmbbjg4bjg6zjg5Pjg5bjg6vjg7zjg6zjgqTjg4fjgqPjgrnjgq/jg6zjgrPjg7zjg4Djg7zjg4fjgrjjgr/jg6vkuIDnnLzjg6zjg5Xjgqvjg6Hjg6njg4fjgrjjgr/jg6vjgqvjg6Hjg6nlrrbpm7vmmYLoqIjkuK3lj6TjgqLjgqbjg4jjg6zjg4Pjg4hpUGFkaVBob25l44OV44K444Kr44Op44O8IOODl+ODquODs+ODiOijj+aJk+OBoeOCt+ODvOODiCDljYrliIc=,44CA44CC44OV44K444Kr44Op44O8IOODl+ODquODs+ODiOijj+aJk+OBoeOCt+ODvOODiCDljYrliIc=[rn]
2-78693,aHR0cDovL3RzaG9wLnIxMHMuanAvZHRjL2NhYmluZXQvMjAxMzAyMjUwOC80OTAyMjA1Mzc2NjUxLmpwZz9maXRpbj03MDA6NzAw,Njk2LjgwMDA=,,5pel55So5ZOB6ZuR6LKo44O75paH5oi/5YW344O75omL6Iq4ID4g5paH5oi/5YW344O75LqL5YuZ55So5ZOBID4g44Ki44Or44OQ44Og,44OK44Kr44OQ44Ok44K3IOODluODg+OCr+W8jyDluIPjgq/jg63jgrnjg5Xjg6rjg7zjgqLjg6vjg5Djg6DjgIzjg4bjg6njgrPjg4Pjgr/jgI0oTOWIpDLmrrXvvI/jg5bjg6njgqbjg7MpICBURVItTDJCLTE0MC1CUg==,44CA,PGJyPjx0YWJsZSBib3JkZXI9IjAiIGNlbGxwYWRkaW5nPSIwIiBjZWxsc3BhY2luZz0iMCIgd2lkdGg9IjcxMCIgc3R5bGU9ImxpbmUtaGVpZ2h0OjE0MCU7Ij48dHI+PHRkPjxmb250IHNpemU9IjIiPuKWoOacrOS9k+OCteOCpOOCuu+8muOCv+ODhjIxN8OX44Oo44KzMTY4w5fog4zlt74xOG1tICDilqDluIPlnLDooajntJkgIOKWoOODleODquODvOWPsOe0me+8iOOCr+ODqeODleODiO+8iTEw5p6aICDilqDpgI/mmI7ooovlhaXjgoogIOKWoOacrOS9k+mHjemHj++8mjQyMGcgIOOAgCDigLvosrzku5jmnInlirnjgrXjgqTjgrrvvJrjgr/jg4YxOTfDl+ODqOOCszE1MG1tPGJyPjxicj48L2ZvbnQ+PC90ZD48L3RyPjwvdGFibGU+PCEtLQo8ZGl2IHN0eWxlPSJ3aWR0aDo3MTBweDsgaGVpZ2h0OjE4MHB4OyAgbWFyZ2luOjA7IG92ZXJmbG93OmhpZGRlbjsiPgoKPC9kaXY+Ci0tPgoKPGRpdiBzdHlsZT0id2lkdGg6IDcwMHB4OyBtYXJnaW46IDVweDsiPgo8aW1nIHNyYz0iaHR0cDovL3d3dy5yYWt1dGVuLm5lLmpwL2dvbGQvZHRjL2ZyYW1lL2ltYWdlcy9zeW91aGluc2V0dW1laTUuZ2lmIiB3aWR0aD0iNzAwIiBoZWlnaHQ9IjMwIj4KPC9kaXY+Cgo8ZGl2IHN0eWxlPSJ3aWR0aDo3MTBweDsgaGVpZ2h0OjEwMHB4OyBtYXJnaW46MCA1cHg7IG92ZXJmbG93OmhpZGRlbjsiPgoKPC9kaXY+Cgo8IS0tCjxkaXYgc3R5bGU9IndpZHRoOiA3MDBweDsgbWFyZ2luOiAwIDVweDsiPgo8aW1nIHNyYz0iaHR0cDovL3d3dy5yYWt1dGVuLm5lLmpwL2dvbGQvZHRjL2ZyYW1lL2ltYWdlcy9zeW91aGluc2V0dW1laTIuZ2lmIiB3aWR0aD0iNzAwIiBoZWlnaHQ9IjMwIj4KPC9kaXY+CjxkaXYgc3R5bGU9IndpZHRoOjcxMHB4OyBoZWlnaHQ6MzAwcHg7ICBtYXJnaW46MCAwIDIwcHg7IG92ZXJmbG93OmhpZGRlbjsiPgoKPC9kaXY+Ci0tPg==,44OK44Kr44OQ44Ok44K3IOODluODg+OCr+W8jyDluIPjgq/jg63jgrnjg5Xjg6rjg7zjgqLjg6vjg5Djg6DjgIzjg4bjg6njgrPjg4Pjgr/jgI0oTOWIpDLmrrXvvI/jg5bjg6njgqbjg7MpICBURVItTDJCLTE0MC1CUu+8muOCveODleODnuODg+ODl+alveWkqeW4guWgtOW6lw==,44K944OV44Oe44OD44OXU29mbWFw44OR44K944Kz44Oz44K/44OW44Os44OD44OIUENIRETjgqLjgrvjg7Pjg5bjg6rjg5Hjg7zjg4Tjg5Hjgr3jgrPjg7Pjg5Hjg7zjg4Tjg4bjg6zjg5PjgrLjg7zjg6Djg5bjg6vjg7zjg6zjgqTjgr3jg5Xjg4hEVkTjgr3jg5Xjg4jmtrLmmbbjg4bjg6zjg5Pjg5bjg6vjg7zjg6zjgqTjg4fjgqPjgrnjgq/jg6zjgrPjg7zjg4Djg7zjg4fjgrjjgr/jg6vkuIDnnLzjg6zjg5Xjgqvjg6Hjg6njg4fjgrjjgr/jg6vjgqvjg6Hjg6nlrrbpm7vmmYLoqIjkuK3lj6TjgqLjgqbjg4jjg6zjg4Pjg4hpUGFkaVBob25l44OK44Kr44OQ44Ok44K3IOODluODg+OCr+W8jyDluIPjgq/jg63jgrnjg5Xjg6rjg7zjgqLjg6vjg5Djg6DjgIzjg4bjg6njgrPjg4Pjgr/jgI0oTOWIpDLmrrXvvI/jg5bjg6njgqbjg7MpICBURVItTDJCLTE0MC1CUg==,44CA44CC44OK44Kr44OQ44Ok44K3IOODluODg+OCr+W8jyDluIPjgq/jg63jgrnjg5Xjg6rjg7zjgqLjg6vjg5Djg6DjgIzjg4bjg6njgrPjg4Pjgr/jgI0oTOWIpDLmrrXvvI/jg5bjg6njgqbjg7MpICBURVItTDJCLTE0MC1CUg==[rn]
2-78694,aHR0cDovL3RzaG9wLnIxMHMuanAvZHRjL2NhYmluZXQvMjAxMzAyMjUwOC80OTAyMjA1Mzc2NjY4LmpwZz9maXRpbj03MDA6NzAw,Njk2LjgwMDA=,,5pel55So5ZOB6ZuR6LKo44O75paH5oi/5YW344O75omL6Iq4ID4g5paH5oi/5YW344O75LqL5YuZ55So5ZOBID4g44Ki44Or44OQ44Og,44OK44Kr44OQ44Ok44K3IOODluODg+OCr+W8jyDluIPjgq/jg63jgrnjg5Xjg6rjg7zjgqLjg6vjg5Djg6DjgIzjg4bjg6njgrPjg4Pjgr/jgI0oTOWIpDLmrrXvvI/jg5vjg6/jgqTjg4gpICBURVItTDJCLTE0MC1X,44CA,PGJyPjx0YWJsZSBib3JkZXI9IjAiIGNlbGxwYWRkaW5nPSIwIiBjZWxsc3BhY2luZz0iMCIgd2lkdGg9IjcxMCIgc3R5bGU9ImxpbmUtaGVpZ2h0OjE0MCU7Ij48dHI+PHRkPjxmb250IHNpemU9IjIiPuKWoOacrOS9k+OCteOCpOOCuu+8muOCv+ODhjIxN8OX44Oo44KzMTY4w5fog4zlt74xOG1tICDilqDluIPlnLDooajntJkgIOKWoOODleODquODvOWPsOe0me+8iOOCr+ODqeODleODiO+8iTEw5p6aICDilqDpgI/mmI7ooovlhaXjgoogIOKWoOacrOS9k+mHjemHj++8mjQyMGcgIOOAgCDigLvosrzku5jmnInlirnjgrXjgqTjgrrvvJrjgr/jg4YxOTfDl+ODqOOCszE1MG1tPGJyPjxicj48L2ZvbnQ+PC90ZD48L3RyPjwvdGFibGU+PCEtLQo8ZGl2IHN0eWxlPSJ3aWR0aDo3MTBweDsgaGVpZ2h0OjE4MHB4OyAgbWFyZ2luOjA7IG92ZXJmbG93OmhpZGRlbjsiPgoKPC9kaXY+Ci0tPgoKPGRpdiBzdHlsZT0id2lkdGg6IDcwMHB4OyBtYXJnaW46IDVweDsiPgo8aW1nIHNyYz0iaHR0cDovL3d3dy5yYWt1dGVuLm5lLmpwL2dvbGQvZHRjL2ZyYW1lL2ltYWdlcy9zeW91aGluc2V0dW1laTUuZ2lmIiB3aWR0aD0iNzAwIiBoZWlnaHQ9IjMwIj4KPC9kaXY+Cgo8ZGl2IHN0eWxlPSJ3aWR0aDo3MTBweDsgaGVpZ2h0OjEwMHB4OyBtYXJnaW46MCA1cHg7IG92ZXJmbG93OmhpZGRlbjsiPgoKPC9kaXY+Cgo8IS0tCjxkaXYgc3R5bGU9IndpZHRoOiA3MDBweDsgbWFyZ2luOiAwIDVweDsiPgo8aW1nIHNyYz0iaHR0cDovL3d3dy5yYWt1dGVuLm5lLmpwL2dvbGQvZHRjL2ZyYW1lL2ltYWdlcy9zeW91aGluc2V0dW1laTIuZ2lmIiB3aWR0aD0iNzAwIiBoZWlnaHQ9IjMwIj4KPC9kaXY+CjxkaXYgc3R5bGU9IndpZHRoOjcxMHB4OyBoZWlnaHQ6MzAwcHg7ICBtYXJnaW46MCAwIDIwcHg7IG92ZXJmbG93OmhpZGRlbjsiPgoKPC9kaXY+Ci0tPg==,44OK44Kr44OQ44Ok44K3IOODluODg+OCr+W8jyDluIPjgq/jg63jgrnjg5Xjg6rjg7zjgqLjg6vjg5Djg6DjgIzjg4bjg6njgrPjg4Pjgr/jgI0oTOWIpDLmrrXvvI/jg5vjg6/jgqTjg4gpICBURVItTDJCLTE0MC1X77ya44K944OV44Oe44OD44OX5qW95aSp5biC5aC05bqX,44K944OV44Oe44OD44OXU29mbWFw44OR44K944Kz44Oz44K/44OW44Os44OD44OIUENIRETjgqLjgrvjg7Pjg5bjg6rjg5Hjg7zjg4Tjg5Hjgr3jgrPjg7Pjg5Hjg7zjg4Tjg4bjg6zjg5PjgrLjg7zjg6Djg5bjg6vjg7zjg6zjgqTjgr3jg5Xjg4hEVkTjgr3jg5Xjg4jmtrLmmbbjg4bjg6zjg5Pjg5bjg6vjg7zjg6zjgqTjg4fjgqPjgrnjgq/jg6zjgrPjg7zjg4Djg7zjg4fjgrjjgr/jg6vkuIDnnLzjg6zjg5Xjgqvjg6Hjg6njg4fjgrjjgr/jg6vjgqvjg6Hjg6nlrrbpm7vmmYLoqIjkuK3lj6TjgqLjgqbjg4jjg6zjg4Pjg4hpUGFkaVBob25l44OK44Kr44OQ44Ok44K3IOODluODg+OCr+W8jyDluIPjgq/jg63jgrnjg5Xjg6rjg7zjgqLjg6vjg5Djg6DjgIzjg4bjg6njgrPjg4Pjgr/jgI0oTOWIpDLmrrXvvI/jg5vjg6/jgqTjg4gpICBURVItTDJCLTE0MC1X,44CA44CC44OK44Kr44OQ44Ok44K3IOODluODg+OCr+W8jyDluIPjgq/jg63jgrnjg5Xjg6rjg7zjgqLjg6vjg5Djg6DjgIzjg4bjg6njgrPjg4Pjgr/jgI0oTOWIpDLmrrXvvI/jg5vjg6/jgqTjg4gpICBURVItTDJCLTE0MC1X[rn]
2-78695,aHR0cDovL3RzaG9wLnIxMHMuanAvZHRjL2NhYmluZXQvMjAxNzAyMDduMjAvNDk3NzE4NzQ5MTA4MS5qcGc/Zml0aW49NzAwOjcwMA==,MjA2MC4wMDAw,,5pel55So5ZOB6ZuR6LKo44O75paH5oi/5YW344O75omL6Iq4ID4g5paH5oi/5YW344O75LqL5YuZ55So5ZOBID4g44Ki44Or44OQ44Og,44OP44Kv44OQ5pyo6KO96aGN57iBIOOCueOCv+ODs+ODieS7mO+8iEEz44K144Kk44K677yP44OW44Op44OD44Kv77yJIEZXTU0wMS1CS0Ez,,PHRhYmxlIGJvcmRlcj0iMCIgY2VsbHBhZGRpbmc9IjAiIGNlbGxzcGFjaW5nPSIwIiB3aWR0aD0iNzEwIiBzdHlsZT0ibGluZS1oZWlnaHQ6MTQwJTsiPjx0cj48dGQ+PGZvbnQgc2l6ZT0iMiI+44GV44G+44GW44G+44Gq44GK5YaZ55yf44Gr5ZCI44GG44K344Oz44OX44Or44Gq6KeS5b2i44Gu5YaZ55yf55So5pyo6KO96aGN57iB44Gn44GZ44CC44K544K/44Oz44OJ5LuY44GN44CCPGJyPjxicj7jgJDoo73lk4Hku5Xmp5jjgJE8YnI+4pag44OV44Os44O844Og5p2Q6LOq77ya5pyo6KO9PGJyPuKWoOmhjee4geWkluWvuOazle+8mlczNjnDl0g0OTLDl0QxNG1tPGJyPuKWoOODnuODg+ODiOWkluWvuOazle+8mlczNDfDl0g0NzBtbTxicj7ilqDjg57jg4Pjg4jkuK3mipzlr7jms5XvvJpXMjc3w5dINDAwbW08YnI+4pag44Oe44OD44OI5LuV5qeY77yaVuOCq+ODg+ODiOODnuODg+ODiOe0mTxicj7ilqDliY3pnaLmnb/vvJrjgqzjg6njgrnmnb88YnI+4pag5ZCK44KK44OS44Oi77ya44GC44KKPGJyPuKWoOOCueOCv+ODs+ODie+8muOBguOCijxicj7ilqDjg5Hjg4PjgrHjg7zjgrjvvJrntJnnrrE8YnI+PGJyPjwvZm9udD48L3RkPjwvdHI+PC90YWJsZT48dGFibGUgY2VsbHNwYWNpbmc9IjAiIGNlbGxwYWRkaW5nPSI0IiBib3JkZXI9IjEiIHdpZHRoPSI3MTAiIGJvcmRlcmNvbG9yPSIjY2NjY2NjIj48dHI+PHRkIHdpZHRoPSIxODAiIGJnY29sb3I9IiNlZmVmZWYiPjxmb250IHNpemU9IjIiPuiJsjwvZm9udD48L3RkPjx0ZCB3aWR0aD0iNTMwIj48Zm9udCBzaXplPSIyIj7jg5bjg6njg4Pjgq88L2ZvbnQ+PC90ZD48L3RyPjwvdGFibGU+PCEtLQo8ZGl2IHN0eWxlPSJ3aWR0aDo3MTBweDsgaGVpZ2h0OjE4MHB4OyAgbWFyZ2luOjA7IG92ZXJmbG93OmhpZGRlbjsiPgoKPC9kaXY+Ci0tPgoKPGRpdiBzdHlsZT0id2lkdGg6IDcwMHB4OyBtYXJnaW46IDVweDsiPgo8aW1nIHNyYz0iaHR0cDovL3d3dy5yYWt1dGVuLm5lLmpwL2dvbGQvZHRjL2ZyYW1lL2ltYWdlcy9zeW91aGluc2V0dW1laTUuZ2lmIiB3aWR0aD0iNzAwIiBoZWlnaHQ9IjMwIj4KPC9kaXY+Cgo8ZGl2IHN0eWxlPSJ3aWR0aDo3MTBweDsgaGVpZ2h0OjEwMHB4OyBtYXJnaW46MCA1cHg7IG92ZXJmbG93OmhpZGRlbjsiPgoKPC9kaXY+Cgo8IS0tCjxkaXYgc3R5bGU9IndpZHRoOiA3MDBweDsgbWFyZ2luOiAwIDVweDsiPgo8aW1nIHNyYz0iaHR0cDovL3d3dy5yYWt1dGVuLm5lLmpwL2dvbGQvZHRjL2ZyYW1lL2ltYWdlcy9zeW91aGluc2V0dW1laTIuZ2lmIiB3aWR0aD0iNzAwIiBoZWlnaHQ9IjMwIj4KPC9kaXY+CjxkaXYgc3R5bGU9IndpZHRoOjcxMHB4OyBoZWlnaHQ6MzAwcHg7ICBtYXJnaW46MCAwIDIwcHg7IG92ZXJmbG93OmhpZGRlbjsiPgoKPC9kaXY+Ci0tPg==,44OP44Kv44OQ5pyo6KO96aGN57iBIOOCueOCv+ODs+ODieS7mO+8iEEz44K144Kk44K677yP44OW44Op44OD44Kv77yJIEZXTU0wMS1CS0Ez77ya44K944OV44Oe44OD44OX5qW95aSp5biC5aC05bqX,44K944OV44Oe44OD44OXU29mbWFw44OR44K944Kz44Oz44K/44OW44Os44OD44OIUENIRETjgqLjgrvjg7Pjg5bjg6rjg5Hjg7zjg4Tjg5Hjgr3jgrPjg7Pjg5Hjg7zjg4Tjg4bjg6zjg5PjgrLjg7zjg6Djg5bjg6vjg7zjg6zjgqTjgr3jg5Xjg4hEVkTjgr3jg5Xjg4jmtrLmmbbjg4bjg6zjg5Pjg5bjg6vjg7zjg6zjgqTjg4fjgqPjgrnjgq/jg6zjgrPjg7zjg4Djg7zjg4fjgrjjgr/jg6vkuIDnnLzjg6zjg5Xjgqvjg6Hjg6njg4fjgrjjgr/jg6vjgqvjg6Hjg6nlrrbpm7vmmYLoqIjkuK3lj6TjgqLjgqbjg4jjg6zjg4Pjg4hpUGFkaVBob25l44OP44Kv44OQ5pyo6KO96aGN57iBIOOCueOCv+ODs+ODieS7mO+8iEEz44K144Kk44K677yP44OW44Op44OD44Kv77yJIEZXTU0wMS1CS0Ez,44OP44Kv44OQ5pyo6KO96aGN57iBIOOCueOCv+ODs+ODieS7mO+8iEEz44K144Kk44K677yP44OW44Op44OD44Kv77yJIEZXTU0wMS1CS0Ez[rn]
2-78696,aHR0cDovL3RzaG9wLnIxMHMuanAvZHRjL2NhYmluZXQvMDEyNjI4OTQvMDA3NTYzMzgxNDYxNC5qcGc/Zml0aW49NzAwOjcwMA==,MjAzMi4wMDAw,,5pel55So5ZOB6ZuR6LKo44O75paH5oi/5YW344O75omL6Iq4ID4g5paH5oi/5YW344O75LqL5YuZ55So5ZOBID4g44Ki44Or44OQ44Og,5LyK5p2x5bGLIEVWLTEyLTEz44CAKOOCouODvOODiOODl+ODreODleOCqeODquOCqi9ldm9sdXRpb24vMTTDlzE3LzI0UCk=,44CA,PHRhYmxlIHdpZHRoPSI3MTAiPjx0cj48dGQ+PHRhYmxlIGJvcmRlcj0iMCIgY2VsbHBhZGRpbmc9IjAiIGNlbGxzcGFjaW5nPSIwIiB3aWR0aD0iNTgwIiBpZD0iQXV0b051bWJlcjEiPjx0cj48dGQ+4pag5biD5Zyw44Gu57iB5Y+W44KK44KS44GX44Gf6ICQ5LmF5oCn44Gu6auY44GE6KGo57SZ44CC4pag54Sh6YW45oCn5Y6a5Y+j6buS5Y+w57SZNDjjg5rjg7zjgrjjgIJBM+OCteOCpOOCujxicj48YnI+PC90ZD48L3RyPjwvdGFibGU+PC90ZD48L3RyPjwvdGFibGU+PCEtLQo8ZGl2IHN0eWxlPSJ3aWR0aDo3MTBweDsgaGVpZ2h0OjE4MHB4OyAgbWFyZ2luOjA7IG92ZXJmbG93OmhpZGRlbjsiPgoKPC9kaXY+Ci0tPgoKPGRpdiBzdHlsZT0id2lkdGg6IDcwMHB4OyBtYXJnaW46IDVweDsiPgo8aW1nIHNyYz0iaHR0cDovL3d3dy5yYWt1dGVuLm5lLmpwL2dvbGQvZHRjL2ZyYW1lL2ltYWdlcy9zeW91aGluc2V0dW1laTUuZ2lmIiB3aWR0aD0iNzAwIiBoZWlnaHQ9IjMwIj4KPC9kaXY+Cgo8ZGl2IHN0eWxlPSJ3aWR0aDo3MTBweDsgaGVpZ2h0OjEwMHB4OyBtYXJnaW46MCA1cHg7IG92ZXJmbG93OmhpZGRlbjsiPgoKPC9kaXY+Cgo8IS0tCjxkaXYgc3R5bGU9IndpZHRoOiA3MDBweDsgbWFyZ2luOiAwIDVweDsiPgo8aW1nIHNyYz0iaHR0cDovL3d3dy5yYWt1dGVuLm5lLmpwL2dvbGQvZHRjL2ZyYW1lL2ltYWdlcy9zeW91aGluc2V0dW1laTIuZ2lmIiB3aWR0aD0iNzAwIiBoZWlnaHQ9IjMwIj4KPC9kaXY+CjxkaXYgc3R5bGU9IndpZHRoOjcxMHB4OyBoZWlnaHQ6MzAwcHg7ICBtYXJnaW46MCAwIDIwcHg7IG92ZXJmbG93OmhpZGRlbjsiPgoKPC9kaXY+Ci0tPg==,5LyK5p2x5bGLIEVWLTEyLTEz44CAKOOCouODvOODiOODl+ODreODleOCqeODquOCqi9ldm9sdXRpb24vMTQmdGltZXM7MTcvMjRQKe+8muOCveODleODnuODg+ODl+alveWkqeW4guWgtOW6lw==,44K944OV44Oe44OD44OXU29mbWFw44OR44K944Kz44Oz44K/44OW44Os44OD44OIUENIRETjgqLjgrvjg7Pjg5bjg6rjg5Hjg7zjg4Tjg5Hjgr3jgrPjg7Pjg5Hjg7zjg4Tjg4bjg6zjg5PjgrLjg7zjg6Djg5bjg6vjg7zjg6zjgqTjgr3jg5Xjg4hEVkTjgr3jg5Xjg4jmtrLmmbbjg4bjg6zjg5Pjg5bjg6vjg7zjg6zjgqTjg4fjgqPjgrnjgq/jg6zjgrPjg7zjg4Djg7zjg4fjgrjjgr/jg6vkuIDnnLzjg6zjg5Xjgqvjg6Hjg6njg4fjgrjjgr/jg6vjgqvjg6Hjg6nlrrbpm7vmmYLoqIjkuK3lj6TjgqLjgqbjg4jjg6zjg4Pjg4hpUGFkaVBob25l5LyK5p2x5bGLIEVWLTEyLTEz44CAKOOCouODvOODiOODl+ODreODleOCqeODquOCqi9ldm9sdXRpb24vMTQmdGltZXM7MTcvMjRQKQ==,44CA44CC5LyK5p2x5bGLIEVWLTEyLTEz44CAKOOCouODvOODiOODl+ODreODleOCqeODquOCqi9ldm9sdXRpb24vMTQmdGltZXM7MTcvMjRQKQ==[rn]
2-78697,aHR0cDovL3RzaG9wLnIxMHMuanAvZmFsY29uLWJpa2UvY2FiaW5ldC9wYXJ0c19hbmRfYWNjZXNzb3J5L2MvY2F0ZXllX2NjLXBkMTAwdy5qcGc/Zml0aW49NzAwOjcwMA==,MzQ1Ni4wMDAw,,44K544Od44O844OE44O744Ki44Km44OI44OJ44KiID4g6Ieq6Lui6LuK44O744K144Kk44Kv44Oq44Oz44KwID4g6Ieq6Lui6LuK55So44Ki44Kv44K744K144Oq44O8ID4g44K144Kk44Kv44Or44Kz44Oz44OU44Ol44O844K/44O8,6Ieq6Lui6LuKIOOCteOCpOOCr+ODq+OCs+ODs+ODlOODpeODvOOCv+ODvCBDQVRFWUUgRklUIENDLVBEMTAwVyDjgq3jg6Pjg4Pjg4jjgqLjgqTjg7vjg5XjgqPjg4Pjg4ggW+ODr+OCpOODpOODrOOCuS1XSVJFTEVTU13jgJDjg5Hjg7zjg4Tnt4/poY0xMDgwMOWGhuS7peS4iumAgeaWmeeEoeaWmeOAkQ==,44CQ44OR44O844OE57eP6aGNMTA4MDDlhobku6XkuIrpgIHmlpnnhKHmlpnjgJE=,44CAPGRpdiBjbGFzcz0iY29tbW9kaXR5X2luZm8iPgo8cD7vvIrlhpnnnJ/jga7oibLjgoTjg5Hjg4PjgrHjg7zjgrjjga/jgIHlrp/nianjgajoi6XlubLnlbDjgarjgovloLTlkIjjgYzjgZTjgZbjgYTjgb7jgZnjgII8L3A+Cgo8aDE+PCEtLSDllYblk4HlkI3lhaXlipstLT7jgq3jg6Pjg4Pjg4jjgqLjgqQgQ0FURVlFIEZJVCBDQy1QRDEwMFc8L2gxPgoKPGgyPuWVhuWTgeiqrOaYjjwvaDI+CjxwPgrilqAg44Kr44Op44O8OuODluODqeODg+OCr+OAgeODrOODg+ODieOAgeODm+ODr+OCpOODiDxicj4K4pagIDNE5Yqg6YCf5bqm44K744Oz44K144O844Gr44KI44KK44Od44Kx44OD44OI44KE6Z6E44Gr5YWl44KM44Gm6KiI5ris44Gn44GN44KL5q2p5pWw6KiI44KS5pCt6LyJ44GX44Gf44OJ44OD44OI6KGo56S644Gu44Ov44Kk44Ok44Os44K544Kz44Oz44OU44Ol44O844K/PGJyPgrilqAg44K344Oz44OX44Or5pON5L2c44Gu44Kq44O844OI44K544K/44O844OI5bCC55So44Oi44OH44Or44CC6Ieq6Lui6LuK44G444Gu6KOF552A44Gn44CB5q2p5pWw6KiI44Go6Ieq6Lui6LuK6KiI44KC6Ieq5YuV6KqN6K2YPGJyPgrilqAg55S76Z2i54K554Gv5pmC44Gv5pmC5Yi744KS5bi45pmC6KGo56S6PGJyPgrilqAg5pel5LuY5aSJ5pu05pmC44Gr6Ieq5YuV44Oq44K744OD44OI44GX44CB6KiY6Yyy44KS5q2p5pWw6KiI44O76Ieq6Lui6LuK6KiI5q+O44GrMemAsemWk+WIhuS/neaMgTxicj4K4pagIOS7iuaXpeOCkuWQq+OCgOmBjuWOuzfml6XplpPjga7oqJjpjLLjgajpgLHplpPjg7vjg4jjg7zjgr/jg6vlgKTjgYxDTzLliYrmuJvph4/jgajlhbHjgavnorroqo3jgafjgY3jgovjg4fjg7zjgr/jg5Pjg6Xjg7zmqZ/og73mkK3ovIk8YnI+CuKWoCDoh6rou6Lou4rkvb/nlKjmmYLjga/jgrPjg7Pjg5Tjg6Xjg7zjgr/ooajpnaLjgpLmirzjgZfjgabjg6Ljg7zjg4nlpInmm7TjgZnjgovjgIzjgq/jg6rjg4Pjgq/jg4bjg4Pjgq/jgI3jgafmiYvooovjgafjgoLnorrlrp/jgarmk43kvZzjgYzlj6/og708YnI+CuKWoCDjgrPjg7Pjg5Tjg6Xjg7zjgr/jga7oqK3lrprlpInmm7TjgYzjgo/jgYvjgorjgoTjgZnjgYTjgIzjg6Hjg4vjg6Xjg7zjgrnjgq/jg6rjg7zjg7PjgI08YnI+CuKWoCDoo4XnnYDjg7voqr/mlbTjgYznsKHljZjjgafjg5Xjg63jg7Pjg4jjg5Xjgqnjg7zjgq/jgajkuIDkvZPmhJ/jga7jgYLjgovmnKzkvZPlkIzoibLjg6/jgqTjg6Tjg6zjgrnjgrvjg7PjgrXjg7w8YnI+CuKWoCDjgrnjg4bjg6DjgoTjgqrjg7zjg5Djg7zjgrXjgqTjgrrjg4/jg7Pjg4njg6vjg5Djg7zjgavmiYvml6njgY/norrlrp/jgavlm7rlrprjgafjgY3jgotGbGV4VGlnaHTjg5bjg6njgrHjg4Pjg4jku5jlsZ4KPC9wPgo8cD7vvIrllYblk4Hjga7ku5Xmp5jjga/kuojlkYrnhKHjgY/lpInmm7TjgZXjgozjgovloLTlkIjjgYzjgZTjgZbjgYTjgb7jgZnjgII8L3A+CjwvZGl2PjxTVFlMRSB0eXBlPSJ0ZXh0L2NzcyI+CjwhLS0KCmEgewp0ZXh0LWRlY29yYXRpb246IG5vbmU7Cn0KYTpob3ZlciB7CnRleHQtZGVjb3JhdGlvbjogdW5kZXJsaW5lOwp9CgotLT4KPC9zdHlsZT4KCgo8ZGl2IGlkPSJtYWluX3dyYXAiPgogIDxkaXYgaWQ9ImlubmVyIj4KICAgIDxkaXYgaWQ9Im1haW5XcmFwMiI+CgoKICA8ZGl2IGNsYXNzPSJtYWluQmFubmVyMDIgbWFpbkJPWCBjbGVhcmZpeCI+CiAgICA8cCBjbGFzcz0ibWFpbkJhbm5lclRleHQiPgogICAgICAKICAgICAgPGltZyBzcmM9Imh0dHA6Ly9pbWFnZS5yYWt1dGVuLmNvLmpwL2ZhbGNvbi1iaWtlL2NhYmluZXQvdG9wcGFnZS9mdWppMTdfdG9wLmpwZyIgd2lkdGg9Ijc3OSIgIGFsdD0iRlVKSSAyMDE35bm044Oi44OH44OrIOiyqeWjsuS4rSI+PGJyPjwvcD4KICA8L2Rpdj4KCiAgPGRpdiBjbGFzcz0ibWFpbkJhbm5lcjAyIG1haW5CT1ggY2xlYXJmaXgiPgogICAgPHAgY2xhc3M9Im1haW5CYW5uZXJUZXh0Ij4KICAgICAgCiAgICAgIDxpbWcgc3JjPSJodHRwOi8vaW1hZ2UucmFrdXRlbi5jby5qcC9mYWxjb24tYmlrZS9jYWJpbmV0L3RvcHBhZ2Uva29uYTE3X3RvcC5qcGciIHdpZHRoPSI3NzkiICBhbHQ9IktPTkEgMjAxN+W5tOODouODh+ODqyDosqnlo7LkuK0iPjxicj48L3A+CiAgPC9kaXY+CgogIDxkaXYgY2xhc3M9Im1haW5CYW5uZXIwMiBtYWluQk9YIGNsZWFyZml4Ij4KICAgIDxwIGNsYXNzPSJtYWluQmFubmVyVGV4dCI+CiAgICAgIAogICAgICA8aW1nIHNyYz0iaHR0cDovL2ltYWdlLnJha3V0ZW4uY28uanAvZmFsY29uLWJpa2UvY2FiaW5ldC90b3BwYWdlL2tkb2RhYS1zcF90b3AuanBnIiB3aWR0aD0iNzc5IiAgYWx0PSLjgrPjg7zjg4Djg7zjg5bjg6vjg7zjg6AgMjAxN+W5tOODouODh+ODqyDosqnlo7LkuK0iPjxicj48L3A+CiAgPC9kaXY+CgogIDxkaXYgY2xhc3M9Im1haW5CYW5uZXIwMiBtYWluQk9YIGNsZWFyZml4Ij4KICAgIDxwIGNsYXNzPSJtYWluQmFubmVyVGV4dCI+CiAgICAgIAogICAgICA8aW1nIHNyYz0iaHR0cDovL2ltYWdlLnJha3V0ZW4uY28uanAvZmFsY29uLWJpa2UvY2FiaW5ldC90b3BwYWdlL2tkb2RhYS1raWRzX3RvcC5qcGciIHdpZHRoPSI3NzkiICBhbHQ9IuOCs+ODvOODgOODvOODluODq+ODvOODoOOCreODg+OCuuODkOOCpOOCryAyMDE35bm044Oi44OH44OrIOiyqeWjsuS4rSI+PGJyPjwvcD4KICA8L2Rpdj4KCiAgPGRpdiBjbGFzcz0ibWFpbkJhbm5lcjAyIG1haW5CT1ggY2xlYXJmaXgiPgogICAgPHAgY2xhc3M9Im1haW5CYW5uZXJUZXh0Ij4KICAgICAgCiAgICAgIDxpbWcgc3JjPSJodHRwczovL2ltYWdlLnJha3V0ZW4uY28uanAvZmFsY29uLWJpa2UvY2FiaW5ldC9zdW1haG8uanBnIiB3aWR0aD0iNzc5IiAgYWx0PSLjgrnjg57jg5vjgrXjgqTjg4jlsILnlKjjga7jgYrlvpfjgarjgq/jg7zjg53jg7PvvIEiPjxicj48L3A+CiAgPC9kaXY+CgoKPCEtLSDjgZTms6jmlofjga7liY3jgasgLS0+CiAgPHRhYmxlIHdpZHRoPSI3NzkiPgogICAgPHRyPgogICAgICA8dGQgY29sc3Bhbj0iNSI+PGltZyBzcmM9Imh0dHA6Ly9pbWFnZS5yYWt1dGVuLmNvLmpwL2ZhbGNvbi1iaWtlL2NhYmluZXQvdG9wcGFnZS90eXV1bW9ubWFlLmpwZyIgYWx0PSLjgZTms6jmlofjga7liY3jgasiIHdpZHRoPSI3NzlweCJib3JkZXI9IjAiPjwvdGQ+CiAgICA8L3RyPgoKPCEtLSDpmLLniq/nmbvpjLIgLS0+CiAgICA8dHI+CiAgICAgIDwhLS08dGQgY29sc3Bhbj0iNSI+PGltZyBzcmM9Imh0dHA6Ly9pbWFnZS5yYWt1dGVuLmNvLmpwL2ZhbGNvbi1iaWtlL2NhYmluZXQvdG9wcGFnZS8xNl90b3Vyb2t1LmpwZyIgYWx0PSLpmLLniq/nmbvpjLIiIHdpZHRoPSI3NzlweCI+PC90ZD4gLS0+CiAgICA8L3RyPgogIDwvdGFibGU+CgoKICAgIDwvZGl2PgogIDwvZGl2PjwhLS0gZW5kL2lubmVyV3JhcCAtLT4KPC9kaXY+,6Ieq6Lui6LuKIOOCteOCpOOCr+ODq+OCs+ODs+ODlOODpeODvOOCv+ODvCBDQVRFWUUgRklUIENDLVBEMTAwVyDjgq3jg6Pjg4Pjg4jjgqLjgqTjg7vjg5XjgqPjg4Pjg4ggW+ODr+OCpOODpOODrOOCuS1XSVJFTEVTU13jgJDjg5Hjg7zjg4Tnt4/poY0xMDgwMOWGhuS7peS4iumAgeaWmeeEoeaWmeOAke+8mkZBTENPTiBCSUtF,6Ieq6Lui6LuK44Kv44Ot44K544OQ44Kk44Kv44Ot44O844OJ44OQ44Kk44KvTVRC44Of44Ok44K/IE1JWUFUQeODoeODquODgCBNRVJJREHjg5XjgrggRlVKSeOCs+ODvOODgOODvOODluODq+ODvOODoCBLaG9kYWFCbG9vbeOCuOOCquOCuSBHSU9T44OV44Kn44Or44OIIEZFTFRHVOWtkOS+m+iHqui7oui7iuOCreODg+OCuuODkOOCpOOCr+OBi+OBlOS7mOOBjeODrOODmeODikJXWOODleOCp+OCtuODvCBGRUFUSFJF44K544Kv44Or44OI44Kl44O844Op44OU44K544OI44OQ44Kk44Kv44Ki44OD44K944Oz6Ieq6Lui6LuKIOOCteOCpOOCr+ODq+OCs+ODs+ODlOODpeODvOOCv+ODvCBDQVRFWUUgRklUIENDLVBEMTAwVyDjgq3jg6Pjg4Pjg4jjgqLjgqTjg7vjg5XjgqPjg4Pjg4ggW+ODr+OCpOODpOODrOOCuS1XSVJFTEVTU13jgJDjg5Hjg7zjg4Tnt4/poY0xMDgwMOWGhuS7peS4iumAgeaWmeeEoeaWmeOAkQ==,44CQ44OR44O844OE57eP6aGNMTA4MDDlhobku6XkuIrpgIHmlpnnhKHmlpnjgJHjgILoh6rou6Lou4og44K144Kk44Kv44Or44Kz44Oz44OU44Ol44O844K/44O8IENBVEVZRSBGSVQgQ0MtUEQxMDBXIOOCreODo+ODg+ODiOOCouOCpOODu+ODleOCo+ODg+ODiCBb44Ov44Kk44Ok44Os44K5LVdJUkVMRVNTXeOAkOODkeODvOODhOe3j+mhjTEwODAw5YaG5Lul5LiK6YCB5paZ54Sh5paZ44CR[rn]
2-78698,aHR0cDovL3RzaG9wLnIxMHMuanAvZmFsY29uLWJpa2UvY2FiaW5ldC9wYXJ0c19hbmRfYWNjZXNzb3J5L3MvMDM4NTU5NTgvcGFfc2VyZmFzXzAwMjI3M18wNC5qcGc/Zml0aW49NzAwOjcwMA==,MTE1Ni4wMDAw,,44K544Od44O844OE44O744Ki44Km44OI44OJ44KiID4g6Ieq6Lui6LuK44O744K144Kk44Kv44Oq44Oz44KwID4g6Ieq6Lui6LuK55So44Ki44Kv44K744K144Oq44O8ID4g44K144Kk44Kv44Or44Kz44Oz44OU44Ol44O844K/44O8,6Ieq6Lui6LuKIOOCteOCpOOCr+ODq+OCs+ODs+ODlOODpeODvOOCv+ODvOODkeODvOODhCBTRVJGQVMg44K144O844OV44Kh44K5IExFVkVMMy4z55So44Kx44Kk44OH44Oz44K544K744Oz44K144O844CQ44OR44O844OE57eP6aGNMTA4MDDlhobku6XkuIrpgIHmlpnnhKHmlpnjgJE=,44CQ44OR44O844OE57eP6aGNMTA4MDDlhobku6XkuIrpgIHmlpnnhKHmlpnjgJE=,44CAPGRpdiBjbGFzcz0iY29tbW9kaXR5X2luZm8iPgo8cD7vvIrlhpnnnJ/jga7oibLjga/lrp/nianjgajoi6XlubLnlbDjgarjgovloLTlkIjjgYzjgZTjgZbjgYTjgb7jgZnjgII8YnI+PC9wPgoKPGgxPjwhLS0g5ZWG5ZOB5ZCN5YWl5YqbLS0+IOiHqui7oui7iiDjgrXjgqTjgq/jg6vjgrPjg7Pjg5Tjg6Xjg7zjgr/jg7zjg5Hjg7zjg4QgU0VSRkFTIOOCteODvOODleOCoeOCueOAgExFVkVMMy4z55So44Kx44Kk44OH44Oz44K544K744Oz44K144O8PC9oMT4KCjxoMj7llYblk4Hmg4XloLE8L2gyPgo8cD7il4ZMRVZFTDMuM+eUqOOCseOCpOODh+ODs+OCueOCu+ODs+OCteODvDxicj4KCjwvcD4KPC9kaXY+PFNUWUxFIHR5cGU9InRleHQvY3NzIj4KPCEtLQoKYSB7CnRleHQtZGVjb3JhdGlvbjogbm9uZTsKfQphOmhvdmVyIHsKdGV4dC1kZWNvcmF0aW9uOiB1bmRlcmxpbmU7Cn0KCi0tPgo8L3N0eWxlPgoKCjxkaXYgaWQ9Im1haW5fd3JhcCI+CiAgPGRpdiBpZD0iaW5uZXIiPgogICAgPGRpdiBpZD0ibWFpbldyYXAyIj4KCgogIDxkaXYgY2xhc3M9Im1haW5CYW5uZXIwMiBtYWluQk9YIGNsZWFyZml4Ij4KICAgIDxwIGNsYXNzPSJtYWluQmFubmVyVGV4dCI+CiAgICAgIAogICAgICA8aW1nIHNyYz0iaHR0cDovL2ltYWdlLnJha3V0ZW4uY28uanAvZmFsY29uLWJpa2UvY2FiaW5ldC90b3BwYWdlL2Z1amkxN190b3AuanBnIiB3aWR0aD0iNzc5IiAgYWx0PSJGVUpJIDIwMTflubTjg6Ljg4fjg6sg6LKp5aOy5LitIj48YnI+PC9wPgogIDwvZGl2PgoKICA8ZGl2IGNsYXNzPSJtYWluQmFubmVyMDIgbWFpbkJPWCBjbGVhcmZpeCI+CiAgICA8cCBjbGFzcz0ibWFpbkJhbm5lclRleHQiPgogICAgICAKICAgICAgPGltZyBzcmM9Imh0dHA6Ly9pbWFnZS5yYWt1dGVuLmNvLmpwL2ZhbGNvbi1iaWtlL2NhYmluZXQvdG9wcGFnZS9rb25hMTdfdG9wLmpwZyIgd2lkdGg9Ijc3OSIgIGFsdD0iS09OQSAyMDE35bm044Oi44OH44OrIOiyqeWjsuS4rSI+PGJyPjwvcD4KICA8L2Rpdj4KCiAgPGRpdiBjbGFzcz0ibWFpbkJhbm5lcjAyIG1haW5CT1ggY2xlYXJmaXgiPgogICAgPHAgY2xhc3M9Im1haW5CYW5uZXJUZXh0Ij4KICAgICAgCiAgICAgIDxpbWcgc3JjPSJodHRwOi8vaW1hZ2UucmFrdXRlbi5jby5qcC9mYWxjb24tYmlrZS9jYWJpbmV0L3RvcHBhZ2Uva2RvZGFhLXNwX3RvcC5qcGciIHdpZHRoPSI3NzkiICBhbHQ9IuOCs+ODvOODgOODvOODluODq+ODvOODoCAyMDE35bm044Oi44OH44OrIOiyqeWjsuS4rSI+PGJyPjwvcD4KICA8L2Rpdj4KCiAgPGRpdiBjbGFzcz0ibWFpbkJhbm5lcjAyIG1haW5CT1ggY2xlYXJmaXgiPgogICAgPHAgY2xhc3M9Im1haW5CYW5uZXJUZXh0Ij4KICAgICAgCiAgICAgIDxpbWcgc3JjPSJodHRwOi8vaW1hZ2UucmFrdXRlbi5jby5qcC9mYWxjb24tYmlrZS9jYWJpbmV0L3RvcHBhZ2Uva2RvZGFhLWtpZHNfdG9wLmpwZyIgd2lkdGg9Ijc3OSIgIGFsdD0i44Kz44O844OA44O844OW44Or44O844Og44Kt44OD44K644OQ44Kk44KvIDIwMTflubTjg6Ljg4fjg6sg6LKp5aOy5LitIj48YnI+PC9wPgogIDwvZGl2PgoKICA8ZGl2IGNsYXNzPSJtYWluQmFubmVyMDIgbWFpbkJPWCBjbGVhcmZpeCI+CiAgICA8cCBjbGFzcz0ibWFpbkJhbm5lclRleHQiPgogICAgICAKICAgICAgPGltZyBzcmM9Imh0dHBzOi8vaW1hZ2UucmFrdXRlbi5jby5qcC9mYWxjb24tYmlrZS9jYWJpbmV0L3N1bWFoby5qcGciIHdpZHRoPSI3NzkiICBhbHQ9IuOCueODnuODm+OCteOCpOODiOWwgueUqOOBruOBiuW+l+OBquOCr+ODvOODneODs++8gSI+PGJyPjwvcD4KICA8L2Rpdj4KCgo8IS0tIOOBlOazqOaWh+OBruWJjeOBqyAtLT4KICA8dGFibGUgd2lkdGg9Ijc3OSI+CiAgICA8dHI+CiAgICAgIDx0ZCBjb2xzcGFuPSI1Ij48aW1nIHNyYz0iaHR0cDovL2ltYWdlLnJha3V0ZW4uY28uanAvZmFsY29uLWJpa2UvY2FiaW5ldC90b3BwYWdlL3R5dXVtb25tYWUuanBnIiBhbHQ9IuOBlOazqOaWh+OBruWJjeOBqyIgd2lkdGg9Ijc3OXB4ImJvcmRlcj0iMCI+PC90ZD4KICAgIDwvdHI+Cgo8IS0tIOmYsueKr+eZu+mMsiAtLT4KICAgIDx0cj4KICAgICAgPCEtLTx0ZCBjb2xzcGFuPSI1Ij48aW1nIHNyYz0iaHR0cDovL2ltYWdlLnJha3V0ZW4uY28uanAvZmFsY29uLWJpa2UvY2FiaW5ldC90b3BwYWdlLzE2X3RvdXJva3UuanBnIiBhbHQ9IumYsueKr+eZu+mMsiIgd2lkdGg9Ijc3OXB4Ij48L3RkPiAtLT4KICAgIDwvdHI+CiAgPC90YWJsZT4KCgogICAgPC9kaXY+CiAgPC9kaXY+PCEtLSBlbmQvaW5uZXJXcmFwIC0tPgo8L2Rpdj4=,6Ieq6Lui6LuKIOOCteOCpOOCr+ODq+OCs+ODs+ODlOODpeODvOOCv+ODvOODkeODvOODhCBTRVJGQVMg44K144O844OV44Kh44K5IExFVkVMMy4z55So44Kx44Kk44OH44Oz44K544K744Oz44K144O844CQ44OR44O844OE57eP6aGNMTA4MDDlhobku6XkuIrpgIHmlpnnhKHmlpnjgJHvvJpGQUxDT04gQklLRQ==,6Ieq6Lui6LuK44Kv44Ot44K544OQ44Kk44Kv44Ot44O844OJ44OQ44Kk44KvTVRC44Of44Ok44K/IE1JWUFUQeODoeODquODgCBNRVJJREHjg5XjgrggRlVKSeOCs+ODvOODgOODvOODluODq+ODvOODoCBLaG9kYWFCbG9vbeOCuOOCquOCuSBHSU9T44OV44Kn44Or44OIIEZFTFRHVOWtkOS+m+iHqui7oui7iuOCreODg+OCuuODkOOCpOOCr+OBi+OBlOS7mOOBjeODrOODmeODikJXWOODleOCp+OCtuODvCBGRUFUSFJF44K544Kv44Or44OI44Kl44O844Op44OU44K544OI44OQ44Kk44Kv44Ki44OD44K944Oz6Ieq6Lui6LuKIOOCteOCpOOCr+ODq+OCs+ODs+ODlOODpeODvOOCv+ODvOODkeODvOODhCBTRVJGQVMg44K144O844OV44Kh44K5IExFVkVMMy4z55So44Kx44Kk44OH44Oz44K544K744Oz44K144O844CQ44OR44O844OE57eP6aGNMTA4MDDlhobku6XkuIrpgIHmlpnnhKHmlpnjgJE=,44CQ44OR44O844OE57eP6aGNMTA4MDDlhobku6XkuIrpgIHmlpnnhKHmlpnjgJHjgILoh6rou6Lou4og44K144Kk44Kv44Or44Kz44Oz44OU44Ol44O844K/44O844OR44O844OEIFNFUkZBUyDjgrXjg7zjg5XjgqHjgrkgTEVWRUwzLjPnlKjjgrHjgqTjg4fjg7Pjgrnjgrvjg7PjgrXjg7zjgJDjg5Hjg7zjg4Tnt4/poY0xMDgwMOWGhuS7peS4iumAgeaWmeeEoeaWmeOAkQ==[rn]
2-78699,aHR0cDovL3RzaG9wLnIxMHMuanAvZmFsY29uLWJpa2UvY2FiaW5ldC9wYXJ0c19hbmRfYWNjZXNzb3J5L2IvYmJiL3BhX3hycGp4XzAwMjMzOS5qcGc/Zml0aW49NzAwOjcwMA==,NTQ0MC4wMDAw,,44K544Od44O844OE44O744Ki44Km44OI44OJ44KiID4g6Ieq6Lui6LuK44O744K144Kk44Kv44Oq44Oz44KwID4g6Ieq6Lui6LuK55So44Ki44Kv44K744K144Oq44O8ID4g44K144Kk44Kv44Or44Kz44Oz44OU44Ol44O844K/44O8,6Ieq6Lui6LuKIOOCteOCpOOCr+ODq+OCs+ODs+ODlOODpeODvOOCv+ODvCBCQkIg44OT44O844OT44O844OT44O8IERBU0hCT0FSRCAxMkZVTkNUSU9OU+ODgOODg+OCt+ODpeODnOODvOODieODr+OCpOODpOODvOODrOOCueODouODh+ODqyAxMuapn+iDvSBCQ1AtMTZX44CQ44OR44O844OE57eP6aGNMTA4MDDlhobku6XkuIrpgIHmlpnnhKHmlpnjgJE=,44CQ44OR44O844OE57eP6aGNMTA4MDDlhobku6XkuIrpgIHmlpnnhKHmlpnjgJE=,44CAPGRpdiBjbGFzcz0iY29tbW9kaXR5X2luZm8iPgo8cD7vvIrlhpnnnJ/jga7oibLjga/lrp/nianjgajoi6XlubLnlbDjgarjgovloLTlkIjjgYzjgZTjgZbjgYTjgb7jgZnjgII8YnI+PC9wPgoKPGgxPjwhLS0g5ZWG5ZOB5ZCN5YWl5YqbLS0+44OT44O844OT44O844OT44O8IOODgOODg+OCt+ODpeODnOODvOODiSBCQkIgMTJGVU5DVElPTlMgQkNQLTE2VyDoh6rou6Lou4og44K144Kk44Kv44Or44Kz44Oz44OU44Ol44O844K/44O8PC9oMT4KCjxoMj7llYblk4Hmg4XloLE8L2gyPgo8cD7jgqvjg6njg7zvvJrjg5bjg6njg4Pjgq8v44Ob44Ov44Kk44OIPGJyPgo8YnI+CuKXjzEy5qmf6IO944Gu44Ov44Kk44Ok44Os44K544Kz44Oz44OU44Ol44O844K/44O844CC44CI54++5Zyo6YCf5bqm44O76LWw6KGM6Led6Zui44O76LWw6KGM5pmC6ZaT44O756mN566X6LWw6KGM6Led6Zui44O756mN566X6LWw6KGM5pmC6ZaT44O75pmC6KiI44O76Ieq5YuV6KGo56S65YiH44KK5pu/44GI44O744Kq44O844OI44K544K/44O844OIJuOCueODiOODg+ODl+ODu+mbu+axoOa2iOiAl+ihqOekuuODu+W5s+Wdh+mAn+W6puODu+acgOmrmOmAn+W6puODu+OCueODlOODvOODieODmuODvOOCueODoeODvOOCq+ODvOOAiTxicj4K4peP44Oc44K/44Oz5LiA44Gk44Gu44Ov44Oz44K/44OD44OB5pON5L2c44CCPGJyPgril4/jg4/jg7Pjg4njg6vjg5Djg7zjgajjgrnjg4bjg6DjgavjgoLlj5bjgorku5jjgZHlj6/og73jgII8YnI+CuKXj+mYsuawtOWKoOW3peOBruOCseODvOOCueOAgjxicj4K4peP44Ob44Kk44O844Or44Oe44Kw44ON44OD44OI44Gv44Op44Km44Oz44OJ44Go44Ko44Ki44Ot44Gu5Lih5pa544Gr5a++5b+c44CCPGJyPgril4/jg4bjgrnjg4jnlKjjg5Djg4Pjg4bjg6rjg7zjgYzlkKvjgb7jgozjgabjgYTjgb7jgZnjgII8YnI+CuKXj+iHquWLleihqOekuuWIh+OCiuabv+OBiOOBq+ODouODvOODieOBq+OBmeOCi+OBqOOAgTbnp5LplpPpmpTjgafmmYLoqIjjgIHot53pm6LjgIHkuZfou4rmmYLplpPjgarjganjga7ooajnpLrjgYzlpInjgo/jgorjgb7jgZnjgII8YnI+CuKXj+imi+OChOOBmeOBhOWkp+Wei+ODh+OCo+OCueODl+ODrOOCpOOAgue4pjUybW3Dl+aoqjQxbW3Dl+WOmuOBlTE1bW0o5pyA5aSn6YOo5YiGKTxicj4KPC9wPgo8L2Rpdj48U1RZTEUgdHlwZT0idGV4dC9jc3MiPgo8IS0tCgphIHsKdGV4dC1kZWNvcmF0aW9uOiBub25lOwp9CmE6aG92ZXIgewp0ZXh0LWRlY29yYXRpb246IHVuZGVybGluZTsKfQoKLS0+Cjwvc3R5bGU+CgoKPGRpdiBpZD0ibWFpbl93cmFwIj4KICA8ZGl2IGlkPSJpbm5lciI+CiAgICA8ZGl2IGlkPSJtYWluV3JhcDIiPgoKCiAgPGRpdiBjbGFzcz0ibWFpbkJhbm5lcjAyIG1haW5CT1ggY2xlYXJmaXgiPgogICAgPHAgY2xhc3M9Im1haW5CYW5uZXJUZXh0Ij4KICAgICAgCiAgICAgIDxpbWcgc3JjPSJodHRwOi8vaW1hZ2UucmFrdXRlbi5jby5qcC9mYWxjb24tYmlrZS9jYWJpbmV0L3RvcHBhZ2UvZnVqaTE3X3RvcC5qcGciIHdpZHRoPSI3NzkiICBhbHQ9IkZVSkkgMjAxN+W5tOODouODh+ODqyDosqnlo7LkuK0iPjxicj48L3A+CiAgPC9kaXY+CgogIDxkaXYgY2xhc3M9Im1haW5CYW5uZXIwMiBtYWluQk9YIGNsZWFyZml4Ij4KICAgIDxwIGNsYXNzPSJtYWluQmFubmVyVGV4dCI+CiAgICAgIAogICAgICA8aW1nIHNyYz0iaHR0cDovL2ltYWdlLnJha3V0ZW4uY28uanAvZmFsY29uLWJpa2UvY2FiaW5ldC90b3BwYWdlL2tvbmExN190b3AuanBnIiB3aWR0aD0iNzc5IiAgYWx0PSJLT05BIDIwMTflubTjg6Ljg4fjg6sg6LKp5aOy5LitIj48YnI+PC9wPgogIDwvZGl2PgoKICA8ZGl2IGNsYXNzPSJtYWluQmFubmVyMDIgbWFpbkJPWCBjbGVhcmZpeCI+CiAgICA8cCBjbGFzcz0ibWFpbkJhbm5lclRleHQiPgogICAgICAKICAgICAgPGltZyBzcmM9Imh0dHA6Ly9pbWFnZS5yYWt1dGVuLmNvLmpwL2ZhbGNvbi1iaWtlL2NhYmluZXQvdG9wcGFnZS9rZG9kYWEtc3BfdG9wLmpwZyIgd2lkdGg9Ijc3OSIgIGFsdD0i44Kz44O844OA44O844OW44Or44O844OgIDIwMTflubTjg6Ljg4fjg6sg6LKp5aOy5LitIj48YnI+PC9wPgogIDwvZGl2PgoKICA8ZGl2IGNsYXNzPSJtYWluQmFubmVyMDIgbWFpbkJPWCBjbGVhcmZpeCI+CiAgICA8cCBjbGFzcz0ibWFpbkJhbm5lclRleHQiPgogICAgICAKICAgICAgPGltZyBzcmM9Imh0dHA6Ly9pbWFnZS5yYWt1dGVuLmNvLmpwL2ZhbGNvbi1iaWtlL2NhYmluZXQvdG9wcGFnZS9rZG9kYWEta2lkc190b3AuanBnIiB3aWR0aD0iNzc5IiAgYWx0PSLjgrPjg7zjg4Djg7zjg5bjg6vjg7zjg6Djgq3jg4Pjgrrjg5DjgqTjgq8gMjAxN+W5tOODouODh+ODqyDosqnlo7LkuK0iPjxicj48L3A+CiAgPC9kaXY+CgogIDxkaXYgY2xhc3M9Im1haW5CYW5uZXIwMiBtYWluQk9YIGNsZWFyZml4Ij4KICAgIDxwIGNsYXNzPSJtYWluQmFubmVyVGV4dCI+CiAgICAgIAogICAgICA8aW1nIHNyYz0iaHR0cHM6Ly9pbWFnZS5yYWt1dGVuLmNvLmpwL2ZhbGNvbi1iaWtlL2NhYmluZXQvc3VtYWhvLmpwZyIgd2lkdGg9Ijc3OSIgIGFsdD0i44K544Oe44Ob44K144Kk44OI5bCC55So44Gu44GK5b6X44Gq44Kv44O844Od44Oz77yBIj48YnI+PC9wPgogIDwvZGl2PgoKCjwhLS0g44GU5rOo5paH44Gu5YmN44GrIC0tPgogIDx0YWJsZSB3aWR0aD0iNzc5Ij4KICAgIDx0cj4KICAgICAgPHRkIGNvbHNwYW49IjUiPjxpbWcgc3JjPSJodHRwOi8vaW1hZ2UucmFrdXRlbi5jby5qcC9mYWxjb24tYmlrZS9jYWJpbmV0L3RvcHBhZ2UvdHl1dW1vbm1hZS5qcGciIGFsdD0i44GU5rOo5paH44Gu5YmN44GrIiB3aWR0aD0iNzc5cHgiYm9yZGVyPSIwIj48L3RkPgogICAgPC90cj4KCjwhLS0g6Ziy54qv55m76YyyIC0tPgogICAgPHRyPgogICAgICA8IS0tPHRkIGNvbHNwYW49IjUiPjxpbWcgc3JjPSJodHRwOi8vaW1hZ2UucmFrdXRlbi5jby5qcC9mYWxjb24tYmlrZS9jYWJpbmV0L3RvcHBhZ2UvMTZfdG91cm9rdS5qcGciIGFsdD0i6Ziy54qv55m76YyyIiB3aWR0aD0iNzc5cHgiPjwvdGQ+IC0tPgogICAgPC90cj4KICA8L3RhYmxlPgoKCiAgICA8L2Rpdj4KICA8L2Rpdj48IS0tIGVuZC9pbm5lcldyYXAgLS0+CjwvZGl2Pg==,6Ieq6Lui6LuKIOOCteOCpOOCr+ODq+OCs+ODs+ODlOODpeODvOOCv+ODvCBCQkIg44OT44O844OT44O844OT44O8IERBU0hCT0FSRCAxMkZVTkNUSU9OU+ODgOODg+OCt+ODpeODnOODvOODieODr+OCpOODpOODvOODrOOCueODouODh+ODqyAxMuapn+iDvSBCQ1AtMTZX44CQ44OR44O844OE57eP6aGNMTA4MDDlhobku6XkuIrpgIHmlpnnhKHmlpnjgJHvvJpGQUxDT04gQklLRQ==,6Ieq6Lui6LuK44Kv44Ot44K544OQ44Kk44Kv44Ot44O844OJ44OQ44Kk44KvTVRC44Of44Ok44K/IE1JWUFUQeODoeODquODgCBNRVJJREHjg5XjgrggRlVKSeOCs+ODvOODgOODvOODluODq+ODvOODoCBLaG9kYWFCbG9vbeOCuOOCquOCuSBHSU9T44OV44Kn44Or44OIIEZFTFRHVOWtkOS+m+iHqui7oui7iuOCreODg+OCuuODkOOCpOOCr+OBi+OBlOS7mOOBjeODrOODmeODikJXWOODleOCp+OCtuODvCBGRUFUSFJF44K544Kv44Or44OI44Kl44O844Op44OU44K544OI44OQ44Kk44Kv44Ki44OD44K944Oz6Ieq6Lui6LuKIOOCteOCpOOCr+ODq+OCs+ODs+ODlOODpeODvOOCv+ODvCBCQkIg44OT44O844OT44O844OT44O8IERBU0hCT0FSRCAxMkZVTkNUSU9OU+ODgOODg+OCt+ODpeODnOODvOODieODr+OCpOODpOODvOODrOOCueODouODh+ODqyAxMuapn+iDvSBCQ1AtMTZX44CQ44OR44O844OE57eP6aGNMTA4MDDlhobku6XkuIrpgIHmlpnnhKHmlpnjgJE=,44CQ44OR44O844OE57eP6aGNMTA4MDDlhobku6XkuIrpgIHmlpnnhKHmlpnjgJHjgILoh6rou6Lou4og44K144Kk44Kv44Or44Kz44Oz44OU44Ol44O844K/44O8IEJCQiDjg5Pjg7zjg5Pjg7zjg5Pjg7wgREFTSEJPQVJEIDEyRlVOQ1RJT05T44OA44OD44K344Ol44Oc44O844OJ44Ov44Kk44Ok44O844Os44K544Oi44OH44OrIDEy5qmf6IO9IEJDUC0xNlfjgJDjg5Hjg7zjg4Tnt4/poY0xMDgwMOWGhuS7peS4iumAgeaWmeeEoeaWmeOAkQ==[rn]
2-78700,aHR0cDovL3RzaG9wLnIxMHMuanAvYXVjLWN5Y2xlLXBhcnRzL2NhYmluZXQvYWNzL2FjYy9hY2MtMTI0LmpwZz9maXRpbj03MDA6NzAw,NDUzMC40MDAw,,44K544Od44O844OE44O744Ki44Km44OI44OJ44KiID4g6Ieq6Lui6LuK44O744K144Kk44Kv44Oq44Oz44KwID4g6Ieq6Lui6LuK55So44Ki44Kv44K744K144Oq44O8ID4g44K144Kk44Kv44Or44Kz44Oz44OU44Ol44O844K/44O8,Q0FURVlFIENDLVJEMzEwVyBTVFJBREEgU0xJTSDpmZDlrprjgqvjg6njg7wgKCDjg6/jgqTjg6Tjg6zjgrnjgrXjgqTjgq/jg6vjgrPjg7Pjg5Tjg6Xjg7zjgr/jg7wgKSDjgq3jg6Pjg4Pjg4jjgqLjgqQgQ0NSRDMxMFcg44K544OI44Op44O844OA44K544Oq44OgIENBVCBFWUU=,,4peL5pWw6YeP6ZmQ5a6a44GuTkVX44Kr44Op44O844CCPGJyPuODreODvOODieODkOOCpOOCr+OBq+eJueWMluOBmeOCi+OBk+OBqOOBp+abtOOBq+mAsuWMluOBl+OBn+iWhOWei+i7vemHj+OCouODiuODreOCsOODr+OCpOODpOODrOOCueOCs+ODs+ODlOODpeODvOOCv+OAgjxicj7jg7vjgojjgorjgrnjg6rjg6Djgarjg5zjg4fjgqPjgavlpInouqvjgILlsI/lnovjg5zjg4fjgqPjgajlpKfjgY3jgYTnlLvpnaLjgpLkuKHnq4vjgII8YnI+44O744Kz44Oz44OU44Ol44O844K/6KGo6Z2i44GM44Oi44O844OJ44Oc44K/44Oz44Go44Gq44KL44CM44Kv44Oq44OD44Kv44OG44OD44Kv44CN44CCPGJyPuODu+S4jeimgeOBquioiOa4rOapn+iDveOCkuOCueOCreODg+ODl+OBp+OBjeOCi+ODleOCoeODs+OCr+OCt+ODp+ODs+mBuOaKnuOBp+abtOOBq+S9v+OBhOOChOOBmeOBj+OAgjxicj7jg7vjgrfjg7Pjg5fjg6vmk43kvZzjga7jgqrjg7zjg4jjgrnjgr/jg7zjg4jlsILnlKjjg6Ljg4fjg6vjgII8YnI+44O744OV44Ot44Oz44OI44OV44Kp44O844Kv44Gu5YaF5YG044Gr6KOF552A44GZ44KL5paw5Z6L44Kk44Oz44K144Kk44OJ44K744Oz44K144O844Gn6Ieq6Lui6LuK44Go44Gu5LiA5L2T5oSf44GM44Ki44OD44OX44CCPGJyPuODu+OCueODhuODoOOChOODj+ODs+ODieODq+ODkOODvOOBq+aJi+i7veOBq+ijheedgOOBp+OBjeOCi+Wwj+Wei+i7vemHj+ODluODqeOCseODg+ODiOOBjOS7mOWxnuOAgjxicj48YnI+4peP77yR5YCL6LKp5aOyPGJyPuODu+mAn+W6pu+8iOi1sOihjOmAn+W6piwg5bmz5Z2HLCDmnIDpq5jvvIk8YnI+44O76Led6Zui77yI6LWw6KGM6Led6ZuiLTHvvI8tMiwg56mN566X77yJPGJyPuODu+aZgumWk++8iOi1sOihjOaZgumWk++8iTxicj7jg7vmmYLliLvvvIgxMm9yMjTmmYLplpPvvI/pgbjmip7lj6/og73vvIk8YnI+4oC75bmz5Z2H6YCf5bqm44Gv44CB6LWw6KGM5pmC6ZaT44GMMTAwIOaZgumWk+OBvuOBn+OBr+i1sOihjOi3nembouOBjDk5OTkuOTkga20vaCDjgpLotorjgYjjgovjgajjgIxF44CN44KS6KGo56S644GX44G+44GZ44CCPGJyPuKAu+OBguOCieOBi+OBmOOCgeijheedgOOBleOCjOOBpuOBhOOCi+mbu+axoOOBruWvv+WRveOBr+OAgeS4iuiomOOCiOOCiuefreOBhOWgtOWQiOOBjOOBguOCiuOBvuOBmeOAgjxicj7il4/jgqvjg6njg7zvvJrjgqTjgqjjg63jg7zjgIHjgrDjg6rjg7zjg7PjgIHjg53jg6vjgqvjg4njg4Pjg4g8YnI+PGJyPuKAu+WVhuWTgeOBruOCq+ODqeODvOOBr+ODh+OCo+OCueODl+ODrOOCpOOBrueorumhnuetieOBq+OCiOOCiuOAgeWun+eJqeOBqOeVsOOBquOBo+OBpuimi+OBiOOCi+WgtOWQiOOBjOOBlOOBluOBhOOBvuOBmeOAgjx0YWJsZSB3aWR0aD0iNzMwIiBib3JkZXI9IjAiIGFsaWduPSJjZW50ZXIiIGNlbGxzcGFjaW5nPSI1Ij4KICA8dHI+CiAgICA8dGQ+PGRpdiBhbGlnbj0iY2VudGVyIj48aW1nIHNyYz0iaHR0cDovL2ltYWdlLnJha3V0ZW4uY28uanAvYXVjLWN5Y2xlLXBhcnRzL2NhYmluZXQvYmFuYS1nYXpvdS9ibi1zby5qcGciIGFsdD0iYWEiIHdpZHRoPSIxMTIiIGJvcmRlcj0iMCI+PC9kaXY+PC90ZD4KICAgIDx0ZD48aW1nIHNyYz0iaHR0cDovL2ltYWdlLnJha3V0ZW4uY28uanAvYXVjLWN5Y2xlLXBhcnRzL2NhYmluZXQvYmFuYS1nYXpvdS9iZS1ib2xsZS5qcGciIHdpZHRoPSIxMTIiIGJvcmRlcj0iMCI+PC90ZD4KICAgIDx0ZD48aW1nIHNyYz0iaHR0cDovL2ltYWdlLnJha3V0ZW4uY28uanAvYXVjLWN5Y2xlLXBhcnRzL2NhYmluZXQvYmFuYS1nYXpvdS9ibi1hcXVhLmpwZyIgYWx0PSLjgqLjgq/jgqLjgrnjg5XjgqPjgqIiIHdpZHRoPSIxMTIiIGJvcmRlcj0iMCI+PC90ZD4KICAgIDx0ZD48aW1nIHNyYz0iaHR0cDovL2ltYWdlLnJha3V0ZW4uY28uanAvYXVjLWN5Y2xlLXBhcnRzL2NhYmluZXQvYmFuYS1nYXpvdS9ibi12aXQuanBnIiBhbHQ9IuODk+ODg+ODiOODquOCoiIgd2lkdGg9IjExMiIgYm9yZGVyPSIwIj48L3RkPgogICAgPHRkPjxpbWcgc3JjPSJodHRwOi8vaW1hZ2UucmFrdXRlbi5jby5qcC9hdWMtY3ljbGUtcGFydHMvY2FiaW5ldC9iYW5hLWdhem91L2JuLWZvb3QuanBnIiBhbHQ9IkZPT1RNQVgiIHdpZHRoPSIxMTIiIGJvcmRlcj0iMCI+PC90ZD4KICAgIDx0ZD48aW1nIHNyYz0iaHR0cDovL2ltYWdlLnJha3V0ZW4uY28uanAvYXVjLWN5Y2xlLXBhcnRzL2NhYmluZXQvYmFuYS1nYXpvdS9ibi1uZXdvbi5qcGciIGFsdD0ibmV3dG9uIiB3aWR0aD0iMTEyIiBib3JkZXI9IjAiPjwvdGQ+CiAgPC90cj4KICA8dHI+CiAgICA8dGQ+PGltZyBzcmM9Imh0dHA6Ly9pbWFnZS5yYWt1dGVuLmNvLmpwL2F1Yy1jeWNsZS1wYXJ0cy9jYWJpbmV0L2JhbmEtZ2F6b3UvYm4tc2hpbWFub2FjLmpwZyIgYWx0PSIiIHdpZHRoPSIxMTIiIGJvcmRlcj0iMCI+PC90ZD4KICAgIDx0ZD48aW1nIHNyYz0iaHR0cDovL2ltYWdlLnJha3V0ZW4uY28uanAvYXVjLWN5Y2xlLXBhcnRzL2NhYmluZXQvYmFuYS1nYXpvdS9ibi1hc2ctY20tMTQuanBnIiBhbHQ9IiIgd2lkdGg9IjExMiIgYm9yZGVyPSIwIj48L3RkPgogICAgPHRkPjxpbWcgc3JjPSJodHRwOi8vaW1hZ2UucmFrdXRlbi5jby5qcC9hdWMtY3ljbGUtcGFydHMvY2FiaW5ldC9iYW5hLWdhem91L2JuLXN3ZXcuanBnIiBhbHQ9IuOCt+ODnuODjuOCteODs+OCsOODqeOCuSIgd2lkdGg9IjExMiIgYm9yZGVyPSIwIj48L3RkPgogICAgPHRkPjxpbWcgc3JjPSJodHRwOi8vaW1hZ2UucmFrdXRlbi5jby5qcC9hdWMtY3ljbGUtcGFydHMvY2FiaW5ldC9iYW5hLWdhem91L2JuLXNoaW1hbm9zYWRvbGxlLmpwZyIgYWx0PSIiIHdpZHRoPSIxMTIiIGJvcmRlcj0iMCI+PC90ZD4KICAgIDx0ZD48aW1nIHNyYz0iaHR0cDovL2ltYWdlLnJha3V0ZW4uY28uanAvYXVjLWN5Y2xlLXBhcnRzL2NhYmluZXQvYmFuYS1nYXpvdS9ibi1zaGltYW5vaGFuZG9sbGUuanBnIiBhbHQ9IiIgd2lkdGg9IjExMiIgYm9yZGVyPSIwIj48L3RkPgogICAgPHRkPjxpbWcgc3JjPSJodHRwOi8vaW1hZ2UucmFrdXRlbi5jby5qcC9hdWMtY3ljbGUtcGFydHMvY2FiaW5ldC9iYW5hLWdhem91L2JuLXNoaW1hbm9ib3R0bGUuanBnIiB3aWR0aD0iMTEyIiBib3JkZXI9IjAiPjwvdGQ+CiAgPC90cj4KPC90YWJsZT4KPGJyPgoKPCEtLeWVhuWTgeihqOekujHjgZPjgZPjgYvjgoktLT4KCjwhLS3jgr/jgqTjg4jjg6sx44GT44GT44GL44KJLS0+Cjxicj4KPGI+PGZvbnQgY29sb3I9IiM3RTdDN0MiIGZhY2U9IuODoeOCpOODquOCqiI+UElDS1VQIElURU08L2ZvbnQ+PC9iPjxicj4KCgo8IS0t44K/44Kk44OI44OrMeOBk+OBk+OBvuOBpy0tPgoKCjxicj4KPGJyPgoKPCEtLeWVhuWTgeihqOekujHjgZPjgZPjgb7jgactLT4KCjwhLS3llYblk4HooajnpLoy44GT44GT44GL44KJLS0+Cgo8IS0t44K/44Kk44OI44OrMuOBk+OBk+OBi+OCiS0tPgo8YnI+CjxiPjxmb250IGNvbG9yPSIjN0U3QzdDIiBmYWNlPSLjg6HjgqTjg6rjgqoiPlBJQ0tVUCBJVEVNPC9mb250PjwvYj48YnI+CgoKPCEtLeOCv+OCpOODiOODqzLjgZPjgZPjgb7jgactLT4KCgoKPGJyPgo8YnI+Cgo8IS0t5ZWG5ZOB6KGo56S6MuOBk+OBk+OBvuOBpy0tPgoKPCEtLeWVhuWTgeihqOekujPjgZPjgZPjgYvjgoktLT4KCjwhLS3jgr/jgqTjg4jjg6sz44GT44GT44GL44KJLS0+Cjxicj4KPGI+PGZvbnQgY29sb3I9IiM3RTdDN0MiIGZhY2U9IuODoeOCpOODquOCqiI+UElDS1VQIElURU08L2ZvbnQ+PC9iPjxicj4KCgo8IS0t44K/44Kk44OI44OrM+OBk+OBk+OBvuOBpy0tPgoKCgo8YnI+Cjxicj4KCjwhLS3llYblk4HooajnpLoz44GT44GT44G+44GnLS0+CgoKPGJyPgo8YnI+,Q0FURVlFIENDLVJEMzEwVyBTVFJBREEgU0xJTSDpmZDlrprjgqvjg6njg7wgKCDjg6/jgqTjg6Tjg6zjgrnjgrXjgqTjgq/jg6vjgrPjg7Pjg5Tjg6Xjg7zjgr/jg7wgKSDjgq3jg6Pjg4Pjg4jjgqLjgqQgQ0NSRDMxMFcg44K544OI44Op44O844OA44K544Oq44OgIENBVCBFWUXvvJrjgrXjgqTjgq/jg6vjg63jg7zjg4k=,6Ieq6Lui6LuK44OR44O844OE44Ot44O844OJ44OR44O844OE6YCa6LKp44K144Kk44Kv44Or44Kr44OQ44O844OR44O844Or44Kk44K644OfU0hJTUFOT1BFQVJM44CASVpVTUnjg4/jg7Pjg4njg6vjg4Hjg6PjgqTjg6vjg4njgrfjg7zjg4jjg5jjg6vjg6Hjg4Pjg4jjgr/jgqTjg6Tjg4Hjg6Xjg7zjg5bjg5rjg4Djg6vjg5bjg6zjg7zjgq3nqbrmsJflhaXjgozjg6njgqTjg4jjg5DjgrnjgrHjg4Pjg4jjgrXjg4njg6vjg5bjg6rjg4Ljgrnjg4jjg7Pjgq/jg6njg7Pjgq9DQVRFWUUgQ0MtUkQzMTBXIFNUUkFEQSBTTElNIOmZkOWumuOCq+ODqeODvCAoIOODr+OCpOODpOODrOOCueOCteOCpOOCr+ODq+OCs+ODs+ODlOODpeODvOOCv+ODvCApIOOCreODo+ODg+ODiOOCouOCpCBDQ1JEMzEwVyDjgrnjg4jjg6njg7zjg4Djgrnjg6rjg6AgQ0FUIEVZRQ==,Q0FURVlFIENDLVJEMzEwVyBTVFJBREEgU0xJTSDpmZDlrprjgqvjg6njg7wgKCDjg6/jgqTjg6Tjg6zjgrnjgrXjgqTjgq/jg6vjgrPjg7Pjg5Tjg6Xjg7zjgr/jg7wgKSDjgq3jg6Pjg4Pjg4jjgqLjgqQgQ0NSRDMxMFcg44K544OI44Op44O844OA44K544Oq44OgIENBVCBFWUU=[rn]
2-78701,aHR0cDovL3RzaG9wLnIxMHMuanAvYXVjLWN5Y2xlLXBhcnRzL2NhYmluZXQvaW1nMjIvZ2FjYy0xNzAzLTQuanBnP2ZpdGluPTcwMDo3MDA=,MTE3NjAuMDAwMA==,,44K544Od44O844OE44O744Ki44Km44OI44OJ44KiID4g6Ieq6Lui6LuK44O744K144Kk44Kv44Oq44Oz44KwID4g6Ieq6Lui6LuK55So44Ki44Kv44K744K144Oq44O8ID4g44K144Kk44Kv44Or44Kz44Oz44OU44Ol44O844K/44O8,KEdBUk1JTi/jgqzjg7zjg5/jg7MpRWRnZTI1Sg==,,4peP5ZWG5ZOB5qaC6KaB77ya5o6l57aa5qmf6IO944GM5pCt6LyJ44GV44KM44Gf44Kz44Oz44OR44Kv44OI44Gn5L2/44GE44KE44GZ44GER1BT44K144Kk44Kv44Or44Kz44Oz44OU44Ol44O844K/44O8PEJSPjxCUj7mmYLplpPjgIHot53pm6LjgIHpgJ/luqbjgIHjgYrjgojjgbPlv4Pmi43mlbDjgpLov73ot6ExPEJSPuaWsOOBl+OBhOODqeOCpOODieOBruioiOeUu+OAgeODgOOCpuODs+ODreODvOODieOAgeOBiuOCiOOBs+i/vei3oTxCUj5HYXJtaW4gQ29ubmVjdOOBp+OCouOCr+ODhuOCo+ODk+ODhuOCo+OCkuS/neWtmOOAgeioiOeUu+OAgeOBiuOCiOOBs+WFseaciTxCUj7ogJDmsLTmgKfjgavlhKrjgozjgZ/kuIjlpKvjgarjg4fjg5DjgqTjgrk8QlI+57Sg5pep44GE44OH44O844K/44Ki44OD44OX44Ot44O844OJ44GoTGl2ZVRyYWNr44Gu44Gf44KB44Gu5o6l57aa5qmf6IO9PEJSPjxCUj5FZGdlMjVKIOOBr+OAgeODqeOCpOODieOBi+OCieaZgumWk+OAgei3nembouOAgee3j+S4iuaYh+mHj+OAgeS9jee9ruOBquOBqemHjeimgeOBque1seioiOaDheWgseOCkuOCreODo+ODl+ODgeODo+OBl+OBvuOBmeOAgiDlv4Pmi43mlbDjgrnjg4jjg6njg4Pjg5cx44Go44Oa44Ki44Oq44Oz44Kw44GZ44KL44Go44CB5b+D5ouN5pWw44KE5b+D5ouN5pWw44K+44O844Oz44KS6KiY6Yyy44Gn44GN44CB44GE44Gk55uu5qiZ44Gr6YGU44GX44Gf44GL44KS5oqK5o+h44Gn44GN44G+44GZ44CCIOOBvuOBn+OAgeW/g+aLjeaVsOOBruS6kuaPm+aAp+OBq+OCiOOCiuOAgeODqeOCpOODieS4reOBrua2iOiyu+OCq+ODreODquODvOOCguato+eiuuOBquaDheWgseOCkuaPkOS+m+OBl+OBvuOBmeOAgjxicj7il4/jg6Hjg7zjgqvjg7zlkI3vvJpHQVJNSU4v44Ks44O844Of44OzPGJyPuKXj+KAu+WVhuWTgeOBruODh+OCtuOCpOODs+OAgeS7leanmOOAgeWkluims+OAgeOBr+S6iOWRiuOBquOBj+WkieabtOOBmeOCi+WgtOWQiOOBjOOBguOCiuOBvuOBmeOBruOBp+OBlOS6huaJv+OBj+OBoOOBleOBhOOAgjx0YWJsZSB3aWR0aD0iNzMwIiBib3JkZXI9IjAiIGFsaWduPSJjZW50ZXIiIGNlbGxzcGFjaW5nPSI1Ij4KICA8dHI+CiAgICA8dGQ+PGRpdiBhbGlnbj0iY2VudGVyIj48aW1nIHNyYz0iaHR0cDovL2ltYWdlLnJha3V0ZW4uY28uanAvYXVjLWN5Y2xlLXBhcnRzL2NhYmluZXQvYmFuYS1nYXpvdS9ibi1zby5qcGciIGFsdD0iYWEiIHdpZHRoPSIxMTIiIGJvcmRlcj0iMCI+PC9kaXY+PC90ZD4KICAgIDx0ZD48aW1nIHNyYz0iaHR0cDovL2ltYWdlLnJha3V0ZW4uY28uanAvYXVjLWN5Y2xlLXBhcnRzL2NhYmluZXQvYmFuYS1nYXpvdS9iZS1ib2xsZS5qcGciIHdpZHRoPSIxMTIiIGJvcmRlcj0iMCI+PC90ZD4KICAgIDx0ZD48aW1nIHNyYz0iaHR0cDovL2ltYWdlLnJha3V0ZW4uY28uanAvYXVjLWN5Y2xlLXBhcnRzL2NhYmluZXQvYmFuYS1nYXpvdS9ibi1hcXVhLmpwZyIgYWx0PSLjgqLjgq/jgqLjgrnjg5XjgqPjgqIiIHdpZHRoPSIxMTIiIGJvcmRlcj0iMCI+PC90ZD4KICAgIDx0ZD48aW1nIHNyYz0iaHR0cDovL2ltYWdlLnJha3V0ZW4uY28uanAvYXVjLWN5Y2xlLXBhcnRzL2NhYmluZXQvYmFuYS1nYXpvdS9ibi12aXQuanBnIiBhbHQ9IuODk+ODg+ODiOODquOCoiIgd2lkdGg9IjExMiIgYm9yZGVyPSIwIj48L3RkPgogICAgPHRkPjxpbWcgc3JjPSJodHRwOi8vaW1hZ2UucmFrdXRlbi5jby5qcC9hdWMtY3ljbGUtcGFydHMvY2FiaW5ldC9iYW5hLWdhem91L2JuLWZvb3QuanBnIiBhbHQ9IkZPT1RNQVgiIHdpZHRoPSIxMTIiIGJvcmRlcj0iMCI+PC90ZD4KICAgIDx0ZD48aW1nIHNyYz0iaHR0cDovL2ltYWdlLnJha3V0ZW4uY28uanAvYXVjLWN5Y2xlLXBhcnRzL2NhYmluZXQvYmFuYS1nYXpvdS9ibi1uZXdvbi5qcGciIGFsdD0ibmV3dG9uIiB3aWR0aD0iMTEyIiBib3JkZXI9IjAiPjwvdGQ+CiAgPC90cj4KICA8dHI+CiAgICA8dGQ+PGltZyBzcmM9Imh0dHA6Ly9pbWFnZS5yYWt1dGVuLmNvLmpwL2F1Yy1jeWNsZS1wYXJ0cy9jYWJpbmV0L2JhbmEtZ2F6b3UvYm4tc2hpbWFub2FjLmpwZyIgYWx0PSIiIHdpZHRoPSIxMTIiIGJvcmRlcj0iMCI+PC90ZD4KICAgIDx0ZD48aW1nIHNyYz0iaHR0cDovL2ltYWdlLnJha3V0ZW4uY28uanAvYXVjLWN5Y2xlLXBhcnRzL2NhYmluZXQvYmFuYS1nYXpvdS9ibi1hc2ctY20tMTQuanBnIiBhbHQ9IiIgd2lkdGg9IjExMiIgYm9yZGVyPSIwIj48L3RkPgogICAgPHRkPjxpbWcgc3JjPSJodHRwOi8vaW1hZ2UucmFrdXRlbi5jby5qcC9hdWMtY3ljbGUtcGFydHMvY2FiaW5ldC9iYW5hLWdhem91L2JuLXN3ZXcuanBnIiBhbHQ9IuOCt+ODnuODjuOCteODs+OCsOODqeOCuSIgd2lkdGg9IjExMiIgYm9yZGVyPSIwIj48L3RkPgogICAgPHRkPjxpbWcgc3JjPSJodHRwOi8vaW1hZ2UucmFrdXRlbi5jby5qcC9hdWMtY3ljbGUtcGFydHMvY2FiaW5ldC9iYW5hLWdhem91L2JuLXNoaW1hbm9zYWRvbGxlLmpwZyIgYWx0PSIiIHdpZHRoPSIxMTIiIGJvcmRlcj0iMCI+PC90ZD4KICAgIDx0ZD48aW1nIHNyYz0iaHR0cDovL2ltYWdlLnJha3V0ZW4uY28uanAvYXVjLWN5Y2xlLXBhcnRzL2NhYmluZXQvYmFuYS1nYXpvdS9ibi1zaGltYW5vaGFuZG9sbGUuanBnIiBhbHQ9IiIgd2lkdGg9IjExMiIgYm9yZGVyPSIwIj48L3RkPgogICAgPHRkPjxpbWcgc3JjPSJodHRwOi8vaW1hZ2UucmFrdXRlbi5jby5qcC9hdWMtY3ljbGUtcGFydHMvY2FiaW5ldC9iYW5hLWdhem91L2JuLXNoaW1hbm9ib3R0bGUuanBnIiB3aWR0aD0iMTEyIiBib3JkZXI9IjAiPjwvdGQ+CiAgPC90cj4KPC90YWJsZT4KPGJyPgoKPCEtLeWVhuWTgeihqOekujHjgZPjgZPjgYvjgoktLT4KCjwhLS3jgr/jgqTjg4jjg6sx44GT44GT44GL44KJLS0+Cjxicj4KPGI+PGZvbnQgY29sb3I9IiM3RTdDN0MiIGZhY2U9IuODoeOCpOODquOCqiI+UElDS1VQIElURU08L2ZvbnQ+PC9iPjxicj4KCgo8IS0t44K/44Kk44OI44OrMeOBk+OBk+OBvuOBpy0tPgoKCjxicj4KPGJyPgoKPCEtLeWVhuWTgeihqOekujHjgZPjgZPjgb7jgactLT4KCjwhLS3llYblk4HooajnpLoy44GT44GT44GL44KJLS0+Cgo8IS0t44K/44Kk44OI44OrMuOBk+OBk+OBi+OCiS0tPgo8YnI+CjxiPjxmb250IGNvbG9yPSIjN0U3QzdDIiBmYWNlPSLjg6HjgqTjg6rjgqoiPlBJQ0tVUCBJVEVNPC9mb250PjwvYj48YnI+CgoKPCEtLeOCv+OCpOODiOODqzLjgZPjgZPjgb7jgactLT4KCgoKPGJyPgo8YnI+Cgo8IS0t5ZWG5ZOB6KGo56S6MuOBk+OBk+OBvuOBpy0tPgoKPCEtLeWVhuWTgeihqOekujPjgZPjgZPjgYvjgoktLT4KCjwhLS3jgr/jgqTjg4jjg6sz44GT44GT44GL44KJLS0+Cjxicj4KPGI+PGZvbnQgY29sb3I9IiM3RTdDN0MiIGZhY2U9IuODoeOCpOODquOCqiI+UElDS1VQIElURU08L2ZvbnQ+PC9iPjxicj4KCgo8IS0t44K/44Kk44OI44OrM+OBk+OBk+OBvuOBpy0tPgoKCgo8YnI+Cjxicj4KCjwhLS3llYblk4HooajnpLoz44GT44GT44G+44GnLS0+CgoKPGJyPgo8YnI+,KEdBUk1JTi/jgqzjg7zjg5/jg7MpRWRnZTI1Su+8muOCteOCpOOCr+ODq+ODreODvOODiQ==,6Ieq6Lui6LuK44OR44O844OE44Ot44O844OJ44OR44O844OE6YCa6LKp44K144Kk44Kv44Or44Kr44OQ44O844OR44O844Or44Kk44K644OfU0hJTUFOT1BFQVJM44CASVpVTUnjg4/jg7Pjg4njg6vjg4Hjg6PjgqTjg6vjg4njgrfjg7zjg4jjg5jjg6vjg6Hjg4Pjg4jjgr/jgqTjg6Tjg4Hjg6Xjg7zjg5bjg5rjg4Djg6vjg5bjg6zjg7zjgq3nqbrmsJflhaXjgozjg6njgqTjg4jjg5DjgrnjgrHjg4Pjg4jjgrXjg4njg6vjg5bjg6rjg4Ljgrnjg4jjg7Pjgq/jg6njg7Pjgq8oR0FSTUlOL+OCrOODvOODn+ODsylFZGdlMjVK,KEdBUk1JTi/jgqzjg7zjg5/jg7MpRWRnZTI1Sg==[rn]
2-78702,aHR0cDovL3RzaG9wLnIxMHMuanAvYXVjLWN5Y2xlLXBhcnRzL2NhYmluZXQvaW1nMjIvZ2FjYy0xNzAzLTIyLmpwZz9maXRpbj03MDA6NzAw,NDQyNC44MDAw,,44K544Od44O844OE44O744Ki44Km44OI44OJ44KiID4g6Ieq6Lui6LuK44O744K144Kk44Kv44Oq44Oz44KwID4g6Ieq6Lui6LuK55So44Ki44Kv44K744K144Oq44O8ID4g44K144Kk44Kv44Or44Kz44Oz44OU44Ol44O844K/44O8,KEdBUk1JTi/jgqzjg7zjg5/jg7MpRWRnZeeUqCDjgqLjgq/jgrvjgrXjg6og5bu26ZW344Ki44Km44OI44OV44Ot44Oz44OI44Oe44Km44Oz44OI,,4peP5ZWG5ZOB5qaC6KaB77ya6KSH5pWw44Gu6Ieq6Lui6LuK44Gr5Y+W44KK5LuY44GR44KL5aC05ZCI44Gq44Gp44Gr44GU5Yip55So5LiL44GV44GE44CCPEJSPuS7mOWxnuWTge+8muW7tumVt+OCouOCpuODiOODleODreODs+ODiOODnuOCpuODs+ODiOOAgeOCueODmuODvOOCteODvOOAgeWFreinkuODrOODs+ODgTxicj7il4/jg6Hjg7zjgqvjg7zlkI3vvJpHQVJNSU4v44Ks44O844Of44OzPGJyPuKXj+KAu+WVhuWTgeOBruODh+OCtuOCpOODs+OAgeS7leanmOOAgeWkluims+OAgeOBr+S6iOWRiuOBquOBj+WkieabtOOBmeOCi+WgtOWQiOOBjOOBguOCiuOBvuOBmeOBruOBp+OBlOS6huaJv+OBj+OBoOOBleOBhOOAgjx0YWJsZSB3aWR0aD0iNzMwIiBib3JkZXI9IjAiIGFsaWduPSJjZW50ZXIiIGNlbGxzcGFjaW5nPSI1Ij4KICA8dHI+CiAgICA8dGQ+PGRpdiBhbGlnbj0iY2VudGVyIj48aW1nIHNyYz0iaHR0cDovL2ltYWdlLnJha3V0ZW4uY28uanAvYXVjLWN5Y2xlLXBhcnRzL2NhYmluZXQvYmFuYS1nYXpvdS9ibi1zby5qcGciIGFsdD0iYWEiIHdpZHRoPSIxMTIiIGJvcmRlcj0iMCI+PC9kaXY+PC90ZD4KICAgIDx0ZD48aW1nIHNyYz0iaHR0cDovL2ltYWdlLnJha3V0ZW4uY28uanAvYXVjLWN5Y2xlLXBhcnRzL2NhYmluZXQvYmFuYS1nYXpvdS9iZS1ib2xsZS5qcGciIHdpZHRoPSIxMTIiIGJvcmRlcj0iMCI+PC90ZD4KICAgIDx0ZD48aW1nIHNyYz0iaHR0cDovL2ltYWdlLnJha3V0ZW4uY28uanAvYXVjLWN5Y2xlLXBhcnRzL2NhYmluZXQvYmFuYS1nYXpvdS9ibi1hcXVhLmpwZyIgYWx0PSLjgqLjgq/jgqLjgrnjg5XjgqPjgqIiIHdpZHRoPSIxMTIiIGJvcmRlcj0iMCI+PC90ZD4KICAgIDx0ZD48aW1nIHNyYz0iaHR0cDovL2ltYWdlLnJha3V0ZW4uY28uanAvYXVjLWN5Y2xlLXBhcnRzL2NhYmluZXQvYmFuYS1nYXpvdS9ibi12aXQuanBnIiBhbHQ9IuODk+ODg+ODiOODquOCoiIgd2lkdGg9IjExMiIgYm9yZGVyPSIwIj48L3RkPgogICAgPHRkPjxpbWcgc3JjPSJodHRwOi8vaW1hZ2UucmFrdXRlbi5jby5qcC9hdWMtY3ljbGUtcGFydHMvY2FiaW5ldC9iYW5hLWdhem91L2JuLWZvb3QuanBnIiBhbHQ9IkZPT1RNQVgiIHdpZHRoPSIxMTIiIGJvcmRlcj0iMCI+PC90ZD4KICAgIDx0ZD48aW1nIHNyYz0iaHR0cDovL2ltYWdlLnJha3V0ZW4uY28uanAvYXVjLWN5Y2xlLXBhcnRzL2NhYmluZXQvYmFuYS1nYXpvdS9ibi1uZXdvbi5qcGciIGFsdD0ibmV3dG9uIiB3aWR0aD0iMTEyIiBib3JkZXI9IjAiPjwvdGQ+CiAgPC90cj4KICA8dHI+CiAgICA8dGQ+PGltZyBzcmM9Imh0dHA6Ly9pbWFnZS5yYWt1dGVuLmNvLmpwL2F1Yy1jeWNsZS1wYXJ0cy9jYWJpbmV0L2JhbmEtZ2F6b3UvYm4tc2hpbWFub2FjLmpwZyIgYWx0PSIiIHdpZHRoPSIxMTIiIGJvcmRlcj0iMCI+PC90ZD4KICAgIDx0ZD48aW1nIHNyYz0iaHR0cDovL2ltYWdlLnJha3V0ZW4uY28uanAvYXVjLWN5Y2xlLXBhcnRzL2NhYmluZXQvYmFuYS1nYXpvdS9ibi1hc2ctY20tMTQuanBnIiBhbHQ9IiIgd2lkdGg9IjExMiIgYm9yZGVyPSIwIj48L3RkPgogICAgPHRkPjxpbWcgc3JjPSJodHRwOi8vaW1hZ2UucmFrdXRlbi5jby5qcC9hdWMtY3ljbGUtcGFydHMvY2FiaW5ldC9iYW5hLWdhem91L2JuLXN3ZXcuanBnIiBhbHQ9IuOCt+ODnuODjuOCteODs+OCsOODqeOCuSIgd2lkdGg9IjExMiIgYm9yZGVyPSIwIj48L3RkPgogICAgPHRkPjxpbWcgc3JjPSJodHRwOi8vaW1hZ2UucmFrdXRlbi5jby5qcC9hdWMtY3ljbGUtcGFydHMvY2FiaW5ldC9iYW5hLWdhem91L2JuLXNoaW1hbm9zYWRvbGxlLmpwZyIgYWx0PSIiIHdpZHRoPSIxMTIiIGJvcmRlcj0iMCI+PC90ZD4KICAgIDx0ZD48aW1nIHNyYz0iaHR0cDovL2ltYWdlLnJha3V0ZW4uY28uanAvYXVjLWN5Y2xlLXBhcnRzL2NhYmluZXQvYmFuYS1nYXpvdS9ibi1zaGltYW5vaGFuZG9sbGUuanBnIiBhbHQ9IiIgd2lkdGg9IjExMiIgYm9yZGVyPSIwIj48L3RkPgogICAgPHRkPjxpbWcgc3JjPSJodHRwOi8vaW1hZ2UucmFrdXRlbi5jby5qcC9hdWMtY3ljbGUtcGFydHMvY2FiaW5ldC9iYW5hLWdhem91L2JuLXNoaW1hbm9ib3R0bGUuanBnIiB3aWR0aD0iMTEyIiBib3JkZXI9IjAiPjwvdGQ+CiAgPC90cj4KPC90YWJsZT4KPGJyPgoKPCEtLeWVhuWTgeihqOekujHjgZPjgZPjgYvjgoktLT4KCjwhLS3jgr/jgqTjg4jjg6sx44GT44GT44GL44KJLS0+Cjxicj4KPGI+PGZvbnQgY29sb3I9IiM3RTdDN0MiIGZhY2U9IuODoeOCpOODquOCqiI+UElDS1VQIElURU08L2ZvbnQ+PC9iPjxicj4KCgo8IS0t44K/44Kk44OI44OrMeOBk+OBk+OBvuOBpy0tPgoKCjxicj4KPGJyPgoKPCEtLeWVhuWTgeihqOekujHjgZPjgZPjgb7jgactLT4KCjwhLS3llYblk4HooajnpLoy44GT44GT44GL44KJLS0+Cgo8IS0t44K/44Kk44OI44OrMuOBk+OBk+OBi+OCiS0tPgo8YnI+CjxiPjxmb250IGNvbG9yPSIjN0U3QzdDIiBmYWNlPSLjg6HjgqTjg6rjgqoiPlBJQ0tVUCBJVEVNPC9mb250PjwvYj48YnI+CgoKPCEtLeOCv+OCpOODiOODqzLjgZPjgZPjgb7jgactLT4KCgoKPGJyPgo8YnI+Cgo8IS0t5ZWG5ZOB6KGo56S6MuOBk+OBk+OBvuOBpy0tPgoKPCEtLeWVhuWTgeihqOekujPjgZPjgZPjgYvjgoktLT4KCjwhLS3jgr/jgqTjg4jjg6sz44GT44GT44GL44KJLS0+Cjxicj4KPGI+PGZvbnQgY29sb3I9IiM3RTdDN0MiIGZhY2U9IuODoeOCpOODquOCqiI+UElDS1VQIElURU08L2ZvbnQ+PC9iPjxicj4KCgo8IS0t44K/44Kk44OI44OrM+OBk+OBk+OBvuOBpy0tPgoKCgo8YnI+Cjxicj4KCjwhLS3llYblk4HooajnpLoz44GT44GT44G+44GnLS0+CgoKPGJyPgo8YnI+,KEdBUk1JTi/jgqzjg7zjg5/jg7MpRWRnZeeUqCDjgqLjgq/jgrvjgrXjg6og5bu26ZW344Ki44Km44OI44OV44Ot44Oz44OI44Oe44Km44Oz44OI77ya44K144Kk44Kv44Or44Ot44O844OJ,6Ieq6Lui6LuK44OR44O844OE44Ot44O844OJ44OR44O844OE6YCa6LKp44K144Kk44Kv44Or44Kr44OQ44O844OR44O844Or44Kk44K644OfU0hJTUFOT1BFQVJM44CASVpVTUnjg4/jg7Pjg4njg6vjg4Hjg6PjgqTjg6vjg4njgrfjg7zjg4jjg5jjg6vjg6Hjg4Pjg4jjgr/jgqTjg6Tjg4Hjg6Xjg7zjg5bjg5rjg4Djg6vjg5bjg6zjg7zjgq3nqbrmsJflhaXjgozjg6njgqTjg4jjg5DjgrnjgrHjg4Pjg4jjgrXjg4njg6vjg5bjg6rjg4Ljgrnjg4jjg7Pjgq/jg6njg7Pjgq8oR0FSTUlOL+OCrOODvOODn+ODsylFZGdl55SoIOOCouOCr+OCu+OCteODqiDlu7bplbfjgqLjgqbjg4jjg5Xjg63jg7Pjg4jjg57jgqbjg7Pjg4g=,KEdBUk1JTi/jgqzjg7zjg5/jg7MpRWRnZeeUqCDjgqLjgq/jgrvjgrXjg6og5bu26ZW344Ki44Km44OI44OV44Ot44Oz44OI44Oe44Km44Oz44OI[rn]
2-78703,aHR0cDovL3RzaG9wLnIxMHMuanAvYXVjLWN5Y2xlLXBhcnRzL2NhYmluZXQvaW1nMjIvZ2FjYy0xNzAzLTY0LmpwZz9maXRpbj03MDA6NzAw,MTQwMC4wMDAw,,44K544Od44O844OE44O744Ki44Km44OI44OJ44KiID4g6Ieq6Lui6LuK44O744K144Kk44Kv44Oq44Oz44KwID4g6Ieq6Lui6LuK55So44Ki44Kv44K744K144Oq44O8ID4g44K144Kk44Kv44Or44Kz44Oz44OU44Ol44O844K/44O8,KEdBUk1JTi/jgqzjg7zjg5/jg7Mp44K544Od44O844OE44Km44Kp44OD44OBIOOCouOCr+OCu+OCteODqiDlu7bplbfjg5njg6vjg4hGQTkxMFhUSueUqA==,,4peP5ZWG5ZOB5qaC6KaB77yaRm9yZUF0aGVsdGU5MTBYVErnlKjjga7lu7bplbfjg5njg6vjg4jjgafjgZnjgII8YnI+4peP44Oh44O844Kr44O85ZCN77yaR0FSTUlOL+OCrOODvOODn+ODszxicj7il4/igLvllYblk4Hjga7jg4fjgrbjgqTjg7PjgIHku5Xmp5jjgIHlpJboprPjgIHjga/kuojlkYrjgarjgY/lpInmm7TjgZnjgovloLTlkIjjgYzjgYLjgorjgb7jgZnjga7jgafjgZTkuobmib/jgY/jgaDjgZXjgYTjgII8dGFibGUgd2lkdGg9IjczMCIgYm9yZGVyPSIwIiBhbGlnbj0iY2VudGVyIiBjZWxsc3BhY2luZz0iNSI+CiAgPHRyPgogICAgPHRkPjxkaXYgYWxpZ249ImNlbnRlciI+PGltZyBzcmM9Imh0dHA6Ly9pbWFnZS5yYWt1dGVuLmNvLmpwL2F1Yy1jeWNsZS1wYXJ0cy9jYWJpbmV0L2JhbmEtZ2F6b3UvYm4tc28uanBnIiBhbHQ9ImFhIiB3aWR0aD0iMTEyIiBib3JkZXI9IjAiPjwvZGl2PjwvdGQ+CiAgICA8dGQ+PGltZyBzcmM9Imh0dHA6Ly9pbWFnZS5yYWt1dGVuLmNvLmpwL2F1Yy1jeWNsZS1wYXJ0cy9jYWJpbmV0L2JhbmEtZ2F6b3UvYmUtYm9sbGUuanBnIiB3aWR0aD0iMTEyIiBib3JkZXI9IjAiPjwvdGQ+CiAgICA8dGQ+PGltZyBzcmM9Imh0dHA6Ly9pbWFnZS5yYWt1dGVuLmNvLmpwL2F1Yy1jeWNsZS1wYXJ0cy9jYWJpbmV0L2JhbmEtZ2F6b3UvYm4tYXF1YS5qcGciIGFsdD0i44Ki44Kv44Ki44K544OV44Kj44KiIiB3aWR0aD0iMTEyIiBib3JkZXI9IjAiPjwvdGQ+CiAgICA8dGQ+PGltZyBzcmM9Imh0dHA6Ly9pbWFnZS5yYWt1dGVuLmNvLmpwL2F1Yy1jeWNsZS1wYXJ0cy9jYWJpbmV0L2JhbmEtZ2F6b3UvYm4tdml0LmpwZyIgYWx0PSLjg5Pjg4Pjg4jjg6rjgqIiIHdpZHRoPSIxMTIiIGJvcmRlcj0iMCI+PC90ZD4KICAgIDx0ZD48aW1nIHNyYz0iaHR0cDovL2ltYWdlLnJha3V0ZW4uY28uanAvYXVjLWN5Y2xlLXBhcnRzL2NhYmluZXQvYmFuYS1nYXpvdS9ibi1mb290LmpwZyIgYWx0PSJGT09UTUFYIiB3aWR0aD0iMTEyIiBib3JkZXI9IjAiPjwvdGQ+CiAgICA8dGQ+PGltZyBzcmM9Imh0dHA6Ly9pbWFnZS5yYWt1dGVuLmNvLmpwL2F1Yy1jeWNsZS1wYXJ0cy9jYWJpbmV0L2JhbmEtZ2F6b3UvYm4tbmV3b24uanBnIiBhbHQ9Im5ld3RvbiIgd2lkdGg9IjExMiIgYm9yZGVyPSIwIj48L3RkPgogIDwvdHI+CiAgPHRyPgogICAgPHRkPjxpbWcgc3JjPSJodHRwOi8vaW1hZ2UucmFrdXRlbi5jby5qcC9hdWMtY3ljbGUtcGFydHMvY2FiaW5ldC9iYW5hLWdhem91L2JuLXNoaW1hbm9hYy5qcGciIGFsdD0iIiB3aWR0aD0iMTEyIiBib3JkZXI9IjAiPjwvdGQ+CiAgICA8dGQ+PGltZyBzcmM9Imh0dHA6Ly9pbWFnZS5yYWt1dGVuLmNvLmpwL2F1Yy1jeWNsZS1wYXJ0cy9jYWJpbmV0L2JhbmEtZ2F6b3UvYm4tYXNnLWNtLTE0LmpwZyIgYWx0PSIiIHdpZHRoPSIxMTIiIGJvcmRlcj0iMCI+PC90ZD4KICAgIDx0ZD48aW1nIHNyYz0iaHR0cDovL2ltYWdlLnJha3V0ZW4uY28uanAvYXVjLWN5Y2xlLXBhcnRzL2NhYmluZXQvYmFuYS1nYXpvdS9ibi1zd2V3LmpwZyIgYWx0PSLjgrfjg57jg47jgrXjg7PjgrDjg6njgrkiIHdpZHRoPSIxMTIiIGJvcmRlcj0iMCI+PC90ZD4KICAgIDx0ZD48aW1nIHNyYz0iaHR0cDovL2ltYWdlLnJha3V0ZW4uY28uanAvYXVjLWN5Y2xlLXBhcnRzL2NhYmluZXQvYmFuYS1nYXpvdS9ibi1zaGltYW5vc2Fkb2xsZS5qcGciIGFsdD0iIiB3aWR0aD0iMTEyIiBib3JkZXI9IjAiPjwvdGQ+CiAgICA8dGQ+PGltZyBzcmM9Imh0dHA6Ly9pbWFnZS5yYWt1dGVuLmNvLmpwL2F1Yy1jeWNsZS1wYXJ0cy9jYWJpbmV0L2JhbmEtZ2F6b3UvYm4tc2hpbWFub2hhbmRvbGxlLmpwZyIgYWx0PSIiIHdpZHRoPSIxMTIiIGJvcmRlcj0iMCI+PC90ZD4KICAgIDx0ZD48aW1nIHNyYz0iaHR0cDovL2ltYWdlLnJha3V0ZW4uY28uanAvYXVjLWN5Y2xlLXBhcnRzL2NhYmluZXQvYmFuYS1nYXpvdS9ibi1zaGltYW5vYm90dGxlLmpwZyIgd2lkdGg9IjExMiIgYm9yZGVyPSIwIj48L3RkPgogIDwvdHI+CjwvdGFibGU+Cjxicj4KCjwhLS3llYblk4HooajnpLox44GT44GT44GL44KJLS0+Cgo8IS0t44K/44Kk44OI44OrMeOBk+OBk+OBi+OCiS0tPgo8YnI+CjxiPjxmb250IGNvbG9yPSIjN0U3QzdDIiBmYWNlPSLjg6HjgqTjg6rjgqoiPlBJQ0tVUCBJVEVNPC9mb250PjwvYj48YnI+CgoKPCEtLeOCv+OCpOODiOODqzHjgZPjgZPjgb7jgactLT4KCgo8YnI+Cjxicj4KCjwhLS3llYblk4HooajnpLox44GT44GT44G+44GnLS0+Cgo8IS0t5ZWG5ZOB6KGo56S6MuOBk+OBk+OBi+OCiS0tPgoKPCEtLeOCv+OCpOODiOODqzLjgZPjgZPjgYvjgoktLT4KPGJyPgo8Yj48Zm9udCBjb2xvcj0iIzdFN0M3QyIgZmFjZT0i44Oh44Kk44Oq44KqIj5QSUNLVVAgSVRFTTwvZm9udD48L2I+PGJyPgoKCjwhLS3jgr/jgqTjg4jjg6sy44GT44GT44G+44GnLS0+CgoKCjxicj4KPGJyPgoKPCEtLeWVhuWTgeihqOekujLjgZPjgZPjgb7jgactLT4KCjwhLS3llYblk4HooajnpLoz44GT44GT44GL44KJLS0+Cgo8IS0t44K/44Kk44OI44OrM+OBk+OBk+OBi+OCiS0tPgo8YnI+CjxiPjxmb250IGNvbG9yPSIjN0U3QzdDIiBmYWNlPSLjg6HjgqTjg6rjgqoiPlBJQ0tVUCBJVEVNPC9mb250PjwvYj48YnI+CgoKPCEtLeOCv+OCpOODiOODqzPjgZPjgZPjgb7jgactLT4KCgoKPGJyPgo8YnI+Cgo8IS0t5ZWG5ZOB6KGo56S6M+OBk+OBk+OBvuOBpy0tPgoKCjxicj4KPGJyPg==,KEdBUk1JTi/jgqzjg7zjg5/jg7Mp44K544Od44O844OE44Km44Kp44OD44OBIOOCouOCr+OCu+OCteODqiDlu7bplbfjg5njg6vjg4hGQTkxMFhUSueUqO+8muOCteOCpOOCr+ODq+ODreODvOODiQ==,6Ieq6Lui6LuK44OR44O844OE44Ot44O844OJ44OR44O844OE6YCa6LKp44K144Kk44Kv44Or44Kr44OQ44O844OR44O844Or44Kk44K644OfU0hJTUFOT1BFQVJM44CASVpVTUnjg4/jg7Pjg4njg6vjg4Hjg6PjgqTjg6vjg4njgrfjg7zjg4jjg5jjg6vjg6Hjg4Pjg4jjgr/jgqTjg6Tjg4Hjg6Xjg7zjg5bjg5rjg4Djg6vjg5bjg6zjg7zjgq3nqbrmsJflhaXjgozjg6njgqTjg4jjg5DjgrnjgrHjg4Pjg4jjgrXjg4njg6vjg5bjg6rjg4Ljgrnjg4jjg7Pjgq/jg6njg7Pjgq8oR0FSTUlOL+OCrOODvOODn+ODsynjgrnjg53jg7zjg4Tjgqbjgqnjg4Pjg4Eg44Ki44Kv44K744K144OqIOW7tumVt+ODmeODq+ODiEZBOTEwWFRK55So,KEdBUk1JTi/jgqzjg7zjg5/jg7Mp44K544Od44O844OE44Km44Kp44OD44OBIOOCouOCr+OCu+OCteODqiDlu7bplbfjg5njg6vjg4hGQTkxMFhUSueUqA==[rn]
2-78704,aHR0cDovL3RzaG9wLnIxMHMuanAvYXVjLWN5Y2xlLXBhcnRzL2NhYmluZXQvaW1nMjIvZ2FjYy0xNzAzLTUxLmpwZz9maXRpbj03MDA6NzAw,MjY2MC4wMDAw,,44K544Od44O844OE44O744Ki44Km44OI44OJ44KiID4g6Ieq6Lui6LuK44O744K144Kk44Kv44Oq44Oz44KwID4g6Ieq6Lui6LuK55So44Ki44Kv44K744K144Oq44O8ID4g44K144Kk44Kv44Or44Kz44Oz44OU44Ol44O844K/44O8,KEdBUk1JTi/jgqzjg7zjg5/jg7Mp44K544Od44O844OE44Km44Kp44OD44OBIOOCouOCr+OCu+OCteODqiDjgq/jgqTjg4Pjgq/jg6rjg6rjg7zjgrnjgq3jg4Pjg4hGQTkyMFhUSueUqA==,,4peP5ZWG5ZOB5qaC6KaB77ya44OV44Kp44Ki44Ki44K544Oq44O844OIOTIwWFRK44KS44CB44Oq44K544OI44Go44OQ44Kk44Kv77yI6Ieq6Lui6LuK77yJ6ZaT44Gn57Ch5Y2Y44Gr5LuY44GR5pu/44GI5Y+v6IO944Gr44GZ44KL44Kt44OD44OI44Gn44GZ44CCPEJSPuODiOODqeOCpOOCouOCueODreODs+OBquOBqeOBruODnuODq+ODgeOCueODneODvOODhOOBp+OBlOS9v+eUqOOBruaWueOBq+OCquOCueOCueODoeOBl+OBvuOBmeOAgjxicj7il4/jg6Hjg7zjgqvjg7zlkI3vvJpHQVJNSU4v44Ks44O844Of44OzPGJyPuKXj+KAu+WVhuWTgeOBruODh+OCtuOCpOODs+OAgeS7leanmOOAgeWkluims+OAgeOBr+S6iOWRiuOBquOBj+WkieabtOOBmeOCi+WgtOWQiOOBjOOBguOCiuOBvuOBmeOBruOBp+OBlOS6huaJv+OBj+OBoOOBleOBhOOAgjx0YWJsZSB3aWR0aD0iNzMwIiBib3JkZXI9IjAiIGFsaWduPSJjZW50ZXIiIGNlbGxzcGFjaW5nPSI1Ij4KICA8dHI+CiAgICA8dGQ+PGRpdiBhbGlnbj0iY2VudGVyIj48aW1nIHNyYz0iaHR0cDovL2ltYWdlLnJha3V0ZW4uY28uanAvYXVjLWN5Y2xlLXBhcnRzL2NhYmluZXQvYmFuYS1nYXpvdS9ibi1zby5qcGciIGFsdD0iYWEiIHdpZHRoPSIxMTIiIGJvcmRlcj0iMCI+PC9kaXY+PC90ZD4KICAgIDx0ZD48aW1nIHNyYz0iaHR0cDovL2ltYWdlLnJha3V0ZW4uY28uanAvYXVjLWN5Y2xlLXBhcnRzL2NhYmluZXQvYmFuYS1nYXpvdS9iZS1ib2xsZS5qcGciIHdpZHRoPSIxMTIiIGJvcmRlcj0iMCI+PC90ZD4KICAgIDx0ZD48aW1nIHNyYz0iaHR0cDovL2ltYWdlLnJha3V0ZW4uY28uanAvYXVjLWN5Y2xlLXBhcnRzL2NhYmluZXQvYmFuYS1nYXpvdS9ibi1hcXVhLmpwZyIgYWx0PSLjgqLjgq/jgqLjgrnjg5XjgqPjgqIiIHdpZHRoPSIxMTIiIGJvcmRlcj0iMCI+PC90ZD4KICAgIDx0ZD48aW1nIHNyYz0iaHR0cDovL2ltYWdlLnJha3V0ZW4uY28uanAvYXVjLWN5Y2xlLXBhcnRzL2NhYmluZXQvYmFuYS1nYXpvdS9ibi12aXQuanBnIiBhbHQ9IuODk+ODg+ODiOODquOCoiIgd2lkdGg9IjExMiIgYm9yZGVyPSIwIj48L3RkPgogICAgPHRkPjxpbWcgc3JjPSJodHRwOi8vaW1hZ2UucmFrdXRlbi5jby5qcC9hdWMtY3ljbGUtcGFydHMvY2FiaW5ldC9iYW5hLWdhem91L2JuLWZvb3QuanBnIiBhbHQ9IkZPT1RNQVgiIHdpZHRoPSIxMTIiIGJvcmRlcj0iMCI+PC90ZD4KICAgIDx0ZD48aW1nIHNyYz0iaHR0cDovL2ltYWdlLnJha3V0ZW4uY28uanAvYXVjLWN5Y2xlLXBhcnRzL2NhYmluZXQvYmFuYS1nYXpvdS9ibi1uZXdvbi5qcGciIGFsdD0ibmV3dG9uIiB3aWR0aD0iMTEyIiBib3JkZXI9IjAiPjwvdGQ+CiAgPC90cj4KICA8dHI+CiAgICA8dGQ+PGltZyBzcmM9Imh0dHA6Ly9pbWFnZS5yYWt1dGVuLmNvLmpwL2F1Yy1jeWNsZS1wYXJ0cy9jYWJpbmV0L2JhbmEtZ2F6b3UvYm4tc2hpbWFub2FjLmpwZyIgYWx0PSIiIHdpZHRoPSIxMTIiIGJvcmRlcj0iMCI+PC90ZD4KICAgIDx0ZD48aW1nIHNyYz0iaHR0cDovL2ltYWdlLnJha3V0ZW4uY28uanAvYXVjLWN5Y2xlLXBhcnRzL2NhYmluZXQvYmFuYS1nYXpvdS9ibi1hc2ctY20tMTQuanBnIiBhbHQ9IiIgd2lkdGg9IjExMiIgYm9yZGVyPSIwIj48L3RkPgogICAgPHRkPjxpbWcgc3JjPSJodHRwOi8vaW1hZ2UucmFrdXRlbi5jby5qcC9hdWMtY3ljbGUtcGFydHMvY2FiaW5ldC9iYW5hLWdhem91L2JuLXN3ZXcuanBnIiBhbHQ9IuOCt+ODnuODjuOCteODs+OCsOODqeOCuSIgd2lkdGg9IjExMiIgYm9yZGVyPSIwIj48L3RkPgogICAgPHRkPjxpbWcgc3JjPSJodHRwOi8vaW1hZ2UucmFrdXRlbi5jby5qcC9hdWMtY3ljbGUtcGFydHMvY2FiaW5ldC9iYW5hLWdhem91L2JuLXNoaW1hbm9zYWRvbGxlLmpwZyIgYWx0PSIiIHdpZHRoPSIxMTIiIGJvcmRlcj0iMCI+PC90ZD4KICAgIDx0ZD48aW1nIHNyYz0iaHR0cDovL2ltYWdlLnJha3V0ZW4uY28uanAvYXVjLWN5Y2xlLXBhcnRzL2NhYmluZXQvYmFuYS1nYXpvdS9ibi1zaGltYW5vaGFuZG9sbGUuanBnIiBhbHQ9IiIgd2lkdGg9IjExMiIgYm9yZGVyPSIwIj48L3RkPgogICAgPHRkPjxpbWcgc3JjPSJodHRwOi8vaW1hZ2UucmFrdXRlbi5jby5qcC9hdWMtY3ljbGUtcGFydHMvY2FiaW5ldC9iYW5hLWdhem91L2JuLXNoaW1hbm9ib3R0bGUuanBnIiB3aWR0aD0iMTEyIiBib3JkZXI9IjAiPjwvdGQ+CiAgPC90cj4KPC90YWJsZT4KPGJyPgoKPCEtLeWVhuWTgeihqOekujHjgZPjgZPjgYvjgoktLT4KCjwhLS3jgr/jgqTjg4jjg6sx44GT44GT44GL44KJLS0+Cjxicj4KPGI+PGZvbnQgY29sb3I9IiM3RTdDN0MiIGZhY2U9IuODoeOCpOODquOCqiI+UElDS1VQIElURU08L2ZvbnQ+PC9iPjxicj4KCgo8IS0t44K/44Kk44OI44OrMeOBk+OBk+OBvuOBpy0tPgoKCjxicj4KPGJyPgoKPCEtLeWVhuWTgeihqOekujHjgZPjgZPjgb7jgactLT4KCjwhLS3llYblk4HooajnpLoy44GT44GT44GL44KJLS0+Cgo8IS0t44K/44Kk44OI44OrMuOBk+OBk+OBi+OCiS0tPgo8YnI+CjxiPjxmb250IGNvbG9yPSIjN0U3QzdDIiBmYWNlPSLjg6HjgqTjg6rjgqoiPlBJQ0tVUCBJVEVNPC9mb250PjwvYj48YnI+CgoKPCEtLeOCv+OCpOODiOODqzLjgZPjgZPjgb7jgactLT4KCgoKPGJyPgo8YnI+Cgo8IS0t5ZWG5ZOB6KGo56S6MuOBk+OBk+OBvuOBpy0tPgoKPCEtLeWVhuWTgeihqOekujPjgZPjgZPjgYvjgoktLT4KCjwhLS3jgr/jgqTjg4jjg6sz44GT44GT44GL44KJLS0+Cjxicj4KPGI+PGZvbnQgY29sb3I9IiM3RTdDN0MiIGZhY2U9IuODoeOCpOODquOCqiI+UElDS1VQIElURU08L2ZvbnQ+PC9iPjxicj4KCgo8IS0t44K/44Kk44OI44OrM+OBk+OBk+OBvuOBpy0tPgoKCgo8YnI+Cjxicj4KCjwhLS3llYblk4HooajnpLoz44GT44GT44G+44GnLS0+CgoKPGJyPgo8YnI+,KEdBUk1JTi/jgqzjg7zjg5/jg7Mp44K544Od44O844OE44Km44Kp44OD44OBIOOCouOCr+OCu+OCteODqiDjgq/jgqTjg4Pjgq/jg6rjg6rjg7zjgrnjgq3jg4Pjg4hGQTkyMFhUSueUqO+8muOCteOCpOOCr+ODq+ODreODvOODiQ==,6Ieq6Lui6LuK44OR44O844OE44Ot44O844OJ44OR44O844OE6YCa6LKp44K144Kk44Kv44Or44Kr44OQ44O844OR44O844Or44Kk44K644OfU0hJTUFOT1BFQVJM44CASVpVTUnjg4/jg7Pjg4njg6vjg4Hjg6PjgqTjg6vjg4njgrfjg7zjg4jjg5jjg6vjg6Hjg4Pjg4jjgr/jgqTjg6Tjg4Hjg6Xjg7zjg5bjg5rjg4Djg6vjg5bjg6zjg7zjgq3nqbrmsJflhaXjgozjg6njgqTjg4jjg5DjgrnjgrHjg4Pjg4jjgrXjg4njg6vjg5bjg6rjg4Ljgrnjg4jjg7Pjgq/jg6njg7Pjgq8oR0FSTUlOL+OCrOODvOODn+ODsynjgrnjg53jg7zjg4Tjgqbjgqnjg4Pjg4Eg44Ki44Kv44K744K144OqIOOCr+OCpOODg+OCr+ODquODquODvOOCueOCreODg+ODiEZBOTIwWFRK55So,KEdBUk1JTi/jgqzjg7zjg5/jg7Mp44K544Od44O844OE44Km44Kp44OD44OBIOOCouOCr+OCu+OCteODqiDjgq/jgqTjg4Pjgq/jg6rjg6rjg7zjgrnjgq3jg4Pjg4hGQTkyMFhUSueUqA==[rn]
2-78705,aHR0cDovL3RzaG9wLnIxMHMuanAvYXVjLWN5Y2xlLXBhcnRzL2NhYmluZXQvaW1nMjIvZ2FjYy0xNzAzLTI4LmpwZz9maXRpbj03MDA6NzAw,MTE5MDAuMDAwMA==,,44K544Od44O844OE44O744Ki44Km44OI44OJ44KiID4g6Ieq6Lui6LuK44O744K144Kk44Kv44Oq44Oz44KwID4g6Ieq6Lui6LuK55So44Ki44Kv44K744K144Oq44O8ID4g44K144Kk44Kv44Or44Kz44Oz44OU44Ol44O844K/44O8,KEdBUk1JTi/jgqzjg7zjg5/jg7MpRWRnZeeUqCDjgqLjgq/jgrvjgrXjg6og5pel5pys55m75bGx5Zyw5b2i5ZuzKFRPUE8xME0gUGx1c1YzKW1pY3JvU0TniYg=,,4peP5ZWG5ZOB5qaC6KaB77ya5pel5pys55m75bGx5Zyw5b2i5Zuz77yIVE9QTzEwTSBQbHVz77yJVjPjga/jgIHmmK3mlofnpL7jgYzmlbTlgpnjgZfjgZ/jgIzlsbHjgajpq5jljp/lnLDlm7PjgI3jgpLjg5njg7zjgrnjgavjgIHjgZXjgonjgavlm73lnJ/lnLDnkIbpmaIy5LiHNeWNg+WIhuOBrjHlnLDlvaLlm7PjgpLov73liqDlj47pjLLjgILml6XmnKzlhajlnJ/jgavmuKHjgooxMG3plpPpmpTjga7nrYnpq5jnt5rjgpLlj47pjLLjgZfjgZ/jg4fjgrjjgr/jg6vjg4fjg7zjgr/ljJbjgZXjgozjgZ/lnLDlvaLlm7PjgafjgZnjgII8QlI+44Ks44O844Of44Oz56S+6KO95pel5pys54mIR1BT5bCC55So44Gu5Zyw5Zuz44OH44O844K/44Gr44Gq44KK44G+44GZ44CCPGJyPuKXj+ODoeODvOOCq+ODvOWQje+8mkdBUk1JTi/jgqzjg7zjg5/jg7M8YnI+4peP4oC75ZWG5ZOB44Gu44OH44K244Kk44Oz44CB5LuV5qeY44CB5aSW6Kaz44CB44Gv5LqI5ZGK44Gq44GP5aSJ5pu044GZ44KL5aC05ZCI44GM44GC44KK44G+44GZ44Gu44Gn44GU5LqG5om/44GP44Gg44GV44GE44CCPHRhYmxlIHdpZHRoPSI3MzAiIGJvcmRlcj0iMCIgYWxpZ249ImNlbnRlciIgY2VsbHNwYWNpbmc9IjUiPgogIDx0cj4KICAgIDx0ZD48ZGl2IGFsaWduPSJjZW50ZXIiPjxpbWcgc3JjPSJodHRwOi8vaW1hZ2UucmFrdXRlbi5jby5qcC9hdWMtY3ljbGUtcGFydHMvY2FiaW5ldC9iYW5hLWdhem91L2JuLXNvLmpwZyIgYWx0PSJhYSIgd2lkdGg9IjExMiIgYm9yZGVyPSIwIj48L2Rpdj48L3RkPgogICAgPHRkPjxpbWcgc3JjPSJodHRwOi8vaW1hZ2UucmFrdXRlbi5jby5qcC9hdWMtY3ljbGUtcGFydHMvY2FiaW5ldC9iYW5hLWdhem91L2JlLWJvbGxlLmpwZyIgd2lkdGg9IjExMiIgYm9yZGVyPSIwIj48L3RkPgogICAgPHRkPjxpbWcgc3JjPSJodHRwOi8vaW1hZ2UucmFrdXRlbi5jby5qcC9hdWMtY3ljbGUtcGFydHMvY2FiaW5ldC9iYW5hLWdhem91L2JuLWFxdWEuanBnIiBhbHQ9IuOCouOCr+OCouOCueODleOCo+OCoiIgd2lkdGg9IjExMiIgYm9yZGVyPSIwIj48L3RkPgogICAgPHRkPjxpbWcgc3JjPSJodHRwOi8vaW1hZ2UucmFrdXRlbi5jby5qcC9hdWMtY3ljbGUtcGFydHMvY2FiaW5ldC9iYW5hLWdhem91L2JuLXZpdC5qcGciIGFsdD0i44OT44OD44OI44Oq44KiIiB3aWR0aD0iMTEyIiBib3JkZXI9IjAiPjwvdGQ+CiAgICA8dGQ+PGltZyBzcmM9Imh0dHA6Ly9pbWFnZS5yYWt1dGVuLmNvLmpwL2F1Yy1jeWNsZS1wYXJ0cy9jYWJpbmV0L2JhbmEtZ2F6b3UvYm4tZm9vdC5qcGciIGFsdD0iRk9PVE1BWCIgd2lkdGg9IjExMiIgYm9yZGVyPSIwIj48L3RkPgogICAgPHRkPjxpbWcgc3JjPSJodHRwOi8vaW1hZ2UucmFrdXRlbi5jby5qcC9hdWMtY3ljbGUtcGFydHMvY2FiaW5ldC9iYW5hLWdhem91L2JuLW5ld29uLmpwZyIgYWx0PSJuZXd0b24iIHdpZHRoPSIxMTIiIGJvcmRlcj0iMCI+PC90ZD4KICA8L3RyPgogIDx0cj4KICAgIDx0ZD48aW1nIHNyYz0iaHR0cDovL2ltYWdlLnJha3V0ZW4uY28uanAvYXVjLWN5Y2xlLXBhcnRzL2NhYmluZXQvYmFuYS1nYXpvdS9ibi1zaGltYW5vYWMuanBnIiBhbHQ9IiIgd2lkdGg9IjExMiIgYm9yZGVyPSIwIj48L3RkPgogICAgPHRkPjxpbWcgc3JjPSJodHRwOi8vaW1hZ2UucmFrdXRlbi5jby5qcC9hdWMtY3ljbGUtcGFydHMvY2FiaW5ldC9iYW5hLWdhem91L2JuLWFzZy1jbS0xNC5qcGciIGFsdD0iIiB3aWR0aD0iMTEyIiBib3JkZXI9IjAiPjwvdGQ+CiAgICA8dGQ+PGltZyBzcmM9Imh0dHA6Ly9pbWFnZS5yYWt1dGVuLmNvLmpwL2F1Yy1jeWNsZS1wYXJ0cy9jYWJpbmV0L2JhbmEtZ2F6b3UvYm4tc3dldy5qcGciIGFsdD0i44K344Oe44OO44K144Oz44Kw44Op44K5IiB3aWR0aD0iMTEyIiBib3JkZXI9IjAiPjwvdGQ+CiAgICA8dGQ+PGltZyBzcmM9Imh0dHA6Ly9pbWFnZS5yYWt1dGVuLmNvLmpwL2F1Yy1jeWNsZS1wYXJ0cy9jYWJpbmV0L2JhbmEtZ2F6b3UvYm4tc2hpbWFub3NhZG9sbGUuanBnIiBhbHQ9IiIgd2lkdGg9IjExMiIgYm9yZGVyPSIwIj48L3RkPgogICAgPHRkPjxpbWcgc3JjPSJodHRwOi8vaW1hZ2UucmFrdXRlbi5jby5qcC9hdWMtY3ljbGUtcGFydHMvY2FiaW5ldC9iYW5hLWdhem91L2JuLXNoaW1hbm9oYW5kb2xsZS5qcGciIGFsdD0iIiB3aWR0aD0iMTEyIiBib3JkZXI9IjAiPjwvdGQ+CiAgICA8dGQ+PGltZyBzcmM9Imh0dHA6Ly9pbWFnZS5yYWt1dGVuLmNvLmpwL2F1Yy1jeWNsZS1wYXJ0cy9jYWJpbmV0L2JhbmEtZ2F6b3UvYm4tc2hpbWFub2JvdHRsZS5qcGciIHdpZHRoPSIxMTIiIGJvcmRlcj0iMCI+PC90ZD4KICA8L3RyPgo8L3RhYmxlPgo8YnI+Cgo8IS0t5ZWG5ZOB6KGo56S6MeOBk+OBk+OBi+OCiS0tPgoKPCEtLeOCv+OCpOODiOODqzHjgZPjgZPjgYvjgoktLT4KPGJyPgo8Yj48Zm9udCBjb2xvcj0iIzdFN0M3QyIgZmFjZT0i44Oh44Kk44Oq44KqIj5QSUNLVVAgSVRFTTwvZm9udD48L2I+PGJyPgoKCjwhLS3jgr/jgqTjg4jjg6sx44GT44GT44G+44GnLS0+CgoKPGJyPgo8YnI+Cgo8IS0t5ZWG5ZOB6KGo56S6MeOBk+OBk+OBvuOBpy0tPgoKPCEtLeWVhuWTgeihqOekujLjgZPjgZPjgYvjgoktLT4KCjwhLS3jgr/jgqTjg4jjg6sy44GT44GT44GL44KJLS0+Cjxicj4KPGI+PGZvbnQgY29sb3I9IiM3RTdDN0MiIGZhY2U9IuODoeOCpOODquOCqiI+UElDS1VQIElURU08L2ZvbnQ+PC9iPjxicj4KCgo8IS0t44K/44Kk44OI44OrMuOBk+OBk+OBvuOBpy0tPgoKCgo8YnI+Cjxicj4KCjwhLS3llYblk4HooajnpLoy44GT44GT44G+44GnLS0+Cgo8IS0t5ZWG5ZOB6KGo56S6M+OBk+OBk+OBi+OCiS0tPgoKPCEtLeOCv+OCpOODiOODqzPjgZPjgZPjgYvjgoktLT4KPGJyPgo8Yj48Zm9udCBjb2xvcj0iIzdFN0M3QyIgZmFjZT0i44Oh44Kk44Oq44KqIj5QSUNLVVAgSVRFTTwvZm9udD48L2I+PGJyPgoKCjwhLS3jgr/jgqTjg4jjg6sz44GT44GT44G+44GnLS0+CgoKCjxicj4KPGJyPgoKPCEtLeWVhuWTgeihqOekujPjgZPjgZPjgb7jgactLT4KCgo8YnI+Cjxicj4=,KEdBUk1JTi/jgqzjg7zjg5/jg7MpRWRnZeeUqCDjgqLjgq/jgrvjgrXjg6og5pel5pys55m75bGx5Zyw5b2i5ZuzKFRPUE8xME0gUGx1c1YzKW1pY3JvU0TniYjvvJrjgrXjgqTjgq/jg6vjg63jg7zjg4k=,6Ieq6Lui6LuK44OR44O844OE44Ot44O844OJ44OR44O844OE6YCa6LKp44K144Kk44Kv44Or44Kr44OQ44O844OR44O844Or44Kk44K644OfU0hJTUFOT1BFQVJM44CASVpVTUnjg4/jg7Pjg4njg6vjg4Hjg6PjgqTjg6vjg4njgrfjg7zjg4jjg5jjg6vjg6Hjg4Pjg4jjgr/jgqTjg6Tjg4Hjg6Xjg7zjg5bjg5rjg4Djg6vjg5bjg6zjg7zjgq3nqbrmsJflhaXjgozjg6njgqTjg4jjg5DjgrnjgrHjg4Pjg4jjgrXjg4njg6vjg5bjg6rjg4Ljgrnjg4jjg7Pjgq/jg6njg7Pjgq8oR0FSTUlOL+OCrOODvOODn+ODsylFZGdl55SoIOOCouOCr+OCu+OCteODqiDml6XmnKznmbvlsbHlnLDlvaLlm7MoVE9QTzEwTSBQbHVzVjMpbWljcm9TROeJiA==,KEdBUk1JTi/jgqzjg7zjg5/jg7MpRWRnZeeUqCDjgqLjgq/jgrvjgrXjg6og5pel5pys55m75bGx5Zyw5b2i5ZuzKFRPUE8xME0gUGx1c1YzKW1pY3JvU0TniYg=[rn]
2-78706,aHR0cDovL3RzaG9wLnIxMHMuanAvYXVjLWN5Y2xlLXBhcnRzL2NhYmluZXQvaW1nMjIvZ2FjYy0xNzAzLTExMS5qcGc/Zml0aW49NzAwOjcwMA==,MjM4MC4wMDAw,,44K544Od44O844OE44O744Ki44Km44OI44OJ44KiID4g6Ieq6Lui6LuK44O744K144Kk44Kv44Oq44Oz44KwID4g6Ieq6Lui6LuK55So44Ki44Kv44K744K144Oq44O8ID4g44K144Kk44Kv44Or44Kz44Oz44OU44Ol44O844K/44O8,KEdBUk1JTi/jgqzjg7zjg5/jg7Mp6Zu75rqQ55u057WQ44Kx44O844OW44Or77yIWEXnlKjvvIk=,,4peP5ZWG5ZOB5qaC6KaB77ya6Ieq5YuV6LuK44Gu44K344Ks44O86Zu75rqQ44KSVVNC44OQ44K544OR44Ov44O844Gr5aSJ5o+b44GX44CBVklSQi1KIFhF44G46Zu75rqQ5L6b57Wm44GZ44KL5LqL44GM5Y+v6IO944Gn44GZ44CCPEJSPuOBk+OBruOCseODvOODluODq+OCkuS9v+eUqOOBmeOCi+OBq+OBr+OCs+ODs+ODnOOCseODvOODluODqyhYReeUqCnjgYzliKXpgJTlv4XopoHjgafjgZnjgII8YnI+4peP44Oh44O844Kr44O85ZCN77yaR0FSTUlOL+OCrOODvOODn+ODszxicj7il4/igLvllYblk4Hjga7jg4fjgrbjgqTjg7PjgIHku5Xmp5jjgIHlpJboprPjgIHjga/kuojlkYrjgarjgY/lpInmm7TjgZnjgovloLTlkIjjgYzjgYLjgorjgb7jgZnjga7jgafjgZTkuobmib/jgY/jgaDjgZXjgYTjgII8dGFibGUgd2lkdGg9IjczMCIgYm9yZGVyPSIwIiBhbGlnbj0iY2VudGVyIiBjZWxsc3BhY2luZz0iNSI+CiAgPHRyPgogICAgPHRkPjxkaXYgYWxpZ249ImNlbnRlciI+PGltZyBzcmM9Imh0dHA6Ly9pbWFnZS5yYWt1dGVuLmNvLmpwL2F1Yy1jeWNsZS1wYXJ0cy9jYWJpbmV0L2JhbmEtZ2F6b3UvYm4tc28uanBnIiBhbHQ9ImFhIiB3aWR0aD0iMTEyIiBib3JkZXI9IjAiPjwvZGl2PjwvdGQ+CiAgICA8dGQ+PGltZyBzcmM9Imh0dHA6Ly9pbWFnZS5yYWt1dGVuLmNvLmpwL2F1Yy1jeWNsZS1wYXJ0cy9jYWJpbmV0L2JhbmEtZ2F6b3UvYmUtYm9sbGUuanBnIiB3aWR0aD0iMTEyIiBib3JkZXI9IjAiPjwvdGQ+CiAgICA8dGQ+PGltZyBzcmM9Imh0dHA6Ly9pbWFnZS5yYWt1dGVuLmNvLmpwL2F1Yy1jeWNsZS1wYXJ0cy9jYWJpbmV0L2JhbmEtZ2F6b3UvYm4tYXF1YS5qcGciIGFsdD0i44Ki44Kv44Ki44K544OV44Kj44KiIiB3aWR0aD0iMTEyIiBib3JkZXI9IjAiPjwvdGQ+CiAgICA8dGQ+PGltZyBzcmM9Imh0dHA6Ly9pbWFnZS5yYWt1dGVuLmNvLmpwL2F1Yy1jeWNsZS1wYXJ0cy9jYWJpbmV0L2JhbmEtZ2F6b3UvYm4tdml0LmpwZyIgYWx0PSLjg5Pjg4Pjg4jjg6rjgqIiIHdpZHRoPSIxMTIiIGJvcmRlcj0iMCI+PC90ZD4KICAgIDx0ZD48aW1nIHNyYz0iaHR0cDovL2ltYWdlLnJha3V0ZW4uY28uanAvYXVjLWN5Y2xlLXBhcnRzL2NhYmluZXQvYmFuYS1nYXpvdS9ibi1mb290LmpwZyIgYWx0PSJGT09UTUFYIiB3aWR0aD0iMTEyIiBib3JkZXI9IjAiPjwvdGQ+CiAgICA8dGQ+PGltZyBzcmM9Imh0dHA6Ly9pbWFnZS5yYWt1dGVuLmNvLmpwL2F1Yy1jeWNsZS1wYXJ0cy9jYWJpbmV0L2JhbmEtZ2F6b3UvYm4tbmV3b24uanBnIiBhbHQ9Im5ld3RvbiIgd2lkdGg9IjExMiIgYm9yZGVyPSIwIj48L3RkPgogIDwvdHI+CiAgPHRyPgogICAgPHRkPjxpbWcgc3JjPSJodHRwOi8vaW1hZ2UucmFrdXRlbi5jby5qcC9hdWMtY3ljbGUtcGFydHMvY2FiaW5ldC9iYW5hLWdhem91L2JuLXNoaW1hbm9hYy5qcGciIGFsdD0iIiB3aWR0aD0iMTEyIiBib3JkZXI9IjAiPjwvdGQ+CiAgICA8dGQ+PGltZyBzcmM9Imh0dHA6Ly9pbWFnZS5yYWt1dGVuLmNvLmpwL2F1Yy1jeWNsZS1wYXJ0cy9jYWJpbmV0L2JhbmEtZ2F6b3UvYm4tYXNnLWNtLTE0LmpwZyIgYWx0PSIiIHdpZHRoPSIxMTIiIGJvcmRlcj0iMCI+PC90ZD4KICAgIDx0ZD48aW1nIHNyYz0iaHR0cDovL2ltYWdlLnJha3V0ZW4uY28uanAvYXVjLWN5Y2xlLXBhcnRzL2NhYmluZXQvYmFuYS1nYXpvdS9ibi1zd2V3LmpwZyIgYWx0PSLjgrfjg57jg47jgrXjg7PjgrDjg6njgrkiIHdpZHRoPSIxMTIiIGJvcmRlcj0iMCI+PC90ZD4KICAgIDx0ZD48aW1nIHNyYz0iaHR0cDovL2ltYWdlLnJha3V0ZW4uY28uanAvYXVjLWN5Y2xlLXBhcnRzL2NhYmluZXQvYmFuYS1nYXpvdS9ibi1zaGltYW5vc2Fkb2xsZS5qcGciIGFsdD0iIiB3aWR0aD0iMTEyIiBib3JkZXI9IjAiPjwvdGQ+CiAgICA8dGQ+PGltZyBzcmM9Imh0dHA6Ly9pbWFnZS5yYWt1dGVuLmNvLmpwL2F1Yy1jeWNsZS1wYXJ0cy9jYWJpbmV0L2JhbmEtZ2F6b3UvYm4tc2hpbWFub2hhbmRvbGxlLmpwZyIgYWx0PSIiIHdpZHRoPSIxMTIiIGJvcmRlcj0iMCI+PC90ZD4KICAgIDx0ZD48aW1nIHNyYz0iaHR0cDovL2ltYWdlLnJha3V0ZW4uY28uanAvYXVjLWN5Y2xlLXBhcnRzL2NhYmluZXQvYmFuYS1nYXpvdS9ibi1zaGltYW5vYm90dGxlLmpwZyIgd2lkdGg9IjExMiIgYm9yZGVyPSIwIj48L3RkPgogIDwvdHI+CjwvdGFibGU+Cjxicj4KCjwhLS3llYblk4HooajnpLox44GT44GT44GL44KJLS0+Cgo8IS0t44K/44Kk44OI44OrMeOBk+OBk+OBi+OCiS0tPgo8YnI+CjxiPjxmb250IGNvbG9yPSIjN0U3QzdDIiBmYWNlPSLjg6HjgqTjg6rjgqoiPlBJQ0tVUCBJVEVNPC9mb250PjwvYj48YnI+CgoKPCEtLeOCv+OCpOODiOODqzHjgZPjgZPjgb7jgactLT4KCgo8YnI+Cjxicj4KCjwhLS3llYblk4HooajnpLox44GT44GT44G+44GnLS0+Cgo8IS0t5ZWG5ZOB6KGo56S6MuOBk+OBk+OBi+OCiS0tPgoKPCEtLeOCv+OCpOODiOODqzLjgZPjgZPjgYvjgoktLT4KPGJyPgo8Yj48Zm9udCBjb2xvcj0iIzdFN0M3QyIgZmFjZT0i44Oh44Kk44Oq44KqIj5QSUNLVVAgSVRFTTwvZm9udD48L2I+PGJyPgoKCjwhLS3jgr/jgqTjg4jjg6sy44GT44GT44G+44GnLS0+CgoKCjxicj4KPGJyPgoKPCEtLeWVhuWTgeihqOekujLjgZPjgZPjgb7jgactLT4KCjwhLS3llYblk4HooajnpLoz44GT44GT44GL44KJLS0+Cgo8IS0t44K/44Kk44OI44OrM+OBk+OBk+OBi+OCiS0tPgo8YnI+CjxiPjxmb250IGNvbG9yPSIjN0U3QzdDIiBmYWNlPSLjg6HjgqTjg6rjgqoiPlBJQ0tVUCBJVEVNPC9mb250PjwvYj48YnI+CgoKPCEtLeOCv+OCpOODiOODqzPjgZPjgZPjgb7jgactLT4KCgoKPGJyPgo8YnI+Cgo8IS0t5ZWG5ZOB6KGo56S6M+OBk+OBk+OBvuOBpy0tPgoKCjxicj4KPGJyPg==,KEdBUk1JTi/jgqzjg7zjg5/jg7Mp6Zu75rqQ55u057WQ44Kx44O844OW44Or77yIWEXnlKjvvInvvJrjgrXjgqTjgq/jg6vjg63jg7zjg4k=,6Ieq6Lui6LuK44OR44O844OE44Ot44O844OJ44OR44O844OE6YCa6LKp44K144Kk44Kv44Or44Kr44OQ44O844OR44O844Or44Kk44K644OfU0hJTUFOT1BFQVJM44CASVpVTUnjg4/jg7Pjg4njg6vjg4Hjg6PjgqTjg6vjg4njgrfjg7zjg4jjg5jjg6vjg6Hjg4Pjg4jjgr/jgqTjg6Tjg4Hjg6Xjg7zjg5bjg5rjg4Djg6vjg5bjg6zjg7zjgq3nqbrmsJflhaXjgozjg6njgqTjg4jjg5DjgrnjgrHjg4Pjg4jjgrXjg4njg6vjg5bjg6rjg4Ljgrnjg4jjg7Pjgq/jg6njg7Pjgq8oR0FSTUlOL+OCrOODvOODn+ODsynpm7vmupDnm7TntZDjgrHjg7zjg5bjg6vvvIhYReeUqO+8iQ==,KEdBUk1JTi/jgqzjg7zjg5/jg7Mp6Zu75rqQ55u057WQ44Kx44O844OW44Or77yIWEXnlKjvvIk=[rn]
2-78707,aHR0cDovL3RzaG9wLnIxMHMuanAvYXVjLWN5Y2xlLXBhcnRzL2NhYmluZXQvaW1nMjIvZ2FjYy0xNzAzLTUwLmpwZz9maXRpbj03MDA6NzAw,MTY4MC4wMDAw,,44K544Od44O844OE44O744Ki44Km44OI44OJ44KiID4g6Ieq6Lui6LuK44O744K144Kk44Kv44Oq44Oz44KwID4g6Ieq6Lui6LuK55So44Ki44Kv44K744K144Oq44O8ID4g44K144Kk44Kv44Or44Kz44Oz44OU44Ol44O844K/44O8,KEdBUk1JTi/jgqzjg7zjg5/jg7Mp44K544Od44O844OE44Km44Kp44OD44OBIOOCouOCr+OCu+OCteODqiDjg4/jg7Pjg4njg6vjg5Djg7zjg57jgqbjg7Pjg4jjg5bjg6njgrHjg4Pjg4g=,,4peP5ZWG5ZOB5qaC6KaB77ya6Ieq6Lui6LuK44Gu44OP44Oz44OJ44Or44OQ44O844Gr6KOF552A44GZ44KL5aC05ZCI44Gr5L2/55So44GX44G+44GZ44CCPEJSPuODluODqeOCseODg+ODiOacrOS9k+OBjOODqeODkOODvOOBp+WHuuadpeOBpuOBhOOCi+OBn+OCgeOAgeWkquebruOBruODkOODvOOBq+OCguWvvuW/nOOBl+OBvuOBmeOAgjxicj7il4/jg6Hjg7zjgqvjg7zlkI3vvJpHQVJNSU4v44Ks44O844Of44OzPGJyPuKXj+KAu+WVhuWTgeOBruODh+OCtuOCpOODs+OAgeS7leanmOOAgeWkluims+OAgeOBr+S6iOWRiuOBquOBj+WkieabtOOBmeOCi+WgtOWQiOOBjOOBguOCiuOBvuOBmeOBruOBp+OBlOS6huaJv+OBj+OBoOOBleOBhOOAgjx0YWJsZSB3aWR0aD0iNzMwIiBib3JkZXI9IjAiIGFsaWduPSJjZW50ZXIiIGNlbGxzcGFjaW5nPSI1Ij4KICA8dHI+CiAgICA8dGQ+PGRpdiBhbGlnbj0iY2VudGVyIj48aW1nIHNyYz0iaHR0cDovL2ltYWdlLnJha3V0ZW4uY28uanAvYXVjLWN5Y2xlLXBhcnRzL2NhYmluZXQvYmFuYS1nYXpvdS9ibi1zby5qcGciIGFsdD0iYWEiIHdpZHRoPSIxMTIiIGJvcmRlcj0iMCI+PC9kaXY+PC90ZD4KICAgIDx0ZD48aW1nIHNyYz0iaHR0cDovL2ltYWdlLnJha3V0ZW4uY28uanAvYXVjLWN5Y2xlLXBhcnRzL2NhYmluZXQvYmFuYS1nYXpvdS9iZS1ib2xsZS5qcGciIHdpZHRoPSIxMTIiIGJvcmRlcj0iMCI+PC90ZD4KICAgIDx0ZD48aW1nIHNyYz0iaHR0cDovL2ltYWdlLnJha3V0ZW4uY28uanAvYXVjLWN5Y2xlLXBhcnRzL2NhYmluZXQvYmFuYS1nYXpvdS9ibi1hcXVhLmpwZyIgYWx0PSLjgqLjgq/jgqLjgrnjg5XjgqPjgqIiIHdpZHRoPSIxMTIiIGJvcmRlcj0iMCI+PC90ZD4KICAgIDx0ZD48aW1nIHNyYz0iaHR0cDovL2ltYWdlLnJha3V0ZW4uY28uanAvYXVjLWN5Y2xlLXBhcnRzL2NhYmluZXQvYmFuYS1nYXpvdS9ibi12aXQuanBnIiBhbHQ9IuODk+ODg+ODiOODquOCoiIgd2lkdGg9IjExMiIgYm9yZGVyPSIwIj48L3RkPgogICAgPHRkPjxpbWcgc3JjPSJodHRwOi8vaW1hZ2UucmFrdXRlbi5jby5qcC9hdWMtY3ljbGUtcGFydHMvY2FiaW5ldC9iYW5hLWdhem91L2JuLWZvb3QuanBnIiBhbHQ9IkZPT1RNQVgiIHdpZHRoPSIxMTIiIGJvcmRlcj0iMCI+PC90ZD4KICAgIDx0ZD48aW1nIHNyYz0iaHR0cDovL2ltYWdlLnJha3V0ZW4uY28uanAvYXVjLWN5Y2xlLXBhcnRzL2NhYmluZXQvYmFuYS1nYXpvdS9ibi1uZXdvbi5qcGciIGFsdD0ibmV3dG9uIiB3aWR0aD0iMTEyIiBib3JkZXI9IjAiPjwvdGQ+CiAgPC90cj4KICA8dHI+CiAgICA8dGQ+PGltZyBzcmM9Imh0dHA6Ly9pbWFnZS5yYWt1dGVuLmNvLmpwL2F1Yy1jeWNsZS1wYXJ0cy9jYWJpbmV0L2JhbmEtZ2F6b3UvYm4tc2hpbWFub2FjLmpwZyIgYWx0PSIiIHdpZHRoPSIxMTIiIGJvcmRlcj0iMCI+PC90ZD4KICAgIDx0ZD48aW1nIHNyYz0iaHR0cDovL2ltYWdlLnJha3V0ZW4uY28uanAvYXVjLWN5Y2xlLXBhcnRzL2NhYmluZXQvYmFuYS1nYXpvdS9ibi1hc2ctY20tMTQuanBnIiBhbHQ9IiIgd2lkdGg9IjExMiIgYm9yZGVyPSIwIj48L3RkPgogICAgPHRkPjxpbWcgc3JjPSJodHRwOi8vaW1hZ2UucmFrdXRlbi5jby5qcC9hdWMtY3ljbGUtcGFydHMvY2FiaW5ldC9iYW5hLWdhem91L2JuLXN3ZXcuanBnIiBhbHQ9IuOCt+ODnuODjuOCteODs+OCsOODqeOCuSIgd2lkdGg9IjExMiIgYm9yZGVyPSIwIj48L3RkPgogICAgPHRkPjxpbWcgc3JjPSJodHRwOi8vaW1hZ2UucmFrdXRlbi5jby5qcC9hdWMtY3ljbGUtcGFydHMvY2FiaW5ldC9iYW5hLWdhem91L2JuLXNoaW1hbm9zYWRvbGxlLmpwZyIgYWx0PSIiIHdpZHRoPSIxMTIiIGJvcmRlcj0iMCI+PC90ZD4KICAgIDx0ZD48aW1nIHNyYz0iaHR0cDovL2ltYWdlLnJha3V0ZW4uY28uanAvYXVjLWN5Y2xlLXBhcnRzL2NhYmluZXQvYmFuYS1nYXpvdS9ibi1zaGltYW5vaGFuZG9sbGUuanBnIiBhbHQ9IiIgd2lkdGg9IjExMiIgYm9yZGVyPSIwIj48L3RkPgogICAgPHRkPjxpbWcgc3JjPSJodHRwOi8vaW1hZ2UucmFrdXRlbi5jby5qcC9hdWMtY3ljbGUtcGFydHMvY2FiaW5ldC9iYW5hLWdhem91L2JuLXNoaW1hbm9ib3R0bGUuanBnIiB3aWR0aD0iMTEyIiBib3JkZXI9IjAiPjwvdGQ+CiAgPC90cj4KPC90YWJsZT4KPGJyPgoKPCEtLeWVhuWTgeihqOekujHjgZPjgZPjgYvjgoktLT4KCjwhLS3jgr/jgqTjg4jjg6sx44GT44GT44GL44KJLS0+Cjxicj4KPGI+PGZvbnQgY29sb3I9IiM3RTdDN0MiIGZhY2U9IuODoeOCpOODquOCqiI+UElDS1VQIElURU08L2ZvbnQ+PC9iPjxicj4KCgo8IS0t44K/44Kk44OI44OrMeOBk+OBk+OBvuOBpy0tPgoKCjxicj4KPGJyPgoKPCEtLeWVhuWTgeihqOekujHjgZPjgZPjgb7jgactLT4KCjwhLS3llYblk4HooajnpLoy44GT44GT44GL44KJLS0+Cgo8IS0t44K/44Kk44OI44OrMuOBk+OBk+OBi+OCiS0tPgo8YnI+CjxiPjxmb250IGNvbG9yPSIjN0U3QzdDIiBmYWNlPSLjg6HjgqTjg6rjgqoiPlBJQ0tVUCBJVEVNPC9mb250PjwvYj48YnI+CgoKPCEtLeOCv+OCpOODiOODqzLjgZPjgZPjgb7jgactLT4KCgoKPGJyPgo8YnI+Cgo8IS0t5ZWG5ZOB6KGo56S6MuOBk+OBk+OBvuOBpy0tPgoKPCEtLeWVhuWTgeihqOekujPjgZPjgZPjgYvjgoktLT4KCjwhLS3jgr/jgqTjg4jjg6sz44GT44GT44GL44KJLS0+Cjxicj4KPGI+PGZvbnQgY29sb3I9IiM3RTdDN0MiIGZhY2U9IuODoeOCpOODquOCqiI+UElDS1VQIElURU08L2ZvbnQ+PC9iPjxicj4KCgo8IS0t44K/44Kk44OI44OrM+OBk+OBk+OBvuOBpy0tPgoKCgo8YnI+Cjxicj4KCjwhLS3llYblk4HooajnpLoz44GT44GT44G+44GnLS0+CgoKPGJyPgo8YnI+,KEdBUk1JTi/jgqzjg7zjg5/jg7Mp44K544Od44O844OE44Km44Kp44OD44OBIOOCouOCr+OCu+OCteODqiDjg4/jg7Pjg4njg6vjg5Djg7zjg57jgqbjg7Pjg4jjg5bjg6njgrHjg4Pjg4jvvJrjgrXjgqTjgq/jg6vjg63jg7zjg4k=,6Ieq6Lui6LuK44OR44O844OE44Ot44O844OJ44OR44O844OE6YCa6LKp44K144Kk44Kv44Or44Kr44OQ44O844OR44O844Or44Kk44K644OfU0hJTUFOT1BFQVJM44CASVpVTUnjg4/jg7Pjg4njg6vjg4Hjg6PjgqTjg6vjg4njgrfjg7zjg4jjg5jjg6vjg6Hjg4Pjg4jjgr/jgqTjg6Tjg4Hjg6Xjg7zjg5bjg5rjg4Djg6vjg5bjg6zjg7zjgq3nqbrmsJflhaXjgozjg6njgqTjg4jjg5DjgrnjgrHjg4Pjg4jjgrXjg4njg6vjg5bjg6rjg4Ljgrnjg4jjg7Pjgq/jg6njg7Pjgq8oR0FSTUlOL+OCrOODvOODn+ODsynjgrnjg53jg7zjg4Tjgqbjgqnjg4Pjg4Eg44Ki44Kv44K744K144OqIOODj+ODs+ODieODq+ODkOODvOODnuOCpuODs+ODiOODluODqeOCseODg+ODiA==,KEdBUk1JTi/jgqzjg7zjg5/jg7Mp44K544Od44O844OE44Km44Kp44OD44OBIOOCouOCr+OCu+OCteODqiDjg4/jg7Pjg4njg6vjg5Djg7zjg57jgqbjg7Pjg4jjg5bjg6njgrHjg4Pjg4g=[rn]
2-78708,aHR0cDovL3RzaG9wLnIxMHMuanAvYXVjLWN5Y2xlLXBhcnRzL2NhYmluZXQvaW1nMjIvZ2FjYy0xNzAzLTUyLmpwZz9maXRpbj03MDA6NzAw,MzQyOS42MDAw,,44K544Od44O844OE44O744Ki44Km44OI44OJ44KiID4g6Ieq6Lui6LuK44O744K144Kk44Kv44Oq44Oz44KwID4g6Ieq6Lui6LuK55So44Ki44Kv44K744K144Oq44O8ID4g44K144Kk44Kv44Or44Kz44Oz44OU44Ol44O844K/44O8,KEdBUk1JTi/jgqzjg7zjg5/jg7Mp44K544Od44O844OE44Km44Kp44OD44OBIOOCouOCr+OCu+OCteODqiDjg4Hjg6Pjg7zjgrjjg7PjgrDjgq/jg6rjg4Pjg5dGQXgzeC9TMjBK55So,,4peP5ZWG5ZOB5qaC6KaB77yaRm9yZUF0aGxldGUgeDN444K344Oq44O844K655So44KEQXBwcm9hY2hTMjDjga7jg4Hjg6Pjg7zjgrjjg7PjgrDjgq/jg6rjg4Pjg5fjgafjgZnjgII8QlI+56C05pCN44Gq44Gp44Gu5Luj5pu/44GI44Go44GX44Gm44GU5Yip55So5LiL44GV44GE44CCPGJyPuKXj+ODoeODvOOCq+ODvOWQje+8mkdBUk1JTi/jgqzjg7zjg5/jg7M8YnI+4peP4oC75ZWG5ZOB44Gu44OH44K244Kk44Oz44CB5LuV5qeY44CB5aSW6Kaz44CB44Gv5LqI5ZGK44Gq44GP5aSJ5pu044GZ44KL5aC05ZCI44GM44GC44KK44G+44GZ44Gu44Gn44GU5LqG5om/44GP44Gg44GV44GE44CCPHRhYmxlIHdpZHRoPSI3MzAiIGJvcmRlcj0iMCIgYWxpZ249ImNlbnRlciIgY2VsbHNwYWNpbmc9IjUiPgogIDx0cj4KICAgIDx0ZD48ZGl2IGFsaWduPSJjZW50ZXIiPjxpbWcgc3JjPSJodHRwOi8vaW1hZ2UucmFrdXRlbi5jby5qcC9hdWMtY3ljbGUtcGFydHMvY2FiaW5ldC9iYW5hLWdhem91L2JuLXNvLmpwZyIgYWx0PSJhYSIgd2lkdGg9IjExMiIgYm9yZGVyPSIwIj48L2Rpdj48L3RkPgogICAgPHRkPjxpbWcgc3JjPSJodHRwOi8vaW1hZ2UucmFrdXRlbi5jby5qcC9hdWMtY3ljbGUtcGFydHMvY2FiaW5ldC9iYW5hLWdhem91L2JlLWJvbGxlLmpwZyIgd2lkdGg9IjExMiIgYm9yZGVyPSIwIj48L3RkPgogICAgPHRkPjxpbWcgc3JjPSJodHRwOi8vaW1hZ2UucmFrdXRlbi5jby5qcC9hdWMtY3ljbGUtcGFydHMvY2FiaW5ldC9iYW5hLWdhem91L2JuLWFxdWEuanBnIiBhbHQ9IuOCouOCr+OCouOCueODleOCo+OCoiIgd2lkdGg9IjExMiIgYm9yZGVyPSIwIj48L3RkPgogICAgPHRkPjxpbWcgc3JjPSJodHRwOi8vaW1hZ2UucmFrdXRlbi5jby5qcC9hdWMtY3ljbGUtcGFydHMvY2FiaW5ldC9iYW5hLWdhem91L2JuLXZpdC5qcGciIGFsdD0i44OT44OD44OI44Oq44KiIiB3aWR0aD0iMTEyIiBib3JkZXI9IjAiPjwvdGQ+CiAgICA8dGQ+PGltZyBzcmM9Imh0dHA6Ly9pbWFnZS5yYWt1dGVuLmNvLmpwL2F1Yy1jeWNsZS1wYXJ0cy9jYWJpbmV0L2JhbmEtZ2F6b3UvYm4tZm9vdC5qcGciIGFsdD0iRk9PVE1BWCIgd2lkdGg9IjExMiIgYm9yZGVyPSIwIj48L3RkPgogICAgPHRkPjxpbWcgc3JjPSJodHRwOi8vaW1hZ2UucmFrdXRlbi5jby5qcC9hdWMtY3ljbGUtcGFydHMvY2FiaW5ldC9iYW5hLWdhem91L2JuLW5ld29uLmpwZyIgYWx0PSJuZXd0b24iIHdpZHRoPSIxMTIiIGJvcmRlcj0iMCI+PC90ZD4KICA8L3RyPgogIDx0cj4KICAgIDx0ZD48aW1nIHNyYz0iaHR0cDovL2ltYWdlLnJha3V0ZW4uY28uanAvYXVjLWN5Y2xlLXBhcnRzL2NhYmluZXQvYmFuYS1nYXpvdS9ibi1zaGltYW5vYWMuanBnIiBhbHQ9IiIgd2lkdGg9IjExMiIgYm9yZGVyPSIwIj48L3RkPgogICAgPHRkPjxpbWcgc3JjPSJodHRwOi8vaW1hZ2UucmFrdXRlbi5jby5qcC9hdWMtY3ljbGUtcGFydHMvY2FiaW5ldC9iYW5hLWdhem91L2JuLWFzZy1jbS0xNC5qcGciIGFsdD0iIiB3aWR0aD0iMTEyIiBib3JkZXI9IjAiPjwvdGQ+CiAgICA8dGQ+PGltZyBzcmM9Imh0dHA6Ly9pbWFnZS5yYWt1dGVuLmNvLmpwL2F1Yy1jeWNsZS1wYXJ0cy9jYWJpbmV0L2JhbmEtZ2F6b3UvYm4tc3dldy5qcGciIGFsdD0i44K344Oe44OO44K144Oz44Kw44Op44K5IiB3aWR0aD0iMTEyIiBib3JkZXI9IjAiPjwvdGQ+CiAgICA8dGQ+PGltZyBzcmM9Imh0dHA6Ly9pbWFnZS5yYWt1dGVuLmNvLmpwL2F1Yy1jeWNsZS1wYXJ0cy9jYWJpbmV0L2JhbmEtZ2F6b3UvYm4tc2hpbWFub3NhZG9sbGUuanBnIiBhbHQ9IiIgd2lkdGg9IjExMiIgYm9yZGVyPSIwIj48L3RkPgogICAgPHRkPjxpbWcgc3JjPSJodHRwOi8vaW1hZ2UucmFrdXRlbi5jby5qcC9hdWMtY3ljbGUtcGFydHMvY2FiaW5ldC9iYW5hLWdhem91L2JuLXNoaW1hbm9oYW5kb2xsZS5qcGciIGFsdD0iIiB3aWR0aD0iMTEyIiBib3JkZXI9IjAiPjwvdGQ+CiAgICA8dGQ+PGltZyBzcmM9Imh0dHA6Ly9pbWFnZS5yYWt1dGVuLmNvLmpwL2F1Yy1jeWNsZS1wYXJ0cy9jYWJpbmV0L2JhbmEtZ2F6b3UvYm4tc2hpbWFub2JvdHRsZS5qcGciIHdpZHRoPSIxMTIiIGJvcmRlcj0iMCI+PC90ZD4KICA8L3RyPgo8L3RhYmxlPgo8YnI+Cgo8IS0t5ZWG5ZOB6KGo56S6MeOBk+OBk+OBi+OCiS0tPgoKPCEtLeOCv+OCpOODiOODqzHjgZPjgZPjgYvjgoktLT4KPGJyPgo8Yj48Zm9udCBjb2xvcj0iIzdFN0M3QyIgZmFjZT0i44Oh44Kk44Oq44KqIj5QSUNLVVAgSVRFTTwvZm9udD48L2I+PGJyPgoKCjwhLS3jgr/jgqTjg4jjg6sx44GT44GT44G+44GnLS0+CgoKPGJyPgo8YnI+Cgo8IS0t5ZWG5ZOB6KGo56S6MeOBk+OBk+OBvuOBpy0tPgoKPCEtLeWVhuWTgeihqOekujLjgZPjgZPjgYvjgoktLT4KCjwhLS3jgr/jgqTjg4jjg6sy44GT44GT44GL44KJLS0+Cjxicj4KPGI+PGZvbnQgY29sb3I9IiM3RTdDN0MiIGZhY2U9IuODoeOCpOODquOCqiI+UElDS1VQIElURU08L2ZvbnQ+PC9iPjxicj4KCgo8IS0t44K/44Kk44OI44OrMuOBk+OBk+OBvuOBpy0tPgoKCgo8YnI+Cjxicj4KCjwhLS3llYblk4HooajnpLoy44GT44GT44G+44GnLS0+Cgo8IS0t5ZWG5ZOB6KGo56S6M+OBk+OBk+OBi+OCiS0tPgoKPCEtLeOCv+OCpOODiOODqzPjgZPjgZPjgYvjgoktLT4KPGJyPgo8Yj48Zm9udCBjb2xvcj0iIzdFN0M3QyIgZmFjZT0i44Oh44Kk44Oq44KqIj5QSUNLVVAgSVRFTTwvZm9udD48L2I+PGJyPgoKCjwhLS3jgr/jgqTjg4jjg6sz44GT44GT44G+44GnLS0+CgoKCjxicj4KPGJyPgoKPCEtLeWVhuWTgeihqOekujPjgZPjgZPjgb7jgactLT4KCgo8YnI+Cjxicj4=,KEdBUk1JTi/jgqzjg7zjg5/jg7Mp44K544Od44O844OE44Km44Kp44OD44OBIOOCouOCr+OCu+OCteODqiDjg4Hjg6Pjg7zjgrjjg7PjgrDjgq/jg6rjg4Pjg5dGQXgzeC9TMjBK55So77ya44K144Kk44Kv44Or44Ot44O844OJ,6Ieq6Lui6LuK44OR44O844OE44Ot44O844OJ44OR44O844OE6YCa6LKp44K144Kk44Kv44Or44Kr44OQ44O844OR44O844Or44Kk44K644OfU0hJTUFOT1BFQVJM44CASVpVTUnjg4/jg7Pjg4njg6vjg4Hjg6PjgqTjg6vjg4njgrfjg7zjg4jjg5jjg6vjg6Hjg4Pjg4jjgr/jgqTjg6Tjg4Hjg6Xjg7zjg5bjg5rjg4Djg6vjg5bjg6zjg7zjgq3nqbrmsJflhaXjgozjg6njgqTjg4jjg5DjgrnjgrHjg4Pjg4jjgrXjg4njg6vjg5bjg6rjg4Ljgrnjg4jjg7Pjgq/jg6njg7Pjgq8oR0FSTUlOL+OCrOODvOODn+ODsynjgrnjg53jg7zjg4Tjgqbjgqnjg4Pjg4Eg44Ki44Kv44K744K144OqIOODgeODo+ODvOOCuOODs+OCsOOCr+ODquODg+ODl0ZBeDN4L1MyMErnlKg=,KEdBUk1JTi/jgqzjg7zjg5/jg7Mp44K544Od44O844OE44Km44Kp44OD44OBIOOCouOCr+OCu+OCteODqiDjg4Hjg6Pjg7zjgrjjg7PjgrDjgq/jg6rjg4Pjg5dGQXgzeC9TMjBK55So[rn]
2-78709,aHR0cDovL3RzaG9wLnIxMHMuanAvYXVjLWN5Y2xlLXBhcnRzL2NhYmluZXQvaW1nMjIvZ2FjYy0xNzAzLTc0LmpwZz9maXRpbj03MDA6NzAw,ODI5Ni4wMDAw,,44K544Od44O844OE44O744Ki44Km44OI44OJ44KiID4g6Ieq6Lui6LuK44O744K144Kk44Kv44Oq44Oz44KwID4g6Ieq6Lui6LuK55So44Ki44Kv44K744K144Oq44O8ID4g44K144Kk44Kv44Or44Kz44Oz44OU44Ol44O844K/44O8,KEdBUk1JTi/jgqzjg7zjg5/jg7Mpdml2b2ZpdDMgQmxhY2sg5pel5pys5q2j6KaP54mI,,4peP5ZWG5ZOB5qaC6KaB77yaR2FybWluIE1vdmUgSVEg6Ieq5YuV44Ki44Kv44OG44Kj44OT44OG44Kj5qSc5Ye644KS5pCt6LyJ44GX44Gf44Ki44Kv44OG44Kj44OT44OG44Kj44OI44Op44OD44Kr44O8PEJSPjxCUj4x5bm06ZaT44Gu44OQ44OD44OG44Oq44O85a+/5ZG9PEJSPuODkOODg+OCr+ODqeOCpOODiOS7mOOBjeODh+OCo+OCueODl+ODrOOCpOOBq+atqeaVsOOAgeOCq+ODreODquODvOOAgei3nembouOAgeW8t+W6pu+8iOWIhu+8ieOAgeaZguWIu+OCkuihqOekuuOBl+OAgeedoeecoOOCkuebo+imluOBp+OBjeOBvuOBmTxCUj5HYXJtaW4gQ29ubmVjdOOBruiHquWLleOCouOCr+ODhuOCo+ODk+ODhuOCo+aknOWHuuOBp+OCouOCr+ODhuOCo+ODk+ODhuOCo+OCv+OCpOODl+OCkuWIhumhnuOBp+OBjeOBvuOBmTxCUj5Nb3Zl44OQ44O844Go6K2m5ZGK6Z+z44Gn44CB44Ki44Kv44OG44Kj44OW44Gr6YGO44GU44GZ44KI44GG44Gr6YCa55+l44GX44Gm44GP44KM44G+44GZPEJSPkdhcm1pbiBDb25uZWN044Go6Ieq5YuV55qE44Gr5ZCM5pyf44GX44Gm44CB6YCy6KGM54q25rOB44KS5L+d5a2Y44CB6KiI55S744CB44K344Kn44Ki44Gn44GN44G+44GZPGJyPuKXj+ODoeODvOOCq+ODvOWQje+8mkdBUk1JTi/jgqzjg7zjg5/jg7M8YnI+4peP4oC75ZWG5ZOB44Gu44OH44K244Kk44Oz44CB5LuV5qeY44CB5aSW6Kaz44CB44Gv5LqI5ZGK44Gq44GP5aSJ5pu044GZ44KL5aC05ZCI44GM44GC44KK44G+44GZ44Gu44Gn44GU5LqG5om/44GP44Gg44GV44GE44CCPHRhYmxlIHdpZHRoPSI3MzAiIGJvcmRlcj0iMCIgYWxpZ249ImNlbnRlciIgY2VsbHNwYWNpbmc9IjUiPgogIDx0cj4KICAgIDx0ZD48ZGl2IGFsaWduPSJjZW50ZXIiPjxpbWcgc3JjPSJodHRwOi8vaW1hZ2UucmFrdXRlbi5jby5qcC9hdWMtY3ljbGUtcGFydHMvY2FiaW5ldC9iYW5hLWdhem91L2JuLXNvLmpwZyIgYWx0PSJhYSIgd2lkdGg9IjExMiIgYm9yZGVyPSIwIj48L2Rpdj48L3RkPgogICAgPHRkPjxpbWcgc3JjPSJodHRwOi8vaW1hZ2UucmFrdXRlbi5jby5qcC9hdWMtY3ljbGUtcGFydHMvY2FiaW5ldC9iYW5hLWdhem91L2JlLWJvbGxlLmpwZyIgd2lkdGg9IjExMiIgYm9yZGVyPSIwIj48L3RkPgogICAgPHRkPjxpbWcgc3JjPSJodHRwOi8vaW1hZ2UucmFrdXRlbi5jby5qcC9hdWMtY3ljbGUtcGFydHMvY2FiaW5ldC9iYW5hLWdhem91L2JuLWFxdWEuanBnIiBhbHQ9IuOCouOCr+OCouOCueODleOCo+OCoiIgd2lkdGg9IjExMiIgYm9yZGVyPSIwIj48L3RkPgogICAgPHRkPjxpbWcgc3JjPSJodHRwOi8vaW1hZ2UucmFrdXRlbi5jby5qcC9hdWMtY3ljbGUtcGFydHMvY2FiaW5ldC9iYW5hLWdhem91L2JuLXZpdC5qcGciIGFsdD0i44OT44OD44OI44Oq44KiIiB3aWR0aD0iMTEyIiBib3JkZXI9IjAiPjwvdGQ+CiAgICA8dGQ+PGltZyBzcmM9Imh0dHA6Ly9pbWFnZS5yYWt1dGVuLmNvLmpwL2F1Yy1jeWNsZS1wYXJ0cy9jYWJpbmV0L2JhbmEtZ2F6b3UvYm4tZm9vdC5qcGciIGFsdD0iRk9PVE1BWCIgd2lkdGg9IjExMiIgYm9yZGVyPSIwIj48L3RkPgogICAgPHRkPjxpbWcgc3JjPSJodHRwOi8vaW1hZ2UucmFrdXRlbi5jby5qcC9hdWMtY3ljbGUtcGFydHMvY2FiaW5ldC9iYW5hLWdhem91L2JuLW5ld29uLmpwZyIgYWx0PSJuZXd0b24iIHdpZHRoPSIxMTIiIGJvcmRlcj0iMCI+PC90ZD4KICA8L3RyPgogIDx0cj4KICAgIDx0ZD48aW1nIHNyYz0iaHR0cDovL2ltYWdlLnJha3V0ZW4uY28uanAvYXVjLWN5Y2xlLXBhcnRzL2NhYmluZXQvYmFuYS1nYXpvdS9ibi1zaGltYW5vYWMuanBnIiBhbHQ9IiIgd2lkdGg9IjExMiIgYm9yZGVyPSIwIj48L3RkPgogICAgPHRkPjxpbWcgc3JjPSJodHRwOi8vaW1hZ2UucmFrdXRlbi5jby5qcC9hdWMtY3ljbGUtcGFydHMvY2FiaW5ldC9iYW5hLWdhem91L2JuLWFzZy1jbS0xNC5qcGciIGFsdD0iIiB3aWR0aD0iMTEyIiBib3JkZXI9IjAiPjwvdGQ+CiAgICA8dGQ+PGltZyBzcmM9Imh0dHA6Ly9pbWFnZS5yYWt1dGVuLmNvLmpwL2F1Yy1jeWNsZS1wYXJ0cy9jYWJpbmV0L2JhbmEtZ2F6b3UvYm4tc3dldy5qcGciIGFsdD0i44K344Oe44OO44K144Oz44Kw44Op44K5IiB3aWR0aD0iMTEyIiBib3JkZXI9IjAiPjwvdGQ+CiAgICA8dGQ+PGltZyBzcmM9Imh0dHA6Ly9pbWFnZS5yYWt1dGVuLmNvLmpwL2F1Yy1jeWNsZS1wYXJ0cy9jYWJpbmV0L2JhbmEtZ2F6b3UvYm4tc2hpbWFub3NhZG9sbGUuanBnIiBhbHQ9IiIgd2lkdGg9IjExMiIgYm9yZGVyPSIwIj48L3RkPgogICAgPHRkPjxpbWcgc3JjPSJodHRwOi8vaW1hZ2UucmFrdXRlbi5jby5qcC9hdWMtY3ljbGUtcGFydHMvY2FiaW5ldC9iYW5hLWdhem91L2JuLXNoaW1hbm9oYW5kb2xsZS5qcGciIGFsdD0iIiB3aWR0aD0iMTEyIiBib3JkZXI9IjAiPjwvdGQ+CiAgICA8dGQ+PGltZyBzcmM9Imh0dHA6Ly9pbWFnZS5yYWt1dGVuLmNvLmpwL2F1Yy1jeWNsZS1wYXJ0cy9jYWJpbmV0L2JhbmEtZ2F6b3UvYm4tc2hpbWFub2JvdHRsZS5qcGciIHdpZHRoPSIxMTIiIGJvcmRlcj0iMCI+PC90ZD4KICA8L3RyPgo8L3RhYmxlPgo8YnI+Cgo8IS0t5ZWG5ZOB6KGo56S6MeOBk+OBk+OBi+OCiS0tPgoKPCEtLeOCv+OCpOODiOODqzHjgZPjgZPjgYvjgoktLT4KPGJyPgo8Yj48Zm9udCBjb2xvcj0iIzdFN0M3QyIgZmFjZT0i44Oh44Kk44Oq44KqIj5QSUNLVVAgSVRFTTwvZm9udD48L2I+PGJyPgoKCjwhLS3jgr/jgqTjg4jjg6sx44GT44GT44G+44GnLS0+CgoKPGJyPgo8YnI+Cgo8IS0t5ZWG5ZOB6KGo56S6MeOBk+OBk+OBvuOBpy0tPgoKPCEtLeWVhuWTgeihqOekujLjgZPjgZPjgYvjgoktLT4KCjwhLS3jgr/jgqTjg4jjg6sy44GT44GT44GL44KJLS0+Cjxicj4KPGI+PGZvbnQgY29sb3I9IiM3RTdDN0MiIGZhY2U9IuODoeOCpOODquOCqiI+UElDS1VQIElURU08L2ZvbnQ+PC9iPjxicj4KCgo8IS0t44K/44Kk44OI44OrMuOBk+OBk+OBvuOBpy0tPgoKCgo8YnI+Cjxicj4KCjwhLS3llYblk4HooajnpLoy44GT44GT44G+44GnLS0+Cgo8IS0t5ZWG5ZOB6KGo56S6M+OBk+OBk+OBi+OCiS0tPgoKPCEtLeOCv+OCpOODiOODqzPjgZPjgZPjgYvjgoktLT4KPGJyPgo8Yj48Zm9udCBjb2xvcj0iIzdFN0M3QyIgZmFjZT0i44Oh44Kk44Oq44KqIj5QSUNLVVAgSVRFTTwvZm9udD48L2I+PGJyPgoKCjwhLS3jgr/jgqTjg4jjg6sz44GT44GT44G+44GnLS0+CgoKCjxicj4KPGJyPgoKPCEtLeWVhuWTgeihqOekujPjgZPjgZPjgb7jgactLT4KCgo8YnI+Cjxicj4=,KEdBUk1JTi/jgqzjg7zjg5/jg7Mpdml2b2ZpdDMgQmxhY2sg5pel5pys5q2j6KaP54mI77ya44K144Kk44Kv44Or44Ot44O844OJ,6Ieq6Lui6LuK44OR44O844OE44Ot44O844OJ44OR44O844OE6YCa6LKp44K144Kk44Kv44Or44Kr44OQ44O844OR44O844Or44Kk44K644OfU0hJTUFOT1BFQVJM44CASVpVTUnjg4/jg7Pjg4njg6vjg4Hjg6PjgqTjg6vjg4njgrfjg7zjg4jjg5jjg6vjg6Hjg4Pjg4jjgr/jgqTjg6Tjg4Hjg6Xjg7zjg5bjg5rjg4Djg6vjg5bjg6zjg7zjgq3nqbrmsJflhaXjgozjg6njgqTjg4jjg5DjgrnjgrHjg4Pjg4jjgrXjg4njg6vjg5bjg6rjg4Ljgrnjg4jjg7Pjgq/jg6njg7Pjgq8oR0FSTUlOL+OCrOODvOODn+ODsyl2aXZvZml0MyBCbGFjayDml6XmnKzmraPopo/niYg=,KEdBUk1JTi/jgqzjg7zjg5/jg7Mpdml2b2ZpdDMgQmxhY2sg5pel5pys5q2j6KaP54mI[rn]
2-78710,aHR0cDovL3RzaG9wLnIxMHMuanAvYXVjLWN5Y2xlLXBhcnRzL2NhYmluZXQvaW1nMjIvZ2FjYy0xNzAzLTQwLmpwZz9maXRpbj03MDA6NzAw,MTczNjAuMDAwMA==,,44K544Od44O844OE44O744Ki44Km44OI44OJ44KiID4g6Ieq6Lui6LuK44O744K144Kk44Kv44Oq44Oz44KwID4g6Ieq6Lui6LuK55So44Ki44Kv44K744K144Oq44O8ID4g44K144Kk44Kv44Or44Kz44Oz44OU44Ol44O844K/44O8,KEdBUk1JTi/jgqzjg7zjg5/jg7Mp44K544Od44O844OE44Km44Kp44OD44OBIEZvcmVBdGhsZXRlMzVK,,4peP5ZWG5ZOB5qaC6KaB77ya5YWJ5a2m5byP5b+D5ouN6KiI5YaF6JS144GuR1BT44Op44Oz44OL44Oz44Kw44Km44Kp44OD44OBPEJSPjxCUj7lhYnlrablvI/lv4Pmi43oqIjjgavjgojjgorjgIHloLTmiYDjgpLllY/jgo/jgZrmiYvpppbjgafnsKHljZjjgavlv4Pmi43mlbDjgpLjg6Ljg4vjgr/jg6rjg7PjgrA8QlI+5YaF6JS1R1BT44Gn44Op44Oz44OL44Oz44Kw44Gu6Led6Zui44CB6YCf5bqm44CB5aC05omA44KS6L+96LehPEJSPuaOpee2muapn+iDve+8mumAmuefpeapn+iDveOAgUdhcm1pbiBDb25uZWN044G444Gu6Ieq5YuV44Ki44OD44OX44Ot44O844OJ44CBTGl2ZVRyYWNr44CB44Of44Ol44O844K444OD44Kv44Kz44Oz44OI44Ot44O844OrPEJSPuOCueODhuODg+ODl+aVsOOAgea2iOiyu+OCq+ODreODquODvOOAgemAsemWk+mBi+WLlemHjyjliIYp44CB44Og44O844OW44OQ44O844Gq44Gp44Gu44Op44Kk44OV44Ot44Kw5qmf6IO944KS5pCt6LyJPGJyPuKXj+ODoeODvOOCq+ODvOWQje+8mkdBUk1JTi/jgqzjg7zjg5/jg7M8YnI+4peP4oC75ZWG5ZOB44Gu44OH44K244Kk44Oz44CB5LuV5qeY44CB5aSW6Kaz44CB44Gv5LqI5ZGK44Gq44GP5aSJ5pu044GZ44KL5aC05ZCI44GM44GC44KK44G+44GZ44Gu44Gn44GU5LqG5om/44GP44Gg44GV44GE44CCPHRhYmxlIHdpZHRoPSI3MzAiIGJvcmRlcj0iMCIgYWxpZ249ImNlbnRlciIgY2VsbHNwYWNpbmc9IjUiPgogIDx0cj4KICAgIDx0ZD48ZGl2IGFsaWduPSJjZW50ZXIiPjxpbWcgc3JjPSJodHRwOi8vaW1hZ2UucmFrdXRlbi5jby5qcC9hdWMtY3ljbGUtcGFydHMvY2FiaW5ldC9iYW5hLWdhem91L2JuLXNvLmpwZyIgYWx0PSJhYSIgd2lkdGg9IjExMiIgYm9yZGVyPSIwIj48L2Rpdj48L3RkPgogICAgPHRkPjxpbWcgc3JjPSJodHRwOi8vaW1hZ2UucmFrdXRlbi5jby5qcC9hdWMtY3ljbGUtcGFydHMvY2FiaW5ldC9iYW5hLWdhem91L2JlLWJvbGxlLmpwZyIgd2lkdGg9IjExMiIgYm9yZGVyPSIwIj48L3RkPgogICAgPHRkPjxpbWcgc3JjPSJodHRwOi8vaW1hZ2UucmFrdXRlbi5jby5qcC9hdWMtY3ljbGUtcGFydHMvY2FiaW5ldC9iYW5hLWdhem91L2JuLWFxdWEuanBnIiBhbHQ9IuOCouOCr+OCouOCueODleOCo+OCoiIgd2lkdGg9IjExMiIgYm9yZGVyPSIwIj48L3RkPgogICAgPHRkPjxpbWcgc3JjPSJodHRwOi8vaW1hZ2UucmFrdXRlbi5jby5qcC9hdWMtY3ljbGUtcGFydHMvY2FiaW5ldC9iYW5hLWdhem91L2JuLXZpdC5qcGciIGFsdD0i44OT44OD44OI44Oq44KiIiB3aWR0aD0iMTEyIiBib3JkZXI9IjAiPjwvdGQ+CiAgICA8dGQ+PGltZyBzcmM9Imh0dHA6Ly9pbWFnZS5yYWt1dGVuLmNvLmpwL2F1Yy1jeWNsZS1wYXJ0cy9jYWJpbmV0L2JhbmEtZ2F6b3UvYm4tZm9vdC5qcGciIGFsdD0iRk9PVE1BWCIgd2lkdGg9IjExMiIgYm9yZGVyPSIwIj48L3RkPgogICAgPHRkPjxpbWcgc3JjPSJodHRwOi8vaW1hZ2UucmFrdXRlbi5jby5qcC9hdWMtY3ljbGUtcGFydHMvY2FiaW5ldC9iYW5hLWdhem91L2JuLW5ld29uLmpwZyIgYWx0PSJuZXd0b24iIHdpZHRoPSIxMTIiIGJvcmRlcj0iMCI+PC90ZD4KICA8L3RyPgogIDx0cj4KICAgIDx0ZD48aW1nIHNyYz0iaHR0cDovL2ltYWdlLnJha3V0ZW4uY28uanAvYXVjLWN5Y2xlLXBhcnRzL2NhYmluZXQvYmFuYS1nYXpvdS9ibi1zaGltYW5vYWMuanBnIiBhbHQ9IiIgd2lkdGg9IjExMiIgYm9yZGVyPSIwIj48L3RkPgogICAgPHRkPjxpbWcgc3JjPSJodHRwOi8vaW1hZ2UucmFrdXRlbi5jby5qcC9hdWMtY3ljbGUtcGFydHMvY2FiaW5ldC9iYW5hLWdhem91L2JuLWFzZy1jbS0xNC5qcGciIGFsdD0iIiB3aWR0aD0iMTEyIiBib3JkZXI9IjAiPjwvdGQ+CiAgICA8dGQ+PGltZyBzcmM9Imh0dHA6Ly9pbWFnZS5yYWt1dGVuLmNvLmpwL2F1Yy1jeWNsZS1wYXJ0cy9jYWJpbmV0L2JhbmEtZ2F6b3UvYm4tc3dldy5qcGciIGFsdD0i44K344Oe44OO44K144Oz44Kw44Op44K5IiB3aWR0aD0iMTEyIiBib3JkZXI9IjAiPjwvdGQ+CiAgICA8dGQ+PGltZyBzcmM9Imh0dHA6Ly9pbWFnZS5yYWt1dGVuLmNvLmpwL2F1Yy1jeWNsZS1wYXJ0cy9jYWJpbmV0L2JhbmEtZ2F6b3UvYm4tc2hpbWFub3NhZG9sbGUuanBnIiBhbHQ9IiIgd2lkdGg9IjExMiIgYm9yZGVyPSIwIj48L3RkPgogICAgPHRkPjxpbWcgc3JjPSJodHRwOi8vaW1hZ2UucmFrdXRlbi5jby5qcC9hdWMtY3ljbGUtcGFydHMvY2FiaW5ldC9iYW5hLWdhem91L2JuLXNoaW1hbm9oYW5kb2xsZS5qcGciIGFsdD0iIiB3aWR0aD0iMTEyIiBib3JkZXI9IjAiPjwvdGQ+CiAgICA8dGQ+PGltZyBzcmM9Imh0dHA6Ly9pbWFnZS5yYWt1dGVuLmNvLmpwL2F1Yy1jeWNsZS1wYXJ0cy9jYWJpbmV0L2JhbmEtZ2F6b3UvYm4tc2hpbWFub2JvdHRsZS5qcGciIHdpZHRoPSIxMTIiIGJvcmRlcj0iMCI+PC90ZD4KICA8L3RyPgo8L3RhYmxlPgo8YnI+Cgo8IS0t5ZWG5ZOB6KGo56S6MeOBk+OBk+OBi+OCiS0tPgoKPCEtLeOCv+OCpOODiOODqzHjgZPjgZPjgYvjgoktLT4KPGJyPgo8Yj48Zm9udCBjb2xvcj0iIzdFN0M3QyIgZmFjZT0i44Oh44Kk44Oq44KqIj5QSUNLVVAgSVRFTTwvZm9udD48L2I+PGJyPgoKCjwhLS3jgr/jgqTjg4jjg6sx44GT44GT44G+44GnLS0+CgoKPGJyPgo8YnI+Cgo8IS0t5ZWG5ZOB6KGo56S6MeOBk+OBk+OBvuOBpy0tPgoKPCEtLeWVhuWTgeihqOekujLjgZPjgZPjgYvjgoktLT4KCjwhLS3jgr/jgqTjg4jjg6sy44GT44GT44GL44KJLS0+Cjxicj4KPGI+PGZvbnQgY29sb3I9IiM3RTdDN0MiIGZhY2U9IuODoeOCpOODquOCqiI+UElDS1VQIElURU08L2ZvbnQ+PC9iPjxicj4KCgo8IS0t44K/44Kk44OI44OrMuOBk+OBk+OBvuOBpy0tPgoKCgo8YnI+Cjxicj4KCjwhLS3llYblk4HooajnpLoy44GT44GT44G+44GnLS0+Cgo8IS0t5ZWG5ZOB6KGo56S6M+OBk+OBk+OBi+OCiS0tPgoKPCEtLeOCv+OCpOODiOODqzPjgZPjgZPjgYvjgoktLT4KPGJyPgo8Yj48Zm9udCBjb2xvcj0iIzdFN0M3QyIgZmFjZT0i44Oh44Kk44Oq44KqIj5QSUNLVVAgSVRFTTwvZm9udD48L2I+PGJyPgoKCjwhLS3jgr/jgqTjg4jjg6sz44GT44GT44G+44GnLS0+CgoKCjxicj4KPGJyPgoKPCEtLeWVhuWTgeihqOekujPjgZPjgZPjgb7jgactLT4KCgo8YnI+Cjxicj4=,KEdBUk1JTi/jgqzjg7zjg5/jg7Mp44K544Od44O844OE44Km44Kp44OD44OBIEZvcmVBdGhsZXRlMzVK77ya44K144Kk44Kv44Or44Ot44O844OJ,6Ieq6Lui6LuK44OR44O844OE44Ot44O844OJ44OR44O844OE6YCa6LKp44K144Kk44Kv44Or44Kr44OQ44O844OR44O844Or44Kk44K644OfU0hJTUFOT1BFQVJM44CASVpVTUnjg4/jg7Pjg4njg6vjg4Hjg6PjgqTjg6vjg4njgrfjg7zjg4jjg5jjg6vjg6Hjg4Pjg4jjgr/jgqTjg6Tjg4Hjg6Xjg7zjg5bjg5rjg4Djg6vjg5bjg6zjg7zjgq3nqbrmsJflhaXjgozjg6njgqTjg4jjg5DjgrnjgrHjg4Pjg4jjgrXjg4njg6vjg5bjg6rjg4Ljgrnjg4jjg7Pjgq/jg6njg7Pjgq8oR0FSTUlOL+OCrOODvOODn+ODsynjgrnjg53jg7zjg4Tjgqbjgqnjg4Pjg4EgRm9yZUF0aGxldGUzNUo=,KEdBUk1JTi/jgqzjg7zjg5/jg7Mp44K544Od44O844OE44Km44Kp44OD44OBIEZvcmVBdGhsZXRlMzVK[rn]
2-78711,aHR0cDovL3RzaG9wLnIxMHMuanAvYXVjLWN5Y2xlLXBhcnRzL2NhYmluZXQvaW1nMDgvbm93cHJpbnQuZ2lmP2ZpdGluPTcwMDo3MDA=,MTQwMC4wMDAw,,44K544Od44O844OE44O744Ki44Km44OI44OJ44KiID4g6Ieq6Lui6LuK44O744K144Kk44Kv44Oq44Oz44KwID4g6Ieq6Lui6LuK55So44Ki44Kv44K744K144Oq44O8ID4g44K144Kk44Kv44Or44Kz44Oz44OU44Ol44O844K/44O8,KEdBUk1JTi/jgqzjg7zjg5/jg7MpRWRnZeeUqCDjgqLjgq/jgrvjgrXjg6og44OP44O844OI44Os44O844OI44Oi44OL44K/44O877yI5pen5Z6L77yJ6IOM44OQ44Oz44OJ44Gu44G/,,4peP5ZWG5ZOB5qaC6KaB77ya44OP44O844OI44Os44O844OI44Oi44OL44K/44O877yI5pen5Z6L77yJ6IOM44OQ44Oz44OJ44Gu44G/PGJyPuKXj+ODoeODvOOCq+ODvOWQje+8mkdBUk1JTi/jgqzjg7zjg5/jg7M8YnI+4peP4oC75ZWG5ZOB44Gu44OH44K244Kk44Oz44CB5LuV5qeY44CB5aSW6Kaz44CB44Gv5LqI5ZGK44Gq44GP5aSJ5pu044GZ44KL5aC05ZCI44GM44GC44KK44G+44GZ44Gu44Gn44GU5LqG5om/44GP44Gg44GV44GE44CCPHRhYmxlIHdpZHRoPSI3MzAiIGJvcmRlcj0iMCIgYWxpZ249ImNlbnRlciIgY2VsbHNwYWNpbmc9IjUiPgogIDx0cj4KICAgIDx0ZD48ZGl2IGFsaWduPSJjZW50ZXIiPjxpbWcgc3JjPSJodHRwOi8vaW1hZ2UucmFrdXRlbi5jby5qcC9hdWMtY3ljbGUtcGFydHMvY2FiaW5ldC9iYW5hLWdhem91L2JuLXNvLmpwZyIgYWx0PSJhYSIgd2lkdGg9IjExMiIgYm9yZGVyPSIwIj48L2Rpdj48L3RkPgogICAgPHRkPjxpbWcgc3JjPSJodHRwOi8vaW1hZ2UucmFrdXRlbi5jby5qcC9hdWMtY3ljbGUtcGFydHMvY2FiaW5ldC9iYW5hLWdhem91L2JlLWJvbGxlLmpwZyIgd2lkdGg9IjExMiIgYm9yZGVyPSIwIj48L3RkPgogICAgPHRkPjxpbWcgc3JjPSJodHRwOi8vaW1hZ2UucmFrdXRlbi5jby5qcC9hdWMtY3ljbGUtcGFydHMvY2FiaW5ldC9iYW5hLWdhem91L2JuLWFxdWEuanBnIiBhbHQ9IuOCouOCr+OCouOCueODleOCo+OCoiIgd2lkdGg9IjExMiIgYm9yZGVyPSIwIj48L3RkPgogICAgPHRkPjxpbWcgc3JjPSJodHRwOi8vaW1hZ2UucmFrdXRlbi5jby5qcC9hdWMtY3ljbGUtcGFydHMvY2FiaW5ldC9iYW5hLWdhem91L2JuLXZpdC5qcGciIGFsdD0i44OT44OD44OI44Oq44KiIiB3aWR0aD0iMTEyIiBib3JkZXI9IjAiPjwvdGQ+CiAgICA8dGQ+PGltZyBzcmM9Imh0dHA6Ly9pbWFnZS5yYWt1dGVuLmNvLmpwL2F1Yy1jeWNsZS1wYXJ0cy9jYWJpbmV0L2JhbmEtZ2F6b3UvYm4tZm9vdC5qcGciIGFsdD0iRk9PVE1BWCIgd2lkdGg9IjExMiIgYm9yZGVyPSIwIj48L3RkPgogICAgPHRkPjxpbWcgc3JjPSJodHRwOi8vaW1hZ2UucmFrdXRlbi5jby5qcC9hdWMtY3ljbGUtcGFydHMvY2FiaW5ldC9iYW5hLWdhem91L2JuLW5ld29uLmpwZyIgYWx0PSJuZXd0b24iIHdpZHRoPSIxMTIiIGJvcmRlcj0iMCI+PC90ZD4KICA8L3RyPgogIDx0cj4KICAgIDx0ZD48aW1nIHNyYz0iaHR0cDovL2ltYWdlLnJha3V0ZW4uY28uanAvYXVjLWN5Y2xlLXBhcnRzL2NhYmluZXQvYmFuYS1nYXpvdS9ibi1zaGltYW5vYWMuanBnIiBhbHQ9IiIgd2lkdGg9IjExMiIgYm9yZGVyPSIwIj48L3RkPgogICAgPHRkPjxpbWcgc3JjPSJodHRwOi8vaW1hZ2UucmFrdXRlbi5jby5qcC9hdWMtY3ljbGUtcGFydHMvY2FiaW5ldC9iYW5hLWdhem91L2JuLWFzZy1jbS0xNC5qcGciIGFsdD0iIiB3aWR0aD0iMTEyIiBib3JkZXI9IjAiPjwvdGQ+CiAgICA8dGQ+PGltZyBzcmM9Imh0dHA6Ly9pbWFnZS5yYWt1dGVuLmNvLmpwL2F1Yy1jeWNsZS1wYXJ0cy9jYWJpbmV0L2JhbmEtZ2F6b3UvYm4tc3dldy5qcGciIGFsdD0i44K344Oe44OO44K144Oz44Kw44Op44K5IiB3aWR0aD0iMTEyIiBib3JkZXI9IjAiPjwvdGQ+CiAgICA8dGQ+PGltZyBzcmM9Imh0dHA6Ly9pbWFnZS5yYWt1dGVuLmNvLmpwL2F1Yy1jeWNsZS1wYXJ0cy9jYWJpbmV0L2JhbmEtZ2F6b3UvYm4tc2hpbWFub3NhZG9sbGUuanBnIiBhbHQ9IiIgd2lkdGg9IjExMiIgYm9yZGVyPSIwIj48L3RkPgogICAgPHRkPjxpbWcgc3JjPSJodHRwOi8vaW1hZ2UucmFrdXRlbi5jby5qcC9hdWMtY3ljbGUtcGFydHMvY2FiaW5ldC9iYW5hLWdhem91L2JuLXNoaW1hbm9oYW5kb2xsZS5qcGciIGFsdD0iIiB3aWR0aD0iMTEyIiBib3JkZXI9IjAiPjwvdGQ+CiAgICA8dGQ+PGltZyBzcmM9Imh0dHA6Ly9pbWFnZS5yYWt1dGVuLmNvLmpwL2F1Yy1jeWNsZS1wYXJ0cy9jYWJpbmV0L2JhbmEtZ2F6b3UvYm4tc2hpbWFub2JvdHRsZS5qcGciIHdpZHRoPSIxMTIiIGJvcmRlcj0iMCI+PC90ZD4KICA8L3RyPgo8L3RhYmxlPgo8YnI+Cgo8IS0t5ZWG5ZOB6KGo56S6MeOBk+OBk+OBi+OCiS0tPgoKPCEtLeOCv+OCpOODiOODqzHjgZPjgZPjgYvjgoktLT4KPGJyPgo8Yj48Zm9udCBjb2xvcj0iIzdFN0M3QyIgZmFjZT0i44Oh44Kk44Oq44KqIj5QSUNLVVAgSVRFTTwvZm9udD48L2I+PGJyPgoKCjwhLS3jgr/jgqTjg4jjg6sx44GT44GT44G+44GnLS0+CgoKPGJyPgo8YnI+Cgo8IS0t5ZWG5ZOB6KGo56S6MeOBk+OBk+OBvuOBpy0tPgoKPCEtLeWVhuWTgeihqOekujLjgZPjgZPjgYvjgoktLT4KCjwhLS3jgr/jgqTjg4jjg6sy44GT44GT44GL44KJLS0+Cjxicj4KPGI+PGZvbnQgY29sb3I9IiM3RTdDN0MiIGZhY2U9IuODoeOCpOODquOCqiI+UElDS1VQIElURU08L2ZvbnQ+PC9iPjxicj4KCgo8IS0t44K/44Kk44OI44OrMuOBk+OBk+OBvuOBpy0tPgoKCgo8YnI+Cjxicj4KCjwhLS3llYblk4HooajnpLoy44GT44GT44G+44GnLS0+Cgo8IS0t5ZWG5ZOB6KGo56S6M+OBk+OBk+OBi+OCiS0tPgoKPCEtLeOCv+OCpOODiOODqzPjgZPjgZPjgYvjgoktLT4KPGJyPgo8Yj48Zm9udCBjb2xvcj0iIzdFN0M3QyIgZmFjZT0i44Oh44Kk44Oq44KqIj5QSUNLVVAgSVRFTTwvZm9udD48L2I+PGJyPgoKCjwhLS3jgr/jgqTjg4jjg6sz44GT44GT44G+44GnLS0+CgoKCjxicj4KPGJyPgoKPCEtLeWVhuWTgeihqOekujPjgZPjgZPjgb7jgactLT4KCgo8YnI+Cjxicj4=,KEdBUk1JTi/jgqzjg7zjg5/jg7MpRWRnZeeUqCDjgqLjgq/jgrvjgrXjg6og44OP44O844OI44Os44O844OI44Oi44OL44K/44O877yI5pen5Z6L77yJ6IOM44OQ44Oz44OJ44Gu44G/77ya44K144Kk44Kv44Or44Ot44O844OJ,6Ieq6Lui6LuK44OR44O844OE44Ot44O844OJ44OR44O844OE6YCa6LKp44K144Kk44Kv44Or44Kr44OQ44O844OR44O844Or44Kk44K644OfU0hJTUFOT1BFQVJM44CASVpVTUnjg4/jg7Pjg4njg6vjg4Hjg6PjgqTjg6vjg4njgrfjg7zjg4jjg5jjg6vjg6Hjg4Pjg4jjgr/jgqTjg6Tjg4Hjg6Xjg7zjg5bjg5rjg4Djg6vjg5bjg6zjg7zjgq3nqbrmsJflhaXjgozjg6njgqTjg4jjg5DjgrnjgrHjg4Pjg4jjgrXjg4njg6vjg5bjg6rjg4Ljgrnjg4jjg7Pjgq/jg6njg7Pjgq8oR0FSTUlOL+OCrOODvOODn+ODsylFZGdl55SoIOOCouOCr+OCu+OCteODqiDjg4/jg7zjg4jjg6zjg7zjg4jjg6Ljg4vjgr/jg7zvvIjml6flnovvvInog4zjg5Djg7Pjg4njga7jgb8=,KEdBUk1JTi/jgqzjg7zjg5/jg7MpRWRnZeeUqCDjgqLjgq/jgrvjgrXjg6og44OP44O844OI44Os44O844OI44Oi44OL44K/44O877yI5pen5Z6L77yJ6IOM44OQ44Oz44OJ44Gu44G/[rn]
2-78712,aHR0cDovL3RzaG9wLnIxMHMuanAvYXVjLWN5Y2xlLXBhcnRzL2NhYmluZXQvaW1nMjIvZ2FjYy0xNzAzLTguanBnP2ZpdGluPTcwMDo3MDA=,MTQwMC4wMDAw,,44K544Od44O844OE44O744Ki44Km44OI44OJ44KiID4g6Ieq6Lui6LuK44O744K144Kk44Kv44Oq44Oz44KwID4g6Ieq6Lui6LuK55So44Ki44Kv44K744K144Oq44O8ID4g44K144Kk44Kv44Or44Kz44Oz44OU44Ol44O844K/44O8,KEdBUk1JTi/jgqzjg7zjg5/jg7MpRWRnZeeUqCDjgqLjgq/jgrvjgrXjg6og44K344Oq44Kz44Oz44Kx44O844K5RWRnZTUyMOeUqA==,,4peP5ZWG5ZOB5qaC6KaB77yaRWRnZTUyMOWwgueUqOOBruOCt+ODquOCs+ODs+OCseODvOOCueOBp+OBmeOAgjxCUj7jgZPjga7jgrHjg7zjgrnjgpLoo4XnnYDjgZfjgZ/jgb7jgb7jgIFFZGdlNTIw44KS44OQ44Kk44Kv44Gr44Oe44Km44Oz44OI44GZ44KL5LqL44GM5Y+v6IO944Gn44GZ44CCPEJSPua/gOOBl+OBhOODqeOCpOODieOBq+OCiOOCi+i7ouWAkuOBquOBqeOBi+OCieOAgUVkZ2U1MjDjga7jg5zjg4fjgqPjgpLlrojjgorjgb7jgZnjgII8YnI+4peP44Oh44O844Kr44O85ZCN77yaR0FSTUlOL+OCrOODvOODn+ODszxicj7il4/igLvllYblk4Hjga7jg4fjgrbjgqTjg7PjgIHku5Xmp5jjgIHlpJboprPjgIHjga/kuojlkYrjgarjgY/lpInmm7TjgZnjgovloLTlkIjjgYzjgYLjgorjgb7jgZnjga7jgafjgZTkuobmib/jgY/jgaDjgZXjgYTjgII8dGFibGUgd2lkdGg9IjczMCIgYm9yZGVyPSIwIiBhbGlnbj0iY2VudGVyIiBjZWxsc3BhY2luZz0iNSI+CiAgPHRyPgogICAgPHRkPjxkaXYgYWxpZ249ImNlbnRlciI+PGltZyBzcmM9Imh0dHA6Ly9pbWFnZS5yYWt1dGVuLmNvLmpwL2F1Yy1jeWNsZS1wYXJ0cy9jYWJpbmV0L2JhbmEtZ2F6b3UvYm4tc28uanBnIiBhbHQ9ImFhIiB3aWR0aD0iMTEyIiBib3JkZXI9IjAiPjwvZGl2PjwvdGQ+CiAgICA8dGQ+PGltZyBzcmM9Imh0dHA6Ly9pbWFnZS5yYWt1dGVuLmNvLmpwL2F1Yy1jeWNsZS1wYXJ0cy9jYWJpbmV0L2JhbmEtZ2F6b3UvYmUtYm9sbGUuanBnIiB3aWR0aD0iMTEyIiBib3JkZXI9IjAiPjwvdGQ+CiAgICA8dGQ+PGltZyBzcmM9Imh0dHA6Ly9pbWFnZS5yYWt1dGVuLmNvLmpwL2F1Yy1jeWNsZS1wYXJ0cy9jYWJpbmV0L2JhbmEtZ2F6b3UvYm4tYXF1YS5qcGciIGFsdD0i44Ki44Kv44Ki44K544OV44Kj44KiIiB3aWR0aD0iMTEyIiBib3JkZXI9IjAiPjwvdGQ+CiAgICA8dGQ+PGltZyBzcmM9Imh0dHA6Ly9pbWFnZS5yYWt1dGVuLmNvLmpwL2F1Yy1jeWNsZS1wYXJ0cy9jYWJpbmV0L2JhbmEtZ2F6b3UvYm4tdml0LmpwZyIgYWx0PSLjg5Pjg4Pjg4jjg6rjgqIiIHdpZHRoPSIxMTIiIGJvcmRlcj0iMCI+PC90ZD4KICAgIDx0ZD48aW1nIHNyYz0iaHR0cDovL2ltYWdlLnJha3V0ZW4uY28uanAvYXVjLWN5Y2xlLXBhcnRzL2NhYmluZXQvYmFuYS1nYXpvdS9ibi1mb290LmpwZyIgYWx0PSJGT09UTUFYIiB3aWR0aD0iMTEyIiBib3JkZXI9IjAiPjwvdGQ+CiAgICA8dGQ+PGltZyBzcmM9Imh0dHA6Ly9pbWFnZS5yYWt1dGVuLmNvLmpwL2F1Yy1jeWNsZS1wYXJ0cy9jYWJpbmV0L2JhbmEtZ2F6b3UvYm4tbmV3b24uanBnIiBhbHQ9Im5ld3RvbiIgd2lkdGg9IjExMiIgYm9yZGVyPSIwIj48L3RkPgogIDwvdHI+CiAgPHRyPgogICAgPHRkPjxpbWcgc3JjPSJodHRwOi8vaW1hZ2UucmFrdXRlbi5jby5qcC9hdWMtY3ljbGUtcGFydHMvY2FiaW5ldC9iYW5hLWdhem91L2JuLXNoaW1hbm9hYy5qcGciIGFsdD0iIiB3aWR0aD0iMTEyIiBib3JkZXI9IjAiPjwvdGQ+CiAgICA8dGQ+PGltZyBzcmM9Imh0dHA6Ly9pbWFnZS5yYWt1dGVuLmNvLmpwL2F1Yy1jeWNsZS1wYXJ0cy9jYWJpbmV0L2JhbmEtZ2F6b3UvYm4tYXNnLWNtLTE0LmpwZyIgYWx0PSIiIHdpZHRoPSIxMTIiIGJvcmRlcj0iMCI+PC90ZD4KICAgIDx0ZD48aW1nIHNyYz0iaHR0cDovL2ltYWdlLnJha3V0ZW4uY28uanAvYXVjLWN5Y2xlLXBhcnRzL2NhYmluZXQvYmFuYS1nYXpvdS9ibi1zd2V3LmpwZyIgYWx0PSLjgrfjg57jg47jgrXjg7PjgrDjg6njgrkiIHdpZHRoPSIxMTIiIGJvcmRlcj0iMCI+PC90ZD4KICAgIDx0ZD48aW1nIHNyYz0iaHR0cDovL2ltYWdlLnJha3V0ZW4uY28uanAvYXVjLWN5Y2xlLXBhcnRzL2NhYmluZXQvYmFuYS1nYXpvdS9ibi1zaGltYW5vc2Fkb2xsZS5qcGciIGFsdD0iIiB3aWR0aD0iMTEyIiBib3JkZXI9IjAiPjwvdGQ+CiAgICA8dGQ+PGltZyBzcmM9Imh0dHA6Ly9pbWFnZS5yYWt1dGVuLmNvLmpwL2F1Yy1jeWNsZS1wYXJ0cy9jYWJpbmV0L2JhbmEtZ2F6b3UvYm4tc2hpbWFub2hhbmRvbGxlLmpwZyIgYWx0PSIiIHdpZHRoPSIxMTIiIGJvcmRlcj0iMCI+PC90ZD4KICAgIDx0ZD48aW1nIHNyYz0iaHR0cDovL2ltYWdlLnJha3V0ZW4uY28uanAvYXVjLWN5Y2xlLXBhcnRzL2NhYmluZXQvYmFuYS1nYXpvdS9ibi1zaGltYW5vYm90dGxlLmpwZyIgd2lkdGg9IjExMiIgYm9yZGVyPSIwIj48L3RkPgogIDwvdHI+CjwvdGFibGU+Cjxicj4KCjwhLS3llYblk4HooajnpLox44GT44GT44GL44KJLS0+Cgo8IS0t44K/44Kk44OI44OrMeOBk+OBk+OBi+OCiS0tPgo8YnI+CjxiPjxmb250IGNvbG9yPSIjN0U3QzdDIiBmYWNlPSLjg6HjgqTjg6rjgqoiPlBJQ0tVUCBJVEVNPC9mb250PjwvYj48YnI+CgoKPCEtLeOCv+OCpOODiOODqzHjgZPjgZPjgb7jgactLT4KCgo8YnI+Cjxicj4KCjwhLS3llYblk4HooajnpLox44GT44GT44G+44GnLS0+Cgo8IS0t5ZWG5ZOB6KGo56S6MuOBk+OBk+OBi+OCiS0tPgoKPCEtLeOCv+OCpOODiOODqzLjgZPjgZPjgYvjgoktLT4KPGJyPgo8Yj48Zm9udCBjb2xvcj0iIzdFN0M3QyIgZmFjZT0i44Oh44Kk44Oq44KqIj5QSUNLVVAgSVRFTTwvZm9udD48L2I+PGJyPgoKCjwhLS3jgr/jgqTjg4jjg6sy44GT44GT44G+44GnLS0+CgoKCjxicj4KPGJyPgoKPCEtLeWVhuWTgeihqOekujLjgZPjgZPjgb7jgactLT4KCjwhLS3llYblk4HooajnpLoz44GT44GT44GL44KJLS0+Cgo8IS0t44K/44Kk44OI44OrM+OBk+OBk+OBi+OCiS0tPgo8YnI+CjxiPjxmb250IGNvbG9yPSIjN0U3QzdDIiBmYWNlPSLjg6HjgqTjg6rjgqoiPlBJQ0tVUCBJVEVNPC9mb250PjwvYj48YnI+CgoKPCEtLeOCv+OCpOODiOODqzPjgZPjgZPjgb7jgactLT4KCgoKPGJyPgo8YnI+Cgo8IS0t5ZWG5ZOB6KGo56S6M+OBk+OBk+OBvuOBpy0tPgoKCjxicj4KPGJyPg==,KEdBUk1JTi/jgqzjg7zjg5/jg7MpRWRnZeeUqCDjgqLjgq/jgrvjgrXjg6og44K344Oq44Kz44Oz44Kx44O844K5RWRnZTUyMOeUqO+8muOCteOCpOOCr+ODq+ODreODvOODiQ==,6Ieq6Lui6LuK44OR44O844OE44Ot44O844OJ44OR44O844OE6YCa6LKp44K144Kk44Kv44Or44Kr44OQ44O844OR44O844Or44Kk44K644OfU0hJTUFOT1BFQVJM44CASVpVTUnjg4/jg7Pjg4njg6vjg4Hjg6PjgqTjg6vjg4njgrfjg7zjg4jjg5jjg6vjg6Hjg4Pjg4jjgr/jgqTjg6Tjg4Hjg6Xjg7zjg5bjg5rjg4Djg6vjg5bjg6zjg7zjgq3nqbrmsJflhaXjgozjg6njgqTjg4jjg5DjgrnjgrHjg4Pjg4jjgrXjg4njg6vjg5bjg6rjg4Ljgrnjg4jjg7Pjgq/jg6njg7Pjgq8oR0FSTUlOL+OCrOODvOODn+ODsylFZGdl55SoIOOCouOCr+OCu+OCteODqiDjgrfjg6rjgrPjg7PjgrHjg7zjgrlFZGdlNTIw55So,KEdBUk1JTi/jgqzjg7zjg5/jg7MpRWRnZeeUqCDjgqLjgq/jgrvjgrXjg6og44K344Oq44Kz44Oz44Kx44O844K5RWRnZTUyMOeUqA==[rn]
2-78713,aHR0cDovL3RzaG9wLnIxMHMuanAvYXVjLWN5Y2xlLXBhcnRzL2NhYmluZXQvaW1nMjIvZ2FjYy0xNzAzLTY4LmpwZz9maXRpbj03MDA6NzAw,MjUyMC4wMDAw,,44K544Od44O844OE44O744Ki44Km44OI44OJ44KiID4g6Ieq6Lui6LuK44O744K144Kk44Kv44Oq44Oz44KwID4g6Ieq6Lui6LuK55So44Ki44Kv44K744K144Oq44O8ID4g44K144Kk44Kv44Or44Kz44Oz44OU44Ol44O844K/44O8,KEdBUk1JTi/jgqzjg7zjg5/jg7Mp44K544Od44O844OE44Km44Kp44OD44OBIOOCouOCr+OCu+OCteODqiDjg5njg6vjg4jkuqTmj5vjgq3jg4Pjg4hGQTF4SueUqCBM,,4peP5ZWG5ZOB5qaC6KaB77yaRm9yZUF0aGxldGUxMEogQmxhY2tSZWTjgIFGb3JlQXRobGV0ZTE1SiBCbHVlQmxhY2svUmVkQmxhY2vnlKjjga7jg5njg6vjg4jkuqTmj5vjgq3jg4Pjg4jjgafjgZnjgII8YnI+4peP44Oh44O844Kr44O85ZCN77yaR0FSTUlOL+OCrOODvOODn+ODszxicj7il4/igLvllYblk4Hjga7jg4fjgrbjgqTjg7PjgIHku5Xmp5jjgIHlpJboprPjgIHjga/kuojlkYrjgarjgY/lpInmm7TjgZnjgovloLTlkIjjgYzjgYLjgorjgb7jgZnjga7jgafjgZTkuobmib/jgY/jgaDjgZXjgYTjgII8dGFibGUgd2lkdGg9IjczMCIgYm9yZGVyPSIwIiBhbGlnbj0iY2VudGVyIiBjZWxsc3BhY2luZz0iNSI+CiAgPHRyPgogICAgPHRkPjxkaXYgYWxpZ249ImNlbnRlciI+PGltZyBzcmM9Imh0dHA6Ly9pbWFnZS5yYWt1dGVuLmNvLmpwL2F1Yy1jeWNsZS1wYXJ0cy9jYWJpbmV0L2JhbmEtZ2F6b3UvYm4tc28uanBnIiBhbHQ9ImFhIiB3aWR0aD0iMTEyIiBib3JkZXI9IjAiPjwvZGl2PjwvdGQ+CiAgICA8dGQ+PGltZyBzcmM9Imh0dHA6Ly9pbWFnZS5yYWt1dGVuLmNvLmpwL2F1Yy1jeWNsZS1wYXJ0cy9jYWJpbmV0L2JhbmEtZ2F6b3UvYmUtYm9sbGUuanBnIiB3aWR0aD0iMTEyIiBib3JkZXI9IjAiPjwvdGQ+CiAgICA8dGQ+PGltZyBzcmM9Imh0dHA6Ly9pbWFnZS5yYWt1dGVuLmNvLmpwL2F1Yy1jeWNsZS1wYXJ0cy9jYWJpbmV0L2JhbmEtZ2F6b3UvYm4tYXF1YS5qcGciIGFsdD0i44Ki44Kv44Ki44K544OV44Kj44KiIiB3aWR0aD0iMTEyIiBib3JkZXI9IjAiPjwvdGQ+CiAgICA8dGQ+PGltZyBzcmM9Imh0dHA6Ly9pbWFnZS5yYWt1dGVuLmNvLmpwL2F1Yy1jeWNsZS1wYXJ0cy9jYWJpbmV0L2JhbmEtZ2F6b3UvYm4tdml0LmpwZyIgYWx0PSLjg5Pjg4Pjg4jjg6rjgqIiIHdpZHRoPSIxMTIiIGJvcmRlcj0iMCI+PC90ZD4KICAgIDx0ZD48aW1nIHNyYz0iaHR0cDovL2ltYWdlLnJha3V0ZW4uY28uanAvYXVjLWN5Y2xlLXBhcnRzL2NhYmluZXQvYmFuYS1nYXpvdS9ibi1mb290LmpwZyIgYWx0PSJGT09UTUFYIiB3aWR0aD0iMTEyIiBib3JkZXI9IjAiPjwvdGQ+CiAgICA8dGQ+PGltZyBzcmM9Imh0dHA6Ly9pbWFnZS5yYWt1dGVuLmNvLmpwL2F1Yy1jeWNsZS1wYXJ0cy9jYWJpbmV0L2JhbmEtZ2F6b3UvYm4tbmV3b24uanBnIiBhbHQ9Im5ld3RvbiIgd2lkdGg9IjExMiIgYm9yZGVyPSIwIj48L3RkPgogIDwvdHI+CiAgPHRyPgogICAgPHRkPjxpbWcgc3JjPSJodHRwOi8vaW1hZ2UucmFrdXRlbi5jby5qcC9hdWMtY3ljbGUtcGFydHMvY2FiaW5ldC9iYW5hLWdhem91L2JuLXNoaW1hbm9hYy5qcGciIGFsdD0iIiB3aWR0aD0iMTEyIiBib3JkZXI9IjAiPjwvdGQ+CiAgICA8dGQ+PGltZyBzcmM9Imh0dHA6Ly9pbWFnZS5yYWt1dGVuLmNvLmpwL2F1Yy1jeWNsZS1wYXJ0cy9jYWJpbmV0L2JhbmEtZ2F6b3UvYm4tYXNnLWNtLTE0LmpwZyIgYWx0PSIiIHdpZHRoPSIxMTIiIGJvcmRlcj0iMCI+PC90ZD4KICAgIDx0ZD48aW1nIHNyYz0iaHR0cDovL2ltYWdlLnJha3V0ZW4uY28uanAvYXVjLWN5Y2xlLXBhcnRzL2NhYmluZXQvYmFuYS1nYXpvdS9ibi1zd2V3LmpwZyIgYWx0PSLjgrfjg57jg47jgrXjg7PjgrDjg6njgrkiIHdpZHRoPSIxMTIiIGJvcmRlcj0iMCI+PC90ZD4KICAgIDx0ZD48aW1nIHNyYz0iaHR0cDovL2ltYWdlLnJha3V0ZW4uY28uanAvYXVjLWN5Y2xlLXBhcnRzL2NhYmluZXQvYmFuYS1nYXpvdS9ibi1zaGltYW5vc2Fkb2xsZS5qcGciIGFsdD0iIiB3aWR0aD0iMTEyIiBib3JkZXI9IjAiPjwvdGQ+CiAgICA8dGQ+PGltZyBzcmM9Imh0dHA6Ly9pbWFnZS5yYWt1dGVuLmNvLmpwL2F1Yy1jeWNsZS1wYXJ0cy9jYWJpbmV0L2JhbmEtZ2F6b3UvYm4tc2hpbWFub2hhbmRvbGxlLmpwZyIgYWx0PSIiIHdpZHRoPSIxMTIiIGJvcmRlcj0iMCI+PC90ZD4KICAgIDx0ZD48aW1nIHNyYz0iaHR0cDovL2ltYWdlLnJha3V0ZW4uY28uanAvYXVjLWN5Y2xlLXBhcnRzL2NhYmluZXQvYmFuYS1nYXpvdS9ibi1zaGltYW5vYm90dGxlLmpwZyIgd2lkdGg9IjExMiIgYm9yZGVyPSIwIj48L3RkPgogIDwvdHI+CjwvdGFibGU+Cjxicj4KCjwhLS3llYblk4HooajnpLox44GT44GT44GL44KJLS0+Cgo8IS0t44K/44Kk44OI44OrMeOBk+OBk+OBi+OCiS0tPgo8YnI+CjxiPjxmb250IGNvbG9yPSIjN0U3QzdDIiBmYWNlPSLjg6HjgqTjg6rjgqoiPlBJQ0tVUCBJVEVNPC9mb250PjwvYj48YnI+CgoKPCEtLeOCv+OCpOODiOODqzHjgZPjgZPjgb7jgactLT4KCgo8YnI+Cjxicj4KCjwhLS3llYblk4HooajnpLox44GT44GT44G+44GnLS0+Cgo8IS0t5ZWG5ZOB6KGo56S6MuOBk+OBk+OBi+OCiS0tPgoKPCEtLeOCv+OCpOODiOODqzLjgZPjgZPjgYvjgoktLT4KPGJyPgo8Yj48Zm9udCBjb2xvcj0iIzdFN0M3QyIgZmFjZT0i44Oh44Kk44Oq44KqIj5QSUNLVVAgSVRFTTwvZm9udD48L2I+PGJyPgoKCjwhLS3jgr/jgqTjg4jjg6sy44GT44GT44G+44GnLS0+CgoKCjxicj4KPGJyPgoKPCEtLeWVhuWTgeihqOekujLjgZPjgZPjgb7jgactLT4KCjwhLS3llYblk4HooajnpLoz44GT44GT44GL44KJLS0+Cgo8IS0t44K/44Kk44OI44OrM+OBk+OBk+OBi+OCiS0tPgo8YnI+CjxiPjxmb250IGNvbG9yPSIjN0U3QzdDIiBmYWNlPSLjg6HjgqTjg6rjgqoiPlBJQ0tVUCBJVEVNPC9mb250PjwvYj48YnI+CgoKPCEtLeOCv+OCpOODiOODqzPjgZPjgZPjgb7jgactLT4KCgoKPGJyPgo8YnI+Cgo8IS0t5ZWG5ZOB6KGo56S6M+OBk+OBk+OBvuOBpy0tPgoKCjxicj4KPGJyPg==,KEdBUk1JTi/jgqzjg7zjg5/jg7Mp44K544Od44O844OE44Km44Kp44OD44OBIOOCouOCr+OCu+OCteODqiDjg5njg6vjg4jkuqTmj5vjgq3jg4Pjg4hGQTF4SueUqCBM77ya44K144Kk44Kv44Or44Ot44O844OJ,6Ieq6Lui6LuK44OR44O844OE44Ot44O844OJ44OR44O844OE6YCa6LKp44K144Kk44Kv44Or44Kr44OQ44O844OR44O844Or44Kk44K644OfU0hJTUFOT1BFQVJM44CASVpVTUnjg4/jg7Pjg4njg6vjg4Hjg6PjgqTjg6vjg4njgrfjg7zjg4jjg5jjg6vjg6Hjg4Pjg4jjgr/jgqTjg6Tjg4Hjg6Xjg7zjg5bjg5rjg4Djg6vjg5bjg6zjg7zjgq3nqbrmsJflhaXjgozjg6njgqTjg4jjg5DjgrnjgrHjg4Pjg4jjgrXjg4njg6vjg5bjg6rjg4Ljgrnjg4jjg7Pjgq/jg6njg7Pjgq8oR0FSTUlOL+OCrOODvOODn+ODsynjgrnjg53jg7zjg4Tjgqbjgqnjg4Pjg4Eg44Ki44Kv44K744K144OqIOODmeODq+ODiOS6pOaPm+OCreODg+ODiEZBMXhK55SoIEw=,KEdBUk1JTi/jgqzjg7zjg5/jg7Mp44K544Od44O844OE44Km44Kp44OD44OBIOOCouOCr+OCu+OCteODqiDjg5njg6vjg4jkuqTmj5vjgq3jg4Pjg4hGQTF4SueUqCBM[rn]
2-78714,aHR0cDovL3RzaG9wLnIxMHMuanAvYXVjLWN5Y2xlLXBhcnRzL2NhYmluZXQvaW1nMjIvZ2FjYy0xNzAzLTM5LmpwZz9maXRpbj03MDA6NzAw,MTI4MzMuNjAwMA==,,44K544Od44O844OE44O744Ki44Km44OI44OJ44KiID4g6Ieq6Lui6LuK44O744K144Kk44Kv44Oq44Oz44KwID4g6Ieq6Lui6LuK55So44Ki44Kv44K744K144Oq44O8ID4g44K144Kk44Kv44Or44Kz44Oz44OU44Ol44O844K/44O8,KEdBUk1JTi/jgqzjg7zjg5/jg7Mp44K544Od44O844OE44Km44Kp44OD44OBIEZvcmVBdGhsZXRlMjIwSg==,,4peP5ZWG5ZOB5qaC6KaB77ya44K544K/44Kk44Oq44OD44K344Ol44Gq44Ov44Kk44Ok44Os44K544Op44Oz44OL44Oz44Kw44Km44Kp44OD44OBPEJSPjxCUj5H44K744Oz44K144O844CBQmx1ZXRvb3Ro44CB44OQ44Kk44OW44Os44O844K344On44OzIOOCkuaWsOOBn+OBq+aQrei8ieOBl+OBn0ZvcmVBdGhsZXRlMjIwSuOBr+OAgeWJjeODouODh+ODq+OBrjUyZ+OBi+OCiempmuOBjeOBrjQwLjdn44Gr6Lu96YeP5YyW44KS5Zuz44KK44G+44GX44Gf44CC5Y6a44GV44KCMTNtbeOBi+OCiSAxMm1t44Gr44CC44Op44Oz44OK44O844Gr5b+F6KaB44Gq5aSa44GP44Gu5qmf6IO944KS5YW844Gt5YKZ44GI44Gq44GM44KJ44CB5aWz5oCn44Gn44KC5rqA6Laz44GE44Gf44Gg44GR44KL44K544K/44Kk44Oq44OD44K344Ol44OH44K244Kk44Oz44GM6Zqb56uL44Gk44Oi44OH44Or44Gn44GZ44CCPEJSPuihm+aYn+WPl+S/oeOCguOBv+OBoeOBs+OBjeWvvuW/nOOBr+eEoeirluOAgea4rOS9jeOBvuOBp+OBruaZgumWk+OBruefree4ruWMluOCkuWbs+OCiuOBvuOBl+OBn+OAgjxCUj7mnKzkvZPjgavlhoXolLXjgZXjgozjgZ9H44K744Oz44K144O844Gr44KI44KK44CB6KGb5pif5Y+X5L+h44GM6Zuj44GX44GE5bGL5YaF44Gn44Gu44OI44Os44O844OL44Oz44Kw5pmC44Gr44KC44OV44OD44OI44Od44OD44OJ6KOF552A44Gu5b+F6KaB44GqIOOBj+OAgeODh+ODvOOCv+OBjOWPluW+l+OBp+OBjeOBvuOBmeOAgjxicj7il4/jg6Hjg7zjgqvjg7zlkI3vvJpHQVJNSU4v44Ks44O844Of44OzPGJyPuKXj+KAu+WVhuWTgeOBruODh+OCtuOCpOODs+OAgeS7leanmOOAgeWkluims+OAgeOBr+S6iOWRiuOBquOBj+WkieabtOOBmeOCi+WgtOWQiOOBjOOBguOCiuOBvuOBmeOBruOBp+OBlOS6huaJv+OBj+OBoOOBleOBhOOAgjx0YWJsZSB3aWR0aD0iNzMwIiBib3JkZXI9IjAiIGFsaWduPSJjZW50ZXIiIGNlbGxzcGFjaW5nPSI1Ij4KICA8dHI+CiAgICA8dGQ+PGRpdiBhbGlnbj0iY2VudGVyIj48aW1nIHNyYz0iaHR0cDovL2ltYWdlLnJha3V0ZW4uY28uanAvYXVjLWN5Y2xlLXBhcnRzL2NhYmluZXQvYmFuYS1nYXpvdS9ibi1zby5qcGciIGFsdD0iYWEiIHdpZHRoPSIxMTIiIGJvcmRlcj0iMCI+PC9kaXY+PC90ZD4KICAgIDx0ZD48aW1nIHNyYz0iaHR0cDovL2ltYWdlLnJha3V0ZW4uY28uanAvYXVjLWN5Y2xlLXBhcnRzL2NhYmluZXQvYmFuYS1nYXpvdS9iZS1ib2xsZS5qcGciIHdpZHRoPSIxMTIiIGJvcmRlcj0iMCI+PC90ZD4KICAgIDx0ZD48aW1nIHNyYz0iaHR0cDovL2ltYWdlLnJha3V0ZW4uY28uanAvYXVjLWN5Y2xlLXBhcnRzL2NhYmluZXQvYmFuYS1nYXpvdS9ibi1hcXVhLmpwZyIgYWx0PSLjgqLjgq/jgqLjgrnjg5XjgqPjgqIiIHdpZHRoPSIxMTIiIGJvcmRlcj0iMCI+PC90ZD4KICAgIDx0ZD48aW1nIHNyYz0iaHR0cDovL2ltYWdlLnJha3V0ZW4uY28uanAvYXVjLWN5Y2xlLXBhcnRzL2NhYmluZXQvYmFuYS1nYXpvdS9ibi12aXQuanBnIiBhbHQ9IuODk+ODg+ODiOODquOCoiIgd2lkdGg9IjExMiIgYm9yZGVyPSIwIj48L3RkPgogICAgPHRkPjxpbWcgc3JjPSJodHRwOi8vaW1hZ2UucmFrdXRlbi5jby5qcC9hdWMtY3ljbGUtcGFydHMvY2FiaW5ldC9iYW5hLWdhem91L2JuLWZvb3QuanBnIiBhbHQ9IkZPT1RNQVgiIHdpZHRoPSIxMTIiIGJvcmRlcj0iMCI+PC90ZD4KICAgIDx0ZD48aW1nIHNyYz0iaHR0cDovL2ltYWdlLnJha3V0ZW4uY28uanAvYXVjLWN5Y2xlLXBhcnRzL2NhYmluZXQvYmFuYS1nYXpvdS9ibi1uZXdvbi5qcGciIGFsdD0ibmV3dG9uIiB3aWR0aD0iMTEyIiBib3JkZXI9IjAiPjwvdGQ+CiAgPC90cj4KICA8dHI+CiAgICA8dGQ+PGltZyBzcmM9Imh0dHA6Ly9pbWFnZS5yYWt1dGVuLmNvLmpwL2F1Yy1jeWNsZS1wYXJ0cy9jYWJpbmV0L2JhbmEtZ2F6b3UvYm4tc2hpbWFub2FjLmpwZyIgYWx0PSIiIHdpZHRoPSIxMTIiIGJvcmRlcj0iMCI+PC90ZD4KICAgIDx0ZD48aW1nIHNyYz0iaHR0cDovL2ltYWdlLnJha3V0ZW4uY28uanAvYXVjLWN5Y2xlLXBhcnRzL2NhYmluZXQvYmFuYS1nYXpvdS9ibi1hc2ctY20tMTQuanBnIiBhbHQ9IiIgd2lkdGg9IjExMiIgYm9yZGVyPSIwIj48L3RkPgogICAgPHRkPjxpbWcgc3JjPSJodHRwOi8vaW1hZ2UucmFrdXRlbi5jby5qcC9hdWMtY3ljbGUtcGFydHMvY2FiaW5ldC9iYW5hLWdhem91L2JuLXN3ZXcuanBnIiBhbHQ9IuOCt+ODnuODjuOCteODs+OCsOODqeOCuSIgd2lkdGg9IjExMiIgYm9yZGVyPSIwIj48L3RkPgogICAgPHRkPjxpbWcgc3JjPSJodHRwOi8vaW1hZ2UucmFrdXRlbi5jby5qcC9hdWMtY3ljbGUtcGFydHMvY2FiaW5ldC9iYW5hLWdhem91L2JuLXNoaW1hbm9zYWRvbGxlLmpwZyIgYWx0PSIiIHdpZHRoPSIxMTIiIGJvcmRlcj0iMCI+PC90ZD4KICAgIDx0ZD48aW1nIHNyYz0iaHR0cDovL2ltYWdlLnJha3V0ZW4uY28uanAvYXVjLWN5Y2xlLXBhcnRzL2NhYmluZXQvYmFuYS1nYXpvdS9ibi1zaGltYW5vaGFuZG9sbGUuanBnIiBhbHQ9IiIgd2lkdGg9IjExMiIgYm9yZGVyPSIwIj48L3RkPgogICAgPHRkPjxpbWcgc3JjPSJodHRwOi8vaW1hZ2UucmFrdXRlbi5jby5qcC9hdWMtY3ljbGUtcGFydHMvY2FiaW5ldC9iYW5hLWdhem91L2JuLXNoaW1hbm9ib3R0bGUuanBnIiB3aWR0aD0iMTEyIiBib3JkZXI9IjAiPjwvdGQ+CiAgPC90cj4KPC90YWJsZT4KPGJyPgoKPCEtLeWVhuWTgeihqOekujHjgZPjgZPjgYvjgoktLT4KCjwhLS3jgr/jgqTjg4jjg6sx44GT44GT44GL44KJLS0+Cjxicj4KPGI+PGZvbnQgY29sb3I9IiM3RTdDN0MiIGZhY2U9IuODoeOCpOODquOCqiI+UElDS1VQIElURU08L2ZvbnQ+PC9iPjxicj4KCgo8IS0t44K/44Kk44OI44OrMeOBk+OBk+OBvuOBpy0tPgoKCjxicj4KPGJyPgoKPCEtLeWVhuWTgeihqOekujHjgZPjgZPjgb7jgactLT4KCjwhLS3llYblk4HooajnpLoy44GT44GT44GL44KJLS0+Cgo8IS0t44K/44Kk44OI44OrMuOBk+OBk+OBi+OCiS0tPgo8YnI+CjxiPjxmb250IGNvbG9yPSIjN0U3QzdDIiBmYWNlPSLjg6HjgqTjg6rjgqoiPlBJQ0tVUCBJVEVNPC9mb250PjwvYj48YnI+CgoKPCEtLeOCv+OCpOODiOODqzLjgZPjgZPjgb7jgactLT4KCgoKPGJyPgo8YnI+Cgo8IS0t5ZWG5ZOB6KGo56S6MuOBk+OBk+OBvuOBpy0tPgoKPCEtLeWVhuWTgeihqOekujPjgZPjgZPjgYvjgoktLT4KCjwhLS3jgr/jgqTjg4jjg6sz44GT44GT44GL44KJLS0+Cjxicj4KPGI+PGZvbnQgY29sb3I9IiM3RTdDN0MiIGZhY2U9IuODoeOCpOODquOCqiI+UElDS1VQIElURU08L2ZvbnQ+PC9iPjxicj4KCgo8IS0t44K/44Kk44OI44OrM+OBk+OBk+OBvuOBpy0tPgoKCgo8YnI+Cjxicj4KCjwhLS3llYblk4HooajnpLoz44GT44GT44G+44GnLS0+CgoKPGJyPgo8YnI+,KEdBUk1JTi/jgqzjg7zjg5/jg7Mp44K544Od44O844OE44Km44Kp44OD44OBIEZvcmVBdGhsZXRlMjIwSu+8muOCteOCpOOCr+ODq+ODreODvOODiQ==,6Ieq6Lui6LuK44OR44O844OE44Ot44O844OJ44OR44O844OE6YCa6LKp44K144Kk44Kv44Or44Kr44OQ44O844OR44O844Or44Kk44K644OfU0hJTUFOT1BFQVJM44CASVpVTUnjg4/jg7Pjg4njg6vjg4Hjg6PjgqTjg6vjg4njgrfjg7zjg4jjg5jjg6vjg6Hjg4Pjg4jjgr/jgqTjg6Tjg4Hjg6Xjg7zjg5bjg5rjg4Djg6vjg5bjg6zjg7zjgq3nqbrmsJflhaXjgozjg6njgqTjg4jjg5DjgrnjgrHjg4Pjg4jjgrXjg4njg6vjg5bjg6rjg4Ljgrnjg4jjg7Pjgq/jg6njg7Pjgq8oR0FSTUlOL+OCrOODvOODn+ODsynjgrnjg53jg7zjg4Tjgqbjgqnjg4Pjg4EgRm9yZUF0aGxldGUyMjBK,KEdBUk1JTi/jgqzjg7zjg5/jg7Mp44K544Od44O844OE44Km44Kp44OD44OBIEZvcmVBdGhsZXRlMjIwSg==[rn]
2-78715,aHR0cDovL3RzaG9wLnIxMHMuanAvYXVjLWN5Y2xlLXBhcnRzL2NhYmluZXQvaW1nMjIvZ2FjYy0xNzAzLTU0LmpwZz9maXRpbj03MDA6NzAw,MjUyMC4wMDAw,,44K544Od44O844OE44O744Ki44Km44OI44OJ44KiID4g6Ieq6Lui6LuK44O744K144Kk44Kv44Oq44Oz44KwID4g6Ieq6Lui6LuK55So44Ki44Kv44K744K144Oq44O8ID4g44K144Kk44Kv44Or44Kz44Oz44OU44Ol44O844K/44O8,KEdBUk1JTi/jgqzjg7zjg5/jg7Mp44K544Od44O844OE44Km44Kp44OD44OBIOOCouOCr+OCu+OCteODqiBGQTkxMC80MTAvNDA155So44OB44Oj44O844K444Oz44Kw44Kv44Oq44OD44OX,,4peP5ZWG5ZOB5qaC6KaB77ya44OV44Kp44Ki44Ki44K544Oq44O844OINDA144Gr5LuY5bGe44GX44Gm44GE44KL44CB5YWF6Zu755So44Gu44Kv44Oq44OD44OX44Gn44GZ44CCPEJSPuaVhemanOaZguOBruS7o+abv+etieOBq+OBiuS9v+OBhOS4i+OBleOBhOOAgjxicj7il4/jg6Hjg7zjgqvjg7zlkI3vvJpHQVJNSU4v44Ks44O844Of44OzPGJyPuKXj+KAu+WVhuWTgeOBruODh+OCtuOCpOODs+OAgeS7leanmOOAgeWkluims+OAgeOBr+S6iOWRiuOBquOBj+WkieabtOOBmeOCi+WgtOWQiOOBjOOBguOCiuOBvuOBmeOBruOBp+OBlOS6huaJv+OBj+OBoOOBleOBhOOAgjx0YWJsZSB3aWR0aD0iNzMwIiBib3JkZXI9IjAiIGFsaWduPSJjZW50ZXIiIGNlbGxzcGFjaW5nPSI1Ij4KICA8dHI+CiAgICA8dGQ+PGRpdiBhbGlnbj0iY2VudGVyIj48aW1nIHNyYz0iaHR0cDovL2ltYWdlLnJha3V0ZW4uY28uanAvYXVjLWN5Y2xlLXBhcnRzL2NhYmluZXQvYmFuYS1nYXpvdS9ibi1zby5qcGciIGFsdD0iYWEiIHdpZHRoPSIxMTIiIGJvcmRlcj0iMCI+PC9kaXY+PC90ZD4KICAgIDx0ZD48aW1nIHNyYz0iaHR0cDovL2ltYWdlLnJha3V0ZW4uY28uanAvYXVjLWN5Y2xlLXBhcnRzL2NhYmluZXQvYmFuYS1nYXpvdS9iZS1ib2xsZS5qcGciIHdpZHRoPSIxMTIiIGJvcmRlcj0iMCI+PC90ZD4KICAgIDx0ZD48aW1nIHNyYz0iaHR0cDovL2ltYWdlLnJha3V0ZW4uY28uanAvYXVjLWN5Y2xlLXBhcnRzL2NhYmluZXQvYmFuYS1nYXpvdS9ibi1hcXVhLmpwZyIgYWx0PSLjgqLjgq/jgqLjgrnjg5XjgqPjgqIiIHdpZHRoPSIxMTIiIGJvcmRlcj0iMCI+PC90ZD4KICAgIDx0ZD48aW1nIHNyYz0iaHR0cDovL2ltYWdlLnJha3V0ZW4uY28uanAvYXVjLWN5Y2xlLXBhcnRzL2NhYmluZXQvYmFuYS1nYXpvdS9ibi12aXQuanBnIiBhbHQ9IuODk+ODg+ODiOODquOCoiIgd2lkdGg9IjExMiIgYm9yZGVyPSIwIj48L3RkPgogICAgPHRkPjxpbWcgc3JjPSJodHRwOi8vaW1hZ2UucmFrdXRlbi5jby5qcC9hdWMtY3ljbGUtcGFydHMvY2FiaW5ldC9iYW5hLWdhem91L2JuLWZvb3QuanBnIiBhbHQ9IkZPT1RNQVgiIHdpZHRoPSIxMTIiIGJvcmRlcj0iMCI+PC90ZD4KICAgIDx0ZD48aW1nIHNyYz0iaHR0cDovL2ltYWdlLnJha3V0ZW4uY28uanAvYXVjLWN5Y2xlLXBhcnRzL2NhYmluZXQvYmFuYS1nYXpvdS9ibi1uZXdvbi5qcGciIGFsdD0ibmV3dG9uIiB3aWR0aD0iMTEyIiBib3JkZXI9IjAiPjwvdGQ+CiAgPC90cj4KICA8dHI+CiAgICA8dGQ+PGltZyBzcmM9Imh0dHA6Ly9pbWFnZS5yYWt1dGVuLmNvLmpwL2F1Yy1jeWNsZS1wYXJ0cy9jYWJpbmV0L2JhbmEtZ2F6b3UvYm4tc2hpbWFub2FjLmpwZyIgYWx0PSIiIHdpZHRoPSIxMTIiIGJvcmRlcj0iMCI+PC90ZD4KICAgIDx0ZD48aW1nIHNyYz0iaHR0cDovL2ltYWdlLnJha3V0ZW4uY28uanAvYXVjLWN5Y2xlLXBhcnRzL2NhYmluZXQvYmFuYS1nYXpvdS9ibi1hc2ctY20tMTQuanBnIiBhbHQ9IiIgd2lkdGg9IjExMiIgYm9yZGVyPSIwIj48L3RkPgogICAgPHRkPjxpbWcgc3JjPSJodHRwOi8vaW1hZ2UucmFrdXRlbi5jby5qcC9hdWMtY3ljbGUtcGFydHMvY2FiaW5ldC9iYW5hLWdhem91L2JuLXN3ZXcuanBnIiBhbHQ9IuOCt+ODnuODjuOCteODs+OCsOODqeOCuSIgd2lkdGg9IjExMiIgYm9yZGVyPSIwIj48L3RkPgogICAgPHRkPjxpbWcgc3JjPSJodHRwOi8vaW1hZ2UucmFrdXRlbi5jby5qcC9hdWMtY3ljbGUtcGFydHMvY2FiaW5ldC9iYW5hLWdhem91L2JuLXNoaW1hbm9zYWRvbGxlLmpwZyIgYWx0PSIiIHdpZHRoPSIxMTIiIGJvcmRlcj0iMCI+PC90ZD4KICAgIDx0ZD48aW1nIHNyYz0iaHR0cDovL2ltYWdlLnJha3V0ZW4uY28uanAvYXVjLWN5Y2xlLXBhcnRzL2NhYmluZXQvYmFuYS1nYXpvdS9ibi1zaGltYW5vaGFuZG9sbGUuanBnIiBhbHQ9IiIgd2lkdGg9IjExMiIgYm9yZGVyPSIwIj48L3RkPgogICAgPHRkPjxpbWcgc3JjPSJodHRwOi8vaW1hZ2UucmFrdXRlbi5jby5qcC9hdWMtY3ljbGUtcGFydHMvY2FiaW5ldC9iYW5hLWdhem91L2JuLXNoaW1hbm9ib3R0bGUuanBnIiB3aWR0aD0iMTEyIiBib3JkZXI9IjAiPjwvdGQ+CiAgPC90cj4KPC90YWJsZT4KPGJyPgoKPCEtLeWVhuWTgeihqOekujHjgZPjgZPjgYvjgoktLT4KCjwhLS3jgr/jgqTjg4jjg6sx44GT44GT44GL44KJLS0+Cjxicj4KPGI+PGZvbnQgY29sb3I9IiM3RTdDN0MiIGZhY2U9IuODoeOCpOODquOCqiI+UElDS1VQIElURU08L2ZvbnQ+PC9iPjxicj4KCgo8IS0t44K/44Kk44OI44OrMeOBk+OBk+OBvuOBpy0tPgoKCjxicj4KPGJyPgoKPCEtLeWVhuWTgeihqOekujHjgZPjgZPjgb7jgactLT4KCjwhLS3llYblk4HooajnpLoy44GT44GT44GL44KJLS0+Cgo8IS0t44K/44Kk44OI44OrMuOBk+OBk+OBi+OCiS0tPgo8YnI+CjxiPjxmb250IGNvbG9yPSIjN0U3QzdDIiBmYWNlPSLjg6HjgqTjg6rjgqoiPlBJQ0tVUCBJVEVNPC9mb250PjwvYj48YnI+CgoKPCEtLeOCv+OCpOODiOODqzLjgZPjgZPjgb7jgactLT4KCgoKPGJyPgo8YnI+Cgo8IS0t5ZWG5ZOB6KGo56S6MuOBk+OBk+OBvuOBpy0tPgoKPCEtLeWVhuWTgeihqOekujPjgZPjgZPjgYvjgoktLT4KCjwhLS3jgr/jgqTjg4jjg6sz44GT44GT44GL44KJLS0+Cjxicj4KPGI+PGZvbnQgY29sb3I9IiM3RTdDN0MiIGZhY2U9IuODoeOCpOODquOCqiI+UElDS1VQIElURU08L2ZvbnQ+PC9iPjxicj4KCgo8IS0t44K/44Kk44OI44OrM+OBk+OBk+OBvuOBpy0tPgoKCgo8YnI+Cjxicj4KCjwhLS3llYblk4HooajnpLoz44GT44GT44G+44GnLS0+CgoKPGJyPgo8YnI+,KEdBUk1JTi/jgqzjg7zjg5/jg7Mp44K544Od44O844OE44Km44Kp44OD44OBIOOCouOCr+OCu+OCteODqiBGQTkxMC80MTAvNDA155So44OB44Oj44O844K444Oz44Kw44Kv44Oq44OD44OX77ya44K144Kk44Kv44Or44Ot44O844OJ,6Ieq6Lui6LuK44OR44O844OE44Ot44O844OJ44OR44O844OE6YCa6LKp44K144Kk44Kv44Or44Kr44OQ44O844OR44O844Or44Kk44K644OfU0hJTUFOT1BFQVJM44CASVpVTUnjg4/jg7Pjg4njg6vjg4Hjg6PjgqTjg6vjg4njgrfjg7zjg4jjg5jjg6vjg6Hjg4Pjg4jjgr/jgqTjg6Tjg4Hjg6Xjg7zjg5bjg5rjg4Djg6vjg5bjg6zjg7zjgq3nqbrmsJflhaXjgozjg6njgqTjg4jjg5DjgrnjgrHjg4Pjg4jjgrXjg4njg6vjg5bjg6rjg4Ljgrnjg4jjg7Pjgq/jg6njg7Pjgq8oR0FSTUlOL+OCrOODvOODn+ODsynjgrnjg53jg7zjg4Tjgqbjgqnjg4Pjg4Eg44Ki44Kv44K744K144OqIEZBOTEwLzQxMC80MDXnlKjjg4Hjg6Pjg7zjgrjjg7PjgrDjgq/jg6rjg4Pjg5c=,KEdBUk1JTi/jgqzjg7zjg5/jg7Mp44K544Od44O844OE44Km44Kp44OD44OBIOOCouOCr+OCu+OCteODqiBGQTkxMC80MTAvNDA155So44OB44Oj44O844K444Oz44Kw44Kv44Oq44OD44OX[rn]
2-78716,aHR0cDovL3RzaG9wLnIxMHMuanAvYXVjLWN5Y2xlLXBhcnRzL2NhYmluZXQvaW1nMjIvZ2FjYy0xNzAzLTYyLmpwZz9maXRpbj03MDA6NzAw,ODQwLjAwMDA=,,44K544Od44O844OE44O744Ki44Km44OI44OJ44KiID4g6Ieq6Lui6LuK44O744K144Kk44Kv44Oq44Oz44KwID4g6Ieq6Lui6LuK55So44Ki44Kv44K744K144Oq44O8ID4g44K144Kk44Kv44Or44Kz44Oz44OU44Ol44O844K/44O8,KEdBUk1JTi/jgqzjg7zjg5/jg7Mp44K544Od44O844OE44Km44Kp44OD44OBIOOCouOCr+OCu+OCteODqiBGQTIyNUrnlKjjg6njg5Djg7zjg6njgqTjg4jjgrfjg7zjg6s=,,4peP5ZWG5ZOB5qaC6KaB77yaRm9yZUF0aGxldGUyMjVK44Gn6YGp5YiH44Gq5b+D5ouN5pWw44Gu5qSc5Ye644KS44GZ44KL44Gf44KB44Gu44OR44O844OE44Gn44GZ44CCPEJSPuiCjOOBq+WvhuedgOOBleOBm+OBpuacrOS9k+OBruOBmuOCjOOCkumYsuOBhOOBoOOCiuOAgeegtOaQjeaZguOBquOBqeOBruS7o+abv+OBiOOBqOOBl+OBpuOBlOWIqeeUqOS4i+OBleOBhOOAgjxicj7il4/jg6Hjg7zjgqvjg7zlkI3vvJpHQVJNSU4v44Ks44O844Of44OzPGJyPuKXj+KAu+WVhuWTgeOBruODh+OCtuOCpOODs+OAgeS7leanmOOAgeWkluims+OAgeOBr+S6iOWRiuOBquOBj+WkieabtOOBmeOCi+WgtOWQiOOBjOOBguOCiuOBvuOBmeOBruOBp+OBlOS6huaJv+OBj+OBoOOBleOBhOOAgjx0YWJsZSB3aWR0aD0iNzMwIiBib3JkZXI9IjAiIGFsaWduPSJjZW50ZXIiIGNlbGxzcGFjaW5nPSI1Ij4KICA8dHI+CiAgICA8dGQ+PGRpdiBhbGlnbj0iY2VudGVyIj48aW1nIHNyYz0iaHR0cDovL2ltYWdlLnJha3V0ZW4uY28uanAvYXVjLWN5Y2xlLXBhcnRzL2NhYmluZXQvYmFuYS1nYXpvdS9ibi1zby5qcGciIGFsdD0iYWEiIHdpZHRoPSIxMTIiIGJvcmRlcj0iMCI+PC9kaXY+PC90ZD4KICAgIDx0ZD48aW1nIHNyYz0iaHR0cDovL2ltYWdlLnJha3V0ZW4uY28uanAvYXVjLWN5Y2xlLXBhcnRzL2NhYmluZXQvYmFuYS1nYXpvdS9iZS1ib2xsZS5qcGciIHdpZHRoPSIxMTIiIGJvcmRlcj0iMCI+PC90ZD4KICAgIDx0ZD48aW1nIHNyYz0iaHR0cDovL2ltYWdlLnJha3V0ZW4uY28uanAvYXVjLWN5Y2xlLXBhcnRzL2NhYmluZXQvYmFuYS1nYXpvdS9ibi1hcXVhLmpwZyIgYWx0PSLjgqLjgq/jgqLjgrnjg5XjgqPjgqIiIHdpZHRoPSIxMTIiIGJvcmRlcj0iMCI+PC90ZD4KICAgIDx0ZD48aW1nIHNyYz0iaHR0cDovL2ltYWdlLnJha3V0ZW4uY28uanAvYXVjLWN5Y2xlLXBhcnRzL2NhYmluZXQvYmFuYS1nYXpvdS9ibi12aXQuanBnIiBhbHQ9IuODk+ODg+ODiOODquOCoiIgd2lkdGg9IjExMiIgYm9yZGVyPSIwIj48L3RkPgogICAgPHRkPjxpbWcgc3JjPSJodHRwOi8vaW1hZ2UucmFrdXRlbi5jby5qcC9hdWMtY3ljbGUtcGFydHMvY2FiaW5ldC9iYW5hLWdhem91L2JuLWZvb3QuanBnIiBhbHQ9IkZPT1RNQVgiIHdpZHRoPSIxMTIiIGJvcmRlcj0iMCI+PC90ZD4KICAgIDx0ZD48aW1nIHNyYz0iaHR0cDovL2ltYWdlLnJha3V0ZW4uY28uanAvYXVjLWN5Y2xlLXBhcnRzL2NhYmluZXQvYmFuYS1nYXpvdS9ibi1uZXdvbi5qcGciIGFsdD0ibmV3dG9uIiB3aWR0aD0iMTEyIiBib3JkZXI9IjAiPjwvdGQ+CiAgPC90cj4KICA8dHI+CiAgICA8dGQ+PGltZyBzcmM9Imh0dHA6Ly9pbWFnZS5yYWt1dGVuLmNvLmpwL2F1Yy1jeWNsZS1wYXJ0cy9jYWJpbmV0L2JhbmEtZ2F6b3UvYm4tc2hpbWFub2FjLmpwZyIgYWx0PSIiIHdpZHRoPSIxMTIiIGJvcmRlcj0iMCI+PC90ZD4KICAgIDx0ZD48aW1nIHNyYz0iaHR0cDovL2ltYWdlLnJha3V0ZW4uY28uanAvYXVjLWN5Y2xlLXBhcnRzL2NhYmluZXQvYmFuYS1nYXpvdS9ibi1hc2ctY20tMTQuanBnIiBhbHQ9IiIgd2lkdGg9IjExMiIgYm9yZGVyPSIwIj48L3RkPgogICAgPHRkPjxpbWcgc3JjPSJodHRwOi8vaW1hZ2UucmFrdXRlbi5jby5qcC9hdWMtY3ljbGUtcGFydHMvY2FiaW5ldC9iYW5hLWdhem91L2JuLXN3ZXcuanBnIiBhbHQ9IuOCt+ODnuODjuOCteODs+OCsOODqeOCuSIgd2lkdGg9IjExMiIgYm9yZGVyPSIwIj48L3RkPgogICAgPHRkPjxpbWcgc3JjPSJodHRwOi8vaW1hZ2UucmFrdXRlbi5jby5qcC9hdWMtY3ljbGUtcGFydHMvY2FiaW5ldC9iYW5hLWdhem91L2JuLXNoaW1hbm9zYWRvbGxlLmpwZyIgYWx0PSIiIHdpZHRoPSIxMTIiIGJvcmRlcj0iMCI+PC90ZD4KICAgIDx0ZD48aW1nIHNyYz0iaHR0cDovL2ltYWdlLnJha3V0ZW4uY28uanAvYXVjLWN5Y2xlLXBhcnRzL2NhYmluZXQvYmFuYS1nYXpvdS9ibi1zaGltYW5vaGFuZG9sbGUuanBnIiBhbHQ9IiIgd2lkdGg9IjExMiIgYm9yZGVyPSIwIj48L3RkPgogICAgPHRkPjxpbWcgc3JjPSJodHRwOi8vaW1hZ2UucmFrdXRlbi5jby5qcC9hdWMtY3ljbGUtcGFydHMvY2FiaW5ldC9iYW5hLWdhem91L2JuLXNoaW1hbm9ib3R0bGUuanBnIiB3aWR0aD0iMTEyIiBib3JkZXI9IjAiPjwvdGQ+CiAgPC90cj4KPC90YWJsZT4KPGJyPgoKPCEtLeWVhuWTgeihqOekujHjgZPjgZPjgYvjgoktLT4KCjwhLS3jgr/jgqTjg4jjg6sx44GT44GT44GL44KJLS0+Cjxicj4KPGI+PGZvbnQgY29sb3I9IiM3RTdDN0MiIGZhY2U9IuODoeOCpOODquOCqiI+UElDS1VQIElURU08L2ZvbnQ+PC9iPjxicj4KCgo8IS0t44K/44Kk44OI44OrMeOBk+OBk+OBvuOBpy0tPgoKCjxicj4KPGJyPgoKPCEtLeWVhuWTgeihqOekujHjgZPjgZPjgb7jgactLT4KCjwhLS3llYblk4HooajnpLoy44GT44GT44GL44KJLS0+Cgo8IS0t44K/44Kk44OI44OrMuOBk+OBk+OBi+OCiS0tPgo8YnI+CjxiPjxmb250IGNvbG9yPSIjN0U3QzdDIiBmYWNlPSLjg6HjgqTjg6rjgqoiPlBJQ0tVUCBJVEVNPC9mb250PjwvYj48YnI+CgoKPCEtLeOCv+OCpOODiOODqzLjgZPjgZPjgb7jgactLT4KCgoKPGJyPgo8YnI+Cgo8IS0t5ZWG5ZOB6KGo56S6MuOBk+OBk+OBvuOBpy0tPgoKPCEtLeWVhuWTgeihqOekujPjgZPjgZPjgYvjgoktLT4KCjwhLS3jgr/jgqTjg4jjg6sz44GT44GT44GL44KJLS0+Cjxicj4KPGI+PGZvbnQgY29sb3I9IiM3RTdDN0MiIGZhY2U9IuODoeOCpOODquOCqiI+UElDS1VQIElURU08L2ZvbnQ+PC9iPjxicj4KCgo8IS0t44K/44Kk44OI44OrM+OBk+OBk+OBvuOBpy0tPgoKCgo8YnI+Cjxicj4KCjwhLS3llYblk4HooajnpLoz44GT44GT44G+44GnLS0+CgoKPGJyPgo8YnI+,KEdBUk1JTi/jgqzjg7zjg5/jg7Mp44K544Od44O844OE44Km44Kp44OD44OBIOOCouOCr+OCu+OCteODqiBGQTIyNUrnlKjjg6njg5Djg7zjg6njgqTjg4jjgrfjg7zjg6vvvJrjgrXjgqTjgq/jg6vjg63jg7zjg4k=,6Ieq6Lui6LuK44OR44O844OE44Ot44O844OJ44OR44O844OE6YCa6LKp44K144Kk44Kv44Or44Kr44OQ44O844OR44O844Or44Kk44K644OfU0hJTUFOT1BFQVJM44CASVpVTUnjg4/jg7Pjg4njg6vjg4Hjg6PjgqTjg6vjg4njgrfjg7zjg4jjg5jjg6vjg6Hjg4Pjg4jjgr/jgqTjg6Tjg4Hjg6Xjg7zjg5bjg5rjg4Djg6vjg5bjg6zjg7zjgq3nqbrmsJflhaXjgozjg6njgqTjg4jjg5DjgrnjgrHjg4Pjg4jjgrXjg4njg6vjg5bjg6rjg4Ljgrnjg4jjg7Pjgq/jg6njg7Pjgq8oR0FSTUlOL+OCrOODvOODn+ODsynjgrnjg53jg7zjg4Tjgqbjgqnjg4Pjg4Eg44Ki44Kv44K744K144OqIEZBMjI1SueUqOODqeODkOODvOODqeOCpOODiOOCt+ODvOODqw==,KEdBUk1JTi/jgqzjg7zjg5/jg7Mp44K544Od44O844OE44Km44Kp44OD44OBIOOCouOCr+OCu+OCteODqiBGQTIyNUrnlKjjg6njg5Djg7zjg6njgqTjg4jjgrfjg7zjg6s=[rn]
2-78717,aHR0cDovL3RzaG9wLnIxMHMuanAvYXVjLWN5Y2xlLXBhcnRzL2NhYmluZXQvaW1nMjIvZ2FjYy0xNzAzLTI2LmpwZz9maXRpbj03MDA6NzAw,MTc0OS42MDAw,,44K544Od44O844OE44O744Ki44Km44OI44OJ44KiID4g6Ieq6Lui6LuK44O744K144Kk44Kv44Oq44Oz44KwID4g6Ieq6Lui6LuK55So44Ki44Kv44K744K144Oq44O8ID4g44K144Kk44Kv44Or44Kz44Oz44OU44Ol44O844K/44O8,KEdBUk1JTi/jgqzjg7zjg5/jg7MpRWRnZeeUqCDjgqLjgq/jgrvjgrXjg6ogQUPjgqLjg4Djg5fjgr8oVVNCKQ==,,4peP5ZWG5ZOB5qaC6KaB77ya5pWF6Zqc5pmC44Gu5Luj5pu/44Gq44Gp44Gr44GU5Yip55So5LiL44GV44GE44CCPEJSPuWvvuW/nOOAgDEwMFYg772eMjQwVjxicj7il4/jg6Hjg7zjgqvjg7zlkI3vvJpHQVJNSU4v44Ks44O844Of44OzPGJyPuKXj+KAu+WVhuWTgeOBruODh+OCtuOCpOODs+OAgeS7leanmOOAgeWkluims+OAgeOBr+S6iOWRiuOBquOBj+WkieabtOOBmeOCi+WgtOWQiOOBjOOBguOCiuOBvuOBmeOBruOBp+OBlOS6huaJv+OBj+OBoOOBleOBhOOAgjx0YWJsZSB3aWR0aD0iNzMwIiBib3JkZXI9IjAiIGFsaWduPSJjZW50ZXIiIGNlbGxzcGFjaW5nPSI1Ij4KICA8dHI+CiAgICA8dGQ+PGRpdiBhbGlnbj0iY2VudGVyIj48aW1nIHNyYz0iaHR0cDovL2ltYWdlLnJha3V0ZW4uY28uanAvYXVjLWN5Y2xlLXBhcnRzL2NhYmluZXQvYmFuYS1nYXpvdS9ibi1zby5qcGciIGFsdD0iYWEiIHdpZHRoPSIxMTIiIGJvcmRlcj0iMCI+PC9kaXY+PC90ZD4KICAgIDx0ZD48aW1nIHNyYz0iaHR0cDovL2ltYWdlLnJha3V0ZW4uY28uanAvYXVjLWN5Y2xlLXBhcnRzL2NhYmluZXQvYmFuYS1nYXpvdS9iZS1ib2xsZS5qcGciIHdpZHRoPSIxMTIiIGJvcmRlcj0iMCI+PC90ZD4KICAgIDx0ZD48aW1nIHNyYz0iaHR0cDovL2ltYWdlLnJha3V0ZW4uY28uanAvYXVjLWN5Y2xlLXBhcnRzL2NhYmluZXQvYmFuYS1nYXpvdS9ibi1hcXVhLmpwZyIgYWx0PSLjgqLjgq/jgqLjgrnjg5XjgqPjgqIiIHdpZHRoPSIxMTIiIGJvcmRlcj0iMCI+PC90ZD4KICAgIDx0ZD48aW1nIHNyYz0iaHR0cDovL2ltYWdlLnJha3V0ZW4uY28uanAvYXVjLWN5Y2xlLXBhcnRzL2NhYmluZXQvYmFuYS1nYXpvdS9ibi12aXQuanBnIiBhbHQ9IuODk+ODg+ODiOODquOCoiIgd2lkdGg9IjExMiIgYm9yZGVyPSIwIj48L3RkPgogICAgPHRkPjxpbWcgc3JjPSJodHRwOi8vaW1hZ2UucmFrdXRlbi5jby5qcC9hdWMtY3ljbGUtcGFydHMvY2FiaW5ldC9iYW5hLWdhem91L2JuLWZvb3QuanBnIiBhbHQ9IkZPT1RNQVgiIHdpZHRoPSIxMTIiIGJvcmRlcj0iMCI+PC90ZD4KICAgIDx0ZD48aW1nIHNyYz0iaHR0cDovL2ltYWdlLnJha3V0ZW4uY28uanAvYXVjLWN5Y2xlLXBhcnRzL2NhYmluZXQvYmFuYS1nYXpvdS9ibi1uZXdvbi5qcGciIGFsdD0ibmV3dG9uIiB3aWR0aD0iMTEyIiBib3JkZXI9IjAiPjwvdGQ+CiAgPC90cj4KICA8dHI+CiAgICA8dGQ+PGltZyBzcmM9Imh0dHA6Ly9pbWFnZS5yYWt1dGVuLmNvLmpwL2F1Yy1jeWNsZS1wYXJ0cy9jYWJpbmV0L2JhbmEtZ2F6b3UvYm4tc2hpbWFub2FjLmpwZyIgYWx0PSIiIHdpZHRoPSIxMTIiIGJvcmRlcj0iMCI+PC90ZD4KICAgIDx0ZD48aW1nIHNyYz0iaHR0cDovL2ltYWdlLnJha3V0ZW4uY28uanAvYXVjLWN5Y2xlLXBhcnRzL2NhYmluZXQvYmFuYS1nYXpvdS9ibi1hc2ctY20tMTQuanBnIiBhbHQ9IiIgd2lkdGg9IjExMiIgYm9yZGVyPSIwIj48L3RkPgogICAgPHRkPjxpbWcgc3JjPSJodHRwOi8vaW1hZ2UucmFrdXRlbi5jby5qcC9hdWMtY3ljbGUtcGFydHMvY2FiaW5ldC9iYW5hLWdhem91L2JuLXN3ZXcuanBnIiBhbHQ9IuOCt+ODnuODjuOCteODs+OCsOODqeOCuSIgd2lkdGg9IjExMiIgYm9yZGVyPSIwIj48L3RkPgogICAgPHRkPjxpbWcgc3JjPSJodHRwOi8vaW1hZ2UucmFrdXRlbi5jby5qcC9hdWMtY3ljbGUtcGFydHMvY2FiaW5ldC9iYW5hLWdhem91L2JuLXNoaW1hbm9zYWRvbGxlLmpwZyIgYWx0PSIiIHdpZHRoPSIxMTIiIGJvcmRlcj0iMCI+PC90ZD4KICAgIDx0ZD48aW1nIHNyYz0iaHR0cDovL2ltYWdlLnJha3V0ZW4uY28uanAvYXVjLWN5Y2xlLXBhcnRzL2NhYmluZXQvYmFuYS1nYXpvdS9ibi1zaGltYW5vaGFuZG9sbGUuanBnIiBhbHQ9IiIgd2lkdGg9IjExMiIgYm9yZGVyPSIwIj48L3RkPgogICAgPHRkPjxpbWcgc3JjPSJodHRwOi8vaW1hZ2UucmFrdXRlbi5jby5qcC9hdWMtY3ljbGUtcGFydHMvY2FiaW5ldC9iYW5hLWdhem91L2JuLXNoaW1hbm9ib3R0bGUuanBnIiB3aWR0aD0iMTEyIiBib3JkZXI9IjAiPjwvdGQ+CiAgPC90cj4KPC90YWJsZT4KPGJyPgoKPCEtLeWVhuWTgeihqOekujHjgZPjgZPjgYvjgoktLT4KCjwhLS3jgr/jgqTjg4jjg6sx44GT44GT44GL44KJLS0+Cjxicj4KPGI+PGZvbnQgY29sb3I9IiM3RTdDN0MiIGZhY2U9IuODoeOCpOODquOCqiI+UElDS1VQIElURU08L2ZvbnQ+PC9iPjxicj4KCgo8IS0t44K/44Kk44OI44OrMeOBk+OBk+OBvuOBpy0tPgoKCjxicj4KPGJyPgoKPCEtLeWVhuWTgeihqOekujHjgZPjgZPjgb7jgactLT4KCjwhLS3llYblk4HooajnpLoy44GT44GT44GL44KJLS0+Cgo8IS0t44K/44Kk44OI44OrMuOBk+OBk+OBi+OCiS0tPgo8YnI+CjxiPjxmb250IGNvbG9yPSIjN0U3QzdDIiBmYWNlPSLjg6HjgqTjg6rjgqoiPlBJQ0tVUCBJVEVNPC9mb250PjwvYj48YnI+CgoKPCEtLeOCv+OCpOODiOODqzLjgZPjgZPjgb7jgactLT4KCgoKPGJyPgo8YnI+Cgo8IS0t5ZWG5ZOB6KGo56S6MuOBk+OBk+OBvuOBpy0tPgoKPCEtLeWVhuWTgeihqOekujPjgZPjgZPjgYvjgoktLT4KCjwhLS3jgr/jgqTjg4jjg6sz44GT44GT44GL44KJLS0+Cjxicj4KPGI+PGZvbnQgY29sb3I9IiM3RTdDN0MiIGZhY2U9IuODoeOCpOODquOCqiI+UElDS1VQIElURU08L2ZvbnQ+PC9iPjxicj4KCgo8IS0t44K/44Kk44OI44OrM+OBk+OBk+OBvuOBpy0tPgoKCgo8YnI+Cjxicj4KCjwhLS3llYblk4HooajnpLoz44GT44GT44G+44GnLS0+CgoKPGJyPgo8YnI+,KEdBUk1JTi/jgqzjg7zjg5/jg7MpRWRnZeeUqCDjgqLjgq/jgrvjgrXjg6ogQUPjgqLjg4Djg5fjgr8oVVNCKe+8muOCteOCpOOCr+ODq+ODreODvOODiQ==,6Ieq6Lui6LuK44OR44O844OE44Ot44O844OJ44OR44O844OE6YCa6LKp44K144Kk44Kv44Or44Kr44OQ44O844OR44O844Or44Kk44K644OfU0hJTUFOT1BFQVJM44CASVpVTUnjg4/jg7Pjg4njg6vjg4Hjg6PjgqTjg6vjg4njgrfjg7zjg4jjg5jjg6vjg6Hjg4Pjg4jjgr/jgqTjg6Tjg4Hjg6Xjg7zjg5bjg5rjg4Djg6vjg5bjg6zjg7zjgq3nqbrmsJflhaXjgozjg6njgqTjg4jjg5DjgrnjgrHjg4Pjg4jjgrXjg4njg6vjg5bjg6rjg4Ljgrnjg4jjg7Pjgq/jg6njg7Pjgq8oR0FSTUlOL+OCrOODvOODn+ODsylFZGdl55SoIOOCouOCr+OCu+OCteODqiBBQ+OCouODgOODl+OCvyhVU0Ip,KEdBUk1JTi/jgqzjg7zjg5/jg7MpRWRnZeeUqCDjgqLjgq/jgrvjgrXjg6ogQUPjgqLjg4Djg5fjgr8oVVNCKQ==[rn]
2-78718,aHR0cDovL3RzaG9wLnIxMHMuanAvYXVjLWN5Y2xlLXBhcnRzL2NhYmluZXQvaW1nMjIvZ2FjYy0xNzAzLTk2LmpwZz9maXRpbj03MDA6NzAw,MTE4OS42MDAw,,44K544Od44O844OE44O744Ki44Km44OI44OJ44KiID4g6Ieq6Lui6LuK44O744K144Kk44Kv44Oq44Oz44KwID4g6Ieq6Lui6LuK55So44Ki44Kv44K744K144Oq44O8ID4g44K144Kk44Kv44Or44Kz44Oz44OU44Ol44O844K/44O8,KEdBUk1JTi/jgqzjg7zjg5/jg7Mp5puH44KK5q2i44KB5Lm+54el5Ymk44OR44OD44Kv77yG44OI44Os44Kk77yIWEXnlKjvvIk=,,4peP5ZWG5ZOB5qaC6KaB77yaVklSQiBYReeUqOOBruODrOODs+OCuuabh+OCiuatouOCgeS5vueHpeODkeODg+OCr+OBp+OBmeOAgjxCUj7kuIfjgYzkuIDmsLTmsqHjgZfjgZ/loLTlkIjjgafjgoLjgIHlrp/pmpvjgavjgqvjg6Hjg6nlhoXpg6jjgavmsLTliIbjgYzpgLLlhaXjgZfjgZ/jgYvjganjgYbjgYvjgYzkub7nh6XliaTjgYvjgonjgo/jgYvjgorjgb7jgZnjgII8YnI+4peP44Oh44O844Kr44O85ZCN77yaR0FSTUlOL+OCrOODvOODn+ODszxicj7il4/igLvllYblk4Hjga7jg4fjgrbjgqTjg7PjgIHku5Xmp5jjgIHlpJboprPjgIHjga/kuojlkYrjgarjgY/lpInmm7TjgZnjgovloLTlkIjjgYzjgYLjgorjgb7jgZnjga7jgafjgZTkuobmib/jgY/jgaDjgZXjgYTjgII8dGFibGUgd2lkdGg9IjczMCIgYm9yZGVyPSIwIiBhbGlnbj0iY2VudGVyIiBjZWxsc3BhY2luZz0iNSI+CiAgPHRyPgogICAgPHRkPjxkaXYgYWxpZ249ImNlbnRlciI+PGltZyBzcmM9Imh0dHA6Ly9pbWFnZS5yYWt1dGVuLmNvLmpwL2F1Yy1jeWNsZS1wYXJ0cy9jYWJpbmV0L2JhbmEtZ2F6b3UvYm4tc28uanBnIiBhbHQ9ImFhIiB3aWR0aD0iMTEyIiBib3JkZXI9IjAiPjwvZGl2PjwvdGQ+CiAgICA8dGQ+PGltZyBzcmM9Imh0dHA6Ly9pbWFnZS5yYWt1dGVuLmNvLmpwL2F1Yy1jeWNsZS1wYXJ0cy9jYWJpbmV0L2JhbmEtZ2F6b3UvYmUtYm9sbGUuanBnIiB3aWR0aD0iMTEyIiBib3JkZXI9IjAiPjwvdGQ+CiAgICA8dGQ+PGltZyBzcmM9Imh0dHA6Ly9pbWFnZS5yYWt1dGVuLmNvLmpwL2F1Yy1jeWNsZS1wYXJ0cy9jYWJpbmV0L2JhbmEtZ2F6b3UvYm4tYXF1YS5qcGciIGFsdD0i44Ki44Kv44Ki44K544OV44Kj44KiIiB3aWR0aD0iMTEyIiBib3JkZXI9IjAiPjwvdGQ+CiAgICA8dGQ+PGltZyBzcmM9Imh0dHA6Ly9pbWFnZS5yYWt1dGVuLmNvLmpwL2F1Yy1jeWNsZS1wYXJ0cy9jYWJpbmV0L2JhbmEtZ2F6b3UvYm4tdml0LmpwZyIgYWx0PSLjg5Pjg4Pjg4jjg6rjgqIiIHdpZHRoPSIxMTIiIGJvcmRlcj0iMCI+PC90ZD4KICAgIDx0ZD48aW1nIHNyYz0iaHR0cDovL2ltYWdlLnJha3V0ZW4uY28uanAvYXVjLWN5Y2xlLXBhcnRzL2NhYmluZXQvYmFuYS1nYXpvdS9ibi1mb290LmpwZyIgYWx0PSJGT09UTUFYIiB3aWR0aD0iMTEyIiBib3JkZXI9IjAiPjwvdGQ+CiAgICA8dGQ+PGltZyBzcmM9Imh0dHA6Ly9pbWFnZS5yYWt1dGVuLmNvLmpwL2F1Yy1jeWNsZS1wYXJ0cy9jYWJpbmV0L2JhbmEtZ2F6b3UvYm4tbmV3b24uanBnIiBhbHQ9Im5ld3RvbiIgd2lkdGg9IjExMiIgYm9yZGVyPSIwIj48L3RkPgogIDwvdHI+CiAgPHRyPgogICAgPHRkPjxpbWcgc3JjPSJodHRwOi8vaW1hZ2UucmFrdXRlbi5jby5qcC9hdWMtY3ljbGUtcGFydHMvY2FiaW5ldC9iYW5hLWdhem91L2JuLXNoaW1hbm9hYy5qcGciIGFsdD0iIiB3aWR0aD0iMTEyIiBib3JkZXI9IjAiPjwvdGQ+CiAgICA8dGQ+PGltZyBzcmM9Imh0dHA6Ly9pbWFnZS5yYWt1dGVuLmNvLmpwL2F1Yy1jeWNsZS1wYXJ0cy9jYWJpbmV0L2JhbmEtZ2F6b3UvYm4tYXNnLWNtLTE0LmpwZyIgYWx0PSIiIHdpZHRoPSIxMTIiIGJvcmRlcj0iMCI+PC90ZD4KICAgIDx0ZD48aW1nIHNyYz0iaHR0cDovL2ltYWdlLnJha3V0ZW4uY28uanAvYXVjLWN5Y2xlLXBhcnRzL2NhYmluZXQvYmFuYS1nYXpvdS9ibi1zd2V3LmpwZyIgYWx0PSLjgrfjg57jg47jgrXjg7PjgrDjg6njgrkiIHdpZHRoPSIxMTIiIGJvcmRlcj0iMCI+PC90ZD4KICAgIDx0ZD48aW1nIHNyYz0iaHR0cDovL2ltYWdlLnJha3V0ZW4uY28uanAvYXVjLWN5Y2xlLXBhcnRzL2NhYmluZXQvYmFuYS1nYXpvdS9ibi1zaGltYW5vc2Fkb2xsZS5qcGciIGFsdD0iIiB3aWR0aD0iMTEyIiBib3JkZXI9IjAiPjwvdGQ+CiAgICA8dGQ+PGltZyBzcmM9Imh0dHA6Ly9pbWFnZS5yYWt1dGVuLmNvLmpwL2F1Yy1jeWNsZS1wYXJ0cy9jYWJpbmV0L2JhbmEtZ2F6b3UvYm4tc2hpbWFub2hhbmRvbGxlLmpwZyIgYWx0PSIiIHdpZHRoPSIxMTIiIGJvcmRlcj0iMCI+PC90ZD4KICAgIDx0ZD48aW1nIHNyYz0iaHR0cDovL2ltYWdlLnJha3V0ZW4uY28uanAvYXVjLWN5Y2xlLXBhcnRzL2NhYmluZXQvYmFuYS1nYXpvdS9ibi1zaGltYW5vYm90dGxlLmpwZyIgd2lkdGg9IjExMiIgYm9yZGVyPSIwIj48L3RkPgogIDwvdHI+CjwvdGFibGU+Cjxicj4KCjwhLS3llYblk4HooajnpLox44GT44GT44GL44KJLS0+Cgo8IS0t44K/44Kk44OI44OrMeOBk+OBk+OBi+OCiS0tPgo8YnI+CjxiPjxmb250IGNvbG9yPSIjN0U3QzdDIiBmYWNlPSLjg6HjgqTjg6rjgqoiPlBJQ0tVUCBJVEVNPC9mb250PjwvYj48YnI+CgoKPCEtLeOCv+OCpOODiOODqzHjgZPjgZPjgb7jgactLT4KCgo8YnI+Cjxicj4KCjwhLS3llYblk4HooajnpLox44GT44GT44G+44GnLS0+Cgo8IS0t5ZWG5ZOB6KGo56S6MuOBk+OBk+OBi+OCiS0tPgoKPCEtLeOCv+OCpOODiOODqzLjgZPjgZPjgYvjgoktLT4KPGJyPgo8Yj48Zm9udCBjb2xvcj0iIzdFN0M3QyIgZmFjZT0i44Oh44Kk44Oq44KqIj5QSUNLVVAgSVRFTTwvZm9udD48L2I+PGJyPgoKCjwhLS3jgr/jgqTjg4jjg6sy44GT44GT44G+44GnLS0+CgoKCjxicj4KPGJyPgoKPCEtLeWVhuWTgeihqOekujLjgZPjgZPjgb7jgactLT4KCjwhLS3llYblk4HooajnpLoz44GT44GT44GL44KJLS0+Cgo8IS0t44K/44Kk44OI44OrM+OBk+OBk+OBi+OCiS0tPgo8YnI+CjxiPjxmb250IGNvbG9yPSIjN0U3QzdDIiBmYWNlPSLjg6HjgqTjg6rjgqoiPlBJQ0tVUCBJVEVNPC9mb250PjwvYj48YnI+CgoKPCEtLeOCv+OCpOODiOODqzPjgZPjgZPjgb7jgactLT4KCgoKPGJyPgo8YnI+Cgo8IS0t5ZWG5ZOB6KGo56S6M+OBk+OBk+OBvuOBpy0tPgoKCjxicj4KPGJyPg==,KEdBUk1JTi/jgqzjg7zjg5/jg7Mp5puH44KK5q2i44KB5Lm+54el5Ymk44OR44OD44Kv77yG44OI44Os44Kk77yIWEXnlKjvvInvvJrjgrXjgqTjgq/jg6vjg63jg7zjg4k=,6Ieq6Lui6LuK44OR44O844OE44Ot44O844OJ44OR44O844OE6YCa6LKp44K144Kk44Kv44Or44Kr44OQ44O844OR44O844Or44Kk44K644OfU0hJTUFOT1BFQVJM44CASVpVTUnjg4/jg7Pjg4njg6vjg4Hjg6PjgqTjg6vjg4njgrfjg7zjg4jjg5jjg6vjg6Hjg4Pjg4jjgr/jgqTjg6Tjg4Hjg6Xjg7zjg5bjg5rjg4Djg6vjg5bjg6zjg7zjgq3nqbrmsJflhaXjgozjg6njgqTjg4jjg5DjgrnjgrHjg4Pjg4jjgrXjg4njg6vjg5bjg6rjg4Ljgrnjg4jjg7Pjgq/jg6njg7Pjgq8oR0FSTUlOL+OCrOODvOODn+ODsynmm4fjgormraLjgoHkub7nh6XliaTjg5Hjg4Pjgq/vvIbjg4jjg6zjgqTvvIhYReeUqO+8iQ==,KEdBUk1JTi/jgqzjg7zjg5/jg7Mp5puH44KK5q2i44KB5Lm+54el5Ymk44OR44OD44Kv77yG44OI44Os44Kk77yIWEXnlKjvvIk=[rn]
2-78719,aHR0cDovL3RzaG9wLnIxMHMuanAvYXVjLWN5Y2xlLXBhcnRzL2NhYmluZXQvaW1nMjIvZ2FjYy0xNzAzLTExNC5qcGc/Zml0aW49NzAwOjcwMA==,NTYwMC4wMDAw,,44K544Od44O844OE44O744Ki44Km44OI44OJ44KiID4g6Ieq6Lui6LuK44O744K144Kk44Kv44Oq44Oz44KwID4g6Ieq6Lui6LuK55So44Ki44Kv44K744K144Oq44O8ID4g44K144Kk44Kv44Or44Kz44Oz44OU44Ol44O844K/44O8,KEdBUk1JTi/jgqzjg7zjg5/jg7Mp44Oq44Oi44Kz44OzIFZJUkLnlKg=,,4peP5ZWG5ZOB5qaC6KaB77yaMTBt6Zui44KM44Gf5omA44GL44KJVklSQuOCkuOCs+ODs+ODiOODreODvOODq+OBp+OBjeOCi0FOVCvlr77lv5zjga7lsI/lnovpmLLmsLTjg6rjg6LjgrPjg7PjgafjgZnjgII8QlI+6YGg6ZqU5pON5L2c5Y+v6IO944GqR0FSTUlO6KO95qmf5Zmo44KS44GK5oyB44Gh44Gn44Gq44GE5pa544Gv44GT44Gh44KJ44KS44GU5Yip55So5LiL44GV44GE44CCPEJSPjxCUj7jg57jgqbjg7Pjg4jjgajjg6rjgrnjg4jjgrnjg4jjg6njg4Pjg5fjgIHjg43jg4Pjgq/jgrnjg4jjg6njg4Pjg5fku5jjgY3jgII8YnI+4peP44Oh44O844Kr44O85ZCN77yaR0FSTUlOL+OCrOODvOODn+ODszxicj7il4/igLvllYblk4Hjga7jg4fjgrbjgqTjg7PjgIHku5Xmp5jjgIHlpJboprPjgIHjga/kuojlkYrjgarjgY/lpInmm7TjgZnjgovloLTlkIjjgYzjgYLjgorjgb7jgZnjga7jgafjgZTkuobmib/jgY/jgaDjgZXjgYTjgII8dGFibGUgd2lkdGg9IjczMCIgYm9yZGVyPSIwIiBhbGlnbj0iY2VudGVyIiBjZWxsc3BhY2luZz0iNSI+CiAgPHRyPgogICAgPHRkPjxkaXYgYWxpZ249ImNlbnRlciI+PGltZyBzcmM9Imh0dHA6Ly9pbWFnZS5yYWt1dGVuLmNvLmpwL2F1Yy1jeWNsZS1wYXJ0cy9jYWJpbmV0L2JhbmEtZ2F6b3UvYm4tc28uanBnIiBhbHQ9ImFhIiB3aWR0aD0iMTEyIiBib3JkZXI9IjAiPjwvZGl2PjwvdGQ+CiAgICA8dGQ+PGltZyBzcmM9Imh0dHA6Ly9pbWFnZS5yYWt1dGVuLmNvLmpwL2F1Yy1jeWNsZS1wYXJ0cy9jYWJpbmV0L2JhbmEtZ2F6b3UvYmUtYm9sbGUuanBnIiB3aWR0aD0iMTEyIiBib3JkZXI9IjAiPjwvdGQ+CiAgICA8dGQ+PGltZyBzcmM9Imh0dHA6Ly9pbWFnZS5yYWt1dGVuLmNvLmpwL2F1Yy1jeWNsZS1wYXJ0cy9jYWJpbmV0L2JhbmEtZ2F6b3UvYm4tYXF1YS5qcGciIGFsdD0i44Ki44Kv44Ki44K544OV44Kj44KiIiB3aWR0aD0iMTEyIiBib3JkZXI9IjAiPjwvdGQ+CiAgICA8dGQ+PGltZyBzcmM9Imh0dHA6Ly9pbWFnZS5yYWt1dGVuLmNvLmpwL2F1Yy1jeWNsZS1wYXJ0cy9jYWJpbmV0L2JhbmEtZ2F6b3UvYm4tdml0LmpwZyIgYWx0PSLjg5Pjg4Pjg4jjg6rjgqIiIHdpZHRoPSIxMTIiIGJvcmRlcj0iMCI+PC90ZD4KICAgIDx0ZD48aW1nIHNyYz0iaHR0cDovL2ltYWdlLnJha3V0ZW4uY28uanAvYXVjLWN5Y2xlLXBhcnRzL2NhYmluZXQvYmFuYS1nYXpvdS9ibi1mb290LmpwZyIgYWx0PSJGT09UTUFYIiB3aWR0aD0iMTEyIiBib3JkZXI9IjAiPjwvdGQ+CiAgICA8dGQ+PGltZyBzcmM9Imh0dHA6Ly9pbWFnZS5yYWt1dGVuLmNvLmpwL2F1Yy1jeWNsZS1wYXJ0cy9jYWJpbmV0L2JhbmEtZ2F6b3UvYm4tbmV3b24uanBnIiBhbHQ9Im5ld3RvbiIgd2lkdGg9IjExMiIgYm9yZGVyPSIwIj48L3RkPgogIDwvdHI+CiAgPHRyPgogICAgPHRkPjxpbWcgc3JjPSJodHRwOi8vaW1hZ2UucmFrdXRlbi5jby5qcC9hdWMtY3ljbGUtcGFydHMvY2FiaW5ldC9iYW5hLWdhem91L2JuLXNoaW1hbm9hYy5qcGciIGFsdD0iIiB3aWR0aD0iMTEyIiBib3JkZXI9IjAiPjwvdGQ+CiAgICA8dGQ+PGltZyBzcmM9Imh0dHA6Ly9pbWFnZS5yYWt1dGVuLmNvLmpwL2F1Yy1jeWNsZS1wYXJ0cy9jYWJpbmV0L2JhbmEtZ2F6b3UvYm4tYXNnLWNtLTE0LmpwZyIgYWx0PSIiIHdpZHRoPSIxMTIiIGJvcmRlcj0iMCI+PC90ZD4KICAgIDx0ZD48aW1nIHNyYz0iaHR0cDovL2ltYWdlLnJha3V0ZW4uY28uanAvYXVjLWN5Y2xlLXBhcnRzL2NhYmluZXQvYmFuYS1nYXpvdS9ibi1zd2V3LmpwZyIgYWx0PSLjgrfjg57jg47jgrXjg7PjgrDjg6njgrkiIHdpZHRoPSIxMTIiIGJvcmRlcj0iMCI+PC90ZD4KICAgIDx0ZD48aW1nIHNyYz0iaHR0cDovL2ltYWdlLnJha3V0ZW4uY28uanAvYXVjLWN5Y2xlLXBhcnRzL2NhYmluZXQvYmFuYS1nYXpvdS9ibi1zaGltYW5vc2Fkb2xsZS5qcGciIGFsdD0iIiB3aWR0aD0iMTEyIiBib3JkZXI9IjAiPjwvdGQ+CiAgICA8dGQ+PGltZyBzcmM9Imh0dHA6Ly9pbWFnZS5yYWt1dGVuLmNvLmpwL2F1Yy1jeWNsZS1wYXJ0cy9jYWJpbmV0L2JhbmEtZ2F6b3UvYm4tc2hpbWFub2hhbmRvbGxlLmpwZyIgYWx0PSIiIHdpZHRoPSIxMTIiIGJvcmRlcj0iMCI+PC90ZD4KICAgIDx0ZD48aW1nIHNyYz0iaHR0cDovL2ltYWdlLnJha3V0ZW4uY28uanAvYXVjLWN5Y2xlLXBhcnRzL2NhYmluZXQvYmFuYS1nYXpvdS9ibi1zaGltYW5vYm90dGxlLmpwZyIgd2lkdGg9IjExMiIgYm9yZGVyPSIwIj48L3RkPgogIDwvdHI+CjwvdGFibGU+Cjxicj4KCjwhLS3llYblk4HooajnpLox44GT44GT44GL44KJLS0+Cgo8IS0t44K/44Kk44OI44OrMeOBk+OBk+OBi+OCiS0tPgo8YnI+CjxiPjxmb250IGNvbG9yPSIjN0U3QzdDIiBmYWNlPSLjg6HjgqTjg6rjgqoiPlBJQ0tVUCBJVEVNPC9mb250PjwvYj48YnI+CgoKPCEtLeOCv+OCpOODiOODqzHjgZPjgZPjgb7jgactLT4KCgo8YnI+Cjxicj4KCjwhLS3llYblk4HooajnpLox44GT44GT44G+44GnLS0+Cgo8IS0t5ZWG5ZOB6KGo56S6MuOBk+OBk+OBi+OCiS0tPgoKPCEtLeOCv+OCpOODiOODqzLjgZPjgZPjgYvjgoktLT4KPGJyPgo8Yj48Zm9udCBjb2xvcj0iIzdFN0M3QyIgZmFjZT0i44Oh44Kk44Oq44KqIj5QSUNLVVAgSVRFTTwvZm9udD48L2I+PGJyPgoKCjwhLS3jgr/jgqTjg4jjg6sy44GT44GT44G+44GnLS0+CgoKCjxicj4KPGJyPgoKPCEtLeWVhuWTgeihqOekujLjgZPjgZPjgb7jgactLT4KCjwhLS3llYblk4HooajnpLoz44GT44GT44GL44KJLS0+Cgo8IS0t44K/44Kk44OI44OrM+OBk+OBk+OBi+OCiS0tPgo8YnI+CjxiPjxmb250IGNvbG9yPSIjN0U3QzdDIiBmYWNlPSLjg6HjgqTjg6rjgqoiPlBJQ0tVUCBJVEVNPC9mb250PjwvYj48YnI+CgoKPCEtLeOCv+OCpOODiOODqzPjgZPjgZPjgb7jgactLT4KCgoKPGJyPgo8YnI+Cgo8IS0t5ZWG5ZOB6KGo56S6M+OBk+OBk+OBvuOBpy0tPgoKCjxicj4KPGJyPg==,KEdBUk1JTi/jgqzjg7zjg5/jg7Mp44Oq44Oi44Kz44OzIFZJUkLnlKjvvJrjgrXjgqTjgq/jg6vjg63jg7zjg4k=,6Ieq6Lui6LuK44OR44O844OE44Ot44O844OJ44OR44O844OE6YCa6LKp44K144Kk44Kv44Or44Kr44OQ44O844OR44O844Or44Kk44K644OfU0hJTUFOT1BFQVJM44CASVpVTUnjg4/jg7Pjg4njg6vjg4Hjg6PjgqTjg6vjg4njgrfjg7zjg4jjg5jjg6vjg6Hjg4Pjg4jjgr/jgqTjg6Tjg4Hjg6Xjg7zjg5bjg5rjg4Djg6vjg5bjg6zjg7zjgq3nqbrmsJflhaXjgozjg6njgqTjg4jjg5DjgrnjgrHjg4Pjg4jjgrXjg4njg6vjg5bjg6rjg4Ljgrnjg4jjg7Pjgq/jg6njg7Pjgq8oR0FSTUlOL+OCrOODvOODn+ODsynjg6rjg6LjgrPjg7MgVklSQueUqA==,KEdBUk1JTi/jgqzjg7zjg5/jg7Mp44Oq44Oi44Kz44OzIFZJUkLnlKg=[rn]
2-78720,aHR0cDovL3RzaG9wLnIxMHMuanAvYXVjLWN5Y2xlLXBhcnRzL2NhYmluZXQvaW1nMTEvYWNjLXYyMi0xMjUtNi5qcGc/Zml0aW49NzAwOjcwMA==,NjEwMC44MDAw,,44K544Od44O844OE44O744Ki44Km44OI44OJ44KiID4g6Ieq6Lui6LuK44O744K144Kk44Kv44Oq44Oz44KwID4g6Ieq6Lui6LuK55So44Ki44Kv44K744K144Oq44O8ID4g44K144Kk44Kv44Or44Kz44Oz44OU44Ol44O844K/44O8,77yIQ0FURVlFL+OCreODo+ODg+ODiOOCouOCpCkgIO+8iOiHqui7oui7iueUqOOCteOCpOOCr+ODq+OCs+ODs+ODlOODpeODvOOCv+ODvO+8iUNDLVJENTAwQu+8iOOCueODiOODqeODvOODgOOCueODnuODvOODiO+8iQ==,,PGJyPuKXj0JLPGJyPuKXj+ODr+OCpOODpOODrOOCueODouODh+ODqzxicj7il4/lsI/lnovou73ph4/jga5CbHVldG9vdGjnhKHnt5rmioDooZPlr77lv5zjg6/jgqTjg6Tjg6zjgrnjgrPjg7Pjg5Tjg6Xjg7zjgr88YnI+4peP5o6l57aa5Lit44Gu44K544Oe44O844OI44OV44Kp44Oz44Gu6KiI5ris5oOF5aCx44KS6KGo56S644GZ44KL44Of44Op44O844Oi44O844OJ44CB44K744Oz44K144O844Go55u05o6l5o6l57aa44GX44Gm44GR6KiI5ris6KGo56S644GZ44KL44K744Oz44K144O844OA44Kk44Os44Kv44OI44Oi44O844OJ44CCPGJyPuKXj+OCs+ODs+ODlOODpeODvOOCv+ihqOmdouOCkuOCr+ODquODg+OCr+OBl+ODouODvOODieOCkuWkieabtOOBmeOCi+OAjENsaWNrVGVjP+OAjTxicj7il4/lsI/lnovou73ph4/jga7oloTlnovjg5bjg6njgrHjg4Pjg4jku5jlsZ48YnI+4oC744GK5L2/44GE44Gu44K544Oe44O844OI44OV44Kp44Oz44GM5a++5b+c44GX44Gm44GE44KL44GL44KS44GU56K66KqN44GP44Gg44GV44GE44CCPGJyPuKWoDxicj48YnI+PHRhYmxlIHdpZHRoPSI3MzAiIGJvcmRlcj0iMCIgYWxpZ249ImNlbnRlciIgY2VsbHNwYWNpbmc9IjUiPgogIDx0cj4KICAgIDx0ZD48ZGl2IGFsaWduPSJjZW50ZXIiPjxpbWcgc3JjPSJodHRwOi8vaW1hZ2UucmFrdXRlbi5jby5qcC9hdWMtY3ljbGUtcGFydHMvY2FiaW5ldC9iYW5hLWdhem91L2JuLXNvLmpwZyIgYWx0PSJhYSIgd2lkdGg9IjExMiIgYm9yZGVyPSIwIj48L2Rpdj48L3RkPgogICAgPHRkPjxpbWcgc3JjPSJodHRwOi8vaW1hZ2UucmFrdXRlbi5jby5qcC9hdWMtY3ljbGUtcGFydHMvY2FiaW5ldC9iYW5hLWdhem91L2JlLWJvbGxlLmpwZyIgd2lkdGg9IjExMiIgYm9yZGVyPSIwIj48L3RkPgogICAgPHRkPjxpbWcgc3JjPSJodHRwOi8vaW1hZ2UucmFrdXRlbi5jby5qcC9hdWMtY3ljbGUtcGFydHMvY2FiaW5ldC9iYW5hLWdhem91L2JuLWFxdWEuanBnIiBhbHQ9IuOCouOCr+OCouOCueODleOCo+OCoiIgd2lkdGg9IjExMiIgYm9yZGVyPSIwIj48L3RkPgogICAgPHRkPjxpbWcgc3JjPSJodHRwOi8vaW1hZ2UucmFrdXRlbi5jby5qcC9hdWMtY3ljbGUtcGFydHMvY2FiaW5ldC9iYW5hLWdhem91L2JuLXZpdC5qcGciIGFsdD0i44OT44OD44OI44Oq44KiIiB3aWR0aD0iMTEyIiBib3JkZXI9IjAiPjwvdGQ+CiAgICA8dGQ+PGltZyBzcmM9Imh0dHA6Ly9pbWFnZS5yYWt1dGVuLmNvLmpwL2F1Yy1jeWNsZS1wYXJ0cy9jYWJpbmV0L2JhbmEtZ2F6b3UvYm4tZm9vdC5qcGciIGFsdD0iRk9PVE1BWCIgd2lkdGg9IjExMiIgYm9yZGVyPSIwIj48L3RkPgogICAgPHRkPjxpbWcgc3JjPSJodHRwOi8vaW1hZ2UucmFrdXRlbi5jby5qcC9hdWMtY3ljbGUtcGFydHMvY2FiaW5ldC9iYW5hLWdhem91L2JuLW5ld29uLmpwZyIgYWx0PSJuZXd0b24iIHdpZHRoPSIxMTIiIGJvcmRlcj0iMCI+PC90ZD4KICA8L3RyPgogIDx0cj4KICAgIDx0ZD48aW1nIHNyYz0iaHR0cDovL2ltYWdlLnJha3V0ZW4uY28uanAvYXVjLWN5Y2xlLXBhcnRzL2NhYmluZXQvYmFuYS1nYXpvdS9ibi1zaGltYW5vYWMuanBnIiBhbHQ9IiIgd2lkdGg9IjExMiIgYm9yZGVyPSIwIj48L3RkPgogICAgPHRkPjxpbWcgc3JjPSJodHRwOi8vaW1hZ2UucmFrdXRlbi5jby5qcC9hdWMtY3ljbGUtcGFydHMvY2FiaW5ldC9iYW5hLWdhem91L2JuLWFzZy1jbS0xNC5qcGciIGFsdD0iIiB3aWR0aD0iMTEyIiBib3JkZXI9IjAiPjwvdGQ+CiAgICA8dGQ+PGltZyBzcmM9Imh0dHA6Ly9pbWFnZS5yYWt1dGVuLmNvLmpwL2F1Yy1jeWNsZS1wYXJ0cy9jYWJpbmV0L2JhbmEtZ2F6b3UvYm4tc3dldy5qcGciIGFsdD0i44K344Oe44OO44K144Oz44Kw44Op44K5IiB3aWR0aD0iMTEyIiBib3JkZXI9IjAiPjwvdGQ+CiAgICA8dGQ+PGltZyBzcmM9Imh0dHA6Ly9pbWFnZS5yYWt1dGVuLmNvLmpwL2F1Yy1jeWNsZS1wYXJ0cy9jYWJpbmV0L2JhbmEtZ2F6b3UvYm4tc2hpbWFub3NhZG9sbGUuanBnIiBhbHQ9IiIgd2lkdGg9IjExMiIgYm9yZGVyPSIwIj48L3RkPgogICAgPHRkPjxpbWcgc3JjPSJodHRwOi8vaW1hZ2UucmFrdXRlbi5jby5qcC9hdWMtY3ljbGUtcGFydHMvY2FiaW5ldC9iYW5hLWdhem91L2JuLXNoaW1hbm9oYW5kb2xsZS5qcGciIGFsdD0iIiB3aWR0aD0iMTEyIiBib3JkZXI9IjAiPjwvdGQ+CiAgICA8dGQ+PGltZyBzcmM9Imh0dHA6Ly9pbWFnZS5yYWt1dGVuLmNvLmpwL2F1Yy1jeWNsZS1wYXJ0cy9jYWJpbmV0L2JhbmEtZ2F6b3UvYm4tc2hpbWFub2JvdHRsZS5qcGciIHdpZHRoPSIxMTIiIGJvcmRlcj0iMCI+PC90ZD4KICA8L3RyPgo8L3RhYmxlPgo8YnI+Cgo8IS0t5ZWG5ZOB6KGo56S6MeOBk+OBk+OBi+OCiS0tPgoKPCEtLeOCv+OCpOODiOODqzHjgZPjgZPjgYvjgoktLT4KPGJyPgo8Yj48Zm9udCBjb2xvcj0iIzdFN0M3QyIgZmFjZT0i44Oh44Kk44Oq44KqIj5QSUNLVVAgSVRFTTwvZm9udD48L2I+PGJyPgoKCjwhLS3jgr/jgqTjg4jjg6sx44GT44GT44G+44GnLS0+CgoKPGJyPgo8YnI+Cgo8IS0t5ZWG5ZOB6KGo56S6MeOBk+OBk+OBvuOBpy0tPgoKPCEtLeWVhuWTgeihqOekujLjgZPjgZPjgYvjgoktLT4KCjwhLS3jgr/jgqTjg4jjg6sy44GT44GT44GL44KJLS0+Cjxicj4KPGI+PGZvbnQgY29sb3I9IiM3RTdDN0MiIGZhY2U9IuODoeOCpOODquOCqiI+UElDS1VQIElURU08L2ZvbnQ+PC9iPjxicj4KCgo8IS0t44K/44Kk44OI44OrMuOBk+OBk+OBvuOBpy0tPgoKCgo8YnI+Cjxicj4KCjwhLS3llYblk4HooajnpLoy44GT44GT44G+44GnLS0+Cgo8IS0t5ZWG5ZOB6KGo56S6M+OBk+OBk+OBi+OCiS0tPgoKPCEtLeOCv+OCpOODiOODqzPjgZPjgZPjgYvjgoktLT4KPGJyPgo8Yj48Zm9udCBjb2xvcj0iIzdFN0M3QyIgZmFjZT0i44Oh44Kk44Oq44KqIj5QSUNLVVAgSVRFTTwvZm9udD48L2I+PGJyPgoKCjwhLS3jgr/jgqTjg4jjg6sz44GT44GT44G+44GnLS0+CgoKCjxicj4KPGJyPgoKPCEtLeWVhuWTgeihqOekujPjgZPjgZPjgb7jgactLT4KCgo8YnI+Cjxicj4=,77yIQ0FURVlFL+OCreODo+ODg+ODiOOCouOCpCkgIO+8iOiHqui7oui7iueUqOOCteOCpOOCr+ODq+OCs+ODs+ODlOODpeODvOOCv+ODvO+8iUNDLVJENTAwQu+8iOOCueODiOODqeODvOODgOOCueODnuODvOODiO+8ie+8muOCteOCpOOCr+ODq+ODreODvOODiQ==,6Ieq6Lui6LuK44OR44O844OE44Ot44O844OJ44OR44O844OE6YCa6LKp44K144Kk44Kv44Or44Kr44OQ44O844OR44O844Or44Kk44K644OfU0hJTUFOT1BFQVJM44CASVpVTUnjg4/jg7Pjg4njg6vjg4Hjg6PjgqTjg6vjg4njgrfjg7zjg4jjg5jjg6vjg6Hjg4Pjg4jjgr/jgqTjg6Tjg4Hjg6Xjg7zjg5bjg5rjg4Djg6vjg5bjg6zjg7zjgq3nqbrmsJflhaXjgozjg6njgqTjg4jjg5DjgrnjgrHjg4Pjg4jjgrXjg4njg6vjg5bjg6rjg4Ljgrnjg4jjg7Pjgq/jg6njg7Pjgq/vvIhDQVRFWUUv44Kt44Oj44OD44OI44Ki44KkKSAg77yI6Ieq6Lui6LuK55So44K144Kk44Kv44Or44Kz44Oz44OU44Ol44O844K/44O877yJQ0MtUkQ1MDBC77yI44K544OI44Op44O844OA44K544Oe44O844OI77yJ,77yIQ0FURVlFL+OCreODo+ODg+ODiOOCouOCpCkgIO+8iOiHqui7oui7iueUqOOCteOCpOOCr+ODq+OCs+ODs+ODlOODpeODvOOCv+ODvO+8iUNDLVJENTAwQu+8iOOCueODiOODqeODvOODgOOCueODnuODvOODiO+8iQ==[rn]
2-78721,aHR0cDovL3RzaG9wLnIxMHMuanAvYXVjLWN5Y2xlLXBhcnRzL2NhYmluZXQvaW1nMTcvYWNjLTE2MDEtNTYyLmpwZz9maXRpbj03MDA6NzAw,NDMyMC4wMDAw,,44K544Od44O844OE44O744Ki44Km44OI44OJ44KiID4g6Ieq6Lui6LuK44O744K144Kk44Kv44Oq44Oz44KwID4g6Ieq6Lui6LuK55So44Ki44Kv44K744K144Oq44O8ID4g44K144Kk44Kv44Or44Kz44Oz44OU44Ol44O844K/44O8,77yIQ0FURVlFL+OCreODo+ODg+ODiOOCouOCpCnvvIjjgrXjgqTjgq/jg6vjgrPjg7Pjg5Tjg6Xjg7zjgr/jg7zvvIlDQy1QQTEwMFcg44OR44OJ44Ot44O844ON77yI44OU44Oz44KvXQ==,,4pag5aSn55S76Z2i44Gr5aSn44GN44Gq5paH5a2X6KGo56S677yI77yj77yjLe+8tu+8tO+8ku+8ke+8kO+8t+OCiOOCiua2suaZtueUu+mdouOBruWkp+OBjeOBleOBjO+8le+8heOCouODg+ODl++8ge+8iTxicj7ilqDjgrnjg6rjg6Djg5zjg4fjgqPvvIjvvKPvvKMt77y277y077yS77yR77yQ77y344KI44KK5pys5L2T44Gu5Y6a44G/44GM77yS77yS77yF44OA44Km44Oz77yB77yJPGJyPuKWoOOCt+ODs+ODl+ODq+aTjeS9nO+8iOOCouODiuODreOCsOODr+OCpOODpOODrOOCueOCu+ODs+OCteODvOOAgeOCquODvOODiOOCueOCv+ODvOODiOWwgueUqO+8iTxicj7ilqDjgrPjg7Pjg5Tjg6Xjg7zjgr/jg7zooajpnaLjgYzjg6Ljg7zjg4njg5zjgr/jg7PjgajjgarjgovjgIzjgq/jg6rjg4Pjgq/jg4bjg4Pjgq/jgI08YnI+4pag5pys5L2T44Gu6Zu75rGg5Lqk5o+b5pmC5pyf44KS55+l44KJ44Gb44KL44OQ44OD44OG44Oq44O844Ki44Op44O844Og5qmf6IO9PGJyPuKWoOOCs+ODs+ODlOODpeODvOOCv+ODvOOBruioreWumuWkieabtOOBjOOCj+OBi+OCiuOChOOBmeOBhOOAjOODoeODi+ODpeODvOOCueOCr+ODquODvOODs+OAjTxicj7ilqDoo4XnnYDjg7voqr/mlbTjgYznsKHljZjjgafjgIHjg5Xjg63jg7Pjg4jjg5Xjgqnjg7zjgq/jgajkuIDkvZPmhJ/jga7jgYLjgovjg6/jgqTjg6Tjg6zjgrnjgrvjg7PjgrXjg7w8YnI+4pag44K544OG44Og44KE44Kq44O844OQ44O844K144Kk44K644OP44Oz44OJ44Or44OQ44O844Gr5omL5pep44GP56K65a6f44Gr5Zu65a6a44Gn44GN44KL44CM44OV44Os44OD44Kv44K/44Kk44OI44OW44Op44Kx44OD44OI44CN5LuY5bGePGJyPjxicj7llYblk4Hjga7jg4fjgrbjgqTjg7PjgIHku5Xmp5jjgIHlpJboprPjgIHjga/kuojlkYrjgarjgY/lpInmm7TjgZnjgovloLTlkIjjgYzjgYLjgorjgb7jgZnjga7jgafjgZTkuobmib/jgY/jgaDjgZXjgYTjgII8dGFibGUgd2lkdGg9IjczMCIgYm9yZGVyPSIwIiBhbGlnbj0iY2VudGVyIiBjZWxsc3BhY2luZz0iNSI+CiAgPHRyPgogICAgPHRkPjxkaXYgYWxpZ249ImNlbnRlciI+PGltZyBzcmM9Imh0dHA6Ly9pbWFnZS5yYWt1dGVuLmNvLmpwL2F1Yy1jeWNsZS1wYXJ0cy9jYWJpbmV0L2JhbmEtZ2F6b3UvYm4tc28uanBnIiBhbHQ9ImFhIiB3aWR0aD0iMTEyIiBib3JkZXI9IjAiPjwvZGl2PjwvdGQ+CiAgICA8dGQ+PGltZyBzcmM9Imh0dHA6Ly9pbWFnZS5yYWt1dGVuLmNvLmpwL2F1Yy1jeWNsZS1wYXJ0cy9jYWJpbmV0L2JhbmEtZ2F6b3UvYmUtYm9sbGUuanBnIiB3aWR0aD0iMTEyIiBib3JkZXI9IjAiPjwvdGQ+CiAgICA8dGQ+PGltZyBzcmM9Imh0dHA6Ly9pbWFnZS5yYWt1dGVuLmNvLmpwL2F1Yy1jeWNsZS1wYXJ0cy9jYWJpbmV0L2JhbmEtZ2F6b3UvYm4tYXF1YS5qcGciIGFsdD0i44Ki44Kv44Ki44K544OV44Kj44KiIiB3aWR0aD0iMTEyIiBib3JkZXI9IjAiPjwvdGQ+CiAgICA8dGQ+PGltZyBzcmM9Imh0dHA6Ly9pbWFnZS5yYWt1dGVuLmNvLmpwL2F1Yy1jeWNsZS1wYXJ0cy9jYWJpbmV0L2JhbmEtZ2F6b3UvYm4tdml0LmpwZyIgYWx0PSLjg5Pjg4Pjg4jjg6rjgqIiIHdpZHRoPSIxMTIiIGJvcmRlcj0iMCI+PC90ZD4KICAgIDx0ZD48aW1nIHNyYz0iaHR0cDovL2ltYWdlLnJha3V0ZW4uY28uanAvYXVjLWN5Y2xlLXBhcnRzL2NhYmluZXQvYmFuYS1nYXpvdS9ibi1mb290LmpwZyIgYWx0PSJGT09UTUFYIiB3aWR0aD0iMTEyIiBib3JkZXI9IjAiPjwvdGQ+CiAgICA8dGQ+PGltZyBzcmM9Imh0dHA6Ly9pbWFnZS5yYWt1dGVuLmNvLmpwL2F1Yy1jeWNsZS1wYXJ0cy9jYWJpbmV0L2JhbmEtZ2F6b3UvYm4tbmV3b24uanBnIiBhbHQ9Im5ld3RvbiIgd2lkdGg9IjExMiIgYm9yZGVyPSIwIj48L3RkPgogIDwvdHI+CiAgPHRyPgogICAgPHRkPjxpbWcgc3JjPSJodHRwOi8vaW1hZ2UucmFrdXRlbi5jby5qcC9hdWMtY3ljbGUtcGFydHMvY2FiaW5ldC9iYW5hLWdhem91L2JuLXNoaW1hbm9hYy5qcGciIGFsdD0iIiB3aWR0aD0iMTEyIiBib3JkZXI9IjAiPjwvdGQ+CiAgICA8dGQ+PGltZyBzcmM9Imh0dHA6Ly9pbWFnZS5yYWt1dGVuLmNvLmpwL2F1Yy1jeWNsZS1wYXJ0cy9jYWJpbmV0L2JhbmEtZ2F6b3UvYm4tYXNnLWNtLTE0LmpwZyIgYWx0PSIiIHdpZHRoPSIxMTIiIGJvcmRlcj0iMCI+PC90ZD4KICAgIDx0ZD48aW1nIHNyYz0iaHR0cDovL2ltYWdlLnJha3V0ZW4uY28uanAvYXVjLWN5Y2xlLXBhcnRzL2NhYmluZXQvYmFuYS1nYXpvdS9ibi1zd2V3LmpwZyIgYWx0PSLjgrfjg57jg47jgrXjg7PjgrDjg6njgrkiIHdpZHRoPSIxMTIiIGJvcmRlcj0iMCI+PC90ZD4KICAgIDx0ZD48aW1nIHNyYz0iaHR0cDovL2ltYWdlLnJha3V0ZW4uY28uanAvYXVjLWN5Y2xlLXBhcnRzL2NhYmluZXQvYmFuYS1nYXpvdS9ibi1zaGltYW5vc2Fkb2xsZS5qcGciIGFsdD0iIiB3aWR0aD0iMTEyIiBib3JkZXI9IjAiPjwvdGQ+CiAgICA8dGQ+PGltZyBzcmM9Imh0dHA6Ly9pbWFnZS5yYWt1dGVuLmNvLmpwL2F1Yy1jeWNsZS1wYXJ0cy9jYWJpbmV0L2JhbmEtZ2F6b3UvYm4tc2hpbWFub2hhbmRvbGxlLmpwZyIgYWx0PSIiIHdpZHRoPSIxMTIiIGJvcmRlcj0iMCI+PC90ZD4KICAgIDx0ZD48aW1nIHNyYz0iaHR0cDovL2ltYWdlLnJha3V0ZW4uY28uanAvYXVjLWN5Y2xlLXBhcnRzL2NhYmluZXQvYmFuYS1nYXpvdS9ibi1zaGltYW5vYm90dGxlLmpwZyIgd2lkdGg9IjExMiIgYm9yZGVyPSIwIj48L3RkPgogIDwvdHI+CjwvdGFibGU+Cjxicj4KCjwhLS3llYblk4HooajnpLox44GT44GT44GL44KJLS0+Cgo8IS0t44K/44Kk44OI44OrMeOBk+OBk+OBi+OCiS0tPgo8YnI+CjxiPjxmb250IGNvbG9yPSIjN0U3QzdDIiBmYWNlPSLjg6HjgqTjg6rjgqoiPlBJQ0tVUCBJVEVNPC9mb250PjwvYj48YnI+CgoKPCEtLeOCv+OCpOODiOODqzHjgZPjgZPjgb7jgactLT4KCgo8YnI+Cjxicj4KCjwhLS3llYblk4HooajnpLox44GT44GT44G+44GnLS0+Cgo8IS0t5ZWG5ZOB6KGo56S6MuOBk+OBk+OBi+OCiS0tPgoKPCEtLeOCv+OCpOODiOODqzLjgZPjgZPjgYvjgoktLT4KPGJyPgo8Yj48Zm9udCBjb2xvcj0iIzdFN0M3QyIgZmFjZT0i44Oh44Kk44Oq44KqIj5QSUNLVVAgSVRFTTwvZm9udD48L2I+PGJyPgoKCjwhLS3jgr/jgqTjg4jjg6sy44GT44GT44G+44GnLS0+CgoKCjxicj4KPGJyPgoKPCEtLeWVhuWTgeihqOekujLjgZPjgZPjgb7jgactLT4KCjwhLS3llYblk4HooajnpLoz44GT44GT44GL44KJLS0+Cgo8IS0t44K/44Kk44OI44OrM+OBk+OBk+OBi+OCiS0tPgo8YnI+CjxiPjxmb250IGNvbG9yPSIjN0U3QzdDIiBmYWNlPSLjg6HjgqTjg6rjgqoiPlBJQ0tVUCBJVEVNPC9mb250PjwvYj48YnI+CgoKPCEtLeOCv+OCpOODiOODqzPjgZPjgZPjgb7jgactLT4KCgoKPGJyPgo8YnI+Cgo8IS0t5ZWG5ZOB6KGo56S6M+OBk+OBk+OBvuOBpy0tPgoKCjxicj4KPGJyPg==,77yIQ0FURVlFL+OCreODo+ODg+ODiOOCouOCpCnvvIjjgrXjgqTjgq/jg6vjgrPjg7Pjg5Tjg6Xjg7zjgr/jg7zvvIlDQy1QQTEwMFcg44OR44OJ44Ot44O844ON77yI44OU44Oz44KvXe+8muOCteOCpOOCr+ODq+ODreODvOODiQ==,6Ieq6Lui6LuK44OR44O844OE44Ot44O844OJ44OR44O844OE6YCa6LKp44K144Kk44Kv44Or44Kr44OQ44O844OR44O844Or44Kk44K644OfU0hJTUFOT1BFQVJM44CASVpVTUnjg4/jg7Pjg4njg6vjg4Hjg6PjgqTjg6vjg4njgrfjg7zjg4jjg5jjg6vjg6Hjg4Pjg4jjgr/jgqTjg6Tjg4Hjg6Xjg7zjg5bjg5rjg4Djg6vjg5bjg6zjg7zjgq3nqbrmsJflhaXjgozjg6njgqTjg4jjg5DjgrnjgrHjg4Pjg4jjgrXjg4njg6vjg5bjg6rjg4Ljgrnjg4jjg7Pjgq/jg6njg7Pjgq/vvIhDQVRFWUUv44Kt44Oj44OD44OI44Ki44KkKe+8iOOCteOCpOOCr+ODq+OCs+ODs+ODlOODpeODvOOCv+ODvO+8iUNDLVBBMTAwVyDjg5Hjg4njg63jg7zjg43vvIjjg5Tjg7Pjgq9d,77yIQ0FURVlFL+OCreODo+ODg+ODiOOCouOCpCnvvIjjgrXjgqTjgq/jg6vjgrPjg7Pjg5Tjg6Xjg7zjgr/jg7zvvIlDQy1QQTEwMFcg44OR44OJ44Ot44O844ON77yI44OU44Oz44KvXQ==[rn]
2-78722,aHR0cDovL3RzaG9wLnIxMHMuanAvYXVjLWN5Y2xlLXBhcnRzL2NhYmluZXQvYWNzL2FjYy9hY2MtNy00LmpwZz9maXRpbj03MDA6NzAw,MTAyOC44MDAw,,44K544Od44O844OE44O744Ki44Km44OI44OJ44KiID4g6Ieq6Lui6LuK44O744K144Kk44Kv44Oq44Oz44KwID4g6Ieq6Lui6LuK55So44Ki44Kv44K744K144Oq44O8ID4g44K144Kk44Kv44Or44Kz44Oz44OU44Ol44O844K/44O8,44OW44Oq44OC44K544OI44OzIOOCpOODvOODoeODvOOCv+ODvOOCuueUqOOCr+ODrOODvOODieODqyDvvIjjgrXjgqTjgq/jg6vjgrPjg7Pjg5Tjg6Xjg7zjgr/jg7znlKjjg5Hjg7zjg4TvvIkgQlJJREdFU1RPTkUgZW1ldGVycyBCU0VNLUMgODkxMDc2OCBQNDg4MyBCU0VNQyDjg5Hjgr3jgrPjg7PmjqXntprnlKjjgq/jg6zjg7zjg4njg6s=,,44CQPGZvbnQgY29sb3I9IiNmZjY2NjYiPumHjeimgTwvZm9udD7jgJHjgYrlj5bjgorlr4TjgZvllYblk4HjgavjgaTjgYTjgaY8YnI+CuKWoOOBk+OBoeOCieOBruWVhuWTgeOBr+OAgeODoeODvOOCq+ODvOOBi+OCieOBruOBiuWPluOCiuWvhOOBm+WVhuWTgeOBq+OBquOCiuOBvuOBmeOAguODoeODvOOCq+ODvOWcqOW6q+OBjOOBguOCjOOBsOOAgeOBiuWxiuOBkeOBvuOBp+mAmuW4uO+8kemAsemWk+eoi+OBiuaZgumWk+OCkuOBhOOBn+OBoOOBjeOBvuOBme+8iOWcn+aXpeOAgeelneaXpeOAgeW9k+ekvuWumuS8keaXpeOBr+WQq+OBv+OBvuOBm+OCk++8ieOAgjxicj4K4pag44Oh44O844Kr44O85Zyo5bqr5a6M5aOy5pmC44Gr44Gv44CB44GU5rOo5paH44KS44Kt44Oj44Oz44K744Or44GV44Gb44Gm44GE44Gf44Gg44GN44G+44GZ44CCPGJyPgrilqDjgYrlj5bjgorlr4TjgZvllYblk4HjgpLlkKvjgoDjgZTms6jmlofjgpLjgYTjgZ/jgaDjgYTjgZ/loLTlkIjjgIHlhajjgabjga7llYblk4HjgYzmj4PjgaPjgabjgYvjgonjga7kuIDmi6znmbrpgIHjgavjgarjgorjgb7jgZnjga7jgafjgIHmjIflrprml6XphY3pgIHjga/jgYrlj5fjgZHlh7rmnaXjgYvjga3jgb7jgZnjgII8YnI+PGJyPgrku6XkuIrjgIHoqqDjgavmgZDjgozlhaXjgorjgb7jgZnjgYzjgIHkuojjgoHjgZTmib/nn6Xjga7jgYbjgYjjgIHjgZTms6jmlofjgYTjgZ/jgaDjgZHjgb7jgZnjgojjgYbjgYrpoZjjgYTnlLPjgZfkuIrjgZLjgb7jgZnjgII8YnI+PGJyPjxicj4K4peLZW1ldGVycyjjgqTjg7zjg6Hjg7zjgr/jg7zjgrop55So44OR44K944Kz44Oz5o6l57aa55So44Kv44Os44O844OJ44Or44CCPGJyPjxicj4K4peP5Z6L55Wq77yaQlNFTS1DPGJyPjx0YWJsZSB3aWR0aD0iNzMwIiBib3JkZXI9IjAiIGFsaWduPSJjZW50ZXIiIGNlbGxzcGFjaW5nPSI1Ij4KICA8dHI+CiAgICA8dGQ+PGRpdiBhbGlnbj0iY2VudGVyIj48aW1nIHNyYz0iaHR0cDovL2ltYWdlLnJha3V0ZW4uY28uanAvYXVjLWN5Y2xlLXBhcnRzL2NhYmluZXQvYmFuYS1nYXpvdS9ibi1zby5qcGciIGFsdD0iYWEiIHdpZHRoPSIxMTIiIGJvcmRlcj0iMCI+PC9kaXY+PC90ZD4KICAgIDx0ZD48aW1nIHNyYz0iaHR0cDovL2ltYWdlLnJha3V0ZW4uY28uanAvYXVjLWN5Y2xlLXBhcnRzL2NhYmluZXQvYmFuYS1nYXpvdS9iZS1ib2xsZS5qcGciIHdpZHRoPSIxMTIiIGJvcmRlcj0iMCI+PC90ZD4KICAgIDx0ZD48aW1nIHNyYz0iaHR0cDovL2ltYWdlLnJha3V0ZW4uY28uanAvYXVjLWN5Y2xlLXBhcnRzL2NhYmluZXQvYmFuYS1nYXpvdS9ibi1hcXVhLmpwZyIgYWx0PSLjgqLjgq/jgqLjgrnjg5XjgqPjgqIiIHdpZHRoPSIxMTIiIGJvcmRlcj0iMCI+PC90ZD4KICAgIDx0ZD48aW1nIHNyYz0iaHR0cDovL2ltYWdlLnJha3V0ZW4uY28uanAvYXVjLWN5Y2xlLXBhcnRzL2NhYmluZXQvYmFuYS1nYXpvdS9ibi12aXQuanBnIiBhbHQ9IuODk+ODg+ODiOODquOCoiIgd2lkdGg9IjExMiIgYm9yZGVyPSIwIj48L3RkPgogICAgPHRkPjxpbWcgc3JjPSJodHRwOi8vaW1hZ2UucmFrdXRlbi5jby5qcC9hdWMtY3ljbGUtcGFydHMvY2FiaW5ldC9iYW5hLWdhem91L2JuLWZvb3QuanBnIiBhbHQ9IkZPT1RNQVgiIHdpZHRoPSIxMTIiIGJvcmRlcj0iMCI+PC90ZD4KICAgIDx0ZD48aW1nIHNyYz0iaHR0cDovL2ltYWdlLnJha3V0ZW4uY28uanAvYXVjLWN5Y2xlLXBhcnRzL2NhYmluZXQvYmFuYS1nYXpvdS9ibi1uZXdvbi5qcGciIGFsdD0ibmV3dG9uIiB3aWR0aD0iMTEyIiBib3JkZXI9IjAiPjwvdGQ+CiAgPC90cj4KICA8dHI+CiAgICA8dGQ+PGltZyBzcmM9Imh0dHA6Ly9pbWFnZS5yYWt1dGVuLmNvLmpwL2F1Yy1jeWNsZS1wYXJ0cy9jYWJpbmV0L2JhbmEtZ2F6b3UvYm4tc2hpbWFub2FjLmpwZyIgYWx0PSIiIHdpZHRoPSIxMTIiIGJvcmRlcj0iMCI+PC90ZD4KICAgIDx0ZD48aW1nIHNyYz0iaHR0cDovL2ltYWdlLnJha3V0ZW4uY28uanAvYXVjLWN5Y2xlLXBhcnRzL2NhYmluZXQvYmFuYS1nYXpvdS9ibi1hc2ctY20tMTQuanBnIiBhbHQ9IiIgd2lkdGg9IjExMiIgYm9yZGVyPSIwIj48L3RkPgogICAgPHRkPjxpbWcgc3JjPSJodHRwOi8vaW1hZ2UucmFrdXRlbi5jby5qcC9hdWMtY3ljbGUtcGFydHMvY2FiaW5ldC9iYW5hLWdhem91L2JuLXN3ZXcuanBnIiBhbHQ9IuOCt+ODnuODjuOCteODs+OCsOODqeOCuSIgd2lkdGg9IjExMiIgYm9yZGVyPSIwIj48L3RkPgogICAgPHRkPjxpbWcgc3JjPSJodHRwOi8vaW1hZ2UucmFrdXRlbi5jby5qcC9hdWMtY3ljbGUtcGFydHMvY2FiaW5ldC9iYW5hLWdhem91L2JuLXNoaW1hbm9zYWRvbGxlLmpwZyIgYWx0PSIiIHdpZHRoPSIxMTIiIGJvcmRlcj0iMCI+PC90ZD4KICAgIDx0ZD48aW1nIHNyYz0iaHR0cDovL2ltYWdlLnJha3V0ZW4uY28uanAvYXVjLWN5Y2xlLXBhcnRzL2NhYmluZXQvYmFuYS1nYXpvdS9ibi1zaGltYW5vaGFuZG9sbGUuanBnIiBhbHQ9IiIgd2lkdGg9IjExMiIgYm9yZGVyPSIwIj48L3RkPgogICAgPHRkPjxpbWcgc3JjPSJodHRwOi8vaW1hZ2UucmFrdXRlbi5jby5qcC9hdWMtY3ljbGUtcGFydHMvY2FiaW5ldC9iYW5hLWdhem91L2JuLXNoaW1hbm9ib3R0bGUuanBnIiB3aWR0aD0iMTEyIiBib3JkZXI9IjAiPjwvdGQ+CiAgPC90cj4KPC90YWJsZT4KPGJyPgoKPCEtLeWVhuWTgeihqOekujHjgZPjgZPjgYvjgoktLT4KCjwhLS3jgr/jgqTjg4jjg6sx44GT44GT44GL44KJLS0+Cjxicj4KPGI+PGZvbnQgY29sb3I9IiM3RTdDN0MiIGZhY2U9IuODoeOCpOODquOCqiI+UElDS1VQIElURU08L2ZvbnQ+PC9iPjxicj4KCgo8IS0t44K/44Kk44OI44OrMeOBk+OBk+OBvuOBpy0tPgoKCjxicj4KPGJyPgoKPCEtLeWVhuWTgeihqOekujHjgZPjgZPjgb7jgactLT4KCjwhLS3llYblk4HooajnpLoy44GT44GT44GL44KJLS0+Cgo8IS0t44K/44Kk44OI44OrMuOBk+OBk+OBi+OCiS0tPgo8YnI+CjxiPjxmb250IGNvbG9yPSIjN0U3QzdDIiBmYWNlPSLjg6HjgqTjg6rjgqoiPlBJQ0tVUCBJVEVNPC9mb250PjwvYj48YnI+CgoKPCEtLeOCv+OCpOODiOODqzLjgZPjgZPjgb7jgactLT4KCgoKPGJyPgo8YnI+Cgo8IS0t5ZWG5ZOB6KGo56S6MuOBk+OBk+OBvuOBpy0tPgoKPCEtLeWVhuWTgeihqOekujPjgZPjgZPjgYvjgoktLT4KCjwhLS3jgr/jgqTjg4jjg6sz44GT44GT44GL44KJLS0+Cjxicj4KPGI+PGZvbnQgY29sb3I9IiM3RTdDN0MiIGZhY2U9IuODoeOCpOODquOCqiI+UElDS1VQIElURU08L2ZvbnQ+PC9iPjxicj4KCgo8IS0t44K/44Kk44OI44OrM+OBk+OBk+OBvuOBpy0tPgoKCgo8YnI+Cjxicj4KCjwhLS3llYblk4HooajnpLoz44GT44GT44G+44GnLS0+CgoKPGJyPgo8YnI+,44OW44Oq44OC44K544OI44OzIOOCpOODvOODoeODvOOCv+ODvOOCuueUqOOCr+ODrOODvOODieODqyDvvIjjgrXjgqTjgq/jg6vjgrPjg7Pjg5Tjg6Xjg7zjgr/jg7znlKjjg5Hjg7zjg4TvvIkgQlJJREdFU1RPTkUgZW1ldGVycyBCU0VNLUMgODkxMDc2OCBQNDg4MyBCU0VNQyDjg5Hjgr3jgrPjg7PmjqXntprnlKjjgq/jg6zjg7zjg4njg6vvvJrjgrXjgqTjgq/jg6vjg63jg7zjg4k=,6Ieq6Lui6LuK44OR44O844OE44Ot44O844OJ44OR44O844OE6YCa6LKp44K144Kk44Kv44Or44Kr44OQ44O844OR44O844Or44Kk44K644OfU0hJTUFOT1BFQVJM44CASVpVTUnjg4/jg7Pjg4njg6vjg4Hjg6PjgqTjg6vjg4njgrfjg7zjg4jjg5jjg6vjg6Hjg4Pjg4jjgr/jgqTjg6Tjg4Hjg6Xjg7zjg5bjg5rjg4Djg6vjg5bjg6zjg7zjgq3nqbrmsJflhaXjgozjg6njgqTjg4jjg5DjgrnjgrHjg4Pjg4jjgrXjg4njg6vjg5bjg6rjg4Ljgrnjg4jjg7Pjgq/jg6njg7Pjgq/jg5bjg6rjg4Ljgrnjg4jjg7Mg44Kk44O844Oh44O844K/44O844K655So44Kv44Os44O844OJ44OrIO+8iOOCteOCpOOCr+ODq+OCs+ODs+ODlOODpeODvOOCv+ODvOeUqOODkeODvOODhO+8iSBCUklER0VTVE9ORSBlbWV0ZXJzIEJTRU0tQyA4OTEwNzY4IFA0ODgzIEJTRU1DIOODkeOCveOCs+ODs+aOpee2mueUqOOCr+ODrOODvOODieODqw==,44OW44Oq44OC44K544OI44OzIOOCpOODvOODoeODvOOCv+ODvOOCuueUqOOCr+ODrOODvOODieODqyDvvIjjgrXjgqTjgq/jg6vjgrPjg7Pjg5Tjg6Xjg7zjgr/jg7znlKjjg5Hjg7zjg4TvvIkgQlJJREdFU1RPTkUgZW1ldGVycyBCU0VNLUMgODkxMDc2OCBQNDg4MyBCU0VNQyDjg5Hjgr3jgrPjg7PmjqXntprnlKjjgq/jg6zjg7zjg4njg6s=[rn]
2-78723,aHR0cDovL3RzaG9wLnIxMHMuanAvYXVjLWN5Y2xlLXBhcnRzL2NhYmluZXQvaW1nMTEvYWNjLXYyMi0xMjUtOC5qcGc/Zml0aW49NzAwOjcwMA==,MzAwOC4wMDAw,,44K544Od44O844OE44O744Ki44Km44OI44OJ44KiID4g6Ieq6Lui6LuK44O744K144Kk44Kv44Oq44Oz44KwID4g6Ieq6Lui6LuK55So44Ki44Kv44K744K144Oq44O8ID4g44K144Kk44Kv44Or44Kz44Oz44OU44Ol44O844K/44O8,77yIQ3JvcHMv44Kv44Ot44OD44OX44K5KSAg77yI6Ieq6Lui6LuK55So44K144Kk44Kv44Or44Kz44Oz44OU44Ol44O844K/44O877yJVzEwMDkg44Kz44Oz44OU44Ol44O844K/44O8,,PGJyPuKXj0JL44O7V0jjg7tSRDxicj7il4/jgrPjg7Pjg5Hjgq/jg4jjg5zjg4fjgqPjg7w8YnI+4peP5pys5L2T44O744OW44Op44Kx44OD44OIJuOCu+ODs+OCteODvOODu+ODiuOCpOODreODs+OCv+OCpOODu+ODnuOCsOODjeODg+ODiOODu+OCtOODoOODkeODg+ODiOODu0NSMjAzMik8YnI+4pePOeODleOCoeODs+OCr+OCt+ODp+ODszxicj7il4/pm7vmsaDlr7/lkb3ntITvvJLlubQ8YnI+4peP6Ziy5rC0PGJyPuKWoOmFjee3muOBruS4jeimgeOBquODr+OCpOODpOODrOOCueOCteOCpOOCr+ODq+OCs+ODs+ODlOODpeODvOOCv+ODvOOAgui2heWwj+Wei+OAgei2hei7vemHj+OAguOCquODvOOCveODieODg+OCr+OCueOBqjbmqZ/og73vvIjotbDooYzot53pm6LjgIHpgJ/luqbjgIHmnIDpq5jpgJ/jgIHlubPlnYfpgJ/luqbjgIHnqY3nrpfot53pm6LjgIHjgqrjg7zjg4jotbDooYzmmYLplpMp44Gr44OX44Op44K5M+apn+iDvSjmmYLoqIjjgIHjgqvjg63jg6rjg7zooajnpLrjgIHjgrnjgq3jg6Pjg7PvvInjgpLmkK3ovInjgILjgbvjgajjgpPjganjga7jgqjjgqLjg63jgrnjg53jg7zjgq/jgavlr77lv5zjgZfjgZ/jg57jgrDjg43jg4Pjg4jmjqHnlKjjgIIoPGJyPuKAu+OCq+ODreODquODvOihqOekuuOBr+ebruWuieOBruihqOekuuOBq+OBquOCiuOBvuOBmeOBruOBp+ato+eiuuOBquOCq+ODreODquODvOioiOeul+OBqOOBr+eVsOOBquOCiuOBvuOBme+8iTxicj48YnI+PHRhYmxlIHdpZHRoPSI3MzAiIGJvcmRlcj0iMCIgYWxpZ249ImNlbnRlciIgY2VsbHNwYWNpbmc9IjUiPgogIDx0cj4KICAgIDx0ZD48ZGl2IGFsaWduPSJjZW50ZXIiPjxpbWcgc3JjPSJodHRwOi8vaW1hZ2UucmFrdXRlbi5jby5qcC9hdWMtY3ljbGUtcGFydHMvY2FiaW5ldC9iYW5hLWdhem91L2JuLXNvLmpwZyIgYWx0PSJhYSIgd2lkdGg9IjExMiIgYm9yZGVyPSIwIj48L2Rpdj48L3RkPgogICAgPHRkPjxpbWcgc3JjPSJodHRwOi8vaW1hZ2UucmFrdXRlbi5jby5qcC9hdWMtY3ljbGUtcGFydHMvY2FiaW5ldC9iYW5hLWdhem91L2JlLWJvbGxlLmpwZyIgd2lkdGg9IjExMiIgYm9yZGVyPSIwIj48L3RkPgogICAgPHRkPjxpbWcgc3JjPSJodHRwOi8vaW1hZ2UucmFrdXRlbi5jby5qcC9hdWMtY3ljbGUtcGFydHMvY2FiaW5ldC9iYW5hLWdhem91L2JuLWFxdWEuanBnIiBhbHQ9IuOCouOCr+OCouOCueODleOCo+OCoiIgd2lkdGg9IjExMiIgYm9yZGVyPSIwIj48L3RkPgogICAgPHRkPjxpbWcgc3JjPSJodHRwOi8vaW1hZ2UucmFrdXRlbi5jby5qcC9hdWMtY3ljbGUtcGFydHMvY2FiaW5ldC9iYW5hLWdhem91L2JuLXZpdC5qcGciIGFsdD0i44OT44OD44OI44Oq44KiIiB3aWR0aD0iMTEyIiBib3JkZXI9IjAiPjwvdGQ+CiAgICA8dGQ+PGltZyBzcmM9Imh0dHA6Ly9pbWFnZS5yYWt1dGVuLmNvLmpwL2F1Yy1jeWNsZS1wYXJ0cy9jYWJpbmV0L2JhbmEtZ2F6b3UvYm4tZm9vdC5qcGciIGFsdD0iRk9PVE1BWCIgd2lkdGg9IjExMiIgYm9yZGVyPSIwIj48L3RkPgogICAgPHRkPjxpbWcgc3JjPSJodHRwOi8vaW1hZ2UucmFrdXRlbi5jby5qcC9hdWMtY3ljbGUtcGFydHMvY2FiaW5ldC9iYW5hLWdhem91L2JuLW5ld29uLmpwZyIgYWx0PSJuZXd0b24iIHdpZHRoPSIxMTIiIGJvcmRlcj0iMCI+PC90ZD4KICA8L3RyPgogIDx0cj4KICAgIDx0ZD48aW1nIHNyYz0iaHR0cDovL2ltYWdlLnJha3V0ZW4uY28uanAvYXVjLWN5Y2xlLXBhcnRzL2NhYmluZXQvYmFuYS1nYXpvdS9ibi1zaGltYW5vYWMuanBnIiBhbHQ9IiIgd2lkdGg9IjExMiIgYm9yZGVyPSIwIj48L3RkPgogICAgPHRkPjxpbWcgc3JjPSJodHRwOi8vaW1hZ2UucmFrdXRlbi5jby5qcC9hdWMtY3ljbGUtcGFydHMvY2FiaW5ldC9iYW5hLWdhem91L2JuLWFzZy1jbS0xNC5qcGciIGFsdD0iIiB3aWR0aD0iMTEyIiBib3JkZXI9IjAiPjwvdGQ+CiAgICA8dGQ+PGltZyBzcmM9Imh0dHA6Ly9pbWFnZS5yYWt1dGVuLmNvLmpwL2F1Yy1jeWNsZS1wYXJ0cy9jYWJpbmV0L2JhbmEtZ2F6b3UvYm4tc3dldy5qcGciIGFsdD0i44K344Oe44OO44K144Oz44Kw44Op44K5IiB3aWR0aD0iMTEyIiBib3JkZXI9IjAiPjwvdGQ+CiAgICA8dGQ+PGltZyBzcmM9Imh0dHA6Ly9pbWFnZS5yYWt1dGVuLmNvLmpwL2F1Yy1jeWNsZS1wYXJ0cy9jYWJpbmV0L2JhbmEtZ2F6b3UvYm4tc2hpbWFub3NhZG9sbGUuanBnIiBhbHQ9IiIgd2lkdGg9IjExMiIgYm9yZGVyPSIwIj48L3RkPgogICAgPHRkPjxpbWcgc3JjPSJodHRwOi8vaW1hZ2UucmFrdXRlbi5jby5qcC9hdWMtY3ljbGUtcGFydHMvY2FiaW5ldC9iYW5hLWdhem91L2JuLXNoaW1hbm9oYW5kb2xsZS5qcGciIGFsdD0iIiB3aWR0aD0iMTEyIiBib3JkZXI9IjAiPjwvdGQ+CiAgICA8dGQ+PGltZyBzcmM9Imh0dHA6Ly9pbWFnZS5yYWt1dGVuLmNvLmpwL2F1Yy1jeWNsZS1wYXJ0cy9jYWJpbmV0L2JhbmEtZ2F6b3UvYm4tc2hpbWFub2JvdHRsZS5qcGciIHdpZHRoPSIxMTIiIGJvcmRlcj0iMCI+PC90ZD4KICA8L3RyPgo8L3RhYmxlPgo8YnI+Cgo8IS0t5ZWG5ZOB6KGo56S6MeOBk+OBk+OBi+OCiS0tPgoKPCEtLeOCv+OCpOODiOODqzHjgZPjgZPjgYvjgoktLT4KPGJyPgo8Yj48Zm9udCBjb2xvcj0iIzdFN0M3QyIgZmFjZT0i44Oh44Kk44Oq44KqIj5QSUNLVVAgSVRFTTwvZm9udD48L2I+PGJyPgoKCjwhLS3jgr/jgqTjg4jjg6sx44GT44GT44G+44GnLS0+CgoKPGJyPgo8YnI+Cgo8IS0t5ZWG5ZOB6KGo56S6MeOBk+OBk+OBvuOBpy0tPgoKPCEtLeWVhuWTgeihqOekujLjgZPjgZPjgYvjgoktLT4KCjwhLS3jgr/jgqTjg4jjg6sy44GT44GT44GL44KJLS0+Cjxicj4KPGI+PGZvbnQgY29sb3I9IiM3RTdDN0MiIGZhY2U9IuODoeOCpOODquOCqiI+UElDS1VQIElURU08L2ZvbnQ+PC9iPjxicj4KCgo8IS0t44K/44Kk44OI44OrMuOBk+OBk+OBvuOBpy0tPgoKCgo8YnI+Cjxicj4KCjwhLS3llYblk4HooajnpLoy44GT44GT44G+44GnLS0+Cgo8IS0t5ZWG5ZOB6KGo56S6M+OBk+OBk+OBi+OCiS0tPgoKPCEtLeOCv+OCpOODiOODqzPjgZPjgZPjgYvjgoktLT4KPGJyPgo8Yj48Zm9udCBjb2xvcj0iIzdFN0M3QyIgZmFjZT0i44Oh44Kk44Oq44KqIj5QSUNLVVAgSVRFTTwvZm9udD48L2I+PGJyPgoKCjwhLS3jgr/jgqTjg4jjg6sz44GT44GT44G+44GnLS0+CgoKCjxicj4KPGJyPgoKPCEtLeWVhuWTgeihqOekujPjgZPjgZPjgb7jgactLT4KCgo8YnI+Cjxicj4=,77yIQ3JvcHMv44Kv44Ot44OD44OX44K5KSAg77yI6Ieq6Lui6LuK55So44K144Kk44Kv44Or44Kz44Oz44OU44Ol44O844K/44O877yJVzEwMDkg44Kz44Oz44OU44Ol44O844K/44O877ya44K144Kk44Kv44Or44Ot44O844OJ,6Ieq6Lui6LuK44OR44O844OE44Ot44O844OJ44OR44O844OE6YCa6LKp44K144Kk44Kv44Or44Kr44OQ44O844OR44O844Or44Kk44K644OfU0hJTUFOT1BFQVJM44CASVpVTUnjg4/jg7Pjg4njg6vjg4Hjg6PjgqTjg6vjg4njgrfjg7zjg4jjg5jjg6vjg6Hjg4Pjg4jjgr/jgqTjg6Tjg4Hjg6Xjg7zjg5bjg5rjg4Djg6vjg5bjg6zjg7zjgq3nqbrmsJflhaXjgozjg6njgqTjg4jjg5DjgrnjgrHjg4Pjg4jjgrXjg4njg6vjg5bjg6rjg4Ljgrnjg4jjg7Pjgq/jg6njg7Pjgq/vvIhDcm9wcy/jgq/jg63jg4Pjg5fjgrkpICDvvIjoh6rou6Lou4rnlKjjgrXjgqTjgq/jg6vjgrPjg7Pjg5Tjg6Xjg7zjgr/jg7zvvIlXMTAwOSDjgrPjg7Pjg5Tjg6Xjg7zjgr/jg7w=,77yIQ3JvcHMv44Kv44Ot44OD44OX44K5KSAg77yI6Ieq6Lui6LuK55So44K144Kk44Kv44Or44Kz44Oz44OU44Ol44O844K/44O877yJVzEwMDkg44Kz44Oz44OU44Ol44O844K/44O8[rn]
2-78724,aHR0cDovL3RzaG9wLnIxMHMuanAvYXVjLWN5Y2xlLXBhcnRzL2NhYmluZXQvaW1nMDgvbm93cHJpbnQuZ2lmP2ZpdGluPTcwMDo3MDA=,MTYwOS42MDAw,,44K544Od44O844OE44O744Ki44Km44OI44OJ44KiID4g6Ieq6Lui6LuK44O744K144Kk44Kv44Oq44Oz44KwID4g6Ieq6Lui6LuK55So44Ki44Kv44K744K144Oq44O8ID4g44K144Kk44Kv44Or44Kz44Oz44OU44Ol44O844K/44O8,KEdBUk1JTi/jgqzjg7zjg5/jg7MpRWRnZeeUqCDjgqLjgq/jgrvjgrXjg6og44OP44Oz44OJ44OrL+OCueODhuODoOODnuOCpuODs+ODiCBFZGdlNzA155So,,4peP5ZWG5ZOB5qaC6KaB77ya44OP44Oz44OJ44OrL+OCueODhuODoOODnuOCpuODs+ODiCBFZGdlNzA155SoPGJyPuKXj+ODoeODvOOCq+ODvOWQje+8mkdBUk1JTi/jgqzjg7zjg5/jg7M8YnI+4peP4oC75ZWG5ZOB44Gu44OH44K244Kk44Oz44CB5LuV5qeY44CB5aSW6Kaz44CB44Gv5LqI5ZGK44Gq44GP5aSJ5pu044GZ44KL5aC05ZCI44GM44GC44KK44G+44GZ44Gu44Gn44GU5LqG5om/44GP44Gg44GV44GE44CCPHRhYmxlIHdpZHRoPSI3MzAiIGJvcmRlcj0iMCIgYWxpZ249ImNlbnRlciIgY2VsbHNwYWNpbmc9IjUiPgogIDx0cj4KICAgIDx0ZD48ZGl2IGFsaWduPSJjZW50ZXIiPjxpbWcgc3JjPSJodHRwOi8vaW1hZ2UucmFrdXRlbi5jby5qcC9hdWMtY3ljbGUtcGFydHMvY2FiaW5ldC9iYW5hLWdhem91L2JuLXNvLmpwZyIgYWx0PSJhYSIgd2lkdGg9IjExMiIgYm9yZGVyPSIwIj48L2Rpdj48L3RkPgogICAgPHRkPjxpbWcgc3JjPSJodHRwOi8vaW1hZ2UucmFrdXRlbi5jby5qcC9hdWMtY3ljbGUtcGFydHMvY2FiaW5ldC9iYW5hLWdhem91L2JlLWJvbGxlLmpwZyIgd2lkdGg9IjExMiIgYm9yZGVyPSIwIj48L3RkPgogICAgPHRkPjxpbWcgc3JjPSJodHRwOi8vaW1hZ2UucmFrdXRlbi5jby5qcC9hdWMtY3ljbGUtcGFydHMvY2FiaW5ldC9iYW5hLWdhem91L2JuLWFxdWEuanBnIiBhbHQ9IuOCouOCr+OCouOCueODleOCo+OCoiIgd2lkdGg9IjExMiIgYm9yZGVyPSIwIj48L3RkPgogICAgPHRkPjxpbWcgc3JjPSJodHRwOi8vaW1hZ2UucmFrdXRlbi5jby5qcC9hdWMtY3ljbGUtcGFydHMvY2FiaW5ldC9iYW5hLWdhem91L2JuLXZpdC5qcGciIGFsdD0i44OT44OD44OI44Oq44KiIiB3aWR0aD0iMTEyIiBib3JkZXI9IjAiPjwvdGQ+CiAgICA8dGQ+PGltZyBzcmM9Imh0dHA6Ly9pbWFnZS5yYWt1dGVuLmNvLmpwL2F1Yy1jeWNsZS1wYXJ0cy9jYWJpbmV0L2JhbmEtZ2F6b3UvYm4tZm9vdC5qcGciIGFsdD0iRk9PVE1BWCIgd2lkdGg9IjExMiIgYm9yZGVyPSIwIj48L3RkPgogICAgPHRkPjxpbWcgc3JjPSJodHRwOi8vaW1hZ2UucmFrdXRlbi5jby5qcC9hdWMtY3ljbGUtcGFydHMvY2FiaW5ldC9iYW5hLWdhem91L2JuLW5ld29uLmpwZyIgYWx0PSJuZXd0b24iIHdpZHRoPSIxMTIiIGJvcmRlcj0iMCI+PC90ZD4KICA8L3RyPgogIDx0cj4KICAgIDx0ZD48aW1nIHNyYz0iaHR0cDovL2ltYWdlLnJha3V0ZW4uY28uanAvYXVjLWN5Y2xlLXBhcnRzL2NhYmluZXQvYmFuYS1nYXpvdS9ibi1zaGltYW5vYWMuanBnIiBhbHQ9IiIgd2lkdGg9IjExMiIgYm9yZGVyPSIwIj48L3RkPgogICAgPHRkPjxpbWcgc3JjPSJodHRwOi8vaW1hZ2UucmFrdXRlbi5jby5qcC9hdWMtY3ljbGUtcGFydHMvY2FiaW5ldC9iYW5hLWdhem91L2JuLWFzZy1jbS0xNC5qcGciIGFsdD0iIiB3aWR0aD0iMTEyIiBib3JkZXI9IjAiPjwvdGQ+CiAgICA8dGQ+PGltZyBzcmM9Imh0dHA6Ly9pbWFnZS5yYWt1dGVuLmNvLmpwL2F1Yy1jeWNsZS1wYXJ0cy9jYWJpbmV0L2JhbmEtZ2F6b3UvYm4tc3dldy5qcGciIGFsdD0i44K344Oe44OO44K144Oz44Kw44Op44K5IiB3aWR0aD0iMTEyIiBib3JkZXI9IjAiPjwvdGQ+CiAgICA8dGQ+PGltZyBzcmM9Imh0dHA6Ly9pbWFnZS5yYWt1dGVuLmNvLmpwL2F1Yy1jeWNsZS1wYXJ0cy9jYWJpbmV0L2JhbmEtZ2F6b3UvYm4tc2hpbWFub3NhZG9sbGUuanBnIiBhbHQ9IiIgd2lkdGg9IjExMiIgYm9yZGVyPSIwIj48L3RkPgogICAgPHRkPjxpbWcgc3JjPSJodHRwOi8vaW1hZ2UucmFrdXRlbi5jby5qcC9hdWMtY3ljbGUtcGFydHMvY2FiaW5ldC9iYW5hLWdhem91L2JuLXNoaW1hbm9oYW5kb2xsZS5qcGciIGFsdD0iIiB3aWR0aD0iMTEyIiBib3JkZXI9IjAiPjwvdGQ+CiAgICA8dGQ+PGltZyBzcmM9Imh0dHA6Ly9pbWFnZS5yYWt1dGVuLmNvLmpwL2F1Yy1jeWNsZS1wYXJ0cy9jYWJpbmV0L2JhbmEtZ2F6b3UvYm4tc2hpbWFub2JvdHRsZS5qcGciIHdpZHRoPSIxMTIiIGJvcmRlcj0iMCI+PC90ZD4KICA8L3RyPgo8L3RhYmxlPgo8YnI+Cgo8IS0t5ZWG5ZOB6KGo56S6MeOBk+OBk+OBi+OCiS0tPgoKPCEtLeOCv+OCpOODiOODqzHjgZPjgZPjgYvjgoktLT4KPGJyPgo8Yj48Zm9udCBjb2xvcj0iIzdFN0M3QyIgZmFjZT0i44Oh44Kk44Oq44KqIj5QSUNLVVAgSVRFTTwvZm9udD48L2I+PGJyPgoKCjwhLS3jgr/jgqTjg4jjg6sx44GT44GT44G+44GnLS0+CgoKPGJyPgo8YnI+Cgo8IS0t5ZWG5ZOB6KGo56S6MeOBk+OBk+OBvuOBpy0tPgoKPCEtLeWVhuWTgeihqOekujLjgZPjgZPjgYvjgoktLT4KCjwhLS3jgr/jgqTjg4jjg6sy44GT44GT44GL44KJLS0+Cjxicj4KPGI+PGZvbnQgY29sb3I9IiM3RTdDN0MiIGZhY2U9IuODoeOCpOODquOCqiI+UElDS1VQIElURU08L2ZvbnQ+PC9iPjxicj4KCgo8IS0t44K/44Kk44OI44OrMuOBk+OBk+OBvuOBpy0tPgoKCgo8YnI+Cjxicj4KCjwhLS3llYblk4HooajnpLoy44GT44GT44G+44GnLS0+Cgo8IS0t5ZWG5ZOB6KGo56S6M+OBk+OBk+OBi+OCiS0tPgoKPCEtLeOCv+OCpOODiOODqzPjgZPjgZPjgYvjgoktLT4KPGJyPgo8Yj48Zm9udCBjb2xvcj0iIzdFN0M3QyIgZmFjZT0i44Oh44Kk44Oq44KqIj5QSUNLVVAgSVRFTTwvZm9udD48L2I+PGJyPgoKCjwhLS3jgr/jgqTjg4jjg6sz44GT44GT44G+44GnLS0+CgoKCjxicj4KPGJyPgoKPCEtLeWVhuWTgeihqOekujPjgZPjgZPjgb7jgactLT4KCgo8YnI+Cjxicj4=,KEdBUk1JTi/jgqzjg7zjg5/jg7MpRWRnZeeUqCDjgqLjgq/jgrvjgrXjg6og44OP44Oz44OJ44OrL+OCueODhuODoOODnuOCpuODs+ODiCBFZGdlNzA155So77ya44K144Kk44Kv44Or44Ot44O844OJ,6Ieq6Lui6LuK44OR44O844OE44Ot44O844OJ44OR44O844OE6YCa6LKp44K144Kk44Kv44Or44Kr44OQ44O844OR44O844Or44Kk44K644OfU0hJTUFOT1BFQVJM44CASVpVTUnjg4/jg7Pjg4njg6vjg4Hjg6PjgqTjg6vjg4njgrfjg7zjg4jjg5jjg6vjg6Hjg4Pjg4jjgr/jgqTjg6Tjg4Hjg6Xjg7zjg5bjg5rjg4Djg6vjg5bjg6zjg7zjgq3nqbrmsJflhaXjgozjg6njgqTjg4jjg5DjgrnjgrHjg4Pjg4jjgrXjg4njg6vjg5bjg6rjg4Ljgrnjg4jjg7Pjgq/jg6njg7Pjgq8oR0FSTUlOL+OCrOODvOODn+ODsylFZGdl55SoIOOCouOCr+OCu+OCteODqiDjg4/jg7Pjg4njg6sv44K544OG44Og44Oe44Km44Oz44OIIEVkZ2U3MDXnlKg=,KEdBUk1JTi/jgqzjg7zjg5/jg7MpRWRnZeeUqCDjgqLjgq/jgrvjgrXjg6og44OP44Oz44OJ44OrL+OCueODhuODoOODnuOCpuODs+ODiCBFZGdlNzA155So[rn]
2-78725,aHR0cDovL3RzaG9wLnIxMHMuanAvYXVjLWN5Y2xlLXBhcnRzL2NhYmluZXQvaW1nMDgvZ2FjYy1lZGdlODAwai1jLmpwZz9maXRpbj03MDA6NzAw,MTIxNi4wMDAw,,44K544Od44O844OE44O744Ki44Km44OI44OJ44KiID4g6Ieq6Lui6LuK44O744K144Kk44Kv44Oq44Oz44KwID4g6Ieq6Lui6LuK55So44Ki44Kv44K744K144Oq44O8ID4g44K144Kk44Kv44Or44Kz44Oz44OU44Ol44O844K/44O8,44CQ44Ks44O844Of44OzL0dBUk1JTi9nYXJtaW7jgJEg44CQ44K144Kk44Kv44Or44Kz44Oz44OU44Ol44O844K/44CRIOOCrOODvOODn+ODsyDjgrfjg6rjgrPjg7PjgrHjg7zjgrkg77yIRWRnZTgwMErvvIk=,77yI44Ks44O844Of44OzL0dBUk1JTikg77yI44K144Kk44Kv44Or44Kz44Oz44OU44Ol44O844K/77yJ,5a++5b+c44Oi44OH44Or77yaRWRnZTgwMEo8YnI+PGJyPjx0YWJsZSB3aWR0aD0iNzMwIiBib3JkZXI9IjAiIGFsaWduPSJjZW50ZXIiIGNlbGxzcGFjaW5nPSI1Ij4KICA8dHI+CiAgICA8dGQ+PGRpdiBhbGlnbj0iY2VudGVyIj48aW1nIHNyYz0iaHR0cDovL2ltYWdlLnJha3V0ZW4uY28uanAvYXVjLWN5Y2xlLXBhcnRzL2NhYmluZXQvYmFuYS1nYXpvdS9ibi1zby5qcGciIGFsdD0iYWEiIHdpZHRoPSIxMTIiIGJvcmRlcj0iMCI+PC9kaXY+PC90ZD4KICAgIDx0ZD48aW1nIHNyYz0iaHR0cDovL2ltYWdlLnJha3V0ZW4uY28uanAvYXVjLWN5Y2xlLXBhcnRzL2NhYmluZXQvYmFuYS1nYXpvdS9iZS1ib2xsZS5qcGciIHdpZHRoPSIxMTIiIGJvcmRlcj0iMCI+PC90ZD4KICAgIDx0ZD48aW1nIHNyYz0iaHR0cDovL2ltYWdlLnJha3V0ZW4uY28uanAvYXVjLWN5Y2xlLXBhcnRzL2NhYmluZXQvYmFuYS1nYXpvdS9ibi1hcXVhLmpwZyIgYWx0PSLjgqLjgq/jgqLjgrnjg5XjgqPjgqIiIHdpZHRoPSIxMTIiIGJvcmRlcj0iMCI+PC90ZD4KICAgIDx0ZD48aW1nIHNyYz0iaHR0cDovL2ltYWdlLnJha3V0ZW4uY28uanAvYXVjLWN5Y2xlLXBhcnRzL2NhYmluZXQvYmFuYS1nYXpvdS9ibi12aXQuanBnIiBhbHQ9IuODk+ODg+ODiOODquOCoiIgd2lkdGg9IjExMiIgYm9yZGVyPSIwIj48L3RkPgogICAgPHRkPjxpbWcgc3JjPSJodHRwOi8vaW1hZ2UucmFrdXRlbi5jby5qcC9hdWMtY3ljbGUtcGFydHMvY2FiaW5ldC9iYW5hLWdhem91L2JuLWZvb3QuanBnIiBhbHQ9IkZPT1RNQVgiIHdpZHRoPSIxMTIiIGJvcmRlcj0iMCI+PC90ZD4KICAgIDx0ZD48aW1nIHNyYz0iaHR0cDovL2ltYWdlLnJha3V0ZW4uY28uanAvYXVjLWN5Y2xlLXBhcnRzL2NhYmluZXQvYmFuYS1nYXpvdS9ibi1uZXdvbi5qcGciIGFsdD0ibmV3dG9uIiB3aWR0aD0iMTEyIiBib3JkZXI9IjAiPjwvdGQ+CiAgPC90cj4KICA8dHI+CiAgICA8dGQ+PGltZyBzcmM9Imh0dHA6Ly9pbWFnZS5yYWt1dGVuLmNvLmpwL2F1Yy1jeWNsZS1wYXJ0cy9jYWJpbmV0L2JhbmEtZ2F6b3UvYm4tc2hpbWFub2FjLmpwZyIgYWx0PSIiIHdpZHRoPSIxMTIiIGJvcmRlcj0iMCI+PC90ZD4KICAgIDx0ZD48aW1nIHNyYz0iaHR0cDovL2ltYWdlLnJha3V0ZW4uY28uanAvYXVjLWN5Y2xlLXBhcnRzL2NhYmluZXQvYmFuYS1nYXpvdS9ibi1hc2ctY20tMTQuanBnIiBhbHQ9IiIgd2lkdGg9IjExMiIgYm9yZGVyPSIwIj48L3RkPgogICAgPHRkPjxpbWcgc3JjPSJodHRwOi8vaW1hZ2UucmFrdXRlbi5jby5qcC9hdWMtY3ljbGUtcGFydHMvY2FiaW5ldC9iYW5hLWdhem91L2JuLXN3ZXcuanBnIiBhbHQ9IuOCt+ODnuODjuOCteODs+OCsOODqeOCuSIgd2lkdGg9IjExMiIgYm9yZGVyPSIwIj48L3RkPgogICAgPHRkPjxpbWcgc3JjPSJodHRwOi8vaW1hZ2UucmFrdXRlbi5jby5qcC9hdWMtY3ljbGUtcGFydHMvY2FiaW5ldC9iYW5hLWdhem91L2JuLXNoaW1hbm9zYWRvbGxlLmpwZyIgYWx0PSIiIHdpZHRoPSIxMTIiIGJvcmRlcj0iMCI+PC90ZD4KICAgIDx0ZD48aW1nIHNyYz0iaHR0cDovL2ltYWdlLnJha3V0ZW4uY28uanAvYXVjLWN5Y2xlLXBhcnRzL2NhYmluZXQvYmFuYS1nYXpvdS9ibi1zaGltYW5vaGFuZG9sbGUuanBnIiBhbHQ9IiIgd2lkdGg9IjExMiIgYm9yZGVyPSIwIj48L3RkPgogICAgPHRkPjxpbWcgc3JjPSJodHRwOi8vaW1hZ2UucmFrdXRlbi5jby5qcC9hdWMtY3ljbGUtcGFydHMvY2FiaW5ldC9iYW5hLWdhem91L2JuLXNoaW1hbm9ib3R0bGUuanBnIiB3aWR0aD0iMTEyIiBib3JkZXI9IjAiPjwvdGQ+CiAgPC90cj4KPC90YWJsZT4KPGJyPgoKPCEtLeWVhuWTgeihqOekujHjgZPjgZPjgYvjgoktLT4KCjwhLS3jgr/jgqTjg4jjg6sx44GT44GT44GL44KJLS0+Cjxicj4KPGI+PGZvbnQgY29sb3I9IiM3RTdDN0MiIGZhY2U9IuODoeOCpOODquOCqiI+UElDS1VQIElURU08L2ZvbnQ+PC9iPjxicj4KCgo8IS0t44K/44Kk44OI44OrMeOBk+OBk+OBvuOBpy0tPgoKCjxicj4KPGJyPgoKPCEtLeWVhuWTgeihqOekujHjgZPjgZPjgb7jgactLT4KCjwhLS3llYblk4HooajnpLoy44GT44GT44GL44KJLS0+Cgo8IS0t44K/44Kk44OI44OrMuOBk+OBk+OBi+OCiS0tPgo8YnI+CjxiPjxmb250IGNvbG9yPSIjN0U3QzdDIiBmYWNlPSLjg6HjgqTjg6rjgqoiPlBJQ0tVUCBJVEVNPC9mb250PjwvYj48YnI+CgoKPCEtLeOCv+OCpOODiOODqzLjgZPjgZPjgb7jgactLT4KCgoKPGJyPgo8YnI+Cgo8IS0t5ZWG5ZOB6KGo56S6MuOBk+OBk+OBvuOBpy0tPgoKPCEtLeWVhuWTgeihqOekujPjgZPjgZPjgYvjgoktLT4KCjwhLS3jgr/jgqTjg4jjg6sz44GT44GT44GL44KJLS0+Cjxicj4KPGI+PGZvbnQgY29sb3I9IiM3RTdDN0MiIGZhY2U9IuODoeOCpOODquOCqiI+UElDS1VQIElURU08L2ZvbnQ+PC9iPjxicj4KCgo8IS0t44K/44Kk44OI44OrM+OBk+OBk+OBvuOBpy0tPgoKCgo8YnI+Cjxicj4KCjwhLS3llYblk4HooajnpLoz44GT44GT44G+44GnLS0+CgoKPGJyPgo8YnI+,44CQ44Ks44O844Of44OzL0dBUk1JTi9nYXJtaW7jgJEg44CQ44K144Kk44Kv44Or44Kz44Oz44OU44Ol44O844K/44CRIOOCrOODvOODn+ODsyDjgrfjg6rjgrPjg7PjgrHjg7zjgrkg77yIRWRnZTgwMErvvInvvJrjgrXjgqTjgq/jg6vjg63jg7zjg4k=,6Ieq6Lui6LuK44OR44O844OE44Ot44O844OJ44OR44O844OE6YCa6LKp44K144Kk44Kv44Or44Kr44OQ44O844OR44O844Or44Kk44K644OfU0hJTUFOT1BFQVJM44CASVpVTUnjg4/jg7Pjg4njg6vjg4Hjg6PjgqTjg6vjg4njgrfjg7zjg4jjg5jjg6vjg6Hjg4Pjg4jjgr/jgqTjg6Tjg4Hjg6Xjg7zjg5bjg5rjg4Djg6vjg5bjg6zjg7zjgq3nqbrmsJflhaXjgozjg6njgqTjg4jjg5DjgrnjgrHjg4Pjg4jjgrXjg4njg6vjg5bjg6rjg4Ljgrnjg4jjg7Pjgq/jg6njg7Pjgq/jgJDjgqzjg7zjg5/jg7MvR0FSTUlOL2dhcm1pbuOAkSDjgJDjgrXjgqTjgq/jg6vjgrPjg7Pjg5Tjg6Xjg7zjgr/jgJEg44Ks44O844Of44OzIOOCt+ODquOCs+ODs+OCseODvOOCuSDvvIhFZGdlODAwSu+8iQ==,77yI44Ks44O844Of44OzL0dBUk1JTikg77yI44K144Kk44Kv44Or44Kz44Oz44OU44Ol44O844K/77yJ44CC44CQ44Ks44O844Of44OzL0dBUk1JTi9nYXJtaW7jgJEg44CQ44K144Kk44Kv44Or44Kz44Oz44OU44Ol44O844K/44CRIOOCrOODvOODn+ODsyDjgrfjg6rjgrPjg7PjgrHjg7zjgrkg77yIRWRnZTgwMErvvIk=[rn]
2-78726,aHR0cDovL3RzaG9wLnIxMHMuanAvYXVjLWN5Y2xlLXBhcnRzL2NhYmluZXQvaW1nMjIvZ2FjYy0xNzAzLTM3LmpwZz9maXRpbj03MDA6NzAw,MjA4NjAuMDAwMA==,,44K544Od44O844OE44O744Ki44Km44OI44OJ44KiID4g6Ieq6Lui6LuK44O744K144Kk44Kv44Oq44Oz44KwID4g6Ieq6Lui6LuK55So44Ki44Kv44K744K144Oq44O8ID4g44K144Kk44Kv44Or44Kz44Oz44OU44Ol44O844K/44O8,KEdBUk1JTi/jgqzjg7zjg5/jg7Mp44K544Od44O844OE44Km44Kp44OD44OBIEZvcmVBdGhsZXRlMjMwSg==,,4peP5ZWG5ZOB5qaC6KaB77ya44K544Oe44O844OI5qmf6IO95pCt6LyJR1BT44Op44Oz44OL44Oz44Kw44Km44Kp44OD44OBPEJSPjxCUj7ot53pm6LjgIHjg5rjg7zjgrnjgIHjgr/jgqTjg6DjgIHlv4Pmi43mlbDjgIFWTzIgTWF4MeOCkuiomOmMsjxCUj7mjqXntprmqZ/og73vvJpHYXJtaW4gQ29ubmVjdOOBuOOBruiHquWLleOCouODg+ODl+ODreODvOODieOAgUxpdmUgVHJhY2s044CB44Kq44O844OH44Kj44Kq44Ki44Op44O844OI44CB44Of44Ol44O844K444OD44Kv44Kz44Oz44OI44Ot44O844Or44CB6YCa55+l5qmf6IO944GK44KI44GzU05T5YWx5pyJPEJSPuODqeOCpOODleODreOCsOOBp+OBr+OAgeOCueODhuODg+ODl+aVsOOAgei3nembouOAgea2iOiyu+OCq+ODreODquODvOOAgeedoeecoOOCkuavjuaXpeioiOa4rDxCUj5Db25uZWN0IElR44GL44KJ44OH44O844K/6aCF55uu44CB44Km44Kp44OD44OB44OV44Kn44Kk44K544CB44Km44Kj44K444Kn44OD44OI44CB44Ki44OX44Oq44Kx44O844K344On44Oz44KS44OA44Km44Oz44Ot44O844OJPGJyPuKXj+ODoeODvOOCq+ODvOWQje+8mkdBUk1JTi/jgqzjg7zjg5/jg7M8YnI+4peP4oC75ZWG5ZOB44Gu44OH44K244Kk44Oz44CB5LuV5qeY44CB5aSW6Kaz44CB44Gv5LqI5ZGK44Gq44GP5aSJ5pu044GZ44KL5aC05ZCI44GM44GC44KK44G+44GZ44Gu44Gn44GU5LqG5om/44GP44Gg44GV44GE44CCPHRhYmxlIHdpZHRoPSI3MzAiIGJvcmRlcj0iMCIgYWxpZ249ImNlbnRlciIgY2VsbHNwYWNpbmc9IjUiPgogIDx0cj4KICAgIDx0ZD48ZGl2IGFsaWduPSJjZW50ZXIiPjxpbWcgc3JjPSJodHRwOi8vaW1hZ2UucmFrdXRlbi5jby5qcC9hdWMtY3ljbGUtcGFydHMvY2FiaW5ldC9iYW5hLWdhem91L2JuLXNvLmpwZyIgYWx0PSJhYSIgd2lkdGg9IjExMiIgYm9yZGVyPSIwIj48L2Rpdj48L3RkPgogICAgPHRkPjxpbWcgc3JjPSJodHRwOi8vaW1hZ2UucmFrdXRlbi5jby5qcC9hdWMtY3ljbGUtcGFydHMvY2FiaW5ldC9iYW5hLWdhem91L2JlLWJvbGxlLmpwZyIgd2lkdGg9IjExMiIgYm9yZGVyPSIwIj48L3RkPgogICAgPHRkPjxpbWcgc3JjPSJodHRwOi8vaW1hZ2UucmFrdXRlbi5jby5qcC9hdWMtY3ljbGUtcGFydHMvY2FiaW5ldC9iYW5hLWdhem91L2JuLWFxdWEuanBnIiBhbHQ9IuOCouOCr+OCouOCueODleOCo+OCoiIgd2lkdGg9IjExMiIgYm9yZGVyPSIwIj48L3RkPgogICAgPHRkPjxpbWcgc3JjPSJodHRwOi8vaW1hZ2UucmFrdXRlbi5jby5qcC9hdWMtY3ljbGUtcGFydHMvY2FiaW5ldC9iYW5hLWdhem91L2JuLXZpdC5qcGciIGFsdD0i44OT44OD44OI44Oq44KiIiB3aWR0aD0iMTEyIiBib3JkZXI9IjAiPjwvdGQ+CiAgICA8dGQ+PGltZyBzcmM9Imh0dHA6Ly9pbWFnZS5yYWt1dGVuLmNvLmpwL2F1Yy1jeWNsZS1wYXJ0cy9jYWJpbmV0L2JhbmEtZ2F6b3UvYm4tZm9vdC5qcGciIGFsdD0iRk9PVE1BWCIgd2lkdGg9IjExMiIgYm9yZGVyPSIwIj48L3RkPgogICAgPHRkPjxpbWcgc3JjPSJodHRwOi8vaW1hZ2UucmFrdXRlbi5jby5qcC9hdWMtY3ljbGUtcGFydHMvY2FiaW5ldC9iYW5hLWdhem91L2JuLW5ld29uLmpwZyIgYWx0PSJuZXd0b24iIHdpZHRoPSIxMTIiIGJvcmRlcj0iMCI+PC90ZD4KICA8L3RyPgogIDx0cj4KICAgIDx0ZD48aW1nIHNyYz0iaHR0cDovL2ltYWdlLnJha3V0ZW4uY28uanAvYXVjLWN5Y2xlLXBhcnRzL2NhYmluZXQvYmFuYS1nYXpvdS9ibi1zaGltYW5vYWMuanBnIiBhbHQ9IiIgd2lkdGg9IjExMiIgYm9yZGVyPSIwIj48L3RkPgogICAgPHRkPjxpbWcgc3JjPSJodHRwOi8vaW1hZ2UucmFrdXRlbi5jby5qcC9hdWMtY3ljbGUtcGFydHMvY2FiaW5ldC9iYW5hLWdhem91L2JuLWFzZy1jbS0xNC5qcGciIGFsdD0iIiB3aWR0aD0iMTEyIiBib3JkZXI9IjAiPjwvdGQ+CiAgICA8dGQ+PGltZyBzcmM9Imh0dHA6Ly9pbWFnZS5yYWt1dGVuLmNvLmpwL2F1Yy1jeWNsZS1wYXJ0cy9jYWJpbmV0L2JhbmEtZ2F6b3UvYm4tc3dldy5qcGciIGFsdD0i44K344Oe44OO44K144Oz44Kw44Op44K5IiB3aWR0aD0iMTEyIiBib3JkZXI9IjAiPjwvdGQ+CiAgICA8dGQ+PGltZyBzcmM9Imh0dHA6Ly9pbWFnZS5yYWt1dGVuLmNvLmpwL2F1Yy1jeWNsZS1wYXJ0cy9jYWJpbmV0L2JhbmEtZ2F6b3UvYm4tc2hpbWFub3NhZG9sbGUuanBnIiBhbHQ9IiIgd2lkdGg9IjExMiIgYm9yZGVyPSIwIj48L3RkPgogICAgPHRkPjxpbWcgc3JjPSJodHRwOi8vaW1hZ2UucmFrdXRlbi5jby5qcC9hdWMtY3ljbGUtcGFydHMvY2FiaW5ldC9iYW5hLWdhem91L2JuLXNoaW1hbm9oYW5kb2xsZS5qcGciIGFsdD0iIiB3aWR0aD0iMTEyIiBib3JkZXI9IjAiPjwvdGQ+CiAgICA8dGQ+PGltZyBzcmM9Imh0dHA6Ly9pbWFnZS5yYWt1dGVuLmNvLmpwL2F1Yy1jeWNsZS1wYXJ0cy9jYWJpbmV0L2JhbmEtZ2F6b3UvYm4tc2hpbWFub2JvdHRsZS5qcGciIHdpZHRoPSIxMTIiIGJvcmRlcj0iMCI+PC90ZD4KICA8L3RyPgo8L3RhYmxlPgo8YnI+Cgo8IS0t5ZWG5ZOB6KGo56S6MeOBk+OBk+OBi+OCiS0tPgoKPCEtLeOCv+OCpOODiOODqzHjgZPjgZPjgYvjgoktLT4KPGJyPgo8Yj48Zm9udCBjb2xvcj0iIzdFN0M3QyIgZmFjZT0i44Oh44Kk44Oq44KqIj5QSUNLVVAgSVRFTTwvZm9udD48L2I+PGJyPgoKCjwhLS3jgr/jgqTjg4jjg6sx44GT44GT44G+44GnLS0+CgoKPGJyPgo8YnI+Cgo8IS0t5ZWG5ZOB6KGo56S6MeOBk+OBk+OBvuOBpy0tPgoKPCEtLeWVhuWTgeihqOekujLjgZPjgZPjgYvjgoktLT4KCjwhLS3jgr/jgqTjg4jjg6sy44GT44GT44GL44KJLS0+Cjxicj4KPGI+PGZvbnQgY29sb3I9IiM3RTdDN0MiIGZhY2U9IuODoeOCpOODquOCqiI+UElDS1VQIElURU08L2ZvbnQ+PC9iPjxicj4KCgo8IS0t44K/44Kk44OI44OrMuOBk+OBk+OBvuOBpy0tPgoKCgo8YnI+Cjxicj4KCjwhLS3llYblk4HooajnpLoy44GT44GT44G+44GnLS0+Cgo8IS0t5ZWG5ZOB6KGo56S6M+OBk+OBk+OBi+OCiS0tPgoKPCEtLeOCv+OCpOODiOODqzPjgZPjgZPjgYvjgoktLT4KPGJyPgo8Yj48Zm9udCBjb2xvcj0iIzdFN0M3QyIgZmFjZT0i44Oh44Kk44Oq44KqIj5QSUNLVVAgSVRFTTwvZm9udD48L2I+PGJyPgoKCjwhLS3jgr/jgqTjg4jjg6sz44GT44GT44G+44GnLS0+CgoKCjxicj4KPGJyPgoKPCEtLeWVhuWTgeihqOekujPjgZPjgZPjgb7jgactLT4KCgo8YnI+Cjxicj4=,KEdBUk1JTi/jgqzjg7zjg5/jg7Mp44K544Od44O844OE44Km44Kp44OD44OBIEZvcmVBdGhsZXRlMjMwSu+8muOCteOCpOOCr+ODq+ODreODvOODiQ==,6Ieq6Lui6LuK44OR44O844OE44Ot44O844OJ44OR44O844OE6YCa6LKp44K144Kk44Kv44Or44Kr44OQ44O844OR44O844Or44Kk44K644OfU0hJTUFOT1BFQVJM44CASVpVTUnjg4/jg7Pjg4njg6vjg4Hjg6PjgqTjg6vjg4njgrfjg7zjg4jjg5jjg6vjg6Hjg4Pjg4jjgr/jgqTjg6Tjg4Hjg6Xjg7zjg5bjg5rjg4Djg6vjg5bjg6zjg7zjgq3nqbrmsJflhaXjgozjg6njgqTjg4jjg5DjgrnjgrHjg4Pjg4jjgrXjg4njg6vjg5bjg6rjg4Ljgrnjg4jjg7Pjgq/jg6njg7Pjgq8oR0FSTUlOL+OCrOODvOODn+ODsynjgrnjg53jg7zjg4Tjgqbjgqnjg4Pjg4EgRm9yZUF0aGxldGUyMzBK,KEdBUk1JTi/jgqzjg7zjg5/jg7Mp44K544Od44O844OE44Km44Kp44OD44OBIEZvcmVBdGhsZXRlMjMwSg==[rn]
2-78727,aHR0cDovL3RzaG9wLnIxMHMuanAvYXVjLWN5Y2xlLXBhcnRzL2NhYmluZXQvaW1nMjIvZ2FjYy0xNzAzLTkwLmpwZz9maXRpbj03MDA6NzAw,MTc0OS42MDAw,,44K544Od44O844OE44O744Ki44Km44OI44OJ44KiID4g6Ieq6Lui6LuK44O744K144Kk44Kv44Oq44Oz44KwID4g6Ieq6Lui6LuK55So44Ki44Kv44K744K144Oq44O8ID4g44K144Kk44Kv44Or44Kz44Oz44OU44Ol44O844K/44O8,KEdBUk1JTi/jgqzjg7zjg5/jg7Mp44OZ44Oz44OG44OD44OJ44OY44Or44Oh44OD44OI44Oe44Km44Oz44OI77yIWEXnlKjvvIk=,,4peP5ZWG5ZOB5qaC6KaB77ya44K144Kk44Kv44Or55So44KE44K544Kx44O844OI55So44CB44Kv44Op44Kk44Of44Oz44Kw55So562J44Gu44OY44Or44Oh44OD44OI44GrVklSQiBYReOCkuWbuuWumuOBl+OBvuOBmeOAgjxCUj7jg5njg7Pjg4Hjg6zjg7zjgrfjg6fjg7PnlKjjga7nqbTjgYwy44Kr5omA5Lul5LiK6ZaL44GE44Gm44GE44KL44KC44Gu44Gn44GC44KM44Gw44CB44GT44Gu44Oe44Km44Oz44OI44GM5a++5b+c44GX44G+44GZ44CCPGJyPuKXj+ODoeODvOOCq+ODvOWQje+8mkdBUk1JTi/jgqzjg7zjg5/jg7M8YnI+4peP4oC75ZWG5ZOB44Gu44OH44K244Kk44Oz44CB5LuV5qeY44CB5aSW6Kaz44CB44Gv5LqI5ZGK44Gq44GP5aSJ5pu044GZ44KL5aC05ZCI44GM44GC44KK44G+44GZ44Gu44Gn44GU5LqG5om/44GP44Gg44GV44GE44CCPHRhYmxlIHdpZHRoPSI3MzAiIGJvcmRlcj0iMCIgYWxpZ249ImNlbnRlciIgY2VsbHNwYWNpbmc9IjUiPgogIDx0cj4KICAgIDx0ZD48ZGl2IGFsaWduPSJjZW50ZXIiPjxpbWcgc3JjPSJodHRwOi8vaW1hZ2UucmFrdXRlbi5jby5qcC9hdWMtY3ljbGUtcGFydHMvY2FiaW5ldC9iYW5hLWdhem91L2JuLXNvLmpwZyIgYWx0PSJhYSIgd2lkdGg9IjExMiIgYm9yZGVyPSIwIj48L2Rpdj48L3RkPgogICAgPHRkPjxpbWcgc3JjPSJodHRwOi8vaW1hZ2UucmFrdXRlbi5jby5qcC9hdWMtY3ljbGUtcGFydHMvY2FiaW5ldC9iYW5hLWdhem91L2JlLWJvbGxlLmpwZyIgd2lkdGg9IjExMiIgYm9yZGVyPSIwIj48L3RkPgogICAgPHRkPjxpbWcgc3JjPSJodHRwOi8vaW1hZ2UucmFrdXRlbi5jby5qcC9hdWMtY3ljbGUtcGFydHMvY2FiaW5ldC9iYW5hLWdhem91L2JuLWFxdWEuanBnIiBhbHQ9IuOCouOCr+OCouOCueODleOCo+OCoiIgd2lkdGg9IjExMiIgYm9yZGVyPSIwIj48L3RkPgogICAgPHRkPjxpbWcgc3JjPSJodHRwOi8vaW1hZ2UucmFrdXRlbi5jby5qcC9hdWMtY3ljbGUtcGFydHMvY2FiaW5ldC9iYW5hLWdhem91L2JuLXZpdC5qcGciIGFsdD0i44OT44OD44OI44Oq44KiIiB3aWR0aD0iMTEyIiBib3JkZXI9IjAiPjwvdGQ+CiAgICA8dGQ+PGltZyBzcmM9Imh0dHA6Ly9pbWFnZS5yYWt1dGVuLmNvLmpwL2F1Yy1jeWNsZS1wYXJ0cy9jYWJpbmV0L2JhbmEtZ2F6b3UvYm4tZm9vdC5qcGciIGFsdD0iRk9PVE1BWCIgd2lkdGg9IjExMiIgYm9yZGVyPSIwIj48L3RkPgogICAgPHRkPjxpbWcgc3JjPSJodHRwOi8vaW1hZ2UucmFrdXRlbi5jby5qcC9hdWMtY3ljbGUtcGFydHMvY2FiaW5ldC9iYW5hLWdhem91L2JuLW5ld29uLmpwZyIgYWx0PSJuZXd0b24iIHdpZHRoPSIxMTIiIGJvcmRlcj0iMCI+PC90ZD4KICA8L3RyPgogIDx0cj4KICAgIDx0ZD48aW1nIHNyYz0iaHR0cDovL2ltYWdlLnJha3V0ZW4uY28uanAvYXVjLWN5Y2xlLXBhcnRzL2NhYmluZXQvYmFuYS1nYXpvdS9ibi1zaGltYW5vYWMuanBnIiBhbHQ9IiIgd2lkdGg9IjExMiIgYm9yZGVyPSIwIj48L3RkPgogICAgPHRkPjxpbWcgc3JjPSJodHRwOi8vaW1hZ2UucmFrdXRlbi5jby5qcC9hdWMtY3ljbGUtcGFydHMvY2FiaW5ldC9iYW5hLWdhem91L2JuLWFzZy1jbS0xNC5qcGciIGFsdD0iIiB3aWR0aD0iMTEyIiBib3JkZXI9IjAiPjwvdGQ+CiAgICA8dGQ+PGltZyBzcmM9Imh0dHA6Ly9pbWFnZS5yYWt1dGVuLmNvLmpwL2F1Yy1jeWNsZS1wYXJ0cy9jYWJpbmV0L2JhbmEtZ2F6b3UvYm4tc3dldy5qcGciIGFsdD0i44K344Oe44OO44K144Oz44Kw44Op44K5IiB3aWR0aD0iMTEyIiBib3JkZXI9IjAiPjwvdGQ+CiAgICA8dGQ+PGltZyBzcmM9Imh0dHA6Ly9pbWFnZS5yYWt1dGVuLmNvLmpwL2F1Yy1jeWNsZS1wYXJ0cy9jYWJpbmV0L2JhbmEtZ2F6b3UvYm4tc2hpbWFub3NhZG9sbGUuanBnIiBhbHQ9IiIgd2lkdGg9IjExMiIgYm9yZGVyPSIwIj48L3RkPgogICAgPHRkPjxpbWcgc3JjPSJodHRwOi8vaW1hZ2UucmFrdXRlbi5jby5qcC9hdWMtY3ljbGUtcGFydHMvY2FiaW5ldC9iYW5hLWdhem91L2JuLXNoaW1hbm9oYW5kb2xsZS5qcGciIGFsdD0iIiB3aWR0aD0iMTEyIiBib3JkZXI9IjAiPjwvdGQ+CiAgICA8dGQ+PGltZyBzcmM9Imh0dHA6Ly9pbWFnZS5yYWt1dGVuLmNvLmpwL2F1Yy1jeWNsZS1wYXJ0cy9jYWJpbmV0L2JhbmEtZ2F6b3UvYm4tc2hpbWFub2JvdHRsZS5qcGciIHdpZHRoPSIxMTIiIGJvcmRlcj0iMCI+PC90ZD4KICA8L3RyPgo8L3RhYmxlPgo8YnI+Cgo8IS0t5ZWG5ZOB6KGo56S6MeOBk+OBk+OBi+OCiS0tPgoKPCEtLeOCv+OCpOODiOODqzHjgZPjgZPjgYvjgoktLT4KPGJyPgo8Yj48Zm9udCBjb2xvcj0iIzdFN0M3QyIgZmFjZT0i44Oh44Kk44Oq44KqIj5QSUNLVVAgSVRFTTwvZm9udD48L2I+PGJyPgoKCjwhLS3jgr/jgqTjg4jjg6sx44GT44GT44G+44GnLS0+CgoKPGJyPgo8YnI+Cgo8IS0t5ZWG5ZOB6KGo56S6MeOBk+OBk+OBvuOBpy0tPgoKPCEtLeWVhuWTgeihqOekujLjgZPjgZPjgYvjgoktLT4KCjwhLS3jgr/jgqTjg4jjg6sy44GT44GT44GL44KJLS0+Cjxicj4KPGI+PGZvbnQgY29sb3I9IiM3RTdDN0MiIGZhY2U9IuODoeOCpOODquOCqiI+UElDS1VQIElURU08L2ZvbnQ+PC9iPjxicj4KCgo8IS0t44K/44Kk44OI44OrMuOBk+OBk+OBvuOBpy0tPgoKCgo8YnI+Cjxicj4KCjwhLS3llYblk4HooajnpLoy44GT44GT44G+44GnLS0+Cgo8IS0t5ZWG5ZOB6KGo56S6M+OBk+OBk+OBi+OCiS0tPgoKPCEtLeOCv+OCpOODiOODqzPjgZPjgZPjgYvjgoktLT4KPGJyPgo8Yj48Zm9udCBjb2xvcj0iIzdFN0M3QyIgZmFjZT0i44Oh44Kk44Oq44KqIj5QSUNLVVAgSVRFTTwvZm9udD48L2I+PGJyPgoKCjwhLS3jgr/jgqTjg4jjg6sz44GT44GT44G+44GnLS0+CgoKCjxicj4KPGJyPgoKPCEtLeWVhuWTgeihqOekujPjgZPjgZPjgb7jgactLT4KCgo8YnI+Cjxicj4=,KEdBUk1JTi/jgqzjg7zjg5/jg7Mp44OZ44Oz44OG44OD44OJ44OY44Or44Oh44OD44OI44Oe44Km44Oz44OI77yIWEXnlKjvvInvvJrjgrXjgqTjgq/jg6vjg63jg7zjg4k=,6Ieq6Lui6LuK44OR44O844OE44Ot44O844OJ44OR44O844OE6YCa6LKp44K144Kk44Kv44Or44Kr44OQ44O844OR44O844Or44Kk44K644OfU0hJTUFOT1BFQVJM44CASVpVTUnjg4/jg7Pjg4njg6vjg4Hjg6PjgqTjg6vjg4njgrfjg7zjg4jjg5jjg6vjg6Hjg4Pjg4jjgr/jgqTjg6Tjg4Hjg6Xjg7zjg5bjg5rjg4Djg6vjg5bjg6zjg7zjgq3nqbrmsJflhaXjgozjg6njgqTjg4jjg5DjgrnjgrHjg4Pjg4jjgrXjg4njg6vjg5bjg6rjg4Ljgrnjg4jjg7Pjgq/jg6njg7Pjgq8oR0FSTUlOL+OCrOODvOODn+ODsynjg5njg7Pjg4bjg4Pjg4njg5jjg6vjg6Hjg4Pjg4jjg57jgqbjg7Pjg4jvvIhYReeUqO+8iQ==,KEdBUk1JTi/jgqzjg7zjg5/jg7Mp44OZ44Oz44OG44OD44OJ44OY44Or44Oh44OD44OI44Oe44Km44Oz44OI77yIWEXnlKjvvIk=[rn]
2-78728,aHR0cDovL3RzaG9wLnIxMHMuanAvYXVjLWN5Y2xlLXBhcnRzL2NhYmluZXQvaW1nMjIvZ2FjYy0xNzAzLTgwLmpwZz9maXRpbj03MDA6NzAw,MzY0MC4wMDAw,,44K544Od44O844OE44O744Ki44Km44OI44OJ44KiID4g6Ieq6Lui6LuK44O744K144Kk44Kv44Oq44Oz44KwID4g6Ieq6Lui6LuK55So44Ki44Kv44K744K144Oq44O8ID4g44K144Kk44Kv44Or44Kz44Oz44OU44Ol44O844K/44O8,KEdBUk1JTi/jgqzjg7zjg5/jg7Mpdml2b+OCt+ODquODvOOCuuOCouOCr+OCu+OCteODqiB2aXZvZml0M+eUqO++mO+9ve++hO++iu++nu++ne++hO++niBKb25hdGhhbiBBZGxlciBDYXByaQ==,,4peP5ZWG5ZOB5qaC6KaB77yadml2b2ZpdDPlsILnlKjjga7jg6rjgrnjg4jjg5Djg7Pjg4ky56iu44K744OD44OI44Gn44GZ44CCPEJSPumZtuiKuOWutuOChOOCpOODs+ODhuODquOCouODh+OCtuOCpOODiuODvOOBqOOBl+OBpuODi+ODpeODvOODqOODvOOCr+OBp+a0u+i6jeOBmeOCi+OCuOODp+ODiuOCteODs+ODu+OCouODieODqeODvOOBqEdBUk1JTuOBruOCs+ODqeODnOODrOODvOOCt+ODp+ODs+ODh+OCtuOCpOODs+OBp+OBmeOAgjxCUj7jgYrlpb3jgb/jgavlkIjjgo/jgZvjgabjg5Djg7Pjg4njgpLlj5bjgormj5vjgYjjgonjgozjgb7jgZnjgII8YnI+4peP44Oh44O844Kr44O85ZCN77yaR0FSTUlOL+OCrOODvOODn+ODszxicj7il4/igLvllYblk4Hjga7jg4fjgrbjgqTjg7PjgIHku5Xmp5jjgIHlpJboprPjgIHjga/kuojlkYrjgarjgY/lpInmm7TjgZnjgovloLTlkIjjgYzjgYLjgorjgb7jgZnjga7jgafjgZTkuobmib/jgY/jgaDjgZXjgYTjgII8dGFibGUgd2lkdGg9IjczMCIgYm9yZGVyPSIwIiBhbGlnbj0iY2VudGVyIiBjZWxsc3BhY2luZz0iNSI+CiAgPHRyPgogICAgPHRkPjxkaXYgYWxpZ249ImNlbnRlciI+PGltZyBzcmM9Imh0dHA6Ly9pbWFnZS5yYWt1dGVuLmNvLmpwL2F1Yy1jeWNsZS1wYXJ0cy9jYWJpbmV0L2JhbmEtZ2F6b3UvYm4tc28uanBnIiBhbHQ9ImFhIiB3aWR0aD0iMTEyIiBib3JkZXI9IjAiPjwvZGl2PjwvdGQ+CiAgICA8dGQ+PGltZyBzcmM9Imh0dHA6Ly9pbWFnZS5yYWt1dGVuLmNvLmpwL2F1Yy1jeWNsZS1wYXJ0cy9jYWJpbmV0L2JhbmEtZ2F6b3UvYmUtYm9sbGUuanBnIiB3aWR0aD0iMTEyIiBib3JkZXI9IjAiPjwvdGQ+CiAgICA8dGQ+PGltZyBzcmM9Imh0dHA6Ly9pbWFnZS5yYWt1dGVuLmNvLmpwL2F1Yy1jeWNsZS1wYXJ0cy9jYWJpbmV0L2JhbmEtZ2F6b3UvYm4tYXF1YS5qcGciIGFsdD0i44Ki44Kv44Ki44K544OV44Kj44KiIiB3aWR0aD0iMTEyIiBib3JkZXI9IjAiPjwvdGQ+CiAgICA8dGQ+PGltZyBzcmM9Imh0dHA6Ly9pbWFnZS5yYWt1dGVuLmNvLmpwL2F1Yy1jeWNsZS1wYXJ0cy9jYWJpbmV0L2JhbmEtZ2F6b3UvYm4tdml0LmpwZyIgYWx0PSLjg5Pjg4Pjg4jjg6rjgqIiIHdpZHRoPSIxMTIiIGJvcmRlcj0iMCI+PC90ZD4KICAgIDx0ZD48aW1nIHNyYz0iaHR0cDovL2ltYWdlLnJha3V0ZW4uY28uanAvYXVjLWN5Y2xlLXBhcnRzL2NhYmluZXQvYmFuYS1nYXpvdS9ibi1mb290LmpwZyIgYWx0PSJGT09UTUFYIiB3aWR0aD0iMTEyIiBib3JkZXI9IjAiPjwvdGQ+CiAgICA8dGQ+PGltZyBzcmM9Imh0dHA6Ly9pbWFnZS5yYWt1dGVuLmNvLmpwL2F1Yy1jeWNsZS1wYXJ0cy9jYWJpbmV0L2JhbmEtZ2F6b3UvYm4tbmV3b24uanBnIiBhbHQ9Im5ld3RvbiIgd2lkdGg9IjExMiIgYm9yZGVyPSIwIj48L3RkPgogIDwvdHI+CiAgPHRyPgogICAgPHRkPjxpbWcgc3JjPSJodHRwOi8vaW1hZ2UucmFrdXRlbi5jby5qcC9hdWMtY3ljbGUtcGFydHMvY2FiaW5ldC9iYW5hLWdhem91L2JuLXNoaW1hbm9hYy5qcGciIGFsdD0iIiB3aWR0aD0iMTEyIiBib3JkZXI9IjAiPjwvdGQ+CiAgICA8dGQ+PGltZyBzcmM9Imh0dHA6Ly9pbWFnZS5yYWt1dGVuLmNvLmpwL2F1Yy1jeWNsZS1wYXJ0cy9jYWJpbmV0L2JhbmEtZ2F6b3UvYm4tYXNnLWNtLTE0LmpwZyIgYWx0PSIiIHdpZHRoPSIxMTIiIGJvcmRlcj0iMCI+PC90ZD4KICAgIDx0ZD48aW1nIHNyYz0iaHR0cDovL2ltYWdlLnJha3V0ZW4uY28uanAvYXVjLWN5Y2xlLXBhcnRzL2NhYmluZXQvYmFuYS1nYXpvdS9ibi1zd2V3LmpwZyIgYWx0PSLjgrfjg57jg47jgrXjg7PjgrDjg6njgrkiIHdpZHRoPSIxMTIiIGJvcmRlcj0iMCI+PC90ZD4KICAgIDx0ZD48aW1nIHNyYz0iaHR0cDovL2ltYWdlLnJha3V0ZW4uY28uanAvYXVjLWN5Y2xlLXBhcnRzL2NhYmluZXQvYmFuYS1nYXpvdS9ibi1zaGltYW5vc2Fkb2xsZS5qcGciIGFsdD0iIiB3aWR0aD0iMTEyIiBib3JkZXI9IjAiPjwvdGQ+CiAgICA8dGQ+PGltZyBzcmM9Imh0dHA6Ly9pbWFnZS5yYWt1dGVuLmNvLmpwL2F1Yy1jeWNsZS1wYXJ0cy9jYWJpbmV0L2JhbmEtZ2F6b3UvYm4tc2hpbWFub2hhbmRvbGxlLmpwZyIgYWx0PSIiIHdpZHRoPSIxMTIiIGJvcmRlcj0iMCI+PC90ZD4KICAgIDx0ZD48aW1nIHNyYz0iaHR0cDovL2ltYWdlLnJha3V0ZW4uY28uanAvYXVjLWN5Y2xlLXBhcnRzL2NhYmluZXQvYmFuYS1nYXpvdS9ibi1zaGltYW5vYm90dGxlLmpwZyIgd2lkdGg9IjExMiIgYm9yZGVyPSIwIj48L3RkPgogIDwvdHI+CjwvdGFibGU+Cjxicj4KCjwhLS3llYblk4HooajnpLox44GT44GT44GL44KJLS0+Cgo8IS0t44K/44Kk44OI44OrMeOBk+OBk+OBi+OCiS0tPgo8YnI+CjxiPjxmb250IGNvbG9yPSIjN0U3QzdDIiBmYWNlPSLjg6HjgqTjg6rjgqoiPlBJQ0tVUCBJVEVNPC9mb250PjwvYj48YnI+CgoKPCEtLeOCv+OCpOODiOODqzHjgZPjgZPjgb7jgactLT4KCgo8YnI+Cjxicj4KCjwhLS3llYblk4HooajnpLox44GT44GT44G+44GnLS0+Cgo8IS0t5ZWG5ZOB6KGo56S6MuOBk+OBk+OBi+OCiS0tPgoKPCEtLeOCv+OCpOODiOODqzLjgZPjgZPjgYvjgoktLT4KPGJyPgo8Yj48Zm9udCBjb2xvcj0iIzdFN0M3QyIgZmFjZT0i44Oh44Kk44Oq44KqIj5QSUNLVVAgSVRFTTwvZm9udD48L2I+PGJyPgoKCjwhLS3jgr/jgqTjg4jjg6sy44GT44GT44G+44GnLS0+CgoKCjxicj4KPGJyPgoKPCEtLeWVhuWTgeihqOekujLjgZPjgZPjgb7jgactLT4KCjwhLS3llYblk4HooajnpLoz44GT44GT44GL44KJLS0+Cgo8IS0t44K/44Kk44OI44OrM+OBk+OBk+OBi+OCiS0tPgo8YnI+CjxiPjxmb250IGNvbG9yPSIjN0U3QzdDIiBmYWNlPSLjg6HjgqTjg6rjgqoiPlBJQ0tVUCBJVEVNPC9mb250PjwvYj48YnI+CgoKPCEtLeOCv+OCpOODiOODqzPjgZPjgZPjgb7jgactLT4KCgoKPGJyPgo8YnI+Cgo8IS0t5ZWG5ZOB6KGo56S6M+OBk+OBk+OBvuOBpy0tPgoKCjxicj4KPGJyPg==,KEdBUk1JTi/jgqzjg7zjg5/jg7Mpdml2b+OCt+ODquODvOOCuuOCouOCr+OCu+OCteODqiB2aXZvZml0M+eUqO++mO+9ve++hO++iu++nu++ne++hO++niBKb25hdGhhbiBBZGxlciBDYXByae+8muOCteOCpOOCr+ODq+ODreODvOODiQ==,6Ieq6Lui6LuK44OR44O844OE44Ot44O844OJ44OR44O844OE6YCa6LKp44K144Kk44Kv44Or44Kr44OQ44O844OR44O844Or44Kk44K644OfU0hJTUFOT1BFQVJM44CASVpVTUnjg4/jg7Pjg4njg6vjg4Hjg6PjgqTjg6vjg4njgrfjg7zjg4jjg5jjg6vjg6Hjg4Pjg4jjgr/jgqTjg6Tjg4Hjg6Xjg7zjg5bjg5rjg4Djg6vjg5bjg6zjg7zjgq3nqbrmsJflhaXjgozjg6njgqTjg4jjg5DjgrnjgrHjg4Pjg4jjgrXjg4njg6vjg5bjg6rjg4Ljgrnjg4jjg7Pjgq/jg6njg7Pjgq8oR0FSTUlOL+OCrOODvOODn+ODsyl2aXZv44K344Oq44O844K644Ki44Kv44K744K144OqIHZpdm9maXQz55So776Y7729776E776K776e776d776E776eIEpvbmF0aGFuIEFkbGVyIENhcHJp,KEdBUk1JTi/jgqzjg7zjg5/jg7Mpdml2b+OCt+ODquODvOOCuuOCouOCr+OCu+OCteODqiB2aXZvZml0M+eUqO++mO+9ve++hO++iu++nu++ne++hO++niBKb25hdGhhbiBBZGxlciBDYXByaQ==[rn]
2-78729,aHR0cDovL3RzaG9wLnIxMHMuanAvYXVjLWN5Y2xlLXBhcnRzL2NhYmluZXQvaW1nMjIvZ2FjYy0xNzAzLTExNi5qcGc/Zml0aW49NzAwOjcwMA==,MjY2MC4wMDAw,,44K544Od44O844OE44O744Ki44Km44OI44OJ44KiID4g6Ieq6Lui6LuK44O744K144Kk44Kv44Oq44Oz44KwID4g6Ieq6Lui6LuK55So44Ki44Kv44K744K144Oq44O8ID4g44K144Kk44Kv44Or44Kz44Oz44OU44Ol44O844K/44O8,KEdBUk1JTi/jgqzjg7zjg5/jg7MpVmFyaWFK55SoIOODpuODi+ODkOODvOOCteODq+OCt+ODvOODiOODneOCueODiOODnuOCpuODs+ODiA==,,4peP5ZWG5ZOB5qaC6KaB77yaVmFyaWHjgpLoh6rou6Lou4rjga7jgrfjg7zjg4jjg53jgrnjg4jjgavlj5bjgorku5jjgZHjgovjg57jgqbjg7Pjg4jjgafjgZnjgILoh6rou6Lou4rjga7jgrfjg7zjg4jjg53jgrnjg4jjga7nm7TlvoTjgYzjgIEyN++9njMxLjjku6XlpJbjgavlr77lv5zjgZfjgb7jgZnjgII8YnI+4peP44Oh44O844Kr44O85ZCN77yaR0FSTUlOL+OCrOODvOODn+ODszxicj7il4/igLvllYblk4Hjga7jg4fjgrbjgqTjg7PjgIHku5Xmp5jjgIHlpJboprPjgIHjga/kuojlkYrjgarjgY/lpInmm7TjgZnjgovloLTlkIjjgYzjgYLjgorjgb7jgZnjga7jgafjgZTkuobmib/jgY/jgaDjgZXjgYTjgII8dGFibGUgd2lkdGg9IjczMCIgYm9yZGVyPSIwIiBhbGlnbj0iY2VudGVyIiBjZWxsc3BhY2luZz0iNSI+CiAgPHRyPgogICAgPHRkPjxkaXYgYWxpZ249ImNlbnRlciI+PGltZyBzcmM9Imh0dHA6Ly9pbWFnZS5yYWt1dGVuLmNvLmpwL2F1Yy1jeWNsZS1wYXJ0cy9jYWJpbmV0L2JhbmEtZ2F6b3UvYm4tc28uanBnIiBhbHQ9ImFhIiB3aWR0aD0iMTEyIiBib3JkZXI9IjAiPjwvZGl2PjwvdGQ+CiAgICA8dGQ+PGltZyBzcmM9Imh0dHA6Ly9pbWFnZS5yYWt1dGVuLmNvLmpwL2F1Yy1jeWNsZS1wYXJ0cy9jYWJpbmV0L2JhbmEtZ2F6b3UvYmUtYm9sbGUuanBnIiB3aWR0aD0iMTEyIiBib3JkZXI9IjAiPjwvdGQ+CiAgICA8dGQ+PGltZyBzcmM9Imh0dHA6Ly9pbWFnZS5yYWt1dGVuLmNvLmpwL2F1Yy1jeWNsZS1wYXJ0cy9jYWJpbmV0L2JhbmEtZ2F6b3UvYm4tYXF1YS5qcGciIGFsdD0i44Ki44Kv44Ki44K544OV44Kj44KiIiB3aWR0aD0iMTEyIiBib3JkZXI9IjAiPjwvdGQ+CiAgICA8dGQ+PGltZyBzcmM9Imh0dHA6Ly9pbWFnZS5yYWt1dGVuLmNvLmpwL2F1Yy1jeWNsZS1wYXJ0cy9jYWJpbmV0L2JhbmEtZ2F6b3UvYm4tdml0LmpwZyIgYWx0PSLjg5Pjg4Pjg4jjg6rjgqIiIHdpZHRoPSIxMTIiIGJvcmRlcj0iMCI+PC90ZD4KICAgIDx0ZD48aW1nIHNyYz0iaHR0cDovL2ltYWdlLnJha3V0ZW4uY28uanAvYXVjLWN5Y2xlLXBhcnRzL2NhYmluZXQvYmFuYS1nYXpvdS9ibi1mb290LmpwZyIgYWx0PSJGT09UTUFYIiB3aWR0aD0iMTEyIiBib3JkZXI9IjAiPjwvdGQ+CiAgICA8dGQ+PGltZyBzcmM9Imh0dHA6Ly9pbWFnZS5yYWt1dGVuLmNvLmpwL2F1Yy1jeWNsZS1wYXJ0cy9jYWJpbmV0L2JhbmEtZ2F6b3UvYm4tbmV3b24uanBnIiBhbHQ9Im5ld3RvbiIgd2lkdGg9IjExMiIgYm9yZGVyPSIwIj48L3RkPgogIDwvdHI+CiAgPHRyPgogICAgPHRkPjxpbWcgc3JjPSJodHRwOi8vaW1hZ2UucmFrdXRlbi5jby5qcC9hdWMtY3ljbGUtcGFydHMvY2FiaW5ldC9iYW5hLWdhem91L2JuLXNoaW1hbm9hYy5qcGciIGFsdD0iIiB3aWR0aD0iMTEyIiBib3JkZXI9IjAiPjwvdGQ+CiAgICA8dGQ+PGltZyBzcmM9Imh0dHA6Ly9pbWFnZS5yYWt1dGVuLmNvLmpwL2F1Yy1jeWNsZS1wYXJ0cy9jYWJpbmV0L2JhbmEtZ2F6b3UvYm4tYXNnLWNtLTE0LmpwZyIgYWx0PSIiIHdpZHRoPSIxMTIiIGJvcmRlcj0iMCI+PC90ZD4KICAgIDx0ZD48aW1nIHNyYz0iaHR0cDovL2ltYWdlLnJha3V0ZW4uY28uanAvYXVjLWN5Y2xlLXBhcnRzL2NhYmluZXQvYmFuYS1nYXpvdS9ibi1zd2V3LmpwZyIgYWx0PSLjgrfjg57jg47jgrXjg7PjgrDjg6njgrkiIHdpZHRoPSIxMTIiIGJvcmRlcj0iMCI+PC90ZD4KICAgIDx0ZD48aW1nIHNyYz0iaHR0cDovL2ltYWdlLnJha3V0ZW4uY28uanAvYXVjLWN5Y2xlLXBhcnRzL2NhYmluZXQvYmFuYS1nYXpvdS9ibi1zaGltYW5vc2Fkb2xsZS5qcGciIGFsdD0iIiB3aWR0aD0iMTEyIiBib3JkZXI9IjAiPjwvdGQ+CiAgICA8dGQ+PGltZyBzcmM9Imh0dHA6Ly9pbWFnZS5yYWt1dGVuLmNvLmpwL2F1Yy1jeWNsZS1wYXJ0cy9jYWJpbmV0L2JhbmEtZ2F6b3UvYm4tc2hpbWFub2hhbmRvbGxlLmpwZyIgYWx0PSIiIHdpZHRoPSIxMTIiIGJvcmRlcj0iMCI+PC90ZD4KICAgIDx0ZD48aW1nIHNyYz0iaHR0cDovL2ltYWdlLnJha3V0ZW4uY28uanAvYXVjLWN5Y2xlLXBhcnRzL2NhYmluZXQvYmFuYS1nYXpvdS9ibi1zaGltYW5vYm90dGxlLmpwZyIgd2lkdGg9IjExMiIgYm9yZGVyPSIwIj48L3RkPgogIDwvdHI+CjwvdGFibGU+Cjxicj4KCjwhLS3llYblk4HooajnpLox44GT44GT44GL44KJLS0+Cgo8IS0t44K/44Kk44OI44OrMeOBk+OBk+OBi+OCiS0tPgo8YnI+CjxiPjxmb250IGNvbG9yPSIjN0U3QzdDIiBmYWNlPSLjg6HjgqTjg6rjgqoiPlBJQ0tVUCBJVEVNPC9mb250PjwvYj48YnI+CgoKPCEtLeOCv+OCpOODiOODqzHjgZPjgZPjgb7jgactLT4KCgo8YnI+Cjxicj4KCjwhLS3llYblk4HooajnpLox44GT44GT44G+44GnLS0+Cgo8IS0t5ZWG5ZOB6KGo56S6MuOBk+OBk+OBi+OCiS0tPgoKPCEtLeOCv+OCpOODiOODqzLjgZPjgZPjgYvjgoktLT4KPGJyPgo8Yj48Zm9udCBjb2xvcj0iIzdFN0M3QyIgZmFjZT0i44Oh44Kk44Oq44KqIj5QSUNLVVAgSVRFTTwvZm9udD48L2I+PGJyPgoKCjwhLS3jgr/jgqTjg4jjg6sy44GT44GT44G+44GnLS0+CgoKCjxicj4KPGJyPgoKPCEtLeWVhuWTgeihqOekujLjgZPjgZPjgb7jgactLT4KCjwhLS3llYblk4HooajnpLoz44GT44GT44GL44KJLS0+Cgo8IS0t44K/44Kk44OI44OrM+OBk+OBk+OBi+OCiS0tPgo8YnI+CjxiPjxmb250IGNvbG9yPSIjN0U3QzdDIiBmYWNlPSLjg6HjgqTjg6rjgqoiPlBJQ0tVUCBJVEVNPC9mb250PjwvYj48YnI+CgoKPCEtLeOCv+OCpOODiOODqzPjgZPjgZPjgb7jgactLT4KCgoKPGJyPgo8YnI+Cgo8IS0t5ZWG5ZOB6KGo56S6M+OBk+OBk+OBvuOBpy0tPgoKCjxicj4KPGJyPg==,KEdBUk1JTi/jgqzjg7zjg5/jg7MpVmFyaWFK55SoIOODpuODi+ODkOODvOOCteODq+OCt+ODvOODiOODneOCueODiOODnuOCpuODs+ODiO+8muOCteOCpOOCr+ODq+ODreODvOODiQ==,6Ieq6Lui6LuK44OR44O844OE44Ot44O844OJ44OR44O844OE6YCa6LKp44K144Kk44Kv44Or44Kr44OQ44O844OR44O844Or44Kk44K644OfU0hJTUFOT1BFQVJM44CASVpVTUnjg4/jg7Pjg4njg6vjg4Hjg6PjgqTjg6vjg4njgrfjg7zjg4jjg5jjg6vjg6Hjg4Pjg4jjgr/jgqTjg6Tjg4Hjg6Xjg7zjg5bjg5rjg4Djg6vjg5bjg6zjg7zjgq3nqbrmsJflhaXjgozjg6njgqTjg4jjg5DjgrnjgrHjg4Pjg4jjgrXjg4njg6vjg5bjg6rjg4Ljgrnjg4jjg7Pjgq/jg6njg7Pjgq8oR0FSTUlOL+OCrOODvOODn+ODsylWYXJpYUrnlKgg44Om44OL44OQ44O844K144Or44K344O844OI44Od44K544OI44Oe44Km44Oz44OI,KEdBUk1JTi/jgqzjg7zjg5/jg7MpVmFyaWFK55SoIOODpuODi+ODkOODvOOCteODq+OCt+ODvOODiOODneOCueODiOODnuOCpuODs+ODiA==[rn]
2-78730,aHR0cDovL3RzaG9wLnIxMHMuanAvYXVjLWN5Y2xlLXBhcnRzL2NhYmluZXQvaW1nMDgvZ2FjYy0yMDE0MDctNC5qcGc/Zml0aW49NzAwOjcwMA==,NzYwLjAwMDA=,,44K544Od44O844OE44O744Ki44Km44OI44OJ44KiID4g6Ieq6Lui6LuK44O744K144Kk44Kv44Oq44Oz44KwID4g6Ieq6Lui6LuK55So44Ki44Kv44K744K144Oq44O8ID4g44K144Kk44Kv44Or44Kz44Oz44OU44Ol44O844K/44O8,44CQ44Ks44O844Of44OzL0dBUk1JTi9nYXJtaW7jgJEg44CQ44K144Kk44Kv44Or44Kz44Oz44OU44Ol44O844K/44CRIOOCrOODvOODn+ODsyDmtrLmmbbkv53orbfjg5XjgqPjg6vjg6DjgIBFZGdlNTEwIO+8iDQ1ODIyNDY2NjExMjPvvIk=,77yI44Ks44O844Of44OzL0dBUk1JTikg77yI44K144Kk44Kv44Or44Kz44Oz44OU44Ol44O844K/77yJ,5a++5b+c44Oi44OH44Or77yaRWRnZTUxMEo8YnI+PGJyPjx0YWJsZSB3aWR0aD0iNzMwIiBib3JkZXI9IjAiIGFsaWduPSJjZW50ZXIiIGNlbGxzcGFjaW5nPSI1Ij4KICA8dHI+CiAgICA8dGQ+PGRpdiBhbGlnbj0iY2VudGVyIj48aW1nIHNyYz0iaHR0cDovL2ltYWdlLnJha3V0ZW4uY28uanAvYXVjLWN5Y2xlLXBhcnRzL2NhYmluZXQvYmFuYS1nYXpvdS9ibi1zby5qcGciIGFsdD0iYWEiIHdpZHRoPSIxMTIiIGJvcmRlcj0iMCI+PC9kaXY+PC90ZD4KICAgIDx0ZD48aW1nIHNyYz0iaHR0cDovL2ltYWdlLnJha3V0ZW4uY28uanAvYXVjLWN5Y2xlLXBhcnRzL2NhYmluZXQvYmFuYS1nYXpvdS9iZS1ib2xsZS5qcGciIHdpZHRoPSIxMTIiIGJvcmRlcj0iMCI+PC90ZD4KICAgIDx0ZD48aW1nIHNyYz0iaHR0cDovL2ltYWdlLnJha3V0ZW4uY28uanAvYXVjLWN5Y2xlLXBhcnRzL2NhYmluZXQvYmFuYS1nYXpvdS9ibi1hcXVhLmpwZyIgYWx0PSLjgqLjgq/jgqLjgrnjg5XjgqPjgqIiIHdpZHRoPSIxMTIiIGJvcmRlcj0iMCI+PC90ZD4KICAgIDx0ZD48aW1nIHNyYz0iaHR0cDovL2ltYWdlLnJha3V0ZW4uY28uanAvYXVjLWN5Y2xlLXBhcnRzL2NhYmluZXQvYmFuYS1nYXpvdS9ibi12aXQuanBnIiBhbHQ9IuODk+ODg+ODiOODquOCoiIgd2lkdGg9IjExMiIgYm9yZGVyPSIwIj48L3RkPgogICAgPHRkPjxpbWcgc3JjPSJodHRwOi8vaW1hZ2UucmFrdXRlbi5jby5qcC9hdWMtY3ljbGUtcGFydHMvY2FiaW5ldC9iYW5hLWdhem91L2JuLWZvb3QuanBnIiBhbHQ9IkZPT1RNQVgiIHdpZHRoPSIxMTIiIGJvcmRlcj0iMCI+PC90ZD4KICAgIDx0ZD48aW1nIHNyYz0iaHR0cDovL2ltYWdlLnJha3V0ZW4uY28uanAvYXVjLWN5Y2xlLXBhcnRzL2NhYmluZXQvYmFuYS1nYXpvdS9ibi1uZXdvbi5qcGciIGFsdD0ibmV3dG9uIiB3aWR0aD0iMTEyIiBib3JkZXI9IjAiPjwvdGQ+CiAgPC90cj4KICA8dHI+CiAgICA8dGQ+PGltZyBzcmM9Imh0dHA6Ly9pbWFnZS5yYWt1dGVuLmNvLmpwL2F1Yy1jeWNsZS1wYXJ0cy9jYWJpbmV0L2JhbmEtZ2F6b3UvYm4tc2hpbWFub2FjLmpwZyIgYWx0PSIiIHdpZHRoPSIxMTIiIGJvcmRlcj0iMCI+PC90ZD4KICAgIDx0ZD48aW1nIHNyYz0iaHR0cDovL2ltYWdlLnJha3V0ZW4uY28uanAvYXVjLWN5Y2xlLXBhcnRzL2NhYmluZXQvYmFuYS1nYXpvdS9ibi1hc2ctY20tMTQuanBnIiBhbHQ9IiIgd2lkdGg9IjExMiIgYm9yZGVyPSIwIj48L3RkPgogICAgPHRkPjxpbWcgc3JjPSJodHRwOi8vaW1hZ2UucmFrdXRlbi5jby5qcC9hdWMtY3ljbGUtcGFydHMvY2FiaW5ldC9iYW5hLWdhem91L2JuLXN3ZXcuanBnIiBhbHQ9IuOCt+ODnuODjuOCteODs+OCsOODqeOCuSIgd2lkdGg9IjExMiIgYm9yZGVyPSIwIj48L3RkPgogICAgPHRkPjxpbWcgc3JjPSJodHRwOi8vaW1hZ2UucmFrdXRlbi5jby5qcC9hdWMtY3ljbGUtcGFydHMvY2FiaW5ldC9iYW5hLWdhem91L2JuLXNoaW1hbm9zYWRvbGxlLmpwZyIgYWx0PSIiIHdpZHRoPSIxMTIiIGJvcmRlcj0iMCI+PC90ZD4KICAgIDx0ZD48aW1nIHNyYz0iaHR0cDovL2ltYWdlLnJha3V0ZW4uY28uanAvYXVjLWN5Y2xlLXBhcnRzL2NhYmluZXQvYmFuYS1nYXpvdS9ibi1zaGltYW5vaGFuZG9sbGUuanBnIiBhbHQ9IiIgd2lkdGg9IjExMiIgYm9yZGVyPSIwIj48L3RkPgogICAgPHRkPjxpbWcgc3JjPSJodHRwOi8vaW1hZ2UucmFrdXRlbi5jby5qcC9hdWMtY3ljbGUtcGFydHMvY2FiaW5ldC9iYW5hLWdhem91L2JuLXNoaW1hbm9ib3R0bGUuanBnIiB3aWR0aD0iMTEyIiBib3JkZXI9IjAiPjwvdGQ+CiAgPC90cj4KPC90YWJsZT4KPGJyPgoKPCEtLeWVhuWTgeihqOekujHjgZPjgZPjgYvjgoktLT4KCjwhLS3jgr/jgqTjg4jjg6sx44GT44GT44GL44KJLS0+Cjxicj4KPGI+PGZvbnQgY29sb3I9IiM3RTdDN0MiIGZhY2U9IuODoeOCpOODquOCqiI+UElDS1VQIElURU08L2ZvbnQ+PC9iPjxicj4KCgo8IS0t44K/44Kk44OI44OrMeOBk+OBk+OBvuOBpy0tPgoKCjxicj4KPGJyPgoKPCEtLeWVhuWTgeihqOekujHjgZPjgZPjgb7jgactLT4KCjwhLS3llYblk4HooajnpLoy44GT44GT44GL44KJLS0+Cgo8IS0t44K/44Kk44OI44OrMuOBk+OBk+OBi+OCiS0tPgo8YnI+CjxiPjxmb250IGNvbG9yPSIjN0U3QzdDIiBmYWNlPSLjg6HjgqTjg6rjgqoiPlBJQ0tVUCBJVEVNPC9mb250PjwvYj48YnI+CgoKPCEtLeOCv+OCpOODiOODqzLjgZPjgZPjgb7jgactLT4KCgoKPGJyPgo8YnI+Cgo8IS0t5ZWG5ZOB6KGo56S6MuOBk+OBk+OBvuOBpy0tPgoKPCEtLeWVhuWTgeihqOekujPjgZPjgZPjgYvjgoktLT4KCjwhLS3jgr/jgqTjg4jjg6sz44GT44GT44GL44KJLS0+Cjxicj4KPGI+PGZvbnQgY29sb3I9IiM3RTdDN0MiIGZhY2U9IuODoeOCpOODquOCqiI+UElDS1VQIElURU08L2ZvbnQ+PC9iPjxicj4KCgo8IS0t44K/44Kk44OI44OrM+OBk+OBk+OBvuOBpy0tPgoKCgo8YnI+Cjxicj4KCjwhLS3llYblk4HooajnpLoz44GT44GT44G+44GnLS0+CgoKPGJyPgo8YnI+,44CQ44Ks44O844Of44OzL0dBUk1JTi9nYXJtaW7jgJEg44CQ44K144Kk44Kv44Or44Kz44Oz44OU44Ol44O844K/44CRIOOCrOODvOODn+ODsyDmtrLmmbbkv53orbfjg5XjgqPjg6vjg6DjgIBFZGdlNTEwIO+8iDQ1ODIyNDY2NjExMjPvvInvvJrjgrXjgqTjgq/jg6vjg63jg7zjg4k=,6Ieq6Lui6LuK44OR44O844OE44Ot44O844OJ44OR44O844OE6YCa6LKp44K144Kk44Kv44Or44Kr44OQ44O844OR44O844Or44Kk44K644OfU0hJTUFOT1BFQVJM44CASVpVTUnjg4/jg7Pjg4njg6vjg4Hjg6PjgqTjg6vjg4njgrfjg7zjg4jjg5jjg6vjg6Hjg4Pjg4jjgr/jgqTjg6Tjg4Hjg6Xjg7zjg5bjg5rjg4Djg6vjg5bjg6zjg7zjgq3nqbrmsJflhaXjgozjg6njgqTjg4jjg5DjgrnjgrHjg4Pjg4jjgrXjg4njg6vjg5bjg6rjg4Ljgrnjg4jjg7Pjgq/jg6njg7Pjgq/jgJDjgqzjg7zjg5/jg7MvR0FSTUlOL2dhcm1pbuOAkSDjgJDjgrXjgqTjgq/jg6vjgrPjg7Pjg5Tjg6Xjg7zjgr/jgJEg44Ks44O844Of44OzIOa2suaZtuS/neitt+ODleOCo+ODq+ODoOOAgEVkZ2U1MTAg77yINDU4MjI0NjY2MTEyM++8iQ==,77yI44Ks44O844Of44OzL0dBUk1JTikg77yI44K144Kk44Kv44Or44Kz44Oz44OU44Ol44O844K/77yJ44CC44CQ44Ks44O844Of44OzL0dBUk1JTi9nYXJtaW7jgJEg44CQ44K144Kk44Kv44Or44Kz44Oz44OU44Ol44O844K/44CRIOOCrOODvOODn+ODsyDmtrLmmbbkv53orbfjg5XjgqPjg6vjg6DjgIBFZGdlNTEwIO+8iDQ1ODIyNDY2NjExMjPvvIk=[rn]
2-78731,aHR0cDovL3RzaG9wLnIxMHMuanAvYXVjLWN5Y2xlLXBhcnRzL2NhYmluZXQvaW1nMjIvZ2FjYy0xNzAzLTgxLmpwZz9maXRpbj03MDA6NzAw,MjcyOS42MDAw,,44K544Od44O844OE44O744Ki44Km44OI44OJ44KiID4g6Ieq6Lui6LuK44O744K144Kk44Kv44Oq44Oz44KwID4g6Ieq6Lui6LuK55So44Ki44Kv44K744K144Oq44O8ID4g44K144Kk44Kv44Or44Kz44Oz44OU44Ol44O844K/44O8,KEdBUk1JTi/jgqzjg7zjg5/jg7Mpdml2b+OCt+ODquODvOOCuuOCouOCr+OCu+OCteODqiB2aXZvZml0M+eUqOODquOCueODiOODkOODs+ODiSBHcmF5ICYgTWFyc2FsYQ==,,4peP5ZWG5ZOB5qaC6KaB77yadml2b2ZpdDPlsILnlKjjga7jg6rjgrnjg4jjg5Djg7Pjg4ky56iu44K744OD44OI44Gn44GZ44CCPEJSPuODnuODq+OCteODqeOBr+a3seOBv+OBruOBguOCi+ODr+OCpOODs+ODrOODg+ODieOBvuOBn+OBr+i1pOOBv+OBjOOBi+OBo+OBn+ODluODqeOCpuODs+OBruOCiOOBhuOBquiJsuOBp+OAgTIwMTXlubTjga7jg4jjg6zjg7Pjg4njgqvjg6njg7zjgajjgZfjgabms6jnm67jgZXjgozjgabjgYTjgb7jgZnjgII8QlI+44GK5aW944G/44Gr5ZCI44KP44Gb44Gm44OQ44Oz44OJ44KS5Y+W44KK5o+b44GI44KJ44KM44G+44GZ44CCPGJyPuKXj+ODoeODvOOCq+ODvOWQje+8mkdBUk1JTi/jgqzjg7zjg5/jg7M8YnI+4peP4oC75ZWG5ZOB44Gu44OH44K244Kk44Oz44CB5LuV5qeY44CB5aSW6Kaz44CB44Gv5LqI5ZGK44Gq44GP5aSJ5pu044GZ44KL5aC05ZCI44GM44GC44KK44G+44GZ44Gu44Gn44GU5LqG5om/44GP44Gg44GV44GE44CCPHRhYmxlIHdpZHRoPSI3MzAiIGJvcmRlcj0iMCIgYWxpZ249ImNlbnRlciIgY2VsbHNwYWNpbmc9IjUiPgogIDx0cj4KICAgIDx0ZD48ZGl2IGFsaWduPSJjZW50ZXIiPjxpbWcgc3JjPSJodHRwOi8vaW1hZ2UucmFrdXRlbi5jby5qcC9hdWMtY3ljbGUtcGFydHMvY2FiaW5ldC9iYW5hLWdhem91L2JuLXNvLmpwZyIgYWx0PSJhYSIgd2lkdGg9IjExMiIgYm9yZGVyPSIwIj48L2Rpdj48L3RkPgogICAgPHRkPjxpbWcgc3JjPSJodHRwOi8vaW1hZ2UucmFrdXRlbi5jby5qcC9hdWMtY3ljbGUtcGFydHMvY2FiaW5ldC9iYW5hLWdhem91L2JlLWJvbGxlLmpwZyIgd2lkdGg9IjExMiIgYm9yZGVyPSIwIj48L3RkPgogICAgPHRkPjxpbWcgc3JjPSJodHRwOi8vaW1hZ2UucmFrdXRlbi5jby5qcC9hdWMtY3ljbGUtcGFydHMvY2FiaW5ldC9iYW5hLWdhem91L2JuLWFxdWEuanBnIiBhbHQ9IuOCouOCr+OCouOCueODleOCo+OCoiIgd2lkdGg9IjExMiIgYm9yZGVyPSIwIj48L3RkPgogICAgPHRkPjxpbWcgc3JjPSJodHRwOi8vaW1hZ2UucmFrdXRlbi5jby5qcC9hdWMtY3ljbGUtcGFydHMvY2FiaW5ldC9iYW5hLWdhem91L2JuLXZpdC5qcGciIGFsdD0i44OT44OD44OI44Oq44KiIiB3aWR0aD0iMTEyIiBib3JkZXI9IjAiPjwvdGQ+CiAgICA8dGQ+PGltZyBzcmM9Imh0dHA6Ly9pbWFnZS5yYWt1dGVuLmNvLmpwL2F1Yy1jeWNsZS1wYXJ0cy9jYWJpbmV0L2JhbmEtZ2F6b3UvYm4tZm9vdC5qcGciIGFsdD0iRk9PVE1BWCIgd2lkdGg9IjExMiIgYm9yZGVyPSIwIj48L3RkPgogICAgPHRkPjxpbWcgc3JjPSJodHRwOi8vaW1hZ2UucmFrdXRlbi5jby5qcC9hdWMtY3ljbGUtcGFydHMvY2FiaW5ldC9iYW5hLWdhem91L2JuLW5ld29uLmpwZyIgYWx0PSJuZXd0b24iIHdpZHRoPSIxMTIiIGJvcmRlcj0iMCI+PC90ZD4KICA8L3RyPgogIDx0cj4KICAgIDx0ZD48aW1nIHNyYz0iaHR0cDovL2ltYWdlLnJha3V0ZW4uY28uanAvYXVjLWN5Y2xlLXBhcnRzL2NhYmluZXQvYmFuYS1nYXpvdS9ibi1zaGltYW5vYWMuanBnIiBhbHQ9IiIgd2lkdGg9IjExMiIgYm9yZGVyPSIwIj48L3RkPgogICAgPHRkPjxpbWcgc3JjPSJodHRwOi8vaW1hZ2UucmFrdXRlbi5jby5qcC9hdWMtY3ljbGUtcGFydHMvY2FiaW5ldC9iYW5hLWdhem91L2JuLWFzZy1jbS0xNC5qcGciIGFsdD0iIiB3aWR0aD0iMTEyIiBib3JkZXI9IjAiPjwvdGQ+CiAgICA8dGQ+PGltZyBzcmM9Imh0dHA6Ly9pbWFnZS5yYWt1dGVuLmNvLmpwL2F1Yy1jeWNsZS1wYXJ0cy9jYWJpbmV0L2JhbmEtZ2F6b3UvYm4tc3dldy5qcGciIGFsdD0i44K344Oe44OO44K144Oz44Kw44Op44K5IiB3aWR0aD0iMTEyIiBib3JkZXI9IjAiPjwvdGQ+CiAgICA8dGQ+PGltZyBzcmM9Imh0dHA6Ly9pbWFnZS5yYWt1dGVuLmNvLmpwL2F1Yy1jeWNsZS1wYXJ0cy9jYWJpbmV0L2JhbmEtZ2F6b3UvYm4tc2hpbWFub3NhZG9sbGUuanBnIiBhbHQ9IiIgd2lkdGg9IjExMiIgYm9yZGVyPSIwIj48L3RkPgogICAgPHRkPjxpbWcgc3JjPSJodHRwOi8vaW1hZ2UucmFrdXRlbi5jby5qcC9hdWMtY3ljbGUtcGFydHMvY2FiaW5ldC9iYW5hLWdhem91L2JuLXNoaW1hbm9oYW5kb2xsZS5qcGciIGFsdD0iIiB3aWR0aD0iMTEyIiBib3JkZXI9IjAiPjwvdGQ+CiAgICA8dGQ+PGltZyBzcmM9Imh0dHA6Ly9pbWFnZS5yYWt1dGVuLmNvLmpwL2F1Yy1jeWNsZS1wYXJ0cy9jYWJpbmV0L2JhbmEtZ2F6b3UvYm4tc2hpbWFub2JvdHRsZS5qcGciIHdpZHRoPSIxMTIiIGJvcmRlcj0iMCI+PC90ZD4KICA8L3RyPgo8L3RhYmxlPgo8YnI+Cgo8IS0t5ZWG5ZOB6KGo56S6MeOBk+OBk+OBi+OCiS0tPgoKPCEtLeOCv+OCpOODiOODqzHjgZPjgZPjgYvjgoktLT4KPGJyPgo8Yj48Zm9udCBjb2xvcj0iIzdFN0M3QyIgZmFjZT0i44Oh44Kk44Oq44KqIj5QSUNLVVAgSVRFTTwvZm9udD48L2I+PGJyPgoKCjwhLS3jgr/jgqTjg4jjg6sx44GT44GT44G+44GnLS0+CgoKPGJyPgo8YnI+Cgo8IS0t5ZWG5ZOB6KGo56S6MeOBk+OBk+OBvuOBpy0tPgoKPCEtLeWVhuWTgeihqOekujLjgZPjgZPjgYvjgoktLT4KCjwhLS3jgr/jgqTjg4jjg6sy44GT44GT44GL44KJLS0+Cjxicj4KPGI+PGZvbnQgY29sb3I9IiM3RTdDN0MiIGZhY2U9IuODoeOCpOODquOCqiI+UElDS1VQIElURU08L2ZvbnQ+PC9iPjxicj4KCgo8IS0t44K/44Kk44OI44OrMuOBk+OBk+OBvuOBpy0tPgoKCgo8YnI+Cjxicj4KCjwhLS3llYblk4HooajnpLoy44GT44GT44G+44GnLS0+Cgo8IS0t5ZWG5ZOB6KGo56S6M+OBk+OBk+OBi+OCiS0tPgoKPCEtLeOCv+OCpOODiOODqzPjgZPjgZPjgYvjgoktLT4KPGJyPgo8Yj48Zm9udCBjb2xvcj0iIzdFN0M3QyIgZmFjZT0i44Oh44Kk44Oq44KqIj5QSUNLVVAgSVRFTTwvZm9udD48L2I+PGJyPgoKCjwhLS3jgr/jgqTjg4jjg6sz44GT44GT44G+44GnLS0+CgoKCjxicj4KPGJyPgoKPCEtLeWVhuWTgeihqOekujPjgZPjgZPjgb7jgactLT4KCgo8YnI+Cjxicj4=,KEdBUk1JTi/jgqzjg7zjg5/jg7Mpdml2b+OCt+ODquODvOOCuuOCouOCr+OCu+OCteODqiB2aXZvZml0M+eUqOODquOCueODiOODkOODs+ODiSBHcmF5ICZhbXA7IE1hcnNhbGHvvJrjgrXjgqTjgq/jg6vjg63jg7zjg4k=,6Ieq6Lui6LuK44OR44O844OE44Ot44O844OJ44OR44O844OE6YCa6LKp44K144Kk44Kv44Or44Kr44OQ44O844OR44O844Or44Kk44K644OfU0hJTUFOT1BFQVJM44CASVpVTUnjg4/jg7Pjg4njg6vjg4Hjg6PjgqTjg6vjg4njgrfjg7zjg4jjg5jjg6vjg6Hjg4Pjg4jjgr/jgqTjg6Tjg4Hjg6Xjg7zjg5bjg5rjg4Djg6vjg5bjg6zjg7zjgq3nqbrmsJflhaXjgozjg6njgqTjg4jjg5DjgrnjgrHjg4Pjg4jjgrXjg4njg6vjg5bjg6rjg4Ljgrnjg4jjg7Pjgq/jg6njg7Pjgq8oR0FSTUlOL+OCrOODvOODn+ODsyl2aXZv44K344Oq44O844K644Ki44Kv44K744K144OqIHZpdm9maXQz55So44Oq44K544OI44OQ44Oz44OJIEdyYXkgJmFtcDsgTWFyc2FsYQ==,KEdBUk1JTi/jgqzjg7zjg5/jg7Mpdml2b+OCt+ODquODvOOCuuOCouOCr+OCu+OCteODqiB2aXZvZml0M+eUqOODquOCueODiOODkOODs+ODiSBHcmF5ICZhbXA7IE1hcnNhbGE=[rn]
2-78732,aHR0cDovL3RzaG9wLnIxMHMuanAvYXVjLWN5Y2xlLXBhcnRzL2NhYmluZXQvaW1nMjIvZ2FjYy0xNzAzLTExMC5qcGc/Zml0aW49NzAwOjcwMA==,OTEwMC4wMDAw,,44K544Od44O844OE44O744Ki44Km44OI44OJ44KiID4g6Ieq6Lui6LuK44O744K144Kk44Kv44Oq44Oz44KwID4g6Ieq6Lui6LuK55So44Ki44Kv44K744K144Oq44O8ID4g44K144Kk44Kv44Or44Kz44Oz44OU44Ol44O844K/44O8,KEdBUk1JTi/jgqzjg7zjg5/jg7Mp44OJ44OD44Kw44OP44O844ON44K577yI44Ot44Oz44Kw77yJ,,4peP5ZWG5ZOB5qaC6KaB77ya6Kq/5pW05Y+v6IO944Gq44OP44O844ON44K544GnVklSQi1K44K344Oq44O844K644KS5oSb54qs44Gr5Y+W44KK5LuY44GR44KL5LqL44GM44Gn44GN44G+44GZ44CCPEJSPuWPluOCiuS7mOOBkeWPr+iDveOBqueKrOOBruWkp+OBjeOBleOBr+OAgeWwu+WwvuOBruS7mOOBkeagueOBi+OCieiCqeeUsumqqOOBrumWk+OBrummluOBruS7mOOBkeagueOBvuOBp+OBrumVt+OBleOCkua4rOWumuOBl+OBnzY2772eOTLjgrvjg7Pjg4Hjg6Hjg7zjg4jjg6vjgYzpganjgZfjgabjgYTjgb7jgZnjgII8YnI+4peP44Oh44O844Kr44O85ZCN77yaR0FSTUlOL+OCrOODvOODn+ODszxicj7il4/igLvllYblk4Hjga7jg4fjgrbjgqTjg7PjgIHku5Xmp5jjgIHlpJboprPjgIHjga/kuojlkYrjgarjgY/lpInmm7TjgZnjgovloLTlkIjjgYzjgYLjgorjgb7jgZnjga7jgafjgZTkuobmib/jgY/jgaDjgZXjgYTjgII8dGFibGUgd2lkdGg9IjczMCIgYm9yZGVyPSIwIiBhbGlnbj0iY2VudGVyIiBjZWxsc3BhY2luZz0iNSI+CiAgPHRyPgogICAgPHRkPjxkaXYgYWxpZ249ImNlbnRlciI+PGltZyBzcmM9Imh0dHA6Ly9pbWFnZS5yYWt1dGVuLmNvLmpwL2F1Yy1jeWNsZS1wYXJ0cy9jYWJpbmV0L2JhbmEtZ2F6b3UvYm4tc28uanBnIiBhbHQ9ImFhIiB3aWR0aD0iMTEyIiBib3JkZXI9IjAiPjwvZGl2PjwvdGQ+CiAgICA8dGQ+PGltZyBzcmM9Imh0dHA6Ly9pbWFnZS5yYWt1dGVuLmNvLmpwL2F1Yy1jeWNsZS1wYXJ0cy9jYWJpbmV0L2JhbmEtZ2F6b3UvYmUtYm9sbGUuanBnIiB3aWR0aD0iMTEyIiBib3JkZXI9IjAiPjwvdGQ+CiAgICA8dGQ+PGltZyBzcmM9Imh0dHA6Ly9pbWFnZS5yYWt1dGVuLmNvLmpwL2F1Yy1jeWNsZS1wYXJ0cy9jYWJpbmV0L2JhbmEtZ2F6b3UvYm4tYXF1YS5qcGciIGFsdD0i44Ki44Kv44Ki44K544OV44Kj44KiIiB3aWR0aD0iMTEyIiBib3JkZXI9IjAiPjwvdGQ+CiAgICA8dGQ+PGltZyBzcmM9Imh0dHA6Ly9pbWFnZS5yYWt1dGVuLmNvLmpwL2F1Yy1jeWNsZS1wYXJ0cy9jYWJpbmV0L2JhbmEtZ2F6b3UvYm4tdml0LmpwZyIgYWx0PSLjg5Pjg4Pjg4jjg6rjgqIiIHdpZHRoPSIxMTIiIGJvcmRlcj0iMCI+PC90ZD4KICAgIDx0ZD48aW1nIHNyYz0iaHR0cDovL2ltYWdlLnJha3V0ZW4uY28uanAvYXVjLWN5Y2xlLXBhcnRzL2NhYmluZXQvYmFuYS1nYXpvdS9ibi1mb290LmpwZyIgYWx0PSJGT09UTUFYIiB3aWR0aD0iMTEyIiBib3JkZXI9IjAiPjwvdGQ+CiAgICA8dGQ+PGltZyBzcmM9Imh0dHA6Ly9pbWFnZS5yYWt1dGVuLmNvLmpwL2F1Yy1jeWNsZS1wYXJ0cy9jYWJpbmV0L2JhbmEtZ2F6b3UvYm4tbmV3b24uanBnIiBhbHQ9Im5ld3RvbiIgd2lkdGg9IjExMiIgYm9yZGVyPSIwIj48L3RkPgogIDwvdHI+CiAgPHRyPgogICAgPHRkPjxpbWcgc3JjPSJodHRwOi8vaW1hZ2UucmFrdXRlbi5jby5qcC9hdWMtY3ljbGUtcGFydHMvY2FiaW5ldC9iYW5hLWdhem91L2JuLXNoaW1hbm9hYy5qcGciIGFsdD0iIiB3aWR0aD0iMTEyIiBib3JkZXI9IjAiPjwvdGQ+CiAgICA8dGQ+PGltZyBzcmM9Imh0dHA6Ly9pbWFnZS5yYWt1dGVuLmNvLmpwL2F1Yy1jeWNsZS1wYXJ0cy9jYWJpbmV0L2JhbmEtZ2F6b3UvYm4tYXNnLWNtLTE0LmpwZyIgYWx0PSIiIHdpZHRoPSIxMTIiIGJvcmRlcj0iMCI+PC90ZD4KICAgIDx0ZD48aW1nIHNyYz0iaHR0cDovL2ltYWdlLnJha3V0ZW4uY28uanAvYXVjLWN5Y2xlLXBhcnRzL2NhYmluZXQvYmFuYS1nYXpvdS9ibi1zd2V3LmpwZyIgYWx0PSLjgrfjg57jg47jgrXjg7PjgrDjg6njgrkiIHdpZHRoPSIxMTIiIGJvcmRlcj0iMCI+PC90ZD4KICAgIDx0ZD48aW1nIHNyYz0iaHR0cDovL2ltYWdlLnJha3V0ZW4uY28uanAvYXVjLWN5Y2xlLXBhcnRzL2NhYmluZXQvYmFuYS1nYXpvdS9ibi1zaGltYW5vc2Fkb2xsZS5qcGciIGFsdD0iIiB3aWR0aD0iMTEyIiBib3JkZXI9IjAiPjwvdGQ+CiAgICA8dGQ+PGltZyBzcmM9Imh0dHA6Ly9pbWFnZS5yYWt1dGVuLmNvLmpwL2F1Yy1jeWNsZS1wYXJ0cy9jYWJpbmV0L2JhbmEtZ2F6b3UvYm4tc2hpbWFub2hhbmRvbGxlLmpwZyIgYWx0PSIiIHdpZHRoPSIxMTIiIGJvcmRlcj0iMCI+PC90ZD4KICAgIDx0ZD48aW1nIHNyYz0iaHR0cDovL2ltYWdlLnJha3V0ZW4uY28uanAvYXVjLWN5Y2xlLXBhcnRzL2NhYmluZXQvYmFuYS1nYXpvdS9ibi1zaGltYW5vYm90dGxlLmpwZyIgd2lkdGg9IjExMiIgYm9yZGVyPSIwIj48L3RkPgogIDwvdHI+CjwvdGFibGU+Cjxicj4KCjwhLS3llYblk4HooajnpLox44GT44GT44GL44KJLS0+Cgo8IS0t44K/44Kk44OI44OrMeOBk+OBk+OBi+OCiS0tPgo8YnI+CjxiPjxmb250IGNvbG9yPSIjN0U3QzdDIiBmYWNlPSLjg6HjgqTjg6rjgqoiPlBJQ0tVUCBJVEVNPC9mb250PjwvYj48YnI+CgoKPCEtLeOCv+OCpOODiOODqzHjgZPjgZPjgb7jgactLT4KCgo8YnI+Cjxicj4KCjwhLS3llYblk4HooajnpLox44GT44GT44G+44GnLS0+Cgo8IS0t5ZWG5ZOB6KGo56S6MuOBk+OBk+OBi+OCiS0tPgoKPCEtLeOCv+OCpOODiOODqzLjgZPjgZPjgYvjgoktLT4KPGJyPgo8Yj48Zm9udCBjb2xvcj0iIzdFN0M3QyIgZmFjZT0i44Oh44Kk44Oq44KqIj5QSUNLVVAgSVRFTTwvZm9udD48L2I+PGJyPgoKCjwhLS3jgr/jgqTjg4jjg6sy44GT44GT44G+44GnLS0+CgoKCjxicj4KPGJyPgoKPCEtLeWVhuWTgeihqOekujLjgZPjgZPjgb7jgactLT4KCjwhLS3llYblk4HooajnpLoz44GT44GT44GL44KJLS0+Cgo8IS0t44K/44Kk44OI44OrM+OBk+OBk+OBi+OCiS0tPgo8YnI+CjxiPjxmb250IGNvbG9yPSIjN0U3QzdDIiBmYWNlPSLjg6HjgqTjg6rjgqoiPlBJQ0tVUCBJVEVNPC9mb250PjwvYj48YnI+CgoKPCEtLeOCv+OCpOODiOODqzPjgZPjgZPjgb7jgactLT4KCgoKPGJyPgo8YnI+Cgo8IS0t5ZWG5ZOB6KGo56S6M+OBk+OBk+OBvuOBpy0tPgoKCjxicj4KPGJyPg==,KEdBUk1JTi/jgqzjg7zjg5/jg7Mp44OJ44OD44Kw44OP44O844ON44K577yI44Ot44Oz44Kw77yJ77ya44K144Kk44Kv44Or44Ot44O844OJ,6Ieq6Lui6LuK44OR44O844OE44Ot44O844OJ44OR44O844OE6YCa6LKp44K144Kk44Kv44Or44Kr44OQ44O844OR44O844Or44Kk44K644OfU0hJTUFOT1BFQVJM44CASVpVTUnjg4/jg7Pjg4njg6vjg4Hjg6PjgqTjg6vjg4njgrfjg7zjg4jjg5jjg6vjg6Hjg4Pjg4jjgr/jgqTjg6Tjg4Hjg6Xjg7zjg5bjg5rjg4Djg6vjg5bjg6zjg7zjgq3nqbrmsJflhaXjgozjg6njgqTjg4jjg5DjgrnjgrHjg4Pjg4jjgrXjg4njg6vjg5bjg6rjg4Ljgrnjg4jjg7Pjgq/jg6njg7Pjgq8oR0FSTUlOL+OCrOODvOODn+ODsynjg4njg4PjgrDjg4/jg7zjg43jgrnvvIjjg63jg7PjgrDvvIk=,KEdBUk1JTi/jgqzjg7zjg5/jg7Mp44OJ44OD44Kw44OP44O844ON44K577yI44Ot44Oz44Kw77yJ[rn]
2-78733,aHR0cDovL3RzaG9wLnIxMHMuanAvYXVjLWN5Y2xlLXBhcnRzL2NhYmluZXQvaW1nMjIvZ2FjYy0xNzAzLTc5LmpwZz9maXRpbj03MDA6NzAw,MTU0MC4wMDAw,,44K544Od44O844OE44O744Ki44Km44OI44OJ44KiID4g6Ieq6Lui6LuK44O744K144Kk44Kv44Oq44Oz44KwID4g6Ieq6Lui6LuK55So44Ki44Kv44K744K144Oq44O8ID4g44K144Kk44Kv44Or44Kz44Oz44OU44Ol44O844K/44O8,KEdBUk1JTi/jgqzjg7zjg5/jg7Mpdml2b+OCt+ODquODvOOCuuOCouOCr+OCu+OCteODqiB2aXZvZml0M+eUqOODquOCueODiOODkOODs+ODiQ==,,4peP5ZWG5ZOB5qaC6KaB77yadml2b2ZpdDPlsILnlKjjga7jg6rjgrnjg4jjg5Djg7Pjg4njgafjgZnjgII8QlI+44Kt44Or44OI44Gu44KI44GG44Gq5qih5qeY44KS44GC44GX44KJ44Gj44Gf44OH44K244Kk44Oz44GM54m55b6044Gn44GZ44CC44GK5aW944G/44Gr5ZCI44KP44Gb44Gm44OQ44Oz44OJ44KS5Y+W44KK5o+b44GI44KJ44KM44G+44GZ44CCPGJyPuKXj+ODoeODvOOCq+ODvOWQje+8mkdBUk1JTi/jgqzjg7zjg5/jg7M8YnI+4peP4oC75ZWG5ZOB44Gu44OH44K244Kk44Oz44CB5LuV5qeY44CB5aSW6Kaz44CB44Gv5LqI5ZGK44Gq44GP5aSJ5pu044GZ44KL5aC05ZCI44GM44GC44KK44G+44GZ44Gu44Gn44GU5LqG5om/44GP44Gg44GV44GE44CCPHRhYmxlIHdpZHRoPSI3MzAiIGJvcmRlcj0iMCIgYWxpZ249ImNlbnRlciIgY2VsbHNwYWNpbmc9IjUiPgogIDx0cj4KICAgIDx0ZD48ZGl2IGFsaWduPSJjZW50ZXIiPjxpbWcgc3JjPSJodHRwOi8vaW1hZ2UucmFrdXRlbi5jby5qcC9hdWMtY3ljbGUtcGFydHMvY2FiaW5ldC9iYW5hLWdhem91L2JuLXNvLmpwZyIgYWx0PSJhYSIgd2lkdGg9IjExMiIgYm9yZGVyPSIwIj48L2Rpdj48L3RkPgogICAgPHRkPjxpbWcgc3JjPSJodHRwOi8vaW1hZ2UucmFrdXRlbi5jby5qcC9hdWMtY3ljbGUtcGFydHMvY2FiaW5ldC9iYW5hLWdhem91L2JlLWJvbGxlLmpwZyIgd2lkdGg9IjExMiIgYm9yZGVyPSIwIj48L3RkPgogICAgPHRkPjxpbWcgc3JjPSJodHRwOi8vaW1hZ2UucmFrdXRlbi5jby5qcC9hdWMtY3ljbGUtcGFydHMvY2FiaW5ldC9iYW5hLWdhem91L2JuLWFxdWEuanBnIiBhbHQ9IuOCouOCr+OCouOCueODleOCo+OCoiIgd2lkdGg9IjExMiIgYm9yZGVyPSIwIj48L3RkPgogICAgPHRkPjxpbWcgc3JjPSJodHRwOi8vaW1hZ2UucmFrdXRlbi5jby5qcC9hdWMtY3ljbGUtcGFydHMvY2FiaW5ldC9iYW5hLWdhem91L2JuLXZpdC5qcGciIGFsdD0i44OT44OD44OI44Oq44KiIiB3aWR0aD0iMTEyIiBib3JkZXI9IjAiPjwvdGQ+CiAgICA8dGQ+PGltZyBzcmM9Imh0dHA6Ly9pbWFnZS5yYWt1dGVuLmNvLmpwL2F1Yy1jeWNsZS1wYXJ0cy9jYWJpbmV0L2JhbmEtZ2F6b3UvYm4tZm9vdC5qcGciIGFsdD0iRk9PVE1BWCIgd2lkdGg9IjExMiIgYm9yZGVyPSIwIj48L3RkPgogICAgPHRkPjxpbWcgc3JjPSJodHRwOi8vaW1hZ2UucmFrdXRlbi5jby5qcC9hdWMtY3ljbGUtcGFydHMvY2FiaW5ldC9iYW5hLWdhem91L2JuLW5ld29uLmpwZyIgYWx0PSJuZXd0b24iIHdpZHRoPSIxMTIiIGJvcmRlcj0iMCI+PC90ZD4KICA8L3RyPgogIDx0cj4KICAgIDx0ZD48aW1nIHNyYz0iaHR0cDovL2ltYWdlLnJha3V0ZW4uY28uanAvYXVjLWN5Y2xlLXBhcnRzL2NhYmluZXQvYmFuYS1nYXpvdS9ibi1zaGltYW5vYWMuanBnIiBhbHQ9IiIgd2lkdGg9IjExMiIgYm9yZGVyPSIwIj48L3RkPgogICAgPHRkPjxpbWcgc3JjPSJodHRwOi8vaW1hZ2UucmFrdXRlbi5jby5qcC9hdWMtY3ljbGUtcGFydHMvY2FiaW5ldC9iYW5hLWdhem91L2JuLWFzZy1jbS0xNC5qcGciIGFsdD0iIiB3aWR0aD0iMTEyIiBib3JkZXI9IjAiPjwvdGQ+CiAgICA8dGQ+PGltZyBzcmM9Imh0dHA6Ly9pbWFnZS5yYWt1dGVuLmNvLmpwL2F1Yy1jeWNsZS1wYXJ0cy9jYWJpbmV0L2JhbmEtZ2F6b3UvYm4tc3dldy5qcGciIGFsdD0i44K344Oe44OO44K144Oz44Kw44Op44K5IiB3aWR0aD0iMTEyIiBib3JkZXI9IjAiPjwvdGQ+CiAgICA8dGQ+PGltZyBzcmM9Imh0dHA6Ly9pbWFnZS5yYWt1dGVuLmNvLmpwL2F1Yy1jeWNsZS1wYXJ0cy9jYWJpbmV0L2JhbmEtZ2F6b3UvYm4tc2hpbWFub3NhZG9sbGUuanBnIiBhbHQ9IiIgd2lkdGg9IjExMiIgYm9yZGVyPSIwIj48L3RkPgogICAgPHRkPjxpbWcgc3JjPSJodHRwOi8vaW1hZ2UucmFrdXRlbi5jby5qcC9hdWMtY3ljbGUtcGFydHMvY2FiaW5ldC9iYW5hLWdhem91L2JuLXNoaW1hbm9oYW5kb2xsZS5qcGciIGFsdD0iIiB3aWR0aD0iMTEyIiBib3JkZXI9IjAiPjwvdGQ+CiAgICA8dGQ+PGltZyBzcmM9Imh0dHA6Ly9pbWFnZS5yYWt1dGVuLmNvLmpwL2F1Yy1jeWNsZS1wYXJ0cy9jYWJpbmV0L2JhbmEtZ2F6b3UvYm4tc2hpbWFub2JvdHRsZS5qcGciIHdpZHRoPSIxMTIiIGJvcmRlcj0iMCI+PC90ZD4KICA8L3RyPgo8L3RhYmxlPgo8YnI+Cgo8IS0t5ZWG5ZOB6KGo56S6MeOBk+OBk+OBi+OCiS0tPgoKPCEtLeOCv+OCpOODiOODqzHjgZPjgZPjgYvjgoktLT4KPGJyPgo8Yj48Zm9udCBjb2xvcj0iIzdFN0M3QyIgZmFjZT0i44Oh44Kk44Oq44KqIj5QSUNLVVAgSVRFTTwvZm9udD48L2I+PGJyPgoKCjwhLS3jgr/jgqTjg4jjg6sx44GT44GT44G+44GnLS0+CgoKPGJyPgo8YnI+Cgo8IS0t5ZWG5ZOB6KGo56S6MeOBk+OBk+OBvuOBpy0tPgoKPCEtLeWVhuWTgeihqOekujLjgZPjgZPjgYvjgoktLT4KCjwhLS3jgr/jgqTjg4jjg6sy44GT44GT44GL44KJLS0+Cjxicj4KPGI+PGZvbnQgY29sb3I9IiM3RTdDN0MiIGZhY2U9IuODoeOCpOODquOCqiI+UElDS1VQIElURU08L2ZvbnQ+PC9iPjxicj4KCgo8IS0t44K/44Kk44OI44OrMuOBk+OBk+OBvuOBpy0tPgoKCgo8YnI+Cjxicj4KCjwhLS3llYblk4HooajnpLoy44GT44GT44G+44GnLS0+Cgo8IS0t5ZWG5ZOB6KGo56S6M+OBk+OBk+OBi+OCiS0tPgoKPCEtLeOCv+OCpOODiOODqzPjgZPjgZPjgYvjgoktLT4KPGJyPgo8Yj48Zm9udCBjb2xvcj0iIzdFN0M3QyIgZmFjZT0i44Oh44Kk44Oq44KqIj5QSUNLVVAgSVRFTTwvZm9udD48L2I+PGJyPgoKCjwhLS3jgr/jgqTjg4jjg6sz44GT44GT44G+44GnLS0+CgoKCjxicj4KPGJyPgoKPCEtLeWVhuWTgeihqOekujPjgZPjgZPjgb7jgactLT4KCgo8YnI+Cjxicj4=,KEdBUk1JTi/jgqzjg7zjg5/jg7Mpdml2b+OCt+ODquODvOOCuuOCouOCr+OCu+OCteODqiB2aXZvZml0M+eUqOODquOCueODiOODkOODs+ODie+8muOCteOCpOOCr+ODq+ODreODvOODiQ==,6Ieq6Lui6LuK44OR44O844OE44Ot44O844OJ44OR44O844OE6YCa6LKp44K144Kk44Kv44Or44Kr44OQ44O844OR44O844Or44Kk44K644OfU0hJTUFOT1BFQVJM44CASVpVTUnjg4/jg7Pjg4njg6vjg4Hjg6PjgqTjg6vjg4njgrfjg7zjg4jjg5jjg6vjg6Hjg4Pjg4jjgr/jgqTjg6Tjg4Hjg6Xjg7zjg5bjg5rjg4Djg6vjg5bjg6zjg7zjgq3nqbrmsJflhaXjgozjg6njgqTjg4jjg5DjgrnjgrHjg4Pjg4jjgrXjg4njg6vjg5bjg6rjg4Ljgrnjg4jjg7Pjgq/jg6njg7Pjgq8oR0FSTUlOL+OCrOODvOODn+ODsyl2aXZv44K344Oq44O844K644Ki44Kv44K744K144OqIHZpdm9maXQz55So44Oq44K544OI44OQ44Oz44OJ,KEdBUk1JTi/jgqzjg7zjg5/jg7Mpdml2b+OCt+ODquODvOOCuuOCouOCr+OCu+OCteODqiB2aXZvZml0M+eUqOODquOCueODiOODkOODs+ODiQ==[rn]
2-78734,aHR0cDovL3RzaG9wLnIxMHMuanAvYXVjLWN5Y2xlLXBhcnRzL2NhYmluZXQvaW1nMjIvZ2FjYy0xNzAzLTQ0LmpwZz9maXRpbj03MDA6NzAw,ODQwMC4wMDAw,,44K544Od44O844OE44O744Ki44Km44OI44OJ44KiID4g6Ieq6Lui6LuK44O744K144Kk44Kv44Oq44Oz44KwID4g6Ieq6Lui6LuK55So44Ki44Kv44K744K144Oq44O8ID4g44K144Kk44Kv44Or44Kz44Oz44OU44Ol44O844K/44O8,KEdBUk1JTi/jgqzjg7zjg5/jg7Mp44K544Od44O844OE44Km44Kp44OD44OBIOOCouOCr+OCu+OCteODqiDjg4/jg7zjg4jjg6zjg7zjg4jjgrvjg7PjgrXjg7xIUk0tUnVu,,4peP5ZWG5ZOB5qaC6KaB77yaR+OCu+ODs+OCteODvOWGheiUteOBruW/g+aLjeioiOOBp+OBmeOAgjxCUj7lv4Pmi43mlbDjga7ku5bjgIHjg6njg7Pjg4vjg7PjgrDjg4DjgqTjg4rjg5/jgq/jgrnmqZ/og73lr77lv5zmqZ/nqK7jga/jg6njg7Pjg4vjg7PjgrDjgavplqLjgZnjgovku6XkuIvjga7poIXnm67muKzlrprjgYzlj6/og73jgafjgZnjgII8QlI+4pag5LiK5LiL5YuV77ya44OI44Os44O844OL44Oz44Kw5Lit44Gu6IO05L2T5LiK5LiL6YGL5YuV44KSY23jgafmuKzlrprjgZfjgb7jgZk8QlI+4pag5o6l5Zyw5pmC6ZaT77ya6Laz44Go5Zyw6Z2i44GM5o6l5Zyw44GX44Gm44GE44KL5pmC6ZaT44KS5ris5a6a44GX44G+44GZPEJSPuKWoOODlOODg+ODge+8mu+8keWIhumWk+OBguOBn+OCiuOBruatqeaVsOOCkuioiOa4rOOBp+OBjeOBvuOBmTxCUj48QlI+4oC744Op44Oz44OL44Oz44Kw44OA44Kk44OK44Of44Kv44K55qmf6IO944GM5L2/44GI44Gq44GE5qmf56iu44Gv5b+D5ouN44Gu44G/6KGo56S6PEJSPjxCUj7jg7vjg5Djg4Pjg4bjg6rjg7zvvJrjg5zjgr/jg7Ppm7vmsaAoQ1IyMDMyIDNWKTxCUj7jg7vjg5Djg4Pjg4bjg6rjg7zlr7/lkb3vvJox5bm0KDHml6Ux5pmC6ZaT5L2/55So5pmCKTxCUj7jg7vpmLLmsLTmqZ/og73vvJozMG0o44K544Kk44Og5Lit44Gu44OH44O844K/6Lui6YCB5qmf6IO944Gv6Z2e5pCt6LyJKTxCUj7jg7vli5XkvZzmuKnluqbvvJotMjDvvZ42MOKEgzxCUj7jg7vlkajms6LmlbAv44OX44Ot44OI44Kz44Or77yaMi40R0h6IEFOVCvjg6/jgqTjg6Tjg6zjgrnpgJrkv6E8YnI+4peP44Oh44O844Kr44O85ZCN77yaR0FSTUlOL+OCrOODvOODn+ODszxicj7il4/igLvllYblk4Hjga7jg4fjgrbjgqTjg7PjgIHku5Xmp5jjgIHlpJboprPjgIHjga/kuojlkYrjgarjgY/lpInmm7TjgZnjgovloLTlkIjjgYzjgYLjgorjgb7jgZnjga7jgafjgZTkuobmib/jgY/jgaDjgZXjgYTjgII8dGFibGUgd2lkdGg9IjczMCIgYm9yZGVyPSIwIiBhbGlnbj0iY2VudGVyIiBjZWxsc3BhY2luZz0iNSI+CiAgPHRyPgogICAgPHRkPjxkaXYgYWxpZ249ImNlbnRlciI+PGltZyBzcmM9Imh0dHA6Ly9pbWFnZS5yYWt1dGVuLmNvLmpwL2F1Yy1jeWNsZS1wYXJ0cy9jYWJpbmV0L2JhbmEtZ2F6b3UvYm4tc28uanBnIiBhbHQ9ImFhIiB3aWR0aD0iMTEyIiBib3JkZXI9IjAiPjwvZGl2PjwvdGQ+CiAgICA8dGQ+PGltZyBzcmM9Imh0dHA6Ly9pbWFnZS5yYWt1dGVuLmNvLmpwL2F1Yy1jeWNsZS1wYXJ0cy9jYWJpbmV0L2JhbmEtZ2F6b3UvYmUtYm9sbGUuanBnIiB3aWR0aD0iMTEyIiBib3JkZXI9IjAiPjwvdGQ+CiAgICA8dGQ+PGltZyBzcmM9Imh0dHA6Ly9pbWFnZS5yYWt1dGVuLmNvLmpwL2F1Yy1jeWNsZS1wYXJ0cy9jYWJpbmV0L2JhbmEtZ2F6b3UvYm4tYXF1YS5qcGciIGFsdD0i44Ki44Kv44Ki44K544OV44Kj44KiIiB3aWR0aD0iMTEyIiBib3JkZXI9IjAiPjwvdGQ+CiAgICA8dGQ+PGltZyBzcmM9Imh0dHA6Ly9pbWFnZS5yYWt1dGVuLmNvLmpwL2F1Yy1jeWNsZS1wYXJ0cy9jYWJpbmV0L2JhbmEtZ2F6b3UvYm4tdml0LmpwZyIgYWx0PSLjg5Pjg4Pjg4jjg6rjgqIiIHdpZHRoPSIxMTIiIGJvcmRlcj0iMCI+PC90ZD4KICAgIDx0ZD48aW1nIHNyYz0iaHR0cDovL2ltYWdlLnJha3V0ZW4uY28uanAvYXVjLWN5Y2xlLXBhcnRzL2NhYmluZXQvYmFuYS1nYXpvdS9ibi1mb290LmpwZyIgYWx0PSJGT09UTUFYIiB3aWR0aD0iMTEyIiBib3JkZXI9IjAiPjwvdGQ+CiAgICA8dGQ+PGltZyBzcmM9Imh0dHA6Ly9pbWFnZS5yYWt1dGVuLmNvLmpwL2F1Yy1jeWNsZS1wYXJ0cy9jYWJpbmV0L2JhbmEtZ2F6b3UvYm4tbmV3b24uanBnIiBhbHQ9Im5ld3RvbiIgd2lkdGg9IjExMiIgYm9yZGVyPSIwIj48L3RkPgogIDwvdHI+CiAgPHRyPgogICAgPHRkPjxpbWcgc3JjPSJodHRwOi8vaW1hZ2UucmFrdXRlbi5jby5qcC9hdWMtY3ljbGUtcGFydHMvY2FiaW5ldC9iYW5hLWdhem91L2JuLXNoaW1hbm9hYy5qcGciIGFsdD0iIiB3aWR0aD0iMTEyIiBib3JkZXI9IjAiPjwvdGQ+CiAgICA8dGQ+PGltZyBzcmM9Imh0dHA6Ly9pbWFnZS5yYWt1dGVuLmNvLmpwL2F1Yy1jeWNsZS1wYXJ0cy9jYWJpbmV0L2JhbmEtZ2F6b3UvYm4tYXNnLWNtLTE0LmpwZyIgYWx0PSIiIHdpZHRoPSIxMTIiIGJvcmRlcj0iMCI+PC90ZD4KICAgIDx0ZD48aW1nIHNyYz0iaHR0cDovL2ltYWdlLnJha3V0ZW4uY28uanAvYXVjLWN5Y2xlLXBhcnRzL2NhYmluZXQvYmFuYS1nYXpvdS9ibi1zd2V3LmpwZyIgYWx0PSLjgrfjg57jg47jgrXjg7PjgrDjg6njgrkiIHdpZHRoPSIxMTIiIGJvcmRlcj0iMCI+PC90ZD4KICAgIDx0ZD48aW1nIHNyYz0iaHR0cDovL2ltYWdlLnJha3V0ZW4uY28uanAvYXVjLWN5Y2xlLXBhcnRzL2NhYmluZXQvYmFuYS1nYXpvdS9ibi1zaGltYW5vc2Fkb2xsZS5qcGciIGFsdD0iIiB3aWR0aD0iMTEyIiBib3JkZXI9IjAiPjwvdGQ+CiAgICA8dGQ+PGltZyBzcmM9Imh0dHA6Ly9pbWFnZS5yYWt1dGVuLmNvLmpwL2F1Yy1jeWNsZS1wYXJ0cy9jYWJpbmV0L2JhbmEtZ2F6b3UvYm4tc2hpbWFub2hhbmRvbGxlLmpwZyIgYWx0PSIiIHdpZHRoPSIxMTIiIGJvcmRlcj0iMCI+PC90ZD4KICAgIDx0ZD48aW1nIHNyYz0iaHR0cDovL2ltYWdlLnJha3V0ZW4uY28uanAvYXVjLWN5Y2xlLXBhcnRzL2NhYmluZXQvYmFuYS1nYXpvdS9ibi1zaGltYW5vYm90dGxlLmpwZyIgd2lkdGg9IjExMiIgYm9yZGVyPSIwIj48L3RkPgogIDwvdHI+CjwvdGFibGU+Cjxicj4KCjwhLS3llYblk4HooajnpLox44GT44GT44GL44KJLS0+Cgo8IS0t44K/44Kk44OI44OrMeOBk+OBk+OBi+OCiS0tPgo8YnI+CjxiPjxmb250IGNvbG9yPSIjN0U3QzdDIiBmYWNlPSLjg6HjgqTjg6rjgqoiPlBJQ0tVUCBJVEVNPC9mb250PjwvYj48YnI+CgoKPCEtLeOCv+OCpOODiOODqzHjgZPjgZPjgb7jgactLT4KCgo8YnI+Cjxicj4KCjwhLS3llYblk4HooajnpLox44GT44GT44G+44GnLS0+Cgo8IS0t5ZWG5ZOB6KGo56S6MuOBk+OBk+OBi+OCiS0tPgoKPCEtLeOCv+OCpOODiOODqzLjgZPjgZPjgYvjgoktLT4KPGJyPgo8Yj48Zm9udCBjb2xvcj0iIzdFN0M3QyIgZmFjZT0i44Oh44Kk44Oq44KqIj5QSUNLVVAgSVRFTTwvZm9udD48L2I+PGJyPgoKCjwhLS3jgr/jgqTjg4jjg6sy44GT44GT44G+44GnLS0+CgoKCjxicj4KPGJyPgoKPCEtLeWVhuWTgeihqOekujLjgZPjgZPjgb7jgactLT4KCjwhLS3llYblk4HooajnpLoz44GT44GT44GL44KJLS0+Cgo8IS0t44K/44Kk44OI44OrM+OBk+OBk+OBi+OCiS0tPgo8YnI+CjxiPjxmb250IGNvbG9yPSIjN0U3QzdDIiBmYWNlPSLjg6HjgqTjg6rjgqoiPlBJQ0tVUCBJVEVNPC9mb250PjwvYj48YnI+CgoKPCEtLeOCv+OCpOODiOODqzPjgZPjgZPjgb7jgactLT4KCgoKPGJyPgo8YnI+Cgo8IS0t5ZWG5ZOB6KGo56S6M+OBk+OBk+OBvuOBpy0tPgoKCjxicj4KPGJyPg==,KEdBUk1JTi/jgqzjg7zjg5/jg7Mp44K544Od44O844OE44Km44Kp44OD44OBIOOCouOCr+OCu+OCteODqiDjg4/jg7zjg4jjg6zjg7zjg4jjgrvjg7PjgrXjg7xIUk0tUnVu77ya44K144Kk44Kv44Or44Ot44O844OJ,6Ieq6Lui6LuK44OR44O844OE44Ot44O844OJ44OR44O844OE6YCa6LKp44K144Kk44Kv44Or44Kr44OQ44O844OR44O844Or44Kk44K644OfU0hJTUFOT1BFQVJM44CASVpVTUnjg4/jg7Pjg4njg6vjg4Hjg6PjgqTjg6vjg4njgrfjg7zjg4jjg5jjg6vjg6Hjg4Pjg4jjgr/jgqTjg6Tjg4Hjg6Xjg7zjg5bjg5rjg4Djg6vjg5bjg6zjg7zjgq3nqbrmsJflhaXjgozjg6njgqTjg4jjg5DjgrnjgrHjg4Pjg4jjgrXjg4njg6vjg5bjg6rjg4Ljgrnjg4jjg7Pjgq/jg6njg7Pjgq8oR0FSTUlOL+OCrOODvOODn+ODsynjgrnjg53jg7zjg4Tjgqbjgqnjg4Pjg4Eg44Ki44Kv44K744K144OqIOODj+ODvOODiOODrOODvOODiOOCu+ODs+OCteODvEhSTS1SdW4=,KEdBUk1JTi/jgqzjg7zjg5/jg7Mp44K544Od44O844OE44Km44Kp44OD44OBIOOCouOCr+OCu+OCteODqiDjg4/jg7zjg4jjg6zjg7zjg4jjgrvjg7PjgrXjg7xIUk0tUnVu[rn]
2-78735,aHR0cDovL3RzaG9wLnIxMHMuanAvYXVjLWN5Y2xlLXBhcnRzL2NhYmluZXQvaW1nMjIvZ2FjYy0xNzAzLTc3LmpwZz9maXRpbj03MDA6NzAw,MjcyOS42MDAw,,44K544Od44O844OE44O744Ki44Km44OI44OJ44KiID4g6Ieq6Lui6LuK44O744K144Kk44Kv44Oq44Oz44KwID4g6Ieq6Lui6LuK55So44Ki44Kv44K744K144Oq44O8ID4g44K144Kk44Kv44Or44Kz44Oz44OU44Ol44O844K/44O8,KEdBUk1JTi/jgqzjg7zjg5/jg7Mpdml2b+OCt+ODquODvOOCuuOCouOCr+OCu+OCteODqiB2aXZvZml0M+eUqOODmeODq+ODiOOCr+ODquODg+ODlw==,,4peP5ZWG5ZOB5qaC6KaB77yadml2b2ZpdDPjgpLjg5njg6vjg4jjgavlj5bjgorku5jjgZHjgovjgZ/jgoHjga7jgq/jg6rjg4Pjg5fjgafjgZnjgII8QlI+5omL6aaW44Gr6KOF552A44GX44Gm44GE44Gq44GP44Gm44KC44CB44Og44O844OW44OQ44O844Go44Ki44Op44O844OI44GM5LiA5pel44KS6YCa44GX44Gm44GC44Gq44Gf44KS44Ki44Kv44OG44Kj44OW44Gr44GX44G+44GZ44CCPGJyPuKXj+ODoeODvOOCq+ODvOWQje+8mkdBUk1JTi/jgqzjg7zjg5/jg7M8YnI+4peP4oC75ZWG5ZOB44Gu44OH44K244Kk44Oz44CB5LuV5qeY44CB5aSW6Kaz44CB44Gv5LqI5ZGK44Gq44GP5aSJ5pu044GZ44KL5aC05ZCI44GM44GC44KK44G+44GZ44Gu44Gn44GU5LqG5om/44GP44Gg44GV44GE44CCPHRhYmxlIHdpZHRoPSI3MzAiIGJvcmRlcj0iMCIgYWxpZ249ImNlbnRlciIgY2VsbHNwYWNpbmc9IjUiPgogIDx0cj4KICAgIDx0ZD48ZGl2IGFsaWduPSJjZW50ZXIiPjxpbWcgc3JjPSJodHRwOi8vaW1hZ2UucmFrdXRlbi5jby5qcC9hdWMtY3ljbGUtcGFydHMvY2FiaW5ldC9iYW5hLWdhem91L2JuLXNvLmpwZyIgYWx0PSJhYSIgd2lkdGg9IjExMiIgYm9yZGVyPSIwIj48L2Rpdj48L3RkPgogICAgPHRkPjxpbWcgc3JjPSJodHRwOi8vaW1hZ2UucmFrdXRlbi5jby5qcC9hdWMtY3ljbGUtcGFydHMvY2FiaW5ldC9iYW5hLWdhem91L2JlLWJvbGxlLmpwZyIgd2lkdGg9IjExMiIgYm9yZGVyPSIwIj48L3RkPgogICAgPHRkPjxpbWcgc3JjPSJodHRwOi8vaW1hZ2UucmFrdXRlbi5jby5qcC9hdWMtY3ljbGUtcGFydHMvY2FiaW5ldC9iYW5hLWdhem91L2JuLWFxdWEuanBnIiBhbHQ9IuOCouOCr+OCouOCueODleOCo+OCoiIgd2lkdGg9IjExMiIgYm9yZGVyPSIwIj48L3RkPgogICAgPHRkPjxpbWcgc3JjPSJodHRwOi8vaW1hZ2UucmFrdXRlbi5jby5qcC9hdWMtY3ljbGUtcGFydHMvY2FiaW5ldC9iYW5hLWdhem91L2JuLXZpdC5qcGciIGFsdD0i44OT44OD44OI44Oq44KiIiB3aWR0aD0iMTEyIiBib3JkZXI9IjAiPjwvdGQ+CiAgICA8dGQ+PGltZyBzcmM9Imh0dHA6Ly9pbWFnZS5yYWt1dGVuLmNvLmpwL2F1Yy1jeWNsZS1wYXJ0cy9jYWJpbmV0L2JhbmEtZ2F6b3UvYm4tZm9vdC5qcGciIGFsdD0iRk9PVE1BWCIgd2lkdGg9IjExMiIgYm9yZGVyPSIwIj48L3RkPgogICAgPHRkPjxpbWcgc3JjPSJodHRwOi8vaW1hZ2UucmFrdXRlbi5jby5qcC9hdWMtY3ljbGUtcGFydHMvY2FiaW5ldC9iYW5hLWdhem91L2JuLW5ld29uLmpwZyIgYWx0PSJuZXd0b24iIHdpZHRoPSIxMTIiIGJvcmRlcj0iMCI+PC90ZD4KICA8L3RyPgogIDx0cj4KICAgIDx0ZD48aW1nIHNyYz0iaHR0cDovL2ltYWdlLnJha3V0ZW4uY28uanAvYXVjLWN5Y2xlLXBhcnRzL2NhYmluZXQvYmFuYS1nYXpvdS9ibi1zaGltYW5vYWMuanBnIiBhbHQ9IiIgd2lkdGg9IjExMiIgYm9yZGVyPSIwIj48L3RkPgogICAgPHRkPjxpbWcgc3JjPSJodHRwOi8vaW1hZ2UucmFrdXRlbi5jby5qcC9hdWMtY3ljbGUtcGFydHMvY2FiaW5ldC9iYW5hLWdhem91L2JuLWFzZy1jbS0xNC5qcGciIGFsdD0iIiB3aWR0aD0iMTEyIiBib3JkZXI9IjAiPjwvdGQ+CiAgICA8dGQ+PGltZyBzcmM9Imh0dHA6Ly9pbWFnZS5yYWt1dGVuLmNvLmpwL2F1Yy1jeWNsZS1wYXJ0cy9jYWJpbmV0L2JhbmEtZ2F6b3UvYm4tc3dldy5qcGciIGFsdD0i44K344Oe44OO44K144Oz44Kw44Op44K5IiB3aWR0aD0iMTEyIiBib3JkZXI9IjAiPjwvdGQ+CiAgICA8dGQ+PGltZyBzcmM9Imh0dHA6Ly9pbWFnZS5yYWt1dGVuLmNvLmpwL2F1Yy1jeWNsZS1wYXJ0cy9jYWJpbmV0L2JhbmEtZ2F6b3UvYm4tc2hpbWFub3NhZG9sbGUuanBnIiBhbHQ9IiIgd2lkdGg9IjExMiIgYm9yZGVyPSIwIj48L3RkPgogICAgPHRkPjxpbWcgc3JjPSJodHRwOi8vaW1hZ2UucmFrdXRlbi5jby5qcC9hdWMtY3ljbGUtcGFydHMvY2FiaW5ldC9iYW5hLWdhem91L2JuLXNoaW1hbm9oYW5kb2xsZS5qcGciIGFsdD0iIiB3aWR0aD0iMTEyIiBib3JkZXI9IjAiPjwvdGQ+CiAgICA8dGQ+PGltZyBzcmM9Imh0dHA6Ly9pbWFnZS5yYWt1dGVuLmNvLmpwL2F1Yy1jeWNsZS1wYXJ0cy9jYWJpbmV0L2JhbmEtZ2F6b3UvYm4tc2hpbWFub2JvdHRsZS5qcGciIHdpZHRoPSIxMTIiIGJvcmRlcj0iMCI+PC90ZD4KICA8L3RyPgo8L3RhYmxlPgo8YnI+Cgo8IS0t5ZWG5ZOB6KGo56S6MeOBk+OBk+OBi+OCiS0tPgoKPCEtLeOCv+OCpOODiOODqzHjgZPjgZPjgYvjgoktLT4KPGJyPgo8Yj48Zm9udCBjb2xvcj0iIzdFN0M3QyIgZmFjZT0i44Oh44Kk44Oq44KqIj5QSUNLVVAgSVRFTTwvZm9udD48L2I+PGJyPgoKCjwhLS3jgr/jgqTjg4jjg6sx44GT44GT44G+44GnLS0+CgoKPGJyPgo8YnI+Cgo8IS0t5ZWG5ZOB6KGo56S6MeOBk+OBk+OBvuOBpy0tPgoKPCEtLeWVhuWTgeihqOekujLjgZPjgZPjgYvjgoktLT4KCjwhLS3jgr/jgqTjg4jjg6sy44GT44GT44GL44KJLS0+Cjxicj4KPGI+PGZvbnQgY29sb3I9IiM3RTdDN0MiIGZhY2U9IuODoeOCpOODquOCqiI+UElDS1VQIElURU08L2ZvbnQ+PC9iPjxicj4KCgo8IS0t44K/44Kk44OI44OrMuOBk+OBk+OBvuOBpy0tPgoKCgo8YnI+Cjxicj4KCjwhLS3llYblk4HooajnpLoy44GT44GT44G+44GnLS0+Cgo8IS0t5ZWG5ZOB6KGo56S6M+OBk+OBk+OBi+OCiS0tPgoKPCEtLeOCv+OCpOODiOODqzPjgZPjgZPjgYvjgoktLT4KPGJyPgo8Yj48Zm9udCBjb2xvcj0iIzdFN0M3QyIgZmFjZT0i44Oh44Kk44Oq44KqIj5QSUNLVVAgSVRFTTwvZm9udD48L2I+PGJyPgoKCjwhLS3jgr/jgqTjg4jjg6sz44GT44GT44G+44GnLS0+CgoKCjxicj4KPGJyPgoKPCEtLeWVhuWTgeihqOekujPjgZPjgZPjgb7jgactLT4KCgo8YnI+Cjxicj4=,KEdBUk1JTi/jgqzjg7zjg5/jg7Mpdml2b+OCt+ODquODvOOCuuOCouOCr+OCu+OCteODqiB2aXZvZml0M+eUqOODmeODq+ODiOOCr+ODquODg+ODl++8muOCteOCpOOCr+ODq+ODreODvOODiQ==,6Ieq6Lui6LuK44OR44O844OE44Ot44O844OJ44OR44O844OE6YCa6LKp44K144Kk44Kv44Or44Kr44OQ44O844OR44O844Or44Kk44K644OfU0hJTUFOT1BFQVJM44CASVpVTUnjg4/jg7Pjg4njg6vjg4Hjg6PjgqTjg6vjg4njgrfjg7zjg4jjg5jjg6vjg6Hjg4Pjg4jjgr/jgqTjg6Tjg4Hjg6Xjg7zjg5bjg5rjg4Djg6vjg5bjg6zjg7zjgq3nqbrmsJflhaXjgozjg6njgqTjg4jjg5DjgrnjgrHjg4Pjg4jjgrXjg4njg6vjg5bjg6rjg4Ljgrnjg4jjg7Pjgq/jg6njg7Pjgq8oR0FSTUlOL+OCrOODvOODn+ODsyl2aXZv44K344Oq44O844K644Ki44Kv44K744K144OqIHZpdm9maXQz55So44OZ44Or44OI44Kv44Oq44OD44OX,KEdBUk1JTi/jgqzjg7zjg5/jg7Mpdml2b+OCt+ODquODvOOCuuOCouOCr+OCu+OCteODqiB2aXZvZml0M+eUqOODmeODq+ODiOOCr+ODquODg+ODlw==[rn]
2-78736,aHR0cDovL3RzaG9wLnIxMHMuanAvYXVjLWN5Y2xlLXBhcnRzL2NhYmluZXQvaW1nMDgvbm93cHJpbnQuZ2lmP2ZpdGluPTcwMDo3MDA=,MTI2MC4wMDAw,,44K544Od44O844OE44O744Ki44Km44OI44OJ44KiID4g6Ieq6Lui6LuK44O744K144Kk44Kv44Oq44Oz44KwID4g6Ieq6Lui6LuK55So44Ki44Kv44K744K144Oq44O8ID4g44K144Kk44Kv44Or44Kz44Oz44OU44Ol44O844K/44O8,KEdBUk1JTi/jgqzjg7zjg5/jg7MpRWRnZeeUqCDjgqLjgq/jgrvjgrXjg6og44OP44Oz44OJ44OrL+OCueODhuODoOODnuOCpuODs+ODiCBFZGdlODAwLzUwMOeUqA==,,4peP5ZWG5ZOB5qaC6KaB77ya44OP44Oz44OJ44OrL+OCueODhuODoOODnuOCpuODs+ODiCBFZGdlODAwLzUwMOeUqDxicj7il4/jg6Hjg7zjgqvjg7zlkI3vvJpHQVJNSU4v44Ks44O844Of44OzPGJyPuKXj+KAu+WVhuWTgeOBruODh+OCtuOCpOODs+OAgeS7leanmOOAgeWkluims+OAgeOBr+S6iOWRiuOBquOBj+WkieabtOOBmeOCi+WgtOWQiOOBjOOBguOCiuOBvuOBmeOBruOBp+OBlOS6huaJv+OBj+OBoOOBleOBhOOAgjx0YWJsZSB3aWR0aD0iNzMwIiBib3JkZXI9IjAiIGFsaWduPSJjZW50ZXIiIGNlbGxzcGFjaW5nPSI1Ij4KICA8dHI+CiAgICA8dGQ+PGRpdiBhbGlnbj0iY2VudGVyIj48aW1nIHNyYz0iaHR0cDovL2ltYWdlLnJha3V0ZW4uY28uanAvYXVjLWN5Y2xlLXBhcnRzL2NhYmluZXQvYmFuYS1nYXpvdS9ibi1zby5qcGciIGFsdD0iYWEiIHdpZHRoPSIxMTIiIGJvcmRlcj0iMCI+PC9kaXY+PC90ZD4KICAgIDx0ZD48aW1nIHNyYz0iaHR0cDovL2ltYWdlLnJha3V0ZW4uY28uanAvYXVjLWN5Y2xlLXBhcnRzL2NhYmluZXQvYmFuYS1nYXpvdS9iZS1ib2xsZS5qcGciIHdpZHRoPSIxMTIiIGJvcmRlcj0iMCI+PC90ZD4KICAgIDx0ZD48aW1nIHNyYz0iaHR0cDovL2ltYWdlLnJha3V0ZW4uY28uanAvYXVjLWN5Y2xlLXBhcnRzL2NhYmluZXQvYmFuYS1nYXpvdS9ibi1hcXVhLmpwZyIgYWx0PSLjgqLjgq/jgqLjgrnjg5XjgqPjgqIiIHdpZHRoPSIxMTIiIGJvcmRlcj0iMCI+PC90ZD4KICAgIDx0ZD48aW1nIHNyYz0iaHR0cDovL2ltYWdlLnJha3V0ZW4uY28uanAvYXVjLWN5Y2xlLXBhcnRzL2NhYmluZXQvYmFuYS1nYXpvdS9ibi12aXQuanBnIiBhbHQ9IuODk+ODg+ODiOODquOCoiIgd2lkdGg9IjExMiIgYm9yZGVyPSIwIj48L3RkPgogICAgPHRkPjxpbWcgc3JjPSJodHRwOi8vaW1hZ2UucmFrdXRlbi5jby5qcC9hdWMtY3ljbGUtcGFydHMvY2FiaW5ldC9iYW5hLWdhem91L2JuLWZvb3QuanBnIiBhbHQ9IkZPT1RNQVgiIHdpZHRoPSIxMTIiIGJvcmRlcj0iMCI+PC90ZD4KICAgIDx0ZD48aW1nIHNyYz0iaHR0cDovL2ltYWdlLnJha3V0ZW4uY28uanAvYXVjLWN5Y2xlLXBhcnRzL2NhYmluZXQvYmFuYS1nYXpvdS9ibi1uZXdvbi5qcGciIGFsdD0ibmV3dG9uIiB3aWR0aD0iMTEyIiBib3JkZXI9IjAiPjwvdGQ+CiAgPC90cj4KICA8dHI+CiAgICA8dGQ+PGltZyBzcmM9Imh0dHA6Ly9pbWFnZS5yYWt1dGVuLmNvLmpwL2F1Yy1jeWNsZS1wYXJ0cy9jYWJpbmV0L2JhbmEtZ2F6b3UvYm4tc2hpbWFub2FjLmpwZyIgYWx0PSIiIHdpZHRoPSIxMTIiIGJvcmRlcj0iMCI+PC90ZD4KICAgIDx0ZD48aW1nIHNyYz0iaHR0cDovL2ltYWdlLnJha3V0ZW4uY28uanAvYXVjLWN5Y2xlLXBhcnRzL2NhYmluZXQvYmFuYS1nYXpvdS9ibi1hc2ctY20tMTQuanBnIiBhbHQ9IiIgd2lkdGg9IjExMiIgYm9yZGVyPSIwIj48L3RkPgogICAgPHRkPjxpbWcgc3JjPSJodHRwOi8vaW1hZ2UucmFrdXRlbi5jby5qcC9hdWMtY3ljbGUtcGFydHMvY2FiaW5ldC9iYW5hLWdhem91L2JuLXN3ZXcuanBnIiBhbHQ9IuOCt+ODnuODjuOCteODs+OCsOODqeOCuSIgd2lkdGg9IjExMiIgYm9yZGVyPSIwIj48L3RkPgogICAgPHRkPjxpbWcgc3JjPSJodHRwOi8vaW1hZ2UucmFrdXRlbi5jby5qcC9hdWMtY3ljbGUtcGFydHMvY2FiaW5ldC9iYW5hLWdhem91L2JuLXNoaW1hbm9zYWRvbGxlLmpwZyIgYWx0PSIiIHdpZHRoPSIxMTIiIGJvcmRlcj0iMCI+PC90ZD4KICAgIDx0ZD48aW1nIHNyYz0iaHR0cDovL2ltYWdlLnJha3V0ZW4uY28uanAvYXVjLWN5Y2xlLXBhcnRzL2NhYmluZXQvYmFuYS1nYXpvdS9ibi1zaGltYW5vaGFuZG9sbGUuanBnIiBhbHQ9IiIgd2lkdGg9IjExMiIgYm9yZGVyPSIwIj48L3RkPgogICAgPHRkPjxpbWcgc3JjPSJodHRwOi8vaW1hZ2UucmFrdXRlbi5jby5qcC9hdWMtY3ljbGUtcGFydHMvY2FiaW5ldC9iYW5hLWdhem91L2JuLXNoaW1hbm9ib3R0bGUuanBnIiB3aWR0aD0iMTEyIiBib3JkZXI9IjAiPjwvdGQ+CiAgPC90cj4KPC90YWJsZT4KPGJyPgoKPCEtLeWVhuWTgeihqOekujHjgZPjgZPjgYvjgoktLT4KCjwhLS3jgr/jgqTjg4jjg6sx44GT44GT44GL44KJLS0+Cjxicj4KPGI+PGZvbnQgY29sb3I9IiM3RTdDN0MiIGZhY2U9IuODoeOCpOODquOCqiI+UElDS1VQIElURU08L2ZvbnQ+PC9iPjxicj4KCgo8IS0t44K/44Kk44OI44OrMeOBk+OBk+OBvuOBpy0tPgoKCjxicj4KPGJyPgoKPCEtLeWVhuWTgeihqOekujHjgZPjgZPjgb7jgactLT4KCjwhLS3llYblk4HooajnpLoy44GT44GT44GL44KJLS0+Cgo8IS0t44K/44Kk44OI44OrMuOBk+OBk+OBi+OCiS0tPgo8YnI+CjxiPjxmb250IGNvbG9yPSIjN0U3QzdDIiBmYWNlPSLjg6HjgqTjg6rjgqoiPlBJQ0tVUCBJVEVNPC9mb250PjwvYj48YnI+CgoKPCEtLeOCv+OCpOODiOODqzLjgZPjgZPjgb7jgactLT4KCgoKPGJyPgo8YnI+Cgo8IS0t5ZWG5ZOB6KGo56S6MuOBk+OBk+OBvuOBpy0tPgoKPCEtLeWVhuWTgeihqOekujPjgZPjgZPjgYvjgoktLT4KCjwhLS3jgr/jgqTjg4jjg6sz44GT44GT44GL44KJLS0+Cjxicj4KPGI+PGZvbnQgY29sb3I9IiM3RTdDN0MiIGZhY2U9IuODoeOCpOODquOCqiI+UElDS1VQIElURU08L2ZvbnQ+PC9iPjxicj4KCgo8IS0t44K/44Kk44OI44OrM+OBk+OBk+OBvuOBpy0tPgoKCgo8YnI+Cjxicj4KCjwhLS3llYblk4HooajnpLoz44GT44GT44G+44GnLS0+CgoKPGJyPgo8YnI+,KEdBUk1JTi/jgqzjg7zjg5/jg7MpRWRnZeeUqCDjgqLjgq/jgrvjgrXjg6og44OP44Oz44OJ44OrL+OCueODhuODoOODnuOCpuODs+ODiCBFZGdlODAwLzUwMOeUqO+8muOCteOCpOOCr+ODq+ODreODvOODiQ==,6Ieq6Lui6LuK44OR44O844OE44Ot44O844OJ44OR44O844OE6YCa6LKp44K144Kk44Kv44Or44Kr44OQ44O844OR44O844Or44Kk44K644OfU0hJTUFOT1BFQVJM44CASVpVTUnjg4/jg7Pjg4njg6vjg4Hjg6PjgqTjg6vjg4njgrfjg7zjg4jjg5jjg6vjg6Hjg4Pjg4jjgr/jgqTjg6Tjg4Hjg6Xjg7zjg5bjg5rjg4Djg6vjg5bjg6zjg7zjgq3nqbrmsJflhaXjgozjg6njgqTjg4jjg5DjgrnjgrHjg4Pjg4jjgrXjg4njg6vjg5bjg6rjg4Ljgrnjg4jjg7Pjgq/jg6njg7Pjgq8oR0FSTUlOL+OCrOODvOODn+ODsylFZGdl55SoIOOCouOCr+OCu+OCteODqiDjg4/jg7Pjg4njg6sv44K544OG44Og44Oe44Km44Oz44OIIEVkZ2U4MDAvNTAw55So,KEdBUk1JTi/jgqzjg7zjg5/jg7MpRWRnZeeUqCDjgqLjgq/jgrvjgrXjg6og44OP44Oz44OJ44OrL+OCueODhuODoOODnuOCpuODs+ODiCBFZGdlODAwLzUwMOeUqA==[rn]
2-78737,aHR0cDovL3RzaG9wLnIxMHMuanAvYXVjLWN5Y2xlLXBhcnRzL2NhYmluZXQvaW1nMjIvZ2FjYy0xNzAzLTI5LmpwZz9maXRpbj03MDA6NzAw,MTMzMDAuMDAwMA==,,44K544Od44O844OE44O744Ki44Km44OI44OJ44KiID4g6Ieq6Lui6LuK44O744K144Kk44Kv44Oq44Oz44KwID4g6Ieq6Lui6LuK55So44Ki44Kv44K744K144Oq44O8ID4g44K144Kk44Kv44Or44Kz44Oz44OU44Ol44O844K/44O8,KEdBUk1JTi/jgqzjg7zjg5/jg7MpRWRnZeeUqCDjgqLjgq/jgrvjgrXjg6og5pel5pys6Kmz57Sw6YGT6Lev5Zyw5ZuzIENpdHlOYXZpZ2F0b3IgUGx1cyBtLVNE,,4peP5ZWG5ZOB5qaC6KaB77ya5pel5pys6Kmz57Sw6YGT6Lev5Zyw5Zuz77yI44K344OG44Kj44OK44OT44Ky44O844K/44O877yJ44Gv5pel5pys5YWo5Zu944Gu6Kmz57Sw44Gq57WM6Lev5o6i57Si5Y+v6IO944Gq6YGT6Lev5Zyw5Zuz44Go5aSa5pWw44GuUE9JKOODneOCpOODs+ODiOaDheWgsSnjgpLlj47pjLLjgZfjgabjgYTjgb7jgZnjgII8QlI+PEJSPueJueW+tDxCUj48QlI+57WM6Lev5o6i57Si5oOF5aCx44KS5ZCr44KA44CB44KI44KK57K+5bqm44Gu6auY44GE5Zyw5Zuz5oOF5aCx44Go5ZCE56iu44Od44Kk44Oz44OI5oOF5aCx44KS5pel5pys5Zu95YaF5YWo5Z+f44Gr5rih44KK5Y+O6Yyy44GX44Gm44GE44G+44GZ44CCPEJSPuWFqOWbveS4u+imgeiHqui7oui7iumBkyDntIQxNDTmnKzlj47pjLLjgII8QlI+5pyA57WC44Os44OZ44Or44Gn44GC44KL44CB5Zyw55Wq5Y+344G+44Gn44Gu5L2P5omA44OH44O844K/57SEMyw2MDDkuIfku7bjgpLlj47pjLLjgII8QlI+44Od44Kk44Oz44OI5oOF5aCx44Gv57SENjAw5LiH5Lu244CCPEJSPuWAi+S6uuWuheS7peWkluOBruODh+ODvOOCv+OCkuWPjumMsuOBl+OBn+e0hDY3MOS4h+S7tuOBrumbu+ipseeVquWPt+ODh+ODvOOCv+OAgjxCUj7lj47pjLLjgZfjgabjgYTjgovlnLDlm7Pmg4XloLHjga8xLzI1LDAwMOOBruS4gOebuOW9k+ODh+ODvOOCv+OAgjxCUj7jg4fjg7zjgr/prq7luqY8QlI+6YCa5bi45Zyw5Zuz77yaMjAxNeW5tDjmnIgyNeaXpeOBvuOBp+OBq+WIpOaYjuOBl+OBnzIwMTblubQ05pyIMeaXpeWun+aWveOBvuOBp+OBrumHjeimgeaDheWgseOCkuWPjeaYoOOAgjxCUj7mnInmlpnjg7vpq5jpgJ/pgZPot6/vvJoyMDE15bm0OOaciDI15pel44G+44Gn44Gr5Yik5piO44GX44GfMjAxNuW5tDTmnIgx5pel5a6f5pa944G+44Gn44Gu5oOF5aCx44KS5Y+N5pig44CCPEJSPuS9j+aJgOODh+ODvOOCv++8mjIwMTXlubQ35pyIMTXml6Xjgb7jgafjgavliKTmmI7jgZfjgZ8yMDE15bm0MTHmnIgzMOaXpeaZgueCueOBruaDheWgseOCkuWPjeaYoOOAgjxicj7il4/jg6Hjg7zjgqvjg7zlkI3vvJpHQVJNSU4v44Ks44O844Of44OzPGJyPuKXj+KAu+WVhuWTgeOBruODh+OCtuOCpOODs+OAgeS7leanmOOAgeWkluims+OAgeOBr+S6iOWRiuOBquOBj+WkieabtOOBmeOCi+WgtOWQiOOBjOOBguOCiuOBvuOBmeOBruOBp+OBlOS6huaJv+OBj+OBoOOBleOBhOOAgjx0YWJsZSB3aWR0aD0iNzMwIiBib3JkZXI9IjAiIGFsaWduPSJjZW50ZXIiIGNlbGxzcGFjaW5nPSI1Ij4KICA8dHI+CiAgICA8dGQ+PGRpdiBhbGlnbj0iY2VudGVyIj48aW1nIHNyYz0iaHR0cDovL2ltYWdlLnJha3V0ZW4uY28uanAvYXVjLWN5Y2xlLXBhcnRzL2NhYmluZXQvYmFuYS1nYXpvdS9ibi1zby5qcGciIGFsdD0iYWEiIHdpZHRoPSIxMTIiIGJvcmRlcj0iMCI+PC9kaXY+PC90ZD4KICAgIDx0ZD48aW1nIHNyYz0iaHR0cDovL2ltYWdlLnJha3V0ZW4uY28uanAvYXVjLWN5Y2xlLXBhcnRzL2NhYmluZXQvYmFuYS1nYXpvdS9iZS1ib2xsZS5qcGciIHdpZHRoPSIxMTIiIGJvcmRlcj0iMCI+PC90ZD4KICAgIDx0ZD48aW1nIHNyYz0iaHR0cDovL2ltYWdlLnJha3V0ZW4uY28uanAvYXVjLWN5Y2xlLXBhcnRzL2NhYmluZXQvYmFuYS1nYXpvdS9ibi1hcXVhLmpwZyIgYWx0PSLjgqLjgq/jgqLjgrnjg5XjgqPjgqIiIHdpZHRoPSIxMTIiIGJvcmRlcj0iMCI+PC90ZD4KICAgIDx0ZD48aW1nIHNyYz0iaHR0cDovL2ltYWdlLnJha3V0ZW4uY28uanAvYXVjLWN5Y2xlLXBhcnRzL2NhYmluZXQvYmFuYS1nYXpvdS9ibi12aXQuanBnIiBhbHQ9IuODk+ODg+ODiOODquOCoiIgd2lkdGg9IjExMiIgYm9yZGVyPSIwIj48L3RkPgogICAgPHRkPjxpbWcgc3JjPSJodHRwOi8vaW1hZ2UucmFrdXRlbi5jby5qcC9hdWMtY3ljbGUtcGFydHMvY2FiaW5ldC9iYW5hLWdhem91L2JuLWZvb3QuanBnIiBhbHQ9IkZPT1RNQVgiIHdpZHRoPSIxMTIiIGJvcmRlcj0iMCI+PC90ZD4KICAgIDx0ZD48aW1nIHNyYz0iaHR0cDovL2ltYWdlLnJha3V0ZW4uY28uanAvYXVjLWN5Y2xlLXBhcnRzL2NhYmluZXQvYmFuYS1nYXpvdS9ibi1uZXdvbi5qcGciIGFsdD0ibmV3dG9uIiB3aWR0aD0iMTEyIiBib3JkZXI9IjAiPjwvdGQ+CiAgPC90cj4KICA8dHI+CiAgICA8dGQ+PGltZyBzcmM9Imh0dHA6Ly9pbWFnZS5yYWt1dGVuLmNvLmpwL2F1Yy1jeWNsZS1wYXJ0cy9jYWJpbmV0L2JhbmEtZ2F6b3UvYm4tc2hpbWFub2FjLmpwZyIgYWx0PSIiIHdpZHRoPSIxMTIiIGJvcmRlcj0iMCI+PC90ZD4KICAgIDx0ZD48aW1nIHNyYz0iaHR0cDovL2ltYWdlLnJha3V0ZW4uY28uanAvYXVjLWN5Y2xlLXBhcnRzL2NhYmluZXQvYmFuYS1nYXpvdS9ibi1hc2ctY20tMTQuanBnIiBhbHQ9IiIgd2lkdGg9IjExMiIgYm9yZGVyPSIwIj48L3RkPgogICAgPHRkPjxpbWcgc3JjPSJodHRwOi8vaW1hZ2UucmFrdXRlbi5jby5qcC9hdWMtY3ljbGUtcGFydHMvY2FiaW5ldC9iYW5hLWdhem91L2JuLXN3ZXcuanBnIiBhbHQ9IuOCt+ODnuODjuOCteODs+OCsOODqeOCuSIgd2lkdGg9IjExMiIgYm9yZGVyPSIwIj48L3RkPgogICAgPHRkPjxpbWcgc3JjPSJodHRwOi8vaW1hZ2UucmFrdXRlbi5jby5qcC9hdWMtY3ljbGUtcGFydHMvY2FiaW5ldC9iYW5hLWdhem91L2JuLXNoaW1hbm9zYWRvbGxlLmpwZyIgYWx0PSIiIHdpZHRoPSIxMTIiIGJvcmRlcj0iMCI+PC90ZD4KICAgIDx0ZD48aW1nIHNyYz0iaHR0cDovL2ltYWdlLnJha3V0ZW4uY28uanAvYXVjLWN5Y2xlLXBhcnRzL2NhYmluZXQvYmFuYS1nYXpvdS9ibi1zaGltYW5vaGFuZG9sbGUuanBnIiBhbHQ9IiIgd2lkdGg9IjExMiIgYm9yZGVyPSIwIj48L3RkPgogICAgPHRkPjxpbWcgc3JjPSJodHRwOi8vaW1hZ2UucmFrdXRlbi5jby5qcC9hdWMtY3ljbGUtcGFydHMvY2FiaW5ldC9iYW5hLWdhem91L2JuLXNoaW1hbm9ib3R0bGUuanBnIiB3aWR0aD0iMTEyIiBib3JkZXI9IjAiPjwvdGQ+CiAgPC90cj4KPC90YWJsZT4KPGJyPgoKPCEtLeWVhuWTgeihqOekujHjgZPjgZPjgYvjgoktLT4KCjwhLS3jgr/jgqTjg4jjg6sx44GT44GT44GL44KJLS0+Cjxicj4KPGI+PGZvbnQgY29sb3I9IiM3RTdDN0MiIGZhY2U9IuODoeOCpOODquOCqiI+UElDS1VQIElURU08L2ZvbnQ+PC9iPjxicj4KCgo8IS0t44K/44Kk44OI44OrMeOBk+OBk+OBvuOBpy0tPgoKCjxicj4KPGJyPgoKPCEtLeWVhuWTgeihqOekujHjgZPjgZPjgb7jgactLT4KCjwhLS3llYblk4HooajnpLoy44GT44GT44GL44KJLS0+Cgo8IS0t44K/44Kk44OI44OrMuOBk+OBk+OBi+OCiS0tPgo8YnI+CjxiPjxmb250IGNvbG9yPSIjN0U3QzdDIiBmYWNlPSLjg6HjgqTjg6rjgqoiPlBJQ0tVUCBJVEVNPC9mb250PjwvYj48YnI+CgoKPCEtLeOCv+OCpOODiOODqzLjgZPjgZPjgb7jgactLT4KCgoKPGJyPgo8YnI+Cgo8IS0t5ZWG5ZOB6KGo56S6MuOBk+OBk+OBvuOBpy0tPgoKPCEtLeWVhuWTgeihqOekujPjgZPjgZPjgYvjgoktLT4KCjwhLS3jgr/jgqTjg4jjg6sz44GT44GT44GL44KJLS0+Cjxicj4KPGI+PGZvbnQgY29sb3I9IiM3RTdDN0MiIGZhY2U9IuODoeOCpOODquOCqiI+UElDS1VQIElURU08L2ZvbnQ+PC9iPjxicj4KCgo8IS0t44K/44Kk44OI44OrM+OBk+OBk+OBvuOBpy0tPgoKCgo8YnI+Cjxicj4KCjwhLS3llYblk4HooajnpLoz44GT44GT44G+44GnLS0+CgoKPGJyPgo8YnI+,KEdBUk1JTi/jgqzjg7zjg5/jg7MpRWRnZeeUqCDjgqLjgq/jgrvjgrXjg6og5pel5pys6Kmz57Sw6YGT6Lev5Zyw5ZuzIENpdHlOYXZpZ2F0b3IgUGx1cyBtLVNE77ya44K144Kk44Kv44Or44Ot44O844OJ,6Ieq6Lui6LuK44OR44O844OE44Ot44O844OJ44OR44O844OE6YCa6LKp44K144Kk44Kv44Or44Kr44OQ44O844OR44O844Or44Kk44K644OfU0hJTUFOT1BFQVJM44CASVpVTUnjg4/jg7Pjg4njg6vjg4Hjg6PjgqTjg6vjg4njgrfjg7zjg4jjg5jjg6vjg6Hjg4Pjg4jjgr/jgqTjg6Tjg4Hjg6Xjg7zjg5bjg5rjg4Djg6vjg5bjg6zjg7zjgq3nqbrmsJflhaXjgozjg6njgqTjg4jjg5DjgrnjgrHjg4Pjg4jjgrXjg4njg6vjg5bjg6rjg4Ljgrnjg4jjg7Pjgq/jg6njg7Pjgq8oR0FSTUlOL+OCrOODvOODn+ODsylFZGdl55SoIOOCouOCr+OCu+OCteODqiDml6XmnKzoqbPntLDpgZPot6/lnLDlm7MgQ2l0eU5hdmlnYXRvciBQbHVzIG0tU0Q=,KEdBUk1JTi/jgqzjg7zjg5/jg7MpRWRnZeeUqCDjgqLjgq/jgrvjgrXjg6og5pel5pys6Kmz57Sw6YGT6Lev5Zyw5ZuzIENpdHlOYXZpZ2F0b3IgUGx1cyBtLVNE[rn]
2-78738,aHR0cDovL3RzaG9wLnIxMHMuanAvYXVjLWN5Y2xlLXBhcnRzL2NhYmluZXQvaW1nMDgvZ2FjYy0xMTQzMDAwLmpwZz9maXRpbj03MDA6NzAw,MTM2OC4wMDAw,,44K544Od44O844OE44O744Ki44Km44OI44OJ44KiID4g6Ieq6Lui6LuK44O744K144Kk44Kv44Oq44Oz44KwID4g6Ieq6Lui6LuK55So44Ki44Kv44K744K144Oq44O8ID4g44K144Kk44Kv44Or44Kz44Oz44OU44Ol44O844K/44O8,44CQ44Ks44O844Of44OzL0dBUk1JTi9nYXJtaW7jgJEg44CQ44K144Kk44Kv44Or44Kz44Oz44OU44Ol44O844K/44CRIOOCrOODvOODn+ODsyDjg4/jg7Pjg4njg6vvvI/jgrnjg4bjg6Djg57jgqbjg7Pjg4gg77yINzUzNzU5MTAwMzIy77yJ,77yI44Ks44O844Of44OzL0dBUk1JTikg77yI44K144Kk44Kv44Or44Kz44Oz44OU44Ol44O844K/77yJ,5a++5b+c44Oi44OH44Or77yaRWRnZTgwMEogRWRnZTUwMDxicj48YnI+5pys5L2T5Y+W5LuY44OZ44O844K544Go44Ko44Op44K544OG44Kj44OD44Kv44OQ44Oz44OJ44Gu44K744OD44OI44CC77yI44OQ44Oz44OJNuacrOWFpeOCiu+8iTxicj7ilqDjg6Hjg7zjgqvjg7zjgrPjg7zjg4nvvJoxMTQzMDAwCjxicj7ilqDlr77lv5zjg6Ljg4fjg6vvvJpFZGdlODAwSiBFZGdlNTAwPHRhYmxlIHdpZHRoPSI3MzAiIGJvcmRlcj0iMCIgYWxpZ249ImNlbnRlciIgY2VsbHNwYWNpbmc9IjUiPgogIDx0cj4KICAgIDx0ZD48ZGl2IGFsaWduPSJjZW50ZXIiPjxpbWcgc3JjPSJodHRwOi8vaW1hZ2UucmFrdXRlbi5jby5qcC9hdWMtY3ljbGUtcGFydHMvY2FiaW5ldC9iYW5hLWdhem91L2JuLXNvLmpwZyIgYWx0PSJhYSIgd2lkdGg9IjExMiIgYm9yZGVyPSIwIj48L2Rpdj48L3RkPgogICAgPHRkPjxpbWcgc3JjPSJodHRwOi8vaW1hZ2UucmFrdXRlbi5jby5qcC9hdWMtY3ljbGUtcGFydHMvY2FiaW5ldC9iYW5hLWdhem91L2JlLWJvbGxlLmpwZyIgd2lkdGg9IjExMiIgYm9yZGVyPSIwIj48L3RkPgogICAgPHRkPjxpbWcgc3JjPSJodHRwOi8vaW1hZ2UucmFrdXRlbi5jby5qcC9hdWMtY3ljbGUtcGFydHMvY2FiaW5ldC9iYW5hLWdhem91L2JuLWFxdWEuanBnIiBhbHQ9IuOCouOCr+OCouOCueODleOCo+OCoiIgd2lkdGg9IjExMiIgYm9yZGVyPSIwIj48L3RkPgogICAgPHRkPjxpbWcgc3JjPSJodHRwOi8vaW1hZ2UucmFrdXRlbi5jby5qcC9hdWMtY3ljbGUtcGFydHMvY2FiaW5ldC9iYW5hLWdhem91L2JuLXZpdC5qcGciIGFsdD0i44OT44OD44OI44Oq44KiIiB3aWR0aD0iMTEyIiBib3JkZXI9IjAiPjwvdGQ+CiAgICA8dGQ+PGltZyBzcmM9Imh0dHA6Ly9pbWFnZS5yYWt1dGVuLmNvLmpwL2F1Yy1jeWNsZS1wYXJ0cy9jYWJpbmV0L2JhbmEtZ2F6b3UvYm4tZm9vdC5qcGciIGFsdD0iRk9PVE1BWCIgd2lkdGg9IjExMiIgYm9yZGVyPSIwIj48L3RkPgogICAgPHRkPjxpbWcgc3JjPSJodHRwOi8vaW1hZ2UucmFrdXRlbi5jby5qcC9hdWMtY3ljbGUtcGFydHMvY2FiaW5ldC9iYW5hLWdhem91L2JuLW5ld29uLmpwZyIgYWx0PSJuZXd0b24iIHdpZHRoPSIxMTIiIGJvcmRlcj0iMCI+PC90ZD4KICA8L3RyPgogIDx0cj4KICAgIDx0ZD48aW1nIHNyYz0iaHR0cDovL2ltYWdlLnJha3V0ZW4uY28uanAvYXVjLWN5Y2xlLXBhcnRzL2NhYmluZXQvYmFuYS1nYXpvdS9ibi1zaGltYW5vYWMuanBnIiBhbHQ9IiIgd2lkdGg9IjExMiIgYm9yZGVyPSIwIj48L3RkPgogICAgPHRkPjxpbWcgc3JjPSJodHRwOi8vaW1hZ2UucmFrdXRlbi5jby5qcC9hdWMtY3ljbGUtcGFydHMvY2FiaW5ldC9iYW5hLWdhem91L2JuLWFzZy1jbS0xNC5qcGciIGFsdD0iIiB3aWR0aD0iMTEyIiBib3JkZXI9IjAiPjwvdGQ+CiAgICA8dGQ+PGltZyBzcmM9Imh0dHA6Ly9pbWFnZS5yYWt1dGVuLmNvLmpwL2F1Yy1jeWNsZS1wYXJ0cy9jYWJpbmV0L2JhbmEtZ2F6b3UvYm4tc3dldy5qcGciIGFsdD0i44K344Oe44OO44K144Oz44Kw44Op44K5IiB3aWR0aD0iMTEyIiBib3JkZXI9IjAiPjwvdGQ+CiAgICA8dGQ+PGltZyBzcmM9Imh0dHA6Ly9pbWFnZS5yYWt1dGVuLmNvLmpwL2F1Yy1jeWNsZS1wYXJ0cy9jYWJpbmV0L2JhbmEtZ2F6b3UvYm4tc2hpbWFub3NhZG9sbGUuanBnIiBhbHQ9IiIgd2lkdGg9IjExMiIgYm9yZGVyPSIwIj48L3RkPgogICAgPHRkPjxpbWcgc3JjPSJodHRwOi8vaW1hZ2UucmFrdXRlbi5jby5qcC9hdWMtY3ljbGUtcGFydHMvY2FiaW5ldC9iYW5hLWdhem91L2JuLXNoaW1hbm9oYW5kb2xsZS5qcGciIGFsdD0iIiB3aWR0aD0iMTEyIiBib3JkZXI9IjAiPjwvdGQ+CiAgICA8dGQ+PGltZyBzcmM9Imh0dHA6Ly9pbWFnZS5yYWt1dGVuLmNvLmpwL2F1Yy1jeWNsZS1wYXJ0cy9jYWJpbmV0L2JhbmEtZ2F6b3UvYm4tc2hpbWFub2JvdHRsZS5qcGciIHdpZHRoPSIxMTIiIGJvcmRlcj0iMCI+PC90ZD4KICA8L3RyPgo8L3RhYmxlPgo8YnI+Cgo8IS0t5ZWG5ZOB6KGo56S6MeOBk+OBk+OBi+OCiS0tPgoKPCEtLeOCv+OCpOODiOODqzHjgZPjgZPjgYvjgoktLT4KPGJyPgo8Yj48Zm9udCBjb2xvcj0iIzdFN0M3QyIgZmFjZT0i44Oh44Kk44Oq44KqIj5QSUNLVVAgSVRFTTwvZm9udD48L2I+PGJyPgoKCjwhLS3jgr/jgqTjg4jjg6sx44GT44GT44G+44GnLS0+CgoKPGJyPgo8YnI+Cgo8IS0t5ZWG5ZOB6KGo56S6MeOBk+OBk+OBvuOBpy0tPgoKPCEtLeWVhuWTgeihqOekujLjgZPjgZPjgYvjgoktLT4KCjwhLS3jgr/jgqTjg4jjg6sy44GT44GT44GL44KJLS0+Cjxicj4KPGI+PGZvbnQgY29sb3I9IiM3RTdDN0MiIGZhY2U9IuODoeOCpOODquOCqiI+UElDS1VQIElURU08L2ZvbnQ+PC9iPjxicj4KCgo8IS0t44K/44Kk44OI44OrMuOBk+OBk+OBvuOBpy0tPgoKCgo8YnI+Cjxicj4KCjwhLS3llYblk4HooajnpLoy44GT44GT44G+44GnLS0+Cgo8IS0t5ZWG5ZOB6KGo56S6M+OBk+OBk+OBi+OCiS0tPgoKPCEtLeOCv+OCpOODiOODqzPjgZPjgZPjgYvjgoktLT4KPGJyPgo8Yj48Zm9udCBjb2xvcj0iIzdFN0M3QyIgZmFjZT0i44Oh44Kk44Oq44KqIj5QSUNLVVAgSVRFTTwvZm9udD48L2I+PGJyPgoKCjwhLS3jgr/jgqTjg4jjg6sz44GT44GT44G+44GnLS0+CgoKCjxicj4KPGJyPgoKPCEtLeWVhuWTgeihqOekujPjgZPjgZPjgb7jgactLT4KCgo8YnI+Cjxicj4=,44CQ44Ks44O844Of44OzL0dBUk1JTi9nYXJtaW7jgJEg44CQ44K144Kk44Kv44Or44Kz44Oz44OU44Ol44O844K/44CRIOOCrOODvOODn+ODsyDjg4/jg7Pjg4njg6vvvI/jgrnjg4bjg6Djg57jgqbjg7Pjg4gg77yINzUzNzU5MTAwMzIy77yJ77ya44K144Kk44Kv44Or44Ot44O844OJ,6Ieq6Lui6LuK44OR44O844OE44Ot44O844OJ44OR44O844OE6YCa6LKp44K144Kk44Kv44Or44Kr44OQ44O844OR44O844Or44Kk44K644OfU0hJTUFOT1BFQVJM44CASVpVTUnjg4/jg7Pjg4njg6vjg4Hjg6PjgqTjg6vjg4njgrfjg7zjg4jjg5jjg6vjg6Hjg4Pjg4jjgr/jgqTjg6Tjg4Hjg6Xjg7zjg5bjg5rjg4Djg6vjg5bjg6zjg7zjgq3nqbrmsJflhaXjgozjg6njgqTjg4jjg5DjgrnjgrHjg4Pjg4jjgrXjg4njg6vjg5bjg6rjg4Ljgrnjg4jjg7Pjgq/jg6njg7Pjgq/jgJDjgqzjg7zjg5/jg7MvR0FSTUlOL2dhcm1pbuOAkSDjgJDjgrXjgqTjgq/jg6vjgrPjg7Pjg5Tjg6Xjg7zjgr/jgJEg44Ks44O844Of44OzIOODj+ODs+ODieODq++8j+OCueODhuODoOODnuOCpuODs+ODiCDvvIg3NTM3NTkxMDAzMjLvvIk=,77yI44Ks44O844Of44OzL0dBUk1JTikg77yI44K144Kk44Kv44Or44Kz44Oz44OU44Ol44O844K/77yJ44CC44CQ44Ks44O844Of44OzL0dBUk1JTi9nYXJtaW7jgJEg44CQ44K144Kk44Kv44Or44Kz44Oz44OU44Ol44O844K/44CRIOOCrOODvOODn+ODsyDjg4/jg7Pjg4njg6vvvI/jgrnjg4bjg6Djg57jgqbjg7Pjg4gg77yINzUzNzU5MTAwMzIy77yJ[rn]
2-78739,aHR0cDovL3RzaG9wLnIxMHMuanAvYXVjLWN5Y2xlLXBhcnRzL2NhYmluZXQvaW1nMjIvZ2FjYy0xNzAzLTcuanBnP2ZpdGluPTcwMDo3MDA=,MTc0OS42MDAw,,44K544Od44O844OE44O744Ki44Km44OI44OJ44KiID4g6Ieq6Lui6LuK44O744K144Kk44Kv44Oq44Oz44KwID4g6Ieq6Lui6LuK55So44Ki44Kv44K744K144Oq44O8ID4g44K144Kk44Kv44Or44Kz44Oz44OU44Ol44O844K/44O8,KEdBUk1JTi/jgqzjg7zjg5/jg7MpRWRnZeeUqCDjgqLjgq/jgrvjgrXjg6og44K344Oq44Kz44Oz44Kx44O844K5RWRnZTEwMDDjgrfjg6rjg7zjgrrnlKg=,,4peP5ZWG5ZOB5qaC6KaB77yaRWRnZTEwMDBK5bCC55So44Gu44K344Oq44Kz44Oz44Kx44O844K544Gn44GZ44CCPEJSPuOBk+OBruOCseODvOOCueOCkuijheedgOOBl+OBn+OBvuOBvuOAgUVkZ2UxMDAwSuOCkuODkOOCpOOCr+OBq+ODnuOCpuODs+ODiOOBmeOCi+S6i+OBjOWPr+iDveOBp+OBmeOAgjxCUj7mv4DjgZfjgYTjg6njgqTjg4njgavjgojjgovou6LlgJLjgarjganjgYvjgonjgIFFZGdlMTAwMErjga7jg5zjg4fjgqPjgpLlrojjgorjgb7jgZnjgII8YnI+4peP44Oh44O844Kr44O85ZCN77yaR0FSTUlOL+OCrOODvOODn+ODszxicj7il4/igLvllYblk4Hjga7jg4fjgrbjgqTjg7PjgIHku5Xmp5jjgIHlpJboprPjgIHjga/kuojlkYrjgarjgY/lpInmm7TjgZnjgovloLTlkIjjgYzjgYLjgorjgb7jgZnjga7jgafjgZTkuobmib/jgY/jgaDjgZXjgYTjgII8dGFibGUgd2lkdGg9IjczMCIgYm9yZGVyPSIwIiBhbGlnbj0iY2VudGVyIiBjZWxsc3BhY2luZz0iNSI+CiAgPHRyPgogICAgPHRkPjxkaXYgYWxpZ249ImNlbnRlciI+PGltZyBzcmM9Imh0dHA6Ly9pbWFnZS5yYWt1dGVuLmNvLmpwL2F1Yy1jeWNsZS1wYXJ0cy9jYWJpbmV0L2JhbmEtZ2F6b3UvYm4tc28uanBnIiBhbHQ9ImFhIiB3aWR0aD0iMTEyIiBib3JkZXI9IjAiPjwvZGl2PjwvdGQ+CiAgICA8dGQ+PGltZyBzcmM9Imh0dHA6Ly9pbWFnZS5yYWt1dGVuLmNvLmpwL2F1Yy1jeWNsZS1wYXJ0cy9jYWJpbmV0L2JhbmEtZ2F6b3UvYmUtYm9sbGUuanBnIiB3aWR0aD0iMTEyIiBib3JkZXI9IjAiPjwvdGQ+CiAgICA8dGQ+PGltZyBzcmM9Imh0dHA6Ly9pbWFnZS5yYWt1dGVuLmNvLmpwL2F1Yy1jeWNsZS1wYXJ0cy9jYWJpbmV0L2JhbmEtZ2F6b3UvYm4tYXF1YS5qcGciIGFsdD0i44Ki44Kv44Ki44K544OV44Kj44KiIiB3aWR0aD0iMTEyIiBib3JkZXI9IjAiPjwvdGQ+CiAgICA8dGQ+PGltZyBzcmM9Imh0dHA6Ly9pbWFnZS5yYWt1dGVuLmNvLmpwL2F1Yy1jeWNsZS1wYXJ0cy9jYWJpbmV0L2JhbmEtZ2F6b3UvYm4tdml0LmpwZyIgYWx0PSLjg5Pjg4Pjg4jjg6rjgqIiIHdpZHRoPSIxMTIiIGJvcmRlcj0iMCI+PC90ZD4KICAgIDx0ZD48aW1nIHNyYz0iaHR0cDovL2ltYWdlLnJha3V0ZW4uY28uanAvYXVjLWN5Y2xlLXBhcnRzL2NhYmluZXQvYmFuYS1nYXpvdS9ibi1mb290LmpwZyIgYWx0PSJGT09UTUFYIiB3aWR0aD0iMTEyIiBib3JkZXI9IjAiPjwvdGQ+CiAgICA8dGQ+PGltZyBzcmM9Imh0dHA6Ly9pbWFnZS5yYWt1dGVuLmNvLmpwL2F1Yy1jeWNsZS1wYXJ0cy9jYWJpbmV0L2JhbmEtZ2F6b3UvYm4tbmV3b24uanBnIiBhbHQ9Im5ld3RvbiIgd2lkdGg9IjExMiIgYm9yZGVyPSIwIj48L3RkPgogIDwvdHI+CiAgPHRyPgogICAgPHRkPjxpbWcgc3JjPSJodHRwOi8vaW1hZ2UucmFrdXRlbi5jby5qcC9hdWMtY3ljbGUtcGFydHMvY2FiaW5ldC9iYW5hLWdhem91L2JuLXNoaW1hbm9hYy5qcGciIGFsdD0iIiB3aWR0aD0iMTEyIiBib3JkZXI9IjAiPjwvdGQ+CiAgICA8dGQ+PGltZyBzcmM9Imh0dHA6Ly9pbWFnZS5yYWt1dGVuLmNvLmpwL2F1Yy1jeWNsZS1wYXJ0cy9jYWJpbmV0L2JhbmEtZ2F6b3UvYm4tYXNnLWNtLTE0LmpwZyIgYWx0PSIiIHdpZHRoPSIxMTIiIGJvcmRlcj0iMCI+PC90ZD4KICAgIDx0ZD48aW1nIHNyYz0iaHR0cDovL2ltYWdlLnJha3V0ZW4uY28uanAvYXVjLWN5Y2xlLXBhcnRzL2NhYmluZXQvYmFuYS1nYXpvdS9ibi1zd2V3LmpwZyIgYWx0PSLjgrfjg57jg47jgrXjg7PjgrDjg6njgrkiIHdpZHRoPSIxMTIiIGJvcmRlcj0iMCI+PC90ZD4KICAgIDx0ZD48aW1nIHNyYz0iaHR0cDovL2ltYWdlLnJha3V0ZW4uY28uanAvYXVjLWN5Y2xlLXBhcnRzL2NhYmluZXQvYmFuYS1nYXpvdS9ibi1zaGltYW5vc2Fkb2xsZS5qcGciIGFsdD0iIiB3aWR0aD0iMTEyIiBib3JkZXI9IjAiPjwvdGQ+CiAgICA8dGQ+PGltZyBzcmM9Imh0dHA6Ly9pbWFnZS5yYWt1dGVuLmNvLmpwL2F1Yy1jeWNsZS1wYXJ0cy9jYWJpbmV0L2JhbmEtZ2F6b3UvYm4tc2hpbWFub2hhbmRvbGxlLmpwZyIgYWx0PSIiIHdpZHRoPSIxMTIiIGJvcmRlcj0iMCI+PC90ZD4KICAgIDx0ZD48aW1nIHNyYz0iaHR0cDovL2ltYWdlLnJha3V0ZW4uY28uanAvYXVjLWN5Y2xlLXBhcnRzL2NhYmluZXQvYmFuYS1nYXpvdS9ibi1zaGltYW5vYm90dGxlLmpwZyIgd2lkdGg9IjExMiIgYm9yZGVyPSIwIj48L3RkPgogIDwvdHI+CjwvdGFibGU+Cjxicj4KCjwhLS3llYblk4HooajnpLox44GT44GT44GL44KJLS0+Cgo8IS0t44K/44Kk44OI44OrMeOBk+OBk+OBi+OCiS0tPgo8YnI+CjxiPjxmb250IGNvbG9yPSIjN0U3QzdDIiBmYWNlPSLjg6HjgqTjg6rjgqoiPlBJQ0tVUCBJVEVNPC9mb250PjwvYj48YnI+CgoKPCEtLeOCv+OCpOODiOODqzHjgZPjgZPjgb7jgactLT4KCgo8YnI+Cjxicj4KCjwhLS3llYblk4HooajnpLox44GT44GT44G+44GnLS0+Cgo8IS0t5ZWG5ZOB6KGo56S6MuOBk+OBk+OBi+OCiS0tPgoKPCEtLeOCv+OCpOODiOODqzLjgZPjgZPjgYvjgoktLT4KPGJyPgo8Yj48Zm9udCBjb2xvcj0iIzdFN0M3QyIgZmFjZT0i44Oh44Kk44Oq44KqIj5QSUNLVVAgSVRFTTwvZm9udD48L2I+PGJyPgoKCjwhLS3jgr/jgqTjg4jjg6sy44GT44GT44G+44GnLS0+CgoKCjxicj4KPGJyPgoKPCEtLeWVhuWTgeihqOekujLjgZPjgZPjgb7jgactLT4KCjwhLS3llYblk4HooajnpLoz44GT44GT44GL44KJLS0+Cgo8IS0t44K/44Kk44OI44OrM+OBk+OBk+OBi+OCiS0tPgo8YnI+CjxiPjxmb250IGNvbG9yPSIjN0U3QzdDIiBmYWNlPSLjg6HjgqTjg6rjgqoiPlBJQ0tVUCBJVEVNPC9mb250PjwvYj48YnI+CgoKPCEtLeOCv+OCpOODiOODqzPjgZPjgZPjgb7jgactLT4KCgoKPGJyPgo8YnI+Cgo8IS0t5ZWG5ZOB6KGo56S6M+OBk+OBk+OBvuOBpy0tPgoKCjxicj4KPGJyPg==,KEdBUk1JTi/jgqzjg7zjg5/jg7MpRWRnZeeUqCDjgqLjgq/jgrvjgrXjg6og44K344Oq44Kz44Oz44Kx44O844K5RWRnZTEwMDDjgrfjg6rjg7zjgrrnlKjvvJrjgrXjgqTjgq/jg6vjg63jg7zjg4k=,6Ieq6Lui6LuK44OR44O844OE44Ot44O844OJ44OR44O844OE6YCa6LKp44K144Kk44Kv44Or44Kr44OQ44O844OR44O844Or44Kk44K644OfU0hJTUFOT1BFQVJM44CASVpVTUnjg4/jg7Pjg4njg6vjg4Hjg6PjgqTjg6vjg4njgrfjg7zjg4jjg5jjg6vjg6Hjg4Pjg4jjgr/jgqTjg6Tjg4Hjg6Xjg7zjg5bjg5rjg4Djg6vjg5bjg6zjg7zjgq3nqbrmsJflhaXjgozjg6njgqTjg4jjg5DjgrnjgrHjg4Pjg4jjgrXjg4njg6vjg5bjg6rjg4Ljgrnjg4jjg7Pjgq/jg6njg7Pjgq8oR0FSTUlOL+OCrOODvOODn+ODsylFZGdl55SoIOOCouOCr+OCu+OCteODqiDjgrfjg6rjgrPjg7PjgrHjg7zjgrlFZGdlMTAwMOOCt+ODquODvOOCuueUqA==,KEdBUk1JTi/jgqzjg7zjg5/jg7MpRWRnZeeUqCDjgqLjgq/jgrvjgrXjg6og44K344Oq44Kz44Oz44Kx44O844K5RWRnZTEwMDDjgrfjg6rjg7zjgrrnlKg=[rn]
2-78740,aHR0cDovL3RzaG9wLnIxMHMuanAvcGlua21vbmtleS9jYWJpbmV0L2J5Y2ljbGUvcHQ2OTE2LmpwZz9maXRpbj03MDA6NzAw,NDAwLjAwMDA=,,44K544Od44O844OE44O744Ki44Km44OI44OJ44KiID4g6Ieq6Lui6LuK44O744K144Kk44Kv44Oq44Oz44KwID4g6Ieq6Lui6LuK55So44Ki44Kv44K744K144Oq44O8ID4g44Oc44OI44Or44Kx44O844K4,6Ieq6Lui6LuK55SoIOOCouODq+ODn+ijveODnOODiOODq+OCseODvOOCuC8g44K144Kk44Kv44Oq44Oz44KwIOODreODvOODieODkOOCpOOCryBNVEIg44Oe44Km44Oz44OG44Oz44OQ44Kk44KvIOODnOODiOODq+OCsuODvOOCuCDjg4njg6rjg7Pjgq/jg5vjg6vjg4Djg7wg6Lu96YePIOOCouOCpuODiOODieOCog==,NTAwY2Pjg5rjg4Pjg4jjg5zjg4jjg6vlsILnlKjjgIJNVELjgoTjg63jg7zjg4njg5DjgqTjgq/jgavnsKHljZjlj5bjgorku5jjgZHvvIE=,PHRhYmxlIGNlbGxzcGFjaW5nPSIyIiBjZWxscGFkZGluZz0iMCIgYm9yZGVyPSIwIj4KPHRyPgo8dGQ+PHNwYW4gY2xhc3M9Iml0ZW1fZGVzYyI+PGRpdiBhbGlnbj0iY2VudGVyIj48dGFibGUgY2VsbHBhZGRpbmc9IjUiIGNlbGxzcGFjaW5nPSIxIiBiZ2NvbG9yPSIjNjY2NjY2IiB3aWR0aD0iNjAwIj4KICA8VEJPRFk+CiAgICA8VFI+CiAgICAgIDx0ZCBiZ2NvbG9yPSIjZjBmMGYwIiBhbGlnbj0iY2VudGVyIiB3aWR0aD0iMTExIj48Zm9udCBzaXplPSItMSIgY29sb3I9IiMzMzMzMzMiPuWVhuWTgeWQjTwvZm9udD48L3RkPgogICAgICA8dGQgYmdjb2xvcj0iI2ZmZmZmZiIgd2lkdGg9IjQ2NiI+PEZPTlQgc2l6ZT0tMT4g6Ieq6Lui6LuK55SoIOOCouODq+ODn+ijveODnOODiOODq+OCseODvOOCuDwvRk9OVD48L3RkPgogICAgICAgIDwvVFI+CiAgICA8VFI+CiAgICAgIDx0ZCBiZ2NvbG9yPSIjZjBmMGYwIiBhbGlnbj0iY2VudGVyIiB3aWR0aD0iMTExIj48Zm9udCBzaXplPSItMSIgY29sb3I9IiMzMzMzMzMiPuOCteOCpOOCujwvZm9udD48L3RkPgogICAgICA8dGQgYmdjb2xvcj0iI2ZmZmZmZiIgd2lkdGg9IjQ2NiI+PEZPTlQgc2l6ZT0tMT4o57SEKUgxNcOXVzjDl0Q4Y208L0ZPTlQ+PC90ZD4KICAgICAgICA8L1RSPgogICAgPFRSPgogICAgICA8dGQgYmdjb2xvcj0iI2YwZjBmMCIgYWxpZ249ImNlbnRlciIgd2lkdGg9IjExMSI+PGZvbnQgc2l6ZT0iLTEiIGNvbG9yPSIjMzMzMzMzIj7ph43ph488L2ZvbnQ+PC90ZD4KICAgICAgPHRkIGJnY29sb3I9IiNmZmZmZmYiIHdpZHRoPSI0NjYiPjxGT05UIHNpemU9LTE+KOe0hCk2MWc8L0ZPTlQ+PC90ZD4KICAgICAgICA8L1RSPgogICA8VFI+CiAgICAgIDx0ZCBiZ2NvbG9yPSIjZjBmMGYwIiBhbGlnbj0iY2VudGVyIiB3aWR0aD0iMTExIj48Zm9udCBzaXplPSItMSIgY29sb3I9IiMzMzMzMzMiPue0oOadkDwvZm9udD48L3RkPgogICAgICA8dGQgYmdjb2xvcj0iI2ZmZmZmZiIgd2lkdGg9IjQ2NiI+PEZPTlQgc2l6ZT0tMT7jgqLjg6vjg5/jg4vjgqbjg6A8L0ZPTlQ+PC90ZD4KICAgICAgICA8L1RSPgogICA8VFI+CiAgICAgIDx0ZCBiZ2NvbG9yPSIjZjBmMGYwIiBhbGlnbj0iY2VudGVyIiB3aWR0aD0iMTExIj48Zm9udCBzaXplPSItMSIgY29sb3I9IiMzMzMzMzMiPuOCq+ODqeODvDwvZm9udD48L3RkPgogICAgICA8dGQgYmdjb2xvcj0iI2ZmZmZmZiIgd2lkdGg9IjQ2NiI+PEZPTlQgc2l6ZT0tMT7jgrfjg6vjg5Djg7w8L0ZPTlQ+PC90ZD4KICAgICAgICA8L1RSPgogICAgICA8VFI+CiAgICAgIDx0ZCBiZ2NvbG9yPSIjZjBmMGYwIiBhbGlnbj0iY2VudGVyIiB3aWR0aD0iMTExIj48Zm9udCBzaXplPSItMSIgY29sb3I9IiMzMzMzMzMiPuWCmeiAgzwvZm9udD48L3RkPgogICAgICA8dGQgYmdjb2xvcj0iI2ZmZmZmZiIgd2lkdGg9IjQ2NiI+Cjxmb250IHNpemU9Ii0xIiBjb2xvcj0iI2ZmMDAwMCI+4oC744OR44K944Kz44Oz44Gu55Kw5aKD54q25rOB44Gr44KI44KK44CB5a6f6Zqb44Gu44GK6Imy44Go55Ww44Gq44KL5aC05ZCI44GM44GU44GW44GE44G+44GZ44Gu44Gn5LqI44KB44GU5LqG5om/44GP44Gg44GV44GE44G+44Gb44CCPGJyPgrigLvmrKDlk4HjgZnjgovloLTlkIjjgYzlvqHluqfjgYTjgb7jgZnjga7jgafjgIHkuojjgoHjgZTkuobmib/jgYrpoZjjgYToh7TjgZfjgb7jgZnjgII8YnI+CuKAu+ODnOODiOODq+OCseODvOOCuOWPluS7mOeUqOODnOODq+ODiOOBr+S7mOWxnuOBl+OBpuOBhOOBvuOBm+OCk+OAgjxicj7igLvoh6rou6Lou4rjga7jg5Xjg6zjg7zjg6Djgavjg5zjg4jjg6vjgrHjg7zjgrjlj5bjgorku5jjgZHlrZTjgYzjgYLjgYTjgabjgYTjgarjgYTjgoLjga7jgavjga/jgIHln7rmnKznmoTjgavlj5bjgorku5jjgZHjgYzjgafjgY3jgb7jgZvjgpPjgII8YnI+CiAgICAgIDwvZm9udD48L3RkPgogICAgICAgIDwvVFI+CiAgPC9UQk9EWT4KPC90YWJsZT48c3R5bGU+CgovKuWVhuWTgeODmuODvOOCuCovCgpzcGFuLnByaWNlMSB7CglkaXNwbGF5OiBibG9jayAhaW1wb3J0YW50OwoJZm9udC1zaXplOiAxMnB4ICFpbXBvcnRhbnQ7Cgljb2xvcjogI2ZmMDAwMCAhaW1wb3J0YW50OwoJdmVydGljYWwtYWxpZ246IGJvdHRvbSAhaW1wb3J0YW50OwoJbGluZS1oZWlnaHQ6IDEuMmVtICFpbXBvcnRhbnQ7CglwYWRkaW5nLXRvcDogMC42ZW0gIWltcG9ydGFudDsKCXBhZGRpbmctcmlnaHQ6IDFlbSAhaW1wb3J0YW50Owp9CgpzcGFuLnByaWNlMiB7Cglmb250LXNpemU6IDIwcHggIWltcG9ydGFudDsKCWZvbnQtd2VpZ2h0OiBib2xkICFpbXBvcnRhbnQ7Cgljb2xvcjogI2ZmMDAwMCAhaW1wb3J0YW50OwoJdmVydGljYWwtYWxpZ246IGJvdHRvbSAhaW1wb3J0YW50OwoJbGluZS1oZWlnaHQ6IDEuMmVtIWltcG9ydGFudDsKfQoKLyog44GK5rCX44Gr5YWl44KK5ZWG5ZOB55m76Yyy55S75YOP5aSJ5pu0ICovCmJvZHkgI3Jha3V0ZW5MaW1pdGVkSWRfYXJvdW5kQ2FydCBkaXYuYmttewp3aWR0aDogMzA2cHggIWltcG9ydGFudDsKfQpib2R5IGRpdi5ib29rbWFya0FyZWEgZGl2LmJrbSBhLmFkZEJrbSBzcGFuLmJrbVN0YXIgewp3aWR0aDogMzA2cHggIWltcG9ydGFudDsKaGVpZ2h0OiA0OHB4ICFpbXBvcnRhbnQ7CmJhY2tncm91bmQ6IHVybChodHRwOi8vaW1hZ2UucmFrdXRlbi5jby5qcC9waW5rbW9ua2V5L2NhYmluZXQvZmF2X2J1dHRvbl9hZnRlcjIuZ2lmKSBuby1yZXBlYXQgMCAwICFpbXBvcnRhbnQ7Cn0KYm9keSBkaXYuYm9va21hcmtBcmVhIGRpdi5ia20gYS5hZGRCa20gewp3aWR0aDogMzA2cHggIWltcG9ydGFudDsKaGVpZ2h0OiA0OHB4ICFpbXBvcnRhbnQ7Cn0KCi8qIOOBiuawl+OBq+WFpeOCiuOCt+ODp+ODg+ODl+eZu+mMsueUu+WDj+WkieabtCAqLwpib2R5ICNyYWt1dGVuTGltaXRlZElkX2Fyb3VuZENhcnQgZGl2LnNob3BCa217CndpZHRoOiAzMDZweCAhaW1wb3J0YW50OwpwYWRkaW5nLWxlZnQ6IDBweCAhaW1wb3J0YW50Owp9CmJvZHkgZGl2LnNob3BCb29rbWFya0FyZWEgZGl2LnNob3BCa20gYS5hZGRTaG9wQmttIHNwYW4uc2hvcEJrbVN0YXIgewp3aWR0aDogMzA2cHggIWltcG9ydGFudDsKaGVpZ2h0OiA0OHB4ICFpbXBvcnRhbnQ7CmJhY2tncm91bmQ6IHVybChodHRwOi8vaW1hZ2UucmFrdXRlbi5jby5qcC9waW5rbW9ua2V5L2NhYmluZXQvZmF2c2hvcF9idXR0b25fYWZ0ZXIuZ2lmKSBuby1yZXBlYXQgMCAwICFpbXBvcnRhbnQ7Cn0KYm9keSBkaXYuc2hvcEJvb2ttYXJrQXJlYSBkaXYuc2hvcEJrbSBhLmFkZFNob3BCa20gewp3aWR0aDogMzA2cHggIWltcG9ydGFudDsKaGVpZ2h0OiA0OHB4ICFpbXBvcnRhbnQ7Cn0KCgovKiDlgIvmlbDlhaXlipvmrITjga7lpKfjgY3jgZUgKi8KaW5wdXQjdW5pdHMgewpwYWRkaW5nOiAxcHggMHB4Owp9CgovKiDjgYrosrfjgYTnianjgYvjgZTjg5zjgr/jg7Pjga7lpKfjgY3jgZUgKi8KaW5wdXQgewpmb250LXNpemU6IDE3cHg7CnBhZGRpbmc6MTBweCA0MHB4Owp3aWR0aDogYXV0bzsKZm9udC1mYW1pbHk6IuODkuODqeOCruODjuinkuOCtCBQcm8gVzMiLCAiSGlyYWdpbm8gS2FrdSBHb3RoaWMgUHJvIiwgIuODoeOCpOODquOCqiIsIE1laXJ5bywgT3Nha2EsICLvvK3vvLMg77yw44K044K344OD44KvIiwgIk1TIFBHb3RoaWMiLCBzYW5zLXNlcmlmCn0KCi8qIOOAjOWVhuWTgeOBq+OBpOOBhOOBpuOBruWVj+OBhOWQiOOCj+OBm+OAjeODnOOCv+ODs+OBruWkp+OBjeOBlSovCmZvbnQgaW5wdXQgewpmb250LXNpemU6IDEycHg7CnBhZGRpbmc6MnB4Owp3aWR0aDogMTUwcHg7Cn0KCi8q44CM6aCF55uu6YG45oqe6IKi6YOo5YiG44CNKi8KLmludmVudG9yeSBpbnB1dHsKZm9udC1zaXplOiAxMnB4OwpiYWNrZ3JvdW5kOiNmZmY7Cn0KCgovKiDpoIXnm67pgbjmip7ogqLntI3mnJ/jg5Xjgqnjg7Pjg4jjgrXjgqTjgroqLwoKdGQuaW52ZW50b3J5IGZvbnR7Zm9udC1zaXplOjEycHg7Y29sb3I6I2ZmMDAwMDt9CgovKiDpoIXnm67pgbjmip7ogqIqLwoKI3Jha3V0ZW5MaW1pdGVkSWRfYXJvdW5kQ2FydCBzZWxlY3QgewptYXJnaW46NXB4IDBweDsKcGFkZGluZzo1cHg7Cn0KCiNyYWt1dGVuTGltaXRlZElkX2Fyb3VuZENhcnQgc3Bhbi5jaG9pY2U6YmVmb3J7CmNvbnRlbnQ6IHVybCgpOwp9CgovKiDov73lvpPjgqvjg7zjg4jkuIvjgYvjgonjga7pq5jjgZUqLwoKZGl2ICNzY3JvbGxVcHsKYm90dG9tOiAzMHB4Owp9CgovKiDmpb3lpKnmpJzntKLjg5Djg7zjgIDjgq3jg7zjg6/jg7zjg4kgKi8KCmRpdiNIZWFkZXJLZXl3b3JkIHsKCXBvc2l0aW9uOmFic29sdXRlOwoJdG9wOjUwcHg7LyrkuIDnlarkuIrjgYvjgonjga7kvY3nva4qLwoJbGVmdDozMHB4Oy8q5bem56uv44GL44KJ44Gu5L2N572uKi8KfQoKZGl2I0hlYWRlcktleXdvcmQgc3BhbiB7CgliYWNrZ3JvdW5kOiAjYmYwMDAwOwoJY29sb3I6I2ZmZjsKCWZvbnQtd2VpZ2h0OmJvbGQ7CglwYWRkaW5nOjJweCA1cHg7Cn0KCmRpdiNIZWFkZXJLZXl3b3JkIGEgewoJY29sb3I6IzAwNDRDQzsKfQoKPC9zdHlsZT4KCgo8IS0tIOOCt+ODp+ODg+ODlOODs+OCsOOCrOOCpOODiSAtLT4KCjwhLS0gL+OCt+ODp+ODg+ODlOODs+OCsOOCrOOCpOODiSAtLT4KCgoKCgo8ZGl2IGlkPSJIZWFkZXJLZXl3b3JkIj4KPHNwYW4+5rOo55uu44Gu44Kt44O844Ov44O844OJPC9zcGFuPgrjgqvjg6vjg4jjg4rjg7zjgrjjg6UK6Z2p44Gy44KCCuOCs+ODvOODiuODvOmHkeWFtwrjgrfjg6rjgrPjg7Plnosg44Os44K444OzCuWIh+OCiuaWh+WtlyDmnKjoo70g44Gy44KJ44GM44GqCuOCv+ODg+OCu+ODqwrjg5zjgr/jg7Mg44Op44OD44OX44OW44Os44K5CjwvZGl2Pgo8IS0tIOalveWkqeaknOe0ouODkOODvOOAgOOCreODvOODr+ODvOODiUVORCAtLT4=,6Ieq6Lui6LuK55SoIOOCouODq+ODn+ijveODnOODiOODq+OCseODvOOCuC8g44K144Kk44Kv44Oq44Oz44KwIOODreODvOODieODkOOCpOOCryBNVEIg44Oe44Km44Oz44OG44Oz44OQ44Kk44KvIOODnOODiOODq+OCsuODvOOCuCDjg4njg6rjg7Pjgq/jg5vjg6vjg4Djg7wg6Lu96YePIOOCouOCpuODiOODieOCou+8muaJi+iKuOadkOaWmeOBruOBiuW6lyDjgqLjg7Pjgrfjg6Pjg7Pjg4blt6XmiL8=,6Z2p57SQIOmAmuiyqeODrOOCuOODsyDmnZDmlpnjg6zjgrjjg7Mg5Z6L44Os44K444OzIOODkeODvOODhOODj+ODs+ODieODoeOCpOODiSDmnZDmlpkg6LKp5aOy44OP44Oz44OJ44Oh44Kk44OJIOOCouOCr+OCu+OCteODquODvCDmnZDmlpnjg4/jg7Pjg4njg6HjgqTjg4kg5p2Q5paZIOa/gOWuieODj+ODs+ODieODoeOCpOODiSDjg5TjgqLjgrkg5p2Q5paZ44OP44Oz44OJ44Oh44Kk44OJIOODluODrOOCueODrOODg+ODiCDmnZDmlpnjgqvjg6vjg4jjg4rjg7zjgrjjg6Ug5p2Q5paZIOmAmuiyqeOCt+ODquOCs+ODs+ODouODvOODq+ODiSDjg6zjgrjjg7PpnanntJAgIOacrOmdqemdqee0kCDntLDjgYTjg6zjgrbjg7zjgrPjg7zjg4kgMW1t44Os44K244O844Kz44O844OJIOW5s+OCouOCr+OCu+OCteODquODvCDjg5Hjg7zjg4Qg6YCa6LKpIOOBiuOBmeOBmeOCgeOCouOCr+OCu+OCteODquODvCDph5Hlhbfjg5TjgqLjgrkg5Y+w57SZ44OU44Ki44K5IOODh+OCo+OCueODl+ODrOOCpOODrOOCuOODsyDlsIHlhaUg57Sg5p2Q6Ieq6Lui6LuK55SoIOOCouODq+ODn+ijveODnOODiOODq+OCseODvOOCuC8g44K144Kk44Kv44Oq44Oz44KwIOODreODvOODieODkOOCpOOCryBNVEIg44Oe44Km44Oz44OG44Oz44OQ44Kk44KvIOODnOODiOODq+OCsuODvOOCuCDjg4njg6rjg7Pjgq/jg5vjg6vjg4Djg7wg6Lu96YePIOOCouOCpuODiOODieOCog==,NTAwY2Pjg5rjg4Pjg4jjg5zjg4jjg6vlsILnlKjjgIJNVELjgoTjg63jg7zjg4njg5DjgqTjgq/jgavnsKHljZjlj5bjgorku5jjgZHvvIHjgILoh6rou6Lou4rnlKgg44Ki44Or44Of6KO944Oc44OI44Or44Kx44O844K4LyDjgrXjgqTjgq/jg6rjg7PjgrAg44Ot44O844OJ44OQ44Kk44KvIE1UQiDjg57jgqbjg7Pjg4bjg7Pjg5DjgqTjgq8g44Oc44OI44Or44Ky44O844K4IOODieODquODs+OCr+ODm+ODq+ODgOODvCDou73ph48g44Ki44Km44OI44OJ44Ki[rn]
2-78741,aHR0cDovL3RzaG9wLnIxMHMuanAvbWFwc3BvcnRzLXN5dXBwaW4vY2FiaW5ldC9uZXcwMy8yOTk5OTAwMDk5OTAxXzEuanBnP2ZpdGluPTcwMDo3MDA=,NTUyMC4wMDAw,,44K544Od44O844OE44O744Ki44Km44OI44OJ44KiID4g6Ieq6Lui6LuK44O744K144Kk44Kv44Oq44Oz44KwID4g6Ieq6Lui6LuK55So44Ki44Kv44K744K144Oq44O8ID4g44Oc44OI44Or44Kx44O844K4,QVJVTkRFTCAo44Ki44Op44Oz44OH44OrKSBEYXZlLU8g44OH44Kk44OWLeOCquODvCDjg5zjg4jjg6vjgrHjg7zjgrgg44Ob44Ov44Kk44OI44Ki44Km44OIIOOAkOiHqui7oui7iuOAkQ==,LQ==,PHN0eWxlIHR5cGU9InRleHQvY3NzIj48IS0tUC5zZXR1bWVpe3dpZHRoOjY0MHB4OyBsaW5lLWhlaWdodDogMTUwJTt9dGFibGUjdGFibGUtMDEgeyAgICB3aWR0aDogNjQwcHg7ICAgIGJvcmRlcjogMXB4ICM5OTk5OTkgc29saWQ7ICAgIGJvcmRlci1jb2xsYXBzZTogY29sbGFwc2U7ICAgIGJvcmRlci1zcGFjaW5nOiAwO30jdGQxIHsgICAgcGFkZGluZzogNXB4OyAgICBiYWNrZ3JvdW5kOiAjRTNFM0UzOyAgICBib3JkZXItY29sbGFwc2U6IGNvbGxhcHNlOyAgICBib3JkZXI6IDFweCAjOTk5OTk5IHNvbGlkO3RleHQtYWxpZ246Y2VudGVyO30jdGQyIHsgICAgcGFkZGluZzogNXB4OyAgICBiYWNrZ3JvdW5kOiAjRjNGM0YzOyAgICBib3JkZXItY29sbGFwc2U6IGNvbGxhcHNlOyAgICBib3JkZXI6IDFweCAjOTk5OTk5IHNvbGlkO3RleHQtYWxpZ246Y2VudGVyO30jdGQzIHsgICAgcGFkZGluZzogNXB4OyAgICBiYWNrZ3JvdW5kOiAjRkZGRkZGOyAgICBib3JkZXItY29sbGFwc2U6IGNvbGxhcHNlOyAgICBib3JkZXI6IDFweCAjOTk5OTk5IHNvbGlkO3RleHQtYWxpZ246Y2VudGVyO30jdGQ0IHsgICAgcGFkZGluZzogNXB4OyAgICBiYWNrZ3JvdW5kOiAjRkZGRkZGOyAgICBib3JkZXItY29sbGFwc2U6IGNvbGxhcHNlOyAgICBib3JkZXI6IDFweCAjOTk5OTk5IHNvbGlkOyAgICB0ZXh0LWFsaWduOmNlbnRlcjt9LS0+PC9zdHlsZT48QlI+PGltZyBzcmM9Imh0dHA6Ly9pbWFnZS5yYWt1dGVuLmNvLmpwL21hcHNwb3J0cy1zeXVwcGluL2NhYmluZXQvbmV3MDMvYXJ1bmRlbF82NDAuanBnIiAvPjxicj48cCBjbGFzcz0ic2V0dW1laSI+PGZvbnQgc2l6ZT0yPuOCouODoeODquOCq+OAgOODleOCqeODvOODiOODr+ODvOOCueOBq+acrOaLoOWcsOOCkue9ruOBj0FydW5kZWwgQmljeWNsZSBDby4o44Ki44Op44Oz44OH44OrKeOBi+OCiemAgeOCiuWHuuOBleOCjOOCi+ijveWTgee+pOOBp+OBmeOAguW9vOOCieOBruiogOiRieOCkuWAn+OCiuOCi+OBqOOAgUFydW5kZWzjgajjgYTjgYboo73lk4HjgavjgZ/jganjgornnYDjgYTjgZ/mmYLngrnjgafjgIHnp4HjgZ/jgaHjgajlkIzjgZjjgI7oh6rou6Lou4rjgqjjg7Pjgrnjg7zjgI/jgaDjgIHjgajjgYTjgYbjgY/jgonjgYTjgIHlvbzjgonjgoLoh6rou6Lou4rjgpLmhJvjgZfjgabjgYTjgb7jgZnjgILjg6zjg7zjgrnjgrfjg7zjg7PjgafjgoIyMDE044Gv44CB5byV44GN57aa44GNUHJvIFRvdXLjg4Hjg7zjg6DjgafjgYLjgotHYXJtaW4gU2hhcnDjgatNYW5kaWJsZeetieOBruODnOODiOODq+OCseODvOOCuOOCkuS+m+e1puOBl+OBvuOBmeOAgjwvZm9udD48YnI+PGJyPjxiPkRhdmUtTy/jg4fjgqTjg5Yt44Kq44O844CA44Oc44OI44Or44Kx44O844K4PC9iPjxiciAvPue0hDMwZ+OBrui7vemHj+ODleODq+OCq+ODvOODnOODs+ODnOODiOODq+OCseODvOOCuOOAgjxiciAvPuOCr+ODqeOCt+OCq+ODq+OBquODh+OCtuOCpOODs+OBqOixiuWvjOOBquOCq+ODqeODvOODkOODquOCqOODvOOCt+ODp+ODs+OCgumtheWKm+OAgjxiciAvPjwvcD48aW1nIHNyYz0iaHR0cDovL2ltYWdlLnJha3V0ZW4uY28uanAvbWFwc3BvcnRzLXN5dXBwaW4vY2FiaW5ldC90b3AvYWJvdXQtYXR0ZW50aW9uNjQwLmpwZyIgYm9yZGVyPSIwIj48YnI+PHRhYmxlIHdpZHRoPSI2NDAiIGJnY29sb3I9IiNkYWQ3ZDIiPjx0ciB2YWxpZ249InRvcCI+PHRkPjxmb250IGNvbG9yPSIjOWI4ZTg1IiBzaXplPSIyIj48Yj48Zm9udCBzaXplPSItMSI+4peGPC9mb250PjwvYj48L2ZvbnQ+PC90ZD48dGQ+PGZvbnQgY29sb3I9IiM5YjhlODUiIHNpemU9IjIiPjxiPuWujOaIkOi7iuOBruWgtOWQiOOBr+e1hOS4iuOBkuS9nOalreOBrumWouS/guOBq+OCiOOCiuOAgeeZuumAgeOBr+WVhuWTgeWFpeiNt+aXpeOBi+OCieacgOmVt+OBp+e0hDHpgLHplpPvvZ4xMOaXpeW+jOOBqOOBquOCiuOBvuOBmeOAgjxicj7kuojjgoHjgZTkuobmib/jgY/jgaDjgZXjgYTjgII8L2I+PC9mb250PjwvdGQ+PC90cj48dHIgdmFsaWduPSJ0b3AiPjx0ZD48Zm9udCBjb2xvcj0iIzliOGU4NSIgc2l6ZT0iMiI+PGI+PGZvbnQgc2l6ZT0iLTEiPuKXhjwvZm9udD48L2I+PC9mb250PjwvdGQ+PHRkPjxmb250IGNvbG9yPSIjOWI4ZTg1IiBzaXplPSIyIj48Yj7lvZPlupfjgavmjrLovInjgZXjgozjgabjgYTjgovllYblk4Hjga/jgIHlvZPlupflnKjluqvjgIHlj4rjgbPjg6Hjg7zjgqvjg7zlnKjluqvjgpLjgoLjgajjgavpgYvllrbjgZfjgabjgYrjgorjgb7jgZnjgII8YnI+5ZWG5ZOB44Oa44O844K444Gu5Zyo5bqr54q25rOB44Gv44Oq44Ki44Or44K/44Kk44Og44Gu5pu05paw44Gn44Gv44Gq44GE54K644CB44GU5rOo5paH44GM5Y+v6IO944Gq54q25oWL44Gn44GC44Gj44Gm44KC5aOy44KK5YiH44KM44Gr44Gq44Gj44Gm44GX44G+44GG5Y+v6IO95oCn44GM44GU44GW44GE44G+44GZ44CCPGJyPjwvYj48L2ZvbnQ+PC90ZD48L3RyPjx0ciB2YWxpZ249InRvcCI+PHRkPjxmb250IGNvbG9yPSIjOWI4ZTg1IiBzaXplPSIyIj48Yj48Zm9udCBzaXplPSItMSI+4peGPC9mb250PjwvYj48L2ZvbnQ+PC90ZD48dGQ+PGZvbnQgY29sb3I9IiM5YjhlODUiIHNpemU9IjIiPjxiPuODoeODvOOCq+ODvOOBiuOCiOOBs+S7o+eQhuW6l+OBq+OBpuWujOWjsuOBvuOBn+OBr+e0jeacn+acquWumuOBqOOBquOBo+OBpuOBl+OBvuOBo+OBn+WgtOWQiOOBr+OAgeOBneOBruaXqOOCkuOBlOmAo+e1oeOBruS4iuOAgeiqoOOBq+eUs+OBl+ios+OBlOOBluOBhOOBvuOBm+OCk+OBjOOAgeOBlOazqOaWh+OCkuWkieabtOOBvuOBn+OBr+OCreODo+ODs+OCu+ODq+OBruOBlOWvvuW/nOOBqOOBleOBm+OBpuOBhOOBn+OBoOOBhOOBpuOBiuOCiuOBvuOBmeOAgjxicj48L2I+PC9mb250PjwvdGQ+PC90cj48dHIgdmFsaWduPSJ0b3AiPjx0ZD48Zm9udCBjb2xvcj0iIzliOGU4NSIgc2l6ZT0iMiI+PGI+PGZvbnQgc2l6ZT0iLTEiPuKXhjwvZm9udD48L2I+PC9mb250PjwvdGQ+PHRkPjxmb250IGNvbG9yPSIjOWI4ZTg1IiBzaXplPSIyIj48Yj7jgZTms6jmloflvowv55m66YCB5b6M44Kt44Oj44Oz44K744Or44O75Lqk5o+b44O76L+U5ZOB562J44Gv5Z+65pys55qE44Gr44Gv5Ye65p2l44GL44Gt44G+44GZ44CCPGJyPuOBiuWuouanmOOBlOmDveWQiOOBp+OBrui/lOWTgeODu+S6pOaPm+OCkuW8t+OBj+OBlOW4jOacm+OBleOCjOOCi+WgtOWQiOOBq+mWouOBl+OBvuOBl+OBpuOBr+OAgeOBlOizvOWFpemHkemhjeOBrue0hDMw77yF55u45b2T44Gu6YeR6aGN44Gn44Gu44CB6LK35Y+WKOiyt+OBhOaIu+OBlynjga7jgb/jga7jgZTlr77lv5zjgajjgZXjgZvjgabjgYTjgZ/jgaDjgYTjgabjgYrjgorjgb7jgZnjgII8YnI+44K144Kk44K644KE5LqS5o+b5oCn44Gq44Gp5bCR44GX44Gn44KC44GU5LiN5piO44Gq54K544GM44GU44GW44GE44G+44GX44Gf44KJ44CB5Lqb57Sw44Gq5LqL44Gn44KC44GK5rCX6Lu944Gr44GK5ZWP44GE5ZCI44KP44Gb5LiL44GV44GE44CCPC9iPjwvZm9udD48L3RkPjwvdHI+CjwvdGFibGU+PHN0eWxlIHR5cGU9InRleHQvY3NzIj4KPCEtLQp0ZCB7CmZvbnQtc2l6ZToxM3B4OwoKfQoKLS0+Cjwvc3R5bGU+,QVJVTkRFTCAo44Ki44Op44Oz44OH44OrKSBEYXZlLU8g44OH44Kk44OWLeOCquODvCDjg5zjg4jjg6vjgrHjg7zjgrgg44Ob44Ov44Kk44OI44Ki44Km44OIIOOAkOiHqui7oui7iuOAke+8muOCr+ODqeOCpuODs+OCruOCouODvOOCuualveWkqeW4guWgtOW6lw==,QVJVTkRFTCAo44Ki44Op44Oz44OH44OrKSBEYXZlLU8g44OH44Kk44OWLeOCquODvCDjg5zjg4jjg6vjgrHjg7zjgrgg44Ob44Ov44Kk44OI44Ki44Km44OIIOOAkOiHqui7oui7iuOAkQ==,LeOAgkFSVU5ERUwgKOOCouODqeODs+ODh+ODqykgRGF2ZS1PIOODh+OCpOODli3jgqrjg7wg44Oc44OI44Or44Kx44O844K4IOODm+ODr+OCpOODiOOCouOCpuODiCDjgJDoh6rou6Lou4rjgJE=[rn]
2-78742,aHR0cDovL3RzaG9wLnIxMHMuanAvbWFwc3BvcnRzLXN5dXBwaW4vY2FiaW5ldC9uZXdfMTI1LzQ5Mzg0MDI3MDg2MjlfMS5qcGc/Zml0aW49NzAwOjcwMA==,MjE3Ni4wMDAw,,44K544Od44O844OE44O744Ki44Km44OI44OJ44KiID4g6Ieq6Lui6LuK44O744K144Kk44Kv44Oq44Oz44KwID4g6Ieq6Lui6LuK55So44Ki44Kv44K744K144Oq44O8ID4g44Oc44OI44Or44Kx44O844K4,QXZlZGlvICjjgqjjg7TjgqHjg4fjgqPjgqopIOODhOODvOODq+ODnOODg+OCr+OCuSAg44CQ6Ieq6Lui6LuK44CR,44CA,PCEtLeaknOe0ouOCreODvOODr+ODvOODiS0tPjxmb250IGNvbG9yPSIjRkZGRkZGIj4oMjAxNyBBVkVESU/vvIkoQVZFRElPIOODkeODvOODhO+8iSjmlrDlk4EwNDA1KTwvZm9udD48YnI+PHRhYmxlICB3aWR0aD0iNjQwIj48dHI+ICA8dGQgPiA8Yj7ilqDnirbmhYvvvJo8L2I+5paw5ZOBPGJyIC8+PGJyIC8+PGI+4pag44K544Oa44OD44KvPC9iPjxiciAvPiAg44Kr44Op44O877ya44OW44Op44OD44KvPGJyIC8+ICDntKDmnZDvvJrjg4rjgqTjg63jg7M8YnIgLz4gIOOCteOCpOOCuu+8mjE5772D772NPGJyIC8+ICDnm7TlvoTvvJo3Y208YnIgLz4gIDxiciAvPjxicj4gIOOCu+ODs+OCv+ODvOODleOCoeOCueODiuODvOOBq+OBquOBo+OBpuOBiuOCiuOAgeW3peWFt+OBruWHuuOBl+WFpeOCjOOBjOS+v+WIqeOBp+OBmeOAgjxiciAvPiAg44ON44OD44OI44Gu44Od44Kx44OD44OI44Gv44K044Og57Sg5p2Q44Gr44Gq44Gj44Gm44GE44KL44Gu44Gn5bel5YW344Gu5Ye644GX5YWl44KM44GM57Ch5Y2Y44Gr5Ye65p2l44G+44GZ44CC6YCa5bi444Gu44OE44O844Or44Kx44O844K544KI44KK44KC5aSn44GN44GP44CB44OE44O844Or57y244Go5ZCM44GY5aSn44GN44GV44Gq44Gu44Gn5pC65biv6Zu76Kmx44CB6KOc57Wm6aOf44Gq44Gp6Kmw44KB6L6844KB44KL5aSn5a656YeP44OE44O844Or44Oc44OD44Kv44K544Gn44GZ44CCPGJyIC8+ICAgICAgICAgIDxiciAvPiAgICAgICAgICA8YnIgLz4gICAgICAgICAgICA8L3RkPjwvdHI+PC90YWJsZT48YnI+PGJyPjxpbWcgc3JjPSJodHRwOi8vaW1hZ2UucmFrdXRlbi5jby5qcC9tYXBzcG9ydHMtc3l1cHBpbi9jYWJpbmV0L3RvcC9hYm91dC1hdHRlbnRpb242NDAuanBnIiBib3JkZXI9IjAiPjxicj48dGFibGUgd2lkdGg9IjY0MCIgYmdjb2xvcj0iI2RhZDdkMiI+PHRyIHZhbGlnbj0idG9wIj48dGQ+PGZvbnQgY29sb3I9IiM5YjhlODUiIHNpemU9IjIiPjxiPjxmb250IHNpemU9Ii0xIj7il4Y8L2ZvbnQ+PC9iPjwvZm9udD48L3RkPjx0ZD48Zm9udCBjb2xvcj0iIzliOGU4NSIgc2l6ZT0iMiI+PGI+5a6M5oiQ6LuK44Gu5aC05ZCI44Gv57WE5LiK44GS5L2c5qWt44Gu6Zai5L+C44Gr44KI44KK44CB55m66YCB44Gv5ZWG5ZOB5YWl6I235pel44GL44KJ5pyA6ZW344Gn57SEMemAsemWk++9njEw5pel5b6M44Go44Gq44KK44G+44GZ44CCPGJyPuS6iOOCgeOBlOS6huaJv+OBj+OBoOOBleOBhOOAgjwvYj48L2ZvbnQ+PC90ZD48L3RyPjx0ciB2YWxpZ249InRvcCI+PHRkPjxmb250IGNvbG9yPSIjOWI4ZTg1IiBzaXplPSIyIj48Yj48Zm9udCBzaXplPSItMSI+4peGPC9mb250PjwvYj48L2ZvbnQ+PC90ZD48dGQ+PGZvbnQgY29sb3I9IiM5YjhlODUiIHNpemU9IjIiPjxiPuW9k+W6l+OBq+aOsui8ieOBleOCjOOBpuOBhOOCi+WVhuWTgeOBr+OAgeW9k+W6l+WcqOW6q+OAgeWPiuOBs+ODoeODvOOCq+ODvOWcqOW6q+OCkuOCguOBqOOBq+mBi+WWtuOBl+OBpuOBiuOCiuOBvuOBmeOAgjxicj7llYblk4Hjg5rjg7zjgrjjga7lnKjluqvnirbms4Hjga/jg6rjgqLjg6vjgr/jgqTjg6Djga7mm7TmlrDjgafjga/jgarjgYTngrrjgIHjgZTms6jmlofjgYzlj6/og73jgarnirbmhYvjgafjgYLjgaPjgabjgoLlo7LjgorliIfjgozjgavjgarjgaPjgabjgZfjgb7jgYblj6/og73mgKfjgYzjgZTjgZbjgYTjgb7jgZnjgII8YnI+PC9iPjwvZm9udD48L3RkPjwvdHI+PHRyIHZhbGlnbj0idG9wIj48dGQ+PGZvbnQgY29sb3I9IiM5YjhlODUiIHNpemU9IjIiPjxiPjxmb250IHNpemU9Ii0xIj7il4Y8L2ZvbnQ+PC9iPjwvZm9udD48L3RkPjx0ZD48Zm9udCBjb2xvcj0iIzliOGU4NSIgc2l6ZT0iMiI+PGI+44Oh44O844Kr44O844GK44KI44Gz5Luj55CG5bqX44Gr44Gm5a6M5aOy44G+44Gf44Gv57SN5pyf5pyq5a6a44Go44Gq44Gj44Gm44GX44G+44Gj44Gf5aC05ZCI44Gv44CB44Gd44Gu5peo44KS44GU6YCj57Wh44Gu5LiK44CB6Kqg44Gr55Sz44GX6Kiz44GU44GW44GE44G+44Gb44KT44GM44CB44GU5rOo5paH44KS5aSJ5pu044G+44Gf44Gv44Kt44Oj44Oz44K744Or44Gu44GU5a++5b+c44Go44GV44Gb44Gm44GE44Gf44Gg44GE44Gm44GK44KK44G+44GZ44CCPGJyPjwvYj48L2ZvbnQ+PC90ZD48L3RyPjx0ciB2YWxpZ249InRvcCI+PHRkPjxmb250IGNvbG9yPSIjOWI4ZTg1IiBzaXplPSIyIj48Yj48Zm9udCBzaXplPSItMSI+4peGPC9mb250PjwvYj48L2ZvbnQ+PC90ZD48dGQ+PGZvbnQgY29sb3I9IiM5YjhlODUiIHNpemU9IjIiPjxiPuOBlOazqOaWh+W+jC/nmbrpgIHlvozjgq3jg6Pjg7Pjgrvjg6vjg7vkuqTmj5vjg7vov5Tlk4HnrYnjga/ln7rmnKznmoTjgavjga/lh7rmnaXjgYvjga3jgb7jgZnjgII8YnI+44GK5a6i5qeY44GU6YO95ZCI44Gn44Gu6L+U5ZOB44O75Lqk5o+b44KS5by344GP44GU5biM5pyb44GV44KM44KL5aC05ZCI44Gr6Zai44GX44G+44GX44Gm44Gv44CB44GU6LO85YWl6YeR6aGN44Gu57SEMzDvvIXnm7jlvZPjga7ph5HpoY3jgafjga7jgIHosrflj5Yo6LK344GE5oi744GXKeOBruOBv+OBruOBlOWvvuW/nOOBqOOBleOBm+OBpuOBhOOBn+OBoOOBhOOBpuOBiuOCiuOBvuOBmeOAgjxicj7jgrXjgqTjgrrjgoTkupLmj5vmgKfjgarjganlsJHjgZfjgafjgoLjgZTkuI3mmI7jgarngrnjgYzjgZTjgZbjgYTjgb7jgZfjgZ/jgonjgIHkupvntLDjgarkuovjgafjgoLjgYrmsJfou73jgavjgYrllY/jgYTlkIjjgo/jgZvkuIvjgZXjgYTjgII8L2I+PC9mb250PjwvdGQ+PC90cj4KPC90YWJsZT48c3R5bGUgdHlwZT0idGV4dC9jc3MiPgo8IS0tCnRkIHsKZm9udC1zaXplOjEzcHg7Cgp9CgotLT4KPC9zdHlsZT4=,QXZlZGlvICjjgqjjg7TjgqHjg4fjgqPjgqopIOODhOODvOODq+ODnOODg+OCr+OCuSAg44CQ6Ieq6Lui6LuK44CR77ya44Kv44Op44Km44Oz44Ku44Ki44O844K65qW95aSp5biC5aC05bqX,QXZlZGlvICjjgqjjg7TjgqHjg4fjgqPjgqopIOODhOODvOODq+ODnOODg+OCr+OCuSAg44CQ6Ieq6Lui6LuK44CR,44CA44CCQXZlZGlvICjjgqjjg7TjgqHjg4fjgqPjgqopIOODhOODvOODq+ODnOODg+OCr+OCuSAg44CQ6Ieq6Lui6LuK44CR[rn]
2-78743,aHR0cDovL3RzaG9wLnIxMHMuanAvbWFwc3BvcnRzLXN5dXBwaW4vY2FiaW5ldC9uZXdfMDQwLzIwMzAwMDExNDMzODFfMS5qcGc/Zml0aW49NzAwOjcwMA==,ODY0LjAwMDA=,,44K544Od44O844OE44O744Ki44Km44OI44OJ44KiID4g6Ieq6Lui6LuK44O744K144Kk44Kv44Oq44Oz44KwID4g6Ieq6Lui6LuK55So44Ki44Kv44K744K144Oq44O8ID4g44Oc44OI44Or44Kx44O844K4,RUxJVEUgKOOCqOODquODvOODiCkgUEFST04gUkFDRSDjgrnjgq3jg7Pjg5bjg6njg4Pjgq8v44Kk44Ko44Ot44O844OV44Or44KqIOODnOODiOODq+OCseODvOOCuCAg44CQ6Ieq6Lui6LuK44CR,44CA,PCEtLeaknOe0ouOCreODvOODr+ODvOODiS0tPjxmb250IGNvbG9yPSIjRkZGRkZGIj4oMjAxN0VMSVRF77yJ77yI5paw5ZOBMDMyOe+8iTwvZm9udD48YnI+PGI+4pag54q25oWL77yaPC9iPiDmlrDlk4E8YnI+PGJyIC8+ICA8Yj7ilqDjgqvjg6njg7zjg5Djg6rjgqjjg7zjgrfjg6fjg7M8L2I+PGJyIC8+PCEtLeOCteOCpOOCuuihqOiomOODhuODvOODluODqy0tPjx0YWJsZSBib3JkZXI9IjAiIGNlbGxzcGFjaW5nPSIwIiBjZWxscGFkZGluZz0iMCI+PHRyPiA8dGQgd2lkdGg9IjE2MCIgIGJnY29sb3I9IiNhZmVlZWUiPuOAgOODluODqeODg+OCry/jg6zjg4Pjg4k8L3RkPjx0ZCB3aWR0aD0iMTYwIiAgYmdjb2xvcj0iI2FmZWVlZSI+44CA44Oe44OD44OI44OW44Op44OD44KvPC90ZD48L3RyPjx0cj4gPHRkPuOAgOOCueOCreODs+ODluODqeODg+OCry88YnIgLz4gIOOAgOOCpOOCqOODreODvOODleODq+OCqjwvdGQ+PHRkPuOAgOODm+ODr+OCpOODiC/jg5bjg6njg4Pjgq88L3RkPjwvdHI+PC90YWJsZT48IS0t44K144Kk44K66KGo6KiY44OG44O844OW44OrZW5kLS0+PGJyPjxicj48dGFibGUgd2lkdGg9IjY0MCIgY2VsbHBhZGRpbmc9IjAiIGNlbGxzcGFjaW5nPSIwIiAgPjx0cj4gIDx0ZD4gICAgIDxiPuKWoOOCueODmuODg+OCrzwvYj48YnIgLz4gICAgICDjg7vntKDmnZDvvJrjgrDjg6njgrnjg5XjgqHjgqTjg5Djg7w8YnIgLz4gICAgICDjg7vlvoTvvJo3NG1tPGJyIC8+ICAgICAg44O76YeN6YeP77yaNDBnIDxicj4gICAgICDjg7vlr77lv5zvvJrjg47jg7zjg57jg6vjg5zjg4jjg6s8YnIgLz4g44O75YKZ6ICD77yaPGJyIC8+44CQ44Ko44Oq44O844OI56S+44O744Oc44OI44Or44Kx44O844K45L2/55So5LiK44Gu5rOo5oSP44CRPGJyIC8+44Oc44OI44Or44Gu5L+d5oyB5Yqb44KS6YeN6KaW44GX44Gf6KO95ZOB44Gn44Gv44Oc44OI44Or44Gu5b2i54q244KE57Sg5p2Q44Gr44KI44Gj44Gm44Gv5Y+W44KK5Ye644GX44Gr44GP44GE5aC05ZCI44GM44GC44KK44G+44GZ44CC54m544Gr44K144O844Oi44Oc44OI44Or44KE44Kv44Oq44Ki57Sg5p2Q44Gu44Oc44OI44Or44Gr44KI44GP44GC44KL44KI44GG44Gq56Gs44GE57Sg5p2Q44Gu44Oc44OI44Or44Gu5aC05ZCI44Gv44CB44Oc44OI44Or44GM5oqc44GN5Ye644GX44Gr44GP44GE5aC05ZCI44GM44GC44KK44G+44GZ44Gu44Gn44GU5rOo5oSP44GP44Gg44GV44GE44CCPGJyIC8+PGJyIC8+PGJyIC8+PGJyIC8+6LW35LyP44Gu5aSa44GE5Zyw5b2i44Gn44Gu44Op44Kk44OH44Kj44Oz44Kw44KC44GX44Gj44GL44KK44Go44Oc44OI44Or44KS5L+d5oyB44GX44CB5p+U6Luf44Gq5qeL6YCg44Gu44Gf44KB5aSa44GP44Gu44K/44Kk44OX44Gu44Oc44OI44Or44Gr6YGp5b+c44GX44G+44GZ44CC44Oc44OI44Or44Go5o6l44GZ44KL6Z2i44Gr44OQ44Oz44OR44O844KS6Kit44GR56K65a6f44Gq44Ob44O844Or44OJ44KS5a6f54++44CCPGJyIC8+44OV44Os44Kt44K344OW44Or44Ki44O844Og6Kit6KiI44Gn44Oc44OI44Or44Gu5oyv5YuV44KS6Lu95rib44CCPGJyPiAgICAgICAgPGJyPiAgIDwvdGQ+PC90cj48L3RhYmxlPjxiciAvPjxiciAvPjxpbWcgc3JjPSJodHRwOi8vaW1hZ2UucmFrdXRlbi5jby5qcC9tYXBzcG9ydHMtc3l1cHBpbi9jYWJpbmV0L3RvcC9hYm91dC1hdHRlbnRpb242NDAuanBnIiBib3JkZXI9IjAiPjxicj48dGFibGUgd2lkdGg9IjY0MCIgYmdjb2xvcj0iI2RhZDdkMiI+PHRyIHZhbGlnbj0idG9wIj48dGQ+PGZvbnQgY29sb3I9IiM5YjhlODUiIHNpemU9IjIiPjxiPjxmb250IHNpemU9Ii0xIj7il4Y8L2ZvbnQ+PC9iPjwvZm9udD48L3RkPjx0ZD48Zm9udCBjb2xvcj0iIzliOGU4NSIgc2l6ZT0iMiI+PGI+5a6M5oiQ6LuK44Gu5aC05ZCI44Gv57WE5LiK44GS5L2c5qWt44Gu6Zai5L+C44Gr44KI44KK44CB55m66YCB44Gv5ZWG5ZOB5YWl6I235pel44GL44KJ5pyA6ZW344Gn57SEMemAsemWk++9njEw5pel5b6M44Go44Gq44KK44G+44GZ44CCPGJyPuS6iOOCgeOBlOS6huaJv+OBj+OBoOOBleOBhOOAgjwvYj48L2ZvbnQ+PC90ZD48L3RyPjx0ciB2YWxpZ249InRvcCI+PHRkPjxmb250IGNvbG9yPSIjOWI4ZTg1IiBzaXplPSIyIj48Yj48Zm9udCBzaXplPSItMSI+4peGPC9mb250PjwvYj48L2ZvbnQ+PC90ZD48dGQ+PGZvbnQgY29sb3I9IiM5YjhlODUiIHNpemU9IjIiPjxiPuW9k+W6l+OBq+aOsui8ieOBleOCjOOBpuOBhOOCi+WVhuWTgeOBr+OAgeW9k+W6l+WcqOW6q+OAgeWPiuOBs+ODoeODvOOCq+ODvOWcqOW6q+OCkuOCguOBqOOBq+mBi+WWtuOBl+OBpuOBiuOCiuOBvuOBmeOAgjxicj7llYblk4Hjg5rjg7zjgrjjga7lnKjluqvnirbms4Hjga/jg6rjgqLjg6vjgr/jgqTjg6Djga7mm7TmlrDjgafjga/jgarjgYTngrrjgIHjgZTms6jmlofjgYzlj6/og73jgarnirbmhYvjgafjgYLjgaPjgabjgoLlo7LjgorliIfjgozjgavjgarjgaPjgabjgZfjgb7jgYblj6/og73mgKfjgYzjgZTjgZbjgYTjgb7jgZnjgII8YnI+PC9iPjwvZm9udD48L3RkPjwvdHI+PHRyIHZhbGlnbj0idG9wIj48dGQ+PGZvbnQgY29sb3I9IiM5YjhlODUiIHNpemU9IjIiPjxiPjxmb250IHNpemU9Ii0xIj7il4Y8L2ZvbnQ+PC9iPjwvZm9udD48L3RkPjx0ZD48Zm9udCBjb2xvcj0iIzliOGU4NSIgc2l6ZT0iMiI+PGI+44Oh44O844Kr44O844GK44KI44Gz5Luj55CG5bqX44Gr44Gm5a6M5aOy44G+44Gf44Gv57SN5pyf5pyq5a6a44Go44Gq44Gj44Gm44GX44G+44Gj44Gf5aC05ZCI44Gv44CB44Gd44Gu5peo44KS44GU6YCj57Wh44Gu5LiK44CB6Kqg44Gr55Sz44GX6Kiz44GU44GW44GE44G+44Gb44KT44GM44CB44GU5rOo5paH44KS5aSJ5pu044G+44Gf44Gv44Kt44Oj44Oz44K744Or44Gu44GU5a++5b+c44Go44GV44Gb44Gm44GE44Gf44Gg44GE44Gm44GK44KK44G+44GZ44CCPGJyPjwvYj48L2ZvbnQ+PC90ZD48L3RyPjx0ciB2YWxpZ249InRvcCI+PHRkPjxmb250IGNvbG9yPSIjOWI4ZTg1IiBzaXplPSIyIj48Yj48Zm9udCBzaXplPSItMSI+4peGPC9mb250PjwvYj48L2ZvbnQ+PC90ZD48dGQ+PGZvbnQgY29sb3I9IiM5YjhlODUiIHNpemU9IjIiPjxiPuOBlOazqOaWh+W+jC/nmbrpgIHlvozjgq3jg6Pjg7Pjgrvjg6vjg7vkuqTmj5vjg7vov5Tlk4HnrYnjga/ln7rmnKznmoTjgavjga/lh7rmnaXjgYvjga3jgb7jgZnjgII8YnI+44GK5a6i5qeY44GU6YO95ZCI44Gn44Gu6L+U5ZOB44O75Lqk5o+b44KS5by344GP44GU5biM5pyb44GV44KM44KL5aC05ZCI44Gr6Zai44GX44G+44GX44Gm44Gv44CB44GU6LO85YWl6YeR6aGN44Gu57SEMzDvvIXnm7jlvZPjga7ph5HpoY3jgafjga7jgIHosrflj5Yo6LK344GE5oi744GXKeOBruOBv+OBruOBlOWvvuW/nOOBqOOBleOBm+OBpuOBhOOBn+OBoOOBhOOBpuOBiuOCiuOBvuOBmeOAgjxicj7jgrXjgqTjgrrjgoTkupLmj5vmgKfjgarjganlsJHjgZfjgafjgoLjgZTkuI3mmI7jgarngrnjgYzjgZTjgZbjgYTjgb7jgZfjgZ/jgonjgIHkupvntLDjgarkuovjgafjgoLjgYrmsJfou73jgavjgYrllY/jgYTlkIjjgo/jgZvkuIvjgZXjgYTjgII8L2I+PC9mb250PjwvdGQ+PC90cj4KPC90YWJsZT48c3R5bGUgdHlwZT0idGV4dC9jc3MiPgo8IS0tCnRkIHsKZm9udC1zaXplOjEzcHg7Cgp9CgotLT4KPC9zdHlsZT4=,RUxJVEUgKOOCqOODquODvOODiCkgUEFST04gUkFDRSDjgrnjgq3jg7Pjg5bjg6njg4Pjgq8v44Kk44Ko44Ot44O844OV44Or44KqIOODnOODiOODq+OCseODvOOCuCAg44CQ6Ieq6Lui6LuK44CR77ya44Kv44Op44Km44Oz44Ku44Ki44O844K65qW95aSp5biC5aC05bqX,RUxJVEUgKOOCqOODquODvOODiCkgUEFST04gUkFDRSDjgrnjgq3jg7Pjg5bjg6njg4Pjgq8v44Kk44Ko44Ot44O844OV44Or44KqIOODnOODiOODq+OCseODvOOCuCAg44CQ6Ieq6Lui6LuK44CR,44CA44CCRUxJVEUgKOOCqOODquODvOODiCkgUEFST04gUkFDRSDjgrnjgq3jg7Pjg5bjg6njg4Pjgq8v44Kk44Ko44Ot44O844OV44Or44KqIOODnOODiOODq+OCseODvOOCuCAg44CQ6Ieq6Lui6LuK44CR[rn]
2-78744,aHR0cDovL3RzaG9wLnIxMHMuanAvbWFwc3BvcnRzLXN5dXBwaW4vY2FiaW5ldC9uZXdfMTI0LzIwMzAwMDExNDQ1MDBfMS5qcGc/Zml0aW49NzAwOjcwMA==,MjM4NC4wMDAw,,44K544Od44O844OE44O744Ki44Km44OI44OJ44KiID4g6Ieq6Lui6LuK44O744K144Kk44Kv44Oq44Oz44KwID4g6Ieq6Lui6LuK55So44Ki44Kv44K744K144Oq44O8ID4g44Oc44OI44Or44Kx44O844K4,RUxJVEUgKOOCqOODquODvOODiCkgVklDTyBDQVJCT04g44Kw44Ot44OD44K344O844Ob44Ov44Kk44OIIOODnOODiOODq+OCseODvOOCuCAg44CQ6Ieq6Lui6LuK44CR,,PCEtLeaknOe0ouOCreODvOODr+ODvOODiS0tPjxmb250IGNvbG9yPSIjRkZGRkZGIj4oMjAxN0VMSVRF77yJ77yI5paw5ZOBMDMyOe+8iTwvZm9udD48YnI+PGI+4pag54q25oWL77yaPC9iPiDmlrDlk4E8YnI+PGJyIC8+ICA8Yj7ilqDjgqvjg6njg7zjg5Djg6rjgqjjg7zjgrfjg6fjg7M8L2I+PGJyIC8+PCEtLeOCteOCpOOCuuihqOiomOODhuODvOODluODqy0tPjx0YWJsZSBib3JkZXI9IjAiIGNlbGxzcGFjaW5nPSIwIiBjZWxscGFkZGluZz0iMCI+PHRyPiA8dGQgd2lkdGg9IjE2MCIgIGJnY29sb3I9IiNhZmVlZWUiPuOAgOOCsOODreODg+OCt+ODvOODm+ODr+OCpOODiDwvdGQ+PHRkIHdpZHRoPSIxNjAiICBiZ2NvbG9yPSIjYWZlZWVlIj7jgIDjg57jg4Pjg4jjg6zjg4Pjg4k8L3RkPjwvdHI+PHRyPiA8dGQ+44CA44Oe44OD44OI44Ob44Ov44Kk44OIPC90ZD48dGQ+Jm5ic3A7PC90ZD48L3RyPjwvdGFibGU+PCEtLeOCteOCpOOCuuihqOiomOODhuODvOODluODq2VuZC0tPjxicj48YnI+PHRhYmxlIGJvcmRlcj0iMCIgY2VsbHBhZGRpbmc9IjAiIGNlbGxzcGFjaW5nPSIwIiB3aWR0aD0iNjQwIj48dHI+ICA8dGQ+PGJyIC8+PGI+4pag44K544Oa44OD44KvPC9iPjxiciAvPiAgICAgIOODu+e0oOadkO+8muOCq+ODvOODnOODs+OCs+ODs+ODneOCuOODg+ODiDxiciAvPuODu+W+hO+8mjc0bW08YnIgLz7jg7vph43ph4/vvJoyM2c8YnIgLz7jg7vlr77lv5zvvJrjg47jg7zjg57jg6vjg5zjg4jjg6s8YnIgLz7jg7vlgpnogIPvvJo8YnIgLz7jgJDjgqjjg6rjg7zjg4jnpL7jg7vjg5zjg4jjg6vjgrHjg7zjgrjkvb/nlKjkuIrjga7ms6jmhI/jgJE8YnIgLz7jg5zjg4jjg6vjga7kv53mjIHlipvjgpLph43oppbjgZfjgZ/oo73lk4Hjgafjga/jg5zjg4jjg6vjga7lvaLnirbjgoTntKDmnZDjgavjgojjgaPjgabjga/lj5bjgorlh7rjgZfjgavjgY/jgYTloLTlkIjjgYzjgYLjgorjgb7jgZnjgILnibnjgavjgrXjg7zjg6Ljg5wg44OI44Or44KE44Kv44Oq44Ki57Sg5p2Q44Gu44Oc44OI44Or44Gr44KI44GP44GC44KL44KI44GG44Gq56Gs44GE57Sg5p2Q44Gu44Oc44OI44Or44Gu5aC05ZCI44Gv44CB44Oc44OI44Or44GM5oqc44GN5Ye644GX44Gr44GP44GE5aC05ZCI44GM44GC44KK44G+44GZ44Gu44Gn44GU5rOo5oSP44GP44Gg44GV44GE44CCPGJyIC8+PGJyIC8+PGJyIC8+PGJyIC8+44Kr44O844Oc44Oz44OV44Kh44Kk44OQ44O85aGX6KOF44Gr44KI44KK6KOc5by344GV44KM44Gf6Lu96YeP44Oc44OI44Or44Kx44O844K444CC44Oc44OI44Or44Gu5L+d5oyB5Yqb44GM44GC44KK44CB5LiU44Gk6ISx552A44GM5a655piT44Gq5qeL6YCg44CC44OX44Ot44OE44Ki44O844OB44O844Og5o6o6Jam44Oi44OH44Or44CCIDxicj4gICAgICAgIDxicj4gIDwvdGQ+PC90cj48L3RhYmxlPjxicj48YnI+PGltZyBzcmM9Imh0dHA6Ly9pbWFnZS5yYWt1dGVuLmNvLmpwL21hcHNwb3J0cy1zeXVwcGluL2NhYmluZXQvdG9wL2Fib3V0LWF0dGVudGlvbjY0MC5qcGciIGJvcmRlcj0iMCI+PGJyPjx0YWJsZSB3aWR0aD0iNjQwIiBiZ2NvbG9yPSIjZGFkN2QyIj48dHIgdmFsaWduPSJ0b3AiPjx0ZD48Zm9udCBjb2xvcj0iIzliOGU4NSIgc2l6ZT0iMiI+PGI+PGZvbnQgc2l6ZT0iLTEiPuKXhjwvZm9udD48L2I+PC9mb250PjwvdGQ+PHRkPjxmb250IGNvbG9yPSIjOWI4ZTg1IiBzaXplPSIyIj48Yj7lrozmiJDou4rjga7loLTlkIjjga/ntYTkuIrjgZLkvZzmpa3jga7plqLkv4LjgavjgojjgorjgIHnmbrpgIHjga/llYblk4HlhaXojbfml6XjgYvjgonmnIDplbfjgafntIQx6YCx6ZaT772eMTDml6Xlvozjgajjgarjgorjgb7jgZnjgII8YnI+5LqI44KB44GU5LqG5om/44GP44Gg44GV44GE44CCPC9iPjwvZm9udD48L3RkPjwvdHI+PHRyIHZhbGlnbj0idG9wIj48dGQ+PGZvbnQgY29sb3I9IiM5YjhlODUiIHNpemU9IjIiPjxiPjxmb250IHNpemU9Ii0xIj7il4Y8L2ZvbnQ+PC9iPjwvZm9udD48L3RkPjx0ZD48Zm9udCBjb2xvcj0iIzliOGU4NSIgc2l6ZT0iMiI+PGI+5b2T5bqX44Gr5o6y6LyJ44GV44KM44Gm44GE44KL5ZWG5ZOB44Gv44CB5b2T5bqX5Zyo5bqr44CB5Y+K44Gz44Oh44O844Kr44O85Zyo5bqr44KS44KC44Go44Gr6YGL5Za244GX44Gm44GK44KK44G+44GZ44CCPGJyPuWVhuWTgeODmuODvOOCuOOBruWcqOW6q+eKtuazgeOBr+ODquOCouODq+OCv+OCpOODoOOBruabtOaWsOOBp+OBr+OBquOBhOeCuuOAgeOBlOazqOaWh+OBjOWPr+iDveOBqueKtuaFi+OBp+OBguOBo+OBpuOCguWjsuOCiuWIh+OCjOOBq+OBquOBo+OBpuOBl+OBvuOBhuWPr+iDveaAp+OBjOOBlOOBluOBhOOBvuOBmeOAgjxicj48L2I+PC9mb250PjwvdGQ+PC90cj48dHIgdmFsaWduPSJ0b3AiPjx0ZD48Zm9udCBjb2xvcj0iIzliOGU4NSIgc2l6ZT0iMiI+PGI+PGZvbnQgc2l6ZT0iLTEiPuKXhjwvZm9udD48L2I+PC9mb250PjwvdGQ+PHRkPjxmb250IGNvbG9yPSIjOWI4ZTg1IiBzaXplPSIyIj48Yj7jg6Hjg7zjgqvjg7zjgYrjgojjgbPku6PnkIblupfjgavjgablrozlo7Ljgb7jgZ/jga/ntI3mnJ/mnKrlrprjgajjgarjgaPjgabjgZfjgb7jgaPjgZ/loLTlkIjjga/jgIHjgZ3jga7ml6jjgpLjgZTpgKPntaHjga7kuIrjgIHoqqDjgavnlLPjgZfoqLPjgZTjgZbjgYTjgb7jgZvjgpPjgYzjgIHjgZTms6jmlofjgpLlpInmm7Tjgb7jgZ/jga/jgq3jg6Pjg7Pjgrvjg6vjga7jgZTlr77lv5zjgajjgZXjgZvjgabjgYTjgZ/jgaDjgYTjgabjgYrjgorjgb7jgZnjgII8YnI+PC9iPjwvZm9udD48L3RkPjwvdHI+PHRyIHZhbGlnbj0idG9wIj48dGQ+PGZvbnQgY29sb3I9IiM5YjhlODUiIHNpemU9IjIiPjxiPjxmb250IHNpemU9Ii0xIj7il4Y8L2ZvbnQ+PC9iPjwvZm9udD48L3RkPjx0ZD48Zm9udCBjb2xvcj0iIzliOGU4NSIgc2l6ZT0iMiI+PGI+44GU5rOo5paH5b6ML+eZuumAgeW+jOOCreODo+ODs+OCu+ODq+ODu+S6pOaPm+ODu+i/lOWTgeetieOBr+WfuuacrOeahOOBq+OBr+WHuuadpeOBi+OBreOBvuOBmeOAgjxicj7jgYrlrqLmp5jjgZTpg73lkIjjgafjga7ov5Tlk4Hjg7vkuqTmj5vjgpLlvLfjgY/jgZTluIzmnJvjgZXjgozjgovloLTlkIjjgavplqLjgZfjgb7jgZfjgabjga/jgIHjgZTos7zlhaXph5HpoY3jga7ntIQzMO+8heebuOW9k+OBrumHkemhjeOBp+OBruOAgeiyt+WPlijosrfjgYTmiLvjgZcp44Gu44G/44Gu44GU5a++5b+c44Go44GV44Gb44Gm44GE44Gf44Gg44GE44Gm44GK44KK44G+44GZ44CCPGJyPuOCteOCpOOCuuOChOS6kuaPm+aAp+OBquOBqeWwkeOBl+OBp+OCguOBlOS4jeaYjuOBqueCueOBjOOBlOOBluOBhOOBvuOBl+OBn+OCieOAgeS6m+e0sOOBquS6i+OBp+OCguOBiuawl+i7veOBq+OBiuWVj+OBhOWQiOOCj+OBm+S4i+OBleOBhOOAgjwvYj48L2ZvbnQ+PC90ZD48L3RyPgo8L3RhYmxlPjxzdHlsZSB0eXBlPSJ0ZXh0L2NzcyI+CjwhLS0KdGQgewpmb250LXNpemU6MTNweDsKCn0KCi0tPgo8L3N0eWxlPg==,RUxJVEUgKOOCqOODquODvOODiCkgVklDTyBDQVJCT04g44Kw44Ot44OD44K344O844Ob44Ov44Kk44OIIOODnOODiOODq+OCseODvOOCuCAg44CQ6Ieq6Lui6LuK44CR77ya44Kv44Op44Km44Oz44Ku44Ki44O844K65qW95aSp5biC5aC05bqX,RUxJVEUgKOOCqOODquODvOODiCkgVklDTyBDQVJCT04g44Kw44Ot44OD44K344O844Ob44Ov44Kk44OIIOODnOODiOODq+OCseODvOOCuCAg44CQ6Ieq6Lui6LuK44CR,RUxJVEUgKOOCqOODquODvOODiCkgVklDTyBDQVJCT04g44Kw44Ot44OD44K344O844Ob44Ov44Kk44OIIOODnOODiOODq+OCseODvOOCuCAg44CQ6Ieq6Lui6LuK44CR[rn]
2-78745,aHR0cDovL3RzaG9wLnIxMHMuanAvbWFwc3BvcnRzLXN5dXBwaW4vY2FiaW5ldC9uZXdfMTEyLzg3MTcwMDkzNjQ3OTlfMS5qcGc/Zml0aW49NzAwOjcwMA==,MTI5Ni4wMDAw,,44K544Od44O844OE44O744Ki44Km44OI44OJ44KiID4g6Ieq6Lui6LuK44O744K144Kk44Kv44Oq44Oz44KwID4g6Ieq6Lui6LuK55So44Ki44Kv44K744K144Oq44O8ID4g44Oc44OI44Or44Kx44O844K4,U0hJTUFOTyBQUk8gKOOCt+ODnuODjuODl+ODrSkg44Oc44OI44Or44Kx44O844K4IOOCouODreOCpOODluODqeODg+OCryDjg6zjg4Pjg4kg44CQ6Ieq6Lui6LuK44CR,44CA,PCEtLeaknOe0ouOCreODvOODr+ODvOODiS0tPjxmb250IGNvbG9yPSIjRkZGRkZGIj4oU0hJTUFOTyBQUk8gMjAxN++8ie+8iOaWsOWTgTAyMTTvvIk8L2ZvbnQ+PGJyPjxiPuKWoOeKtuaFi++8mjwvYj7mlrDlk4E8YnIgLz48YnIgLz4gPCEtLeOCteOCpOOCuuihqOiomOODhuODvOODluODqy0tPiAgPHRhYmxlICBib3JkZXI9IjAiIGNlbGxzcGFjaW5nPSIwIiBjZWxscGFkZGluZz0iMCI+ICAgIDx0cj4gICAgIDx0ZCAgIGNvbHNwYW49IjUiIGJnY29sb3I9IiNmZmZmZmYiPjxiPuKWoOODkOODquOCqOODvOOCt+ODp+ODsyA8L2I+IDwvdGQ+ICAgIDwvdHI+ICA8dHI+ICA8dGQgd2lkdGg9IjEwIiAgYmdjb2xvcj0iI2FmZWVlZSIgPiZuYnNwOzwvdGQ+IDx0ZCB3aWR0aD0iODAiICBiZ2NvbG9yPSIjYWZlZWVlIiA+44Kw44Os44KkPC90ZD4gICAgICAgPHRkIHdpZHRoPSI4MCIgIGJnY29sb3I9IiNhZmVlZWUiID7jg5bjg6vjg7w8L3RkPiAgIDx0ZCB3aWR0aD0iODAiICBiZ2NvbG9yPSIjYWZlZWVlIiA+44Ob44Ov44Kk44OIPC90ZD4gICA8dGQgd2lkdGg9IjgwIiAgYmdjb2xvcj0iI2FmZWVlZSIgPuODrOODg+ODiTwvdGQ+ICAgICAgIDwvdHI+PC90YWJsZT48YnI+PHRhYmxlIHdpZHRoPSI2NDAiPjx0cj4gIDx0ZD4gICA8Yj7ilqDjgrnjg5rjg4Pjgq88L2I+PGJyIC8+ICAgICAg44O757Sg5p2Q77ya44Ki44Or44OfPGJyIC8+ICAgICAg44O76YeN6YePICjlj4LogIPlgKQp77yaNDjvvYc8YnIgLz4gICAgICA8YnIgLz4gICAgICA8YnIgLz4gICAgICA8YnIgLz48YnIgLz4gICAgICAgIDxiciAvPiAgICAgICAgICAgICAgPGJyIC8+ICAgICAgICAgICAgICAgPGltZyBzcmM9Imh0dHA6Ly9pbWFnZS5yYWt1dGVuLmNvLmpwL21hcHNwb3J0cy1zeXVwcGluL2NhYmluZXQvbmV3XzExMC9zaGltYW5vcHJvLmpwZyI+ICAgICAgPGJyIC8+ICAgICAgICAgICAgPC90ZD48L3RyPjwvdGFibGU+PGltZyBzcmM9Imh0dHA6Ly9pbWFnZS5yYWt1dGVuLmNvLmpwL21hcHNwb3J0cy1zeXVwcGluL2NhYmluZXQvdG9wL2Fib3V0LWF0dGVudGlvbjY0MC5qcGciIGJvcmRlcj0iMCI+PGJyPjx0YWJsZSB3aWR0aD0iNjQwIiBiZ2NvbG9yPSIjZGFkN2QyIj48dHIgdmFsaWduPSJ0b3AiPjx0ZD48Zm9udCBjb2xvcj0iIzliOGU4NSIgc2l6ZT0iMiI+PGI+PGZvbnQgc2l6ZT0iLTEiPuKXhjwvZm9udD48L2I+PC9mb250PjwvdGQ+PHRkPjxmb250IGNvbG9yPSIjOWI4ZTg1IiBzaXplPSIyIj48Yj7lrozmiJDou4rjga7loLTlkIjjga/ntYTkuIrjgZLkvZzmpa3jga7plqLkv4LjgavjgojjgorjgIHnmbrpgIHjga/llYblk4HlhaXojbfml6XjgYvjgonmnIDplbfjgafntIQx6YCx6ZaT772eMTDml6Xlvozjgajjgarjgorjgb7jgZnjgII8YnI+5LqI44KB44GU5LqG5om/44GP44Gg44GV44GE44CCPC9iPjwvZm9udD48L3RkPjwvdHI+PHRyIHZhbGlnbj0idG9wIj48dGQ+PGZvbnQgY29sb3I9IiM5YjhlODUiIHNpemU9IjIiPjxiPjxmb250IHNpemU9Ii0xIj7il4Y8L2ZvbnQ+PC9iPjwvZm9udD48L3RkPjx0ZD48Zm9udCBjb2xvcj0iIzliOGU4NSIgc2l6ZT0iMiI+PGI+5b2T5bqX44Gr5o6y6LyJ44GV44KM44Gm44GE44KL5ZWG5ZOB44Gv44CB5b2T5bqX5Zyo5bqr44CB5Y+K44Gz44Oh44O844Kr44O85Zyo5bqr44KS44KC44Go44Gr6YGL5Za244GX44Gm44GK44KK44G+44GZ44CCPGJyPuWVhuWTgeODmuODvOOCuOOBruWcqOW6q+eKtuazgeOBr+ODquOCouODq+OCv+OCpOODoOOBruabtOaWsOOBp+OBr+OBquOBhOeCuuOAgeOBlOazqOaWh+OBjOWPr+iDveOBqueKtuaFi+OBp+OBguOBo+OBpuOCguWjsuOCiuWIh+OCjOOBq+OBquOBo+OBpuOBl+OBvuOBhuWPr+iDveaAp+OBjOOBlOOBluOBhOOBvuOBmeOAgjxicj48L2I+PC9mb250PjwvdGQ+PC90cj48dHIgdmFsaWduPSJ0b3AiPjx0ZD48Zm9udCBjb2xvcj0iIzliOGU4NSIgc2l6ZT0iMiI+PGI+PGZvbnQgc2l6ZT0iLTEiPuKXhjwvZm9udD48L2I+PC9mb250PjwvdGQ+PHRkPjxmb250IGNvbG9yPSIjOWI4ZTg1IiBzaXplPSIyIj48Yj7jg6Hjg7zjgqvjg7zjgYrjgojjgbPku6PnkIblupfjgavjgablrozlo7Ljgb7jgZ/jga/ntI3mnJ/mnKrlrprjgajjgarjgaPjgabjgZfjgb7jgaPjgZ/loLTlkIjjga/jgIHjgZ3jga7ml6jjgpLjgZTpgKPntaHjga7kuIrjgIHoqqDjgavnlLPjgZfoqLPjgZTjgZbjgYTjgb7jgZvjgpPjgYzjgIHjgZTms6jmlofjgpLlpInmm7Tjgb7jgZ/jga/jgq3jg6Pjg7Pjgrvjg6vjga7jgZTlr77lv5zjgajjgZXjgZvjgabjgYTjgZ/jgaDjgYTjgabjgYrjgorjgb7jgZnjgII8YnI+PC9iPjwvZm9udD48L3RkPjwvdHI+PHRyIHZhbGlnbj0idG9wIj48dGQ+PGZvbnQgY29sb3I9IiM5YjhlODUiIHNpemU9IjIiPjxiPjxmb250IHNpemU9Ii0xIj7il4Y8L2ZvbnQ+PC9iPjwvZm9udD48L3RkPjx0ZD48Zm9udCBjb2xvcj0iIzliOGU4NSIgc2l6ZT0iMiI+PGI+44GU5rOo5paH5b6ML+eZuumAgeW+jOOCreODo+ODs+OCu+ODq+ODu+S6pOaPm+ODu+i/lOWTgeetieOBr+WfuuacrOeahOOBq+OBr+WHuuadpeOBi+OBreOBvuOBmeOAgjxicj7jgYrlrqLmp5jjgZTpg73lkIjjgafjga7ov5Tlk4Hjg7vkuqTmj5vjgpLlvLfjgY/jgZTluIzmnJvjgZXjgozjgovloLTlkIjjgavplqLjgZfjgb7jgZfjgabjga/jgIHjgZTos7zlhaXph5HpoY3jga7ntIQzMO+8heebuOW9k+OBrumHkemhjeOBp+OBruOAgeiyt+WPlijosrfjgYTmiLvjgZcp44Gu44G/44Gu44GU5a++5b+c44Go44GV44Gb44Gm44GE44Gf44Gg44GE44Gm44GK44KK44G+44GZ44CCPGJyPuOCteOCpOOCuuOChOS6kuaPm+aAp+OBquOBqeWwkeOBl+OBp+OCguOBlOS4jeaYjuOBqueCueOBjOOBlOOBluOBhOOBvuOBl+OBn+OCieOAgeS6m+e0sOOBquS6i+OBp+OCguOBiuawl+i7veOBq+OBiuWVj+OBhOWQiOOCj+OBm+S4i+OBleOBhOOAgjwvYj48L2ZvbnQ+PC90ZD48L3RyPgo8L3RhYmxlPjxzdHlsZSB0eXBlPSJ0ZXh0L2NzcyI+CjwhLS0KdGQgewpmb250LXNpemU6MTNweDsKCn0KCi0tPgo8L3N0eWxlPg==,U0hJTUFOTyBQUk8gKOOCt+ODnuODjuODl+ODrSkg44Oc44OI44Or44Kx44O844K4IOOCouODreOCpOODluODqeODg+OCryDjg6zjg4Pjg4kg44CQ6Ieq6Lui6LuK44CR77ya44Kv44Op44Km44Oz44Ku44Ki44O844K65qW95aSp5biC5aC05bqX,U0hJTUFOTyBQUk8gKOOCt+ODnuODjuODl+ODrSkg44Oc44OI44Or44Kx44O844K4IOOCouODreOCpOODluODqeODg+OCryDjg6zjg4Pjg4kg44CQ6Ieq6Lui6LuK44CR,44CA44CCU0hJTUFOTyBQUk8gKOOCt+ODnuODjuODl+ODrSkg44Oc44OI44Or44Kx44O844K4IOOCouODreOCpOODluODqeODg+OCryDjg6zjg4Pjg4kg44CQ6Ieq6Lui6LuK44CR[rn]
2-78746,aHR0cDovL3RzaG9wLnIxMHMuanAvbWFwc3BvcnRzLXN5dXBwaW4vY2FiaW5ldC9uZXdfMTEyLzg3MTcwMDkzNjQ3NzVfMS5qcGc/Zml0aW49NzAwOjcwMA==,MTI5Ni4wMDAw,,44K544Od44O844OE44O744Ki44Km44OI44OJ44KiID4g6Ieq6Lui6LuK44O744K144Kk44Kv44Oq44Oz44KwID4g6Ieq6Lui6LuK55So44Ki44Kv44K744K144Oq44O8ID4g44Oc44OI44Or44Kx44O844K4,U0hJTUFOTyBQUk8gKOOCt+ODnuODjuODl+ODrSkg44Oc44OI44Or44Kx44O844K4IOOCouODreOCpOODluODqeODg+OCryDjg5vjg6/jgqTjg4gg44CQ6Ieq6Lui6LuK44CR,44CA,PCEtLeaknOe0ouOCreODvOODr+ODvOODiS0tPjxmb250IGNvbG9yPSIjRkZGRkZGIj4oU0hJTUFOTyBQUk8gMjAxN++8ie+8iOaWsOWTgTAyMTTvvIk8L2ZvbnQ+PGJyPjxiPuKWoOeKtuaFi++8mjwvYj7mlrDlk4E8YnIgLz48YnIgLz4gPCEtLeOCteOCpOOCuuihqOiomOODhuODvOODluODqy0tPiAgPHRhYmxlICBib3JkZXI9IjAiIGNlbGxzcGFjaW5nPSIwIiBjZWxscGFkZGluZz0iMCI+ICAgIDx0cj4gICAgIDx0ZCAgIGNvbHNwYW49IjUiIGJnY29sb3I9IiNmZmZmZmYiPjxiPuKWoOODkOODquOCqOODvOOCt+ODp+ODsyA8L2I+IDwvdGQ+ICAgIDwvdHI+ICA8dHI+ICA8dGQgd2lkdGg9IjEwIiAgYmdjb2xvcj0iI2FmZWVlZSIgPiZuYnNwOzwvdGQ+IDx0ZCB3aWR0aD0iODAiICBiZ2NvbG9yPSIjYWZlZWVlIiA+44Kw44Os44KkPC90ZD4gICAgICAgPHRkIHdpZHRoPSI4MCIgIGJnY29sb3I9IiNhZmVlZWUiID7jg5bjg6vjg7w8L3RkPiAgIDx0ZCB3aWR0aD0iODAiICBiZ2NvbG9yPSIjYWZlZWVlIiA+44Ob44Ov44Kk44OIPC90ZD4gICA8dGQgd2lkdGg9IjgwIiAgYmdjb2xvcj0iI2FmZWVlZSIgPuODrOODg+ODiTwvdGQ+ICAgICAgIDwvdHI+PC90YWJsZT48YnI+PHRhYmxlIHdpZHRoPSI2NDAiPjx0cj4gIDx0ZD4gICA8Yj7ilqDjgrnjg5rjg4Pjgq88L2I+PGJyIC8+ICAgICAg44O757Sg5p2Q77ya44Ki44Or44OfPGJyIC8+ICAgICAg44O76YeN6YePICjlj4LogIPlgKQp77yaNDjvvYc8YnIgLz4gICAgICA8YnIgLz4gICAgICA8YnIgLz4gICAgICA8YnIgLz48YnIgLz4gICAgICAgIDxiciAvPiAgICAgICAgICAgICAgPGJyIC8+ICAgICAgICAgICAgICAgPGltZyBzcmM9Imh0dHA6Ly9pbWFnZS5yYWt1dGVuLmNvLmpwL21hcHNwb3J0cy1zeXVwcGluL2NhYmluZXQvbmV3XzExMC9zaGltYW5vcHJvLmpwZyI+ICAgICAgPGJyIC8+ICAgICAgICAgICAgPC90ZD48L3RyPjwvdGFibGU+PGltZyBzcmM9Imh0dHA6Ly9pbWFnZS5yYWt1dGVuLmNvLmpwL21hcHNwb3J0cy1zeXVwcGluL2NhYmluZXQvdG9wL2Fib3V0LWF0dGVudGlvbjY0MC5qcGciIGJvcmRlcj0iMCI+PGJyPjx0YWJsZSB3aWR0aD0iNjQwIiBiZ2NvbG9yPSIjZGFkN2QyIj48dHIgdmFsaWduPSJ0b3AiPjx0ZD48Zm9udCBjb2xvcj0iIzliOGU4NSIgc2l6ZT0iMiI+PGI+PGZvbnQgc2l6ZT0iLTEiPuKXhjwvZm9udD48L2I+PC9mb250PjwvdGQ+PHRkPjxmb250IGNvbG9yPSIjOWI4ZTg1IiBzaXplPSIyIj48Yj7lrozmiJDou4rjga7loLTlkIjjga/ntYTkuIrjgZLkvZzmpa3jga7plqLkv4LjgavjgojjgorjgIHnmbrpgIHjga/llYblk4HlhaXojbfml6XjgYvjgonmnIDplbfjgafntIQx6YCx6ZaT772eMTDml6Xlvozjgajjgarjgorjgb7jgZnjgII8YnI+5LqI44KB44GU5LqG5om/44GP44Gg44GV44GE44CCPC9iPjwvZm9udD48L3RkPjwvdHI+PHRyIHZhbGlnbj0idG9wIj48dGQ+PGZvbnQgY29sb3I9IiM5YjhlODUiIHNpemU9IjIiPjxiPjxmb250IHNpemU9Ii0xIj7il4Y8L2ZvbnQ+PC9iPjwvZm9udD48L3RkPjx0ZD48Zm9udCBjb2xvcj0iIzliOGU4NSIgc2l6ZT0iMiI+PGI+5b2T5bqX44Gr5o6y6LyJ44GV44KM44Gm44GE44KL5ZWG5ZOB44Gv44CB5b2T5bqX5Zyo5bqr44CB5Y+K44Gz44Oh44O844Kr44O85Zyo5bqr44KS44KC44Go44Gr6YGL5Za244GX44Gm44GK44KK44G+44GZ44CCPGJyPuWVhuWTgeODmuODvOOCuOOBruWcqOW6q+eKtuazgeOBr+ODquOCouODq+OCv+OCpOODoOOBruabtOaWsOOBp+OBr+OBquOBhOeCuuOAgeOBlOazqOaWh+OBjOWPr+iDveOBqueKtuaFi+OBp+OBguOBo+OBpuOCguWjsuOCiuWIh+OCjOOBq+OBquOBo+OBpuOBl+OBvuOBhuWPr+iDveaAp+OBjOOBlOOBluOBhOOBvuOBmeOAgjxicj48L2I+PC9mb250PjwvdGQ+PC90cj48dHIgdmFsaWduPSJ0b3AiPjx0ZD48Zm9udCBjb2xvcj0iIzliOGU4NSIgc2l6ZT0iMiI+PGI+PGZvbnQgc2l6ZT0iLTEiPuKXhjwvZm9udD48L2I+PC9mb250PjwvdGQ+PHRkPjxmb250IGNvbG9yPSIjOWI4ZTg1IiBzaXplPSIyIj48Yj7jg6Hjg7zjgqvjg7zjgYrjgojjgbPku6PnkIblupfjgavjgablrozlo7Ljgb7jgZ/jga/ntI3mnJ/mnKrlrprjgajjgarjgaPjgabjgZfjgb7jgaPjgZ/loLTlkIjjga/jgIHjgZ3jga7ml6jjgpLjgZTpgKPntaHjga7kuIrjgIHoqqDjgavnlLPjgZfoqLPjgZTjgZbjgYTjgb7jgZvjgpPjgYzjgIHjgZTms6jmlofjgpLlpInmm7Tjgb7jgZ/jga/jgq3jg6Pjg7Pjgrvjg6vjga7jgZTlr77lv5zjgajjgZXjgZvjgabjgYTjgZ/jgaDjgYTjgabjgYrjgorjgb7jgZnjgII8YnI+PC9iPjwvZm9udD48L3RkPjwvdHI+PHRyIHZhbGlnbj0idG9wIj48dGQ+PGZvbnQgY29sb3I9IiM5YjhlODUiIHNpemU9IjIiPjxiPjxmb250IHNpemU9Ii0xIj7il4Y8L2ZvbnQ+PC9iPjwvZm9udD48L3RkPjx0ZD48Zm9udCBjb2xvcj0iIzliOGU4NSIgc2l6ZT0iMiI+PGI+44GU5rOo5paH5b6ML+eZuumAgeW+jOOCreODo+ODs+OCu+ODq+ODu+S6pOaPm+ODu+i/lOWTgeetieOBr+WfuuacrOeahOOBq+OBr+WHuuadpeOBi+OBreOBvuOBmeOAgjxicj7jgYrlrqLmp5jjgZTpg73lkIjjgafjga7ov5Tlk4Hjg7vkuqTmj5vjgpLlvLfjgY/jgZTluIzmnJvjgZXjgozjgovloLTlkIjjgavplqLjgZfjgb7jgZfjgabjga/jgIHjgZTos7zlhaXph5HpoY3jga7ntIQzMO+8heebuOW9k+OBrumHkemhjeOBp+OBruOAgeiyt+WPlijosrfjgYTmiLvjgZcp44Gu44G/44Gu44GU5a++5b+c44Go44GV44Gb44Gm44GE44Gf44Gg44GE44Gm44GK44KK44G+44GZ44CCPGJyPuOCteOCpOOCuuOChOS6kuaPm+aAp+OBquOBqeWwkeOBl+OBp+OCguOBlOS4jeaYjuOBqueCueOBjOOBlOOBluOBhOOBvuOBl+OBn+OCieOAgeS6m+e0sOOBquS6i+OBp+OCguOBiuawl+i7veOBq+OBiuWVj+OBhOWQiOOCj+OBm+S4i+OBleOBhOOAgjwvYj48L2ZvbnQ+PC90ZD48L3RyPgo8L3RhYmxlPjxzdHlsZSB0eXBlPSJ0ZXh0L2NzcyI+CjwhLS0KdGQgewpmb250LXNpemU6MTNweDsKCn0KCi0tPgo8L3N0eWxlPg==,U0hJTUFOTyBQUk8gKOOCt+ODnuODjuODl+ODrSkg44Oc44OI44Or44Kx44O844K4IOOCouODreOCpOODluODqeODg+OCryDjg5vjg6/jgqTjg4gg44CQ6Ieq6Lui6LuK44CR77ya44Kv44Op44Km44Oz44Ku44Ki44O844K65qW95aSp5biC5aC05bqX,U0hJTUFOTyBQUk8gKOOCt+ODnuODjuODl+ODrSkg44Oc44OI44Or44Kx44O844K4IOOCouODreOCpOODluODqeODg+OCryDjg5vjg6/jgqTjg4gg44CQ6Ieq6Lui6LuK44CR,44CA44CCU0hJTUFOTyBQUk8gKOOCt+ODnuODjuODl+ODrSkg44Oc44OI44Or44Kx44O844K4IOOCouODreOCpOODluODqeODg+OCryDjg5vjg6/jgqTjg4gg44CQ6Ieq6Lui6LuK44CR[rn]
2-78747,aHR0cDovL3RzaG9wLnIxMHMuanAvYmljeWNsZWxhYi9jYWJpbmV0L2J0YzFfOTkvY3liYzAwODBfbW9iaWxlMDEuanBnP2ZpdGluPTcwMDo3MDA=,ODk2LjAwMDA=,,44K544Od44O844OE44O744Ki44Km44OI44OJ44KiID4g6Ieq6Lui6LuK44O744K144Kk44Kv44Oq44Oz44KwID4g6Ieq6Lui6LuK55So44Ki44Kv44K744K144Oq44O8ID4g44Oc44OI44Or44Kx44O844K4,44CQQURFUFQg44Ki44OH44OX44OI44CRW+ODnOODiOODq+OCseODvOOCuCDoh6rou6Lou4pd44CMRFAgRmxleCBDYWdlIERQIOODleODrOODg+OCr+OCuSDjgrHjg7zjgrjjgI1bV0JDMDc4XSBbbWFdIOODreODvOODieODkOOCpOOCryBNVEIg44Kv44Ot44K544OQ44Kk44KvIOODlOOCueODiOODkOOCpOOCryDjg5/jg4vjg5njg60=,5LuK44Gg44GR5YWo5ZOB44Od44Kk44Oz44OIM+WAjSEhIDg2NDDlhoYo56iO6L68KeS7peS4iuOBp+mAgeaWmeeEoeaWmSEh,PGltZyBzcmM9Imh0dHA6Ly9pbWFnZS5yYWt1dGVuLmNvLmpwL2JpY3ljbGVsYWIvY2FiaW5ldC9vdGhlci9jYXJ0X2JvdHRsZWNhZ2UuZ2lmIiBib3JkZXI9IjAiPjxicj48YnI+PGJyPjxzdHlsZSBUWVBFPSJ0ZXh0L2NzcyI+CnRkLmludmVudG9yeSBmb250e2ZvbnQtc2l6ZToxMHB4O2xpbmUtaGVpZ2h0OjE1MCU7Y29sb3I6Izg4ODg4ODt9Cjwvc3R5bGU+,44CQQURFUFQg44Ki44OH44OX44OI44CRW+ODnOODiOODq+OCseODvOOCuCDoh6rou6Lou4pd44CMRFAgRmxleCBDYWdlIERQIOODleODrOODg+OCr+OCuSDjgrHjg7zjgrjjgI1bV0JDMDc4XSBbbWFdIOODreODvOODieODkOOCpOOCryBNVEIg44Kv44Ot44K544OQ44Kk44KvIOODlOOCueODiOODkOOCpOOCryDjg5/jg4vjg5njg63vvJroh6rou6Lou4rjgarmr47ml6XjgIDjg5DjgqTjgrfjgq/jg6vjg6njg5w=,6Ieq6Lui6LuKIOODreODvOODieODkOOCpOOCryDjg57jgqbjg7Pjg4bjg7Pjg5DjgqTjgq8gTVRCIEJNWCDjgq/jg63jgrnjg5DjgqTjgq8g44K344OG44Kj44OQ44Kk44KvIOWwj+W+hOi7iuODmOODq+ODoeODg+ODiCDjgqvjgq4g44Ot44OD44KvIOODneODs+ODlyDjg6njgqTjg4gg44OE44O844OrIOOCsOODquODg+ODlyDjg5Djg7zjg4bjg7zjg5cg44Kw44Ot44O844OWIOOCv+OCpOODpCDjg4/jg7Pjg4njg6vjg5Djg7wg44OQ44O844Ko44Oz44OJIOOCueODhuODoCDjgrXjgqTjgq/jg6vjgrPjg7Pjg5Tjg6Xjg7zjgr8g44K144OJ44OrIOODmuODgOODqyDjg4jjg7zjgq/jg6rjg4Pjg5cg44Oc44OI44OrIOODnOODiOODq+OCseODvOOCuCDjg5Djg4PjgrAg44OQ44OD44Kv44OR44OD44KvIOOCreODo+ODquOCouODvCDjg5Xjgqfjg7Pjg4Djg7zovKrooYzooosg44OG44Oz44OIIOOCq+ODkOODvCDjg5njg5Pjg7zjgrfjg7zjg4gg44K544K/44Oz44OJIOOCteOCpOODieOCueOCv+ODs+ODiSDjg4Hjg6Xjg7zjg5Yg44Oq44Og44OG44O844OXIOODn+ODqeODvCDjg5njg6sg44OQ44Or44OW44Kt44Oj44OD44OXIOODkeODs+OCr+S/rueQhuOCreODg+ODiCDjgrHjgqIg44Kq44Kk44OrIOOCsOODquOCuSDjgqLjg7Pjg4Djg7zjgqbjgqfjgqLjg5jjg6vjg6Hjg4Pjg4ggTEFaRVIg44Os44O844K244O8IOODrOOCpOOCtuODvCBPR0sg44Kq44O844K444O844Kx44O8IOWkp+S6uueUqCDlrZDkvpvnlKgg6Ieq6Lui6LuKIOODreODvOODieODkOOCpOOCryDjg57jgqbjg7Pjg4bjg7Pjg5DjgqTjgq8gTVRCIEJNWCDjgq/jg63jgrnjg5DjgqTjgq8g44K344OG44Kj44OQ44Kk44KvIOWwj+W+hOi7iiDjgJBBREVQVCDjgqLjg4fjg5fjg4jjgJFb44Oc44OI44Or44Kx44O844K4IOiHqui7oui7il3jgIxEUCBGbGV4IENhZ2UgRFAg44OV44Os44OD44Kv44K5IOOCseODvOOCuOOAjVtXQkMwNzhdIFttYV0g44Ot44O844OJ44OQ44Kk44KvIE1UQiDjgq/jg63jgrnjg5DjgqTjgq8g44OU44K544OI44OQ44Kk44KvIOODn+ODi+ODmeODrQ==,5LuK44Gg44GR5YWo5ZOB44Od44Kk44Oz44OIM+WAjSEhIDg2NDDlhoYo56iO6L68KeS7peS4iuOBp+mAgeaWmeeEoeaWmSEh44CC44CQQURFUFQg44Ki44OH44OX44OI44CRW+ODnOODiOODq+OCseODvOOCuCDoh6rou6Lou4pd44CMRFAgRmxleCBDYWdlIERQIOODleODrOODg+OCr+OCuSDjgrHjg7zjgrjjgI1bV0JDMDc4XSBbbWFdIOODreODvOODieODkOOCpOOCryBNVEIg44Kv44Ot44K544OQ44Kk44KvIOODlOOCueODiOODkOOCpOOCryDjg5/jg4vjg5njg60=[rn]
2-78748,aHR0cDovL3RzaG9wLnIxMHMuanAvYmljeWNsZWxhYi9jYWJpbmV0L2J0YzFfOTkvY3liYzAwMDhfbW9iaWxlMDEuanBnP2ZpdGluPTcwMDo3MDA=,MzcxMi4wMDAw,,44K544Od44O844OE44O744Ki44Km44OI44OJ44KiID4g6Ieq6Lui6LuK44O744K144Kk44Kv44Oq44Oz44KwID4g6Ieq6Lui6LuK55So44Ki44Kv44K744K144Oq44O8ID4g44Oc44OI44Or44Kx44O844K4,44CQ44Oc44OI44Or44Kx44O844K4IFRJT0dBIOOCv+OCpOOCquOCrOOAkeOAjFRpIEJvdHRsZSBDYWdlIOODgeOCv+ODs+ODnOODiOODq+OCseODvOOCuOOAjVtXQkMwMzZdIFttYV0g6Ieq6Lui6LuKIOODreODvOODieODkOOCpOOCryDjgq/jg63jgrnjg5DjgqTjgq8gTVRCIOODrOODvOOCueODnOODiOODqyDjg4njg6rjg7Pjgq/jg5zjg4jjg6s=,5LuK44Gg44GR5YWo5ZOB44Od44Kk44Oz44OIM+WAjSEhIDg2NDDlhoYo56iO6L68KeS7peS4iuOBp+mAgeaWmeeEoeaWmSEh,PGltZyBzcmM9Imh0dHA6Ly9pbWFnZS5yYWt1dGVuLmNvLmpwL2JpY3ljbGVsYWIvY2FiaW5ldC9vdGhlci9jYXJ0X2JvdHRsZWNhZ2UuZ2lmIiBib3JkZXI9IjAiPjxicj48YnI+PGJyPjxzdHlsZSBUWVBFPSJ0ZXh0L2NzcyI+CnRkLmludmVudG9yeSBmb250e2ZvbnQtc2l6ZToxMHB4O2xpbmUtaGVpZ2h0OjE1MCU7Y29sb3I6Izg4ODg4ODt9Cjwvc3R5bGU+,44CQ44Oc44OI44Or44Kx44O844K4IFRJT0dBIOOCv+OCpOOCquOCrOOAkeOAjFRpIEJvdHRsZSBDYWdlIOODgeOCv+ODs+ODnOODiOODq+OCseODvOOCuOOAjVtXQkMwMzZdIFttYV0g6Ieq6Lui6LuKIOODreODvOODieODkOOCpOOCryDjgq/jg63jgrnjg5DjgqTjgq8gTVRCIOODrOODvOOCueODnOODiOODqyDjg4njg6rjg7Pjgq/jg5zjg4jjg6vvvJroh6rou6Lou4rjgarmr47ml6XjgIDjg5DjgqTjgrfjgq/jg6vjg6njg5w=,6Ieq6Lui6LuKIOODreODvOODieODkOOCpOOCryDjg57jgqbjg7Pjg4bjg7Pjg5DjgqTjgq8gTVRCIEJNWCDjgq/jg63jgrnjg5DjgqTjgq8g44K344OG44Kj44OQ44Kk44KvIOWwj+W+hOi7iuODmOODq+ODoeODg+ODiCDjgqvjgq4g44Ot44OD44KvIOODneODs+ODlyDjg6njgqTjg4gg44OE44O844OrIOOCsOODquODg+ODlyDjg5Djg7zjg4bjg7zjg5cg44Kw44Ot44O844OWIOOCv+OCpOODpCDjg4/jg7Pjg4njg6vjg5Djg7wg44OQ44O844Ko44Oz44OJIOOCueODhuODoCDjgrXjgqTjgq/jg6vjgrPjg7Pjg5Tjg6Xjg7zjgr8g44K144OJ44OrIOODmuODgOODqyDjg4jjg7zjgq/jg6rjg4Pjg5cg44Oc44OI44OrIOODnOODiOODq+OCseODvOOCuCDjg5Djg4PjgrAg44OQ44OD44Kv44OR44OD44KvIOOCreODo+ODquOCouODvCDjg5Xjgqfjg7Pjg4Djg7zovKrooYzooosg44OG44Oz44OIIOOCq+ODkOODvCDjg5njg5Pjg7zjgrfjg7zjg4gg44K544K/44Oz44OJIOOCteOCpOODieOCueOCv+ODs+ODiSDjg4Hjg6Xjg7zjg5Yg44Oq44Og44OG44O844OXIOODn+ODqeODvCDjg5njg6sg44OQ44Or44OW44Kt44Oj44OD44OXIOODkeODs+OCr+S/rueQhuOCreODg+ODiCDjgrHjgqIg44Kq44Kk44OrIOOCsOODquOCuSDjgqLjg7Pjg4Djg7zjgqbjgqfjgqLjg5jjg6vjg6Hjg4Pjg4ggTEFaRVIg44Os44O844K244O8IOODrOOCpOOCtuODvCBPR0sg44Kq44O844K444O844Kx44O8IOWkp+S6uueUqCDlrZDkvpvnlKgg6Ieq6Lui6LuKIOODreODvOODieODkOOCpOOCryDjg57jgqbjg7Pjg4bjg7Pjg5DjgqTjgq8gTVRCIEJNWCDjgq/jg63jgrnjg5DjgqTjgq8g44K344OG44Kj44OQ44Kk44KvIOWwj+W+hOi7iiDjgJDjg5zjg4jjg6vjgrHjg7zjgrggVElPR0Eg44K/44Kk44Kq44Ks44CR44CMVGkgQm90dGxlIENhZ2Ug44OB44K/44Oz44Oc44OI44Or44Kx44O844K444CNW1dCQzAzNl0gW21hXSDoh6rou6Lou4og44Ot44O844OJ44OQ44Kk44KvIOOCr+ODreOCueODkOOCpOOCryBNVEIg44Os44O844K544Oc44OI44OrIOODieODquODs+OCr+ODnOODiOODqw==,5LuK44Gg44GR5YWo5ZOB44Od44Kk44Oz44OIM+WAjSEhIDg2NDDlhoYo56iO6L68KeS7peS4iuOBp+mAgeaWmeeEoeaWmSEh44CC44CQ44Oc44OI44Or44Kx44O844K4IFRJT0dBIOOCv+OCpOOCquOCrOOAkeOAjFRpIEJvdHRsZSBDYWdlIOODgeOCv+ODs+ODnOODiOODq+OCseODvOOCuOOAjVtXQkMwMzZdIFttYV0g6Ieq6Lui6LuKIOODreODvOODieODkOOCpOOCryDjgq/jg63jgrnjg5DjgqTjgq8gTVRCIOODrOODvOOCueODnOODiOODqyDjg4njg6rjg7Pjgq/jg5zjg4jjg6s=[rn]
2-78749,aHR0cDovL3RzaG9wLnIxMHMuanAvYmljeWNsZWxhYi9jYWJpbmV0L2J0YzFfOTkvY3liYzAwNzZfbW9iaWxlMDEuanBnP2ZpdGluPTcwMDo3MDA=,MTAyNC4wMDAw,,44K544Od44O844OE44O744Ki44Km44OI44OJ44KiID4g6Ieq6Lui6LuK44O744K144Kk44Kv44Oq44Oz44KwID4g6Ieq6Lui6LuK55So44Ki44Kv44K744K144Oq44O8ID4g44Oc44OI44Or44Kx44O844K4,44CQVE9QRUFLIOODiOODlOODvOOCr+OAkVvjg5zjg4jjg6vjgrHjg7zjgrgg6Ieq6Lui6LuKXeOAjE5pbmphIENhZ2UrIOODi+ODs+OCuOODoyDjgrHjg7zjgrjjg5fjg6njgrnjgI1b44OL44Oz44K444Oj44K344Oq44O844K6XSBbV0JDMDc2XSBbbWFdIOODreODvOODieODkOOCpOOCryDjgq/jg63jgrnjg5DjgqTjgq8gTVRC,5LuK44Gg44GR5YWo5ZOB44Od44Kk44Oz44OIM+WAjSEhIDg2NDDlhoYo56iO6L68KeS7peS4iuOBp+mAgeaWmeeEoeaWmSEh,PGltZyBzcmM9Imh0dHA6Ly9pbWFnZS5yYWt1dGVuLmNvLmpwL2JpY3ljbGVsYWIvY2FiaW5ldC9vdGhlci9jYXJ0X2JvdHRsZWNhZ2UuZ2lmIiBib3JkZXI9IjAiPjxicj48YnI+PGJyPjxzdHlsZSBUWVBFPSJ0ZXh0L2NzcyI+CnRkLmludmVudG9yeSBmb250e2ZvbnQtc2l6ZToxMHB4O2xpbmUtaGVpZ2h0OjE1MCU7Y29sb3I6Izg4ODg4ODt9Cjwvc3R5bGU+,44CQVE9QRUFLIOODiOODlOODvOOCr+OAkVvjg5zjg4jjg6vjgrHjg7zjgrgg6Ieq6Lui6LuKXeOAjE5pbmphIENhZ2UrIOODi+ODs+OCuOODoyDjgrHjg7zjgrjjg5fjg6njgrnjgI1b44OL44Oz44K444Oj44K344Oq44O844K6XSBbV0JDMDc2XSBbbWFdIOODreODvOODieODkOOCpOOCryDjgq/jg63jgrnjg5DjgqTjgq8gTVRC77ya6Ieq6Lui6LuK44Gq5q+O5pel44CA44OQ44Kk44K344Kv44Or44Op44Oc,6Ieq6Lui6LuKIOODreODvOODieODkOOCpOOCryDjg57jgqbjg7Pjg4bjg7Pjg5DjgqTjgq8gTVRCIEJNWCDjgq/jg63jgrnjg5DjgqTjgq8g44K344OG44Kj44OQ44Kk44KvIOWwj+W+hOi7iuODmOODq+ODoeODg+ODiCDjgqvjgq4g44Ot44OD44KvIOODneODs+ODlyDjg6njgqTjg4gg44OE44O844OrIOOCsOODquODg+ODlyDjg5Djg7zjg4bjg7zjg5cg44Kw44Ot44O844OWIOOCv+OCpOODpCDjg4/jg7Pjg4njg6vjg5Djg7wg44OQ44O844Ko44Oz44OJIOOCueODhuODoCDjgrXjgqTjgq/jg6vjgrPjg7Pjg5Tjg6Xjg7zjgr8g44K144OJ44OrIOODmuODgOODqyDjg4jjg7zjgq/jg6rjg4Pjg5cg44Oc44OI44OrIOODnOODiOODq+OCseODvOOCuCDjg5Djg4PjgrAg44OQ44OD44Kv44OR44OD44KvIOOCreODo+ODquOCouODvCDjg5Xjgqfjg7Pjg4Djg7zovKrooYzooosg44OG44Oz44OIIOOCq+ODkOODvCDjg5njg5Pjg7zjgrfjg7zjg4gg44K544K/44Oz44OJIOOCteOCpOODieOCueOCv+ODs+ODiSDjg4Hjg6Xjg7zjg5Yg44Oq44Og44OG44O844OXIOODn+ODqeODvCDjg5njg6sg44OQ44Or44OW44Kt44Oj44OD44OXIOODkeODs+OCr+S/rueQhuOCreODg+ODiCDjgrHjgqIg44Kq44Kk44OrIOOCsOODquOCuSDjgqLjg7Pjg4Djg7zjgqbjgqfjgqLjg5jjg6vjg6Hjg4Pjg4ggTEFaRVIg44Os44O844K244O8IOODrOOCpOOCtuODvCBPR0sg44Kq44O844K444O844Kx44O8IOWkp+S6uueUqCDlrZDkvpvnlKgg6Ieq6Lui6LuKIOODreODvOODieODkOOCpOOCryDjg57jgqbjg7Pjg4bjg7Pjg5DjgqTjgq8gTVRCIEJNWCDjgq/jg63jgrnjg5DjgqTjgq8g44K344OG44Kj44OQ44Kk44KvIOWwj+W+hOi7iiDjgJBUT1BFQUsg44OI44OU44O844Kv44CRW+ODnOODiOODq+OCseODvOOCuCDoh6rou6Lou4pd44CMTmluamEgQ2FnZSsg44OL44Oz44K444OjIOOCseODvOOCuOODl+ODqeOCueOAjVvjg4vjg7Pjgrjjg6Pjgrfjg6rjg7zjgrpdIFtXQkMwNzZdIFttYV0g44Ot44O844OJ44OQ44Kk44KvIOOCr+ODreOCueODkOOCpOOCryBNVEI=,5LuK44Gg44GR5YWo5ZOB44Od44Kk44Oz44OIM+WAjSEhIDg2NDDlhoYo56iO6L68KeS7peS4iuOBp+mAgeaWmeeEoeaWmSEh44CC44CQVE9QRUFLIOODiOODlOODvOOCr+OAkVvjg5zjg4jjg6vjgrHjg7zjgrgg6Ieq6Lui6LuKXeOAjE5pbmphIENhZ2UrIOODi+ODs+OCuOODoyDjgrHjg7zjgrjjg5fjg6njgrnjgI1b44OL44Oz44K444Oj44K344Oq44O844K6XSBbV0JDMDc2XSBbbWFdIOODreODvOODieODkOOCpOOCryDjgq/jg63jgrnjg5DjgqTjgq8gTVRC[rn]
2-78750,aHR0cDovL3RzaG9wLnIxMHMuanAvYmljeWNsZWxhYi9jYWJpbmV0L2J0YzFfOTkvY3liYzAwMDlfbW9iaWxlMDFfMDIuanBnP2ZpdGluPTcwMDo3MDA=,NTEyLjAwMDA=,,44K544Od44O844OE44O744Ki44Km44OI44OJ44KiID4g6Ieq6Lui6LuK44O744K144Kk44Kv44Oq44Oz44KwID4g6Ieq6Lui6LuK55So44Ki44Kv44K744K144Oq44O8ID4g44Oc44OI44Or44Kx44O844K4,44CQ44Oc44OI44Or44Kx44O844K4IFRPUEVBSyDjg4jjg5Tjg7zjgq/jgJHjgIxNb2R1bGEgQ2FnZSBFWCDjg6Ljgrjjg6Xjg6njg7zjgrHjg7zjgrggRVjjgI1bV0JDMDM0XSBbbWFdIOiHqui7oui7iiDjg6zjg7zjgrnjg5zjg4jjg6sg44OJ44Oq44Oz44Kv44Oc44OI44OrIOODreODvOODieODkOOCpOOCryDjgq/jg63jgrnjg5DjgqTjgq8gTVRC44CQUuOAkQ==,5LuK44Gg44GR5YWo5ZOB44Od44Kk44Oz44OIM+WAjSEhIDg2NDDlhoYo56iO6L68KeS7peS4iuOBp+mAgeaWmeeEoeaWmSEh,PGJyIC8+CuODoeODvOOCq+ODvOW4jOacm+Wwj+WjsuS+oeagvOOBr+ODoeODvOOCq+ODvOOCteOCpOODiOOBq+WfuuOBpeOBhOOBpuaOsui8ieOBl+OBpuOBhOOBvuOBmTxicj48YnI+Cgo8aW1nIHNyYz0iaHR0cDovL2ltYWdlLnJha3V0ZW4uY28uanAvYmljeWNsZWxhYi9jYWJpbmV0L290aGVyL2NhcnRfYm90dGxlY2FnZS5naWYiIGJvcmRlcj0iMCI+PGJyPjxicj48YnI+PHN0eWxlIFRZUEU9InRleHQvY3NzIj4KdGQuaW52ZW50b3J5IGZvbnR7Zm9udC1zaXplOjEwcHg7bGluZS1oZWlnaHQ6MTUwJTtjb2xvcjojODg4ODg4O30KPC9zdHlsZT4=,44CQ44Oc44OI44Or44Kx44O844K4IFRPUEVBSyDjg4jjg5Tjg7zjgq/jgJHjgIxNb2R1bGEgQ2FnZSBFWCDjg6Ljgrjjg6Xjg6njg7zjgrHjg7zjgrggRVjjgI1bV0JDMDM0XSBbbWFdIOiHqui7oui7iiDjg6zjg7zjgrnjg5zjg4jjg6sg44OJ44Oq44Oz44Kv44Oc44OI44OrIOODreODvOODieODkOOCpOOCryDjgq/jg63jgrnjg5DjgqTjgq8gTVRC44CQUuOAke+8muiHqui7oui7iuOBquavjuaXpeOAgOODkOOCpOOCt+OCr+ODq+ODqeODnA==,6Ieq6Lui6LuKIOODreODvOODieODkOOCpOOCryDjg57jgqbjg7Pjg4bjg7Pjg5DjgqTjgq8gTVRCIEJNWCDjgq/jg63jgrnjg5DjgqTjgq8g44K344OG44Kj44OQ44Kk44KvIOWwj+W+hOi7iuODmOODq+ODoeODg+ODiCDjgqvjgq4g44Ot44OD44KvIOODneODs+ODlyDjg6njgqTjg4gg44OE44O844OrIOOCsOODquODg+ODlyDjg5Djg7zjg4bjg7zjg5cg44Kw44Ot44O844OWIOOCv+OCpOODpCDjg4/jg7Pjg4njg6vjg5Djg7wg44OQ44O844Ko44Oz44OJIOOCueODhuODoCDjgrXjgqTjgq/jg6vjgrPjg7Pjg5Tjg6Xjg7zjgr8g44K144OJ44OrIOODmuODgOODqyDjg4jjg7zjgq/jg6rjg4Pjg5cg44Oc44OI44OrIOODnOODiOODq+OCseODvOOCuCDjg5Djg4PjgrAg44OQ44OD44Kv44OR44OD44KvIOOCreODo+ODquOCouODvCDjg5Xjgqfjg7Pjg4Djg7zovKrooYzooosg44OG44Oz44OIIOOCq+ODkOODvCDjg5njg5Pjg7zjgrfjg7zjg4gg44K544K/44Oz44OJIOOCteOCpOODieOCueOCv+ODs+ODiSDjg4Hjg6Xjg7zjg5Yg44Oq44Og44OG44O844OXIOODn+ODqeODvCDjg5njg6sg44OQ44Or44OW44Kt44Oj44OD44OXIOODkeODs+OCr+S/rueQhuOCreODg+ODiCDjgrHjgqIg44Kq44Kk44OrIOOCsOODquOCuSDjgqLjg7Pjg4Djg7zjgqbjgqfjgqLjg5jjg6vjg6Hjg4Pjg4ggTEFaRVIg44Os44O844K244O8IOODrOOCpOOCtuODvCBPR0sg44Kq44O844K444O844Kx44O8IOWkp+S6uueUqCDlrZDkvpvnlKgg6Ieq6Lui6LuKIOODreODvOODieODkOOCpOOCryDjg57jgqbjg7Pjg4bjg7Pjg5DjgqTjgq8gTVRCIEJNWCDjgq/jg63jgrnjg5DjgqTjgq8g44K344OG44Kj44OQ44Kk44KvIOWwj+W+hOi7iiDjgJDjg5zjg4jjg6vjgrHjg7zjgrggVE9QRUFLIOODiOODlOODvOOCr+OAkeOAjE1vZHVsYSBDYWdlIEVYIOODouOCuOODpeODqeODvOOCseODvOOCuCBFWOOAjVtXQkMwMzRdIFttYV0g6Ieq6Lui6LuKIOODrOODvOOCueODnOODiOODqyDjg4njg6rjg7Pjgq/jg5zjg4jjg6sg44Ot44O844OJ44OQ44Kk44KvIOOCr+ODreOCueODkOOCpOOCryBNVELjgJBS44CR,5LuK44Gg44GR5YWo5ZOB44Od44Kk44Oz44OIM+WAjSEhIDg2NDDlhoYo56iO6L68KeS7peS4iuOBp+mAgeaWmeeEoeaWmSEh44CC44CQ44Oc44OI44Or44Kx44O844K4IFRPUEVBSyDjg4jjg5Tjg7zjgq/jgJHjgIxNb2R1bGEgQ2FnZSBFWCDjg6Ljgrjjg6Xjg6njg7zjgrHjg7zjgrggRVjjgI1bV0JDMDM0XSBbbWFdIOiHqui7oui7iiDjg6zjg7zjgrnjg5zjg4jjg6sg44OJ44Oq44Oz44Kv44Oc44OI44OrIOODreODvOODieODkOOCpOOCryDjgq/jg63jgrnjg5DjgqTjgq8gTVRC44CQUuOAkQ==[rn]
2-78751,aHR0cDovL3RzaG9wLnIxMHMuanAvYmljeWNsZWxhYi9jYWJpbmV0L2J0bDFfOTkvY3lidDAwMjVfbW9iaWxlMDEuanBnP2ZpdGluPTcwMDo3MDA=,OTM2LjAwMDA=,,44K544Od44O844OE44O744Ki44Km44OI44OJ44KiID4g6Ieq6Lui6LuK44O744K144Kk44Kv44Oq44Oz44KwID4g6Ieq6Lui6LuK55So44Ki44Kv44K744K144Oq44O8ID4g44Oc44OI44Or44Kx44O844K4,44CQS29hbGEgQm90dGxlIOOCs+OCouODqeODnOODiOODq+OAkVvno4HmsJfjg6rjg7PjgrAg6Ieq6Lui6LuKXeOAjEtCIE1hZ25ldGljIFJpbmdzIOOCs+OCouODqeODnOODiOODqyDjg57jgrDjg43jg4bjgqPjg4Pjgq/jg6rjg7PjgrDjgI1bMuWAi+OCu+ODg+ODiF0gW0tCUzAwMDNdIFthel0g54m55a6a44Gu44K544Oa44K344Oj44Op44Kk44K644OJ6KO944Gu44Oc44OI44Or44Gr6KOF552A5Y+v6IO9IOODrOODvOOCueODnOODiOODqyDjg63jg7zjg4njg5DjgqTjgq8gTVRCIOODieODquODs+OCr+ODnOODiOODq+OAkFLjgJE=,5LuK44Gg44GR5YWo5ZOB44Od44Kk44Oz44OIM+WAjSEhIDg2NDDlhoYo56iO6L68KeS7peS4iuOBp+mAgeaWmeeEoeaWmSEh,PGltZyBzcmM9Imh0dHA6Ly9pbWFnZS5yYWt1dGVuLmNvLmpwL2JpY3ljbGVsYWIvY2FiaW5ldC9vdGhlci9jYXJ0X2JvdHRsZS5naWYiIGJvcmRlcj0iMCI+PGJyPjxicj48YnI+PHN0eWxlIFRZUEU9InRleHQvY3NzIj4KdGQuaW52ZW50b3J5IGZvbnR7Zm9udC1zaXplOjEwcHg7bGluZS1oZWlnaHQ6MTUwJTtjb2xvcjojODg4ODg4O30KPC9zdHlsZT4=,44CQS29hbGEgQm90dGxlIOOCs+OCouODqeODnOODiOODq+OAkVvno4HmsJfjg6rjg7PjgrAg6Ieq6Lui6LuKXeOAjEtCIE1hZ25ldGljIFJpbmdzIOOCs+OCouODqeODnOODiOODqyDjg57jgrDjg43jg4bjgqPjg4Pjgq/jg6rjg7PjgrDjgI1bMuWAi+OCu+ODg+ODiF0gW0tCUzAwMDNdIFthel0g54m55a6a44Gu44K544Oa44K344Oj44Op44Kk44K644OJ6KO944Gu44Oc44OI44Or44Gr6KOF552A5Y+v6IO9IOODrOODvOOCueODnOODiOODqyDjg63jg7zjg4njg5DjgqTjgq8gTVRCIOODieODquODs+OCr+ODnOODiOODq+OAkFLjgJHvvJroh6rou6Lou4rjgarmr47ml6XjgIDjg5DjgqTjgrfjgq/jg6vjg6njg5w=,6Ieq6Lui6LuKIOODreODvOODieODkOOCpOOCryDjg57jgqbjg7Pjg4bjg7Pjg5DjgqTjgq8gTVRCIEJNWCDjgq/jg63jgrnjg5DjgqTjgq8g44K344OG44Kj44OQ44Kk44KvIOWwj+W+hOi7iuODmOODq+ODoeODg+ODiCDjgqvjgq4g44Ot44OD44KvIOODneODs+ODlyDjg6njgqTjg4gg44OE44O844OrIOOCsOODquODg+ODlyDjg5Djg7zjg4bjg7zjg5cg44Kw44Ot44O844OWIOOCv+OCpOODpCDjg4/jg7Pjg4njg6vjg5Djg7wg44OQ44O844Ko44Oz44OJIOOCueODhuODoCDjgrXjgqTjgq/jg6vjgrPjg7Pjg5Tjg6Xjg7zjgr8g44K144OJ44OrIOODmuODgOODqyDjg4jjg7zjgq/jg6rjg4Pjg5cg44Oc44OI44OrIOODnOODiOODq+OCseODvOOCuCDjg5Djg4PjgrAg44OQ44OD44Kv44OR44OD44KvIOOCreODo+ODquOCouODvCDjg5Xjgqfjg7Pjg4Djg7zovKrooYzooosg44OG44Oz44OIIOOCq+ODkOODvCDjg5njg5Pjg7zjgrfjg7zjg4gg44K544K/44Oz44OJIOOCteOCpOODieOCueOCv+ODs+ODiSDjg4Hjg6Xjg7zjg5Yg44Oq44Og44OG44O844OXIOODn+ODqeODvCDjg5njg6sg44OQ44Or44OW44Kt44Oj44OD44OXIOODkeODs+OCr+S/rueQhuOCreODg+ODiCDjgrHjgqIg44Kq44Kk44OrIOOCsOODquOCuSDjgqLjg7Pjg4Djg7zjgqbjgqfjgqLjg5jjg6vjg6Hjg4Pjg4ggTEFaRVIg44Os44O844K244O8IOODrOOCpOOCtuODvCBPR0sg44Kq44O844K444O844Kx44O8IOWkp+S6uueUqCDlrZDkvpvnlKgg6Ieq6Lui6LuKIOODreODvOODieODkOOCpOOCryDjg57jgqbjg7Pjg4bjg7Pjg5DjgqTjgq8gTVRCIEJNWCDjgq/jg63jgrnjg5DjgqTjgq8g44K344OG44Kj44OQ44Kk44KvIOWwj+W+hOi7iiDjgJBLb2FsYSBCb3R0bGUg44Kz44Ki44Op44Oc44OI44Or44CRW+ejgeawl+ODquODs+OCsCDoh6rou6Lou4pd44CMS0IgTWFnbmV0aWMgUmluZ3Mg44Kz44Ki44Op44Oc44OI44OrIOODnuOCsOODjeODhuOCo+ODg+OCr+ODquODs+OCsOOAjVsy5YCL44K744OD44OIXSBbS0JTMDAwM10gW2F6XSDnibnlrprjga7jgrnjg5rjgrfjg6Pjg6njgqTjgrrjg4noo73jga7jg5zjg4jjg6vjgavoo4XnnYDlj6/og70g44Os44O844K544Oc44OI44OrIOODreODvOODieODkOOCpOOCryBNVEIg44OJ44Oq44Oz44Kv44Oc44OI44Or44CQUuOAkQ==,5LuK44Gg44GR5YWo5ZOB44Od44Kk44Oz44OIM+WAjSEhIDg2NDDlhoYo56iO6L68KeS7peS4iuOBp+mAgeaWmeeEoeaWmSEh44CC44CQS29hbGEgQm90dGxlIOOCs+OCouODqeODnOODiOODq+OAkVvno4HmsJfjg6rjg7PjgrAg6Ieq6Lui6LuKXeOAjEtCIE1hZ25ldGljIFJpbmdzIOOCs+OCouODqeODnOODiOODqyDjg57jgrDjg43jg4bjgqPjg4Pjgq/jg6rjg7PjgrDjgI1bMuWAi+OCu+ODg+ODiF0gW0tCUzAwMDNdIFthel0g54m55a6a44Gu44K544Oa44K344Oj44Op44Kk44K644OJ6KO944Gu44Oc44OI44Or44Gr6KOF552A5Y+v6IO9IOODrOODvOOCueODnOODiOODqyDjg63jg7zjg4njg5DjgqTjgq8gTVRCIOODieODquODs+OCr+ODnOODiOODq+OAkFLjgJE=[rn]
2-78752,aHR0cDovL3RzaG9wLnIxMHMuanAvYmljeWNsZWxhYi9jYWJpbmV0L2J0YzFfOTkvY3liYzAwMDdfbW9iaWxlMDEuanBnP2ZpdGluPTcwMDo3MDA=,MTAyNC4wMDAw,,44K544Od44O844OE44O744Ki44Km44OI44OJ44KiID4g6Ieq6Lui6LuK44O744K144Kk44Kv44Oq44Oz44KwID4g6Ieq6Lui6LuK55So44Ki44Kv44K744K144Oq44O8ID4g44Oc44OI44Or44Kx44O844K4,44CQ44Oc44OI44Or44Kx44O844K4IFRJT0dBIOOCv+OCpOOCquOCrOOAkeOAjFN0YWlubGVzcyBCb3R0bGUgQ2FnZSDjgrnjg4bjg7Pjg6zjgrnjg5zjg4jjg6vjgrHjg7zjgrjjgI1bV0JDMDM1XSBbbWFdIOiHqui7oui7iiDjg63jg7zjg4njg5DjgqTjgq8g44Kv44Ot44K544OQ44Kk44KvIE1UQiDjg6zjg7zjgrnjg5zjg4jjg6sg44OJ44Oq44Oz44Kv44Oc44OI44Or,5LuK44Gg44GR5YWo5ZOB44Od44Kk44Oz44OIM+WAjSEhIDg2NDDlhoYo56iO6L68KeS7peS4iuOBp+mAgeaWmeeEoeaWmSEh,PGltZyBzcmM9Imh0dHA6Ly9pbWFnZS5yYWt1dGVuLmNvLmpwL2JpY3ljbGVsYWIvY2FiaW5ldC9vdGhlci9jYXJ0X2JvdHRsZWNhZ2UuZ2lmIiBib3JkZXI9IjAiPjxicj48YnI+PGJyPjxzdHlsZSBUWVBFPSJ0ZXh0L2NzcyI+CnRkLmludmVudG9yeSBmb250e2ZvbnQtc2l6ZToxMHB4O2xpbmUtaGVpZ2h0OjE1MCU7Y29sb3I6Izg4ODg4ODt9Cjwvc3R5bGU+,44CQ44Oc44OI44Or44Kx44O844K4IFRJT0dBIOOCv+OCpOOCquOCrOOAkeOAjFN0YWlubGVzcyBCb3R0bGUgQ2FnZSDjgrnjg4bjg7Pjg6zjgrnjg5zjg4jjg6vjgrHjg7zjgrjjgI1bV0JDMDM1XSBbbWFdIOiHqui7oui7iiDjg63jg7zjg4njg5DjgqTjgq8g44Kv44Ot44K544OQ44Kk44KvIE1UQiDjg6zjg7zjgrnjg5zjg4jjg6sg44OJ44Oq44Oz44Kv44Oc44OI44Or77ya6Ieq6Lui6LuK44Gq5q+O5pel44CA44OQ44Kk44K344Kv44Or44Op44Oc,6Ieq6Lui6LuKIOODreODvOODieODkOOCpOOCryDjg57jgqbjg7Pjg4bjg7Pjg5DjgqTjgq8gTVRCIEJNWCDjgq/jg63jgrnjg5DjgqTjgq8g44K344OG44Kj44OQ44Kk44KvIOWwj+W+hOi7iuODmOODq+ODoeODg+ODiCDjgqvjgq4g44Ot44OD44KvIOODneODs+ODlyDjg6njgqTjg4gg44OE44O844OrIOOCsOODquODg+ODlyDjg5Djg7zjg4bjg7zjg5cg44Kw44Ot44O844OWIOOCv+OCpOODpCDjg4/jg7Pjg4njg6vjg5Djg7wg44OQ44O844Ko44Oz44OJIOOCueODhuODoCDjgrXjgqTjgq/jg6vjgrPjg7Pjg5Tjg6Xjg7zjgr8g44K144OJ44OrIOODmuODgOODqyDjg4jjg7zjgq/jg6rjg4Pjg5cg44Oc44OI44OrIOODnOODiOODq+OCseODvOOCuCDjg5Djg4PjgrAg44OQ44OD44Kv44OR44OD44KvIOOCreODo+ODquOCouODvCDjg5Xjgqfjg7Pjg4Djg7zovKrooYzooosg44OG44Oz44OIIOOCq+ODkOODvCDjg5njg5Pjg7zjgrfjg7zjg4gg44K544K/44Oz44OJIOOCteOCpOODieOCueOCv+ODs+ODiSDjg4Hjg6Xjg7zjg5Yg44Oq44Og44OG44O844OXIOODn+ODqeODvCDjg5njg6sg44OQ44Or44OW44Kt44Oj44OD44OXIOODkeODs+OCr+S/rueQhuOCreODg+ODiCDjgrHjgqIg44Kq44Kk44OrIOOCsOODquOCuSDjgqLjg7Pjg4Djg7zjgqbjgqfjgqLjg5jjg6vjg6Hjg4Pjg4ggTEFaRVIg44Os44O844K244O8IOODrOOCpOOCtuODvCBPR0sg44Kq44O844K444O844Kx44O8IOWkp+S6uueUqCDlrZDkvpvnlKgg6Ieq6Lui6LuKIOODreODvOODieODkOOCpOOCryDjg57jgqbjg7Pjg4bjg7Pjg5DjgqTjgq8gTVRCIEJNWCDjgq/jg63jgrnjg5DjgqTjgq8g44K344OG44Kj44OQ44Kk44KvIOWwj+W+hOi7iiDjgJDjg5zjg4jjg6vjgrHjg7zjgrggVElPR0Eg44K/44Kk44Kq44Ks44CR44CMU3RhaW5sZXNzIEJvdHRsZSBDYWdlIOOCueODhuODs+ODrOOCueODnOODiOODq+OCseODvOOCuOOAjVtXQkMwMzVdIFttYV0g6Ieq6Lui6LuKIOODreODvOODieODkOOCpOOCryDjgq/jg63jgrnjg5DjgqTjgq8gTVRCIOODrOODvOOCueODnOODiOODqyDjg4njg6rjg7Pjgq/jg5zjg4jjg6s=,5LuK44Gg44GR5YWo5ZOB44Od44Kk44Oz44OIM+WAjSEhIDg2NDDlhoYo56iO6L68KeS7peS4iuOBp+mAgeaWmeeEoeaWmSEh44CC44CQ44Oc44OI44Or44Kx44O844K4IFRJT0dBIOOCv+OCpOOCquOCrOOAkeOAjFN0YWlubGVzcyBCb3R0bGUgQ2FnZSDjgrnjg4bjg7Pjg6zjgrnjg5zjg4jjg6vjgrHjg7zjgrjjgI1bV0JDMDM1XSBbbWFdIOiHqui7oui7iiDjg63jg7zjg4njg5DjgqTjgq8g44Kv44Ot44K544OQ44Kk44KvIE1UQiDjg6zjg7zjgrnjg5zjg4jjg6sg44OJ44Oq44Oz44Kv44Oc44OI44Or[rn]
2-78753,aHR0cDovL3RzaG9wLnIxMHMuanAvYmljeWNsZWxhYi9jYWJpbmV0L2J0YzFfOTkvY3liYzAwNjVfbW9iaWxlMDEuanBnP2ZpdGluPTcwMDo3MDA=,MzIwMC4wMDAw,,44K544Od44O844OE44O744Ki44Km44OI44OJ44KiID4g6Ieq6Lui6LuK44O744K144Kk44Kv44Oq44Oz44KwID4g6Ieq6Lui6LuK55So44Ki44Kv44K744K144Oq44O8ID4g44Oc44OI44Or44Kx44O844K4,44CQT0dLIEtBQlVUTyDjgqrjg7zjgrjjg7zjgrHjg7zjgqvjg5bjg4jjgJFb44Oc44OI44Or44Kx44O844K4IOiHqui7oui7il3jgIxSQy0xMCDjg5Xjg6vjgqvjg7zjg5zjg7Mg44Oc44OI44Or44Kx44O844K444CNW+ODrOODvOOCteODvOODnOODiOODq+WvvuW/nF0gW1JDLTEwXSBbbm9dIOODreODvOODieODkOOCpOOCryDjgq/jg63jgrnjg5DjgqTjgq8gTVRCIOODhOODvOODq+OCseODvOOCuSDjg4njg6rjg7Pjgq/jg5vjg6vjg4Djg7w=,5LuK44Gg44GR5YWo5ZOB44Od44Kk44Oz44OIM+WAjSEhIDg2NDDlhoYo56iO6L68KeS7peS4iuOBp+mAgeaWmeeEoeaWmSEh,PGltZyBzcmM9Imh0dHA6Ly9pbWFnZS5yYWt1dGVuLmNvLmpwL2JpY3ljbGVsYWIvY2FiaW5ldC9vdGhlci9jYXJ0X2JvdHRsZWNhZ2UuZ2lmIiBib3JkZXI9IjAiPjxicj48YnI+PGJyPjxzdHlsZSBUWVBFPSJ0ZXh0L2NzcyI+CnRkLmludmVudG9yeSBmb250e2ZvbnQtc2l6ZToxMHB4O2xpbmUtaGVpZ2h0OjE1MCU7Y29sb3I6Izg4ODg4ODt9Cjwvc3R5bGU+,44CQT0dLIEtBQlVUTyDjgqrjg7zjgrjjg7zjgrHjg7zjgqvjg5bjg4jjgJFb44Oc44OI44Or44Kx44O844K4IOiHqui7oui7il3jgIxSQy0xMCDjg5Xjg6vjgqvjg7zjg5zjg7Mg44Oc44OI44Or44Kx44O844K444CNW+ODrOODvOOCteODvOODnOODiOODq+WvvuW/nF0gW1JDLTEwXSBbbm9dIOODreODvOODieODkOOCpOOCryDjgq/jg63jgrnjg5DjgqTjgq8gTVRCIOODhOODvOODq+OCseODvOOCuSDjg4njg6rjg7Pjgq/jg5vjg6vjg4Djg7zvvJroh6rou6Lou4rjgarmr47ml6XjgIDjg5DjgqTjgrfjgq/jg6vjg6njg5w=,6Ieq6Lui6LuKIOODreODvOODieODkOOCpOOCryDjg57jgqbjg7Pjg4bjg7Pjg5DjgqTjgq8gTVRCIEJNWCDjgq/jg63jgrnjg5DjgqTjgq8g44K344OG44Kj44OQ44Kk44KvIOWwj+W+hOi7iuODmOODq+ODoeODg+ODiCDjgqvjgq4g44Ot44OD44KvIOODneODs+ODlyDjg6njgqTjg4gg44OE44O844OrIOOCsOODquODg+ODlyDjg5Djg7zjg4bjg7zjg5cg44Kw44Ot44O844OWIOOCv+OCpOODpCDjg4/jg7Pjg4njg6vjg5Djg7wg44OQ44O844Ko44Oz44OJIOOCueODhuODoCDjgrXjgqTjgq/jg6vjgrPjg7Pjg5Tjg6Xjg7zjgr8g44K144OJ44OrIOODmuODgOODqyDjg4jjg7zjgq/jg6rjg4Pjg5cg44Oc44OI44OrIOODnOODiOODq+OCseODvOOCuCDjg5Djg4PjgrAg44OQ44OD44Kv44OR44OD44KvIOOCreODo+ODquOCouODvCDjg5Xjgqfjg7Pjg4Djg7zovKrooYzooosg44OG44Oz44OIIOOCq+ODkOODvCDjg5njg5Pjg7zjgrfjg7zjg4gg44K544K/44Oz44OJIOOCteOCpOODieOCueOCv+ODs+ODiSDjg4Hjg6Xjg7zjg5Yg44Oq44Og44OG44O844OXIOODn+ODqeODvCDjg5njg6sg44OQ44Or44OW44Kt44Oj44OD44OXIOODkeODs+OCr+S/rueQhuOCreODg+ODiCDjgrHjgqIg44Kq44Kk44OrIOOCsOODquOCuSDjgqLjg7Pjg4Djg7zjgqbjgqfjgqLjg5jjg6vjg6Hjg4Pjg4ggTEFaRVIg44Os44O844K244O8IOODrOOCpOOCtuODvCBPR0sg44Kq44O844K444O844Kx44O8IOWkp+S6uueUqCDlrZDkvpvnlKgg6Ieq6Lui6LuKIOODreODvOODieODkOOCpOOCryDjg57jgqbjg7Pjg4bjg7Pjg5DjgqTjgq8gTVRCIEJNWCDjgq/jg63jgrnjg5DjgqTjgq8g44K344OG44Kj44OQ44Kk44KvIOWwj+W+hOi7iiDjgJBPR0sgS0FCVVRPIOOCquODvOOCuOODvOOCseODvOOCq+ODluODiOOAkVvjg5zjg4jjg6vjgrHjg7zjgrgg6Ieq6Lui6LuKXeOAjFJDLTEwIOODleODq+OCq+ODvOODnOODsyDjg5zjg4jjg6vjgrHjg7zjgrjjgI1b44Os44O844K144O844Oc44OI44Or5a++5b+cXSBbUkMtMTBdIFtub10g44Ot44O844OJ44OQ44Kk44KvIOOCr+ODreOCueODkOOCpOOCryBNVEIg44OE44O844Or44Kx44O844K5IOODieODquODs+OCr+ODm+ODq+ODgOODvA==,5LuK44Gg44GR5YWo5ZOB44Od44Kk44Oz44OIM+WAjSEhIDg2NDDlhoYo56iO6L68KeS7peS4iuOBp+mAgeaWmeeEoeaWmSEh44CC44CQT0dLIEtBQlVUTyDjgqrjg7zjgrjjg7zjgrHjg7zjgqvjg5bjg4jjgJFb44Oc44OI44Or44Kx44O844K4IOiHqui7oui7il3jgIxSQy0xMCDjg5Xjg6vjgqvjg7zjg5zjg7Mg44Oc44OI44Or44Kx44O844K444CNW+ODrOODvOOCteODvOODnOODiOODq+WvvuW/nF0gW1JDLTEwXSBbbm9dIOODreODvOODieODkOOCpOOCryDjgq/jg63jgrnjg5DjgqTjgq8gTVRCIOODhOODvOODq+OCseODvOOCuSDjg4njg6rjg7Pjgq/jg5vjg6vjg4Djg7w=[rn]
2-78754,aHR0cDovL3RzaG9wLnIxMHMuanAvYmljeWNsZWxhYi9jYWJpbmV0L2J0YzFfOTkvY3liYzAwNDZfbW9iaWxlMDEuanBnP2ZpdGluPTcwMDo3MDA=,NDQ4LjAwMDA=,,44K544Od44O844OE44O744Ki44Km44OI44OJ44KiID4g6Ieq6Lui6LuK44O744K144Kk44Kv44Oq44Oz44KwID4g6Ieq6Lui6LuK55So44Ki44Kv44K744K144Oq44O8ID4g44Oc44OI44Or44Kx44O844K4,44CQ44Oc44OI44Or44Kx44O844K4IOiHqui7oui7iiBHUCDjgrjjg7zjg5Tjg7zjgJHjgIxOSC1CMTA5QSBBbGxveSBCb3R0bGUgQ2FnZSBOSC1CMTA5QeOCouODq+ODnyDjg5zjg4jjg6vjgrHjg7zjgrjjgI1bV0JDMDYyXSBbbWFdIOiHqui7oui7iiDjg6zjg7zjgrnjg5zjg4jjg6sg44OJ44Oq44Oz44Kv44Oc44OI44OrIOODreODvOODieODkOOCpOOCryDjgq/jg63jgrnjg5DjgqTjgq8gTVRCIEdJWkEgUFJPRFVDVFMg44Ku44K244OX44Ot44OA44Kv44OE,5LuK44Gg44GR5YWo5ZOB44Od44Kk44Oz44OIM+WAjSEhIDg2NDDlhoYo56iO6L68KeS7peS4iuOBp+mAgeaWmeeEoeaWmSEh,PGltZyBzcmM9Imh0dHA6Ly9pbWFnZS5yYWt1dGVuLmNvLmpwL2JpY3ljbGVsYWIvY2FiaW5ldC9vdGhlci9jYXJ0X2JvdHRsZWNhZ2UuZ2lmIiBib3JkZXI9IjAiPjxicj48YnI+PGJyPjxzdHlsZSBUWVBFPSJ0ZXh0L2NzcyI+CnRkLmludmVudG9yeSBmb250e2ZvbnQtc2l6ZToxMHB4O2xpbmUtaGVpZ2h0OjE1MCU7Y29sb3I6Izg4ODg4ODt9Cjwvc3R5bGU+,44CQ44Oc44OI44Or44Kx44O844K4IOiHqui7oui7iiBHUCDjgrjjg7zjg5Tjg7zjgJHjgIxOSC1CMTA5QSBBbGxveSBCb3R0bGUgQ2FnZSBOSC1CMTA5QeOCouODq+ODnyDjg5zjg4jjg6vjgrHjg7zjgrjjgI1bV0JDMDYyXSBbbWFdIOiHqui7oui7iiDjg6zjg7zjgrnjg5zjg4jjg6sg44OJ44Oq44Oz44Kv44Oc44OI44OrIOODreODvOODieODkOOCpOOCryDjgq/jg63jgrnjg5DjgqTjgq8gTVRCIEdJWkEgUFJPRFVDVFMg44Ku44K244OX44Ot44OA44Kv44OE77ya6Ieq6Lui6LuK44Gq5q+O5pel44CA44OQ44Kk44K344Kv44Or44Op44Oc,6Ieq6Lui6LuKIOODreODvOODieODkOOCpOOCryDjg57jgqbjg7Pjg4bjg7Pjg5DjgqTjgq8gTVRCIEJNWCDjgq/jg63jgrnjg5DjgqTjgq8g44K344OG44Kj44OQ44Kk44KvIOWwj+W+hOi7iuODmOODq+ODoeODg+ODiCDjgqvjgq4g44Ot44OD44KvIOODneODs+ODlyDjg6njgqTjg4gg44OE44O844OrIOOCsOODquODg+ODlyDjg5Djg7zjg4bjg7zjg5cg44Kw44Ot44O844OWIOOCv+OCpOODpCDjg4/jg7Pjg4njg6vjg5Djg7wg44OQ44O844Ko44Oz44OJIOOCueODhuODoCDjgrXjgqTjgq/jg6vjgrPjg7Pjg5Tjg6Xjg7zjgr8g44K144OJ44OrIOODmuODgOODqyDjg4jjg7zjgq/jg6rjg4Pjg5cg44Oc44OI44OrIOODnOODiOODq+OCseODvOOCuCDjg5Djg4PjgrAg44OQ44OD44Kv44OR44OD44KvIOOCreODo+ODquOCouODvCDjg5Xjgqfjg7Pjg4Djg7zovKrooYzooosg44OG44Oz44OIIOOCq+ODkOODvCDjg5njg5Pjg7zjgrfjg7zjg4gg44K544K/44Oz44OJIOOCteOCpOODieOCueOCv+ODs+ODiSDjg4Hjg6Xjg7zjg5Yg44Oq44Og44OG44O844OXIOODn+ODqeODvCDjg5njg6sg44OQ44Or44OW44Kt44Oj44OD44OXIOODkeODs+OCr+S/rueQhuOCreODg+ODiCDjgrHjgqIg44Kq44Kk44OrIOOCsOODquOCuSDjgqLjg7Pjg4Djg7zjgqbjgqfjgqLjg5jjg6vjg6Hjg4Pjg4ggTEFaRVIg44Os44O844K244O8IOODrOOCpOOCtuODvCBPR0sg44Kq44O844K444O844Kx44O8IOWkp+S6uueUqCDlrZDkvpvnlKgg6Ieq6Lui6LuKIOODreODvOODieODkOOCpOOCryDjg57jgqbjg7Pjg4bjg7Pjg5DjgqTjgq8gTVRCIEJNWCDjgq/jg63jgrnjg5DjgqTjgq8g44K344OG44Kj44OQ44Kk44KvIOWwj+W+hOi7iiDjgJDjg5zjg4jjg6vjgrHjg7zjgrgg6Ieq6Lui6LuKIEdQIOOCuOODvOODlOODvOOAkeOAjE5ILUIxMDlBIEFsbG95IEJvdHRsZSBDYWdlIE5ILUIxMDlB44Ki44Or44OfIOODnOODiOODq+OCseODvOOCuOOAjVtXQkMwNjJdIFttYV0g6Ieq6Lui6LuKIOODrOODvOOCueODnOODiOODqyDjg4njg6rjg7Pjgq/jg5zjg4jjg6sg44Ot44O844OJ44OQ44Kk44KvIOOCr+ODreOCueODkOOCpOOCryBNVEIgR0laQSBQUk9EVUNUUyDjgq7jgrbjg5fjg63jg4Djgq/jg4Q=,5LuK44Gg44GR5YWo5ZOB44Od44Kk44Oz44OIM+WAjSEhIDg2NDDlhoYo56iO6L68KeS7peS4iuOBp+mAgeaWmeeEoeaWmSEh44CC44CQ44Oc44OI44Or44Kx44O844K4IOiHqui7oui7iiBHUCDjgrjjg7zjg5Tjg7zjgJHjgIxOSC1CMTA5QSBBbGxveSBCb3R0bGUgQ2FnZSBOSC1CMTA5QeOCouODq+ODnyDjg5zjg4jjg6vjgrHjg7zjgrjjgI1bV0JDMDYyXSBbbWFdIOiHqui7oui7iiDjg6zjg7zjgrnjg5zjg4jjg6sg44OJ44Oq44Oz44Kv44Oc44OI44OrIOODreODvOODieODkOOCpOOCryDjgq/jg63jgrnjg5DjgqTjgq8gTVRCIEdJWkEgUFJPRFVDVFMg44Ku44K244OX44Ot44OA44Kv44OE[rn]
2-78755,aHR0cDovL3RzaG9wLnIxMHMuanAvYmljeWNsZWxhYi9jYWJpbmV0L2J0YzFfOTkvY3liYzAwNjJfbW9iaWxlMDEuanBnP2ZpdGluPTcwMDo3MDA=,OTI4LjAwMDA=,,44K544Od44O844OE44O744Ki44Km44OI44OJ44KiID4g6Ieq6Lui6LuK44O744K144Kk44Kv44Oq44Oz44KwID4g6Ieq6Lui6LuK55So44Ki44Kv44K744K144Oq44O8ID4g44Oc44OI44Or44Kx44O844K4,44CQT0dLIEtBQlVUTyDjgqrjg7zjgrjjg7zjgrHjg7zjgqvjg5bjg4jjgJFb44Oc44OI44Or44Kx44O844K4IOiHqui7oui7il3jgIxQQy0yIOODnOODiOODq+OCseODvOOCuOOAjVs1MDBtbOODmuODg+ODiOODnOODiOODq+WwgueUqF0gW1BDLTJdIFtub10g44Ot44O844OJ44OQ44Kk44KvIOOCr+ODreOCueODkOOCpOOCryBNVEIg44OE44O844Or44Kx44O844K5IOODieODquODs+OCr+ODm+ODq+ODgOODvA==,5LuK44Gg44GR5YWo5ZOB44Od44Kk44Oz44OIM+WAjSEhIDg2NDDlhoYo56iO6L68KeS7peS4iuOBp+mAgeaWmeeEoeaWmSEh,PGltZyBzcmM9Imh0dHA6Ly9pbWFnZS5yYWt1dGVuLmNvLmpwL2JpY3ljbGVsYWIvY2FiaW5ldC9vdGhlci9jYXJ0X2JvdHRsZWNhZ2UuZ2lmIiBib3JkZXI9IjAiPjxicj48YnI+PGJyPjxzdHlsZSBUWVBFPSJ0ZXh0L2NzcyI+CnRkLmludmVudG9yeSBmb250e2ZvbnQtc2l6ZToxMHB4O2xpbmUtaGVpZ2h0OjE1MCU7Y29sb3I6Izg4ODg4ODt9Cjwvc3R5bGU+,44CQT0dLIEtBQlVUTyDjgqrjg7zjgrjjg7zjgrHjg7zjgqvjg5bjg4jjgJFb44Oc44OI44Or44Kx44O844K4IOiHqui7oui7il3jgIxQQy0yIOODnOODiOODq+OCseODvOOCuOOAjVs1MDBtbOODmuODg+ODiOODnOODiOODq+WwgueUqF0gW1BDLTJdIFtub10g44Ot44O844OJ44OQ44Kk44KvIOOCr+ODreOCueODkOOCpOOCryBNVEIg44OE44O844Or44Kx44O844K5IOODieODquODs+OCr+ODm+ODq+ODgOODvO+8muiHqui7oui7iuOBquavjuaXpeOAgOODkOOCpOOCt+OCr+ODq+ODqeODnA==,6Ieq6Lui6LuKIOODreODvOODieODkOOCpOOCryDjg57jgqbjg7Pjg4bjg7Pjg5DjgqTjgq8gTVRCIEJNWCDjgq/jg63jgrnjg5DjgqTjgq8g44K344OG44Kj44OQ44Kk44KvIOWwj+W+hOi7iuODmOODq+ODoeODg+ODiCDjgqvjgq4g44Ot44OD44KvIOODneODs+ODlyDjg6njgqTjg4gg44OE44O844OrIOOCsOODquODg+ODlyDjg5Djg7zjg4bjg7zjg5cg44Kw44Ot44O844OWIOOCv+OCpOODpCDjg4/jg7Pjg4njg6vjg5Djg7wg44OQ44O844Ko44Oz44OJIOOCueODhuODoCDjgrXjgqTjgq/jg6vjgrPjg7Pjg5Tjg6Xjg7zjgr8g44K144OJ44OrIOODmuODgOODqyDjg4jjg7zjgq/jg6rjg4Pjg5cg44Oc44OI44OrIOODnOODiOODq+OCseODvOOCuCDjg5Djg4PjgrAg44OQ44OD44Kv44OR44OD44KvIOOCreODo+ODquOCouODvCDjg5Xjgqfjg7Pjg4Djg7zovKrooYzooosg44OG44Oz44OIIOOCq+ODkOODvCDjg5njg5Pjg7zjgrfjg7zjg4gg44K544K/44Oz44OJIOOCteOCpOODieOCueOCv+ODs+ODiSDjg4Hjg6Xjg7zjg5Yg44Oq44Og44OG44O844OXIOODn+ODqeODvCDjg5njg6sg44OQ44Or44OW44Kt44Oj44OD44OXIOODkeODs+OCr+S/rueQhuOCreODg+ODiCDjgrHjgqIg44Kq44Kk44OrIOOCsOODquOCuSDjgqLjg7Pjg4Djg7zjgqbjgqfjgqLjg5jjg6vjg6Hjg4Pjg4ggTEFaRVIg44Os44O844K244O8IOODrOOCpOOCtuODvCBPR0sg44Kq44O844K444O844Kx44O8IOWkp+S6uueUqCDlrZDkvpvnlKgg6Ieq6Lui6LuKIOODreODvOODieODkOOCpOOCryDjg57jgqbjg7Pjg4bjg7Pjg5DjgqTjgq8gTVRCIEJNWCDjgq/jg63jgrnjg5DjgqTjgq8g44K344OG44Kj44OQ44Kk44KvIOWwj+W+hOi7iiDjgJBPR0sgS0FCVVRPIOOCquODvOOCuOODvOOCseODvOOCq+ODluODiOOAkVvjg5zjg4jjg6vjgrHjg7zjgrgg6Ieq6Lui6LuKXeOAjFBDLTIg44Oc44OI44Or44Kx44O844K444CNWzUwMG1s44Oa44OD44OI44Oc44OI44Or5bCC55SoXSBbUEMtMl0gW25vXSDjg63jg7zjg4njg5DjgqTjgq8g44Kv44Ot44K544OQ44Kk44KvIE1UQiDjg4Tjg7zjg6vjgrHjg7zjgrkg44OJ44Oq44Oz44Kv44Ob44Or44OA44O8,5LuK44Gg44GR5YWo5ZOB44Od44Kk44Oz44OIM+WAjSEhIDg2NDDlhoYo56iO6L68KeS7peS4iuOBp+mAgeaWmeeEoeaWmSEh44CC44CQT0dLIEtBQlVUTyDjgqrjg7zjgrjjg7zjgrHjg7zjgqvjg5bjg4jjgJFb44Oc44OI44Or44Kx44O844K4IOiHqui7oui7il3jgIxQQy0yIOODnOODiOODq+OCseODvOOCuOOAjVs1MDBtbOODmuODg+ODiOODnOODiOODq+WwgueUqF0gW1BDLTJdIFtub10g44Ot44O844OJ44OQ44Kk44KvIOOCr+ODreOCueODkOOCpOOCryBNVEIg44OE44O844Or44Kx44O844K5IOODieODquODs+OCr+ODm+ODq+ODgOODvA==[rn]
2-78756,aHR0cDovL3RzaG9wLnIxMHMuanAvYmljeWNsZWxhYi9jYWJpbmV0L2J0YzFfOTkvY3liYzAwMzZfbW9iaWxlMDEuanBnP2ZpdGluPTcwMDo3MDA=,MjU2MC4wMDAw,,44K544Od44O844OE44O744Ki44Km44OI44OJ44KiID4g6Ieq6Lui6LuK44O744K144Kk44Kv44Oq44Oz44KwID4g6Ieq6Lui6LuK55So44Ki44Kv44K744K144Oq44O8ID4g44Oc44OI44Or44Kx44O844K4,44CQ44Oc44OI44Or44Kx44O844K4IEJsYWNrYnVybiDjg5bjg6njg4Pjgq/jg5Djg7zjg7PjgJHjgIxPdXRwb3N0IENhcmdvIENhZ2Ug44Ki44Km44OI44Od44K544OI44Kr44O844K044Kx44O844K444CNWzcwNTY1OTldIFtpbl0g6Ieq6Lui6LuKIOODreODvOODieODkOOCpOOCryBNVEIg44Kv44Ot44K544OQ44Kk44KvIOODnOODiOODq+OCseODvOOCuCDjg6njg4Pjgq8=,5LuK44Gg44GR5YWo5ZOB44Od44Kk44Oz44OIM+WAjSEhIDg2NDDlhoYo56iO6L68KeS7peS4iuOBp+mAgeaWmeeEoeaWmSEh,PGltZyBzcmM9Imh0dHA6Ly9pbWFnZS5yYWt1dGVuLmNvLmpwL2JpY3ljbGVsYWIvY2FiaW5ldC9vdGhlci9jYXJ0X2JvdHRsZWNhZ2UuZ2lmIiBib3JkZXI9IjAiPjxicj48YnI+PGJyPjxzdHlsZSBUWVBFPSJ0ZXh0L2NzcyI+CnRkLmludmVudG9yeSBmb250e2ZvbnQtc2l6ZToxMHB4O2xpbmUtaGVpZ2h0OjE1MCU7Y29sb3I6Izg4ODg4ODt9Cjwvc3R5bGU+,44CQ44Oc44OI44Or44Kx44O844K4IEJsYWNrYnVybiDjg5bjg6njg4Pjgq/jg5Djg7zjg7PjgJHjgIxPdXRwb3N0IENhcmdvIENhZ2Ug44Ki44Km44OI44Od44K544OI44Kr44O844K044Kx44O844K444CNWzcwNTY1OTldIFtpbl0g6Ieq6Lui6LuKIOODreODvOODieODkOOCpOOCryBNVEIg44Kv44Ot44K544OQ44Kk44KvIOODnOODiOODq+OCseODvOOCuCDjg6njg4Pjgq/vvJroh6rou6Lou4rjgarmr47ml6XjgIDjg5DjgqTjgrfjgq/jg6vjg6njg5w=,6Ieq6Lui6LuKIOODreODvOODieODkOOCpOOCryDjg57jgqbjg7Pjg4bjg7Pjg5DjgqTjgq8gTVRCIEJNWCDjgq/jg63jgrnjg5DjgqTjgq8g44K344OG44Kj44OQ44Kk44KvIOWwj+W+hOi7iuODmOODq+ODoeODg+ODiCDjgqvjgq4g44Ot44OD44KvIOODneODs+ODlyDjg6njgqTjg4gg44OE44O844OrIOOCsOODquODg+ODlyDjg5Djg7zjg4bjg7zjg5cg44Kw44Ot44O844OWIOOCv+OCpOODpCDjg4/jg7Pjg4njg6vjg5Djg7wg44OQ44O844Ko44Oz44OJIOOCueODhuODoCDjgrXjgqTjgq/jg6vjgrPjg7Pjg5Tjg6Xjg7zjgr8g44K144OJ44OrIOODmuODgOODqyDjg4jjg7zjgq/jg6rjg4Pjg5cg44Oc44OI44OrIOODnOODiOODq+OCseODvOOCuCDjg5Djg4PjgrAg44OQ44OD44Kv44OR44OD44KvIOOCreODo+ODquOCouODvCDjg5Xjgqfjg7Pjg4Djg7zovKrooYzooosg44OG44Oz44OIIOOCq+ODkOODvCDjg5njg5Pjg7zjgrfjg7zjg4gg44K544K/44Oz44OJIOOCteOCpOODieOCueOCv+ODs+ODiSDjg4Hjg6Xjg7zjg5Yg44Oq44Og44OG44O844OXIOODn+ODqeODvCDjg5njg6sg44OQ44Or44OW44Kt44Oj44OD44OXIOODkeODs+OCr+S/rueQhuOCreODg+ODiCDjgrHjgqIg44Kq44Kk44OrIOOCsOODquOCuSDjgqLjg7Pjg4Djg7zjgqbjgqfjgqLjg5jjg6vjg6Hjg4Pjg4ggTEFaRVIg44Os44O844K244O8IOODrOOCpOOCtuODvCBPR0sg44Kq44O844K444O844Kx44O8IOWkp+S6uueUqCDlrZDkvpvnlKgg6Ieq6Lui6LuKIOODreODvOODieODkOOCpOOCryDjg57jgqbjg7Pjg4bjg7Pjg5DjgqTjgq8gTVRCIEJNWCDjgq/jg63jgrnjg5DjgqTjgq8g44K344OG44Kj44OQ44Kk44KvIOWwj+W+hOi7iiDjgJDjg5zjg4jjg6vjgrHjg7zjgrggQmxhY2tidXJuIOODluODqeODg+OCr+ODkOODvOODs+OAkeOAjE91dHBvc3QgQ2FyZ28gQ2FnZSDjgqLjgqbjg4jjg53jgrnjg4jjgqvjg7zjgrTjgrHjg7zjgrjjgI1bNzA1NjU5OV0gW2luXSDoh6rou6Lou4og44Ot44O844OJ44OQ44Kk44KvIE1UQiDjgq/jg63jgrnjg5DjgqTjgq8g44Oc44OI44Or44Kx44O844K4IOODqeODg+OCrw==,5LuK44Gg44GR5YWo5ZOB44Od44Kk44Oz44OIM+WAjSEhIDg2NDDlhoYo56iO6L68KeS7peS4iuOBp+mAgeaWmeeEoeaWmSEh44CC44CQ44Oc44OI44Or44Kx44O844K4IEJsYWNrYnVybiDjg5bjg6njg4Pjgq/jg5Djg7zjg7PjgJHjgIxPdXRwb3N0IENhcmdvIENhZ2Ug44Ki44Km44OI44Od44K544OI44Kr44O844K044Kx44O844K444CNWzcwNTY1OTldIFtpbl0g6Ieq6Lui6LuKIOODreODvOODieODkOOCpOOCryBNVEIg44Kv44Ot44K544OQ44Kk44KvIOODnOODiOODq+OCseODvOOCuCDjg6njg4Pjgq8=[rn]
2-78757,aHR0cDovL3RzaG9wLnIxMHMuanAvYmljeWNsZWxhYi9jYWJpbmV0L2J0YzFfOTkvY3liYzAwMTlfbW9iaWxlMDEuanBnP2ZpdGluPTcwMDo3MDA=,NTEyLjAwMDA=,,44K544Od44O844OE44O744Ki44Km44OI44OJ44KiID4g6Ieq6Lui6LuK44O744K144Kk44Kv44Oq44Oz44KwID4g6Ieq6Lui6LuK55So44Ki44Kv44K744K144Oq44O8ID4g44Oc44OI44Or44Kx44O844K4,44CQ44Oc44OI44Or44Kx44O844K4IEdQIOOCuOODvOODlOODvOOAkeOAjFdCQzA1MyBBbGxveSBCb3R0bGUgQ2FnZSDjgqLjg6vjg58g44Oc44OI44Or44Kx44O844K444CNW1dCQzA1M10gW21hXSDoh6rou6Lou4og44Ot44O844OJ44OQ44Kk44KvIOOCr+ODreOCueODkOOCpOOCryBNVEIg44Os44O844K544Oc44OI44OrIOODieODquODs+OCr+ODnOODiOODqyBHSVpBIFBST0RVQ1RTIOOCruOCtuODl+ODreODgOOCr+ODhOOAkFLjgJE=,5LuK44Gg44GR5YWo5ZOB44Od44Kk44Oz44OIM+WAjSEhIDg2NDDlhoYo56iO6L68KeS7peS4iuOBp+mAgeaWmeeEoeaWmSEh,PGltZyBzcmM9Imh0dHA6Ly9pbWFnZS5yYWt1dGVuLmNvLmpwL2JpY3ljbGVsYWIvY2FiaW5ldC9vdGhlci9jYXJ0X2JvdHRsZWNhZ2UuZ2lmIiBib3JkZXI9IjAiPjxicj48YnI+PGJyPjxzdHlsZSBUWVBFPSJ0ZXh0L2NzcyI+CnRkLmludmVudG9yeSBmb250e2ZvbnQtc2l6ZToxMHB4O2xpbmUtaGVpZ2h0OjE1MCU7Y29sb3I6Izg4ODg4ODt9Cjwvc3R5bGU+,44CQ44Oc44OI44Or44Kx44O844K4IEdQIOOCuOODvOODlOODvOOAkeOAjFdCQzA1MyBBbGxveSBCb3R0bGUgQ2FnZSDjgqLjg6vjg58g44Oc44OI44Or44Kx44O844K444CNW1dCQzA1M10gW21hXSDoh6rou6Lou4og44Ot44O844OJ44OQ44Kk44KvIOOCr+ODreOCueODkOOCpOOCryBNVEIg44Os44O844K544Oc44OI44OrIOODieODquODs+OCr+ODnOODiOODqyBHSVpBIFBST0RVQ1RTIOOCruOCtuODl+ODreODgOOCr+ODhOOAkFLjgJHvvJroh6rou6Lou4rjgarmr47ml6XjgIDjg5DjgqTjgrfjgq/jg6vjg6njg5w=,6Ieq6Lui6LuKIOODreODvOODieODkOOCpOOCryDjg57jgqbjg7Pjg4bjg7Pjg5DjgqTjgq8gTVRCIEJNWCDjgq/jg63jgrnjg5DjgqTjgq8g44K344OG44Kj44OQ44Kk44KvIOWwj+W+hOi7iuODmOODq+ODoeODg+ODiCDjgqvjgq4g44Ot44OD44KvIOODneODs+ODlyDjg6njgqTjg4gg44OE44O844OrIOOCsOODquODg+ODlyDjg5Djg7zjg4bjg7zjg5cg44Kw44Ot44O844OWIOOCv+OCpOODpCDjg4/jg7Pjg4njg6vjg5Djg7wg44OQ44O844Ko44Oz44OJIOOCueODhuODoCDjgrXjgqTjgq/jg6vjgrPjg7Pjg5Tjg6Xjg7zjgr8g44K144OJ44OrIOODmuODgOODqyDjg4jjg7zjgq/jg6rjg4Pjg5cg44Oc44OI44OrIOODnOODiOODq+OCseODvOOCuCDjg5Djg4PjgrAg44OQ44OD44Kv44OR44OD44KvIOOCreODo+ODquOCouODvCDjg5Xjgqfjg7Pjg4Djg7zovKrooYzooosg44OG44Oz44OIIOOCq+ODkOODvCDjg5njg5Pjg7zjgrfjg7zjg4gg44K544K/44Oz44OJIOOCteOCpOODieOCueOCv+ODs+ODiSDjg4Hjg6Xjg7zjg5Yg44Oq44Og44OG44O844OXIOODn+ODqeODvCDjg5njg6sg44OQ44Or44OW44Kt44Oj44OD44OXIOODkeODs+OCr+S/rueQhuOCreODg+ODiCDjgrHjgqIg44Kq44Kk44OrIOOCsOODquOCuSDjgqLjg7Pjg4Djg7zjgqbjgqfjgqLjg5jjg6vjg6Hjg4Pjg4ggTEFaRVIg44Os44O844K244O8IOODrOOCpOOCtuODvCBPR0sg44Kq44O844K444O844Kx44O8IOWkp+S6uueUqCDlrZDkvpvnlKgg6Ieq6Lui6LuKIOODreODvOODieODkOOCpOOCryDjg57jgqbjg7Pjg4bjg7Pjg5DjgqTjgq8gTVRCIEJNWCDjgq/jg63jgrnjg5DjgqTjgq8g44K344OG44Kj44OQ44Kk44KvIOWwj+W+hOi7iiDjgJDjg5zjg4jjg6vjgrHjg7zjgrggR1Ag44K444O844OU44O844CR44CMV0JDMDUzIEFsbG95IEJvdHRsZSBDYWdlIOOCouODq+ODnyDjg5zjg4jjg6vjgrHjg7zjgrjjgI1bV0JDMDUzXSBbbWFdIOiHqui7oui7iiDjg63jg7zjg4njg5DjgqTjgq8g44Kv44Ot44K544OQ44Kk44KvIE1UQiDjg6zjg7zjgrnjg5zjg4jjg6sg44OJ44Oq44Oz44Kv44Oc44OI44OrIEdJWkEgUFJPRFVDVFMg44Ku44K244OX44Ot44OA44Kv44OE44CQUuOAkQ==,5LuK44Gg44GR5YWo5ZOB44Od44Kk44Oz44OIM+WAjSEhIDg2NDDlhoYo56iO6L68KeS7peS4iuOBp+mAgeaWmeeEoeaWmSEh44CC44CQ44Oc44OI44Or44Kx44O844K4IEdQIOOCuOODvOODlOODvOOAkeOAjFdCQzA1MyBBbGxveSBCb3R0bGUgQ2FnZSDjgqLjg6vjg58g44Oc44OI44Or44Kx44O844K444CNW1dCQzA1M10gW21hXSDoh6rou6Lou4og44Ot44O844OJ44OQ44Kk44KvIOOCr+ODreOCueODkOOCpOOCryBNVEIg44Os44O844K544Oc44OI44OrIOODieODquODs+OCr+ODnOODiOODqyBHSVpBIFBST0RVQ1RTIOOCruOCtuODl+ODreODgOOCr+ODhOOAkFLjgJE=[rn]
2-78758,aHR0cDovL3RzaG9wLnIxMHMuanAvYmljeWNsZWxhYi9jYWJpbmV0L2J0YzFfOTkvY3liYzAwNjNfbW9iaWxlMDEuanBnP2ZpdGluPTcwMDo3MDA=,OTI4LjAwMDA=,,44K544Od44O844OE44O744Ki44Km44OI44OJ44KiID4g6Ieq6Lui6LuK44O744K144Kk44Kv44Oq44Oz44KwID4g6Ieq6Lui6LuK55So44Ki44Kv44K744K144Oq44O8ID4g44Oc44OI44Or44Kx44O844K4,44CQT0dLIEtBQlVUTyDjgqrjg7zjgrjjg7zjgrHjg7zjgqvjg5bjg4jjgJFb44Oc44OI44Or44Kx44O844K4IOiHqui7oui7il3jgIxQQy0zIOODnOODiOODq+OCseODvOOCuOOAjVtQQy0zXSBbbm9dIOODreODvOODieODkOOCpOOCryDjgq/jg63jgrnjg5DjgqTjgq8gTVRCIOODhOODvOODq+OCseODvOOCuSDjg4njg6rjg7Pjgq/jg5vjg6vjg4Djg7w=,5LuK44Gg44GR5YWo5ZOB44Od44Kk44Oz44OIM+WAjSEhIDg2NDDlhoYo56iO6L68KeS7peS4iuOBp+mAgeaWmeeEoeaWmSEh,PGltZyBzcmM9Imh0dHA6Ly9pbWFnZS5yYWt1dGVuLmNvLmpwL2JpY3ljbGVsYWIvY2FiaW5ldC9vdGhlci9jYXJ0X2JvdHRsZWNhZ2UuZ2lmIiBib3JkZXI9IjAiPjxicj48YnI+PGJyPjxzdHlsZSBUWVBFPSJ0ZXh0L2NzcyI+CnRkLmludmVudG9yeSBmb250e2ZvbnQtc2l6ZToxMHB4O2xpbmUtaGVpZ2h0OjE1MCU7Y29sb3I6Izg4ODg4ODt9Cjwvc3R5bGU+,44CQT0dLIEtBQlVUTyDjgqrjg7zjgrjjg7zjgrHjg7zjgqvjg5bjg4jjgJFb44Oc44OI44Or44Kx44O844K4IOiHqui7oui7il3jgIxQQy0zIOODnOODiOODq+OCseODvOOCuOOAjVtQQy0zXSBbbm9dIOODreODvOODieODkOOCpOOCryDjgq/jg63jgrnjg5DjgqTjgq8gTVRCIOODhOODvOODq+OCseODvOOCuSDjg4njg6rjg7Pjgq/jg5vjg6vjg4Djg7zvvJroh6rou6Lou4rjgarmr47ml6XjgIDjg5DjgqTjgrfjgq/jg6vjg6njg5w=,6Ieq6Lui6LuKIOODreODvOODieODkOOCpOOCryDjg57jgqbjg7Pjg4bjg7Pjg5DjgqTjgq8gTVRCIEJNWCDjgq/jg63jgrnjg5DjgqTjgq8g44K344OG44Kj44OQ44Kk44KvIOWwj+W+hOi7iuODmOODq+ODoeODg+ODiCDjgqvjgq4g44Ot44OD44KvIOODneODs+ODlyDjg6njgqTjg4gg44OE44O844OrIOOCsOODquODg+ODlyDjg5Djg7zjg4bjg7zjg5cg44Kw44Ot44O844OWIOOCv+OCpOODpCDjg4/jg7Pjg4njg6vjg5Djg7wg44OQ44O844Ko44Oz44OJIOOCueODhuODoCDjgrXjgqTjgq/jg6vjgrPjg7Pjg5Tjg6Xjg7zjgr8g44K144OJ44OrIOODmuODgOODqyDjg4jjg7zjgq/jg6rjg4Pjg5cg44Oc44OI44OrIOODnOODiOODq+OCseODvOOCuCDjg5Djg4PjgrAg44OQ44OD44Kv44OR44OD44KvIOOCreODo+ODquOCouODvCDjg5Xjgqfjg7Pjg4Djg7zovKrooYzooosg44OG44Oz44OIIOOCq+ODkOODvCDjg5njg5Pjg7zjgrfjg7zjg4gg44K544K/44Oz44OJIOOCteOCpOODieOCueOCv+ODs+ODiSDjg4Hjg6Xjg7zjg5Yg44Oq44Og44OG44O844OXIOODn+ODqeODvCDjg5njg6sg44OQ44Or44OW44Kt44Oj44OD44OXIOODkeODs+OCr+S/rueQhuOCreODg+ODiCDjgrHjgqIg44Kq44Kk44OrIOOCsOODquOCuSDjgqLjg7Pjg4Djg7zjgqbjgqfjgqLjg5jjg6vjg6Hjg4Pjg4ggTEFaRVIg44Os44O844K244O8IOODrOOCpOOCtuODvCBPR0sg44Kq44O844K444O844Kx44O8IOWkp+S6uueUqCDlrZDkvpvnlKgg6Ieq6Lui6LuKIOODreODvOODieODkOOCpOOCryDjg57jgqbjg7Pjg4bjg7Pjg5DjgqTjgq8gTVRCIEJNWCDjgq/jg63jgrnjg5DjgqTjgq8g44K344OG44Kj44OQ44Kk44KvIOWwj+W+hOi7iiDjgJBPR0sgS0FCVVRPIOOCquODvOOCuOODvOOCseODvOOCq+ODluODiOOAkVvjg5zjg4jjg6vjgrHjg7zjgrgg6Ieq6Lui6LuKXeOAjFBDLTMg44Oc44OI44Or44Kx44O844K444CNW1BDLTNdIFtub10g44Ot44O844OJ44OQ44Kk44KvIOOCr+ODreOCueODkOOCpOOCryBNVEIg44OE44O844Or44Kx44O844K5IOODieODquODs+OCr+ODm+ODq+ODgOODvA==,5LuK44Gg44GR5YWo5ZOB44Od44Kk44Oz44OIM+WAjSEhIDg2NDDlhoYo56iO6L68KeS7peS4iuOBp+mAgeaWmeeEoeaWmSEh44CC44CQT0dLIEtBQlVUTyDjgqrjg7zjgrjjg7zjgrHjg7zjgqvjg5bjg4jjgJFb44Oc44OI44Or44Kx44O844K4IOiHqui7oui7il3jgIxQQy0zIOODnOODiOODq+OCseODvOOCuOOAjVtQQy0zXSBbbm9dIOODreODvOODieODkOOCpOOCryDjgq/jg63jgrnjg5DjgqTjgq8gTVRCIOODhOODvOODq+OCseODvOOCuSDjg4njg6rjg7Pjgq/jg5vjg6vjg4Djg7w=[rn]
2-78759,aHR0cDovL3RzaG9wLnIxMHMuanAvYmljeWNsZWxhYi9jYWJpbmV0L2J0YzFfOTkvY3liYzAwMTJfbW9iaWxlMDEuanBnP2ZpdGluPTcwMDo3MDA=,NDk5LjIwMDA=,,44K544Od44O844OE44O744Ki44Km44OI44OJ44KiID4g6Ieq6Lui6LuK44O744K144Kk44Kv44Oq44Oz44KwID4g6Ieq6Lui6LuK55So44Ki44Kv44K744K144Oq44O8ID4g44Oc44OI44Or44Kx44O844K4,44CQ44Oc44OI44Or44Kx44O844K4IFRPUEVBSyDjg4jjg5Tjg7zjgq/jgJHjgIxNb25vIENhZ2UgQ1gg44Oi44OO44Kx44O844K4IENY44CNW1dCQzA0M10gW21hXSDoh6rou6Lou4og44Ot44O844OJ44OQ44Kk44KvIOOCr+ODreOCueODkOOCpOOCryBNVEIg44Os44O844K544Oc44OI44OrIOODieODquODs+OCr+ODnOODiOODq+OAkFLjgJE=,5LuK44Gg44GR5YWo5ZOB44Od44Kk44Oz44OIM+WAjSEhIDg2NDDlhoYo56iO6L68KeS7peS4iuOBp+mAgeaWmeeEoeaWmSEh,PGltZyBzcmM9Imh0dHA6Ly9pbWFnZS5yYWt1dGVuLmNvLmpwL2JpY3ljbGVsYWIvY2FiaW5ldC9vdGhlci9jYXJ0X2JvdHRsZWNhZ2UuZ2lmIiBib3JkZXI9IjAiPjxicj48YnI+PGJyPjxzdHlsZSBUWVBFPSJ0ZXh0L2NzcyI+CnRkLmludmVudG9yeSBmb250e2ZvbnQtc2l6ZToxMHB4O2xpbmUtaGVpZ2h0OjE1MCU7Y29sb3I6Izg4ODg4ODt9Cjwvc3R5bGU+,44CQ44Oc44OI44Or44Kx44O844K4IFRPUEVBSyDjg4jjg5Tjg7zjgq/jgJHjgIxNb25vIENhZ2UgQ1gg44Oi44OO44Kx44O844K4IENY44CNW1dCQzA0M10gW21hXSDoh6rou6Lou4og44Ot44O844OJ44OQ44Kk44KvIOOCr+ODreOCueODkOOCpOOCryBNVEIg44Os44O844K544Oc44OI44OrIOODieODquODs+OCr+ODnOODiOODq+OAkFLjgJHvvJroh6rou6Lou4rjgarmr47ml6XjgIDjg5DjgqTjgrfjgq/jg6vjg6njg5w=,6Ieq6Lui6LuKIOODreODvOODieODkOOCpOOCryDjg57jgqbjg7Pjg4bjg7Pjg5DjgqTjgq8gTVRCIEJNWCDjgq/jg63jgrnjg5DjgqTjgq8g44K344OG44Kj44OQ44Kk44KvIOWwj+W+hOi7iuODmOODq+ODoeODg+ODiCDjgqvjgq4g44Ot44OD44KvIOODneODs+ODlyDjg6njgqTjg4gg44OE44O844OrIOOCsOODquODg+ODlyDjg5Djg7zjg4bjg7zjg5cg44Kw44Ot44O844OWIOOCv+OCpOODpCDjg4/jg7Pjg4njg6vjg5Djg7wg44OQ44O844Ko44Oz44OJIOOCueODhuODoCDjgrXjgqTjgq/jg6vjgrPjg7Pjg5Tjg6Xjg7zjgr8g44K144OJ44OrIOODmuODgOODqyDjg4jjg7zjgq/jg6rjg4Pjg5cg44Oc44OI44OrIOODnOODiOODq+OCseODvOOCuCDjg5Djg4PjgrAg44OQ44OD44Kv44OR44OD44KvIOOCreODo+ODquOCouODvCDjg5Xjgqfjg7Pjg4Djg7zovKrooYzooosg44OG44Oz44OIIOOCq+ODkOODvCDjg5njg5Pjg7zjgrfjg7zjg4gg44K544K/44Oz44OJIOOCteOCpOODieOCueOCv+ODs+ODiSDjg4Hjg6Xjg7zjg5Yg44Oq44Og44OG44O844OXIOODn+ODqeODvCDjg5njg6sg44OQ44Or44OW44Kt44Oj44OD44OXIOODkeODs+OCr+S/rueQhuOCreODg+ODiCDjgrHjgqIg44Kq44Kk44OrIOOCsOODquOCuSDjgqLjg7Pjg4Djg7zjgqbjgqfjgqLjg5jjg6vjg6Hjg4Pjg4ggTEFaRVIg44Os44O844K244O8IOODrOOCpOOCtuODvCBPR0sg44Kq44O844K444O844Kx44O8IOWkp+S6uueUqCDlrZDkvpvnlKgg6Ieq6Lui6LuKIOODreODvOODieODkOOCpOOCryDjg57jgqbjg7Pjg4bjg7Pjg5DjgqTjgq8gTVRCIEJNWCDjgq/jg63jgrnjg5DjgqTjgq8g44K344OG44Kj44OQ44Kk44KvIOWwj+W+hOi7iiDjgJDjg5zjg4jjg6vjgrHjg7zjgrggVE9QRUFLIOODiOODlOODvOOCr+OAkeOAjE1vbm8gQ2FnZSBDWCDjg6Ljg47jgrHjg7zjgrggQ1jjgI1bV0JDMDQzXSBbbWFdIOiHqui7oui7iiDjg63jg7zjg4njg5DjgqTjgq8g44Kv44Ot44K544OQ44Kk44KvIE1UQiDjg6zjg7zjgrnjg5zjg4jjg6sg44OJ44Oq44Oz44Kv44Oc44OI44Or44CQUuOAkQ==,5LuK44Gg44GR5YWo5ZOB44Od44Kk44Oz44OIM+WAjSEhIDg2NDDlhoYo56iO6L68KeS7peS4iuOBp+mAgeaWmeeEoeaWmSEh44CC44CQ44Oc44OI44Or44Kx44O844K4IFRPUEVBSyDjg4jjg5Tjg7zjgq/jgJHjgIxNb25vIENhZ2UgQ1gg44Oi44OO44Kx44O844K4IENY44CNW1dCQzA0M10gW21hXSDoh6rou6Lou4og44Ot44O844OJ44OQ44Kk44KvIOOCr+ODreOCueODkOOCpOOCryBNVEIg44Os44O844K544Oc44OI44OrIOODieODquODs+OCr+ODnOODiOODq+OAkFLjgJE=[rn]
2-78760,aHR0cDovL3RzaG9wLnIxMHMuanAvYmljeWNsZWxhYi9jYWJpbmV0L2J0YzFfOTkvY3liYzAwNzhfbW9iaWxlMDEuanBnP2ZpdGluPTcwMDo3MDA=,NTc2LjAwMDA=,,44K544Od44O844OE44O744Ki44Km44OI44OJ44KiID4g6Ieq6Lui6LuK44O744K144Kk44Kv44Oq44Oz44KwID4g6Ieq6Lui6LuK55So44Ki44Kv44K744K144Oq44O8ID4g44Oc44OI44Or44Kx44O844K4,44CQVE9QRUFLIOODiOODlOODvOOCr+OAkVvjg5zjg4jjg6vjgrHjg7zjgrgg6Ieq6Lui6LuKXeOAjE5pbmphIENhZ2Ug44OL44Oz44K444OjIOOCseODvOOCuOOAjVvjg4vjg7Pjgrjjg6Pjgrfjg6rjg7zjgrpdIFtXQkMwNzddIFttYV0g44Os44O844K544Oc44OI44OrIOODieODquODs+OCr+ODnOODiOODqyDjg63jg7zjg4njg5DjgqTjgq8g44Kv44Ot44K544OQ44Kk44KvIE1UQg==,5LuK44Gg44GR5YWo5ZOB44Od44Kk44Oz44OIM+WAjSEhIDg2NDDlhoYo56iO6L68KeS7peS4iuOBp+mAgeaWmeeEoeaWmSEh,PGltZyBzcmM9Imh0dHA6Ly9pbWFnZS5yYWt1dGVuLmNvLmpwL2JpY3ljbGVsYWIvY2FiaW5ldC9vdGhlci9jYXJ0X2JvdHRsZWNhZ2UuZ2lmIiBib3JkZXI9IjAiPjxicj48YnI+PGJyPjxzdHlsZSBUWVBFPSJ0ZXh0L2NzcyI+CnRkLmludmVudG9yeSBmb250e2ZvbnQtc2l6ZToxMHB4O2xpbmUtaGVpZ2h0OjE1MCU7Y29sb3I6Izg4ODg4ODt9Cjwvc3R5bGU+,44CQVE9QRUFLIOODiOODlOODvOOCr+OAkVvjg5zjg4jjg6vjgrHjg7zjgrgg6Ieq6Lui6LuKXeOAjE5pbmphIENhZ2Ug44OL44Oz44K444OjIOOCseODvOOCuOOAjVvjg4vjg7Pjgrjjg6Pjgrfjg6rjg7zjgrpdIFtXQkMwNzddIFttYV0g44Os44O844K544Oc44OI44OrIOODieODquODs+OCr+ODnOODiOODqyDjg63jg7zjg4njg5DjgqTjgq8g44Kv44Ot44K544OQ44Kk44KvIE1UQu+8muiHqui7oui7iuOBquavjuaXpeOAgOODkOOCpOOCt+OCr+ODq+ODqeODnA==,6Ieq6Lui6LuKIOODreODvOODieODkOOCpOOCryDjg57jgqbjg7Pjg4bjg7Pjg5DjgqTjgq8gTVRCIEJNWCDjgq/jg63jgrnjg5DjgqTjgq8g44K344OG44Kj44OQ44Kk44KvIOWwj+W+hOi7iuODmOODq+ODoeODg+ODiCDjgqvjgq4g44Ot44OD44KvIOODneODs+ODlyDjg6njgqTjg4gg44OE44O844OrIOOCsOODquODg+ODlyDjg5Djg7zjg4bjg7zjg5cg44Kw44Ot44O844OWIOOCv+OCpOODpCDjg4/jg7Pjg4njg6vjg5Djg7wg44OQ44O844Ko44Oz44OJIOOCueODhuODoCDjgrXjgqTjgq/jg6vjgrPjg7Pjg5Tjg6Xjg7zjgr8g44K144OJ44OrIOODmuODgOODqyDjg4jjg7zjgq/jg6rjg4Pjg5cg44Oc44OI44OrIOODnOODiOODq+OCseODvOOCuCDjg5Djg4PjgrAg44OQ44OD44Kv44OR44OD44KvIOOCreODo+ODquOCouODvCDjg5Xjgqfjg7Pjg4Djg7zovKrooYzooosg44OG44Oz44OIIOOCq+ODkOODvCDjg5njg5Pjg7zjgrfjg7zjg4gg44K544K/44Oz44OJIOOCteOCpOODieOCueOCv+ODs+ODiSDjg4Hjg6Xjg7zjg5Yg44Oq44Og44OG44O844OXIOODn+ODqeODvCDjg5njg6sg44OQ44Or44OW44Kt44Oj44OD44OXIOODkeODs+OCr+S/rueQhuOCreODg+ODiCDjgrHjgqIg44Kq44Kk44OrIOOCsOODquOCuSDjgqLjg7Pjg4Djg7zjgqbjgqfjgqLjg5jjg6vjg6Hjg4Pjg4ggTEFaRVIg44Os44O844K244O8IOODrOOCpOOCtuODvCBPR0sg44Kq44O844K444O844Kx44O8IOWkp+S6uueUqCDlrZDkvpvnlKgg6Ieq6Lui6LuKIOODreODvOODieODkOOCpOOCryDjg57jgqbjg7Pjg4bjg7Pjg5DjgqTjgq8gTVRCIEJNWCDjgq/jg63jgrnjg5DjgqTjgq8g44K344OG44Kj44OQ44Kk44KvIOWwj+W+hOi7iiDjgJBUT1BFQUsg44OI44OU44O844Kv44CRW+ODnOODiOODq+OCseODvOOCuCDoh6rou6Lou4pd44CMTmluamEgQ2FnZSDjg4vjg7Pjgrjjg6Mg44Kx44O844K444CNW+ODi+ODs+OCuOODo+OCt+ODquODvOOCul0gW1dCQzA3N10gW21hXSDjg6zjg7zjgrnjg5zjg4jjg6sg44OJ44Oq44Oz44Kv44Oc44OI44OrIOODreODvOODieODkOOCpOOCryDjgq/jg63jgrnjg5DjgqTjgq8gTVRC,5LuK44Gg44GR5YWo5ZOB44Od44Kk44Oz44OIM+WAjSEhIDg2NDDlhoYo56iO6L68KeS7peS4iuOBp+mAgeaWmeeEoeaWmSEh44CC44CQVE9QRUFLIOODiOODlOODvOOCr+OAkVvjg5zjg4jjg6vjgrHjg7zjgrgg6Ieq6Lui6LuKXeOAjE5pbmphIENhZ2Ug44OL44Oz44K444OjIOOCseODvOOCuOOAjVvjg4vjg7Pjgrjjg6Pjgrfjg6rjg7zjgrpdIFtXQkMwNzddIFttYV0g44Os44O844K544Oc44OI44OrIOODieODquODs+OCr+ODnOODiOODqyDjg63jg7zjg4njg5DjgqTjgq8g44Kv44Ot44K544OQ44Kk44KvIE1UQg==[rn]
2-78761,aHR0cDovL3RzaG9wLnIxMHMuanAvYmljeWNsZWxhYi9jYWJpbmV0L2J0YzFfOTkvY3liYzAwNzlfbW9iaWxlMDEuanBnP2ZpdGluPTcwMDo3MDA=,NzY4LjAwMDA=,,44K544Od44O844OE44O744Ki44Km44OI44OJ44KiID4g6Ieq6Lui6LuK44O744K144Kk44Kv44Oq44Oz44KwID4g6Ieq6Lui6LuK55So44Ki44Kv44K744K144Oq44O8ID4g44Oc44OI44Or44Kx44O844K4,44CQVE9QRUFLIOODiOODlOODvOOCr+OAkVvjg5zjg4jjg6vjgrHjg7zjgrgg6Ieq6Lui6LuKXeOAjER1YWxzaWRlIENhZ2UgRVgg44OH44Ol44Ki44Or44K144Kk44OJIOOCseODvOOCuCBFWOOAjVtXQkMwNzRdIFttYV0g44Os44O844K544Oc44OI44OrIOODieODquODs+OCr+ODnOODiOODqyDjg63jg7zjg4njg5DjgqTjgq8g44Kv44Ot44K544OQ44Kk44KvIE1UQg==,5LuK44Gg44GR5YWo5ZOB44Od44Kk44Oz44OIM+WAjSEhIDg2NDDlhoYo56iO6L68KeS7peS4iuOBp+mAgeaWmeeEoeaWmSEh,PGltZyBzcmM9Imh0dHA6Ly9pbWFnZS5yYWt1dGVuLmNvLmpwL2JpY3ljbGVsYWIvY2FiaW5ldC9vdGhlci9jYXJ0X2JvdHRsZWNhZ2UuZ2lmIiBib3JkZXI9IjAiPjxicj48YnI+PGJyPjxzdHlsZSBUWVBFPSJ0ZXh0L2NzcyI+CnRkLmludmVudG9yeSBmb250e2ZvbnQtc2l6ZToxMHB4O2xpbmUtaGVpZ2h0OjE1MCU7Y29sb3I6Izg4ODg4ODt9Cjwvc3R5bGU+,44CQVE9QRUFLIOODiOODlOODvOOCr+OAkVvjg5zjg4jjg6vjgrHjg7zjgrgg6Ieq6Lui6LuKXeOAjER1YWxzaWRlIENhZ2UgRVgg44OH44Ol44Ki44Or44K144Kk44OJIOOCseODvOOCuCBFWOOAjVtXQkMwNzRdIFttYV0g44Os44O844K544Oc44OI44OrIOODieODquODs+OCr+ODnOODiOODqyDjg63jg7zjg4njg5DjgqTjgq8g44Kv44Ot44K544OQ44Kk44KvIE1UQu+8muiHqui7oui7iuOBquavjuaXpeOAgOODkOOCpOOCt+OCr+ODq+ODqeODnA==,6Ieq6Lui6LuKIOODreODvOODieODkOOCpOOCryDjg57jgqbjg7Pjg4bjg7Pjg5DjgqTjgq8gTVRCIEJNWCDjgq/jg63jgrnjg5DjgqTjgq8g44K344OG44Kj44OQ44Kk44KvIOWwj+W+hOi7iuODmOODq+ODoeODg+ODiCDjgqvjgq4g44Ot44OD44KvIOODneODs+ODlyDjg6njgqTjg4gg44OE44O844OrIOOCsOODquODg+ODlyDjg5Djg7zjg4bjg7zjg5cg44Kw44Ot44O844OWIOOCv+OCpOODpCDjg4/jg7Pjg4njg6vjg5Djg7wg44OQ44O844Ko44Oz44OJIOOCueODhuODoCDjgrXjgqTjgq/jg6vjgrPjg7Pjg5Tjg6Xjg7zjgr8g44K144OJ44OrIOODmuODgOODqyDjg4jjg7zjgq/jg6rjg4Pjg5cg44Oc44OI44OrIOODnOODiOODq+OCseODvOOCuCDjg5Djg4PjgrAg44OQ44OD44Kv44OR44OD44KvIOOCreODo+ODquOCouODvCDjg5Xjgqfjg7Pjg4Djg7zovKrooYzooosg44OG44Oz44OIIOOCq+ODkOODvCDjg5njg5Pjg7zjgrfjg7zjg4gg44K544K/44Oz44OJIOOCteOCpOODieOCueOCv+ODs+ODiSDjg4Hjg6Xjg7zjg5Yg44Oq44Og44OG44O844OXIOODn+ODqeODvCDjg5njg6sg44OQ44Or44OW44Kt44Oj44OD44OXIOODkeODs+OCr+S/rueQhuOCreODg+ODiCDjgrHjgqIg44Kq44Kk44OrIOOCsOODquOCuSDjgqLjg7Pjg4Djg7zjgqbjgqfjgqLjg5jjg6vjg6Hjg4Pjg4ggTEFaRVIg44Os44O844K244O8IOODrOOCpOOCtuODvCBPR0sg44Kq44O844K444O844Kx44O8IOWkp+S6uueUqCDlrZDkvpvnlKgg6Ieq6Lui6LuKIOODreODvOODieODkOOCpOOCryDjg57jgqbjg7Pjg4bjg7Pjg5DjgqTjgq8gTVRCIEJNWCDjgq/jg63jgrnjg5DjgqTjgq8g44K344OG44Kj44OQ44Kk44KvIOWwj+W+hOi7iiDjgJBUT1BFQUsg44OI44OU44O844Kv44CRW+ODnOODiOODq+OCseODvOOCuCDoh6rou6Lou4pd44CMRHVhbHNpZGUgQ2FnZSBFWCDjg4fjg6XjgqLjg6vjgrXjgqTjg4kg44Kx44O844K4IEVY44CNW1dCQzA3NF0gW21hXSDjg6zjg7zjgrnjg5zjg4jjg6sg44OJ44Oq44Oz44Kv44Oc44OI44OrIOODreODvOODieODkOOCpOOCryDjgq/jg63jgrnjg5DjgqTjgq8gTVRC,5LuK44Gg44GR5YWo5ZOB44Od44Kk44Oz44OIM+WAjSEhIDg2NDDlhoYo56iO6L68KeS7peS4iuOBp+mAgeaWmeeEoeaWmSEh44CC44CQVE9QRUFLIOODiOODlOODvOOCr+OAkVvjg5zjg4jjg6vjgrHjg7zjgrgg6Ieq6Lui6LuKXeOAjER1YWxzaWRlIENhZ2UgRVgg44OH44Ol44Ki44Or44K144Kk44OJIOOCseODvOOCuCBFWOOAjVtXQkMwNzRdIFttYV0g44Os44O844K544Oc44OI44OrIOODieODquODs+OCr+ODnOODiOODqyDjg63jg7zjg4njg5DjgqTjgq8g44Kv44Ot44K544OQ44Kk44KvIE1UQg==[rn]
2-78762,aHR0cDovL3RzaG9wLnIxMHMuanAvYmljeWNsZWxhYi9jYWJpbmV0L2J0YzFfOTkvY3liYzAwNDNfbW9iaWxlMDEuanBnP2ZpdGluPTcwMDo3MDA=,MzcxMi4wMDAw,,44K544Od44O844OE44O744Ki44Km44OI44OJ44KiID4g6Ieq6Lui6LuK44O744K144Kk44Kv44Oq44Oz44KwID4g6Ieq6Lui6LuK55So44Ki44Kv44K744K144Oq44O8ID4g44Oc44OI44Or44Kx44O844K4,44CQ44Oc44OI44Or44Kx44O844K4IOiHqui7oui7iiBOSVRUTyDml6XmnbEv44OL44OD44OI44O844CR44CMQm90dGxlIENhZ2UgUiDjg5zjg4jjg6vjgrHjg7zjgrggUuOAjVvjg6zjg7zjgrnjg5zjg4jjg6vnlKhdIFtXQkMwNjZdIFttYV0g6Ieq6Lui6LuKIOODreODvOODieODkOOCpOOCryDjgq/jg63jgrnjg5DjgqTjgq8gTVRCIOODrOODvOOCueODnOODiOODqyDjg4njg6rjg7Pjgq/jg5zjg4jjg6s=,5LuK44Gg44GR5YWo5ZOB44Od44Kk44Oz44OIM+WAjSEhIDg2NDDlhoYo56iO6L68KeS7peS4iuOBp+mAgeaWmeeEoeaWmSEh,PGltZyBzcmM9Imh0dHA6Ly9pbWFnZS5yYWt1dGVuLmNvLmpwL2JpY3ljbGVsYWIvY2FiaW5ldC9vdGhlci9jYXJ0X2JvdHRsZWNhZ2UuZ2lmIiBib3JkZXI9IjAiPjxicj48YnI+PGJyPjxzdHlsZSBUWVBFPSJ0ZXh0L2NzcyI+CnRkLmludmVudG9yeSBmb250e2ZvbnQtc2l6ZToxMHB4O2xpbmUtaGVpZ2h0OjE1MCU7Y29sb3I6Izg4ODg4ODt9Cjwvc3R5bGU+,44CQ44Oc44OI44Or44Kx44O844K4IOiHqui7oui7iiBOSVRUTyDml6XmnbEv44OL44OD44OI44O844CR44CMQm90dGxlIENhZ2UgUiDjg5zjg4jjg6vjgrHjg7zjgrggUuOAjVvjg6zjg7zjgrnjg5zjg4jjg6vnlKhdIFtXQkMwNjZdIFttYV0g6Ieq6Lui6LuKIOODreODvOODieODkOOCpOOCryDjgq/jg63jgrnjg5DjgqTjgq8gTVRCIOODrOODvOOCueODnOODiOODqyDjg4njg6rjg7Pjgq/jg5zjg4jjg6vvvJroh6rou6Lou4rjgarmr47ml6XjgIDjg5DjgqTjgrfjgq/jg6vjg6njg5w=,6Ieq6Lui6LuKIOODreODvOODieODkOOCpOOCryDjg57jgqbjg7Pjg4bjg7Pjg5DjgqTjgq8gTVRCIEJNWCDjgq/jg63jgrnjg5DjgqTjgq8g44K344OG44Kj44OQ44Kk44KvIOWwj+W+hOi7iuODmOODq+ODoeODg+ODiCDjgqvjgq4g44Ot44OD44KvIOODneODs+ODlyDjg6njgqTjg4gg44OE44O844OrIOOCsOODquODg+ODlyDjg5Djg7zjg4bjg7zjg5cg44Kw44Ot44O844OWIOOCv+OCpOODpCDjg4/jg7Pjg4njg6vjg5Djg7wg44OQ44O844Ko44Oz44OJIOOCueODhuODoCDjgrXjgqTjgq/jg6vjgrPjg7Pjg5Tjg6Xjg7zjgr8g44K144OJ44OrIOODmuODgOODqyDjg4jjg7zjgq/jg6rjg4Pjg5cg44Oc44OI44OrIOODnOODiOODq+OCseODvOOCuCDjg5Djg4PjgrAg44OQ44OD44Kv44OR44OD44KvIOOCreODo+ODquOCouODvCDjg5Xjgqfjg7Pjg4Djg7zovKrooYzooosg44OG44Oz44OIIOOCq+ODkOODvCDjg5njg5Pjg7zjgrfjg7zjg4gg44K544K/44Oz44OJIOOCteOCpOODieOCueOCv+ODs+ODiSDjg4Hjg6Xjg7zjg5Yg44Oq44Og44OG44O844OXIOODn+ODqeODvCDjg5njg6sg44OQ44Or44OW44Kt44Oj44OD44OXIOODkeODs+OCr+S/rueQhuOCreODg+ODiCDjgrHjgqIg44Kq44Kk44OrIOOCsOODquOCuSDjgqLjg7Pjg4Djg7zjgqbjgqfjgqLjg5jjg6vjg6Hjg4Pjg4ggTEFaRVIg44Os44O844K244O8IOODrOOCpOOCtuODvCBPR0sg44Kq44O844K444O844Kx44O8IOWkp+S6uueUqCDlrZDkvpvnlKgg6Ieq6Lui6LuKIOODreODvOODieODkOOCpOOCryDjg57jgqbjg7Pjg4bjg7Pjg5DjgqTjgq8gTVRCIEJNWCDjgq/jg63jgrnjg5DjgqTjgq8g44K344OG44Kj44OQ44Kk44KvIOWwj+W+hOi7iiDjgJDjg5zjg4jjg6vjgrHjg7zjgrgg6Ieq6Lui6LuKIE5JVFRPIOaXpeadsS/jg4vjg4Pjg4jjg7zjgJHjgIxCb3R0bGUgQ2FnZSBSIOODnOODiOODq+OCseODvOOCuCBS44CNW+ODrOODvOOCueODnOODiOODq+eUqF0gW1dCQzA2Nl0gW21hXSDoh6rou6Lou4og44Ot44O844OJ44OQ44Kk44KvIOOCr+ODreOCueODkOOCpOOCryBNVEIg44Os44O844K544Oc44OI44OrIOODieODquODs+OCr+ODnOODiOODqw==,5LuK44Gg44GR5YWo5ZOB44Od44Kk44Oz44OIM+WAjSEhIDg2NDDlhoYo56iO6L68KeS7peS4iuOBp+mAgeaWmeeEoeaWmSEh44CC44CQ44Oc44OI44Or44Kx44O844K4IOiHqui7oui7iiBOSVRUTyDml6XmnbEv44OL44OD44OI44O844CR44CMQm90dGxlIENhZ2UgUiDjg5zjg4jjg6vjgrHjg7zjgrggUuOAjVvjg6zjg7zjgrnjg5zjg4jjg6vnlKhdIFtXQkMwNjZdIFttYV0g6Ieq6Lui6LuKIOODreODvOODieODkOOCpOOCryDjgq/jg63jgrnjg5DjgqTjgq8gTVRCIOODrOODvOOCueODnOODiOODqyDjg4njg6rjg7Pjgq/jg5zjg4jjg6s=[rn]
2-78763,aHR0cDovL3RzaG9wLnIxMHMuanAvYmljeWNsZWxhYi9jYWJpbmV0L2J0YzFfOTkvY3liYzAwNDFfbW9iaWxlMDEuanBnP2ZpdGluPTcwMDo3MDA=,MzYwLjAwMDA=,,44K544Od44O844OE44O744Ki44Km44OI44OJ44KiID4g6Ieq6Lui6LuK44O744K144Kk44Kv44Oq44Oz44KwID4g6Ieq6Lui6LuK55So44Ki44Kv44K744K144Oq44O8ID4g44Oc44OI44Or44Kx44O844K4,44CO5Z6L6JC944Gh54m55L6h5ZOB44CP44CQ44Oc44OI44Or44Kx44O844K4IEJsYWNrYnVybiDjg5bjg6njg4Pjgq/jg5Djg7zjg7PjgJHjgIxDb21wIENhZ2Ug44Kz44Oz44OX44Ki44Or44Of44Kx44O844K444CN6Lu96YeP44Gn5LiI5aSr44CB5omL6aCD44Gq5YCk5q6144Gu44Ki44Or44Of44OL44Km44Og6KO944Ky44O844K444CC6Ieq6Lui6LuKIOODreODvOODieODkOOCpOOCryBNVEIg44Oc44OI44Or44Kx44O844K4,5LuK44Gg44GR5YWo5ZOB44Od44Kk44Oz44OIM+WAjSEhIDg2NDDlhoYo56iO6L68KeS7peS4iuOBp+mAgeaWmeeEoeaWmSEh,PGltZyBzcmM9Imh0dHA6Ly9pbWFnZS5yYWt1dGVuLmNvLmpwL2JpY3ljbGVsYWIvY2FiaW5ldC9vdGhlci9jYXJ0X2JvdHRsZWNhZ2UuZ2lmIiBib3JkZXI9IjAiPjxicj48YnI+PGJyPjxzdHlsZSBUWVBFPSJ0ZXh0L2NzcyI+CnRkLmludmVudG9yeSBmb250e2ZvbnQtc2l6ZToxMHB4O2xpbmUtaGVpZ2h0OjE1MCU7Y29sb3I6Izg4ODg4ODt9Cjwvc3R5bGU+,44CO5Z6L6JC944Gh54m55L6h5ZOB44CP44CQ44Oc44OI44Or44Kx44O844K4IEJsYWNrYnVybiDjg5bjg6njg4Pjgq/jg5Djg7zjg7PjgJHjgIxDb21wIENhZ2Ug44Kz44Oz44OX44Ki44Or44Of44Kx44O844K444CN6Lu96YeP44Gn5LiI5aSr44CB5omL6aCD44Gq5YCk5q6144Gu44Ki44Or44Of44OL44Km44Og6KO944Ky44O844K444CC6Ieq6Lui6LuKIOODreODvOODieODkOOCpOOCryBNVEIg44Oc44OI44Or44Kx44O844K477ya6Ieq6Lui6LuK44Gq5q+O5pel44CA44OQ44Kk44K344Kv44Or44Op44Oc,6Ieq6Lui6LuKIOODreODvOODieODkOOCpOOCryDjg57jgqbjg7Pjg4bjg7Pjg5DjgqTjgq8gTVRCIEJNWCDjgq/jg63jgrnjg5DjgqTjgq8g44K344OG44Kj44OQ44Kk44KvIOWwj+W+hOi7iuODmOODq+ODoeODg+ODiCDjgqvjgq4g44Ot44OD44KvIOODneODs+ODlyDjg6njgqTjg4gg44OE44O844OrIOOCsOODquODg+ODlyDjg5Djg7zjg4bjg7zjg5cg44Kw44Ot44O844OWIOOCv+OCpOODpCDjg4/jg7Pjg4njg6vjg5Djg7wg44OQ44O844Ko44Oz44OJIOOCueODhuODoCDjgrXjgqTjgq/jg6vjgrPjg7Pjg5Tjg6Xjg7zjgr8g44K144OJ44OrIOODmuODgOODqyDjg4jjg7zjgq/jg6rjg4Pjg5cg44Oc44OI44OrIOODnOODiOODq+OCseODvOOCuCDjg5Djg4PjgrAg44OQ44OD44Kv44OR44OD44KvIOOCreODo+ODquOCouODvCDjg5Xjgqfjg7Pjg4Djg7zovKrooYzooosg44OG44Oz44OIIOOCq+ODkOODvCDjg5njg5Pjg7zjgrfjg7zjg4gg44K544K/44Oz44OJIOOCteOCpOODieOCueOCv+ODs+ODiSDjg4Hjg6Xjg7zjg5Yg44Oq44Og44OG44O844OXIOODn+ODqeODvCDjg5njg6sg44OQ44Or44OW44Kt44Oj44OD44OXIOODkeODs+OCr+S/rueQhuOCreODg+ODiCDjgrHjgqIg44Kq44Kk44OrIOOCsOODquOCuSDjgqLjg7Pjg4Djg7zjgqbjgqfjgqLjg5jjg6vjg6Hjg4Pjg4ggTEFaRVIg44Os44O844K244O8IOODrOOCpOOCtuODvCBPR0sg44Kq44O844K444O844Kx44O8IOWkp+S6uueUqCDlrZDkvpvnlKgg6Ieq6Lui6LuKIOODreODvOODieODkOOCpOOCryDjg57jgqbjg7Pjg4bjg7Pjg5DjgqTjgq8gTVRCIEJNWCDjgq/jg63jgrnjg5DjgqTjgq8g44K344OG44Kj44OQ44Kk44KvIOWwj+W+hOi7iiDjgI7lnovokL3jgaHnibnkvqHlk4HjgI/jgJDjg5zjg4jjg6vjgrHjg7zjgrggQmxhY2tidXJuIOODluODqeODg+OCr+ODkOODvOODs+OAkeOAjENvbXAgQ2FnZSDjgrPjg7Pjg5fjgqLjg6vjg5/jgrHjg7zjgrjjgI3ou73ph4/jgafkuIjlpKvjgIHmiYvpoIPjgarlgKTmrrXjga7jgqLjg6vjg5/jg4vjgqbjg6Doo73jgrLjg7zjgrjjgILoh6rou6Lou4og44Ot44O844OJ44OQ44Kk44KvIE1UQiDjg5zjg4jjg6vjgrHjg7zjgrg=,5LuK44Gg44GR5YWo5ZOB44Od44Kk44Oz44OIM+WAjSEhIDg2NDDlhoYo56iO6L68KeS7peS4iuOBp+mAgeaWmeeEoeaWmSEh44CC44CO5Z6L6JC944Gh54m55L6h5ZOB44CP44CQ44Oc44OI44Or44Kx44O844K4IEJsYWNrYnVybiDjg5bjg6njg4Pjgq/jg5Djg7zjg7PjgJHjgIxDb21wIENhZ2Ug44Kz44Oz44OX44Ki44Or44Of44Kx44O844K444CN6Lu96YeP44Gn5LiI5aSr44CB5omL6aCD44Gq5YCk5q6144Gu44Ki44Or44Of44OL44Km44Og6KO944Ky44O844K444CC6Ieq6Lui6LuKIOODreODvOODieODkOOCpOOCryBNVEIg44Oc44OI44Or44Kx44O844K4[rn]
2-78764,aHR0cDovL3RzaG9wLnIxMHMuanAvYmljeWNsZWxhYi9jYWJpbmV0L2J0YzFfOTkvY3liYzAwMTZfbW9iaWxlMDEuanBnP2ZpdGluPTcwMDo3MDA=,MTc5LjIwMDA=,,44K544Od44O844OE44O744Ki44Km44OI44OJ44KiID4g6Ieq6Lui6LuK44O744K144Kk44Kv44Oq44Oz44KwID4g6Ieq6Lui6LuK55So44Ki44Kv44K744K144Oq44O8ID4g44Oc44OI44Or44Kx44O844K4,44CQ44Oc44OI44Or44Kx44O844K444Oc44Or44OIIEdQIOOCuOODvOODlOODvOOAkeOAjE01IEFsbG95IEJvbHQgMTJtbSBNNSDjgqLjg6vjg58g44Oc44Or44OIIDEybW0oMuacrOOCu+ODg+ODiCnjgI1bQk9BMDA0XSBbbWFdIOiHqui7oui7iiBHSVpBIFBST0RVQ1RTIOOCruOCtuODl+ODreODgOOCr+ODhOOAkFLjgJE=,5LuK44Gg44GR5YWo5ZOB44Od44Kk44Oz44OIM+WAjSEhIDg2NDDlhoYo56iO6L68KeS7peS4iuOBp+mAgeaWmeeEoeaWmSEh,PGltZyBzcmM9Imh0dHA6Ly9pbWFnZS5yYWt1dGVuLmNvLmpwL2JpY3ljbGVsYWIvY2FiaW5ldC9vdGhlci9jYXJ0X2JvdHRsZWNhZ2UuZ2lmIiBib3JkZXI9IjAiPjxicj48YnI+PGJyPjxzdHlsZSBUWVBFPSJ0ZXh0L2NzcyI+CnRkLmludmVudG9yeSBmb250e2ZvbnQtc2l6ZToxMHB4O2xpbmUtaGVpZ2h0OjE1MCU7Y29sb3I6Izg4ODg4ODt9Cjwvc3R5bGU+,44CQ44Oc44OI44Or44Kx44O844K444Oc44Or44OIIEdQIOOCuOODvOODlOODvOOAkeOAjE01IEFsbG95IEJvbHQgMTJtbSBNNSDjgqLjg6vjg58g44Oc44Or44OIIDEybW0oMuacrOOCu+ODg+ODiCnjgI1bQk9BMDA0XSBbbWFdIOiHqui7oui7iiBHSVpBIFBST0RVQ1RTIOOCruOCtuODl+ODreODgOOCr+ODhOOAkFLjgJHvvJroh6rou6Lou4rjgarmr47ml6XjgIDjg5DjgqTjgrfjgq/jg6vjg6njg5w=,6Ieq6Lui6LuKIOODreODvOODieODkOOCpOOCryDjg57jgqbjg7Pjg4bjg7Pjg5DjgqTjgq8gTVRCIEJNWCDjgq/jg63jgrnjg5DjgqTjgq8g44K344OG44Kj44OQ44Kk44KvIOWwj+W+hOi7iuODmOODq+ODoeODg+ODiCDjgqvjgq4g44Ot44OD44KvIOODneODs+ODlyDjg6njgqTjg4gg44OE44O844OrIOOCsOODquODg+ODlyDjg5Djg7zjg4bjg7zjg5cg44Kw44Ot44O844OWIOOCv+OCpOODpCDjg4/jg7Pjg4njg6vjg5Djg7wg44OQ44O844Ko44Oz44OJIOOCueODhuODoCDjgrXjgqTjgq/jg6vjgrPjg7Pjg5Tjg6Xjg7zjgr8g44K144OJ44OrIOODmuODgOODqyDjg4jjg7zjgq/jg6rjg4Pjg5cg44Oc44OI44OrIOODnOODiOODq+OCseODvOOCuCDjg5Djg4PjgrAg44OQ44OD44Kv44OR44OD44KvIOOCreODo+ODquOCouODvCDjg5Xjgqfjg7Pjg4Djg7zovKrooYzooosg44OG44Oz44OIIOOCq+ODkOODvCDjg5njg5Pjg7zjgrfjg7zjg4gg44K544K/44Oz44OJIOOCteOCpOODieOCueOCv+ODs+ODiSDjg4Hjg6Xjg7zjg5Yg44Oq44Og44OG44O844OXIOODn+ODqeODvCDjg5njg6sg44OQ44Or44OW44Kt44Oj44OD44OXIOODkeODs+OCr+S/rueQhuOCreODg+ODiCDjgrHjgqIg44Kq44Kk44OrIOOCsOODquOCuSDjgqLjg7Pjg4Djg7zjgqbjgqfjgqLjg5jjg6vjg6Hjg4Pjg4ggTEFaRVIg44Os44O844K244O8IOODrOOCpOOCtuODvCBPR0sg44Kq44O844K444O844Kx44O8IOWkp+S6uueUqCDlrZDkvpvnlKgg6Ieq6Lui6LuKIOODreODvOODieODkOOCpOOCryDjg57jgqbjg7Pjg4bjg7Pjg5DjgqTjgq8gTVRCIEJNWCDjgq/jg63jgrnjg5DjgqTjgq8g44K344OG44Kj44OQ44Kk44KvIOWwj+W+hOi7iiDjgJDjg5zjg4jjg6vjgrHjg7zjgrjjg5zjg6vjg4ggR1Ag44K444O844OU44O844CR44CMTTUgQWxsb3kgQm9sdCAxMm1tIE01IOOCouODq+ODnyDjg5zjg6vjg4ggMTJtbSgy5pys44K744OD44OIKeOAjVtCT0EwMDRdIFttYV0g6Ieq6Lui6LuKIEdJWkEgUFJPRFVDVFMg44Ku44K244OX44Ot44OA44Kv44OE44CQUuOAkQ==,5LuK44Gg44GR5YWo5ZOB44Od44Kk44Oz44OIM+WAjSEhIDg2NDDlhoYo56iO6L68KeS7peS4iuOBp+mAgeaWmeeEoeaWmSEh44CC44CQ44Oc44OI44Or44Kx44O844K444Oc44Or44OIIEdQIOOCuOODvOODlOODvOOAkeOAjE01IEFsbG95IEJvbHQgMTJtbSBNNSDjgqLjg6vjg58g44Oc44Or44OIIDEybW0oMuacrOOCu+ODg+ODiCnjgI1bQk9BMDA0XSBbbWFdIOiHqui7oui7iiBHSVpBIFBST0RVQ1RTIOOCruOCtuODl+ODreODgOOCr+ODhOOAkFLjgJE=[rn]
2-78765,aHR0cDovL3RzaG9wLnIxMHMuanAvYmljeWNsZWxhYi9jYWJpbmV0L2J0YzFfOTkvY3liYzAwMjFfbW9iaWxlMDEuanBnP2ZpdGluPTcwMDo3MDA=,NTEyLjAwMDA=,,44K544Od44O844OE44O744Ki44Km44OI44OJ44KiID4g6Ieq6Lui6LuK44O744K144Kk44Kv44Oq44Oz44KwID4g6Ieq6Lui6LuK55So44Ki44Kv44K744K144Oq44O8ID4g44Oc44OI44Or44Kx44O844K4,44CQ44Oc44OI44Or44Kx44O844K4IEdQIOOCuOODvOODlOODvOOAkeOAjEJDLTE1NC1QICBHbGFzc2ZpYmVyIEJvdHRsZSBDYWdlIOOCsOODqeOCueODleOCoeOCpOODkOODvCDjg5zjg4jjg6vjgrHjg7zjgrjjgI1bV0JDMDU3XSBbbWFdIOiHqui7oui7iiDjg63jg7zjg4njg5DjgqTjgq8g44Kv44Ot44K544OQ44Kk44KvIE1UQiDjg6zjg7zjgrnjg5zjg4jjg6sg44OJ44Oq44Oz44Kv44Oc44OI44OrIEdJWkEgUFJPRFVDVFMg44Ku44K244OX44Ot44OA44Kv44OE44CQUuOAkQ==,5LuK44Gg44GR5YWo5ZOB44Od44Kk44Oz44OIM+WAjSEhIDg2NDDlhoYo56iO6L68KeS7peS4iuOBp+mAgeaWmeeEoeaWmSEh,PGltZyBzcmM9Imh0dHA6Ly9pbWFnZS5yYWt1dGVuLmNvLmpwL2JpY3ljbGVsYWIvY2FiaW5ldC9vdGhlci9jYXJ0X2JvdHRsZWNhZ2UuZ2lmIiBib3JkZXI9IjAiPjxicj48YnI+PGJyPjxzdHlsZSBUWVBFPSJ0ZXh0L2NzcyI+CnRkLmludmVudG9yeSBmb250e2ZvbnQtc2l6ZToxMHB4O2xpbmUtaGVpZ2h0OjE1MCU7Y29sb3I6Izg4ODg4ODt9Cjwvc3R5bGU+,44CQ44Oc44OI44Or44Kx44O844K4IEdQIOOCuOODvOODlOODvOOAkeOAjEJDLTE1NC1QICBHbGFzc2ZpYmVyIEJvdHRsZSBDYWdlIOOCsOODqeOCueODleOCoeOCpOODkOODvCDjg5zjg4jjg6vjgrHjg7zjgrjjgI1bV0JDMDU3XSBbbWFdIOiHqui7oui7iiDjg63jg7zjg4njg5DjgqTjgq8g44Kv44Ot44K544OQ44Kk44KvIE1UQiDjg6zjg7zjgrnjg5zjg4jjg6sg44OJ44Oq44Oz44Kv44Oc44OI44OrIEdJWkEgUFJPRFVDVFMg44Ku44K244OX44Ot44OA44Kv44OE44CQUuOAke+8muiHqui7oui7iuOBquavjuaXpeOAgOODkOOCpOOCt+OCr+ODq+ODqeODnA==,6Ieq6Lui6LuKIOODreODvOODieODkOOCpOOCryDjg57jgqbjg7Pjg4bjg7Pjg5DjgqTjgq8gTVRCIEJNWCDjgq/jg63jgrnjg5DjgqTjgq8g44K344OG44Kj44OQ44Kk44KvIOWwj+W+hOi7iuODmOODq+ODoeODg+ODiCDjgqvjgq4g44Ot44OD44KvIOODneODs+ODlyDjg6njgqTjg4gg44OE44O844OrIOOCsOODquODg+ODlyDjg5Djg7zjg4bjg7zjg5cg44Kw44Ot44O844OWIOOCv+OCpOODpCDjg4/jg7Pjg4njg6vjg5Djg7wg44OQ44O844Ko44Oz44OJIOOCueODhuODoCDjgrXjgqTjgq/jg6vjgrPjg7Pjg5Tjg6Xjg7zjgr8g44K144OJ44OrIOODmuODgOODqyDjg4jjg7zjgq/jg6rjg4Pjg5cg44Oc44OI44OrIOODnOODiOODq+OCseODvOOCuCDjg5Djg4PjgrAg44OQ44OD44Kv44OR44OD44KvIOOCreODo+ODquOCouODvCDjg5Xjgqfjg7Pjg4Djg7zovKrooYzooosg44OG44Oz44OIIOOCq+ODkOODvCDjg5njg5Pjg7zjgrfjg7zjg4gg44K544K/44Oz44OJIOOCteOCpOODieOCueOCv+ODs+ODiSDjg4Hjg6Xjg7zjg5Yg44Oq44Og44OG44O844OXIOODn+ODqeODvCDjg5njg6sg44OQ44Or44OW44Kt44Oj44OD44OXIOODkeODs+OCr+S/rueQhuOCreODg+ODiCDjgrHjgqIg44Kq44Kk44OrIOOCsOODquOCuSDjgqLjg7Pjg4Djg7zjgqbjgqfjgqLjg5jjg6vjg6Hjg4Pjg4ggTEFaRVIg44Os44O844K244O8IOODrOOCpOOCtuODvCBPR0sg44Kq44O844K444O844Kx44O8IOWkp+S6uueUqCDlrZDkvpvnlKgg6Ieq6Lui6LuKIOODreODvOODieODkOOCpOOCryDjg57jgqbjg7Pjg4bjg7Pjg5DjgqTjgq8gTVRCIEJNWCDjgq/jg63jgrnjg5DjgqTjgq8g44K344OG44Kj44OQ44Kk44KvIOWwj+W+hOi7iiDjgJDjg5zjg4jjg6vjgrHjg7zjgrggR1Ag44K444O844OU44O844CR44CMQkMtMTU0LVAgIEdsYXNzZmliZXIgQm90dGxlIENhZ2Ug44Kw44Op44K544OV44Kh44Kk44OQ44O8IOODnOODiOODq+OCseODvOOCuOOAjVtXQkMwNTddIFttYV0g6Ieq6Lui6LuKIOODreODvOODieODkOOCpOOCryDjgq/jg63jgrnjg5DjgqTjgq8gTVRCIOODrOODvOOCueODnOODiOODqyDjg4njg6rjg7Pjgq/jg5zjg4jjg6sgR0laQSBQUk9EVUNUUyDjgq7jgrbjg5fjg63jg4Djgq/jg4TjgJBS44CR,5LuK44Gg44GR5YWo5ZOB44Od44Kk44Oz44OIM+WAjSEhIDg2NDDlhoYo56iO6L68KeS7peS4iuOBp+mAgeaWmeeEoeaWmSEh44CC44CQ44Oc44OI44Or44Kx44O844K4IEdQIOOCuOODvOODlOODvOOAkeOAjEJDLTE1NC1QICBHbGFzc2ZpYmVyIEJvdHRsZSBDYWdlIOOCsOODqeOCueODleOCoeOCpOODkOODvCDjg5zjg4jjg6vjgrHjg7zjgrjjgI1bV0JDMDU3XSBbbWFdIOiHqui7oui7iiDjg63jg7zjg4njg5DjgqTjgq8g44Kv44Ot44K544OQ44Kk44KvIE1UQiDjg6zjg7zjgrnjg5zjg4jjg6sg44OJ44Oq44Oz44Kv44Oc44OI44OrIEdJWkEgUFJPRFVDVFMg44Ku44K244OX44Ot44OA44Kv44OE44CQUuOAkQ==[rn]
2-78766,aHR0cDovL3RzaG9wLnIxMHMuanAvYmljeWNsZWxhYi9jYWJpbmV0L2J0YzFfOTkvY3liYzAwMzFfbW9iaWxlMDEuanBnP2ZpdGluPTcwMDo3MDA=,MjExMi4wMDAw,,44K544Od44O844OE44O744Ki44Km44OI44OJ44KiID4g6Ieq6Lui6LuK44O744K144Kk44Kv44Oq44Oz44KwID4g6Ieq6Lui6LuK55So44Ki44Kv44K744K144Oq44O8ID4g44Oc44OI44Or44Kx44O844K4,44CQ44Oc44OI44Or44Kx44O844K4IFRPUEVBSyDjg4jjg5Tjg7zjgq/jgJHjgIxpR2xvd0NhZ2VCIGnjgrDjg63jgqbjgrHjg7zjgrhC44CNW1dCQzA1OV0gW21hXSDoh6rou6Lou4ogTEVE44Op44Kk44OIIOODrOODvOOCueODnOODiOODqyDjg4njg6rjg7Pjgq/jg5zjg4jjg6sg44Ot44O844OJ44OQ44Kk44KvIOOCr+ODreOCueODkOOCpOOCryBNVELjgJBS44CR,5LuK44Gg44GR5YWo5ZOB44Od44Kk44Oz44OIM+WAjSEhIDg2NDDlhoYo56iO6L68KeS7peS4iuOBp+mAgeaWmeeEoeaWmSEh,PGltZyBzcmM9Imh0dHA6Ly9pbWFnZS5yYWt1dGVuLmNvLmpwL2JpY3ljbGVsYWIvY2FiaW5ldC9vdGhlci9jYXJ0X2JvdHRsZWNhZ2UuZ2lmIiBib3JkZXI9IjAiPjxicj48YnI+PGJyPjxzdHlsZSBUWVBFPSJ0ZXh0L2NzcyI+CnRkLmludmVudG9yeSBmb250e2ZvbnQtc2l6ZToxMHB4O2xpbmUtaGVpZ2h0OjE1MCU7Y29sb3I6Izg4ODg4ODt9Cjwvc3R5bGU+,44CQ44Oc44OI44Or44Kx44O844K4IFRPUEVBSyDjg4jjg5Tjg7zjgq/jgJHjgIxpR2xvd0NhZ2VCIGnjgrDjg63jgqbjgrHjg7zjgrhC44CNW1dCQzA1OV0gW21hXSDoh6rou6Lou4ogTEVE44Op44Kk44OIIOODrOODvOOCueODnOODiOODqyDjg4njg6rjg7Pjgq/jg5zjg4jjg6sg44Ot44O844OJ44OQ44Kk44KvIOOCr+ODreOCueODkOOCpOOCryBNVELjgJBS44CR77ya6Ieq6Lui6LuK44Gq5q+O5pel44CA44OQ44Kk44K344Kv44Or44Op44Oc,6Ieq6Lui6LuKIOODreODvOODieODkOOCpOOCryDjg57jgqbjg7Pjg4bjg7Pjg5DjgqTjgq8gTVRCIEJNWCDjgq/jg63jgrnjg5DjgqTjgq8g44K344OG44Kj44OQ44Kk44KvIOWwj+W+hOi7iuODmOODq+ODoeODg+ODiCDjgqvjgq4g44Ot44OD44KvIOODneODs+ODlyDjg6njgqTjg4gg44OE44O844OrIOOCsOODquODg+ODlyDjg5Djg7zjg4bjg7zjg5cg44Kw44Ot44O844OWIOOCv+OCpOODpCDjg4/jg7Pjg4njg6vjg5Djg7wg44OQ44O844Ko44Oz44OJIOOCueODhuODoCDjgrXjgqTjgq/jg6vjgrPjg7Pjg5Tjg6Xjg7zjgr8g44K144OJ44OrIOODmuODgOODqyDjg4jjg7zjgq/jg6rjg4Pjg5cg44Oc44OI44OrIOODnOODiOODq+OCseODvOOCuCDjg5Djg4PjgrAg44OQ44OD44Kv44OR44OD44KvIOOCreODo+ODquOCouODvCDjg5Xjgqfjg7Pjg4Djg7zovKrooYzooosg44OG44Oz44OIIOOCq+ODkOODvCDjg5njg5Pjg7zjgrfjg7zjg4gg44K544K/44Oz44OJIOOCteOCpOODieOCueOCv+ODs+ODiSDjg4Hjg6Xjg7zjg5Yg44Oq44Og44OG44O844OXIOODn+ODqeODvCDjg5njg6sg44OQ44Or44OW44Kt44Oj44OD44OXIOODkeODs+OCr+S/rueQhuOCreODg+ODiCDjgrHjgqIg44Kq44Kk44OrIOOCsOODquOCuSDjgqLjg7Pjg4Djg7zjgqbjgqfjgqLjg5jjg6vjg6Hjg4Pjg4ggTEFaRVIg44Os44O844K244O8IOODrOOCpOOCtuODvCBPR0sg44Kq44O844K444O844Kx44O8IOWkp+S6uueUqCDlrZDkvpvnlKgg6Ieq6Lui6LuKIOODreODvOODieODkOOCpOOCryDjg57jgqbjg7Pjg4bjg7Pjg5DjgqTjgq8gTVRCIEJNWCDjgq/jg63jgrnjg5DjgqTjgq8g44K344OG44Kj44OQ44Kk44KvIOWwj+W+hOi7iiDjgJDjg5zjg4jjg6vjgrHjg7zjgrggVE9QRUFLIOODiOODlOODvOOCr+OAkeOAjGlHbG93Q2FnZUIgaeOCsOODreOCpuOCseODvOOCuELjgI1bV0JDMDU5XSBbbWFdIOiHqui7oui7iiBMRUTjg6njgqTjg4gg44Os44O844K544Oc44OI44OrIOODieODquODs+OCr+ODnOODiOODqyDjg63jg7zjg4njg5DjgqTjgq8g44Kv44Ot44K544OQ44Kk44KvIE1UQuOAkFLjgJE=,5LuK44Gg44GR5YWo5ZOB44Od44Kk44Oz44OIM+WAjSEhIDg2NDDlhoYo56iO6L68KeS7peS4iuOBp+mAgeaWmeeEoeaWmSEh44CC44CQ44Oc44OI44Or44Kx44O844K4IFRPUEVBSyDjg4jjg5Tjg7zjgq/jgJHjgIxpR2xvd0NhZ2VCIGnjgrDjg63jgqbjgrHjg7zjgrhC44CNW1dCQzA1OV0gW21hXSDoh6rou6Lou4ogTEVE44Op44Kk44OIIOODrOODvOOCueODnOODiOODqyDjg4njg6rjg7Pjgq/jg5zjg4jjg6sg44Ot44O844OJ44OQ44Kk44KvIOOCr+ODreOCueODkOOCpOOCryBNVELjgJBS44CR[rn]
2-78767,aHR0cDovL3RzaG9wLnIxMHMuanAvYmljeWNsZWxhYi9jYWJpbmV0L2J0YzFfOTkvY3liYzAwNDVfbW9iaWxlMDEuanBnP2ZpdGluPTcwMDo3MDA=,ODk2LjAwMDA=,,44K544Od44O844OE44O744Ki44Km44OI44OJ44KiID4g6Ieq6Lui6LuK44O744K144Kk44Kv44Oq44Oz44KwID4g6Ieq6Lui6LuK55So44Ki44Kv44K744K144Oq44O8ID4g44Oc44OI44Or44Kx44O844K4,44CQ44Oc44OI44Or44Kx44O844K4IOiHqui7oui7iiBHUCDjgrjjg7zjg5Tjg7zjgJHjgIxOSC1CMTA5U1QtUjE5IFN0YWlubGVzcyBCb3R0bGUgQ2FnZSDjgrnjg4bjg7Pjg6zjgrkg44Oc44OI44Or44Kx44O844K444CNW1dCQzA2M10gW21hXSDjg6zjg7zjgrnjg5zjg4jjg6sg44OJ44Oq44Oz44Kv44Oc44OI44OrIOODreODvOODieODkOOCpOOCryDjgq/jg63jgrnjg5DjgqTjgq8gTVRCIEdJWkEgUFJPRFVDVFMg44Ku44K244OX44Ot44OA44Kv44OE,5LuK44Gg44GR5YWo5ZOB44Od44Kk44Oz44OIM+WAjSEhIDg2NDDlhoYo56iO6L68KeS7peS4iuOBp+mAgeaWmeeEoeaWmSEh,PGltZyBzcmM9Imh0dHA6Ly9pbWFnZS5yYWt1dGVuLmNvLmpwL2JpY3ljbGVsYWIvY2FiaW5ldC9vdGhlci9jYXJ0X2JvdHRsZWNhZ2UuZ2lmIiBib3JkZXI9IjAiPjxicj48YnI+PGJyPjxzdHlsZSBUWVBFPSJ0ZXh0L2NzcyI+CnRkLmludmVudG9yeSBmb250e2ZvbnQtc2l6ZToxMHB4O2xpbmUtaGVpZ2h0OjE1MCU7Y29sb3I6Izg4ODg4ODt9Cjwvc3R5bGU+,44CQ44Oc44OI44Or44Kx44O844K4IOiHqui7oui7iiBHUCDjgrjjg7zjg5Tjg7zjgJHjgIxOSC1CMTA5U1QtUjE5IFN0YWlubGVzcyBCb3R0bGUgQ2FnZSDjgrnjg4bjg7Pjg6zjgrkg44Oc44OI44Or44Kx44O844K444CNW1dCQzA2M10gW21hXSDjg6zjg7zjgrnjg5zjg4jjg6sg44OJ44Oq44Oz44Kv44Oc44OI44OrIOODreODvOODieODkOOCpOOCryDjgq/jg63jgrnjg5DjgqTjgq8gTVRCIEdJWkEgUFJPRFVDVFMg44Ku44K244OX44Ot44OA44Kv44OE77ya6Ieq6Lui6LuK44Gq5q+O5pel44CA44OQ44Kk44K344Kv44Or44Op44Oc,6Ieq6Lui6LuKIOODreODvOODieODkOOCpOOCryDjg57jgqbjg7Pjg4bjg7Pjg5DjgqTjgq8gTVRCIEJNWCDjgq/jg63jgrnjg5DjgqTjgq8g44K344OG44Kj44OQ44Kk44KvIOWwj+W+hOi7iuODmOODq+ODoeODg+ODiCDjgqvjgq4g44Ot44OD44KvIOODneODs+ODlyDjg6njgqTjg4gg44OE44O844OrIOOCsOODquODg+ODlyDjg5Djg7zjg4bjg7zjg5cg44Kw44Ot44O844OWIOOCv+OCpOODpCDjg4/jg7Pjg4njg6vjg5Djg7wg44OQ44O844Ko44Oz44OJIOOCueODhuODoCDjgrXjgqTjgq/jg6vjgrPjg7Pjg5Tjg6Xjg7zjgr8g44K144OJ44OrIOODmuODgOODqyDjg4jjg7zjgq/jg6rjg4Pjg5cg44Oc44OI44OrIOODnOODiOODq+OCseODvOOCuCDjg5Djg4PjgrAg44OQ44OD44Kv44OR44OD44KvIOOCreODo+ODquOCouODvCDjg5Xjgqfjg7Pjg4Djg7zovKrooYzooosg44OG44Oz44OIIOOCq+ODkOODvCDjg5njg5Pjg7zjgrfjg7zjg4gg44K544K/44Oz44OJIOOCteOCpOODieOCueOCv+ODs+ODiSDjg4Hjg6Xjg7zjg5Yg44Oq44Og44OG44O844OXIOODn+ODqeODvCDjg5njg6sg44OQ44Or44OW44Kt44Oj44OD44OXIOODkeODs+OCr+S/rueQhuOCreODg+ODiCDjgrHjgqIg44Kq44Kk44OrIOOCsOODquOCuSDjgqLjg7Pjg4Djg7zjgqbjgqfjgqLjg5jjg6vjg6Hjg4Pjg4ggTEFaRVIg44Os44O844K244O8IOODrOOCpOOCtuODvCBPR0sg44Kq44O844K444O844Kx44O8IOWkp+S6uueUqCDlrZDkvpvnlKgg6Ieq6Lui6LuKIOODreODvOODieODkOOCpOOCryDjg57jgqbjg7Pjg4bjg7Pjg5DjgqTjgq8gTVRCIEJNWCDjgq/jg63jgrnjg5DjgqTjgq8g44K344OG44Kj44OQ44Kk44KvIOWwj+W+hOi7iiDjgJDjg5zjg4jjg6vjgrHjg7zjgrgg6Ieq6Lui6LuKIEdQIOOCuOODvOODlOODvOOAkeOAjE5ILUIxMDlTVC1SMTkgU3RhaW5sZXNzIEJvdHRsZSBDYWdlIOOCueODhuODs+ODrOOCuSDjg5zjg4jjg6vjgrHjg7zjgrjjgI1bV0JDMDYzXSBbbWFdIOODrOODvOOCueODnOODiOODqyDjg4njg6rjg7Pjgq/jg5zjg4jjg6sg44Ot44O844OJ44OQ44Kk44KvIOOCr+ODreOCueODkOOCpOOCryBNVEIgR0laQSBQUk9EVUNUUyDjgq7jgrbjg5fjg63jg4Djgq/jg4Q=,5LuK44Gg44GR5YWo5ZOB44Od44Kk44Oz44OIM+WAjSEhIDg2NDDlhoYo56iO6L68KeS7peS4iuOBp+mAgeaWmeeEoeaWmSEh44CC44CQ44Oc44OI44Or44Kx44O844K4IOiHqui7oui7iiBHUCDjgrjjg7zjg5Tjg7zjgJHjgIxOSC1CMTA5U1QtUjE5IFN0YWlubGVzcyBCb3R0bGUgQ2FnZSDjgrnjg4bjg7Pjg6zjgrkg44Oc44OI44Or44Kx44O844K444CNW1dCQzA2M10gW21hXSDjg6zjg7zjgrnjg5zjg4jjg6sg44OJ44Oq44Oz44Kv44Oc44OI44OrIOODreODvOODieODkOOCpOOCryDjgq/jg63jgrnjg5DjgqTjgq8gTVRCIEdJWkEgUFJPRFVDVFMg44Ku44K244OX44Ot44OA44Kv44OE[rn]
2-78768,aHR0cDovL3RzaG9wLnIxMHMuanAvYmljeWNsZWxhYi9jYWJpbmV0L2J0YzFfOTkvY3liYzAwMjlfbW9iaWxlMDEuanBnP2ZpdGluPTcwMDo3MDA=,NTc2LjAwMDA=,,44K544Od44O844OE44O744Ki44Km44OI44OJ44KiID4g6Ieq6Lui6LuK44O744K144Kk44Kv44Oq44Oz44KwID4g6Ieq6Lui6LuK55So44Ki44Kv44K744K144Oq44O8ID4g44Oc44OI44Or44Kx44O844K4,44CQVE9LRU4g44OI44O844Kx44Oz44CRW+ODnOODq+ODiCDoh6rou6Lou4pd44CMVEtCNTE2IOOCouODq+ODn+ODnOODiOODq+OCseODvOOCuOODnOODq+ODiOOAjVs05pys44K744OD44OIXSBbVEtCNTE2XSBbYXpdIOODreODvOODieODkOOCpOOCryDjgq/jg63jgrnjg5DjgqTjgq8gTVRCIOODn+ODi+ODmeODrSDjg5Tjgrnjg4jjg5DjgqTjgq8g44Oc44OI44Or44Kx44O844K444CQUuOAkQ==,5LuK44Gg44GR5YWo5ZOB44Od44Kk44Oz44OIM+WAjSEhIDg2NDDlhoYo56iO6L68KeS7peS4iuOBp+mAgeaWmeeEoeaWmSEh,PGltZyBzcmM9Imh0dHA6Ly9pbWFnZS5yYWt1dGVuLmNvLmpwL2JpY3ljbGVsYWIvY2FiaW5ldC9vdGhlci9jYXJ0X2JvdHRsZWNhZ2UuZ2lmIiBib3JkZXI9IjAiPjxicj48YnI+PGJyPjxzdHlsZSBUWVBFPSJ0ZXh0L2NzcyI+CnRkLmludmVudG9yeSBmb250e2ZvbnQtc2l6ZToxMHB4O2xpbmUtaGVpZ2h0OjE1MCU7Y29sb3I6Izg4ODg4ODt9Cjwvc3R5bGU+,44CQVE9LRU4g44OI44O844Kx44Oz44CRW+ODnOODq+ODiCDoh6rou6Lou4pd44CMVEtCNTE2IOOCouODq+ODn+ODnOODiOODq+OCseODvOOCuOODnOODq+ODiOOAjVs05pys44K744OD44OIXSBbVEtCNTE2XSBbYXpdIOODreODvOODieODkOOCpOOCryDjgq/jg63jgrnjg5DjgqTjgq8gTVRCIOODn+ODi+ODmeODrSDjg5Tjgrnjg4jjg5DjgqTjgq8g44Oc44OI44Or44Kx44O844K444CQUuOAke+8muiHqui7oui7iuOBquavjuaXpeOAgOODkOOCpOOCt+OCr+ODq+ODqeODnA==,6Ieq6Lui6LuKIOODreODvOODieODkOOCpOOCryDjg57jgqbjg7Pjg4bjg7Pjg5DjgqTjgq8gTVRCIEJNWCDjgq/jg63jgrnjg5DjgqTjgq8g44K344OG44Kj44OQ44Kk44KvIOWwj+W+hOi7iuODmOODq+ODoeODg+ODiCDjgqvjgq4g44Ot44OD44KvIOODneODs+ODlyDjg6njgqTjg4gg44OE44O844OrIOOCsOODquODg+ODlyDjg5Djg7zjg4bjg7zjg5cg44Kw44Ot44O844OWIOOCv+OCpOODpCDjg4/jg7Pjg4njg6vjg5Djg7wg44OQ44O844Ko44Oz44OJIOOCueODhuODoCDjgrXjgqTjgq/jg6vjgrPjg7Pjg5Tjg6Xjg7zjgr8g44K144OJ44OrIOODmuODgOODqyDjg4jjg7zjgq/jg6rjg4Pjg5cg44Oc44OI44OrIOODnOODiOODq+OCseODvOOCuCDjg5Djg4PjgrAg44OQ44OD44Kv44OR44OD44KvIOOCreODo+ODquOCouODvCDjg5Xjgqfjg7Pjg4Djg7zovKrooYzooosg44OG44Oz44OIIOOCq+ODkOODvCDjg5njg5Pjg7zjgrfjg7zjg4gg44K544K/44Oz44OJIOOCteOCpOODieOCueOCv+ODs+ODiSDjg4Hjg6Xjg7zjg5Yg44Oq44Og44OG44O844OXIOODn+ODqeODvCDjg5njg6sg44OQ44Or44OW44Kt44Oj44OD44OXIOODkeODs+OCr+S/rueQhuOCreODg+ODiCDjgrHjgqIg44Kq44Kk44OrIOOCsOODquOCuSDjgqLjg7Pjg4Djg7zjgqbjgqfjgqLjg5jjg6vjg6Hjg4Pjg4ggTEFaRVIg44Os44O844K244O8IOODrOOCpOOCtuODvCBPR0sg44Kq44O844K444O844Kx44O8IOWkp+S6uueUqCDlrZDkvpvnlKgg6Ieq6Lui6LuKIOODreODvOODieODkOOCpOOCryDjg57jgqbjg7Pjg4bjg7Pjg5DjgqTjgq8gTVRCIEJNWCDjgq/jg63jgrnjg5DjgqTjgq8g44K344OG44Kj44OQ44Kk44KvIOWwj+W+hOi7iiDjgJBUT0tFTiDjg4jjg7zjgrHjg7PjgJFb44Oc44Or44OIIOiHqui7oui7il3jgIxUS0I1MTYg44Ki44Or44Of44Oc44OI44Or44Kx44O844K444Oc44Or44OI44CNWzTmnKzjgrvjg4Pjg4hdIFtUS0I1MTZdIFthel0g44Ot44O844OJ44OQ44Kk44KvIOOCr+ODreOCueODkOOCpOOCryBNVEIg44Of44OL44OZ44OtIOODlOOCueODiOODkOOCpOOCryDjg5zjg4jjg6vjgrHjg7zjgrjjgJBS44CR,5LuK44Gg44GR5YWo5ZOB44Od44Kk44Oz44OIM+WAjSEhIDg2NDDlhoYo56iO6L68KeS7peS4iuOBp+mAgeaWmeeEoeaWmSEh44CC44CQVE9LRU4g44OI44O844Kx44Oz44CRW+ODnOODq+ODiCDoh6rou6Lou4pd44CMVEtCNTE2IOOCouODq+ODn+ODnOODiOODq+OCseODvOOCuOODnOODq+ODiOOAjVs05pys44K744OD44OIXSBbVEtCNTE2XSBbYXpdIOODreODvOODieODkOOCpOOCryDjgq/jg63jgrnjg5DjgqTjgq8gTVRCIOODn+ODi+ODmeODrSDjg5Tjgrnjg4jjg5DjgqTjgq8g44Oc44OI44Or44Kx44O844K444CQUuOAkQ==[rn]
2-78769,aHR0cDovL3RzaG9wLnIxMHMuanAvYmljeWNsZWxhYi9jYWJpbmV0L2J0YzFfOTkvY3liYzAwMDZfbW9iaWxlMDEuanBnP2ZpdGluPTcwMDo3MDA=,NzA0LjAwMDA=,,44K544Od44O844OE44O744Ki44Km44OI44OJ44KiID4g6Ieq6Lui6LuK44O744K144Kk44Kv44Oq44Oz44KwID4g6Ieq6Lui6LuK55So44Ki44Kv44K744K144Oq44O8ID4g44Oc44OI44Or44Kx44O844K4,44CQ44Oc44OI44Or44Kx44O844K4IFRJT0dBIOOCv+OCpOOCquOCrOOAkeOAjEFsdW1pbnVtIEJvdHRsZSBDYWdlIOOCouODq+ODn+ODnOODiOODq+OCseODvOOCuOOAjVtXQkMwMzhdIFttYV0g6Ieq6Lui6LuKIOODrOODvOOCueODnOODiOODqyDjg4njg6rjg7Pjgq/jg5zjg4jjg6sg44Ot44O844OJ44OQ44Kk44KvIOOCr+ODreOCueODkOOCpOOCryBNVELjgJBS44CR,5LuK44Gg44GR5YWo5ZOB44Od44Kk44Oz44OIM+WAjSEhIDg2NDDlhoYo56iO6L68KeS7peS4iuOBp+mAgeaWmeeEoeaWmSEh,PGltZyBzcmM9Imh0dHA6Ly9pbWFnZS5yYWt1dGVuLmNvLmpwL2JpY3ljbGVsYWIvY2FiaW5ldC9vdGhlci9jYXJ0X2JvdHRsZWNhZ2UuZ2lmIiBib3JkZXI9IjAiPjxicj48YnI+PGJyPjxzdHlsZSBUWVBFPSJ0ZXh0L2NzcyI+CnRkLmludmVudG9yeSBmb250e2ZvbnQtc2l6ZToxMHB4O2xpbmUtaGVpZ2h0OjE1MCU7Y29sb3I6Izg4ODg4ODt9Cjwvc3R5bGU+,44CQ44Oc44OI44Or44Kx44O844K4IFRJT0dBIOOCv+OCpOOCquOCrOOAkeOAjEFsdW1pbnVtIEJvdHRsZSBDYWdlIOOCouODq+ODn+ODnOODiOODq+OCseODvOOCuOOAjVtXQkMwMzhdIFttYV0g6Ieq6Lui6LuKIOODrOODvOOCueODnOODiOODqyDjg4njg6rjg7Pjgq/jg5zjg4jjg6sg44Ot44O844OJ44OQ44Kk44KvIOOCr+ODreOCueODkOOCpOOCryBNVELjgJBS44CR77ya6Ieq6Lui6LuK44Gq5q+O5pel44CA44OQ44Kk44K344Kv44Or44Op44Oc,6Ieq6Lui6LuKIOODreODvOODieODkOOCpOOCryDjg57jgqbjg7Pjg4bjg7Pjg5DjgqTjgq8gTVRCIEJNWCDjgq/jg63jgrnjg5DjgqTjgq8g44K344OG44Kj44OQ44Kk44KvIOWwj+W+hOi7iuODmOODq+ODoeODg+ODiCDjgqvjgq4g44Ot44OD44KvIOODneODs+ODlyDjg6njgqTjg4gg44OE44O844OrIOOCsOODquODg+ODlyDjg5Djg7zjg4bjg7zjg5cg44Kw44Ot44O844OWIOOCv+OCpOODpCDjg4/jg7Pjg4njg6vjg5Djg7wg44OQ44O844Ko44Oz44OJIOOCueODhuODoCDjgrXjgqTjgq/jg6vjgrPjg7Pjg5Tjg6Xjg7zjgr8g44K144OJ44OrIOODmuODgOODqyDjg4jjg7zjgq/jg6rjg4Pjg5cg44Oc44OI44OrIOODnOODiOODq+OCseODvOOCuCDjg5Djg4PjgrAg44OQ44OD44Kv44OR44OD44KvIOOCreODo+ODquOCouODvCDjg5Xjgqfjg7Pjg4Djg7zovKrooYzooosg44OG44Oz44OIIOOCq+ODkOODvCDjg5njg5Pjg7zjgrfjg7zjg4gg44K544K/44Oz44OJIOOCteOCpOODieOCueOCv+ODs+ODiSDjg4Hjg6Xjg7zjg5Yg44Oq44Og44OG44O844OXIOODn+ODqeODvCDjg5njg6sg44OQ44Or44OW44Kt44Oj44OD44OXIOODkeODs+OCr+S/rueQhuOCreODg+ODiCDjgrHjgqIg44Kq44Kk44OrIOOCsOODquOCuSDjgqLjg7Pjg4Djg7zjgqbjgqfjgqLjg5jjg6vjg6Hjg4Pjg4ggTEFaRVIg44Os44O844K244O8IOODrOOCpOOCtuODvCBPR0sg44Kq44O844K444O844Kx44O8IOWkp+S6uueUqCDlrZDkvpvnlKgg6Ieq6Lui6LuKIOODreODvOODieODkOOCpOOCryDjg57jgqbjg7Pjg4bjg7Pjg5DjgqTjgq8gTVRCIEJNWCDjgq/jg63jgrnjg5DjgqTjgq8g44K344OG44Kj44OQ44Kk44KvIOWwj+W+hOi7iiDjgJDjg5zjg4jjg6vjgrHjg7zjgrggVElPR0Eg44K/44Kk44Kq44Ks44CR44CMQWx1bWludW0gQm90dGxlIENhZ2Ug44Ki44Or44Of44Oc44OI44Or44Kx44O844K444CNW1dCQzAzOF0gW21hXSDoh6rou6Lou4og44Os44O844K544Oc44OI44OrIOODieODquODs+OCr+ODnOODiOODqyDjg63jg7zjg4njg5DjgqTjgq8g44Kv44Ot44K544OQ44Kk44KvIE1UQuOAkFLjgJE=,5LuK44Gg44GR5YWo5ZOB44Od44Kk44Oz44OIM+WAjSEhIDg2NDDlhoYo56iO6L68KeS7peS4iuOBp+mAgeaWmeeEoeaWmSEh44CC44CQ44Oc44OI44Or44Kx44O844K4IFRJT0dBIOOCv+OCpOOCquOCrOOAkeOAjEFsdW1pbnVtIEJvdHRsZSBDYWdlIOOCouODq+ODn+ODnOODiOODq+OCseODvOOCuOOAjVtXQkMwMzhdIFttYV0g6Ieq6Lui6LuKIOODrOODvOOCueODnOODiOODqyDjg4njg6rjg7Pjgq/jg5zjg4jjg6sg44Ot44O844OJ44OQ44Kk44KvIOOCr+ODreOCueODkOOCpOOCryBNVELjgJBS44CR[rn]
2-78770,aHR0cDovL3RzaG9wLnIxMHMuanAvYmljeWNsZWxhYi9jYWJpbmV0L2J0YzFfOTkvY3liYzAwMzVfbW9iaWxlMDEuanBnP2ZpdGluPTcwMDo3MDA=,MTA4OC4wMDAw,,44K544Od44O844OE44O744Ki44Km44OI44OJ44KiID4g6Ieq6Lui6LuK44O744K144Kk44Kv44Oq44Oz44KwID4g6Ieq6Lui6LuK55So44Ki44Kv44K744K144Oq44O8ID4g44Oc44OI44Or44Kx44O844K4,44CQ44Oc44OI44Or44Kx44O844K4IElCRVJBIOOCpOODmeODqeOAkeOAjElCLUJDNCDjgqLjgrjjg6Pjgrnjgr/jg5bjg6vjg5zjg4jjg6vjgrHjg7zjgrjjgI3jg5jjg4Pjg4njga7jg4DjgqTjg6Tjg6vjgafluYXjgpI2M21t44GL44KJNzNtbeOBvuOBp+OCteOCpOOCuuiqv+aVtOOBp+OBjeOCi+OCouOCuOODo+OCueOCv+ODluODq+ODnOODiOODq+OCseODvOOCuOOAguiHqui7oui7iiDjg5zjg4jjg6vjgrHjg7zjgrgg44Oa44OD44OI44Oc44OI44OrIOODrOODvOOCueODnOODiOODqw==,5LuK44Gg44GR5YWo5ZOB44Od44Kk44Oz44OIM+WAjSEhIDg2NDDlhoYo56iO6L68KeS7peS4iuOBp+mAgeaWmeeEoeaWmSEh,PGltZyBzcmM9Imh0dHA6Ly9pbWFnZS5yYWt1dGVuLmNvLmpwL2JpY3ljbGVsYWIvY2FiaW5ldC9vdGhlci9jYXJ0X2JvdHRsZWNhZ2UuZ2lmIiBib3JkZXI9IjAiPjxicj48YnI+PGJyPjxzdHlsZSBUWVBFPSJ0ZXh0L2NzcyI+CnRkLmludmVudG9yeSBmb250e2ZvbnQtc2l6ZToxMHB4O2xpbmUtaGVpZ2h0OjE1MCU7Y29sb3I6Izg4ODg4ODt9Cjwvc3R5bGU+,44CQ44Oc44OI44Or44Kx44O844K4IElCRVJBIOOCpOODmeODqeOAkeOAjElCLUJDNCDjgqLjgrjjg6Pjgrnjgr/jg5bjg6vjg5zjg4jjg6vjgrHjg7zjgrjjgI3jg5jjg4Pjg4njga7jg4DjgqTjg6Tjg6vjgafluYXjgpI2M21t44GL44KJNzNtbeOBvuOBp+OCteOCpOOCuuiqv+aVtOOBp+OBjeOCi+OCouOCuOODo+OCueOCv+ODluODq+ODnOODiOODq+OCseODvOOCuOOAguiHqui7oui7iiDjg5zjg4jjg6vjgrHjg7zjgrgg44Oa44OD44OI44Oc44OI44OrIOODrOODvOOCueODnOODiOODq++8muiHqui7oui7iuOBquavjuaXpeOAgOODkOOCpOOCt+OCr+ODq+ODqeODnA==,6Ieq6Lui6LuKIOODreODvOODieODkOOCpOOCryDjg57jgqbjg7Pjg4bjg7Pjg5DjgqTjgq8gTVRCIEJNWCDjgq/jg63jgrnjg5DjgqTjgq8g44K344OG44Kj44OQ44Kk44KvIOWwj+W+hOi7iuODmOODq+ODoeODg+ODiCDjgqvjgq4g44Ot44OD44KvIOODneODs+ODlyDjg6njgqTjg4gg44OE44O844OrIOOCsOODquODg+ODlyDjg5Djg7zjg4bjg7zjg5cg44Kw44Ot44O844OWIOOCv+OCpOODpCDjg4/jg7Pjg4njg6vjg5Djg7wg44OQ44O844Ko44Oz44OJIOOCueODhuODoCDjgrXjgqTjgq/jg6vjgrPjg7Pjg5Tjg6Xjg7zjgr8g44K144OJ44OrIOODmuODgOODqyDjg4jjg7zjgq/jg6rjg4Pjg5cg44Oc44OI44OrIOODnOODiOODq+OCseODvOOCuCDjg5Djg4PjgrAg44OQ44OD44Kv44OR44OD44KvIOOCreODo+ODquOCouODvCDjg5Xjgqfjg7Pjg4Djg7zovKrooYzooosg44OG44Oz44OIIOOCq+ODkOODvCDjg5njg5Pjg7zjgrfjg7zjg4gg44K544K/44Oz44OJIOOCteOCpOODieOCueOCv+ODs+ODiSDjg4Hjg6Xjg7zjg5Yg44Oq44Og44OG44O844OXIOODn+ODqeODvCDjg5njg6sg44OQ44Or44OW44Kt44Oj44OD44OXIOODkeODs+OCr+S/rueQhuOCreODg+ODiCDjgrHjgqIg44Kq44Kk44OrIOOCsOODquOCuSDjgqLjg7Pjg4Djg7zjgqbjgqfjgqLjg5jjg6vjg6Hjg4Pjg4ggTEFaRVIg44Os44O844K244O8IOODrOOCpOOCtuODvCBPR0sg44Kq44O844K444O844Kx44O8IOWkp+S6uueUqCDlrZDkvpvnlKgg6Ieq6Lui6LuKIOODreODvOODieODkOOCpOOCryDjg57jgqbjg7Pjg4bjg7Pjg5DjgqTjgq8gTVRCIEJNWCDjgq/jg63jgrnjg5DjgqTjgq8g44K344OG44Kj44OQ44Kk44KvIOWwj+W+hOi7iiDjgJDjg5zjg4jjg6vjgrHjg7zjgrggSUJFUkEg44Kk44OZ44Op44CR44CMSUItQkM0IOOCouOCuOODo+OCueOCv+ODluODq+ODnOODiOODq+OCseODvOOCuOOAjeODmOODg+ODieOBruODgOOCpOODpOODq+OBp+W5heOCkjYzbW3jgYvjgok3M21t44G+44Gn44K144Kk44K66Kq/5pW044Gn44GN44KL44Ki44K444Oj44K544K/44OW44Or44Oc44OI44Or44Kx44O844K444CC6Ieq6Lui6LuKIOODnOODiOODq+OCseODvOOCuCDjg5rjg4Pjg4jjg5zjg4jjg6sg44Os44O844K544Oc44OI44Or,5LuK44Gg44GR5YWo5ZOB44Od44Kk44Oz44OIM+WAjSEhIDg2NDDlhoYo56iO6L68KeS7peS4iuOBp+mAgeaWmeeEoeaWmSEh44CC44CQ44Oc44OI44Or44Kx44O844K4IElCRVJBIOOCpOODmeODqeOAkeOAjElCLUJDNCDjgqLjgrjjg6Pjgrnjgr/jg5bjg6vjg5zjg4jjg6vjgrHjg7zjgrjjgI3jg5jjg4Pjg4njga7jg4DjgqTjg6Tjg6vjgafluYXjgpI2M21t44GL44KJNzNtbeOBvuOBp+OCteOCpOOCuuiqv+aVtOOBp+OBjeOCi+OCouOCuOODo+OCueOCv+ODluODq+ODnOODiOODq+OCseODvOOCuOOAguiHqui7oui7iiDjg5zjg4jjg6vjgrHjg7zjgrgg44Oa44OD44OI44Oc44OI44OrIOODrOODvOOCueODnOODiOODqw==[rn]
2-78771,aHR0cDovL3RzaG9wLnIxMHMuanAvYmljeWNsZWxhYi9jYWJpbmV0L2J0YzFfOTkvY3liYzAwMDNfbW9iaWxlMDFfMDIuanBnP2ZpdGluPTcwMDo3MDA=,NTkyLjAwMDA=,,44K544Od44O844OE44O744Ki44Km44OI44OJ44KiID4g6Ieq6Lui6LuK44O744K144Kk44Kv44Oq44Oz44KwID4g6Ieq6Lui6LuK55So44Ki44Kv44K744K144Oq44O8ID4g44Oc44OI44Or44Kx44O844K4,44CQ44Oc44OI44Or44Kx44O844K4IE1JTk9VUkEg44Of44OO44Km44Op44CR44CMQUItMTAwLTQuNSDjg63jg7zjg4nnlKjjgI1bV0JDMDQxXSBbbWFdIOiHqui7oui7iiDjg63jg7zjg4njg5DjgqTjgq8g44Kv44Ot44K544OQ44Kk44KvIOODrOODvOOCueODnOODiOODqyDjg4njg6rjg7Pjgq/jg5zjg4jjg6s=,5LuK44Gg44GR5YWo5ZOB44Od44Kk44Oz44OIM+WAjSEhIDg2NDDlhoYo56iO6L68KeS7peS4iuOBp+mAgeaWmeeEoeaWmSEh,PGltZyBzcmM9Imh0dHA6Ly9pbWFnZS5yYWt1dGVuLmNvLmpwL2JpY3ljbGVsYWIvY2FiaW5ldC9vdGhlci9jYXJ0X2JvdHRsZWNhZ2UuZ2lmIiBib3JkZXI9IjAiPjxicj48YnI+PGJyPjxzdHlsZSBUWVBFPSJ0ZXh0L2NzcyI+CnRkLmludmVudG9yeSBmb250e2ZvbnQtc2l6ZToxMHB4O2xpbmUtaGVpZ2h0OjE1MCU7Y29sb3I6Izg4ODg4ODt9Cjwvc3R5bGU+,44CQ44Oc44OI44Or44Kx44O844K4IE1JTk9VUkEg44Of44OO44Km44Op44CR44CMQUItMTAwLTQuNSDjg63jg7zjg4nnlKjjgI1bV0JDMDQxXSBbbWFdIOiHqui7oui7iiDjg63jg7zjg4njg5DjgqTjgq8g44Kv44Ot44K544OQ44Kk44KvIOODrOODvOOCueODnOODiOODqyDjg4njg6rjg7Pjgq/jg5zjg4jjg6vvvJroh6rou6Lou4rjgarmr47ml6XjgIDjg5DjgqTjgrfjgq/jg6vjg6njg5w=,6Ieq6Lui6LuKIOODreODvOODieODkOOCpOOCryDjg57jgqbjg7Pjg4bjg7Pjg5DjgqTjgq8gTVRCIEJNWCDjgq/jg63jgrnjg5DjgqTjgq8g44K344OG44Kj44OQ44Kk44KvIOWwj+W+hOi7iuODmOODq+ODoeODg+ODiCDjgqvjgq4g44Ot44OD44KvIOODneODs+ODlyDjg6njgqTjg4gg44OE44O844OrIOOCsOODquODg+ODlyDjg5Djg7zjg4bjg7zjg5cg44Kw44Ot44O844OWIOOCv+OCpOODpCDjg4/jg7Pjg4njg6vjg5Djg7wg44OQ44O844Ko44Oz44OJIOOCueODhuODoCDjgrXjgqTjgq/jg6vjgrPjg7Pjg5Tjg6Xjg7zjgr8g44K144OJ44OrIOODmuODgOODqyDjg4jjg7zjgq/jg6rjg4Pjg5cg44Oc44OI44OrIOODnOODiOODq+OCseODvOOCuCDjg5Djg4PjgrAg44OQ44OD44Kv44OR44OD44KvIOOCreODo+ODquOCouODvCDjg5Xjgqfjg7Pjg4Djg7zovKrooYzooosg44OG44Oz44OIIOOCq+ODkOODvCDjg5njg5Pjg7zjgrfjg7zjg4gg44K544K/44Oz44OJIOOCteOCpOODieOCueOCv+ODs+ODiSDjg4Hjg6Xjg7zjg5Yg44Oq44Og44OG44O844OXIOODn+ODqeODvCDjg5njg6sg44OQ44Or44OW44Kt44Oj44OD44OXIOODkeODs+OCr+S/rueQhuOCreODg+ODiCDjgrHjgqIg44Kq44Kk44OrIOOCsOODquOCuSDjgqLjg7Pjg4Djg7zjgqbjgqfjgqLjg5jjg6vjg6Hjg4Pjg4ggTEFaRVIg44Os44O844K244O8IOODrOOCpOOCtuODvCBPR0sg44Kq44O844K444O844Kx44O8IOWkp+S6uueUqCDlrZDkvpvnlKgg6Ieq6Lui6LuKIOODreODvOODieODkOOCpOOCryDjg57jgqbjg7Pjg4bjg7Pjg5DjgqTjgq8gTVRCIEJNWCDjgq/jg63jgrnjg5DjgqTjgq8g44K344OG44Kj44OQ44Kk44KvIOWwj+W+hOi7iiDjgJDjg5zjg4jjg6vjgrHjg7zjgrggTUlOT1VSQSDjg5/jg47jgqbjg6njgJHjgIxBQi0xMDAtNC41IOODreODvOODieeUqOOAjVtXQkMwNDFdIFttYV0g6Ieq6Lui6LuKIOODreODvOODieODkOOCpOOCryDjgq/jg63jgrnjg5DjgqTjgq8g44Os44O844K544Oc44OI44OrIOODieODquODs+OCr+ODnOODiOODqw==,5LuK44Gg44GR5YWo5ZOB44Od44Kk44Oz44OIM+WAjSEhIDg2NDDlhoYo56iO6L68KeS7peS4iuOBp+mAgeaWmeeEoeaWmSEh44CC44CQ44Oc44OI44Or44Kx44O844K4IE1JTk9VUkEg44Of44OO44Km44Op44CR44CMQUItMTAwLTQuNSDjg63jg7zjg4nnlKjjgI1bV0JDMDQxXSBbbWFdIOiHqui7oui7iiDjg63jg7zjg4njg5DjgqTjgq8g44Kv44Ot44K544OQ44Kk44KvIOODrOODvOOCueODnOODiOODqyDjg4njg6rjg7Pjgq/jg5zjg4jjg6s=[rn]
2-78772,aHR0cDovL3RzaG9wLnIxMHMuanAvYmljeWNsZWxhYi9jYWJpbmV0L2J0YzFfOTkvY3liYzAwMjZfbW9iaWxlMDEuanBnP2ZpdGluPTcwMDo3MDA=,OTE4LjQwMDA=,,44K544Od44O844OE44O744Ki44Km44OI44OJ44KiID4g6Ieq6Lui6LuK44O744K144Kk44Kv44Oq44Oz44KwID4g6Ieq6Lui6LuK55So44Ki44Kv44K744K144Oq44O8ID4g44Oc44OI44Or44Kx44O844K4,44CQ44Oc44OI44Or44Kx44O844K4IE1JTk9VUkEg44Of44OO44Km44Op44CR44CMQkgtMTAwLVMgQm90dGxlIENhZ2UgSG9sZGVyIEJIMTAwLVPjg5zjg4jjg6vjgrHjg7zjgrgg44Ob44Or44OA44O844CNW1lXQjAxNF0gW21hXSDoh6rou6Lou4og44Ot44O844OJ44OQ44Kk44KvIOOCr+ODreOCueODkOOCpOOCryBNVEIg44Os44O844K544Oc44OI44OrIOODieODquODs+OCr+ODnOODiOODqw==,5LuK44Gg44GR5YWo5ZOB44Od44Kk44Oz44OIM+WAjSEhIDg2NDDlhoYo56iO6L68KeS7peS4iuOBp+mAgeaWmeeEoeaWmSEh,PGltZyBzcmM9Imh0dHA6Ly9pbWFnZS5yYWt1dGVuLmNvLmpwL2JpY3ljbGVsYWIvY2FiaW5ldC9vdGhlci9jYXJ0X2JvdHRsZWNhZ2UuZ2lmIiBib3JkZXI9IjAiPjxicj48YnI+PGJyPjxzdHlsZSBUWVBFPSJ0ZXh0L2NzcyI+CnRkLmludmVudG9yeSBmb250e2ZvbnQtc2l6ZToxMHB4O2xpbmUtaGVpZ2h0OjE1MCU7Y29sb3I6Izg4ODg4ODt9Cjwvc3R5bGU+,44CQ44Oc44OI44Or44Kx44O844K4IE1JTk9VUkEg44Of44OO44Km44Op44CR44CMQkgtMTAwLVMgQm90dGxlIENhZ2UgSG9sZGVyIEJIMTAwLVPjg5zjg4jjg6vjgrHjg7zjgrgg44Ob44Or44OA44O844CNW1lXQjAxNF0gW21hXSDoh6rou6Lou4og44Ot44O844OJ44OQ44Kk44KvIOOCr+ODreOCueODkOOCpOOCryBNVEIg44Os44O844K544Oc44OI44OrIOODieODquODs+OCr+ODnOODiOODq++8muiHqui7oui7iuOBquavjuaXpeOAgOODkOOCpOOCt+OCr+ODq+ODqeODnA==,6Ieq6Lui6LuKIOODreODvOODieODkOOCpOOCryDjg57jgqbjg7Pjg4bjg7Pjg5DjgqTjgq8gTVRCIEJNWCDjgq/jg63jgrnjg5DjgqTjgq8g44K344OG44Kj44OQ44Kk44KvIOWwj+W+hOi7iuODmOODq+ODoeODg+ODiCDjgqvjgq4g44Ot44OD44KvIOODneODs+ODlyDjg6njgqTjg4gg44OE44O844OrIOOCsOODquODg+ODlyDjg5Djg7zjg4bjg7zjg5cg44Kw44Ot44O844OWIOOCv+OCpOODpCDjg4/jg7Pjg4njg6vjg5Djg7wg44OQ44O844Ko44Oz44OJIOOCueODhuODoCDjgrXjgqTjgq/jg6vjgrPjg7Pjg5Tjg6Xjg7zjgr8g44K144OJ44OrIOODmuODgOODqyDjg4jjg7zjgq/jg6rjg4Pjg5cg44Oc44OI44OrIOODnOODiOODq+OCseODvOOCuCDjg5Djg4PjgrAg44OQ44OD44Kv44OR44OD44KvIOOCreODo+ODquOCouODvCDjg5Xjgqfjg7Pjg4Djg7zovKrooYzooosg44OG44Oz44OIIOOCq+ODkOODvCDjg5njg5Pjg7zjgrfjg7zjg4gg44K544K/44Oz44OJIOOCteOCpOODieOCueOCv+ODs+ODiSDjg4Hjg6Xjg7zjg5Yg44Oq44Og44OG44O844OXIOODn+ODqeODvCDjg5njg6sg44OQ44Or44OW44Kt44Oj44OD44OXIOODkeODs+OCr+S/rueQhuOCreODg+ODiCDjgrHjgqIg44Kq44Kk44OrIOOCsOODquOCuSDjgqLjg7Pjg4Djg7zjgqbjgqfjgqLjg5jjg6vjg6Hjg4Pjg4ggTEFaRVIg44Os44O844K244O8IOODrOOCpOOCtuODvCBPR0sg44Kq44O844K444O844Kx44O8IOWkp+S6uueUqCDlrZDkvpvnlKgg6Ieq6Lui6LuKIOODreODvOODieODkOOCpOOCryDjg57jgqbjg7Pjg4bjg7Pjg5DjgqTjgq8gTVRCIEJNWCDjgq/jg63jgrnjg5DjgqTjgq8g44K344OG44Kj44OQ44Kk44KvIOWwj+W+hOi7iiDjgJDjg5zjg4jjg6vjgrHjg7zjgrggTUlOT1VSQSDjg5/jg47jgqbjg6njgJHjgIxCSC0xMDAtUyBCb3R0bGUgQ2FnZSBIb2xkZXIgQkgxMDAtU+ODnOODiOODq+OCseODvOOCuCDjg5vjg6vjg4Djg7zjgI1bWVdCMDE0XSBbbWFdIOiHqui7oui7iiDjg63jg7zjg4njg5DjgqTjgq8g44Kv44Ot44K544OQ44Kk44KvIE1UQiDjg6zjg7zjgrnjg5zjg4jjg6sg44OJ44Oq44Oz44Kv44Oc44OI44Or,5LuK44Gg44GR5YWo5ZOB44Od44Kk44Oz44OIM+WAjSEhIDg2NDDlhoYo56iO6L68KeS7peS4iuOBp+mAgeaWmeeEoeaWmSEh44CC44CQ44Oc44OI44Or44Kx44O844K4IE1JTk9VUkEg44Of44OO44Km44Op44CR44CMQkgtMTAwLVMgQm90dGxlIENhZ2UgSG9sZGVyIEJIMTAwLVPjg5zjg4jjg6vjgrHjg7zjgrgg44Ob44Or44OA44O844CNW1lXQjAxNF0gW21hXSDoh6rou6Lou4og44Ot44O844OJ44OQ44Kk44KvIOOCr+ODreOCueODkOOCpOOCryBNVEIg44Os44O844K544Oc44OI44OrIOODieODquODs+OCr+ODnOODiOODqw==[rn]
2-78773,aHR0cDovL3RzaG9wLnIxMHMuanAvYmljeWNsZWxhYi9jYWJpbmV0L2J0YzFfOTkvY3liYzAwNzJfbW9iaWxlMDEuanBnP2ZpdGluPTcwMDo3MDA=,Njc4LjQwMDA=,,44K544Od44O844OE44O744Ki44Km44OI44OJ44KiID4g6Ieq6Lui6LuK44O744K144Kk44Kv44Oq44Oz44KwID4g6Ieq6Lui6LuK55So44Ki44Kv44K744K144Oq44O8ID4g44Oc44OI44Or44Kx44O844K4,44CQT0dLIOOCquODvOOCuOODvOOCseODvOOAkVvjg4njg6rjg7Pjgq/jg5vjg6vjg4Djg7wg6Ieq6Lui6LuKXeOAjFBCSC0wMDMg44OJ44Oq44Oz44Kv44Ob44Or44OA44O844CNWzUwMG1s44Oa44OD44OI44Oc44OI44OrL+e8ti/ntJnjg5Hjg4Pjgq/lr77lv5xdIFtQQkgtMDAzXSBbbm9dIOODreODvOODieODkOOCpOOCryDjgq/jg63jgrnjg5DjgqTjgq8gTVRCIOOCt+ODhuOCo+i7iiDjg5zjg4jjg6vjgrHjg7zjgrgg44OJ44Oq44Oz44Kv44Ob44Or44OA44O8,5LuK44Gg44GR5YWo5ZOB44Od44Kk44Oz44OIM+WAjSEhIDg2NDDlhoYo56iO6L68KeS7peS4iuOBp+mAgeaWmeeEoeaWmSEh,PGltZyBzcmM9Imh0dHA6Ly9pbWFnZS5yYWt1dGVuLmNvLmpwL2JpY3ljbGVsYWIvY2FiaW5ldC9vdGhlci9jYXJ0X2JvdHRsZWNhZ2UuZ2lmIiBib3JkZXI9IjAiPjxicj48YnI+PGJyPjxzdHlsZSBUWVBFPSJ0ZXh0L2NzcyI+CnRkLmludmVudG9yeSBmb250e2ZvbnQtc2l6ZToxMHB4O2xpbmUtaGVpZ2h0OjE1MCU7Y29sb3I6Izg4ODg4ODt9Cjwvc3R5bGU+,44CQT0dLIOOCquODvOOCuOODvOOCseODvOOAkVvjg4njg6rjg7Pjgq/jg5vjg6vjg4Djg7wg6Ieq6Lui6LuKXeOAjFBCSC0wMDMg44OJ44Oq44Oz44Kv44Ob44Or44OA44O844CNWzUwMG1s44Oa44OD44OI44Oc44OI44OrL+e8ti/ntJnjg5Hjg4Pjgq/lr77lv5xdIFtQQkgtMDAzXSBbbm9dIOODreODvOODieODkOOCpOOCryDjgq/jg63jgrnjg5DjgqTjgq8gTVRCIOOCt+ODhuOCo+i7iiDjg5zjg4jjg6vjgrHjg7zjgrgg44OJ44Oq44Oz44Kv44Ob44Or44OA44O877ya6Ieq6Lui6LuK44Gq5q+O5pel44CA44OQ44Kk44K344Kv44Or44Op44Oc,6Ieq6Lui6LuKIOODreODvOODieODkOOCpOOCryDjg57jgqbjg7Pjg4bjg7Pjg5DjgqTjgq8gTVRCIEJNWCDjgq/jg63jgrnjg5DjgqTjgq8g44K344OG44Kj44OQ44Kk44KvIOWwj+W+hOi7iuODmOODq+ODoeODg+ODiCDjgqvjgq4g44Ot44OD44KvIOODneODs+ODlyDjg6njgqTjg4gg44OE44O844OrIOOCsOODquODg+ODlyDjg5Djg7zjg4bjg7zjg5cg44Kw44Ot44O844OWIOOCv+OCpOODpCDjg4/jg7Pjg4njg6vjg5Djg7wg44OQ44O844Ko44Oz44OJIOOCueODhuODoCDjgrXjgqTjgq/jg6vjgrPjg7Pjg5Tjg6Xjg7zjgr8g44K144OJ44OrIOODmuODgOODqyDjg4jjg7zjgq/jg6rjg4Pjg5cg44Oc44OI44OrIOODnOODiOODq+OCseODvOOCuCDjg5Djg4PjgrAg44OQ44OD44Kv44OR44OD44KvIOOCreODo+ODquOCouODvCDjg5Xjgqfjg7Pjg4Djg7zovKrooYzooosg44OG44Oz44OIIOOCq+ODkOODvCDjg5njg5Pjg7zjgrfjg7zjg4gg44K544K/44Oz44OJIOOCteOCpOODieOCueOCv+ODs+ODiSDjg4Hjg6Xjg7zjg5Yg44Oq44Og44OG44O844OXIOODn+ODqeODvCDjg5njg6sg44OQ44Or44OW44Kt44Oj44OD44OXIOODkeODs+OCr+S/rueQhuOCreODg+ODiCDjgrHjgqIg44Kq44Kk44OrIOOCsOODquOCuSDjgqLjg7Pjg4Djg7zjgqbjgqfjgqLjg5jjg6vjg6Hjg4Pjg4ggTEFaRVIg44Os44O844K244O8IOODrOOCpOOCtuODvCBPR0sg44Kq44O844K444O844Kx44O8IOWkp+S6uueUqCDlrZDkvpvnlKgg6Ieq6Lui6LuKIOODreODvOODieODkOOCpOOCryDjg57jgqbjg7Pjg4bjg7Pjg5DjgqTjgq8gTVRCIEJNWCDjgq/jg63jgrnjg5DjgqTjgq8g44K344OG44Kj44OQ44Kk44KvIOWwj+W+hOi7iiDjgJBPR0sg44Kq44O844K444O844Kx44O844CRW+ODieODquODs+OCr+ODm+ODq+ODgOODvCDoh6rou6Lou4pd44CMUEJILTAwMyDjg4njg6rjg7Pjgq/jg5vjg6vjg4Djg7zjgI1bNTAwbWzjg5rjg4Pjg4jjg5zjg4jjg6sv57y2L+e0meODkeODg+OCr+WvvuW/nF0gW1BCSC0wMDNdIFtub10g44Ot44O844OJ44OQ44Kk44KvIOOCr+ODreOCueODkOOCpOOCryBNVEIg44K344OG44Kj6LuKIOODnOODiOODq+OCseODvOOCuCDjg4njg6rjg7Pjgq/jg5vjg6vjg4Djg7w=,5LuK44Gg44GR5YWo5ZOB44Od44Kk44Oz44OIM+WAjSEhIDg2NDDlhoYo56iO6L68KeS7peS4iuOBp+mAgeaWmeeEoeaWmSEh44CC44CQT0dLIOOCquODvOOCuOODvOOCseODvOOAkVvjg4njg6rjg7Pjgq/jg5vjg6vjg4Djg7wg6Ieq6Lui6LuKXeOAjFBCSC0wMDMg44OJ44Oq44Oz44Kv44Ob44Or44OA44O844CNWzUwMG1s44Oa44OD44OI44Oc44OI44OrL+e8ti/ntJnjg5Hjg4Pjgq/lr77lv5xdIFtQQkgtMDAzXSBbbm9dIOODreODvOODieODkOOCpOOCryDjgq/jg63jgrnjg5DjgqTjgq8gTVRCIOOCt+ODhuOCo+i7iiDjg5zjg4jjg6vjgrHjg7zjgrgg44OJ44Oq44Oz44Kv44Ob44Or44OA44O8[rn]
2-78774,aHR0cDovL3RzaG9wLnIxMHMuanAvYmljeWNsZWxhYi9jYWJpbmV0L2J0YzFfOTkvY3liYzAwMDJfbW9iaWxlMDEuanBnP2ZpdGluPTcwMDo3MDA=,MTUzNi4wMDAw,,44K544Od44O844OE44O744Ki44Km44OI44OJ44KiID4g6Ieq6Lui6LuK44O744K144Kk44Kv44Oq44Oz44KwID4g6Ieq6Lui6LuK55So44Ki44Kv44K744K144Oq44O8ID4g44Oc44OI44Or44Kx44O844K4,44CQ44Oc44OI44Or44Kx44O844K4IEdQIOOCuOODvOODlOODvOOAkeOAjExlYXRoZXIgQm90dGxlIENhZ2Ug44Os44K244O844Oc44OI44Or44Kx44O844K444CN6Ieq6Lui6LuKIOODreODvOODieODkOOCpOOCryDjgq/jg63jgrnjg5DjgqTjgq8gTVRCIOODrOODvOOCueODnOODiOODqyDjg4njg6rjg7Pjgq/jg5zjg4jjg6sgR0laQSBQUk9EVUNUUyDjgq7jgrbjg5fjg63jg4Djgq/jg4TjgJBS44CR,5LuK44Gg44GR5YWo5ZOB44Od44Kk44Oz44OIM+WAjSEhIDg2NDDlhoYo56iO6L68KeS7peS4iuOBp+mAgeaWmeeEoeaWmSEh,PGltZyBzcmM9Imh0dHA6Ly9pbWFnZS5yYWt1dGVuLmNvLmpwL2JpY3ljbGVsYWIvY2FiaW5ldC9vdGhlci9jYXJ0X2JvdHRsZWNhZ2UuZ2lmIiBib3JkZXI9IjAiPjxicj48YnI+PGJyPjxzdHlsZSBUWVBFPSJ0ZXh0L2NzcyI+CnRkLmludmVudG9yeSBmb250e2ZvbnQtc2l6ZToxMHB4O2xpbmUtaGVpZ2h0OjE1MCU7Y29sb3I6Izg4ODg4ODt9Cjwvc3R5bGU+,44CQ44Oc44OI44Or44Kx44O844K4IEdQIOOCuOODvOODlOODvOOAkeOAjExlYXRoZXIgQm90dGxlIENhZ2Ug44Os44K244O844Oc44OI44Or44Kx44O844K444CN6Ieq6Lui6LuKIOODreODvOODieODkOOCpOOCryDjgq/jg63jgrnjg5DjgqTjgq8gTVRCIOODrOODvOOCueODnOODiOODqyDjg4njg6rjg7Pjgq/jg5zjg4jjg6sgR0laQSBQUk9EVUNUUyDjgq7jgrbjg5fjg63jg4Djgq/jg4TjgJBS44CR77ya6Ieq6Lui6LuK44Gq5q+O5pel44CA44OQ44Kk44K344Kv44Or44Op44Oc,6Ieq6Lui6LuKIOODreODvOODieODkOOCpOOCryDjg57jgqbjg7Pjg4bjg7Pjg5DjgqTjgq8gTVRCIEJNWCDjgq/jg63jgrnjg5DjgqTjgq8g44K344OG44Kj44OQ44Kk44KvIOWwj+W+hOi7iuODmOODq+ODoeODg+ODiCDjgqvjgq4g44Ot44OD44KvIOODneODs+ODlyDjg6njgqTjg4gg44OE44O844OrIOOCsOODquODg+ODlyDjg5Djg7zjg4bjg7zjg5cg44Kw44Ot44O844OWIOOCv+OCpOODpCDjg4/jg7Pjg4njg6vjg5Djg7wg44OQ44O844Ko44Oz44OJIOOCueODhuODoCDjgrXjgqTjgq/jg6vjgrPjg7Pjg5Tjg6Xjg7zjgr8g44K144OJ44OrIOODmuODgOODqyDjg4jjg7zjgq/jg6rjg4Pjg5cg44Oc44OI44OrIOODnOODiOODq+OCseODvOOCuCDjg5Djg4PjgrAg44OQ44OD44Kv44OR44OD44KvIOOCreODo+ODquOCouODvCDjg5Xjgqfjg7Pjg4Djg7zovKrooYzooosg44OG44Oz44OIIOOCq+ODkOODvCDjg5njg5Pjg7zjgrfjg7zjg4gg44K544K/44Oz44OJIOOCteOCpOODieOCueOCv+ODs+ODiSDjg4Hjg6Xjg7zjg5Yg44Oq44Og44OG44O844OXIOODn+ODqeODvCDjg5njg6sg44OQ44Or44OW44Kt44Oj44OD44OXIOODkeODs+OCr+S/rueQhuOCreODg+ODiCDjgrHjgqIg44Kq44Kk44OrIOOCsOODquOCuSDjgqLjg7Pjg4Djg7zjgqbjgqfjgqLjg5jjg6vjg6Hjg4Pjg4ggTEFaRVIg44Os44O844K244O8IOODrOOCpOOCtuODvCBPR0sg44Kq44O844K444O844Kx44O8IOWkp+S6uueUqCDlrZDkvpvnlKgg6Ieq6Lui6LuKIOODreODvOODieODkOOCpOOCryDjg57jgqbjg7Pjg4bjg7Pjg5DjgqTjgq8gTVRCIEJNWCDjgq/jg63jgrnjg5DjgqTjgq8g44K344OG44Kj44OQ44Kk44KvIOWwj+W+hOi7iiDjgJDjg5zjg4jjg6vjgrHjg7zjgrggR1Ag44K444O844OU44O844CR44CMTGVhdGhlciBCb3R0bGUgQ2FnZSDjg6zjgrbjg7zjg5zjg4jjg6vjgrHjg7zjgrjjgI3oh6rou6Lou4og44Ot44O844OJ44OQ44Kk44KvIOOCr+ODreOCueODkOOCpOOCryBNVEIg44Os44O844K544Oc44OI44OrIOODieODquODs+OCr+ODnOODiOODqyBHSVpBIFBST0RVQ1RTIOOCruOCtuODl+ODreODgOOCr+ODhOOAkFLjgJE=,5LuK44Gg44GR5YWo5ZOB44Od44Kk44Oz44OIM+WAjSEhIDg2NDDlhoYo56iO6L68KeS7peS4iuOBp+mAgeaWmeeEoeaWmSEh44CC44CQ44Oc44OI44Or44Kx44O844K4IEdQIOOCuOODvOODlOODvOOAkeOAjExlYXRoZXIgQm90dGxlIENhZ2Ug44Os44K244O844Oc44OI44Or44Kx44O844K444CN6Ieq6Lui6LuKIOODreODvOODieODkOOCpOOCryDjgq/jg63jgrnjg5DjgqTjgq8gTVRCIOODrOODvOOCueODnOODiOODqyDjg4njg6rjg7Pjgq/jg5zjg4jjg6sgR0laQSBQUk9EVUNUUyDjgq7jgrbjg5fjg63jg4Djgq/jg4TjgJBS44CR[rn]
2-78775,aHR0cDovL3RzaG9wLnIxMHMuanAvYmljeWNsZWxhYi9jYWJpbmV0L2J0YzFfOTkvY3liYzAwNjZfbW9iaWxlMDEuanBnP2ZpdGluPTcwMDo3MDA=,MzIwMC4wMDAw,,44K544Od44O844OE44O744Ki44Km44OI44OJ44KiID4g6Ieq6Lui6LuK44O744K144Kk44Kv44Oq44Oz44KwID4g6Ieq6Lui6LuK55So44Ki44Kv44K744K144Oq44O8ID4g44Oc44OI44Or44Kx44O844K4,44CQT0dLIEtBQlVUTyDjgqrjg7zjgrjjg7zjgrHjg7zjgqvjg5bjg4jjgJFb44Oc44OI44Or44Kx44O844K4IOiHqui7oui7il3jgIxSQy0xMSDjg5Xjg6vjgqvjg7zjg5zjg7Mg44Oc44OI44Or44Kx44O844K444CNW+ODrOODvOOCteODvOODnOODiOODq+WvvuW/nF0gW1JDLTExXSBbbm9dIOODreODvOODieODkOOCpOOCryDjgq/jg63jgrnjg5DjgqTjgq8gTVRCIOODhOODvOODq+OCseODvOOCuSDjg4njg6rjg7Pjgq/jg5vjg6vjg4Djg7w=,5LuK44Gg44GR5YWo5ZOB44Od44Kk44Oz44OIM+WAjSEhIDg2NDDlhoYo56iO6L68KeS7peS4iuOBp+mAgeaWmeeEoeaWmSEh,PGltZyBzcmM9Imh0dHA6Ly9pbWFnZS5yYWt1dGVuLmNvLmpwL2JpY3ljbGVsYWIvY2FiaW5ldC9vdGhlci9jYXJ0X2JvdHRsZWNhZ2UuZ2lmIiBib3JkZXI9IjAiPjxicj48YnI+PGJyPjxzdHlsZSBUWVBFPSJ0ZXh0L2NzcyI+CnRkLmludmVudG9yeSBmb250e2ZvbnQtc2l6ZToxMHB4O2xpbmUtaGVpZ2h0OjE1MCU7Y29sb3I6Izg4ODg4ODt9Cjwvc3R5bGU+,44CQT0dLIEtBQlVUTyDjgqrjg7zjgrjjg7zjgrHjg7zjgqvjg5bjg4jjgJFb44Oc44OI44Or44Kx44O844K4IOiHqui7oui7il3jgIxSQy0xMSDjg5Xjg6vjgqvjg7zjg5zjg7Mg44Oc44OI44Or44Kx44O844K444CNW+ODrOODvOOCteODvOODnOODiOODq+WvvuW/nF0gW1JDLTExXSBbbm9dIOODreODvOODieODkOOCpOOCryDjgq/jg63jgrnjg5DjgqTjgq8gTVRCIOODhOODvOODq+OCseODvOOCuSDjg4njg6rjg7Pjgq/jg5vjg6vjg4Djg7zvvJroh6rou6Lou4rjgarmr47ml6XjgIDjg5DjgqTjgrfjgq/jg6vjg6njg5w=,6Ieq6Lui6LuKIOODreODvOODieODkOOCpOOCryDjg57jgqbjg7Pjg4bjg7Pjg5DjgqTjgq8gTVRCIEJNWCDjgq/jg63jgrnjg5DjgqTjgq8g44K344OG44Kj44OQ44Kk44KvIOWwj+W+hOi7iuODmOODq+ODoeODg+ODiCDjgqvjgq4g44Ot44OD44KvIOODneODs+ODlyDjg6njgqTjg4gg44OE44O844OrIOOCsOODquODg+ODlyDjg5Djg7zjg4bjg7zjg5cg44Kw44Ot44O844OWIOOCv+OCpOODpCDjg4/jg7Pjg4njg6vjg5Djg7wg44OQ44O844Ko44Oz44OJIOOCueODhuODoCDjgrXjgqTjgq/jg6vjgrPjg7Pjg5Tjg6Xjg7zjgr8g44K144OJ44OrIOODmuODgOODqyDjg4jjg7zjgq/jg6rjg4Pjg5cg44Oc44OI44OrIOODnOODiOODq+OCseODvOOCuCDjg5Djg4PjgrAg44OQ44OD44Kv44OR44OD44KvIOOCreODo+ODquOCouODvCDjg5Xjgqfjg7Pjg4Djg7zovKrooYzooosg44OG44Oz44OIIOOCq+ODkOODvCDjg5njg5Pjg7zjgrfjg7zjg4gg44K544K/44Oz44OJIOOCteOCpOODieOCueOCv+ODs+ODiSDjg4Hjg6Xjg7zjg5Yg44Oq44Og44OG44O844OXIOODn+ODqeODvCDjg5njg6sg44OQ44Or44OW44Kt44Oj44OD44OXIOODkeODs+OCr+S/rueQhuOCreODg+ODiCDjgrHjgqIg44Kq44Kk44OrIOOCsOODquOCuSDjgqLjg7Pjg4Djg7zjgqbjgqfjgqLjg5jjg6vjg6Hjg4Pjg4ggTEFaRVIg44Os44O844K244O8IOODrOOCpOOCtuODvCBPR0sg44Kq44O844K444O844Kx44O8IOWkp+S6uueUqCDlrZDkvpvnlKgg6Ieq6Lui6LuKIOODreODvOODieODkOOCpOOCryDjg57jgqbjg7Pjg4bjg7Pjg5DjgqTjgq8gTVRCIEJNWCDjgq/jg63jgrnjg5DjgqTjgq8g44K344OG44Kj44OQ44Kk44KvIOWwj+W+hOi7iiDjgJBPR0sgS0FCVVRPIOOCquODvOOCuOODvOOCseODvOOCq+ODluODiOOAkVvjg5zjg4jjg6vjgrHjg7zjgrgg6Ieq6Lui6LuKXeOAjFJDLTExIOODleODq+OCq+ODvOODnOODsyDjg5zjg4jjg6vjgrHjg7zjgrjjgI1b44Os44O844K144O844Oc44OI44Or5a++5b+cXSBbUkMtMTFdIFtub10g44Ot44O844OJ44OQ44Kk44KvIOOCr+ODreOCueODkOOCpOOCryBNVEIg44OE44O844Or44Kx44O844K5IOODieODquODs+OCr+ODm+ODq+ODgOODvA==,5LuK44Gg44GR5YWo5ZOB44Od44Kk44Oz44OIM+WAjSEhIDg2NDDlhoYo56iO6L68KeS7peS4iuOBp+mAgeaWmeeEoeaWmSEh44CC44CQT0dLIEtBQlVUTyDjgqrjg7zjgrjjg7zjgrHjg7zjgqvjg5bjg4jjgJFb44Oc44OI44Or44Kx44O844K4IOiHqui7oui7il3jgIxSQy0xMSDjg5Xjg6vjgqvjg7zjg5zjg7Mg44Oc44OI44Or44Kx44O844K444CNW+ODrOODvOOCteODvOODnOODiOODq+WvvuW/nF0gW1JDLTExXSBbbm9dIOODreODvOODieODkOOCpOOCryDjgq/jg63jgrnjg5DjgqTjgq8gTVRCIOODhOODvOODq+OCseODvOOCuSDjg4njg6rjg7Pjgq/jg5vjg6vjg4Djg7w=[rn]
2-78776,aHR0cDovL3RzaG9wLnIxMHMuanAvYmljeWNsZWxhYi9jYWJpbmV0L2J0YzFfOTkvY3liYzAwNTlfbW9iaWxlMDEuanBnP2ZpdGluPTcwMDo3MDA=,MzkwNC4wMDAw,,44K544Od44O844OE44O744Ki44Km44OI44OJ44KiID4g6Ieq6Lui6LuK44O744K144Kk44Kv44Oq44Oz44KwID4g6Ieq6Lui6LuK55So44Ki44Kv44K744K144Oq44O8ID4g44Oc44OI44Or44Kx44O844K4,44CQVE9QRUFLIOODiOODlOODvOOCr+OAkVvjg5zjg4jjg6vjgrHjg7zjgrgg6Ieq6Lui6LuKXeOAjE5pbmphIFQgTW91bnRhaW4g44OL44Oz44K444OjIFQg44Oe44Km44Oz44OG44Oz44CNW01UQuWQkeOBkV0gW+ODi+ODs+OCuOODo+OCt+ODquODvOOCul0gW1RPTDM3MV0gW21hXSDjg4Tjg7zjg6sg44Kv44Ot44K544OQ44Kk44KvIE1UQg==,5LuK44Gg44GR5YWo5ZOB44Od44Kk44Oz44OIM+WAjSEhIDg2NDDlhoYo56iO6L68KeS7peS4iuOBp+mAgeaWmeeEoeaWmSEh,PGltZyBzcmM9Imh0dHA6Ly9pbWFnZS5yYWt1dGVuLmNvLmpwL2JpY3ljbGVsYWIvY2FiaW5ldC9vdGhlci9jYXJ0X2JvdHRsZWNhZ2UuZ2lmIiBib3JkZXI9IjAiPjxicj48YnI+PGJyPjxzdHlsZSBUWVBFPSJ0ZXh0L2NzcyI+CnRkLmludmVudG9yeSBmb250e2ZvbnQtc2l6ZToxMHB4O2xpbmUtaGVpZ2h0OjE1MCU7Y29sb3I6Izg4ODg4ODt9Cjwvc3R5bGU+,44CQVE9QRUFLIOODiOODlOODvOOCr+OAkVvjg5zjg4jjg6vjgrHjg7zjgrgg6Ieq6Lui6LuKXeOAjE5pbmphIFQgTW91bnRhaW4g44OL44Oz44K444OjIFQg44Oe44Km44Oz44OG44Oz44CNW01UQuWQkeOBkV0gW+ODi+ODs+OCuOODo+OCt+ODquODvOOCul0gW1RPTDM3MV0gW21hXSDjg4Tjg7zjg6sg44Kv44Ot44K544OQ44Kk44KvIE1UQu+8muiHqui7oui7iuOBquavjuaXpeOAgOODkOOCpOOCt+OCr+ODq+ODqeODnA==,6Ieq6Lui6LuKIOODreODvOODieODkOOCpOOCryDjg57jgqbjg7Pjg4bjg7Pjg5DjgqTjgq8gTVRCIEJNWCDjgq/jg63jgrnjg5DjgqTjgq8g44K344OG44Kj44OQ44Kk44KvIOWwj+W+hOi7iuODmOODq+ODoeODg+ODiCDjgqvjgq4g44Ot44OD44KvIOODneODs+ODlyDjg6njgqTjg4gg44OE44O844OrIOOCsOODquODg+ODlyDjg5Djg7zjg4bjg7zjg5cg44Kw44Ot44O844OWIOOCv+OCpOODpCDjg4/jg7Pjg4njg6vjg5Djg7wg44OQ44O844Ko44Oz44OJIOOCueODhuODoCDjgrXjgqTjgq/jg6vjgrPjg7Pjg5Tjg6Xjg7zjgr8g44K144OJ44OrIOODmuODgOODqyDjg4jjg7zjgq/jg6rjg4Pjg5cg44Oc44OI44OrIOODnOODiOODq+OCseODvOOCuCDjg5Djg4PjgrAg44OQ44OD44Kv44OR44OD44KvIOOCreODo+ODquOCouODvCDjg5Xjgqfjg7Pjg4Djg7zovKrooYzooosg44OG44Oz44OIIOOCq+ODkOODvCDjg5njg5Pjg7zjgrfjg7zjg4gg44K544K/44Oz44OJIOOCteOCpOODieOCueOCv+ODs+ODiSDjg4Hjg6Xjg7zjg5Yg44Oq44Og44OG44O844OXIOODn+ODqeODvCDjg5njg6sg44OQ44Or44OW44Kt44Oj44OD44OXIOODkeODs+OCr+S/rueQhuOCreODg+ODiCDjgrHjgqIg44Kq44Kk44OrIOOCsOODquOCuSDjgqLjg7Pjg4Djg7zjgqbjgqfjgqLjg5jjg6vjg6Hjg4Pjg4ggTEFaRVIg44Os44O844K244O8IOODrOOCpOOCtuODvCBPR0sg44Kq44O844K444O844Kx44O8IOWkp+S6uueUqCDlrZDkvpvnlKgg6Ieq6Lui6LuKIOODreODvOODieODkOOCpOOCryDjg57jgqbjg7Pjg4bjg7Pjg5DjgqTjgq8gTVRCIEJNWCDjgq/jg63jgrnjg5DjgqTjgq8g44K344OG44Kj44OQ44Kk44KvIOWwj+W+hOi7iiDjgJBUT1BFQUsg44OI44OU44O844Kv44CRW+ODnOODiOODq+OCseODvOOCuCDoh6rou6Lou4pd44CMTmluamEgVCBNb3VudGFpbiDjg4vjg7Pjgrjjg6MgVCDjg57jgqbjg7Pjg4bjg7PjgI1bTVRC5ZCR44GRXSBb44OL44Oz44K444Oj44K344Oq44O844K6XSBbVE9MMzcxXSBbbWFdIOODhOODvOODqyDjgq/jg63jgrnjg5DjgqTjgq8gTVRC,5LuK44Gg44GR5YWo5ZOB44Od44Kk44Oz44OIM+WAjSEhIDg2NDDlhoYo56iO6L68KeS7peS4iuOBp+mAgeaWmeeEoeaWmSEh44CC44CQVE9QRUFLIOODiOODlOODvOOCr+OAkVvjg5zjg4jjg6vjgrHjg7zjgrgg6Ieq6Lui6LuKXeOAjE5pbmphIFQgTW91bnRhaW4g44OL44Oz44K444OjIFQg44Oe44Km44Oz44OG44Oz44CNW01UQuWQkeOBkV0gW+ODi+ODs+OCuOODo+OCt+ODquODvOOCul0gW1RPTDM3MV0gW21hXSDjg4Tjg7zjg6sg44Kv44Ot44K544OQ44Kk44KvIE1UQg==[rn]
2-78777,aHR0cDovL3RzaG9wLnIxMHMuanAvbW9yaXRhLWdvbGYvY2FiaW5ldC8xNC9taTEyZ2wtZjM5bmFpbC5qcGc/Zml0aW49NzAwOjcwMA==,MTIxNi4wMDAw,,44K544Od44O844OE44O744Ki44Km44OI44OJ44KiID4g44K044Or44OVID4g44Kw44Ot44O844OW,RklUMzkg44K544OI44Os44OD44OB44Kw44Ot44O844OWIOODjeOCpOODq+OCt+ODquODvOOCuiDlt6bmiYvnlKgg5Y+z5omL55So77yI44Os44OH44Kj44O844K544Oi44OH44Or77yJ,RklUMzlHTE9WRSDjg6Hjg7zjg6vkvr/lr77lv5wg5aWz5oCn55So,PGltZyBzcmM9Imh0dHA6Ly9pbWFnZS5yYWt1dGVuLmNvLmpwL21vcml0YS1nb2xmL2NhYmluZXQva2FuYmFuMi9ob2xpZGF5LW1lc3MuZ2lmIj48YnI+PGJyPiA8IS0t5Zyo5bqr5YiH44KM44Gr6Zai44GZ44KL5rOo5oSP44GT44GT44GL44KJLS0+PHAgc3R5bGU9Im1hcmdpbjoxMHB4IGF1dG87Ij48aW1nIHNyYz0iaHR0cDovL2ltYWdlLnJha3V0ZW4uY28uanAvbW9yaXRhLWdvbGYvY2FiaW5ldC9rYW5iYW4vemFpa29fbWVzc2FnZS5naWYiIGFsdD0i5b2T5bqX44Gn44Gv5a6f5bqX6IiX44Go5Zyo5bqr44KS5YWx5pyJ44GX44Gm44GE44KL44Gf44KB44CB44K544Oa44OD44Kv44KE44GU5rOo5paH44Gu44K/44Kk44Of44Oz44Kw44Gr44KI44KK44CB57SN5ZOB44G+44Gn44Gr44GK5pmC6ZaT44KS6aCC44GP5aC05ZCI44GM44GU44GW44GE44G+44GZ44CCIj48L3A+PCEtLeWcqOW6q+WIh+OCjOOBq+mWouOBmeOCi+azqOaEj+OBk+OBk+OBvuOBpy0tPjxzdHlsZSB0eXBlPSJ0ZXh0L2NzcyI+CiNyYWt1dGVuTGltaXRlZElkX2hlYWRlcnsKZGlzcGxheTpub25lOwp9Cjwvc3R5bGU+,RklUMzkg44K544OI44Os44OD44OB44Kw44Ot44O844OWIOODjeOCpOODq+OCt+ODquODvOOCuiDlt6bmiYvnlKgg5Y+z5omL55So77yI44Os44OH44Kj44O844K544Oi44OH44Or77yJ77ya44Oi44Oq44K/44K044Or44OV,44Oi44Oq44K/44K044Or44OV44K044Or44OV44K044Or44OV55So5ZOB44K044Or44OV44Oc44O844Or44K044Or44OV44Kv44Op44OW44Kv44Op44OW44K744OD44OI44Ki44Kk44Ki44Oz44K744OD44OI44K044Or44OV44Kw44Ot44O844OW44Kt44Oj44OH44Kj44OQ44OD44Kw44K044Or44OV44OK44OT44OJ44Op44Kk44OQ44O844Km44Kn44OD44K444K044Or44OV44Km44Ko44Ki44K044Or44OV44K344Ol44O844K644OW44Oq44OC44K544OI44Oz44K544Oq44Kv44K944Oz44Kt44Oj44Ot44Km44Kn44Kk44K/44Kk44OI44Oq44K544OI5a6u5bSO5Lmd5beeRklUMzkg44K544OI44Os44OD44OB44Kw44Ot44O844OWIOODjeOCpOODq+OCt+ODquODvOOCuiDlt6bmiYvnlKgg5Y+z5omL55So77yI44Os44OH44Kj44O844K544Oi44OH44Or77yJ,RklUMzlHTE9WRSDjg6Hjg7zjg6vkvr/lr77lv5wg5aWz5oCn55So44CCRklUMzkg44K544OI44Os44OD44OB44Kw44Ot44O844OWIOODjeOCpOODq+OCt+ODquODvOOCuiDlt6bmiYvnlKgg5Y+z5omL55So77yI44Os44OH44Kj44O844K544Oi44OH44Or77yJ[rn]
2-78778,aHR0cDovL3RzaG9wLnIxMHMuanAvbW9yaXRhLWdvbGYvY2FiaW5ldC8xNC9taTEyZ2wtZjM5aHJ0LmpwZz9maXRpbj03MDA6NzAw,MTQwOC4wMDAw,,44K544Od44O844OE44O744Ki44Km44OI44OJ44KiID4g44K044Or44OVID4g44Kw44Ot44O844OW,RklUMzkg44K544OI44Os44OD44OB44Kw44Ot44O844OWIOODj+ODvOODiOOCt+ODquODvOOCuiDlt6bmiYvnlKgg5Y+z5omL55So77yI44Os44OH44Kj44O844K544Oi44OH44Or77yJ,RklUMzlHTE9WRSDjg6Hjg7zjg6vkvr/lr77lv5wg5aWz5oCn55So,PGltZyBzcmM9Imh0dHA6Ly9pbWFnZS5yYWt1dGVuLmNvLmpwL21vcml0YS1nb2xmL2NhYmluZXQva2FuYmFuMi9ob2xpZGF5LW1lc3MuZ2lmIj48YnI+PGJyPiA8IS0t5Zyo5bqr5YiH44KM44Gr6Zai44GZ44KL5rOo5oSP44GT44GT44GL44KJLS0+PHAgc3R5bGU9Im1hcmdpbjoxMHB4IGF1dG87Ij48aW1nIHNyYz0iaHR0cDovL2ltYWdlLnJha3V0ZW4uY28uanAvbW9yaXRhLWdvbGYvY2FiaW5ldC9rYW5iYW4vemFpa29fbWVzc2FnZS5naWYiIGFsdD0i5b2T5bqX44Gn44Gv5a6f5bqX6IiX44Go5Zyo5bqr44KS5YWx5pyJ44GX44Gm44GE44KL44Gf44KB44CB44K544Oa44OD44Kv44KE44GU5rOo5paH44Gu44K/44Kk44Of44Oz44Kw44Gr44KI44KK44CB57SN5ZOB44G+44Gn44Gr44GK5pmC6ZaT44KS6aCC44GP5aC05ZCI44GM44GU44GW44GE44G+44GZ44CCIj48L3A+PCEtLeWcqOW6q+WIh+OCjOOBq+mWouOBmeOCi+azqOaEj+OBk+OBk+OBvuOBpy0tPjxzdHlsZSB0eXBlPSJ0ZXh0L2NzcyI+CiNyYWt1dGVuTGltaXRlZElkX2hlYWRlcnsKZGlzcGxheTpub25lOwp9Cjwvc3R5bGU+,RklUMzkg44K544OI44Os44OD44OB44Kw44Ot44O844OWIOODj+ODvOODiOOCt+ODquODvOOCuiDlt6bmiYvnlKgg5Y+z5omL55So77yI44Os44OH44Kj44O844K544Oi44OH44Or77yJ77ya44Oi44Oq44K/44K044Or44OV,44Oi44Oq44K/44K044Or44OV44K044Or44OV44K044Or44OV55So5ZOB44K044Or44OV44Oc44O844Or44K044Or44OV44Kv44Op44OW44Kv44Op44OW44K744OD44OI44Ki44Kk44Ki44Oz44K744OD44OI44K044Or44OV44Kw44Ot44O844OW44Kt44Oj44OH44Kj44OQ44OD44Kw44K044Or44OV44OK44OT44OJ44Op44Kk44OQ44O844Km44Kn44OD44K444K044Or44OV44Km44Ko44Ki44K044Or44OV44K344Ol44O844K644OW44Oq44OC44K544OI44Oz44K544Oq44Kv44K944Oz44Kt44Oj44Ot44Km44Kn44Kk44K/44Kk44OI44Oq44K544OI5a6u5bSO5Lmd5beeRklUMzkg44K544OI44Os44OD44OB44Kw44Ot44O844OWIOODj+ODvOODiOOCt+ODquODvOOCuiDlt6bmiYvnlKgg5Y+z5omL55So77yI44Os44OH44Kj44O844K544Oi44OH44Or77yJ,RklUMzlHTE9WRSDjg6Hjg7zjg6vkvr/lr77lv5wg5aWz5oCn55So44CCRklUMzkg44K544OI44Os44OD44OB44Kw44Ot44O844OWIOODj+ODvOODiOOCt+ODquODvOOCuiDlt6bmiYvnlKgg5Y+z5omL55So77yI44Os44OH44Kj44O844K544Oi44OH44Or77yJ[rn]
2-78779,aHR0cDovL3RzaG9wLnIxMHMuanAvbW9yaXRhLWdvbGYvY2FiaW5ldC8xNC9taTEyZ2wtZjM5aHJubHIuanBnP2ZpdGluPTcwMDo3MDA=,MTIxNi4wMDAw,,44K544Od44O844OE44O744Ki44Km44OI44OJ44KiID4g44K044Or44OVID4g44Kw44Ot44O844OW,RklUMzkg44K544OI44Os44OD44OB44Kw44Ot44O844OWIOODj+ODvOODiOODjeOCpOODq+OCt+ODquODvOOCuiDlj7PmiYvnlKjvvIjjg6zjg4fjgqPjg7zjgrnjg6Ljg4fjg6vvvIk=,RklUMzlHTE9WRSDjg6Hjg7zjg6vkvr/lr77lv5wg5aWz5oCn55So,PGltZyBzcmM9Imh0dHA6Ly9pbWFnZS5yYWt1dGVuLmNvLmpwL21vcml0YS1nb2xmL2NhYmluZXQva2FuYmFuMi9ob2xpZGF5LW1lc3MuZ2lmIj48YnI+PGJyPiA8IS0t5Zyo5bqr5YiH44KM44Gr6Zai44GZ44KL5rOo5oSP44GT44GT44GL44KJLS0+PHAgc3R5bGU9Im1hcmdpbjoxMHB4IGF1dG87Ij48aW1nIHNyYz0iaHR0cDovL2ltYWdlLnJha3V0ZW4uY28uanAvbW9yaXRhLWdvbGYvY2FiaW5ldC9rYW5iYW4vemFpa29fbWVzc2FnZS5naWYiIGFsdD0i5b2T5bqX44Gn44Gv5a6f5bqX6IiX44Go5Zyo5bqr44KS5YWx5pyJ44GX44Gm44GE44KL44Gf44KB44CB44K544Oa44OD44Kv44KE44GU5rOo5paH44Gu44K/44Kk44Of44Oz44Kw44Gr44KI44KK44CB57SN5ZOB44G+44Gn44Gr44GK5pmC6ZaT44KS6aCC44GP5aC05ZCI44GM44GU44GW44GE44G+44GZ44CCIj48L3A+PCEtLeWcqOW6q+WIh+OCjOOBq+mWouOBmeOCi+azqOaEj+OBk+OBk+OBvuOBpy0tPjxzdHlsZSB0eXBlPSJ0ZXh0L2NzcyI+CiNyYWt1dGVuTGltaXRlZElkX2hlYWRlcnsKZGlzcGxheTpub25lOwp9Cjwvc3R5bGU+,RklUMzkg44K544OI44Os44OD44OB44Kw44Ot44O844OWIOODj+ODvOODiOODjeOCpOODq+OCt+ODquODvOOCuiDlj7PmiYvnlKjvvIjjg6zjg4fjgqPjg7zjgrnjg6Ljg4fjg6vvvInvvJrjg6Ljg6rjgr/jgrTjg6vjg5U=,44Oi44Oq44K/44K044Or44OV44K044Or44OV44K044Or44OV55So5ZOB44K044Or44OV44Oc44O844Or44K044Or44OV44Kv44Op44OW44Kv44Op44OW44K744OD44OI44Ki44Kk44Ki44Oz44K744OD44OI44K044Or44OV44Kw44Ot44O844OW44Kt44Oj44OH44Kj44OQ44OD44Kw44K044Or44OV44OK44OT44OJ44Op44Kk44OQ44O844Km44Kn44OD44K444K044Or44OV44Km44Ko44Ki44K044Or44OV44K344Ol44O844K644OW44Oq44OC44K544OI44Oz44K544Oq44Kv44K944Oz44Kt44Oj44Ot44Km44Kn44Kk44K/44Kk44OI44Oq44K544OI5a6u5bSO5Lmd5beeRklUMzkg44K544OI44Os44OD44OB44Kw44Ot44O844OWIOODj+ODvOODiOODjeOCpOODq+OCt+ODquODvOOCuiDlj7PmiYvnlKjvvIjjg6zjg4fjgqPjg7zjgrnjg6Ljg4fjg6vvvIk=,RklUMzlHTE9WRSDjg6Hjg7zjg6vkvr/lr77lv5wg5aWz5oCn55So44CCRklUMzkg44K544OI44Os44OD44OB44Kw44Ot44O844OWIOODj+ODvOODiOODjeOCpOODq+OCt+ODquODvOOCuiDlj7PmiYvnlKjvvIjjg6zjg4fjgqPjg7zjgrnjg6Ljg4fjg6vvvIk=[rn]
2-78780,aHR0cDovL3RzaG9wLnIxMHMuanAvbW9yaXRhLWdvbGYvY2FiaW5ldC8yMi9seDEzZ2wtc2JnbDM0MDQuanBnP2ZpdGluPTcwMDo3MDA=,NzYwLjgwMDA=,,44K544Od44O844OE44O744Ki44Km44OI44OJ44KiID4g44K044Or44OVID4g44Kw44Ot44O844OW,56aP5bKh44K944OV44OI44OQ44Oz44Kv44Ob44O844Kv44K5IOOCtOODq+ODleOCsOODreODvOODliBTQkdMLTM0MDQgMjAxNuW5tOe2mee2muODouODh+ODqw==,56aP5bKh44K944OV44OI44OQ44Oz44Kv44Ob44O844Kv44K544Kq44Oq44K444OK44Or44Kw44OD44K6IOODoeODvOODq+S+v+WvvuW/nA==,PGltZyBzcmM9Imh0dHA6Ly9pbWFnZS5yYWt1dGVuLmNvLmpwL21vcml0YS1nb2xmL2NhYmluZXQva2FuYmFuMi9ob2xpZGF5LW1lc3MuZ2lmIj48YnI+PGJyPjxzdHlsZSB0eXBlPSJ0ZXh0L2NzcyI+CiNyYWt1dGVuTGltaXRlZElkX2hlYWRlcnsKZGlzcGxheTpub25lOwp9Cjwvc3R5bGU+,56aP5bKh44K944OV44OI44OQ44Oz44Kv44Ob44O844Kv44K5IOOCtOODq+ODleOCsOODreODvOODliBTQkdMLTM0MDQgMjAxNuW5tOe2mee2muODouODh+ODq++8muODouODquOCv+OCtOODq+ODlQ==,44Oi44Oq44K/44K044Or44OV44K044Or44OV44K044Or44OV55So5ZOB44K044Or44OV44Oc44O844Or44K044Or44OV44Kv44Op44OW44Kv44Op44OW44K744OD44OI44Ki44Kk44Ki44Oz44K744OD44OI44K044Or44OV44Kw44Ot44O844OW44Kt44Oj44OH44Kj44OQ44OD44Kw44K044Or44OV44OK44OT44OJ44Op44Kk44OQ44O844Km44Kn44OD44K444K044Or44OV44Km44Ko44Ki44K044Or44OV44K344Ol44O844K644OW44Oq44OC44K544OI44Oz44K544Oq44Kv44K944Oz44Kt44Oj44Ot44Km44Kn44Kk44K/44Kk44OI44Oq44K544OI5a6u5bSO5Lmd5bee56aP5bKh44K944OV44OI44OQ44Oz44Kv44Ob44O844Kv44K5IOOCtOODq+ODleOCsOODreODvOODliBTQkdMLTM0MDQgMjAxNuW5tOe2mee2muODouODh+ODqw==,56aP5bKh44K944OV44OI44OQ44Oz44Kv44Ob44O844Kv44K544Kq44Oq44K444OK44Or44Kw44OD44K6IOODoeODvOODq+S+v+WvvuW/nOOAguemj+WyoeOCveODleODiOODkOODs+OCr+ODm+ODvOOCr+OCuSDjgrTjg6vjg5XjgrDjg63jg7zjg5YgU0JHTC0zNDA0IDIwMTblubTntpnntprjg6Ljg4fjg6s=[rn]
